Time,ParticipantID,DatasetID,TechniqueID,RepetitionID,mapPosx,mapPosy,mapPosz,mapRotaionx,mapRotationy,mapRotationz,markerHandPosx,markerHandPosy,markerHandPosz,reletivePosx,reletivePosy,reletivePosz,Lable
0,12,3,2,2,0.520089,1.014059,0.2695608,355.1867,73.36051,272.2359,0.5861347,1.058516,0.1788757,-4.310462,12.49987,4.764801,Start
0.0002288818,12,3,2,2,0.520089,1.014059,0.2695608,355.1867,73.36051,272.2359,0.5861347,1.058516,0.1788757,-4.310462,12.49987,4.764801,Nothing
0.009719849,12,3,2,2,0.5197575,1.012819,0.2739378,355.6666,72.41677,272.8575,0.5860394,1.058537,0.1789025,-4.357529,13.11692,4.406144,Nothing
0.0209198,12,3,2,2,0.5200036,1.012261,0.2743508,355.7868,72.2708,272.9019,0.5860457,1.058594,0.1789192,-4.431064,13.17025,4.327603,Nothing
0.03646851,12,3,2,2,0.5205398,1.011865,0.274166,355.8686,72.41388,272.9129,0.5860935,1.058667,0.178721,-4.492021,13.14871,4.301908,Nothing
0.04418945,12,3,2,2,0.5210073,1.011916,0.27332,355.8198,72.62809,272.8306,0.5861136,1.058674,0.1786714,-4.506004,13.02303,4.33202,Nothing
0.05180359,12,3,2,2,0.5211837,1.012128,0.2725067,355.7505,72.83113,272.7689,0.5861182,1.05867,0.1786342,-4.490966,12.9103,4.389071,Nothing
0.06175232,12,3,2,2,0.521389,1.012201,0.2718102,355.7105,73.00166,272.7266,0.5861578,1.058593,0.1786624,-4.481397,12.80766,4.435143,Nothing
0.07757568,12,3,2,2,0.5214419,1.013047,0.2699208,355.4354,73.50351,272.8558,0.5861664,1.058498,0.1787293,-4.321456,12.55507,4.620051,Nothing
0.09448242,12,3,2,2,0.5214032,1.014059,0.2682431,355.1215,74.0172,273.0845,0.5861407,1.058401,0.178785,-4.115626,12.33156,4.802816,Nothing
0.108963,12,3,2,2,0.5215687,1.01542,0.265642,354.7358,74.76997,273.2858,0.5861388,1.058282,0.1788311,-3.868991,11.9725,5.038755,Nothing
0.1198578,12,3,2,2,0.5214026,1.016734,0.2633975,354.3788,75.51359,273.5132,0.5861633,1.058105,0.1789022,-3.613391,11.65812,5.289658,Nothing
0.1387482,12,3,2,2,0.5208201,1.017573,0.2628032,354.0593,76.06466,274.2092,0.5861952,1.057985,0.1790142,-3.31871,11.57993,5.499865,Nothing
0.15448,12,3,2,2,0.5209111,1.017615,0.2611614,353.9002,76.9073,274.8803,0.5861934,1.057774,0.1791363,-3.140771,11.3355,5.708848,Nothing
0.1625977,12,3,2,2,0.521782,1.017877,0.2582892,353.7958,77.74278,274.9943,0.5860497,1.057619,0.1791027,-3.084391,10.91141,5.825324,Nothing
0.1781769,12,3,2,2,0.5222057,1.018868,0.256134,353.3843,78.65607,275.6741,0.5860375,1.057336,0.179212,-2.78195,10.57302,6.006228,Nothing
0.1956329,12,3,2,2,0.5216457,1.020369,0.2556534,352.8075,79.15498,276.4532,0.5860938,1.057159,0.179683,-2.378741,10.43579,6.198798,Nothing
0.2131195,12,3,2,2,0.5210544,1.021786,0.2540244,352.1599,79.86596,277.046,0.5858412,1.056693,0.1796982,-1.989594,10.17,6.404055,Nothing
0.22966,12,3,2,2,0.5200539,1.024145,0.2512487,351.2458,81.06699,277.8524,0.5856642,1.056258,0.1798224,-1.433631,9.691189,6.753345,Nothing
0.2447052,12,3,2,2,0.5192704,1.025727,0.2500526,350.6382,81.7086,278.3907,0.5853821,1.055784,0.1799595,-1.039528,9.441322,6.925752,Nothing
0.2667694,12,3,2,2,0.5187403,1.02654,0.2493245,350.2273,82.23325,279.0242,0.5851752,1.055519,0.1800267,-0.7642311,9.277218,7.053246,Nothing
0.2774506,12,3,2,2,0.5183498,1.027349,0.248456,349.8405,82.80177,279.6614,0.5849669,1.055302,0.1801201,-0.5056577,9.082017,7.169471,Nothing
0.2960663,12,3,2,2,0.518253,1.027579,0.2476644,349.6151,83.35065,280.3129,0.5848871,1.055134,0.1802122,-0.3420727,8.906874,7.265937,Nothing
0.304306,12,3,2,2,0.5182858,1.027709,0.247286,349.4906,83.62038,280.6324,0.5848544,1.05501,0.1802766,-0.25685,8.816292,7.30311,Nothing
0.3186951,12,3,2,2,0.51846,1.027882,0.2468096,349.2706,84.05373,281.3025,0.5847677,1.054812,0.1803076,-0.09946894,8.691705,7.342385,Nothing
0.3280792,12,3,2,2,0.5186277,1.02781,0.2468402,349.1895,84.19534,281.6573,0.584698,1.054725,0.1803666,-0.03952977,8.667293,7.338528,Nothing
0.3382263,12,3,2,2,0.5187387,1.027837,0.2467007,349.0776,84.38685,282.004,0.5846037,1.054628,0.1804262,0.03187971,8.61382,7.345951,Nothing
0.3548279,12,3,2,2,0.5192643,1.027568,0.2466312,348.9403,84.73318,282.6673,0.5842385,1.054331,0.1804592,0.1284729,8.548851,7.299088,Nothing
0.3702087,12,3,2,2,0.5199975,1.027216,0.2460308,348.8451,85.20216,283.2235,0.5837479,1.054187,0.1805646,0.1532966,8.406796,7.241043,Nothing
0.3859253,12,3,2,2,0.5209407,1.026685,0.2448043,348.6493,85.91207,283.9951,0.5830705,1.053774,0.1806791,0.2015893,8.158747,7.175441,Nothing
0.395874,12,3,2,2,0.521317,1.026507,0.2445456,348.5984,86.1105,284.2499,0.5827728,1.053676,0.1806959,0.2109826,8.102129,7.131214,Nothing
0.4173889,12,3,2,2,0.5226663,1.02598,0.2442731,348.4585,86.53676,284.9921,0.5818199,1.053631,0.1805556,0.2183238,8.040832,6.94293,Nothing
0.4285278,12,3,2,2,0.5231666,1.025726,0.2439368,348.4493,86.72559,285.1868,0.5815426,1.053607,0.1805645,0.1919668,7.985661,6.887474,Nothing
0.4448395,12,3,2,2,0.524107,1.025139,0.243178,348.4483,87.14471,285.5893,0.5809126,1.053691,0.1804355,0.1160945,7.886868,6.783195,Nothing
0.4613495,12,3,2,2,0.5252818,1.024485,0.2423995,348.517,87.54702,285.8775,0.5800686,1.05385,0.1801093,-0.004858948,7.820905,6.623988,Nothing
0.4772644,12,3,2,2,0.5267388,1.023613,0.2412097,348.6524,88.00815,286.0884,0.5793369,1.053991,0.1799602,-0.1877262,7.695568,6.455607,Nothing
0.4846497,12,3,2,2,0.52739,1.023167,0.240721,348.7268,88.20134,286.185,0.5790818,1.053983,0.1799257,-0.2670104,7.643482,6.384986,Nothing
0.4938507,12,3,2,2,0.5280204,1.022733,0.2403657,348.8028,88.35246,286.2791,0.5787041,1.054122,0.1798251,-0.3570479,7.623515,6.29926,Nothing
0.503418,12,3,2,2,0.5292376,1.021949,0.2396686,348.9249,88.64137,286.4592,0.5780175,1.054325,0.1796179,-0.5138661,7.582991,6.135468,Nothing
0.5103302,12,3,2,2,0.5297337,1.021686,0.2394259,348.9655,88.73335,286.5012,0.5776668,1.054487,0.1795438,-0.5836955,7.573721,6.057953,Nothing
0.5281677,12,3,2,2,0.5306294,1.021047,0.2388059,349.0753,88.94574,286.528,0.5769826,1.05474,0.1794949,-0.7431257,7.528399,5.918781,Nothing
0.5446472,12,3,2,2,0.5315496,1.020345,0.2385025,349.2236,89.00233,286.5151,0.5762608,1.05498,0.1794722,-0.9074006,7.533441,5.751394,Nothing
0.5519257,12,3,2,2,0.5320035,1.020017,0.2384073,349.2989,89.02452,286.5109,0.5757827,1.055066,0.1795037,-0.9848279,7.536795,5.652662,Nothing
0.5735321,12,3,2,2,0.5332858,1.019019,0.2377694,349.5464,89.16242,286.4124,0.5747569,1.055135,0.1799685,-1.22274,7.450865,5.415772,Nothing
0.5871582,12,3,2,2,0.5335072,1.018854,0.2374939,349.6208,89.21268,286.309,0.5744024,1.055117,0.180214,-1.28796,7.395288,5.355304,Nothing
0.5958557,12,3,2,2,0.5338627,1.018596,0.2372918,349.7072,89.23093,286.2247,0.5741175,1.055103,0.1804202,-1.359651,7.358975,5.284739,Nothing
0.6108246,12,3,2,2,0.5347994,1.017744,0.237286,350.0268,89.08752,285.9304,0.5734949,1.055112,0.1807157,-1.56101,7.371037,5.088483,Nothing
0.6187744,12,3,2,2,0.5353934,1.017181,0.2372924,350.2131,89.01257,285.771,0.5732951,1.055049,0.1809732,-1.675852,7.367249,4.98771,Nothing
0.6281281,12,3,2,2,0.536505,1.015535,0.2379639,350.7793,88.61833,285.3145,0.5727584,1.054867,0.1813347,-1.964985,7.47992,4.743605,Nothing
0.6436157,12,3,2,2,0.5379286,1.013123,0.239039,351.5653,88.02292,284.7529,0.5722303,1.054579,0.1817414,-2.351516,7.65843,4.429954,Nothing
0.6526184,12,3,2,2,0.5387702,1.01118,0.240469,352.2162,87.43508,284.3431,0.5719486,1.054438,0.1819267,-2.639363,7.88392,4.204782,Nothing
0.6618958,12,3,2,2,0.5392505,1.009921,0.2414295,352.6879,87.00755,283.9902,0.5716537,1.054269,0.1820975,-2.83428,8.020933,4.037677,Nothing
0.6777954,12,3,2,2,0.5404346,1.005913,0.245231,354.0354,85.51859,282.9116,0.5709445,1.05384,0.181959,-3.407274,8.603088,3.530724,Nothing
0.686615,12,3,2,2,0.5409789,1.004202,0.2467882,354.6204,84.8765,282.4117,0.5706032,1.053596,0.1819049,-3.656707,8.826948,3.288793,Nothing
0.7017212,12,3,2,2,0.5417946,1.00055,0.2501775,355.9218,83.41865,281.2143,0.5698647,1.052991,0.1819006,-4.203724,9.268813,2.764735,Nothing
0.7189026,12,3,2,2,0.5429025,0.9974117,0.2535468,357.1583,81.83372,279.8148,0.5689406,1.052353,0.1816594,-4.722718,9.664887,2.127549,Nothing
0.7464447,12,3,2,2,0.5438089,0.9929534,0.2592471,359.0539,78.97179,276.8241,0.5671698,1.050659,0.1812735,-5.536033,10.16391,1.044192,Nothing
0.7682037,12,3,2,2,0.5440334,0.9917956,0.261076,359.9322,77.25738,274.4172,0.5653692,1.04919,0.1807857,-5.919559,10.15505,0.3690275,Nothing
0.78479,12,3,2,2,0.5441282,0.9909249,0.2628301,0.4990899,76.05606,273.0424,0.5640562,1.04816,0.1804802,-6.132157,10.20755,-0.1166746,Nothing
0.8022156,12,3,2,2,0.5437673,0.9908605,0.265034,0.8548009,74.7832,271.9477,0.5628462,1.046975,0.1804024,-6.181319,10.31048,-0.5404248,Nothing
0.8192139,12,3,2,2,0.5432587,0.9913635,0.2667156,1.061892,73.61395,270.7733,0.5614851,1.045749,0.1803665,-6.179351,10.33152,-0.9178026,Nothing
0.8376617,12,3,2,2,0.5426054,0.9925124,0.2674124,1.12011,72.71661,269.5614,0.5601556,1.044526,0.1803107,-6.114515,10.24719,-1.180393,Nothing
0.8525391,12,3,2,2,0.5424606,0.9940717,0.2671295,1.019526,72.00332,268.4044,0.5586427,1.043198,0.1801385,-5.979237,10.05559,-1.439391,Nothing
0.8716888,12,3,2,2,0.5418038,0.9963855,0.2670067,0.8609334,70.9123,266.6979,0.5572159,1.041909,0.1801245,-5.853055,9.82874,-1.692206,Nothing
0.8943634,12,3,2,2,0.5414879,0.9984484,0.2662374,0.7026887,69.9616,265.1306,0.5544179,1.039448,0.180271,-5.57513,9.483127,-2.074346,Nothing
0.9017334,12,3,2,2,0.5412682,0.9990754,0.2657069,0.6769916,69.80686,264.7123,0.5537702,1.03886,0.1803183,-5.49576,9.369704,-2.120881,Nothing
0.9188232,12,3,2,2,0.5409656,1.000061,0.2647171,0.6491585,69.48434,263.9455,0.5526921,1.037701,0.1804356,-5.354832,9.158379,-2.210544,Nothing
0.934845,12,3,2,2,0.5405539,1.001397,0.2640531,0.5400233,69.23769,263.6827,0.551676,1.037172,0.1809613,-5.166473,8.994315,-2.258516,Nothing
0.9516449,12,3,2,2,0.5400676,1.003,0.2638634,0.3368413,68.91669,263.4095,0.5504103,1.036448,0.1810806,-4.938337,8.921535,-2.367189,Nothing
0.970932,12,3,2,2,0.5397007,1.005215,0.2627559,359.9575,68.87585,263.173,0.5491268,1.035358,0.1809135,-4.591487,8.803679,-2.40856,Nothing
0.9846649,12,3,2,2,0.5396117,1.007668,0.2597423,359.4665,69.38126,262.9899,0.5480886,1.034525,0.1810945,-4.214505,8.469755,-2.272374,Nothing
1.001999,12,3,2,2,0.5397045,1.010331,0.2568508,358.8941,69.92643,262.9534,0.5468811,1.033769,0.1810931,-3.803404,8.169291,-2.190212,Nothing
1.018051,12,3,2,2,0.5394516,1.015037,0.2518792,357.7875,71.05136,263.1821,0.5448959,1.032772,0.1808458,-3.082783,7.719247,-2.005406,Nothing
1.034698,12,3,2,2,0.5387114,1.019147,0.2476561,356.7071,72.327,263.8389,0.5436278,1.032457,0.1805742,-2.460485,7.396579,-1.734228,Nothing
1.057632,12,3,2,2,0.537439,1.023649,0.2440858,355.3792,73.66686,264.9586,0.5429004,1.032383,0.1804972,-1.768375,7.158257,-1.385575,Nothing
1.068726,12,3,2,2,0.5356293,1.028025,0.2415559,354.0607,74.78585,266.1712,0.5421393,1.032207,0.1803052,-1.073979,7.02661,-1.083932,Nothing
1.085434,12,3,2,2,0.5333305,1.032228,0.2399457,352.7415,75.82184,267.613,0.5415256,1.031931,0.1800412,-0.3561765,6.98938,-0.7816021,Nothing
1.10144,12,3,2,2,0.5306402,1.03608,0.2384955,351.4182,76.86965,269.0058,0.5408123,1.03171,0.1799067,0.3241707,6.921047,-0.4678924,Nothing
1.110443,12,3,2,2,0.5293941,1.0381,0.2374584,350.7433,77.44614,269.6547,0.5404436,1.031547,0.1797752,0.6792362,6.841514,-0.3242265,Nothing
1.118683,12,3,2,2,0.5282797,1.039742,0.2365192,350.1201,78.01635,270.205,0.5401104,1.031461,0.1796141,0.9694913,6.765797,-0.1932957,Nothing
1.126678,12,3,2,2,0.5259315,1.042978,0.2347808,348.8622,79.10925,271.2853,0.5394588,1.031294,0.1793169,1.546863,6.608006,0.0576238,Nothing
1.134644,12,3,2,2,0.524649,1.044608,0.2340246,348.2218,79.66604,271.8544,0.5392226,1.031283,0.1792587,1.83852,6.523348,0.197777,Nothing
1.144684,12,3,2,2,0.5235651,1.045618,0.2336731,347.6997,80.14045,272.4557,0.5389757,1.03124,0.1791249,2.060815,6.484224,0.3081006,Nothing
1.153778,12,3,2,2,0.5223225,1.046851,0.2333933,347.1242,80.59953,273.0499,0.5387647,1.031206,0.1790175,2.313081,6.446768,0.4273272,Nothing
1.160675,12,3,2,2,0.5212331,1.047522,0.2336984,346.6616,80.95176,273.8318,0.5385835,1.031217,0.1788639,2.514493,6.471165,0.52641,Nothing
1.177185,12,3,2,2,0.5192853,1.048893,0.2339832,345.7351,81.82843,275.4191,0.5386503,1.031486,0.1786292,2.911838,6.455898,0.7760089,Nothing
1.194107,12,3,2,2,0.5175136,1.050131,0.2344838,344.801,82.74403,277.2237,0.538947,1.031639,0.1785322,3.344321,6.409963,1.030788,Nothing
1.225983,12,3,2,2,0.514194,1.05363,0.2342969,342.8006,84.45161,280.1553,0.5395051,1.031773,0.1776433,4.270265,6.196549,1.440696,Nothing
1.234543,12,3,2,2,0.511312,1.056957,0.2334598,341.0771,85.64262,281.8107,0.5398032,1.032155,0.1775355,4.94877,5.857733,1.72498,Nothing
1.248596,12,3,2,2,0.5079053,1.060955,0.2319575,339.131,86.92004,283.1047,0.5401521,1.032347,0.1775271,5.696224,5.380589,1.999052,Nothing
1.264175,12,3,2,2,0.5050831,1.064333,0.230255,337.4206,88.09094,283.9724,0.5405223,1.032725,0.1775843,6.273019,4.898791,2.206821,Nothing
1.272308,12,3,2,2,0.5040056,1.065421,0.2298546,336.7743,88.5762,284.456,0.5411022,1.03265,0.178005,6.52223,4.663717,2.326161,Nothing
1.289368,12,3,2,2,0.503055,1.06638,0.2300477,335.8805,89.25607,285.5118,0.5415138,1.033025,0.1783581,6.774699,4.427223,2.428956,Nothing
1.323486,12,3,2,2,0.5030868,1.066564,0.2292916,335.3156,90.16543,286.434,0.5423236,1.033262,0.1791766,6.864964,4.046668,2.547718,Nothing
1.329132,12,3,2,2,0.502983,1.067858,0.2269528,334.19,91.8671,287.5596,0.5426749,1.032672,0.1804345,7.096691,3.275945,2.534134,Nothing
1.344925,12,3,2,2,0.5021812,1.069439,0.2253942,333.2444,92.95511,288.1738,0.542978,1.03194,0.1812473,7.373449,2.726069,2.507662,Nothing
1.366791,12,3,2,2,0.4997038,1.072664,0.2234596,331.4655,94.33229,288.9334,0.5434675,1.031237,0.182954,7.868312,1.867037,2.473412,Nothing
1.378342,12,3,2,2,0.4978777,1.074727,0.2221869,330.2796,95.17756,289.3631,0.5436009,1.030463,0.1835618,8.220454,1.350503,2.402595,Nothing
1.395477,12,3,2,2,0.4956389,1.076952,0.2213184,329.095,95.78079,289.7351,0.5432189,1.029885,0.1839773,8.576996,0.9269647,2.29085,Nothing
1.41095,12,3,2,2,0.4938222,1.078976,0.2204035,328.0544,96.48766,290.15,0.5432078,1.029065,0.1845397,8.909715,0.4591942,2.17418,Nothing
1.428864,12,3,2,2,0.4921775,1.080848,0.2191678,327.0989,97.29061,290.5035,0.5432882,1.028416,0.1851249,9.17534,-0.03885205,2.06301,Nothing
1.444366,12,3,2,2,0.4903086,1.083089,0.2176692,326.1171,98.27921,290.679,0.5436465,1.027934,0.186005,9.44543,-0.6205907,1.963029,Nothing
1.462616,12,3,2,2,0.4881439,1.08528,0.2160646,325.0268,99.25977,290.8538,0.5441138,1.027126,0.1866025,9.760526,-1.216567,1.842074,Nothing
1.477661,12,3,2,2,0.4856919,1.087347,0.2148952,323.9232,100.1496,291.111,0.5445247,1.026811,0.1872237,10.04088,-1.770392,1.758602,Nothing
1.493912,12,3,2,2,0.4827739,1.089253,0.2142364,322.7125,100.9848,291.501,0.544703,1.026636,0.1880092,10.31284,-2.316789,1.67829,Nothing
1.511047,12,3,2,2,0.4783335,1.092098,0.2144144,320.8151,101.9897,292.2892,0.5449499,1.026384,0.1890319,10.77045,-3.031559,1.522895,Nothing
1.5345,12,3,2,2,0.4736987,1.094401,0.2162448,318.8455,102.596,293.4573,0.5454332,1.026381,0.1902793,11.24195,-3.647064,1.42228,Nothing
1.544907,12,3,2,2,0.4720126,1.095134,0.2170074,318.1327,102.8027,293.8829,0.5455634,1.026446,0.1906464,11.40376,-3.851143,1.388113,Nothing
1.560898,12,3,2,2,0.4684356,1.096695,0.2182163,316.6707,103.3672,294.6106,0.5459674,1.026908,0.1912629,11.71131,-4.301392,1.341241,Nothing
1.577393,12,3,2,2,0.4642527,1.098361,0.2198172,315.0047,103.9697,295.426,0.5465226,1.027263,0.1915906,12.10948,-4.785533,1.281953,Nothing
1.594406,12,3,2,2,0.4604059,1.099432,0.2222384,313.4062,104.3334,296.4133,0.5469126,1.027637,0.1919597,12.47595,-5.166759,1.232882,Nothing
1.612045,12,3,2,2,0.4575257,1.099676,0.2255386,312.0093,104.3273,297.692,0.5472388,1.027985,0.1920937,12.79502,-5.373051,1.216329,Nothing
1.62796,12,3,2,2,0.454268,1.099226,0.2313877,310.1743,103.7355,300.032,0.5473384,1.028453,0.192268,13.21161,-5.498291,1.19253,Nothing
1.643555,12,3,2,2,0.45333,1.097613,0.236949,309.2995,102.6207,302.1595,0.5469837,1.028852,0.19236,13.43928,-5.279008,1.263099,Nothing
1.653152,12,3,2,2,0.4529896,1.096856,0.2396623,308.895,102.015,303.2424,0.546811,1.028996,0.1923859,13.55887,-5.167501,1.279282,Nothing
1.669388,12,3,2,2,0.4525764,1.095033,0.2449976,308.0978,100.8024,305.5197,0.546579,1.02919,0.1924236,13.77664,-4.965258,1.308678,Nothing
1.683975,12,3,2,2,0.45184,1.093049,0.2502078,307.2038,99.72913,307.8656,0.5463595,1.029415,0.1923899,14.00767,-4.840503,1.345646,Nothing
1.694,12,3,2,2,0.4515168,1.091911,0.2529351,306.7401,99.16932,309.093,0.546206,1.029397,0.1924023,14.13096,-4.777721,1.350143,Nothing
1.701523,12,3,2,2,0.4509937,1.091059,0.2553092,306.2328,98.71346,310.2534,0.546055,1.029436,0.1923781,14.25576,-4.774789,1.335563,Nothing
1.711151,12,3,2,2,0.4506036,1.090332,0.25789,305.7343,98.21527,311.4405,0.5459954,1.029377,0.1924074,14.40753,-4.768588,1.295749,Nothing
1.717682,12,3,2,2,0.4498716,1.089604,0.2601334,305.1646,97.78941,312.5834,0.5458559,1.029353,0.1924015,14.54939,-4.813859,1.258052,Nothing
1.726791,12,3,2,2,0.4490101,1.088967,0.2622092,304.5575,97.41794,313.6869,0.5456633,1.02931,0.1923845,14.68926,-4.888824,1.205265,Nothing
1.734238,12,3,2,2,0.448311,1.088264,0.2643445,303.9309,97.01304,314.8109,0.5455347,1.029171,0.1924721,14.82335,-4.963705,1.133458,Nothing
1.745682,12,3,2,2,0.4467795,1.087981,0.2662466,303.128,96.70483,315.8839,0.5453663,1.029076,0.192508,15.0034,-5.146563,1.034887,Nothing
1.751404,12,3,2,2,0.4455636,1.087385,0.2683556,302.4558,96.23018,317.0554,0.5452566,1.028991,0.1926656,15.16441,-5.280077,0.9689537,Nothing
1.763306,12,3,2,2,0.4427859,1.08653,0.2721429,300.9684,95.4235,319.2602,0.5449954,1.028747,0.19277,15.50093,-5.618773,0.7771192,Nothing
1.778534,12,3,2,2,0.4401966,1.085705,0.2752521,299.6198,94.70666,321.2242,0.5447914,1.02826,0.1928243,15.78941,-5.973874,0.5736534,Nothing
1.793533,12,3,2,2,0.4384686,1.084765,0.2779421,298.6509,94.00189,322.9308,0.5446948,1.027786,0.1930912,15.98823,-6.241621,0.4245363,Nothing
1.810394,12,3,2,2,0.4382099,1.083715,0.2800966,298.1623,93.24814,324.3124,0.5445762,1.027305,0.1935378,16.06851,-6.321729,0.3150094,Nothing
1.828171,12,3,2,2,0.4388552,1.082703,0.2814179,298.0286,92.7585,325.1184,0.5447822,1.026899,0.1940546,16.06449,-6.310496,0.2837358,Nothing
1.851807,12,3,2,2,0.4405178,1.081518,0.2822189,298.3199,92.41544,325.6403,0.5455125,1.026454,0.1951911,15.93381,-6.27591,0.3530618,Nothing
1.863235,12,3,2,2,0.4423035,1.081087,0.2821017,298.7233,92.3673,325.6192,0.5460314,1.026133,0.1959863,15.77804,-6.197424,0.3872007,Nothing
1.877213,12,3,2,2,0.4434012,1.081224,0.2817153,298.9737,92.43236,325.5038,0.5466791,1.025898,0.1968645,15.64656,-6.237083,0.3873586,Nothing
1.893478,12,3,2,2,0.4442701,1.081506,0.2808794,299.134,92.67941,325.1419,0.5473716,1.025659,0.1976382,15.51039,-6.306481,0.3788964,Nothing
1.902847,12,3,2,2,0.4440525,1.082134,0.2802598,299.0785,92.9168,324.9011,0.5476308,1.025553,0.1979569,15.47097,-6.432205,0.3332494,Nothing
1.9189,12,3,2,2,0.4439271,1.083131,0.2790269,298.994,93.44772,324.3726,0.5482672,1.025277,0.1986744,15.36863,-6.663032,0.2588662,Nothing
1.927811,12,3,2,2,0.4434775,1.08383,0.2783217,298.8618,93.77515,324.0378,0.5484471,1.025214,0.1989682,15.33498,-6.803083,0.2032506,Nothing
1.934341,12,3,2,2,0.4431251,1.084574,0.2773382,298.7291,94.21124,323.5609,0.5487375,1.025135,0.1992666,15.28221,-6.952249,0.1468366,Nothing
1.943573,12,3,2,2,0.4424762,1.085365,0.2764397,298.5749,94.61669,323.1297,0.5489723,1.025056,0.1995829,15.24885,-7.125112,0.08956186,Nothing
1.95105,12,3,2,2,0.4421914,1.086003,0.2754711,298.5047,94.994,322.6999,0.5492029,1.025002,0.1999207,15.1843,-7.257386,0.04742062,Nothing
1.961807,12,3,2,2,0.4420069,1.086558,0.27486,298.5002,95.21304,322.4315,0.5494188,1.024975,0.2001799,15.15009,-7.352992,0.0185073,Nothing
1.967529,12,3,2,2,0.4418033,1.087104,0.2742511,298.4735,95.44116,322.1677,0.5496311,1.0249,0.2004205,15.11887,-7.453737,-0.01940629,Nothing
1.979126,12,3,2,2,0.4416759,1.087492,0.2737443,298.4941,95.5517,321.973,0.5498213,1.024883,0.2006583,15.08999,-7.520772,-0.03509514,Nothing
2.002136,12,3,2,2,0.441423,1.088395,0.2727348,298.6648,95.72581,321.5294,0.5501915,1.025009,0.2012087,15.03731,-7.632241,-0.03267587,Nothing
2.010605,12,3,2,2,0.4410881,1.088971,0.2722044,298.7253,95.79695,321.2923,0.5502691,1.024981,0.2015091,15.02364,-7.702013,-0.05576487,Nothing
2.027863,12,3,2,2,0.4406872,1.089366,0.272235,298.7809,95.56648,321.348,0.5500278,1.02514,0.2014247,15.0713,-7.680382,-0.06869429,Nothing
2.043533,12,3,2,2,0.4401422,1.089581,0.2724103,298.7961,95.37538,321.374,0.5496766,1.025403,0.201418,15.11668,-7.646018,-0.05921503,Nothing
2.060623,12,3,2,2,0.439701,1.089644,0.2728274,298.8486,95.11961,321.5279,0.5493142,1.025473,0.2012509,15.18641,-7.596079,-0.0521967,Nothing
2.078186,12,3,2,2,0.4397683,1.089364,0.2734476,298.9747,94.73617,321.8413,0.5488741,1.025674,0.201138,15.21526,-7.477765,-0.01779575,Nothing
2.094772,12,3,2,2,0.4402078,1.088909,0.274376,299.1989,94.25517,322.2888,0.5484143,1.02591,0.2010649,15.23472,-7.311892,0.03518886,Nothing
2.110733,12,3,2,2,0.4410405,1.088129,0.2752824,299.5792,93.71074,322.7936,0.5478722,1.026243,0.200951,15.21486,-7.085149,0.1372498,Nothing
2.126633,12,3,2,2,0.4422291,1.087145,0.2768798,300.0605,92.8995,323.5461,0.547364,1.026573,0.2008996,15.22918,-6.784015,0.2441648,Nothing
2.135666,12,3,2,2,0.4432454,1.086258,0.2783059,300.4788,92.17568,324.2213,0.5468482,1.026885,0.2007103,15.25382,-6.503676,0.3304518,Nothing
2.151321,12,3,2,2,0.4430172,1.085967,0.2796148,300.5092,91.51308,324.8648,0.5465236,1.027011,0.2007535,15.34989,-6.411484,0.3253651,Nothing
2.160187,12,3,2,2,0.4424892,1.085574,0.2814462,300.4877,90.61384,325.7551,0.5458283,1.027353,0.2006632,15.49134,-6.267074,0.313772,Nothing
2.177414,12,3,2,2,0.440651,1.085561,0.2833618,300.0974,89.65309,326.8122,0.5451499,1.02766,0.2006525,15.71031,-6.286709,0.239512,Nothing
2.193787,12,3,2,2,0.4381225,1.085878,0.2854245,299.3977,88.64077,328.0725,0.544468,1.028032,0.200905,15.94799,-6.430193,0.09381556,Nothing
2.21254,12,3,2,2,0.4349898,1.086307,0.2875505,298.475,87.54893,329.5648,0.543882,1.028549,0.2013478,16.19156,-6.687095,-0.07671575,Nothing
2.218857,12,3,2,2,0.4333397,1.086599,0.2884205,297.9673,87.06413,330.2935,0.5435292,1.028841,0.2016005,16.2884,-6.844837,-0.1735979,Nothing
2.228867,12,3,2,2,0.432044,1.086718,0.2893831,297.5151,86.59637,331.0172,0.5431929,1.029165,0.2018609,16.36711,-6.961869,-0.2545309,Nothing
2.244095,12,3,2,2,0.4294727,1.086866,0.2921258,296.6077,85.07176,333.2043,0.5422552,1.030323,0.2028327,16.50037,-7.184541,-0.426848,Nothing
2.261551,12,3,2,2,0.4292066,1.086629,0.2937287,296.4191,83.98017,334.5488,0.5416676,1.031257,0.2036547,16.48342,-7.160829,-0.4693971,Nothing
2.276764,12,3,2,2,0.4284057,1.086641,0.294877,296.0916,83.21385,335.5057,0.5408512,1.032109,0.2046635,16.44057,-7.188052,-0.5304622,Nothing
2.294144,12,3,2,2,0.4270764,1.087153,0.2952594,295.6984,82.80571,336.0305,0.5399805,1.033036,0.2058877,16.34998,-7.301704,-0.5874558,Nothing
2.308578,12,3,2,2,0.4263098,1.087611,0.2953229,295.2791,82.564,336.4894,0.5390611,1.033875,0.2071167,16.18307,-7.403605,-0.6663443,Nothing
2.320206,12,3,2,2,0.4261086,1.087879,0.2953957,295.0849,82.50152,336.7597,0.5385315,1.034205,0.2077354,16.07983,-7.461312,-0.7228451,Nothing
2.326981,12,3,2,2,0.425974,1.087816,0.2956338,294.9222,82.33055,337.1306,0.5379477,1.034526,0.2083455,15.98032,-7.48382,-0.7540892,Nothing
2.345367,12,3,2,2,0.4256147,1.087952,0.2962709,294.479,81.92452,338.0902,0.5367194,1.035124,0.2094716,15.79253,-7.570975,-0.8794473,Nothing
2.359619,12,3,2,2,0.4246998,1.08806,0.2968387,293.7822,81.67053,338.9797,0.5356408,1.035887,0.2105549,15.6263,-7.726313,-0.9919767,Nothing
2.36998,12,3,2,2,0.424138,1.088189,0.2970935,293.4201,81.50288,339.4908,0.5351524,1.036307,0.2110525,15.54867,-7.825514,-1.05055,Nothing
2.376541,12,3,2,2,0.423257,1.088351,0.2976105,292.7799,81.09441,340.5214,0.5341758,1.037164,0.2119806,15.39316,-7.975518,-1.152755,Nothing
2.384445,12,3,2,2,0.4227131,1.088295,0.2979636,292.4318,80.83753,341.1155,0.5336708,1.03767,0.2123013,15.33613,-8.043329,-1.187955,Nothing
2.394257,12,3,2,2,0.4221475,1.088301,0.298288,292.1339,80.60342,341.63,0.533134,1.038225,0.2125167,15.29544,-8.09159,-1.211952,Nothing
2.402924,12,3,2,2,0.421835,1.088248,0.2985526,291.876,80.39684,342.127,0.5326757,1.038851,0.2126166,15.24933,-8.117585,-1.218302,Nothing
2.418472,12,3,2,2,0.4212284,1.088082,0.298949,291.4128,80.07624,342.9662,0.5316556,1.039997,0.2129272,15.13812,-8.154617,-1.218969,Nothing
2.425644,12,3,2,2,0.4211098,1.087994,0.2991017,291.2141,79.97844,343.2906,0.5311369,1.040629,0.2130037,15.08198,-8.140716,-1.207903,Nothing
2.434692,12,3,2,2,0.4209132,1.087938,0.2991975,291.019,79.90912,343.5667,0.530718,1.041302,0.2130342,15.03726,-8.138374,-1.184766,Nothing
2.442734,12,3,2,2,0.420782,1.087834,0.2992535,290.8379,79.88504,343.7999,0.5301622,1.041928,0.2131032,14.97516,-8.120349,-1.162458,Nothing
2.451447,12,3,2,2,0.4206523,1.087753,0.2993495,290.6844,79.88,344.0054,0.5295699,1.042528,0.2131602,14.9193,-8.095819,-1.13978,Nothing
2.466309,12,3,2,2,0.4206219,1.087686,0.299218,290.4205,79.99658,344.2563,0.5285415,1.043694,0.2133517,14.77133,-8.053942,-1.088921,Nothing
2.477585,12,3,2,2,0.4204769,1.087639,0.2993082,290.2817,79.99383,344.4164,0.527946,1.04417,0.2134255,14.72268,-8.026567,-1.078557,Nothing
2.494308,12,3,2,2,0.4197565,1.087682,0.2996367,289.9285,79.76575,344.9167,0.5268477,1.045246,0.2136599,14.66022,-8.012281,-1.069255,Nothing
2.501465,12,3,2,2,0.4192711,1.087612,0.2997192,289.7235,79.60828,345.1917,0.5263414,1.045763,0.213836,14.62366,-8.021352,-1.057547,Nothing
2.510345,12,3,2,2,0.4185724,1.08751,0.2999999,289.3593,79.30459,345.7335,0.5254537,1.046727,0.2141773,14.55855,-8.024428,-1.041438,Nothing
2.517609,12,3,2,2,0.4182093,1.087465,0.3002151,289.1918,79.08418,346.0501,0.5250975,1.047192,0.2144692,14.52875,-8.034705,-1.03312,Nothing
2.527405,12,3,2,2,0.4180878,1.087501,0.3004341,289.0979,78.91127,346.3245,0.5247618,1.047606,0.2148027,14.48605,-8.031568,-1.029325,Nothing
2.54422,12,3,2,2,0.4185159,1.087428,0.3005399,289.0571,78.93353,346.4788,0.5240766,1.048376,0.2156094,14.32712,-7.965938,-0.9794031,Nothing
2.560013,12,3,2,2,0.4187319,1.087243,0.3005929,288.9593,78.9817,346.5773,0.5233588,1.048998,0.2162712,14.19145,-7.905765,-0.9363732,Nothing
2.568817,12,3,2,2,0.4187144,1.087421,0.3005037,288.8837,79.0674,346.5567,0.5229931,1.049354,0.2165895,14.12212,-7.897161,-0.9354413,Nothing
2.576477,12,3,2,2,0.4187572,1.087369,0.3003125,288.7957,79.19611,346.5157,0.5226429,1.04957,0.2168983,14.03745,-7.889728,-0.9251012,Nothing
2.587555,12,3,2,2,0.4186929,1.087484,0.3002707,288.7252,79.15842,346.6625,0.5224506,1.049935,0.2171805,13.97909,-7.909023,-0.915969,Nothing
2.592957,12,3,2,2,0.4187643,1.087335,0.3003376,288.6567,79.07913,346.8308,0.5222443,1.050245,0.2174283,13.92954,-7.89459,-0.8923733,Nothing
2.602402,12,3,2,2,0.4187939,1.087271,0.3004912,288.5974,78.92848,347.098,0.5219496,1.050651,0.2176906,13.88101,-7.879476,-0.872698,Nothing
2.61528,12,3,2,2,0.4188868,1.087038,0.3007136,288.4678,78.72594,347.4933,0.5215526,1.051398,0.2181554,13.79544,-7.853327,-0.8179657,Nothing
2.627579,12,3,2,2,0.4193029,1.086766,0.3010982,288.4261,78.57537,347.8112,0.5212081,1.052161,0.2186431,13.71697,-7.785651,-0.7478727,Nothing
2.643631,12,3,2,2,0.4200477,1.086154,0.3015077,288.5632,78.31966,348.1859,0.5208598,1.052809,0.2190164,13.64319,-7.661457,-0.6403415,Nothing
2.651917,12,3,2,2,0.4202042,1.085919,0.3017223,288.5839,78.21738,348.3528,0.5206323,1.053119,0.219193,13.61617,-7.618076,-0.5973551,Nothing
2.668167,12,3,2,2,0.4207062,1.085531,0.3023899,288.6711,77.81725,348.8558,0.5201386,1.053686,0.2193237,13.60445,-7.488988,-0.5434107,Nothing
2.676193,12,3,2,2,0.4208816,1.085157,0.3026213,288.6783,77.68571,349.0539,0.5198446,1.053853,0.2193323,13.59347,-7.429355,-0.5101517,Nothing
2.684708,12,3,2,2,0.4210109,1.085046,0.3027629,288.6913,77.5588,349.2588,0.5194064,1.053986,0.2193416,13.56925,-7.377355,-0.5112173,Nothing
2.695572,12,3,2,2,0.4209902,1.084978,0.3028761,288.6657,77.48828,349.3932,0.519056,1.054098,0.2194127,13.54885,-7.351329,-0.5127289,Nothing
2.702484,12,3,2,2,0.4210812,1.084954,0.3030383,288.6559,77.42331,349.5108,0.5186148,1.054211,0.2194661,13.52851,-7.300802,-0.523935,Nothing
2.710648,12,3,2,2,0.4211861,1.084845,0.3031484,288.6517,77.36354,349.6204,0.5181406,1.054365,0.2194725,13.50521,-7.240372,-0.5214689,Nothing
2.717773,12,3,2,2,0.4214769,1.084795,0.3031125,288.6795,77.38416,349.6031,0.517651,1.054548,0.2195394,13.45771,-7.158065,-0.5172221,Nothing
2.726334,12,3,2,2,0.4217098,1.084576,0.3032935,288.7046,77.37471,349.6207,0.5172758,1.054586,0.2196306,13.43756,-7.085308,-0.5082531,Nothing
2.734467,12,3,2,2,0.4219666,1.084481,0.3032846,288.7216,77.38921,349.6087,0.5169342,1.054653,0.2196748,13.40401,-7.02166,-0.5081003,Nothing
2.744003,12,3,2,2,0.4221414,1.084409,0.303284,288.7528,77.35519,349.6733,0.5160254,1.054838,0.2197124,13.34609,-6.911956,-0.5161912,Nothing
2.760254,12,3,2,2,0.4219521,1.084345,0.3034029,288.7417,77.3744,349.6337,0.5153427,1.054824,0.2199121,13.31779,-6.858631,-0.5285931,Nothing
2.774353,12,3,2,2,0.4217631,1.084382,0.3034166,288.7556,77.36389,349.6277,0.5153741,1.054753,0.2202886,13.29123,-6.897392,-0.5279058,Nothing
2.785095,12,3,2,2,0.4219408,1.084195,0.3034247,288.8426,77.33001,349.6161,0.5151713,1.054696,0.2207826,13.22653,-6.866246,-0.5118786,Nothing
2.794678,12,3,2,2,0.4221068,1.084087,0.303467,288.9202,77.37953,349.5023,0.5150108,1.054577,0.2209964,13.2019,-6.826464,-0.50809,Nothing
2.803314,12,3,2,2,0.4222166,1.084082,0.3034911,288.9571,77.42718,349.4036,0.5150692,1.054533,0.221239,13.18299,-6.820356,-0.5033659,Nothing
2.818848,12,3,2,2,0.4224242,1.084038,0.3031944,288.9916,77.59982,349.146,0.5150924,1.054388,0.2217669,13.09875,-6.820797,-0.4976596,Nothing
2.827148,12,3,2,2,0.4223467,1.084176,0.3031253,288.9802,77.66519,349.0535,0.5150248,1.054328,0.2220072,13.07124,-6.835881,-0.5141364,Nothing
2.836136,12,3,2,2,0.4223402,1.084226,0.3030716,288.98,77.70112,348.9897,0.5151038,1.054116,0.2222706,13.04663,-6.861564,-0.5349068,Nothing
2.843109,12,3,2,2,0.4223799,1.084168,0.3029825,288.9897,77.75764,348.9296,0.5152816,1.053926,0.2225201,13.01848,-6.89414,-0.5364063,Nothing
2.855835,12,3,2,2,0.4226049,1.084131,0.3028818,289.0311,77.82995,348.8382,0.5153956,1.053904,0.2227748,12.97835,-6.893391,-0.524591,Nothing
2.869385,12,3,2,2,0.4229491,1.084131,0.3030168,289.1234,77.82383,348.807,0.515566,1.053666,0.2231955,12.94626,-6.890082,-0.5404742,Nothing
2.88121,12,3,2,2,0.4228237,1.084073,0.3031387,289.135,77.63795,348.9385,0.5157572,1.053574,0.22367,12.92776,-6.929307,-0.5396829,Nothing
2.894119,12,3,2,2,0.4224794,1.084154,0.3031531,289.056,77.49936,349.043,0.5158992,1.053559,0.2239268,12.9271,-6.98616,-0.5520291,Nothing
2.910004,12,3,2,2,0.4221259,1.08441,0.3029546,288.9817,77.46455,349.0755,0.5159566,1.053502,0.2240121,12.91731,-7.051208,-0.5833132,Nothing
2.917664,12,3,2,2,0.4223177,1.084404,0.3027466,289.026,77.53759,349.0177,0.5157944,1.053527,0.2240393,12.87484,-7.027922,-0.5791688,Nothing
2.932632,12,3,2,2,0.4228991,1.084529,0.3023062,289.1385,77.86292,348.6486,0.515746,1.053555,0.2241996,12.79158,-6.982224,-0.5690439,Nothing
2.94487,12,3,2,2,0.4235337,1.084635,0.3019077,289.2305,78.26283,348.2107,0.5155976,1.053635,0.2241231,12.73068,-6.906178,-0.5581936,Nothing
2.960114,12,3,2,2,0.4242021,1.084921,0.3012456,289.3256,78.74802,347.6622,0.5155071,1.053737,0.2241216,12.63971,-6.847306,-0.5557865,Nothing
2.967758,12,3,2,2,0.424543,1.084989,0.3009595,289.3758,78.9744,347.4058,0.5155162,1.05378,0.2241064,12.60184,-6.818091,-0.5465797,Nothing
2.977325,12,3,2,2,0.4249238,1.084937,0.3007768,289.4351,79.17655,347.1844,0.515474,1.053846,0.2240755,12.56984,-6.771753,-0.5262779,Nothing
2.993134,12,3,2,2,0.4257014,1.084733,0.3007715,289.5784,79.28938,347.0768,0.5154427,1.053949,0.2239729,12.54174,-6.67546,-0.493694,Nothing
3.000595,12,3,2,2,0.4260529,1.084583,0.3009484,289.6494,79.19173,347.2009,0.5154086,1.053928,0.2237847,12.5584,-6.622985,-0.4916652,Nothing
3.010437,12,3,2,2,0.4266639,1.084223,0.3012608,289.743,79.05253,347.3966,0.5153597,1.053945,0.2236043,12.57048,-6.535094,-0.4732551,Nothing
3.028976,12,3,2,2,0.4267438,1.083483,0.3022227,289.7382,78.4173,348.1396,0.515289,1.053871,0.2233793,12.66708,-6.47316,-0.4570404,Nothing
3.04332,12,3,2,2,0.4270095,1.082573,0.3030984,289.7896,77.85777,348.7566,0.5152501,1.053586,0.2232188,12.74799,-6.392701,-0.437556,Nothing
3.059937,12,3,2,2,0.4276985,1.082009,0.3037243,289.9457,77.53529,349.1048,0.5152074,1.053336,0.2230774,12.78944,-6.284106,-0.4359108,Nothing
3.069,12,3,2,2,0.4280363,1.08182,0.30379,290.0002,77.52036,349.1144,0.5151639,1.053204,0.2230991,12.77712,-6.241173,-0.4377886,Nothing
3.08345,12,3,2,2,0.4284713,1.081477,0.3040425,290.0989,77.44498,349.2183,0.5152887,1.052884,0.2231723,12.77861,-6.209324,-0.4393471,Nothing
3.093872,12,3,2,2,0.428715,1.081377,0.3040788,290.1367,77.4476,349.2259,0.5153745,1.052588,0.2231331,12.78007,-6.200382,-0.4618148,Nothing
3.109589,12,3,2,2,0.4288264,1.081384,0.3039975,290.1375,77.4296,349.2784,0.5153826,1.052012,0.2230372,12.77745,-6.220345,-0.5308614,Nothing
3.117859,12,3,2,2,0.4289012,1.081407,0.304022,290.1368,77.40083,349.3236,0.51529,1.052052,0.2227609,12.80004,-6.193556,-0.5402139,Nothing
3.126038,12,3,2,2,0.4289076,1.08145,0.3040037,290.1277,77.40436,349.3295,0.5152427,1.051773,0.2227757,12.79548,-6.204341,-0.5784208,Nothing
3.134323,12,3,2,2,0.42896,1.081482,0.3039896,290.1218,77.39559,349.3459,0.5153005,1.051236,0.2227774,12.79731,-6.229751,-0.641716,Nothing
3.143188,12,3,2,2,0.4289496,1.081614,0.3038012,290.0843,77.44005,349.3173,0.5153402,1.050769,0.2227183,12.7888,-6.266574,-0.7067623,Nothing
3.151749,12,3,2,2,0.4289705,1.081703,0.3035824,290.0513,77.54585,349.2089,0.5153735,1.050332,0.2227865,12.76383,-6.298706,-0.7590179,Nothing
3.168381,12,3,2,2,0.4288931,1.082272,0.3030679,290.0034,77.88776,348.8571,0.5155981,1.049595,0.2229263,12.7219,-6.401428,-0.8686456,Nothing
3.177811,12,3,2,2,0.4290413,1.082474,0.3027386,290.0174,78.12137,348.6185,0.5157148,1.049338,0.222953,12.68927,-6.427783,-0.8993257,SelectionStart
3.177841,12,3,2,2,0.4290413,1.082474,0.3027386,290.0174,78.12137,348.6185,0.5157148,1.049338,0.222953,12.68927,-6.427783,-0.8993257,Selecting
3.18692,12,3,2,2,0.4292037,1.082667,0.3025284,290.0684,78.33727,348.3908,0.5155478,1.048853,0.2230628,12.64977,-6.430645,-0.9616229,Selecting
3.202255,12,3,2,2,0.4295355,1.08299,0.3021042,290.1494,78.63329,348.0604,0.5155722,1.04777,0.2235491,12.55786,-6.485127,-1.08796,Selecting
3.210175,12,3,2,2,0.429736,1.083029,0.301832,290.1667,78.76302,347.913,0.5154916,1.047551,0.2234644,12.53117,-6.470063,-1.114596,Selecting
3.217712,12,3,2,2,0.4297897,1.083154,0.3016558,290.1742,78.86485,347.8018,0.5155737,1.047174,0.2235612,12.50988,-6.501458,-1.158487,Selecting
3.228485,12,3,2,2,0.4294743,1.083244,0.3016266,290.139,78.82899,347.8579,0.5155181,1.046828,0.2235928,12.51568,-6.551519,-1.203242,Selecting
3.249466,12,3,2,2,0.4290263,1.083305,0.3016357,290.0917,78.64661,348.0381,0.5151817,1.045889,0.2233727,12.55101,-6.592854,-1.329468,Selecting
3.261932,12,3,2,2,0.4288995,1.083336,0.3017624,290.0885,78.51849,348.1458,0.5148334,1.045192,0.2231463,12.58538,-6.580747,-1.429465,Selecting
3.276733,12,3,2,2,0.4285063,1.083415,0.3019367,290.0564,78.33214,348.2871,0.5145063,1.044635,0.2230235,12.62747,-6.591009,-1.516051,Selecting
3.293823,12,3,2,2,0.4283859,1.083427,0.3019973,290.0536,78.17338,348.3931,0.5140833,1.044006,0.2230046,12.63109,-6.572965,-1.609656,Selecting
3.301559,12,3,2,2,0.4282684,1.083357,0.3020063,290.0497,78.09818,348.4552,0.5139123,1.043667,0.2228774,12.64567,-6.570156,-1.647865,Selecting
3.310165,12,3,2,2,0.4282995,1.08333,0.302023,290.0797,78.07745,348.4471,0.5137699,1.043411,0.2229109,12.64102,-6.557314,-1.676174,Selecting
3.328217,12,3,2,2,0.4280661,1.083777,0.3017524,290.0693,78.25967,348.2203,0.5136343,1.042728,0.2229043,12.63447,-6.61026,-1.783445,Selecting
3.344391,12,3,2,2,0.4280706,1.084082,0.3015685,290.1068,78.36976,348.0555,0.5133679,1.04205,0.2228977,12.61989,-6.617058,-1.886974,Selecting
3.360168,12,3,2,2,0.4280499,1.084243,0.3013105,290.144,78.52115,347.8375,0.5129811,1.041345,0.2228893,12.5946,-6.609885,-1.978152,Selecting
3.376297,12,3,2,2,0.4278981,1.084483,0.3009904,290.1418,78.69221,347.6208,0.5123925,1.040627,0.2228052,12.56623,-6.601701,-2.08737,Selecting
3.384827,12,3,2,2,0.4278511,1.084702,0.3007564,290.1479,78.81331,347.4595,0.5118051,1.039875,0.2227359,12.5396,-6.582718,-2.20464,Selecting
3.402435,12,3,2,2,0.4280176,1.08486,0.3005208,290.1733,78.93486,347.3063,0.5110787,1.039078,0.2225526,12.50818,-6.525496,-2.331899,Selecting
3.411087,12,3,2,2,0.4281505,1.084889,0.3003728,290.1893,79.00249,347.2183,0.5106673,1.038742,0.2225132,12.47899,-6.485568,-2.385553,Selecting
3.420029,12,3,2,2,0.4281177,1.0849,0.3002269,290.1878,79.05573,347.1537,0.5102545,1.038385,0.2223909,12.46487,-6.459774,-2.437426,Selecting
3.435608,12,3,2,2,0.4280257,1.085047,0.300122,290.2267,79.08646,347.0913,0.509515,1.0377,0.2221672,12.46019,-6.416657,-2.54669,Selecting
3.443604,12,3,2,2,0.4281043,1.085087,0.3001196,290.2533,79.09768,347.0576,0.5091436,1.037368,0.222087,12.45442,-6.378954,-2.6008,Selecting
3.451492,12,3,2,2,0.4279898,1.085133,0.3000973,290.2624,79.12713,347.004,0.5087147,1.037068,0.2219482,12.45912,-6.350532,-2.648612,Selecting
3.459915,12,3,2,2,0.4281024,1.085138,0.3000637,290.2976,79.19295,346.8969,0.5081984,1.036811,0.2217012,12.46206,-6.279917,-2.694005,Selecting
3.467636,12,3,2,2,0.428194,1.085199,0.3000219,290.3224,79.21558,346.8357,0.5077366,1.036514,0.2214807,12.46416,-6.223086,-2.751048,Selecting
3.476318,12,3,2,2,0.4284358,1.085195,0.300053,290.4011,79.24918,346.7646,0.5072053,1.036228,0.2212548,12.46458,-6.140471,-2.800256,Selecting
3.484543,12,3,2,2,0.4285151,1.085143,0.3000741,290.4501,79.29262,346.6784,0.5066946,1.035951,0.2210408,12.47091,-6.07219,-2.839808,Selecting
3.493835,12,3,2,2,0.4287347,1.085035,0.3001245,290.5342,79.26389,346.6707,0.5061162,1.035677,0.2207361,12.47793,-5.979756,-2.881533,Selecting
3.501221,12,3,2,2,0.4289044,1.084944,0.3001875,290.6,79.2451,346.6449,0.5055383,1.03541,0.2204456,12.48796,-5.890199,-2.924927,Selecting
3.510864,12,3,2,2,0.4291072,1.084707,0.30034,290.7152,79.22417,346.5722,0.5043315,1.034885,0.2199561,12.50469,-5.717978,-3.002226,Selecting
3.526688,12,3,2,2,0.4294402,1.084506,0.3004605,290.8438,79.16207,346.5516,0.5029545,1.034365,0.2193966,12.50954,-5.519786,-3.097064,Selecting
3.54361,12,3,2,2,0.4297167,1.084358,0.3005164,290.9282,79.17272,346.4857,0.501636,1.033884,0.2188184,12.51317,-5.338315,-3.190538,Selecting
3.557312,12,3,2,2,0.4297981,1.084335,0.3005855,290.9454,79.1278,346.5273,0.500978,1.03362,0.2185643,12.5151,-5.261038,-3.250051,Selecting
3.569122,12,3,2,2,0.4299488,1.084208,0.3006926,290.9753,79.07394,346.5618,0.4995854,1.033111,0.2180742,12.5117,-5.094762,-3.358971,Selecting
3.576736,12,3,2,2,0.4299173,1.084215,0.3006818,290.9782,79.05003,346.5896,0.4988645,1.032848,0.2178377,12.5055,-5.028615,-3.419597,Selecting
3.594528,12,3,2,2,0.4298315,1.084422,0.3006613,290.9565,79.0632,346.5982,0.4975069,1.032276,0.2174303,12.49354,-4.919789,-3.56144,Selecting
3.609894,12,3,2,2,0.4297037,1.084521,0.3006891,290.9333,79.01611,346.6395,0.4962245,1.031694,0.2170457,12.48944,-4.812347,-3.692255,Selecting
3.618881,12,3,2,2,0.4295745,1.084548,0.3005943,290.9232,78.98685,346.6529,0.4955378,1.031402,0.2168533,12.47743,-4.762139,-3.753868,Selecting
3.625931,12,3,2,2,0.4295078,1.084725,0.300496,290.9239,79.01475,346.6223,0.4948612,1.031035,0.2166131,12.47057,-4.716241,-3.837127,Selecting
3.634979,12,3,2,2,0.4295213,1.084749,0.3003301,290.9297,79.02296,346.6132,0.4934132,1.030381,0.2161779,12.4385,-4.586807,-3.971423,Selecting
3.652664,12,3,2,2,0.4296041,1.084982,0.3000836,290.9735,79.12948,346.4731,0.4919243,1.029675,0.2156362,12.41275,-4.44949,-4.127246,Selecting
3.669113,12,3,2,2,0.429731,1.085307,0.2997091,291.0048,79.34904,346.1719,0.4908605,1.029063,0.2152831,12.378,-4.351015,-4.258671,Selecting
3.684769,12,3,2,2,0.4297822,1.08545,0.2992783,291.031,79.5602,345.8849,0.4893482,1.028434,0.2149325,12.31733,-4.213164,-4.388514,Selecting
3.693619,12,3,2,2,0.4298691,1.085608,0.2990585,291.0619,79.67719,345.7267,0.4888301,1.028121,0.2147483,12.29751,-4.165289,-4.452464,Selecting
3.701355,12,3,2,2,0.4300074,1.085657,0.2989312,291.1079,79.75349,345.6168,0.4881684,1.027867,0.2145762,12.27387,-4.091389,-4.50785,Selecting
3.715103,12,3,2,2,0.4300126,1.085861,0.2988295,291.1693,79.83837,345.4962,0.486861,1.027311,0.2142689,12.24894,-3.978699,-4.632899,Selecting
3.727402,12,3,2,2,0.4298734,1.085833,0.2988123,291.1016,79.74307,345.6298,0.4863319,1.027107,0.2141106,12.24041,-3.945773,-4.683886,Selecting
3.734055,12,3,2,2,0.4296707,1.085983,0.2989101,291.0533,79.67896,345.6999,0.4855669,1.027198,0.2138957,12.2445,-3.876853,-4.725924,Selecting
3.745789,12,3,2,2,0.4293478,1.086017,0.2989897,290.9925,79.59837,345.7882,0.4846433,1.02691,0.2134847,12.26746,-3.806098,-4.802016,Selecting
3.761383,12,3,2,2,0.4289825,1.086038,0.2990291,290.9214,79.49317,345.9038,0.4836764,1.026728,0.2132075,12.26943,-3.738809,-4.866684,Selecting
3.941254,12,3,2,2,0.4288146,1.086268,0.2989686,290.9269,79.5414,345.821,0.4828159,1.026514,0.2128519,12.27693,-3.666502,-4.941512,SelectionEnd
4.089813,12,3,2,2,0.4288146,1.086268,0.2989686,290.9269,79.5414,345.821,0.4828159,1.026514,0.2128519,12.27693,-3.666502,-4.941512,GotSelection
4.128403,12,3,2,2,0.434394,1.092414,0.2861937,294.0316,87.14558,334.6196,0.4868072,1.028774,0.2076895,12.02736,-3.337901,-4.472024,Nothing
4.144424,12,3,2,2,0.4353744,1.092876,0.2849433,294.5383,87.77228,333.4826,0.4875457,1.028643,0.2071515,12.02233,-3.288123,-4.430124,Nothing
4.153259,12,3,2,2,0.4357961,1.092848,0.2846145,294.7705,87.91149,333.1427,0.4877432,1.028671,0.2068828,12.02758,-3.237429,-4.391735,Nothing
4.16983,12,3,2,2,0.4361196,1.093132,0.2839755,295.0626,88.20667,332.4927,0.4880366,1.028836,0.2063826,12.05459,-3.182828,-4.342943,Nothing
4.185974,12,3,2,2,0.4360754,1.093497,0.2835454,295.2562,88.38519,332.0197,0.4882587,1.028932,0.2056007,12.13948,-3.143526,-4.317935,Nothing
4.202728,12,3,2,2,0.4358884,1.093778,0.2833545,295.3371,88.40984,331.8636,0.4884901,1.028795,0.2052197,12.20139,-3.165785,-4.327674,Nothing
4.218109,12,3,2,2,0.4355882,1.093943,0.2832193,295.3818,88.45683,331.7351,0.4886936,1.028633,0.2048447,12.26753,-3.196166,-4.32731,Nothing
4.228043,12,3,2,2,0.4354412,1.09398,0.2831414,295.3941,88.4815,331.6859,0.4887315,1.028475,0.2047758,12.28364,-3.216832,-4.335141,Nothing
4.244217,12,3,2,2,0.4351538,1.0942,0.2829412,295.4151,88.57449,331.528,0.488703,1.02824,0.2042298,12.35062,-3.224519,-4.360826,Nothing
4.254013,12,3,2,2,0.4351236,1.094369,0.2827812,295.4919,88.69979,331.3219,0.4887798,1.028051,0.2037307,12.41072,-3.213441,-4.372992,Nothing
4.269547,12,3,2,2,0.4352508,1.094616,0.2822254,295.6555,88.97259,330.9176,0.4889208,1.027783,0.2032103,12.44317,-3.211723,-4.382068,Nothing
4.285065,12,3,2,2,0.4356048,1.094759,0.2817019,295.915,89.23733,330.4127,0.4890785,1.027614,0.2027063,12.47074,-3.163857,-4.365741,Nothing
4.29866,12,3,2,2,0.4361834,1.094649,0.2812839,296.216,89.36217,330.0552,0.4892024,1.027622,0.2025365,12.44696,-3.096631,-4.320795,Nothing
4.310791,12,3,2,2,0.4370282,1.09465,0.2808994,296.6942,89.52731,329.4539,0.4894558,1.027531,0.2020471,12.47508,-2.971165,-4.27502,Nothing
4.327179,12,3,2,2,0.4380468,1.094436,0.2804496,297.3488,89.61417,328.6966,0.4898949,1.027286,0.2013661,12.52922,-2.798929,-4.200933,Nothing
4.344177,12,3,2,2,0.439269,1.094126,0.2800917,298.0946,89.64465,327.807,0.4902363,1.027247,0.2008129,12.56207,-2.554099,-4.103074,Nothing
4.361908,12,3,2,2,0.4402118,1.093892,0.2795512,298.8645,89.68705,326.8274,0.4902917,1.027217,0.2002351,12.58062,-2.304374,-4.009444,Nothing
4.37738,12,3,2,2,0.4412989,1.093624,0.2790212,299.6631,89.74992,325.8772,0.4907065,1.027089,0.1993782,12.6361,-2.067533,-3.905811,Nothing
4.394928,12,3,2,2,0.4433461,1.093079,0.278053,300.94,89.9663,324.3361,0.491113,1.026734,0.1982989,12.64484,-1.683144,-3.770087,Nothing
4.411667,12,3,2,2,0.4448884,1.092725,0.2768688,301.919,90.36335,322.9887,0.4914587,1.026811,0.1974663,12.60149,-1.410885,-3.617381,Nothing
4.427292,12,3,2,2,0.4467138,1.092258,0.2760214,302.9816,90.48726,321.8011,0.4918586,1.026997,0.1967061,12.55092,-1.08479,-3.470973,Nothing
4.443756,12,3,2,2,0.4484842,1.091693,0.2754068,304.1275,90.43175,320.616,0.4924227,1.027329,0.1960733,12.50442,-0.7310913,-3.295313,Nothing
4.467224,12,3,2,2,0.4508556,1.091006,0.2739098,305.9367,90.48492,318.3893,0.4935601,1.027935,0.1951163,12.4083,-0.2152793,-2.983087,Nothing
4.477875,12,3,2,2,0.4516586,1.09081,0.2731297,306.5779,90.57249,317.5178,0.493899,1.028117,0.1947227,12.35412,-0.04262892,-2.877687,Nothing
4.494064,12,3,2,2,0.4536646,1.090084,0.2717231,307.911,90.63669,315.9665,0.4947487,1.028336,0.193981,12.22133,0.3083607,-2.672245,Nothing
4.509995,12,3,2,2,0.4572291,1.088763,0.2700541,310.1696,90.52573,313.7339,0.4959676,1.028919,0.1930474,11.95628,0.9154363,-2.36264,Nothing
4.526428,12,3,2,2,0.4603302,1.087442,0.2686197,311.8559,90.49278,312.0944,0.497099,1.029168,0.1925322,11.68486,1.336229,-2.146909,Nothing
4.533951,12,3,2,2,0.4617611,1.086802,0.2679062,312.6805,90.47235,311.2775,0.4976355,1.02927,0.1922823,11.54963,1.535003,-2.044257,Nothing
4.543503,12,3,2,2,0.4633541,1.086143,0.2668788,313.5738,90.54287,310.3303,0.4981383,1.02937,0.1920592,11.37198,1.725479,-1.941206,Nothing
4.551056,12,3,2,2,0.4651299,1.085627,0.2659982,314.4723,90.58331,309.3947,0.4986539,1.029401,0.1919371,11.19561,1.915244,-1.87629,Nothing
4.561432,12,3,2,2,0.4666148,1.08496,0.2653223,315.3754,90.49425,308.5374,0.4991334,1.029454,0.1916987,11.04221,2.124974,-1.793023,Nothing
4.576813,12,3,2,2,0.4690301,1.083516,0.2643433,317.0896,90.09879,306.9355,0.5000994,1.02958,0.1912355,10.76762,2.549635,-1.615912,Nothing
4.593307,12,3,2,2,0.4714394,1.081967,0.2633628,318.7517,89.72127,305.3482,0.5010731,1.029597,0.1907653,10.47577,2.956165,-1.457508,Nothing
4.610092,12,3,2,2,0.4734154,1.080469,0.2629403,320.3482,89.15594,303.9453,0.502077,1.029714,0.1904444,10.21846,3.357934,-1.298025,Nothing
4.636108,12,3,2,2,0.4772947,1.077459,0.2618887,323.3517,88.18419,301.2737,0.5041241,1.030129,0.1900174,9.632714,4.053883,-0.9973906,Nothing
4.645096,12,3,2,2,0.4784537,1.076606,0.2615021,324.0456,87.99322,300.667,0.5046766,1.030326,0.1899595,9.448882,4.202562,-0.9301732,Nothing
4.660645,12,3,2,2,0.4801096,1.075185,0.2610207,325.3972,87.58157,299.5319,0.5057124,1.030612,0.1898222,9.162676,4.475858,-0.7838017,Nothing
4.676865,12,3,2,2,0.4820591,1.073494,0.260641,326.7572,87.15359,298.2881,0.5065997,1.030781,0.1895576,8.829047,4.799646,-0.6833739,Nothing
4.694855,12,3,2,2,0.483551,1.072032,0.2600446,328.0993,86.73257,296.9637,0.5073847,1.031061,0.1892812,8.497363,5.086421,-0.567672,Nothing
4.711929,12,3,2,2,0.4852324,1.070312,0.2595857,329.4224,86.24669,295.6673,0.5079932,1.031425,0.1890315,8.107426,5.393674,-0.4896599,Nothing
4.727142,12,3,2,2,0.4869969,1.06828,0.2594077,330.7961,85.73334,294.4571,0.508647,1.031888,0.1887715,7.686965,5.722567,-0.4074201,Nothing
4.743286,12,3,2,2,0.4888014,1.066166,0.2591829,332.1283,85.29906,293.3759,0.5093229,1.032548,0.1885322,7.241411,6.017455,-0.3208472,Nothing
4.760559,12,3,2,2,0.4911996,1.062959,0.2591495,334.0435,84.57498,291.8536,0.5103971,1.033573,0.1881519,6.585639,6.455731,-0.1995652,Nothing
4.782288,12,3,2,2,0.4923874,1.061089,0.2589962,335.1426,84.25032,291.0082,0.5110194,1.034391,0.1879859,6.183934,6.672745,-0.0997952,Nothing
4.793961,12,3,2,2,0.4939715,1.058941,0.259001,336.2721,83.85495,290.1493,0.5116258,1.035098,0.1879321,5.73476,6.896348,-0.0570257,Nothing
4.809891,12,3,2,2,0.4953312,1.056766,0.2592475,337.3558,83.42358,289.3491,0.512002,1.035683,0.1877318,5.307549,7.141647,-0.04566386,Nothing
4.817993,12,3,2,2,0.4960327,1.055556,0.2593781,337.928,83.19405,288.9055,0.512136,1.03598,0.1876217,5.069666,7.270212,-0.04877213,Nothing
4.827957,12,3,2,2,0.4968058,1.054268,0.2595018,338.5254,82.95587,288.4095,0.5122126,1.036244,0.1874807,4.813321,7.40362,-0.06855155,Nothing
4.843216,12,3,2,2,0.4984787,1.051445,0.2598415,339.7823,82.44196,287.3811,0.5123255,1.036825,0.1871708,4.254634,7.682126,-0.1328863,Nothing
4.853149,12,3,2,2,0.4991111,1.050131,0.259986,340.3902,82.19715,286.907,0.5124231,1.037097,0.18704,4.00013,7.801509,-0.1490403,Nothing
4.866409,12,3,2,2,0.5000814,1.048703,0.2601649,341.024,81.93324,286.4446,0.5124975,1.03735,0.186887,3.721803,7.923448,-0.2085278,Nothing
4.882126,12,3,2,2,0.5024799,1.04435,0.2608991,342.8422,81.18179,285.0996,0.5127576,1.03809,0.1863103,2.914273,8.295182,-0.3573446,Nothing
4.89386,12,3,2,2,0.5039496,1.041524,0.2616137,343.9813,80.66343,284.3008,0.5128154,1.038531,0.1858608,2.406155,8.543748,-0.4926178,Nothing
4.903336,12,3,2,2,0.5047505,1.04004,0.2620015,344.5455,80.37077,283.9009,0.5128515,1.038727,0.1856555,2.142978,8.663207,-0.5777559,Nothing
4.91864,12,3,2,2,0.5057207,1.037541,0.2631719,345.5254,79.79893,283.2085,0.5129136,1.039066,0.1852906,1.716015,8.919449,-0.7127079,Nothing
4.94072,12,3,2,2,0.5071639,1.034441,0.2638935,346.7739,79.16608,282.0653,0.5130511,1.039586,0.1848123,1.110779,9.144889,-0.8926162,Nothing
4.952728,12,3,2,2,0.5074605,1.033641,0.2640751,347.0965,78.99786,281.7343,0.5131227,1.039544,0.1847247,0.9703323,9.192471,-0.9346706,Nothing
4.968384,12,3,2,2,0.5080606,1.032132,0.2645139,347.7095,78.62397,281.1435,0.5132003,1.039716,0.1843663,0.682748,9.31287,-1.037608,Nothing
4.976212,12,3,2,2,0.5082842,1.031476,0.2647343,347.9755,78.45008,280.8804,0.5131376,1.039741,0.1841815,0.5607845,9.367477,-1.094997,Nothing
4.983597,12,3,2,2,0.5086429,1.030666,0.2649693,348.2716,78.26907,280.6217,0.5130547,1.039874,0.1840335,0.4061242,9.420493,-1.165948,Nothing
4.992874,12,3,2,2,0.508791,1.029992,0.2655921,348.5198,77.99605,280.4063,0.5130392,1.039901,0.1839568,0.2936157,9.506144,-1.233878,Nothing
5.000488,12,3,2,2,0.5090201,1.029233,0.2662968,348.806,77.69018,280.1781,0.5130058,1.039935,0.1837887,0.1682132,9.608993,-1.322857,Nothing
5.011292,12,3,2,2,0.5094651,1.027582,0.2673909,349.4032,77.18018,279.7076,0.5128616,1.039986,0.1834345,-0.1005721,9.779164,-1.487813,Nothing
5.020462,12,3,2,2,0.5097318,1.026662,0.2681704,349.7213,76.9119,279.5687,0.512885,1.03996,0.1832714,-0.2189488,9.8882,-1.574856,Nothing
5.035385,12,3,2,2,0.5101872,1.024903,0.2696196,350.326,76.35452,279.2468,0.5130981,1.039951,0.1832629,-0.4607933,10.05855,-1.719716,Nothing
5.044189,12,3,2,2,0.5103616,1.024204,0.2705252,350.564,76.07343,279.1707,0.5131689,1.039861,0.1831294,-0.533884,10.17334,-1.804636,Nothing
5.059937,12,3,2,2,0.5107251,1.023148,0.2714853,350.9482,75.68896,278.9382,0.513363,1.039734,0.1831785,-0.6730896,10.27092,-1.912729,Nothing
5.067505,12,3,2,2,0.5109217,1.022732,0.2718002,351.1351,75.53129,278.8069,0.5132738,1.039712,0.1829364,-0.7395795,10.32486,-1.988138,Nothing
5.076385,12,3,2,2,0.511047,1.022734,0.2716598,351.1748,75.51284,278.7151,0.5133616,1.039705,0.1829743,-0.7573692,10.30165,-1.99218,Nothing
5.091293,12,3,2,2,0.5113484,1.022492,0.2717258,351.3175,75.35682,278.5345,0.513508,1.039709,0.1829674,-0.8203402,10.30105,-2.040073,Nothing
5.102402,12,3,2,2,0.5114426,1.022752,0.2714639,351.2764,75.38509,278.5137,0.5136221,1.039696,0.1830224,-0.7969553,10.26234,-2.026886,Nothing
5.109711,12,3,2,2,0.5114417,1.022851,0.2714513,351.2579,75.37829,278.4746,0.5137165,1.039728,0.1830251,-0.7953547,10.26133,-2.017461,Nothing
5.117798,12,3,2,2,0.5114533,1.023092,0.2712981,351.2155,75.38694,278.4688,0.5138577,1.039722,0.1830967,-0.7695241,10.23584,-1.997664,Nothing
5.126282,12,3,2,2,0.5113776,1.023426,0.2711421,351.1332,75.37681,278.4868,0.5139772,1.039725,0.1831433,-0.7300677,10.21297,-1.974481,Nothing
5.13443,12,3,2,2,0.511254,1.023896,0.2709748,351.0134,75.40582,278.5428,0.5141361,1.039735,0.1831869,-0.6672853,10.19126,-1.935615,Nothing
5.143707,12,3,2,2,0.5113009,1.024358,0.2707997,350.9227,75.38774,278.5635,0.5143904,1.039763,0.1833509,-0.6175196,10.15137,-1.910322,Nothing
5.151367,12,3,2,2,0.5112606,1.024804,0.2706197,350.8236,75.39698,278.5754,0.5145927,1.039779,0.1833697,-0.5664592,10.12902,-1.88031,Nothing
5.16069,12,3,2,2,0.5112799,1.024949,0.2705375,350.7835,75.39407,278.5732,0.514778,1.039785,0.18339,-0.5499225,10.11959,-1.86053,Nothing
5.168533,12,3,2,2,0.5113115,1.025189,0.2706023,350.7455,75.34055,278.5679,0.5150074,1.039815,0.1834684,-0.5257701,10.11806,-1.849856,Nothing
5.185715,12,3,2,2,0.5113778,1.025244,0.2709545,350.7573,75.17734,278.5459,0.5155082,1.039808,0.1833573,-0.5125009,10.17486,-1.844658,Nothing
5.193466,12,3,2,2,0.5115088,1.025012,0.2712043,350.825,75.08955,278.5307,0.5156993,1.039795,0.1832864,-0.5355973,10.21277,-1.86089,Nothing
5.201035,12,3,2,2,0.5117075,1.024717,0.2714423,350.9128,75.01994,278.5326,0.515811,1.039883,0.1833844,-0.5785343,10.22989,-1.88283,Nothing
5.210281,12,3,2,2,0.5119962,1.024312,0.2715815,351.0483,74.96321,278.5025,0.5161198,1.039891,0.1835563,-0.6281924,10.23092,-1.886901,Nothing
5.226624,12,3,2,2,0.5123597,1.023664,0.2719635,351.2453,74.88149,278.4734,0.5167391,1.039997,0.1837296,-0.707554,10.27005,-1.872809,Nothing
5.240982,12,3,2,2,0.5128435,1.023112,0.2719076,351.411,74.91207,278.4548,0.5173974,1.040114,0.1839035,-0.779774,10.26047,-1.835979,Nothing
5.251862,12,3,2,2,0.5129669,1.022996,0.2717853,351.4419,74.97471,278.4661,0.5178752,1.040173,0.1840809,-0.7909479,10.24168,-1.77496,Nothing
5.261139,12,3,2,2,0.513078,1.022942,0.2717283,351.4467,75.00562,278.5236,0.5183299,1.040277,0.1842234,-0.7928348,10.23322,-1.722887,Nothing
5.271103,12,3,2,2,0.5131353,1.022796,0.2717586,351.4719,75.05415,278.6428,0.5195048,1.040472,0.184629,-0.7892861,10.23053,-1.574127,Nothing
5.28537,12,3,2,2,0.5129003,1.023069,0.272084,351.3567,75.0679,278.9701,0.5209894,1.041143,0.1859118,-0.7545708,10.18225,-1.340391,Nothing
5.301361,12,3,2,2,0.5124238,1.023511,0.2724207,351.1719,75.0827,279.3434,0.5225999,1.041347,0.1865458,-0.6232871,10.20621,-1.093689,Nothing
5.30954,12,3,2,2,0.5121273,1.023816,0.2725036,351.0516,75.11903,279.5392,0.5230395,1.041593,0.1868451,-0.5696964,10.20368,-0.9954756,Nothing
5.317841,12,3,2,2,0.5117922,1.024209,0.2725485,350.9047,75.16973,279.7514,0.5237944,1.041783,0.1871729,-0.4892797,10.20024,-0.8552182,Nothing
5.327179,12,3,2,2,0.5115047,1.024741,0.2725718,350.7355,75.22718,279.9795,0.5246519,1.041878,0.1874034,-0.3764822,10.20145,-0.713701,Nothing
5.337143,12,3,2,2,0.5111527,1.025236,0.2724722,350.5524,75.32133,280.193,0.5255378,1.042086,0.1876756,-0.2819907,10.18892,-0.5477513,Nothing
5.351746,12,3,2,2,0.5106616,1.025922,0.272403,350.2856,75.48326,280.5859,0.5274913,1.042234,0.1883854,-0.1022123,10.15584,-0.2267631,Nothing
5.360001,12,3,2,2,0.5104744,1.02613,0.2723348,350.1834,75.57455,280.7559,0.5283925,1.042432,0.188753,-0.04915177,10.13474,-0.07437458,Nothing
5.36731,12,3,2,2,0.510403,1.026243,0.2722708,350.1178,75.67046,280.9224,0.5289744,1.042644,0.1888843,-0.01532311,10.13139,0.02442186,Nothing
5.376221,12,3,2,2,0.5104949,1.025996,0.27223,350.1462,75.76244,281.0382,0.5299083,1.042851,0.189305,-0.03027353,10.11029,0.1548945,Nothing
5.384506,12,3,2,2,0.5105278,1.025917,0.2722263,350.1365,75.84439,281.1793,0.5308163,1.043099,0.1897913,-0.02672533,10.08382,0.286851,Nothing
5.3992,12,3,2,2,0.5106684,1.025426,0.2723032,350.1971,75.98363,281.4367,0.5327933,1.043506,0.1905633,-0.04603228,10.06973,0.5500317,Nothing
5.41098,12,3,2,2,0.5109171,1.024608,0.2726808,350.3354,76.06984,281.7086,0.5348256,1.044101,0.1915543,-0.1240102,10.07584,0.8030666,Nothing
5.428116,12,3,2,2,0.5111428,1.023951,0.2731507,350.4412,76.09865,281.9724,0.5369533,1.044607,0.1924078,-0.1703023,10.10581,1.04908,Nothing
5.443253,12,3,2,2,0.5112412,1.023511,0.2734458,350.4728,76.15421,282.1758,0.5389563,1.044951,0.1932733,-0.1865748,10.10527,1.300466,Nothing
5.452179,12,3,2,2,0.5112529,1.023473,0.2734658,350.4457,76.20515,282.2481,0.5399842,1.045209,0.1936519,-0.1875268,10.09502,1.439063,Nothing
5.4608,12,3,2,2,0.5113124,1.023566,0.2732936,350.3936,76.29202,282.3007,0.5410479,1.045478,0.1940145,-0.1807384,10.06054,1.585877,Nothing
5.478241,12,3,2,2,0.5111976,1.024107,0.2725646,350.1799,76.56812,282.3796,0.5432984,1.046076,0.1950414,-0.1372986,9.910232,1.952953,Nothing
5.493835,12,3,2,2,0.5109242,1.02457,0.2721336,349.9623,76.77364,282.5482,0.5454895,1.046368,0.1955616,-0.03431179,9.845249,2.292228,Nothing
5.510269,12,3,2,2,0.5105752,1.02531,0.2718752,349.6539,76.99727,282.8825,0.5484126,1.047026,0.1962776,0.1131553,9.791629,2.729442,Nothing
5.517273,12,3,2,2,0.5104229,1.025539,0.2718187,349.5564,77.06348,282.9948,0.5493653,1.047238,0.1964666,0.1637273,9.782362,2.873092,Nothing
5.526657,12,3,2,2,0.510391,1.025626,0.2717046,349.4763,77.15654,283.0738,0.5503371,1.047452,0.1966676,0.1882828,9.765385,3.014014,Nothing
5.533768,12,3,2,2,0.5103045,1.025807,0.2715236,349.4,77.23544,283.1277,0.5512345,1.047849,0.1969251,0.1953589,9.736876,3.15521,Nothing
5.543884,12,3,2,2,0.5102428,1.026098,0.2712545,349.32,77.32141,283.19,0.5522178,1.048105,0.1972047,0.2314771,9.689854,3.301802,Nothing
5.558792,12,3,2,2,0.5101461,1.026339,0.2709673,349.209,77.45435,283.287,0.5541452,1.048608,0.1976001,0.2664239,9.65107,3.575953,Nothing
5.569778,12,3,2,2,0.5101963,1.026393,0.2709016,349.1893,77.49532,283.3105,0.555226,1.048876,0.1977668,0.2709478,9.648058,3.708796,Nothing
5.584427,12,3,2,2,0.5103128,1.026299,0.2707139,349.1798,77.57373,283.3359,0.557333,1.049317,0.198165,0.2577407,9.630254,3.970321,Nothing
5.593613,12,3,2,2,0.5103894,1.026152,0.2706744,349.2141,77.59708,283.3334,0.5583313,1.049604,0.1983422,0.2267418,9.634391,4.090688,Nothing
5.600464,12,3,2,2,0.5104794,1.026113,0.2705846,349.2356,77.63329,283.3452,0.5593559,1.049917,0.198517,0.2075342,9.630017,4.214396,Nothing
5.60939,12,3,2,2,0.5105324,1.026,0.2706021,349.2635,77.6418,283.3524,0.5603369,1.050215,0.1986644,0.1828139,9.644166,4.330592,Nothing
5.617676,12,3,2,2,0.5105644,1.025923,0.2706081,349.2794,77.65585,283.3651,0.561311,1.050516,0.1987946,0.1640054,9.657715,4.448845,Nothing
5.627243,12,3,2,2,0.5105578,1.025713,0.2707156,349.308,77.67191,283.3702,0.562414,1.050887,0.1991055,0.1229697,9.671082,4.591987,Nothing
5.645096,12,3,2,2,0.5106341,1.025693,0.2707411,349.3147,77.67983,283.3672,0.5652391,1.051869,0.1994948,0.0746952,9.709514,4.930901,Nothing
5.660934,12,3,2,2,0.5105484,1.025822,0.270765,349.2762,77.68409,283.4011,0.5670826,1.052407,0.1999678,0.07933244,9.706131,5.168554,Nothing
5.676666,12,3,2,2,0.5103974,1.02609,0.2706587,349.1864,77.74706,283.4725,0.5688244,1.053009,0.2003419,0.1023473,9.690003,5.412724,Nothing
5.822525,12,3,2,2,0.5102913,1.026406,0.2702288,349.0536,77.90351,283.556,0.5704045,1.053596,0.2007642,0.1263821,9.616132,5.657974,AdjustingThresholdStart
5.822571,12,3,2,2,0.5102913,1.026406,0.2702288,349.0536,77.90351,283.556,0.5704045,1.053596,0.2007642,0.1263821,9.616132,5.657974,AdjustingThreshold
5.914749,12,3,2,2,0.5103826,1.02675,0.2689956,348.8162,78.55982,283.9012,0.5811368,1.05744,0.2014157,0.06904183,9.613895,7.085213,AdjustingThreshold
6.133163,12,3,2,2,0.510359,1.027443,0.2677217,348.6599,78.8326,283.885,0.5822576,1.058017,0.2007064,0.1170191,9.529469,7.272917,AdjustingThreshold
6.217575,12,3,2,2,0.5088578,1.029471,0.2652452,348.3697,79.28414,283.6587,0.5803427,1.058415,0.199303,0.261725,9.295279,7.293385,AdjustingThreshold
6.348785,12,3,2,2,0.5084269,1.02965,0.2644274,348.3576,79.41772,283.4919,0.580664,1.059525,0.1980936,0.1628865,9.359666,7.412561,AdjustingThreshold
6.475479,12,3,2,2,0.5079039,1.029642,0.2648323,348.4152,79.23202,283.3495,0.5795844,1.058957,0.1977214,0.1959698,9.448365,7.289383,AdjustingThreshold
6.561066,12,3,2,2,0.5084871,1.029428,0.2649855,348.6342,79.06055,283.2127,0.5797707,1.058286,0.1971576,0.2013428,9.53815,7.18408,AdjustingThreshold
6.684784,12,3,2,2,0.5083528,1.029472,0.2648158,348.5768,79.1101,283.2501,0.5801451,1.058568,0.1957016,0.2304453,9.689357,7.228734,AdjustingThreshold
6.813629,12,3,2,2,0.5092124,1.028765,0.2644756,348.782,79.18206,283.2097,0.579811,1.058712,0.1948616,0.0832104,9.745747,7.10784,AdjustingThreshold
6.908646,12,3,2,2,0.5107378,1.027275,0.2638981,349.2635,79.3127,283.0201,0.5796071,1.059123,0.195235,-0.2836503,9.65796,6.977817,AdjustingThreshold
7.035507,12,3,2,2,0.51144,1.026566,0.2636587,349.4271,79.44746,283.0985,0.5795877,1.059627,0.1952612,-0.4488242,9.63734,6.942674,AdjustingThreshold
7.233643,12,3,2,2,0.5129318,1.024847,0.2630635,349.8643,79.67059,283.0711,0.5793959,1.059942,0.196126,-0.8050976,9.485508,6.83981,AdjustingThreshold
7.363205,12,3,2,2,0.5134435,1.024919,0.262858,349.8952,79.70546,283.1082,0.5791267,1.060168,0.1962906,-0.8468657,9.433048,6.76627,AdjustingThreshold
7.502335,12,3,2,2,0.5140091,1.024652,0.2625493,349.9641,79.81954,283.1346,0.5793587,1.06083,0.1960141,-0.9627147,9.438078,6.762186,AdjustingThreshold
7.588531,12,3,2,2,0.5141603,1.024722,0.2623045,349.9789,79.88219,283.1295,0.5789859,1.060859,0.195461,-0.9661713,9.457011,6.704831,AdjustingThreshold
7.729355,12,3,2,2,0.5138643,1.024497,0.2625195,349.9826,79.85091,283.2095,0.5788819,1.060998,0.1957743,-0.991736,9.463314,6.730842,AdjustingThreshold
7.935638,12,3,2,2,0.5138424,1.024071,0.2628862,350.1002,79.86559,283.3852,0.5783207,1.061026,0.1951031,-1.015793,9.588303,6.653925,AdjustingThresholdEnd
7.950653,12,3,2,2,0.5119404,1.022652,0.2662954,350.332,79.23502,284.1411,0.5799495,1.060924,0.1957055,-0.9091903,10.08386,6.9057,Nothing
7.97467,12,3,2,2,0.5116475,1.022397,0.2668434,350.4026,79.15251,284.3043,0.580354,1.060811,0.1956868,-0.8738596,10.17667,6.95716,Nothing
7.984848,12,3,2,2,0.5114919,1.022436,0.2670066,350.4057,79.12135,284.3286,0.5804612,1.060821,0.1956371,-0.8550677,10.20797,6.976258,Nothing
8.002518,12,3,2,2,0.5112294,1.022308,0.2674135,350.4052,79.01603,284.3947,0.5808389,1.060762,0.1957225,-0.8276044,10.26952,7.025228,Nothing
8.0177,12,3,2,2,0.5107129,1.022259,0.2679406,350.3891,78.87531,284.4484,0.5814502,1.060671,0.1958064,-0.7731919,10.35335,7.118992,Nothing
8.033997,12,3,2,2,0.5105152,1.022432,0.26807,350.3709,78.8221,284.4465,0.5819072,1.060591,0.196009,-0.7292349,10.35472,7.181495,Nothing
8.051086,12,3,2,2,0.5103834,1.022707,0.2679184,350.3442,78.86364,284.4005,0.5822737,1.060492,0.1961813,-0.6886985,10.31006,7.246079,Nothing
8.068771,12,3,2,2,0.5102452,1.022606,0.2679724,350.3438,78.83052,284.3892,0.5826183,1.060272,0.1963875,-0.6695113,10.30171,7.295957,Nothing
8.086472,12,3,2,2,0.5101043,1.02262,0.2682494,350.3698,78.73499,284.3773,0.5830323,1.060052,0.196573,-0.6330182,10.32693,7.334217,Nothing
8.102478,12,3,2,2,0.5098752,1.022542,0.2684584,350.4136,78.62588,284.3216,0.583441,1.059853,0.1967436,-0.6185312,10.35285,7.381864,Nothing
8.124557,12,3,2,2,0.5097018,1.022572,0.2688019,350.4955,78.48653,284.2206,0.583994,1.059388,0.1969889,-0.5719965,10.38122,7.423633,Nothing
8.134369,12,3,2,2,0.5096053,1.022549,0.2688837,350.5249,78.44882,284.1631,0.5842103,1.059221,0.1970891,-0.5629468,10.3857,7.448455,Nothing
8.151993,12,3,2,2,0.5093769,1.022596,0.2687807,350.5916,78.36043,284.0445,0.5848606,1.058981,0.1975072,-0.5522301,10.34733,7.535219,Nothing
8.169479,12,3,2,2,0.5092289,1.022525,0.2687759,350.6205,78.30508,283.9906,0.5854424,1.058784,0.1978857,-0.5434459,10.32179,7.612916,Nothing
8.184265,12,3,2,2,0.5091226,1.022519,0.2690875,350.6636,78.23309,283.9738,0.5859897,1.058602,0.1983429,-0.5201139,10.32304,7.671986,Nothing
8.200516,12,3,2,2,0.5090783,1.022532,0.2691742,350.6858,78.17835,283.9658,0.5864829,1.05829,0.1987334,-0.4825318,10.29777,7.722992,Nothing
8.217377,12,3,2,2,0.5089011,1.022819,0.2689783,350.6455,78.17136,283.9404,0.5869555,1.058136,0.1990912,-0.4303555,10.23531,7.801673,Nothing
8.23381,12,3,2,2,0.5087892,1.022973,0.2688853,350.6178,78.1731,283.9265,0.5876125,1.058093,0.199521,-0.4013116,10.18467,7.898409,Nothing
8.253662,12,3,2,2,0.5087477,1.023211,0.268735,350.5841,78.20195,283.9033,0.5880244,1.058043,0.1997046,-0.3659093,10.14282,7.958287,Nothing
8.27536,12,3,2,2,0.5087039,1.023326,0.2683781,350.5709,78.24437,283.8402,0.5885212,1.057605,0.1999713,-0.315691,10.06163,8.030942,Nothing
8.283691,12,3,2,2,0.5085939,1.023441,0.268265,350.5624,78.22932,283.8173,0.588932,1.057624,0.2001406,-0.3019372,10.03874,8.092177,Nothing
8.300873,12,3,2,2,0.5085201,1.023469,0.2684058,350.5812,78.15978,283.7997,0.5893874,1.057615,0.2004196,-0.293836,10.04211,8.14176,Nothing
8.320313,12,3,2,2,0.5085158,1.023594,0.2682672,350.5858,78.17072,283.7537,0.5899739,1.057629,0.2005391,-0.2821665,10.01977,8.213779,Nothing
8.327713,12,3,2,2,0.5085584,1.023726,0.2681659,350.5842,78.18524,283.7206,0.5903735,1.057653,0.2006654,-0.2724864,9.995905,8.259707,Nothing
8.343811,12,3,2,2,0.5085262,1.023822,0.267959,350.5802,78.2226,283.6824,0.5908607,1.057669,0.2008052,-0.2655353,9.959241,8.331117,Nothing
8.359604,12,3,2,2,0.5085685,1.023819,0.2677917,350.578,78.26885,283.6634,0.5912505,1.057701,0.2009987,-0.2727731,9.919757,8.387054,Nothing
8.377045,12,3,2,2,0.5086055,1.023805,0.2676623,350.5894,78.29848,283.6479,0.5916688,1.057759,0.201118,-0.2820259,9.897185,8.441483,Nothing
8.386307,12,3,2,2,0.5086417,1.023664,0.2677251,350.6228,78.28589,283.6254,0.5922109,1.057743,0.2012818,-0.2950365,9.901527,8.499557,Nothing
8.402451,12,3,2,2,0.5087389,1.023491,0.2679888,350.6763,78.20271,283.6267,0.5927509,1.057729,0.201571,-0.3098173,9.92492,8.536817,Nothing
8.419113,12,3,2,2,0.5087247,1.023372,0.2682127,350.7121,78.1318,283.6183,0.5933878,1.05775,0.2019139,-0.3190631,9.93902,8.602156,Nothing
8.43959,12,3,2,2,0.5088441,1.022985,0.2683915,350.8068,78.09994,283.5971,0.5943432,1.057826,0.2023928,-0.3755569,9.941755,8.702283,Nothing
8.450806,12,3,2,2,0.5088858,1.022878,0.2684705,350.8389,78.08478,283.5952,0.5947427,1.057863,0.2026221,-0.391743,9.939031,8.744767,Nothing
8.458984,12,3,2,2,0.5089463,1.022842,0.2685051,350.8709,78.06512,283.5814,0.5950232,1.057981,0.2028665,-0.4156546,9.927886,8.772583,Nothing
8.468338,12,3,2,2,0.5090083,1.022789,0.2685455,350.8917,78.04375,283.5731,0.5954657,1.057975,0.2029915,-0.4184227,9.930829,8.813764,Nothing
8.485397,12,3,2,2,0.5090501,1.022614,0.2685482,350.9467,78.02014,283.5265,0.5963637,1.058025,0.2032012,-0.4446642,9.935388,8.912639,Nothing
8.500656,12,3,2,2,0.5091155,1.022513,0.2684203,350.9883,78.03666,283.4804,0.5970998,1.058085,0.2034963,-0.4712572,9.904101,9.00185,Nothing
8.510147,12,3,2,2,0.5091804,1.022478,0.2683894,351.0052,78.03296,283.4725,0.5974649,1.058138,0.2036229,-0.4817686,9.895797,9.039558,Nothing
8.527512,12,3,2,2,0.509432,1.02243,0.2681988,351.047,78.06784,283.4406,0.598478,1.058354,0.203727,-0.5129238,9.880662,9.140779,Nothing
8.545105,12,3,2,2,0.5096692,1.022437,0.2678632,351.0679,78.15479,283.413,0.5989916,1.058452,0.2037759,-0.5344808,9.832726,9.195823,Nothing
8.559952,12,3,2,2,0.5097395,1.022355,0.2677987,351.0805,78.16962,283.4154,0.5994591,1.058513,0.2038567,-0.5465012,9.826148,9.248373,Nothing
8.569885,12,3,2,2,0.5098283,1.022294,0.2677979,351.0915,78.15992,283.4105,0.5996854,1.05856,0.2038803,-0.5584397,9.83078,9.264246,Nothing
8.590897,12,3,2,2,0.5098362,1.022216,0.2680734,351.1072,78.08039,283.4171,0.6002457,1.058742,0.2038093,-0.5675371,9.899955,9.309154,Nothing
8.602646,12,3,2,2,0.5098069,1.022162,0.2680534,351.1115,78.09388,283.4241,0.6002463,1.058774,0.2037173,-0.5745312,9.909041,9.314381,Nothing
8.609406,12,3,2,2,0.509917,1.02209,0.2679999,351.1238,78.11677,283.4251,0.6003516,1.058786,0.2036788,-0.5863824,9.906447,9.318845,Nothing
8.626297,12,3,2,2,0.5101136,1.021979,0.2678849,351.1586,78.16879,283.4332,0.6006435,1.058691,0.203551,-0.5904296,9.903478,9.336328,Nothing
8.643417,12,3,2,2,0.5104616,1.021792,0.2676748,351.2016,78.2351,283.4605,0.6009145,1.058621,0.2035132,-0.6119684,9.877507,9.342478,Nothing
8.65274,12,3,2,2,0.5104667,1.021802,0.2677212,351.2136,78.24714,283.4673,0.6010438,1.058602,0.2035116,-0.6056746,9.883119,9.356178,Nothing
8.667358,12,3,2,2,0.5107616,1.021732,0.267618,351.2225,78.29045,283.4645,0.601263,1.058564,0.2035015,-0.6155851,9.865738,9.357024,Nothing
8.683975,12,3,2,2,0.5110055,1.021593,0.2674843,351.2371,78.32267,283.454,0.6013474,1.058561,0.203577,-0.6436637,9.838414,9.35085,Nothing
8.693558,12,3,2,2,0.5111424,1.021502,0.2674841,351.254,78.32353,283.4663,0.6014248,1.058535,0.2035945,-0.653228,9.837695,9.344976,Nothing
8.701492,12,3,2,2,0.5111997,1.021358,0.2674227,351.2766,78.35096,283.4753,0.6013984,1.058402,0.2035749,-0.6596497,9.828458,9.339997,Nothing
8.710129,12,3,2,2,0.5113063,1.021285,0.2674296,351.2964,78.35422,283.4876,0.6014215,1.058348,0.2036045,-0.6652853,9.825251,9.330979,Nothing
8.717728,12,3,2,2,0.5113686,1.021199,0.267409,351.3272,78.35977,283.4792,0.6014099,1.058312,0.2035952,-0.6791459,9.824145,9.323089,Nothing
8.736237,12,3,2,2,0.5115347,1.021085,0.2673693,351.3601,78.37374,283.4934,0.6014642,1.058209,0.2034201,-0.68261,9.836713,9.308094,Nothing
8.758636,12,3,2,2,0.5115565,1.021164,0.267343,351.3623,78.34837,283.4715,0.6014265,1.058076,0.2033441,-0.6628878,9.839209,9.292295,Nothing
8.765686,12,3,2,2,0.5115573,1.021212,0.2673002,351.3564,78.35209,283.4648,0.6014113,1.058031,0.2033384,-0.6538901,9.831386,9.290626,Nothing
8.774826,12,3,2,2,0.5116283,1.021282,0.2672848,351.3575,78.36073,283.4624,0.6013383,1.05806,0.2033655,-0.6541383,9.821476,9.276002,Nothing
8.78183,12,3,2,2,0.5116317,1.021303,0.2672413,351.3555,78.36646,283.461,0.6012994,1.057979,0.2033191,-0.6436116,9.817326,9.270416,Nothing
8.790573,12,3,2,2,0.5116383,1.021303,0.2672607,351.3568,78.35595,283.4667,0.6012759,1.057949,0.2032994,-0.6391002,9.822033,9.263816,Nothing
8.798279,12,3,2,2,0.5115548,1.021218,0.2672266,351.3564,78.35738,283.4681,0.6012647,1.057913,0.2032579,-0.6425434,9.825321,9.272906,Nothing
8.808685,12,3,2,2,0.5115396,1.021185,0.2672384,351.3645,78.35156,283.4828,0.6012056,1.057853,0.2031686,-0.6368228,9.836448,9.263778,Nothing
8.817184,12,3,2,2,0.5115799,1.021176,0.2672369,351.367,78.35521,283.4768,0.6011583,1.057758,0.2030813,-0.6286651,9.841541,9.250875,Nothing
8.825729,12,3,2,2,0.5115529,1.021149,0.2672823,351.3689,78.34966,283.4912,0.601094,1.057718,0.2030386,-0.6237186,9.851412,9.243389,Nothing
8.83313,12,3,2,2,0.5115288,1.021174,0.2673129,351.3613,78.34312,283.497,0.6009543,1.057682,0.2030043,-0.6156259,9.8556,9.227089,Nothing
8.840805,12,3,2,2,0.5116119,1.021238,0.2673716,351.3589,78.3504,283.4997,0.6008723,1.057651,0.2029708,-0.605823,9.859079,9.205967,Nothing
8.84906,12,3,2,2,0.5115811,1.021247,0.2673824,351.3516,78.35059,283.5053,0.6007912,1.057638,0.2029047,-0.6006204,9.865901,9.19853,Nothing
8.861404,12,3,2,2,0.511501,1.021252,0.2673402,351.3443,78.3472,283.5174,0.6007205,1.057637,0.2028018,-0.5950434,9.873057,9.197891,Nothing
8.873856,12,3,2,2,0.511457,1.021264,0.2673782,351.3379,78.34029,283.5294,0.6006801,1.057646,0.2027266,-0.5887913,9.886607,9.194802,Nothing
8.887314,12,3,2,2,0.5112722,1.021282,0.2674156,351.3186,78.31335,283.5443,0.6005177,1.057666,0.2025289,-0.5772178,9.916911,9.18845,Nothing
8.907059,12,3,2,2,0.5112135,1.021372,0.267331,351.2944,78.34866,283.5381,0.6006091,1.057711,0.2026242,-0.5707261,9.892069,9.21577,Nothing
8.916077,12,3,2,2,0.511235,1.021434,0.2674314,351.2879,78.35613,283.553,0.6006269,1.05762,0.2025703,-0.546591,9.903859,9.210627,Nothing
8.924225,12,3,2,2,0.5111894,1.021463,0.2674524,351.2788,78.35583,283.573,0.600777,1.057658,0.2026289,-0.5391324,9.903456,9.234104,Nothing
8.932373,12,3,2,2,0.5111709,1.021486,0.2674772,351.2689,78.35075,283.5873,0.6009278,1.057742,0.2026735,-0.5386264,9.906631,9.254391,Nothing
8.940445,12,3,2,2,0.511067,1.021504,0.2674294,351.2545,78.34554,283.5968,0.6010659,1.057775,0.2027261,-0.5331917,9.900694,9.284135,Nothing
8.948761,12,3,2,2,0.510993,1.021559,0.2674698,351.2378,78.33265,283.6055,0.601219,1.057809,0.2027749,-0.5217783,9.904923,9.308292,Nothing
8.958862,12,3,2,2,0.5109203,1.02164,0.2675109,351.2242,78.33266,283.6055,0.6013202,1.057876,0.2027698,-0.5130275,9.912433,9.327234,Nothing
8.965164,12,3,2,2,0.5108821,1.021683,0.2674607,351.2108,78.33938,283.6019,0.6014676,1.057924,0.2028075,-0.5100463,9.904657,9.352057,Nothing
8.973587,12,3,2,2,0.510842,1.021732,0.267417,351.1976,78.34766,283.603,0.6015334,1.057917,0.202839,-0.5009871,9.894944,9.366761,Nothing
8.982788,12,3,2,2,0.5108431,1.021803,0.2673704,351.1857,78.35939,283.6037,0.6016862,1.057966,0.202869,-0.4949354,9.88633,9.387736,Nothing
8.991241,12,3,2,2,0.5108225,1.021862,0.2672942,351.173,78.37514,283.5956,0.6018633,1.05801,0.2028717,-0.4902869,9.877809,9.414793,Nothing
8.998795,12,3,2,2,0.5108168,1.021893,0.2671939,351.1648,78.39865,283.5892,0.6020194,1.058039,0.202892,-0.4892161,9.863223,9.440031,Nothing
9.007492,12,3,2,2,0.5108778,1.021878,0.2671266,351.1702,78.4075,283.5796,0.6021213,1.058073,0.2029192,-0.4986711,9.853505,9.448895,Nothing
9.0159,12,3,2,2,0.5109615,1.021926,0.2671345,351.1785,78.41489,283.5663,0.6021709,1.058095,0.2028873,-0.4992585,9.855655,9.444459,Nothing
9.023956,12,3,2,2,0.5109665,1.021943,0.267132,351.1796,78.41301,283.5572,0.6022556,1.05811,0.2028827,-0.4989557,9.857586,9.453015,Nothing
9.032303,12,3,2,2,0.5109246,1.021943,0.2670494,351.1739,78.4128,283.5486,0.6023436,1.058145,0.202845,-0.5015932,9.855684,9.469559,Nothing
9.043137,12,3,2,2,0.5109462,1.021943,0.266982,351.1791,78.42193,283.5234,0.6025549,1.058195,0.2028567,-0.5100234,9.850263,9.494904,Nothing
9.06012,12,3,2,2,0.5109369,1.021966,0.2668671,351.1868,78.44474,283.5044,0.6027029,1.0582,0.2029357,-0.5136744,9.82754,9.52013,Nothing
9.066925,12,3,2,2,0.5109493,1.021979,0.2667782,351.184,78.47096,283.4988,0.6028235,1.058206,0.2030129,-0.5151365,9.806472,9.540421,Nothing
9.075439,12,3,2,2,0.5110567,1.021939,0.2667721,351.1838,78.49586,283.5007,0.6029846,1.058138,0.2031122,-0.5132544,9.791011,9.55246,Nothing
9.082962,12,3,2,2,0.5110692,1.021919,0.2667433,351.1843,78.51056,283.505,0.6030428,1.058079,0.2033378,-0.5133707,9.760097,9.565118,Nothing
9.236404,12,3,2,2,0.5111471,1.021932,0.266715,351.1842,78.51186,283.515,0.6030877,1.058025,0.2035712,-0.5109826,9.728312,9.566416,AdjustingThresholdStart
9.236435,12,3,2,2,0.5111471,1.021932,0.266715,351.1842,78.51186,283.515,0.6030877,1.058025,0.2035712,-0.5109826,9.728312,9.566416,AdjustingThreshold
9.378403,12,3,2,2,0.5115184,1.021685,0.2664873,351.3205,78.47128,283.343,0.6043257,1.059167,0.2023291,-0.6748896,9.904966,9.652091,AdjustingThreshold
9.472565,12,3,2,2,0.5118478,1.021932,0.2658535,351.3376,78.52311,283.2075,0.6041807,1.059493,0.2017802,-0.7229784,9.879414,9.609485,AdjustingThreshold
9.699631,12,3,2,2,0.512595,1.021832,0.2654999,351.4112,78.59091,283.175,0.6052023,1.05926,0.2032406,-0.7616235,9.669525,9.686716,AdjustingThreshold
9.9216,12,3,2,2,0.5131193,1.021739,0.2654938,351.509,78.52682,282.9378,0.6048363,1.059184,0.2011711,-0.79233,9.895123,9.523949,AdjustingThresholdEnd
9.937088,12,3,2,2,0.5140625,1.02195,0.2647911,351.4975,78.7379,282.909,0.6045405,1.058832,0.2012453,-0.7784933,9.736452,9.426796,Nothing
9.952774,12,3,2,2,0.5142398,1.02215,0.2647275,351.4736,78.78751,282.9229,0.6044244,1.058721,0.2011404,-0.7433887,9.719257,9.396559,Nothing
9.967453,12,3,2,2,0.5143588,1.022426,0.2644047,351.4167,78.88128,282.9134,0.6042735,1.058619,0.2010749,-0.7060894,9.658919,9.383123,Nothing
9.977951,12,3,2,2,0.5143726,1.022625,0.2641905,351.3667,78.94141,282.9128,0.604134,1.058576,0.20096,-0.6772229,9.627584,9.375837,Nothing
9.992828,12,3,2,2,0.5144449,1.023014,0.2638001,351.2536,79.03362,282.913,0.6039438,1.058522,0.2009487,-0.6246305,9.550473,9.36683,Nothing
10.00291,12,3,2,2,0.5144177,1.023141,0.2637122,351.2205,79.04988,282.9102,0.603875,1.058487,0.200949,-0.6046914,9.531916,9.365335,Nothing
10.01718,12,3,2,2,0.5144853,1.023478,0.263453,351.1462,79.09996,282.8925,0.6038854,1.058444,0.2008988,-0.5596007,9.486983,9.368025,Nothing
10.02568,12,3,2,2,0.5145033,1.023751,0.2632329,351.0884,79.13906,282.8568,0.6038095,1.058375,0.2008837,-0.5249968,9.445015,9.364533,Nothing
10.03381,12,3,2,2,0.5144252,1.023803,0.2631351,351.0766,79.14942,282.8423,0.6037451,1.058274,0.2009598,-0.5119129,9.419631,9.369244,Nothing
10.04253,12,3,2,2,0.5144299,1.023788,0.2631869,351.0947,79.11677,282.8176,0.6037215,1.058233,0.2010094,-0.5162412,9.424262,9.359605,Nothing
10.05159,12,3,2,2,0.5144041,1.023796,0.2631891,351.1097,79.09598,282.7983,0.6036017,1.058149,0.2009635,-0.5122018,9.429261,9.342332,Nothing
10.05876,12,3,2,2,0.5144371,1.023692,0.2632901,351.1525,79.05696,282.7849,0.6035883,1.058118,0.2009644,-0.5278568,9.449042,9.328168,Nothing
10.06982,12,3,2,2,0.5145287,1.023611,0.2633894,351.2099,79.02109,282.7784,0.6035993,1.05809,0.2009182,-0.542225,9.472884,9.308578,Nothing
10.08386,12,3,2,2,0.5146795,1.023029,0.2640647,351.3873,78.8529,282.8366,0.603628,1.058088,0.2009294,-0.6119962,9.592972,9.255439,Nothing
10.101,12,3,2,2,0.5146595,1.022327,0.2650687,351.5696,78.63979,282.9348,0.6036758,1.058167,0.2007984,-0.682803,9.781915,9.207978,Nothing
10.11456,12,3,2,2,0.51473,1.022093,0.2655155,351.671,78.54028,282.9869,0.6037928,1.058239,0.2008008,-0.7121125,9.859979,9.187027,Nothing
10.12622,12,3,2,2,0.5147312,1.022023,0.2655717,351.6908,78.5305,282.9956,0.6038224,1.058286,0.2008024,-0.7249464,9.871984,9.188342,Nothing
10.13527,12,3,2,2,0.514713,1.02197,0.265673,351.6729,78.53235,283.001,0.6038923,1.058291,0.2007817,-0.7231003,9.887932,9.19768,Nothing
10.15381,12,3,2,2,0.5145316,1.022113,0.2658957,351.6196,78.47521,283.008,0.6039591,1.058396,0.2006385,-0.6950604,9.939482,9.210001,Nothing
10.16827,12,3,2,2,0.5143187,1.022322,0.2659237,351.5463,78.44247,283.0168,0.6039186,1.058529,0.2005372,-0.6666455,9.957737,9.223511,Nothing
10.1841,12,3,2,2,0.5141661,1.022634,0.2656937,351.4599,78.50607,283.0129,0.6039312,1.058619,0.2004637,-0.6295125,9.924643,9.256751,Nothing
10.19231,12,3,2,2,0.514187,1.022747,0.2655539,351.4323,78.55513,283.0018,0.6039498,1.058678,0.2003996,-0.6232556,9.906029,9.266725,Nothing
10.19994,12,3,2,2,0.5141594,1.022811,0.2655043,351.4174,78.57172,283.0151,0.6039518,1.058718,0.2003549,-0.6155079,9.902449,9.273222,Nothing
10.21083,12,3,2,2,0.5140752,1.02295,0.2654391,351.3862,78.56524,283.0269,0.6039249,1.058711,0.2003474,-0.592143,9.893252,9.278921,Nothing
10.22665,12,3,2,2,0.514087,1.023094,0.2656691,351.3826,78.51611,283.038,0.6039149,1.058758,0.2003284,-0.5730508,9.925756,9.261168,Nothing
10.24292,12,3,2,2,0.514099,1.023024,0.2658632,351.4162,78.45406,283.0195,0.603946,1.058722,0.2002547,-0.5784109,9.967594,9.245884,Nothing
10.25006,12,3,2,2,0.5140545,1.022944,0.2659243,351.438,78.42089,283.002,0.603843,1.058679,0.2002033,-0.5875456,9.985758,9.230768,Nothing
10.25946,12,3,2,2,0.5140878,1.022859,0.2660169,351.4663,78.39307,282.9911,0.6037896,1.058669,0.2001911,-0.6015398,10.00296,9.21385,Nothing
10.27245,12,3,2,2,0.5141526,1.022711,0.2661535,351.5155,78.35157,282.974,0.6036737,1.058687,0.2001177,-0.6298153,10.03529,9.18213,Nothing
10.28511,12,3,2,2,0.5142654,1.02255,0.2661308,351.5613,78.36252,282.9588,0.6035689,1.058699,0.2000381,-0.6625051,10.04175,9.158717,Nothing
10.29218,12,3,2,2,0.5144553,1.022491,0.26607,351.5734,78.39774,282.946,0.6035469,1.058671,0.1999583,-0.6745833,10.03555,9.140133,Nothing
10.30254,12,3,2,2,0.5145328,1.022555,0.2657979,351.5527,78.47408,282.9156,0.6035102,1.058682,0.1999082,-0.678876,9.994451,9.145191,Nothing
10.31816,12,3,2,2,0.5145714,1.022721,0.2653287,351.5018,78.61396,282.84,0.6033463,1.058673,0.1998716,-0.6796804,9.913671,9.154843,Nothing
10.32811,12,3,2,2,0.5146511,1.022861,0.2650601,351.4728,78.66772,282.8187,0.6033022,1.058655,0.1998534,-0.6698709,9.869805,9.154074,Nothing
10.34294,12,3,2,2,0.5146737,1.023123,0.2647003,351.3989,78.77545,282.8268,0.6031781,1.058638,0.1998401,-0.6374229,9.802161,9.161671,Nothing
10.35052,12,3,2,2,0.5147422,1.023257,0.2645542,351.3649,78.83211,282.8274,0.6030768,1.058625,0.1998114,-0.6222616,9.772283,9.153392,Nothing
10.35992,12,3,2,2,0.5147554,1.023402,0.26439,351.3248,78.88265,282.8228,0.6030072,1.058608,0.1997994,-0.6042784,9.740409,9.154694,Nothing
10.36725,12,3,2,2,0.5147769,1.023614,0.2640833,351.279,78.96205,282.8058,0.6029099,1.058598,0.1996836,-0.582678,9.697284,9.156576,Nothing
10.38631,12,3,2,2,0.5147945,1.023981,0.2634959,351.1522,79.12939,282.8026,0.6026948,1.058527,0.1997226,-0.534768,9.581613,9.168905,Nothing
10.40276,12,3,2,2,0.5146725,1.024023,0.263594,351.0971,79.13105,282.8745,0.6026359,1.05845,0.1998725,-0.5005966,9.5723,9.177807,Nothing
10.41931,12,3,2,2,0.5144646,1.024039,0.2638087,351.0438,79.10595,282.8969,0.60252,1.058411,0.1998732,-0.4752458,9.598618,9.181008,Nothing
10.44191,12,3,2,2,0.5142555,1.024039,0.2636146,350.9915,79.20958,282.8076,0.6024794,1.058279,0.1999262,-0.469815,9.551924,9.221828,Nothing
10.45087,12,3,2,2,0.5142232,1.02396,0.2636368,350.9951,79.21958,282.7933,0.6024264,1.058238,0.1999536,-0.4777848,9.550446,9.221737,Nothing
10.4606,12,3,2,2,0.5141875,1.023865,0.263712,351.0034,79.21877,282.7839,0.6023491,1.058265,0.1999134,-0.4927166,9.566148,9.216267,Nothing
10.47739,12,3,2,2,0.5140401,1.023718,0.2638811,351.0044,79.21017,282.7498,0.6022062,1.058204,0.1999051,-0.5041014,9.589386,9.213108,Nothing
10.49261,12,3,2,2,0.5138197,1.023726,0.2640708,350.9761,79.19442,282.7142,0.6019933,1.058093,0.199795,-0.4855043,9.621304,9.204111,Nothing
10.50211,12,3,2,2,0.5136665,1.023768,0.2641771,350.9465,79.17463,282.6815,0.601894,1.058064,0.1997042,-0.4726326,9.644285,9.202795,Nothing
10.51134,12,3,2,2,0.5134884,1.02382,0.264272,350.9066,79.15537,282.636,0.601806,1.058041,0.1996542,-0.4604173,9.661445,9.20717,Nothing
10.52029,12,3,2,2,0.5131577,1.023935,0.2644187,350.8448,79.12935,282.5455,0.6015297,1.058008,0.1995488,-0.4424593,9.68813,9.203659,Nothing
10.53644,12,3,2,2,0.5128186,1.024163,0.2644601,350.7611,79.08337,282.3558,0.6013563,1.057963,0.1995443,-0.4257777,9.692167,9.212548,Nothing
10.55121,12,3,2,2,0.5125182,1.024568,0.2641844,350.6667,79.09357,282.0757,0.6013063,1.057974,0.1996067,-0.4151791,9.642081,9.246435,Nothing
10.55998,12,3,2,2,0.5123755,1.024734,0.2640164,350.6376,79.10068,281.9381,0.6012035,1.057966,0.1996446,-0.4175055,9.612387,9.254499,Nothing
10.56689,12,3,2,2,0.5123618,1.024662,0.2639037,350.6598,79.06963,281.7929,0.6011329,1.057956,0.1996836,-0.4565055,9.60018,9.246645,Nothing
10.57709,12,3,2,2,0.5124133,1.024449,0.2638814,350.7375,79.02814,281.6313,0.601068,1.057957,0.1997019,-0.5230981,9.60608,9.228484,Nothing
10.60017,12,3,2,2,0.5128874,1.023324,0.2641192,351.1459,78.7977,281.0347,0.6008058,1.057933,0.1997947,-0.8241338,9.67484,9.107128,Nothing
10.61115,12,3,2,2,0.513199,1.022806,0.2642134,351.3411,78.68757,280.7817,0.6007458,1.057952,0.1998432,-0.9647309,9.7032,9.046681,Nothing
10.61964,12,3,2,2,0.5134597,1.022292,0.2643529,351.5341,78.56196,280.5424,0.600693,1.057981,0.1998914,-1.101033,9.739147,8.988827,Nothing
10.63446,12,3,2,2,0.5139671,1.021512,0.2647238,351.8859,78.26584,280.0825,0.6006629,1.057963,0.1998621,-1.323224,9.833367,8.865491,Nothing
10.64178,12,3,2,2,0.5141758,1.021184,0.2648585,352.0334,78.13245,279.8406,0.600548,1.057947,0.1998406,-1.426157,9.868249,8.800665,Nothing
10.65112,12,3,2,2,0.5143533,1.021032,0.2647299,352.1276,78.03416,279.5229,0.6004785,1.057964,0.1998631,-1.521394,9.85789,8.757885,Nothing
10.65935,12,3,2,2,0.5147144,1.020875,0.2643609,352.3029,77.8943,278.9651,0.6003217,1.058001,0.1999147,-1.681666,9.811813,8.680085,Nothing
10.66721,12,3,2,2,0.5150201,1.020996,0.2638005,352.3367,77.90466,278.6752,0.6001365,1.058034,0.1999268,-1.743523,9.72549,8.636972,Nothing
10.67741,12,3,2,2,0.5152267,1.021252,0.263152,352.3429,77.94901,278.4018,0.6000399,1.058071,0.1999112,-1.779828,9.62888,8.621423,Nothing
10.68636,12,3,2,2,0.5155324,1.021421,0.2625825,352.3531,77.98689,278.1459,0.5999077,1.058105,0.1998522,-1.823597,9.546045,8.587664,Nothing
10.70084,12,3,2,2,0.5161155,1.021972,0.2613598,352.3524,78.13953,277.7379,0.5997165,1.058214,0.1998753,-1.86978,9.346066,8.547157,Nothing
10.71059,12,3,2,2,0.5163572,1.022223,0.2606995,352.3459,78.24375,277.575,0.5996372,1.058235,0.199835,-1.882203,9.245033,8.538505,Nothing
10.71715,12,3,2,2,0.5165867,1.02249,0.2600221,352.3271,78.35219,277.4084,0.5995761,1.058292,0.1998221,-1.894899,9.138985,8.535584,Nothing
10.72517,12,3,2,2,0.5168338,1.022856,0.2592945,352.2818,78.45718,277.2339,0.5995449,1.058379,0.1997819,-1.896652,9.029367,8.534038,Nothing
10.73627,12,3,2,2,0.5169946,1.023232,0.2585852,352.2182,78.58369,277.0948,0.5994653,1.058439,0.1997583,-1.884413,8.918071,8.539921,Nothing
10.74957,12,3,2,2,0.5172641,1.023971,0.2571148,352.0617,78.85316,276.843,0.5992808,1.058492,0.1997342,-1.844484,8.685186,8.557903,Nothing
10.7634,12,3,2,2,0.517475,1.024638,0.2557077,351.9082,79.15573,276.6113,0.5990937,1.058617,0.1996447,-1.814031,8.466488,8.583992,Nothing
10.77649,12,3,2,2,0.5174589,1.024851,0.2552353,351.8427,79.31339,276.5746,0.5990385,1.058652,0.1995989,-1.793847,8.389874,8.611221,Nothing
10.7838,12,3,2,2,0.5176358,1.02528,0.2540902,351.7277,79.53117,276.3884,0.5988836,1.058731,0.1995804,-1.779965,8.211335,8.627361,Nothing
10.79263,12,3,2,2,0.5177354,1.025234,0.2538877,351.7215,79.58109,276.331,0.5988359,1.058761,0.1995732,-1.800338,8.178111,8.623148,Nothing
10.80023,12,3,2,2,0.5177791,1.025365,0.2534293,351.6956,79.67197,276.2487,0.5987883,1.058796,0.1995496,-1.80276,8.109458,8.633824,Nothing
10.80858,12,3,2,2,0.5178234,1.025277,0.2532884,351.6942,79.72114,276.2112,0.5986913,1.05882,0.1995306,-1.824115,8.08597,8.628921,Nothing
10.81619,12,3,2,2,0.5179322,1.025198,0.2530656,351.6974,79.77383,276.1397,0.5986871,1.058857,0.1995203,-1.851866,8.051189,8.629377,Nothing
10.82596,12,3,2,2,0.5179791,1.025193,0.2528679,351.6804,79.82631,276.1028,0.5986662,1.058863,0.1994534,-1.858015,8.026121,8.632412,Nothing
10.83383,12,3,2,2,0.5180638,1.025084,0.2527727,351.6862,79.87553,276.1023,0.5986668,1.058893,0.1994446,-1.877055,8.009377,8.633313,Nothing
10.8414,12,3,2,2,0.5180984,1.025065,0.2525556,351.6749,79.94821,276.0611,0.5986575,1.058954,0.199391,-1.892271,7.978889,8.643244,Nothing
10.85077,12,3,2,2,0.518185,1.024977,0.2523897,351.6787,80.03844,276.0612,0.5986494,1.058991,0.199359,-1.909725,7.950448,8.649135,Nothing
10.86276,12,3,2,2,0.5182466,1.024902,0.2521893,351.6661,80.13949,276.0765,0.5986772,1.059044,0.1993508,-1.922344,7.915177,8.665271,Nothing
10.8748,12,3,2,2,0.5183994,1.02478,0.2518468,351.6447,80.3092,276.1165,0.5987236,1.059192,0.1993428,-1.949002,7.854855,8.687712,Nothing
10.88464,12,3,2,2,0.518474,1.024845,0.251713,351.6145,80.40373,276.1829,0.5987754,1.059287,0.1993139,-1.939938,7.830958,8.701515,Nothing
10.89322,12,3,2,2,0.5185206,1.024827,0.251561,351.5833,80.49673,276.2316,0.5988764,1.059371,0.199315,-1.940355,7.803334,8.72601,Nothing
10.90718,12,3,2,2,0.5185372,1.02473,0.2512907,351.518,80.6743,276.3128,0.5990108,1.059584,0.1992404,-1.953895,7.762712,8.774614,Nothing
10.91756,12,3,2,2,0.5185998,1.024771,0.2509768,351.4326,80.85461,276.3898,0.599142,1.059776,0.1991858,-1.948478,7.710954,8.817245,Nothing
10.92606,12,3,2,2,0.5186136,1.024866,0.2508145,351.3599,80.96047,276.4491,0.5991217,1.059826,0.1991674,-1.926036,7.678596,8.832306,Nothing
10.93423,12,3,2,2,0.5186204,1.024935,0.2505008,351.2907,81.10925,276.5111,0.5991661,1.059925,0.1991258,-1.912165,7.627456,8.864305,Nothing
10.94228,12,3,2,2,0.5186206,1.024956,0.2502618,351.2367,81.25185,276.5736,0.5991858,1.060052,0.1990577,-1.908797,7.589727,8.892097,Nothing
10.95129,12,3,2,2,0.5187224,1.024979,0.2499766,351.1843,81.39374,276.6823,0.5992239,1.0602,0.1990013,-1.903928,7.545912,8.911427,Nothing
10.95763,12,3,2,2,0.5186961,1.024986,0.2497997,351.127,81.53117,276.7729,0.5992748,1.060328,0.1989602,-1.896639,7.514777,8.944673,Nothing
10.96629,12,3,2,2,0.5187176,1.024973,0.2496586,351.0758,81.65363,276.9054,0.5992849,1.060329,0.1988839,-1.873684,7.492634,8.962443,Nothing
10.97379,12,3,2,2,0.5187056,1.024971,0.2495916,351.015,81.76958,277.0331,0.5993131,1.060446,0.1988259,-1.860244,7.479636,8.986661,Nothing
10.9839,12,3,2,2,0.5186342,1.024962,0.2496983,350.9404,81.86244,277.1705,0.5993337,1.060571,0.1987909,-1.842333,7.488275,9.012369,Nothing
10.99173,12,3,2,2,0.5185663,1.024908,0.2497327,350.871,81.97363,277.3221,0.5993574,1.060674,0.1987446,-1.82666,7.487968,9.041531,Nothing
11.00023,12,3,2,2,0.518467,1.024898,0.2497431,350.8004,82.0842,277.4542,0.5993319,1.06081,0.1986424,-1.811985,7.490258,9.067947,Nothing
11.00851,12,3,2,2,0.5184517,1.02493,0.2498043,350.722,82.18505,277.6332,0.5992988,1.06093,0.1985835,-1.785133,7.493995,9.08197,Nothing
11.0159,12,3,2,2,0.5183452,1.024882,0.2499867,350.6409,82.26598,277.8092,0.5992727,1.061033,0.1985243,-1.761759,7.516652,9.104167,Nothing
11.0249,12,3,2,2,0.5181229,1.024819,0.2502733,350.5487,82.32743,277.9998,0.5992062,1.061134,0.1984786,-1.733041,7.553879,9.131991,Nothing
11.03262,12,3,2,2,0.5179837,1.024774,0.2505158,350.4573,82.39671,278.1838,0.5991615,1.061227,0.1984353,-1.704135,7.583101,9.154108,Nothing
11.04269,12,3,2,2,0.5178002,1.024782,0.2507038,350.3539,82.48417,278.3622,0.5991172,1.06131,0.1983984,-1.666621,7.601483,9.18393,Nothing
11.04962,12,3,2,2,0.517401,1.024763,0.2511084,350.1335,82.67982,278.747,0.5990978,1.061445,0.1982443,-1.581571,7.648544,9.257029,Nothing
11.06581,12,3,2,2,0.5171522,1.024918,0.2511,349.9052,82.95231,279.1245,0.5990504,1.06166,0.198159,-1.496334,7.62337,9.325047,Nothing
11.07544,12,3,2,2,0.5170466,1.024912,0.2509238,349.7911,83.15639,279.3298,0.5990135,1.061746,0.1981186,-1.462337,7.581155,9.367476,Nothing
11.08403,12,3,2,2,0.5170011,1.024873,0.2509286,349.6692,83.32568,279.5566,0.5989831,1.061824,0.1980294,-1.424439,7.570549,9.397063,Nothing
11.09277,12,3,2,2,0.5168672,1.024926,0.2509233,349.5437,83.48725,279.7843,0.5989539,1.061911,0.1979963,-1.375588,7.552464,9.435154,Nothing
11.10057,12,3,2,2,0.5167545,1.024969,0.2510241,349.3975,83.64491,280.0194,0.5989127,1.062008,0.1979104,-1.322523,7.552423,9.468231,Nothing
11.10826,12,3,2,2,0.5166234,1.025145,0.250951,349.2383,83.81881,280.2787,0.5988297,1.062192,0.197883,-1.263775,7.521846,9.503122,Nothing
11.11662,12,3,2,2,0.5163722,1.025426,0.2509261,349.043,83.99999,280.5518,0.5988178,1.062292,0.1978555,-1.170868,7.491925,9.557281,Nothing
11.12552,12,3,2,2,0.5160896,1.025639,0.2509027,348.8657,84.16312,280.8174,0.5988873,1.062259,0.1978349,-1.071943,7.463076,9.619526,Nothing
11.13365,12,3,2,2,0.5157672,1.026055,0.2508507,348.6338,84.33933,281.1068,0.5989126,1.062347,0.1978265,-0.9526753,7.42318,9.683297,Nothing
11.14218,12,3,2,2,0.5154483,1.026393,0.2507892,348.432,84.50961,281.3759,0.5988572,1.062483,0.1977247,-0.8555727,7.395419,9.73699,Nothing
11.15317,12,3,2,2,0.5150895,1.026935,0.2509116,348.1871,84.67573,281.6842,0.5988725,1.062516,0.1977034,-0.7067307,7.371605,9.795581,Nothing
11.15993,12,3,2,2,0.5144932,1.027678,0.2510448,347.7343,84.97904,282.2277,0.5988792,1.06269,0.1976372,-0.4799832,7.324334,9.901318,Nothing
11.17595,12,3,2,2,0.5137135,1.02839,0.2509483,347.2791,85.2556,282.7544,0.5990232,1.06289,0.1977262,-0.2610664,7.23534,10.04336,Nothing
11.18359,12,3,2,2,0.5133849,1.028872,0.2508873,347.0708,85.41983,283.0051,0.599043,1.062967,0.1977191,-0.1425218,7.185592,10.0989,Nothing
11.19189,12,3,2,2,0.5131285,1.029207,0.2507808,346.8737,85.58443,283.2299,0.5990169,1.063053,0.1975906,-0.04791133,7.147306,10.14362,Nothing
11.20045,12,3,2,2,0.5128232,1.029447,0.2505508,346.6809,85.74811,283.445,0.5990148,1.063128,0.19758,0.03148055,7.083446,10.20017,Nothing
11.21609,12,3,2,2,0.512439,1.029868,0.2502597,346.3607,86.07906,283.8474,0.5989317,1.063159,0.1975556,0.1769817,6.973057,10.27295,Nothing
11.22513,12,3,2,2,0.5123789,1.030179,0.2503739,346.2102,86.20997,284.0441,0.5987986,1.063309,0.1975349,0.2444516,6.954397,10.27824,Nothing
11.23459,12,3,2,2,0.5121822,1.030351,0.250496,346.0683,86.28662,284.217,0.59876,1.063365,0.1975295,0.3098329,6.94559,10.30427,Nothing
11.2428,12,3,2,2,0.5119973,1.030328,0.2506754,345.9252,86.35585,284.4076,0.5987378,1.063435,0.1974484,0.3585881,6.95836,10.33481,Nothing
11.24976,12,3,2,2,0.5118096,1.03041,0.2509886,345.8042,86.38158,284.5857,0.5987129,1.063495,0.197429,0.4173068,6.984269,10.35603,Nothing
11.25877,12,3,2,2,0.5116167,1.030593,0.251188,345.6918,86.41837,284.7318,0.5986784,1.06356,0.1973899,0.4784317,6.995186,10.37571,Nothing
11.26653,12,3,2,2,0.5114396,1.030646,0.2515094,345.587,86.42319,284.8816,0.5986261,1.063551,0.1973646,0.5352223,7.025472,10.38847,Nothing
11.2765,12,3,2,2,0.5112731,1.030659,0.2518944,345.4941,86.41655,285.0538,0.5985972,1.06361,0.1973462,0.5832841,7.067356,10.40375,Nothing
11.28328,12,3,2,2,0.5108317,1.030636,0.2524645,345.2881,86.45836,285.3819,0.5985666,1.06379,0.1972683,0.6684188,7.125416,10.46087,Nothing
11.29228,12,3,2,2,0.5107147,1.030542,0.2528078,345.239,86.44021,285.5171,0.5985385,1.063849,0.1972521,0.6908232,7.169517,10.47179,Nothing
11.30045,12,3,2,2,0.5105806,1.030528,0.2530878,345.1541,86.45638,285.6673,0.5985152,1.063923,0.1972395,0.7267522,7.196165,10.48862,Nothing
11.31927,12,3,2,2,0.5102596,1.030505,0.2535563,345.0058,86.5098,286.0109,0.5983782,1.063968,0.1971753,0.8096341,7.236534,10.51728,Nothing
11.33475,12,3,2,2,0.5098872,1.030494,0.2543551,344.8849,86.48097,286.367,0.5983426,1.064158,0.1970593,0.8934324,7.338451,10.55392,Nothing
11.34332,12,3,2,2,0.509762,1.030483,0.2547212,344.8141,86.47224,286.5143,0.5983258,1.064223,0.1970184,0.9329375,7.381732,10.56598,Nothing
11.35893,12,3,2,2,0.5093119,1.030634,0.2553335,344.6972,86.38424,286.6975,0.598294,1.064384,0.1968815,1.01432,7.471351,10.59947,Nothing
11.37389,12,3,2,2,0.5087864,1.030798,0.255951,344.5747,86.2978,286.8919,0.5982037,1.064579,0.1967278,1.097936,7.562882,10.63522,Nothing
11.38623,12,3,2,2,0.5082942,1.030986,0.2566246,344.4539,86.19439,287.115,0.5981573,1.064743,0.1965925,1.193584,7.658892,10.66759,Nothing
11.40233,12,3,2,2,0.5075381,1.031239,0.2574406,344.3171,86.03829,287.3546,0.5979376,1.064793,0.1965357,1.320062,7.763538,10.69692,Nothing
11.41721,12,3,2,2,0.5068163,1.031619,0.2581384,344.1559,85.91631,287.5781,0.5978339,1.064888,0.1964423,1.457944,7.848373,10.73752,Nothing
11.42433,12,3,2,2,0.5063928,1.031956,0.2583476,344.0566,85.87337,287.6443,0.5978666,1.064869,0.1963486,1.548534,7.869615,10.77061,Nothing
11.4334,12,3,2,2,0.5059285,1.032341,0.2584082,343.9363,85.86337,287.687,0.5978602,1.064913,0.1963025,1.631092,7.862896,10.81046,Nothing
11.4415,12,3,2,2,0.5055974,1.03266,0.2584873,343.8308,85.86383,287.7253,0.5978196,1.064903,0.1962934,1.703075,7.853694,10.83304,Nothing
11.45099,12,3,2,2,0.5051421,1.032985,0.2585939,343.735,85.83297,287.7727,0.5978026,1.064906,0.1963172,1.779037,7.849779,10.86789,Nothing
11.45784,12,3,2,2,0.504817,1.033148,0.2588306,343.669,85.74876,287.8456,0.5977737,1.064927,0.1962983,1.835939,7.882083,10.88362,Nothing
11.46806,12,3,2,2,0.5044484,1.033282,0.2592523,343.6263,85.63094,287.9205,0.5977282,1.064924,0.1962912,1.895848,7.941129,10.89603,Nothing
11.48344,12,3,2,2,0.5037841,1.033348,0.2602798,343.6009,85.32256,288.0584,0.5977116,1.064908,0.1962401,1.99179,8.107681,10.91373,Nothing
11.49301,12,3,2,2,0.5035049,1.033216,0.2609605,343.6382,85.12205,288.1381,0.5976945,1.064888,0.196231,2.019762,8.224266,10.91162,Nothing
11.4996,12,3,2,2,0.5032615,1.033048,0.2617781,343.6973,84.91105,288.2279,0.5976833,1.064898,0.1962545,2.041139,8.357639,10.90486,Nothing
11.5098,12,3,2,2,0.5030409,1.03277,0.2626494,343.7782,84.66978,288.3377,0.597674,1.06488,0.1962762,2.054792,8.506213,10.89225,Nothing
11.52368,12,3,2,2,0.5025407,1.03229,0.2642459,343.9321,84.21758,288.5089,0.5976568,1.064844,0.1963179,2.081655,8.78058,10.87439,Nothing
11.53348,12,3,2,2,0.5020705,1.032034,0.2652782,344.0432,83.87326,288.4933,0.5976197,1.064655,0.1963778,2.10484,8.96161,10.85942,Nothing
11.5437,12,3,2,2,0.5018359,1.03206,0.2654827,344.0636,83.77447,288.4435,0.597644,1.064594,0.196431,2.117908,8.996941,10.86812,Nothing
11.55911,12,3,2,2,0.5012498,1.032235,0.2658231,344.0773,83.57413,288.4174,0.5976931,1.064539,0.196495,2.169575,9.059385,10.8968,Nothing
11.56821,12,3,2,2,0.5009446,1.032277,0.2661569,344.0922,83.45452,288.4612,0.5977457,1.064465,0.1964792,2.211741,9.116175,10.9096,Nothing
11.57587,12,3,2,2,0.500629,1.032323,0.2666334,344.0929,83.31181,288.5347,0.5977801,1.064398,0.1964794,2.265257,9.189376,10.91627,Nothing
11.59271,12,3,2,2,0.4999336,1.03241,0.2677373,344.1077,82.96418,288.7583,0.5978863,1.064248,0.196439,2.394647,9.366193,10.92671,Nothing
11.61087,12,3,2,2,0.4991678,1.032113,0.2696449,344.2028,82.43465,289.0403,0.5978831,1.064029,0.1964157,2.514747,9.677276,10.89804,Nothing
11.62572,12,3,2,2,0.498398,1.031739,0.2715882,344.3466,81.85982,289.2587,0.5978947,1.063937,0.1963862,2.598152,10.01459,10.86352,Nothing
11.6337,12,3,2,2,0.4980195,1.031534,0.2725214,344.4228,81.58203,289.3628,0.5979751,1.063916,0.196398,2.634146,10.17686,10.85565,Nothing
11.64079,12,3,2,2,0.4976636,1.031265,0.2735542,344.5325,81.27071,289.4227,0.5980216,1.063952,0.1964388,2.644623,10.36151,10.83613,Nothing
11.65019,12,3,2,2,0.497338,1.031024,0.2743469,344.6467,80.97563,289.3492,0.598113,1.063964,0.1964335,2.629054,10.52651,10.82118,Nothing
11.65747,12,3,2,2,0.497088,1.030802,0.2750448,344.7719,80.69692,289.2864,0.5982488,1.063982,0.1964746,2.608126,10.67261,10.80635,Nothing
11.66751,12,3,2,2,0.4965133,1.03018,0.276585,345.0501,80.12149,289.1477,0.5984946,1.063926,0.1964142,2.55963,11.00581,10.77155,Nothing
11.68388,12,3,2,2,0.4963061,1.028764,0.2786989,345.6013,79.32785,288.8734,0.5988703,1.06391,0.196394,2.355565,11.4878,10.66845,Nothing
11.69122,12,3,2,2,0.4962716,1.027658,0.2802074,346.0019,78.80077,288.7062,0.5989834,1.063939,0.1963126,2.189496,11.83105,10.56701,Nothing
11.70154,12,3,2,2,0.4963711,1.026189,0.2818859,346.5035,78.19437,288.5125,0.5991093,1.063956,0.1963041,1.96006,12.21439,10.43269,Nothing
11.71167,12,3,2,2,0.4966623,1.023871,0.2843342,347.27,77.38718,288.2452,0.5991983,1.063971,0.1964016,1.589817,12.74478,10.21523,Nothing
11.71716,12,3,2,2,0.4969576,1.021785,0.286551,347.9936,76.63389,287.9309,0.5992696,1.063982,0.1964332,1.232602,13.22917,9.988663,Nothing
11.72583,12,3,2,2,0.4970943,1.019754,0.2886818,348.6565,75.91541,287.5687,0.5993618,1.06397,0.1965124,0.8806037,13.68294,9.778637,Nothing
11.73296,12,3,2,2,0.4973953,1.017391,0.2907178,349.5183,75.086,286.9403,0.5994613,1.063837,0.1966301,0.3967186,14.14663,9.506063,Nothing
11.74242,12,3,2,2,0.4976759,1.01517,0.2926364,350.2417,74.40894,286.4295,0.5995532,1.063873,0.1966451,-0.04473278,14.56485,9.263471,Nothing
11.75122,12,3,2,2,0.498163,1.013029,0.2939912,351.0158,73.80402,285.8092,0.5996282,1.063856,0.1967125,-0.5334286,14.8846,9.012178,Nothing
11.76041,12,3,2,2,0.4985059,1.01097,0.2955837,351.7151,73.20357,285.2907,0.5995942,1.063744,0.1966693,-0.9574184,15.22234,8.74493,Nothing
11.76682,12,3,2,2,0.4987491,1.009557,0.2965984,352.2663,72.73344,284.8397,0.5996742,1.063715,0.1967348,-1.292513,15.44165,8.550586,Nothing
11.77588,12,3,2,2,0.4992568,1.006274,0.2993551,353.473,71.607,283.8623,0.5997387,1.063705,0.1967523,-2.040968,15.98663,8.047196,Nothing
11.78453,12,3,2,2,0.4994388,1.005292,0.2999227,353.8957,71.26676,283.4587,0.5998333,1.063657,0.1967779,-2.30543,16.11081,7.897034,Nothing
11.79974,12,3,2,2,0.500479,1.003486,0.3008311,354.681,70.57127,282.7645,0.5999477,1.063633,0.1967994,-2.803271,16.30207,7.514539,Nothing
11.80858,12,3,2,2,0.5005566,1.002978,0.3012916,354.976,70.24316,282.4326,0.6000119,1.063581,0.1968606,-2.978207,16.38776,7.382079,Nothing
11.81612,12,3,2,2,0.5007916,1.002004,0.3024152,355.36,69.79573,282.0219,0.6000361,1.063544,0.1968908,-3.230957,16.56207,7.161033,Nothing
11.82704,12,3,2,2,0.5007881,1.001557,0.3030374,355.6474,69.37411,281.5731,0.6000634,1.063482,0.196999,-3.428202,16.65775,6.999399,Nothing
11.84225,12,3,2,2,0.5004449,1.000335,0.3047906,356.2919,68.36246,280.5942,0.6000963,1.063254,0.1971302,-3.866344,16.93438,6.6258,Nothing
11.85446,12,3,2,2,0.5003009,0.9997004,0.3058121,356.6379,67.78793,280.0614,0.6001032,1.063174,0.1971759,-4.10709,17.08808,6.401241,Nothing
11.86371,12,3,2,2,0.4999112,0.9984372,0.3079796,357.3344,66.57681,278.9158,0.6001845,1.062979,0.1973052,-4.608639,17.39458,5.935688,Nothing
11.87506,12,3,2,2,0.4996897,0.997857,0.3089183,357.7168,65.92756,278.2048,0.6002494,1.062903,0.1973348,-4.904506,17.52201,5.689965,Nothing
11.88309,12,3,2,2,0.4996577,0.9972446,0.3096966,358.0695,65.32735,277.5321,0.6003112,1.06281,0.1973718,-5.192901,17.61399,5.445995,Nothing
11.89082,12,3,2,2,0.4994822,0.9967168,0.31043,358.429,64.73333,276.822,0.6003041,1.062746,0.197425,-5.48759,17.69136,5.21031,Nothing
11.90022,12,3,2,2,0.4993617,0.9955286,0.3122483,359.1534,63.44408,275.3782,0.6003325,1.062631,0.1974603,-6.099494,17.86637,4.657178,Nothing
11.90746,12,3,2,2,0.4993829,0.9955431,0.3122144,359.1592,63.4357,275.3569,0.6003601,1.062587,0.1975226,-6.100605,17.85451,4.659434,Nothing
11.91797,12,3,2,2,0.4991422,0.9943223,0.3139322,359.8544,62.19163,273.9068,0.6003501,1.062424,0.1975832,-6.711394,17.98394,4.124564,Nothing
11.93584,12,3,2,2,0.499073,0.9933519,0.3155139,0.5292208,60.8683,272.3127,0.6001936,1.06225,0.197589,-7.335244,18.04107,3.527016,Nothing
11.95039,12,3,2,2,0.4989436,0.9924546,0.3167596,1.152891,59.64966,270.6577,0.6000621,1.062026,0.1976244,-7.958309,18.01701,2.988273,Nothing
11.96689,12,3,2,2,0.4988803,0.9918121,0.3177545,1.661055,58.47295,269.0218,0.5999236,1.061808,0.1977104,-8.534915,17.92797,2.482917,Nothing
11.98351,12,3,2,2,0.4988821,0.9915984,0.3183603,2.025132,57.39683,267.4789,0.5998402,1.061603,0.1977428,-9.021994,17.79025,2.046581,Nothing
11.99883,12,3,2,2,0.4989319,0.9918407,0.3187603,2.280071,56.40229,266.0027,0.5997228,1.061413,0.1978097,-9.426144,17.615,1.65881,Nothing
12.00853,12,3,2,2,0.4991215,0.9922933,0.3185199,2.278718,56.04847,265.3463,0.5997015,1.061339,0.1978411,-9.559428,17.48321,1.54623,Nothing
12.02721,12,3,2,2,0.4996296,0.9940012,0.3177676,2.24697,55.03825,263.4351,0.5996111,1.061136,0.1979636,-9.89224,17.0889,1.239759,Nothing
12.04364,12,3,2,2,0.5002609,0.9955781,0.31667,2.037644,54.63036,262.4421,0.5996204,1.060963,0.1979435,-9.958839,16.81028,1.160447,Nothing
12.05818,12,3,2,2,0.5005649,0.9971186,0.3158863,1.888245,54.11043,261.3706,0.5995943,1.060833,0.1979282,-10.05911,16.56958,1.04507,Nothing
12.06648,12,3,2,2,0.50078,0.9977445,0.3154024,1.811243,53.88511,260.8411,0.5995324,1.060752,0.1979506,-10.11741,16.42863,0.9960612,Nothing
12.07455,12,3,2,2,0.5009916,0.9981524,0.3150661,1.793426,53.62621,260.2172,0.5994826,1.060721,0.1979199,-10.23547,16.28592,0.9160063,Nothing
12.08469,12,3,2,2,0.5012928,0.9984738,0.314658,1.768355,53.36888,259.5822,0.5994526,1.060656,0.1979044,-10.35825,16.12632,0.8370605,Nothing
12.0921,12,3,2,2,0.5015184,0.9988383,0.3143661,1.771309,53.09964,258.9468,0.5994328,1.060624,0.1978053,-10.48256,15.99007,0.7454507,Nothing
12.10912,12,3,2,2,0.5020582,0.9991226,0.3138269,1.826782,52.55273,257.7214,0.5994589,1.060598,0.1977394,-10.76663,15.70094,0.556676,Nothing
12.12701,12,3,2,2,0.5025436,0.9992666,0.3136178,1.877337,51.94725,256.4543,0.5994865,1.060552,0.1976716,-11.07419,15.42832,0.3329839,Nothing
12.14391,12,3,2,2,0.5031121,0.9995807,0.3130227,1.86539,51.47788,255.2299,0.5995584,1.060473,0.197598,-11.33195,15.12426,0.1844881,Nothing
12.16745,12,3,2,2,0.5044413,1.000593,0.3116246,1.677768,50.69704,252.9316,0.5996274,1.060324,0.1975125,-11.73155,14.50162,-0.04364592,Nothing
12.17476,12,3,2,2,0.504804,1.00072,0.3113699,1.617968,50.52567,252.4103,0.5995792,1.060324,0.1973927,-11.83401,14.35925,-0.1146502,Nothing
12.18486,12,3,2,2,0.5050842,1.000999,0.3108145,1.512443,50.49723,251.9226,0.5996154,1.060253,0.1973895,-11.89655,14.20617,-0.09036713,Nothing
12.2001,12,3,2,2,0.5060449,1.001408,0.3093511,1.322352,50.47312,250.8401,0.5996941,1.06023,0.1972728,-12.0548,13.81917,-0.05296378,Nothing
12.20802,12,3,2,2,0.5067097,1.001806,0.3083605,1.199544,50.55101,250.2882,0.5997238,1.060205,0.1972271,-12.09712,13.59438,-0.001331123,Nothing
12.21671,12,3,2,2,0.5074186,1.002155,0.3072452,1.054004,50.64642,249.7363,0.5997521,1.060182,0.1971821,-12.13673,13.35412,0.0625923,Nothing
12.22516,12,3,2,2,0.5081107,1.00238,0.306215,0.9220009,50.71314,249.2127,0.5997974,1.060176,0.1971165,-12.18563,13.12596,0.1109188,Nothing
12.23351,12,3,2,2,0.508437,1.002881,0.3054712,0.7535111,50.74121,248.7704,0.5998131,1.060167,0.197058,-12.20049,12.97397,0.1621298,Nothing
12.2424,12,3,2,2,0.5091181,1.003266,0.3045366,0.6118975,50.74751,248.2459,0.5997601,1.060129,0.1970408,-12.22196,12.75301,0.1823691,Nothing
12.25046,12,3,2,2,0.5095557,1.003624,0.3038086,0.4505444,50.75285,247.7412,0.5997892,1.060118,0.1969953,-12.25893,12.57644,0.2163344,Nothing
12.26062,12,3,2,2,0.5099845,1.004087,0.3027866,0.2601594,50.82977,247.2052,0.5999593,1.060282,0.1970841,-12.29728,12.36447,0.3185706,Nothing
12.26808,12,3,2,2,0.510737,1.004098,0.3016312,0.110405,50.97985,246.563,0.5998408,1.060071,0.1967073,-12.35678,12.11235,0.3563471,Nothing
12.28357,12,3,2,2,0.5127915,1.004714,0.2981471,359.6368,51.35869,244.6796,0.5999103,1.060055,0.1965046,-12.48722,11.33015,0.573794,Nothing
12.29103,12,3,2,2,0.5132623,1.00517,0.2967083,359.4353,51.53411,244.0495,0.6000108,1.060129,0.1965492,-12.49643,11.06575,0.7174043,Nothing
12.29958,12,3,2,2,0.5140095,1.005204,0.2953455,359.291,51.69672,243.3683,0.6000668,1.060133,0.1964754,-12.54549,10.76757,0.8070877,Nothing
12.31447,12,3,2,2,0.5157377,1.004884,0.293181,359.0113,52.03082,242.1016,0.6001447,1.060013,0.19633,-12.65208,10.20692,0.920726,Nothing
12.32451,12,3,2,2,0.5166659,1.004935,0.2915097,358.8438,52.33266,241.413,0.6002029,1.060122,0.1962527,-12.67327,9.865935,1.051492,Nothing
12.33418,12,3,2,2,0.5176227,1.004803,0.2897189,358.6349,52.68581,240.8583,0.6003075,1.060161,0.1962941,-12.66444,9.530627,1.216457,Nothing
12.3434,12,3,2,2,0.5183765,1.005034,0.2881514,358.4228,53.00687,240.3086,0.6003466,1.060229,0.1962462,-12.63404,9.250316,1.360833,Nothing
12.35855,12,3,2,2,0.5200319,1.005049,0.2851328,358.0056,53.67951,239.2834,0.6005332,1.060256,0.1962011,-12.58121,8.69157,1.642273,Nothing
12.36659,12,3,2,2,0.5207852,1.005187,0.2833961,357.7638,54.10916,238.7606,0.6005895,1.060294,0.1961397,-12.52663,8.40386,1.8214,Nothing
12.37601,12,3,2,2,0.5215687,1.005134,0.2818287,357.5307,54.51352,238.3224,0.6006449,1.060816,0.1961848,-12.52383,8.098009,1.986475,Nothing
12.38507,12,3,2,2,0.5222616,1.005244,0.2804781,357.2758,54.89132,237.9893,0.6007047,1.060619,0.1961531,-12.43293,7.899333,2.129912,Nothing
12.40138,12,3,2,2,0.5234345,1.005169,0.2774112,356.8254,55.84325,237.3374,0.6006418,1.060542,0.1957145,-12.2972,7.466401,2.452668,Nothing
12.40794,12,3,2,2,0.5248945,1.004604,0.2742047,356.4392,56.8489,236.7678,0.6006451,1.060534,0.1955558,-12.1615,6.968309,2.777258,Nothing
12.41666,12,3,2,2,0.5255802,1.004161,0.2726532,356.3052,57.44557,236.677,0.6006458,1.060551,0.1954872,-12.08597,6.74989,2.950922,Nothing
12.42456,12,3,2,2,0.5257617,1.004286,0.2706271,356.1047,58.17052,236.6519,0.6006021,1.060573,0.1954412,-11.92227,6.56361,3.226362,Nothing
12.43465,12,3,2,2,0.5263912,1.003723,0.2689957,356.0253,58.84801,236.6926,0.6006144,1.060546,0.1954293,-11.82801,6.352863,3.417242,Nothing
12.45229,12,3,2,2,0.5275162,1.002438,0.2666673,355.933,60.07714,237.0292,0.60061,1.060563,0.1952991,-11.70432,6.056363,3.70386,Nothing
12.47235,12,3,2,2,0.5284504,1.001204,0.2640343,355.7631,61.69085,237.7446,0.6006592,1.0607,0.1951859,-11.51509,5.796844,4.103588,Nothing
12.48334,12,3,2,2,0.5284385,1.001034,0.2632523,355.6806,62.19585,238.0249,0.6007323,1.060766,0.1951866,-11.43799,5.755913,4.263305,Nothing
12.49153,12,3,2,2,0.5284412,1.000783,0.2629504,355.6318,62.56618,238.3324,0.6007831,1.060794,0.1951474,-11.39985,5.763962,4.360871,Nothing
12.50038,12,3,2,2,0.5282823,1.000763,0.2627291,355.4947,62.87205,238.5688,0.6008636,1.060877,0.1950786,-11.35878,5.793626,4.468506,Nothing
12.50963,12,3,2,2,0.5277702,1.001136,0.2623836,355.3497,63.17714,238.8708,0.6009932,1.061021,0.1951823,-11.26774,5.850079,4.630835,Nothing
12.51707,12,3,2,2,0.5274543,1.001339,0.2620436,355.179,63.50428,239.1269,0.601064,1.061073,0.1951623,-11.18721,5.890058,4.767371,Nothing
12.53473,12,3,2,2,0.5267822,1.001961,0.2600434,354.6929,64.63216,239.8031,0.6010458,1.060959,0.1949153,-10.85953,5.897711,5.181502,Nothing
12.54953,12,3,2,2,0.5260174,1.003327,0.2585258,354.1839,65.32856,240.2166,0.6012594,1.060909,0.1948903,-10.5246,5.951056,5.524158,Nothing
12.55861,12,3,2,2,0.5257058,1.003882,0.2577378,353.9525,65.69186,240.4289,0.6013241,1.060923,0.1948746,-10.3686,5.956728,5.684401,Nothing
12.56799,12,3,2,2,0.5253919,1.004611,0.256878,353.7072,66.038,240.669,0.6013278,1.060922,0.1949278,-10.18008,5.962784,5.83932,Nothing
12.57503,12,3,2,2,0.5248382,1.005488,0.2563712,353.451,66.28396,240.9878,0.601405,1.060884,0.1950355,-9.989205,6.040192,5.992564,Nothing
12.58565,12,3,2,2,0.5243651,1.006306,0.2559112,353.2006,66.51915,241.2325,0.601467,1.061013,0.1950488,-9.83509,6.098973,6.128191,Nothing
12.59157,12,3,2,2,0.5238323,1.007071,0.2555614,352.9581,66.72608,241.4761,0.6014838,1.061,0.1950433,-9.680264,6.175272,6.251253,Nothing
12.60165,12,3,2,2,0.523111,1.007716,0.2555132,352.753,66.87208,241.6939,0.6015199,1.060998,0.195088,-9.563969,6.274013,6.371672,Nothing
12.61043,12,3,2,2,0.5226402,1.00802,0.255808,352.6123,66.87833,241.905,0.6016036,1.060889,0.1951681,-9.50161,6.384243,6.429095,Nothing
12.63116,12,3,2,2,0.5210263,1.009855,0.2568173,352.1999,66.84802,242.5931,0.6018077,1.060885,0.1953539,-9.256699,6.781255,6.588778,Nothing
12.64095,12,3,2,2,0.5204076,1.010343,0.2573904,352.1239,66.79826,242.8098,0.6018746,1.060893,0.1954362,-9.2095,6.927392,6.629419,Nothing
12.6505,12,3,2,2,0.5196112,1.010819,0.2582101,351.9849,66.78659,243.2854,0.6019964,1.060808,0.1956192,-9.121255,7.14373,6.698756,Nothing
12.66646,12,3,2,2,0.518882,1.011347,0.2587501,351.8747,66.83878,243.7346,0.6021274,1.060759,0.1958528,-9.012221,7.315526,6.785482,Nothing
12.67438,12,3,2,2,0.5185644,1.011505,0.2590811,351.8323,66.86047,243.9997,0.6021898,1.060732,0.195971,-8.9668,7.404917,6.820605,Nothing
12.68404,12,3,2,2,0.5182165,1.011826,0.2592308,351.7697,66.90539,244.1862,0.6022326,1.060701,0.1960733,-8.901124,7.474331,6.867491,Nothing
12.69489,12,3,2,2,0.5180377,1.011896,0.2593621,351.7553,66.96359,244.3605,0.602205,1.06068,0.1961437,-8.867291,7.514658,6.891114,Nothing
12.70926,12,3,2,2,0.5177445,1.01221,0.2594667,351.7084,67.06174,244.6563,0.6022421,1.060552,0.1963112,-8.768932,7.585956,6.943427,Nothing
12.71678,12,3,2,2,0.5176197,1.012293,0.2595038,351.6934,67.11313,244.7736,0.602205,1.060489,0.196352,-8.733119,7.61126,6.961075,Nothing
12.72466,12,3,2,2,0.5174673,1.012372,0.2596059,351.6799,67.14102,244.8549,0.6021489,1.060444,0.1963674,-8.710946,7.64073,6.971555,Nothing
12.73268,12,3,2,2,0.5173349,1.012295,0.2597567,351.6604,67.15589,244.9823,0.6020339,1.060375,0.1963826,-8.698731,7.672972,6.971777,Nothing
12.74178,12,3,2,2,0.517087,1.012348,0.2600958,351.6496,67.13411,245.1005,0.6019515,1.060281,0.1964203,-8.683969,7.736936,6.970232,Nothing
12.7511,12,3,2,2,0.5170214,1.012353,0.2604958,351.6591,67.11257,245.2658,0.6018746,1.060231,0.1964896,-8.67528,7.796747,6.948565,Nothing
12.76038,12,3,2,2,0.5168797,1.012377,0.2607791,351.6641,67.10547,245.3952,0.6017938,1.060152,0.1965351,-8.660125,7.847121,6.940887,Nothing
12.78186,12,3,2,2,0.5168384,1.012423,0.2613006,351.7403,67.26704,246.0083,0.6014242,1.059801,0.1967453,-8.545244,7.954114,6.909303,Nothing
12.79364,12,3,2,2,0.5170575,1.012419,0.2609122,351.8093,67.63223,246.5366,0.6012519,1.059605,0.1968058,-8.41091,7.944078,6.94622,Nothing
12.80072,12,3,2,2,0.5172447,1.012437,0.2605475,351.8453,67.91151,246.8718,0.601204,1.059516,0.1968233,-8.319097,7.923278,6.984276,Nothing
12.8091,12,3,2,2,0.5175421,1.01246,0.2602122,351.8703,68.24528,247.2828,0.6011783,1.059447,0.1968867,-8.21319,7.901532,7.023983,Nothing
12.82568,12,3,2,2,0.5178051,1.012735,0.2595286,351.8854,68.90094,248.2377,0.6012362,1.059352,0.197073,-7.959674,7.895929,7.148842,Nothing
12.83464,12,3,2,2,0.5178903,1.013089,0.2594227,351.8507,69.16867,248.7321,0.6012078,1.05929,0.1970897,-7.819617,7.94039,7.184966,Nothing
12.84151,12,3,2,2,0.5176432,1.013782,0.2592491,351.6745,69.431,249.2068,0.601127,1.059164,0.1971077,-7.619311,8.008914,7.256686,Nothing
12.85158,12,3,2,2,0.517563,1.014134,0.2590826,351.5672,69.68967,249.6548,0.6010918,1.059146,0.1971395,-7.478354,8.044341,7.316598,Nothing
12.86601,12,3,2,2,0.5170174,1.015143,0.2590148,351.2867,69.89172,250.1613,0.6010699,1.059094,0.1971655,-7.240235,8.156797,7.414073,Nothing
12.87952,12,3,2,2,0.5158746,1.016914,0.258892,350.7859,70.29797,251.1679,0.6009299,1.059064,0.1972043,-6.801331,8.355459,7.601042,Nothing
12.89175,12,3,2,2,0.5143816,1.018941,0.2591416,350.2238,70.68694,252.338,0.6008652,1.059102,0.1970624,-6.322109,8.643875,7.805355,Nothing
12.90219,12,3,2,2,0.5131682,1.020721,0.2595364,349.7168,71.0802,253.5775,0.6006709,1.059094,0.1969717,-5.854772,8.905548,7.9588,Nothing
12.91876,12,3,2,2,0.5118977,1.022071,0.2605892,349.3068,71.52628,255.2965,0.6005242,1.059097,0.1968268,-5.38187,9.25124,8.108025,Nothing
12.94788,12,3,2,2,0.5102155,1.022916,0.2658305,349.1448,71.90295,259.464,0.6002086,1.059058,0.1965783,-4.680729,10.23911,8.11663,Nothing
12.96014,12,3,2,2,0.5087323,1.022381,0.2701201,349.1453,72.24047,262.4205,0.5999933,1.059071,0.1963516,-4.2666,10.95718,8.172252,Nothing
12.96686,12,3,2,2,0.5089711,1.022086,0.2708326,349.1619,72.89798,263.8721,0.5999093,1.059078,0.1962313,-4.011408,11.05398,8.243022,Nothing
12.97646,12,3,2,2,0.5088807,1.022237,0.2703912,348.9467,73.73411,265.2034,0.5997713,1.059078,0.1961026,-3.660404,11.00332,8.417668,Nothing
12.9827,12,3,2,2,0.5088072,1.022645,0.2691898,348.6437,74.75937,266.4347,0.5996044,1.059109,0.195986,-3.27539,10.8231,8.642126,Nothing
12.99178,12,3,2,2,0.5085281,1.023682,0.2671841,348.1147,75.97337,267.5801,0.5994539,1.059082,0.1958671,-2.779705,10.51712,8.932958,Nothing
12.99953,12,3,2,2,0.5079631,1.025103,0.2652759,347.4306,77.19669,268.7893,0.5992909,1.059075,0.1957672,-2.211167,10.20689,9.233681,Nothing
13.00816,12,3,2,2,0.5070714,1.02696,0.2628314,346.5978,78.52891,269.9718,0.5992025,1.058993,0.1957028,-1.556942,9.795293,9.581744,Nothing
13.01686,12,3,2,2,0.5059921,1.028963,0.260874,345.7019,79.77011,271.3398,0.5990917,1.058988,0.1956414,-0.86639,9.4252,9.896253,Nothing
13.02692,12,3,2,2,0.5033268,1.032532,0.258302,343.9005,82.02428,274.2658,0.5987691,1.058989,0.1953956,0.4652784,8.787761,10.45438,Nothing
13.04132,12,3,2,2,0.5001684,1.035573,0.2584807,342.1353,83.75273,277.9439,0.5986247,1.059013,0.1953211,1.829642,8.387781,10.9248,Nothing
13.04933,12,3,2,2,0.4987676,1.036022,0.2604308,341.4651,84.23722,280.2463,0.5984713,1.059071,0.1951426,2.423747,8.434853,11.08367,Nothing
13.0576,12,3,2,2,0.4975059,1.035764,0.2640045,340.9722,84.38094,282.9451,0.5983875,1.059088,0.1950708,3.010363,8.686748,11.19652,Nothing
13.06602,12,3,2,2,0.497585,1.03292,0.2705303,341.1729,83.82227,286.1341,0.5983093,1.059086,0.1950219,3.331821,9.451991,11.12664,Nothing
13.07425,12,3,2,2,0.4973477,1.031022,0.2746249,341.0321,83.7585,288.6815,0.5982481,1.059088,0.1949504,3.721847,9.827723,11.15599,Nothing
13.09067,12,3,2,2,0.4984048,1.02545,0.2809938,341.3747,83.93538,292.5873,0.5982524,1.059071,0.1948216,3.976399,10.48566,11.20405,Nothing
13.10216,12,3,2,2,0.4985387,1.025474,0.2778184,340.9421,85.0979,292.4478,0.5982606,1.059052,0.1947582,3.885741,9.897048,11.43314,Nothing
13.11111,12,3,2,2,0.4978378,1.026074,0.2753369,340.3945,86.08215,292.7606,0.5982712,1.059042,0.1947396,4.009217,9.340469,11.6775,Nothing
13.12384,12,3,2,2,0.496924,1.027359,0.2712283,339.2259,87.78748,293.4488,0.59815,1.059017,0.1946438,4.286444,8.352107,12.00059,Nothing
13.13406,12,3,2,2,0.4967029,1.027668,0.2703454,338.8081,88.31749,294.0233,0.5981521,1.059024,0.1945962,4.435331,8.057701,12.09033,Nothing
13.14127,12,3,2,2,0.4962532,1.027861,0.2705458,338.3936,88.58114,294.8468,0.5981869,1.058991,0.1945418,4.675498,7.910871,12.16564,Nothing
13.15036,12,3,2,2,0.4958039,1.027835,0.271234,338.0491,88.71258,295.8262,0.5981299,1.059029,0.1944582,4.919335,7.848148,12.2226,Nothing
13.16104,12,3,2,2,0.495791,1.026227,0.2736138,337.767,88.85789,298.0422,0.5981435,1.059057,0.1944124,5.242265,7.926131,12.30883,Nothing
13.16991,12,3,2,2,0.4963994,1.024811,0.2754351,337.8281,88.77234,299.3723,0.5981706,1.059089,0.1944037,5.361331,8.101005,12.2934,Nothing
13.18202,12,3,2,2,0.4975408,1.021979,0.2780066,338.2886,88.53626,300.8339,0.5982308,1.059076,0.1943925,5.34134,8.498106,12.25881,Nothing
13.19292,12,3,2,2,0.4998197,1.017888,0.2817499,338.7558,88.40889,303.3751,0.5983078,1.059082,0.1944084,5.418897,8.988222,12.16217,Nothing
13.20105,12,3,2,2,0.5013044,1.01566,0.2817565,339.2045,88.73205,303.9107,0.5983334,1.059091,0.1944332,5.150217,9.090822,12.14737,Nothing
13.2164,12,3,2,2,0.5024894,1.016358,0.2784346,338.8865,89.8587,303.8242,0.5985018,1.05913,0.1945643,4.931148,8.487239,12.20355,Nothing
13.22534,12,3,2,2,0.501667,1.01841,0.2756897,338.2498,90.58178,303.4243,0.5986066,1.059155,0.1946489,4.97823,7.885391,12.33347,Nothing
13.23958,12,3,2,2,0.4999204,1.023182,0.2704507,336.8205,92.0454,302.9418,0.5988454,1.059198,0.1948402,5.23316,6.60559,12.5247,Nothing
13.25044,12,3,2,2,0.4985104,1.025488,0.2685943,336.0356,92.53335,302.9845,0.5989201,1.059205,0.194967,5.482023,6.038723,12.61721,Nothing
13.25819,12,3,2,2,0.4971772,1.027712,0.2679563,335.3514,92.83868,303.3265,0.5990628,1.059185,0.1950346,5.830341,5.614997,12.68286,Nothing
13.26857,12,3,2,2,0.4963628,1.029341,0.2670645,334.6665,93.20242,303.4872,0.5991596,1.059204,0.1951123,6.058568,5.222157,12.71552,Nothing
13.28378,12,3,2,2,0.4933299,1.033723,0.2656893,332.9417,94.1268,304.4893,0.5993395,1.059214,0.1953596,6.782161,4.174701,12.84216,Nothing
13.29095,12,3,2,2,0.4924697,1.035008,0.2651427,332.419,94.41731,304.7926,0.5993948,1.059222,0.1954255,6.978205,3.841417,12.86525,Nothing
13.30019,12,3,2,2,0.4921199,1.035598,0.2648264,332.2239,94.62358,305.1279,0.5994706,1.059225,0.1955064,7.057124,3.64201,12.88435,Nothing
13.30772,12,3,2,2,0.4919904,1.035764,0.2648819,332.0225,94.72099,305.4248,0.5994928,1.059212,0.195582,7.123852,3.539253,12.88754,Nothing
13.31616,12,3,2,2,0.4917494,1.036093,0.2648917,331.8814,94.78768,305.5671,0.5995136,1.059201,0.1956816,7.184863,3.449441,12.89279,Nothing
13.32431,12,3,2,2,0.491782,1.036606,0.2643096,331.7534,94.92628,305.4558,0.5995051,1.059168,0.1957712,7.185793,3.323607,12.85883,Nothing
13.33528,12,3,2,2,0.4916136,1.037131,0.263349,331.6365,95.13985,305.2171,0.5993381,1.059155,0.1957265,7.154993,3.175153,12.83521,Nothing
13.35121,12,3,2,2,0.4915632,1.037464,0.2623319,331.6346,95.28895,305.0002,0.5993211,1.059096,0.1958205,7.086004,3.042371,12.82166,Nothing
13.36658,12,3,2,2,0.49166,1.037497,0.2623233,331.6922,95.28164,305.0922,0.5992655,1.059063,0.1959327,7.07208,3.031134,12.80462,Nothing
13.37582,12,3,2,2,0.4919956,1.037184,0.2622992,331.7971,95.24316,305.1653,0.5992247,1.059047,0.1959741,7.015987,3.070783,12.78543,Nothing
13.3849,12,3,2,2,0.4922914,1.036891,0.2623717,331.9162,95.19874,305.2427,0.5992115,1.059011,0.1960116,6.971401,3.117167,12.77194,Nothing
13.39801,12,3,2,2,0.4935295,1.036047,0.2623453,332.2809,95.12362,305.3222,0.5991552,1.058824,0.1959428,6.81447,3.265335,12.69194,Nothing
13.40865,12,3,2,2,0.4938316,1.035837,0.2625547,332.402,95.09893,305.3625,0.5991016,1.058733,0.1959775,6.785958,3.318599,12.6686,Nothing
13.41687,12,3,2,2,0.4942508,1.035692,0.2621252,332.5087,95.15757,305.3692,0.5990605,1.058512,0.1960251,6.717236,3.288716,12.62541,Nothing
13.42451,12,3,2,2,0.4945992,1.035929,0.2618264,332.5375,95.1825,305.3624,0.5990052,1.058412,0.196061,6.698934,3.252965,12.567,Nothing
13.43404,12,3,2,2,0.4942955,1.036442,0.2613894,332.4335,95.28124,305.2821,0.5989596,1.058347,0.1960799,6.730556,3.141549,12.56145,Nothing
13.44267,12,3,2,2,0.4939,1.037061,0.260872,332.2868,95.39083,305.182,0.5988539,1.058231,0.1961643,6.77203,3.000873,12.54701,Nothing
13.45802,12,3,2,2,0.4929017,1.037937,0.2604784,331.9556,95.53335,305.0403,0.5988253,1.058059,0.1962575,6.902314,2.799658,12.57572,Nothing
13.46606,12,3,2,2,0.4923159,1.038512,0.2602791,331.7815,95.56839,305.0257,0.5988277,1.057992,0.1962403,6.993413,2.693478,12.58966,Nothing
13.47467,12,3,2,2,0.4918567,1.039019,0.2603264,331.6422,95.54,305.0541,0.5987912,1.057953,0.1962998,7.083555,2.628075,12.58955,Nothing
13.48334,12,3,2,2,0.4916941,1.039543,0.2600555,331.5585,95.53666,305.0226,0.5987448,1.057848,0.1963309,7.133331,2.552652,12.5569,Nothing
13.492,12,3,2,2,0.4915608,1.039627,0.2602575,331.5706,95.43212,305.0466,0.5987288,1.057781,0.1963653,7.170674,2.575626,12.55309,Nothing
13.50932,12,3,2,2,0.4916851,1.039474,0.2606506,331.7297,95.22357,305.0134,0.5987709,1.057675,0.1963453,7.181213,2.689223,12.54327,Nothing
13.52614,12,3,2,2,0.4922578,1.038974,0.2610768,332.106,94.91942,304.8878,0.5987149,1.057586,0.1964397,7.098622,2.897685,12.50251,Nothing
13.53325,12,3,2,2,0.4928872,1.038319,0.2613351,332.5121,94.65694,304.6888,0.5986822,1.057485,0.1965299,6.977282,3.103009,12.46841,Nothing
13.54298,12,3,2,2,0.493454,1.037743,0.2614332,332.844,94.51569,304.4911,0.5986723,1.05743,0.1965415,6.858068,3.258717,12.44574,Nothing
13.56825,12,3,2,2,0.4950041,1.036381,0.2611497,333.7962,94.15846,303.7709,0.5985671,1.057284,0.1966146,6.480882,3.632061,12.3576,Nothing
13.57507,12,3,2,2,0.4954401,1.036004,0.2613515,334.0868,93.94579,303.5891,0.598577,1.057255,0.1966123,6.401065,3.786499,12.32702,Nothing
13.58467,12,3,2,2,0.4959965,1.035587,0.2616931,334.3796,93.64206,303.4238,0.5985971,1.057255,0.1965968,6.328056,3.979672,12.27841,Nothing
13.5995,12,3,2,2,0.4968737,1.034917,0.262327,334.9281,93.13236,303.0805,0.5986068,1.057313,0.1966229,6.18666,4.316371,12.2002,Nothing
13.60767,12,3,2,2,0.4972209,1.034649,0.2625711,335.1999,92.89248,302.9051,0.5986251,1.057325,0.1966488,6.119351,4.46381,12.16685,Nothing
13.61612,12,3,2,2,0.4976707,1.034366,0.2627311,335.485,92.6692,302.7179,0.598661,1.057327,0.1966626,6.038177,4.605796,12.12575,Nothing
13.62479,12,3,2,2,0.4981357,1.033929,0.2628562,335.796,92.46635,302.4995,0.5986843,1.057342,0.1966812,5.928997,4.7552,12.09172,Nothing
13.63341,12,3,2,2,0.4985669,1.03362,0.2628809,336.0982,92.28322,302.2867,0.5987289,1.057326,0.1966699,5.831514,4.880122,12.05618,Nothing
13.6424,12,3,2,2,0.4991974,1.033302,0.263074,336.4272,92.06837,302.0684,0.5987635,1.05736,0.196683,5.726077,5.037251,11.99789,Nothing
13.65044,12,3,2,2,0.5002214,1.032493,0.2633784,337.1162,91.60075,301.6081,0.598789,1.057379,0.1967265,5.496918,5.352016,11.89907,Nothing
13.66864,12,3,2,2,0.5017462,1.031392,0.2639372,337.9346,90.98444,300.9233,0.5987648,1.057399,0.1968021,5.19379,5.775671,11.73271,Nothing
13.68327,12,3,2,2,0.5029533,1.030203,0.264201,338.831,90.3653,300.2131,0.5987682,1.057438,0.1968359,4.854103,6.169957,11.59813,Nothing
13.69131,12,3,2,2,0.503772,1.029298,0.2645804,339.3759,89.99467,299.8509,0.5987316,1.057429,0.1968496,4.645972,6.430043,11.5042,Nothing
13.70105,12,3,2,2,0.5045257,1.028618,0.2650642,339.8857,89.6109,299.5001,0.5987104,1.057373,0.1968786,4.477076,6.676647,11.40121,Nothing
13.71677,12,3,2,2,0.5064297,1.026126,0.2664646,341.177,88.70182,298.83,0.5985384,1.057369,0.1969472,3.9827,7.324819,11.15174,Nothing
13.72433,12,3,2,2,0.5075109,1.024712,0.2673503,341.9033,88.17594,298.495,0.598412,1.057305,0.1969577,3.716455,7.689742,10.98924,Nothing
13.73485,12,3,2,2,0.5084011,1.023361,0.2682681,342.5731,87.66125,298.1571,0.5982843,1.057264,0.1969892,3.466651,8.037179,10.83895,Nothing
13.7504,12,3,2,2,0.5100547,1.020617,0.2706862,343.876,86.44862,297.4335,0.5979894,1.057174,0.1969865,2.99746,8.81138,10.4914,Nothing
13.76868,12,3,2,2,0.5117065,1.017363,0.2739392,345.6077,84.69207,296.1482,0.5976114,1.057106,0.1968989,2.357989,9.826211,9.99608,Nothing
13.78325,12,3,2,2,0.5123626,1.015562,0.2761483,346.651,83.47694,295.2274,0.5975266,1.057098,0.1967679,1.976075,10.46835,9.683333,Nothing
13.79161,12,3,2,2,0.5126408,1.014548,0.2774694,347.1986,82.82535,294.806,0.5974402,1.05711,0.1967091,1.779645,10.81718,9.508223,Nothing
13.79971,12,3,2,2,0.5130448,1.013269,0.2789697,347.768,82.13163,294.4052,0.5973253,1.057052,0.1967254,1.560547,11.18715,9.301587,Nothing
13.80824,12,3,2,2,0.5132986,1.012056,0.2805234,348.3645,81.41459,293.9606,0.5971619,1.057002,0.1967666,1.33553,11.55727,9.088844,Nothing
13.81752,12,3,2,2,0.5136511,1.010948,0.2822156,348.9831,80.66286,293.4814,0.5970057,1.057027,0.1968268,1.102318,11.93762,8.844698,Nothing
13.83305,12,3,2,2,0.5141928,1.008044,0.2855467,350.3193,79.1323,292.474,0.5967345,1.056931,0.1968127,0.5503809,12.71721,8.343217,Nothing
13.84186,12,3,2,2,0.5145118,1.006431,0.287384,351.0506,78.36066,291.9438,0.5966058,1.056925,0.1967724,0.2390525,13.12694,8.062262,Nothing
13.86018,12,3,2,2,0.514935,1.003092,0.2907851,352.471,76.867,290.9305,0.5962779,1.056824,0.1968074,-0.3931713,13.86706,7.500942,Nothing
13.88376,12,3,2,2,0.5154412,0.9990789,0.2947566,354.2732,74.9704,289.481,0.5957675,1.056803,0.1968801,-1.25392,14.69488,6.719777,Nothing
13.89198,12,3,2,2,0.5156067,0.9983376,0.2953426,354.6768,74.57307,289.13,0.5956267,1.056796,0.196902,-1.450345,14.8251,6.540142,Nothing
13.90797,12,3,2,2,0.5157416,0.9963702,0.2971795,355.8043,73.41814,288.0315,0.5951959,1.056858,0.1970137,-2.01709,15.19226,6.040233,Nothing
13.91743,12,3,2,2,0.5159224,0.9961734,0.2974253,356.0185,73.1736,287.7669,0.5950814,1.056818,0.1970006,-2.119762,15.23776,5.916271,Nothing
13.92464,12,3,2,2,0.515878,0.996675,0.2970116,356.0174,73.13771,287.652,0.5949636,1.056822,0.1970155,-2.109438,15.1713,5.909986,Nothing
13.9337,12,3,2,2,0.5161007,0.9964771,0.2971161,356.1878,72.89823,287.4575,0.5947474,1.056861,0.1969859,-2.204318,15.20129,5.781127,Nothing
13.95074,12,3,2,2,0.5160323,0.997344,0.2970413,356.2203,72.62978,287.2456,0.5944468,1.056873,0.1969963,-2.172141,15.1732,5.683244,Nothing
13.96878,12,3,2,2,0.516131,0.9983444,0.2966444,356.1874,72.33974,286.9399,0.594151,1.056849,0.1970199,-2.152329,15.09488,5.580193,Nothing
13.97731,12,3,2,2,0.5157374,0.9987859,0.2968651,356.1869,72.16061,286.8009,0.5940927,1.056801,0.1970864,-2.122179,15.11652,5.564964,Nothing
13.99458,12,3,2,2,0.5155938,0.9991462,0.2970489,356.3434,71.7973,286.2989,0.5941359,1.056713,0.1976514,-2.223241,15.08492,5.490786,Nothing
14.00015,12,3,2,2,0.5152763,0.9991093,0.2972419,356.4288,71.60938,286.0102,0.5936632,1.056825,0.1970618,-2.302311,15.1757,5.391169,Nothing
14.01692,12,3,2,2,0.5149837,0.998877,0.2979833,356.7231,71.11387,285.4614,0.5934622,1.056856,0.1969652,-2.474642,15.30401,5.217873,Nothing
14.04257,12,3,2,2,0.5149957,0.9970279,0.299898,357.6075,70.05878,284.5125,0.5929565,1.056916,0.1971494,-2.971554,15.58809,4.741394,Nothing
14.05902,12,3,2,2,0.5152957,0.9958661,0.3007317,358.1008,69.60783,284.043,0.5926856,1.056961,0.1971495,-3.256644,15.70819,4.47838,Nothing
14.07422,12,3,2,2,0.5156107,0.9948951,0.3012182,358.5204,69.23997,283.5213,0.5926871,1.056968,0.1973996,-3.536179,15.75164,4.293442,Nothing
14.08337,12,3,2,2,0.5156623,0.9947861,0.301323,358.6388,69.08271,283.2245,0.5926028,1.056973,0.1974159,-3.637031,15.75327,4.220813,Nothing
14.10019,12,3,2,2,0.515887,0.994703,0.3012091,358.8355,68.87533,282.7366,0.5925713,1.057013,0.1974386,-3.803034,15.71764,4.121942,Nothing
14.10886,12,3,2,2,0.5160389,0.9947593,0.3010742,358.895,68.80026,282.5246,0.5925541,1.057044,0.1974472,-3.866931,15.68681,4.083138,Nothing
14.12511,12,3,2,2,0.5163384,0.9949785,0.3004765,358.9601,68.73757,282.2137,0.5924348,1.057011,0.1975378,-3.947021,15.57438,4.042221,Nothing
14.13356,12,3,2,2,0.5164979,0.9951122,0.3001767,358.9749,68.74252,282.1263,0.5923709,1.057052,0.1976063,-3.971809,15.51769,4.032726,Nothing
14.14088,12,3,2,2,0.5165263,0.9953796,0.3000233,358.9313,68.74242,282.049,0.5922924,1.057021,0.1975939,-3.959963,15.48505,4.03183,Nothing
14.15044,12,3,2,2,0.5166383,0.9957441,0.2997009,358.8765,68.77391,282.0125,0.5922453,1.057024,0.197633,-3.93485,15.42592,4.043658,Nothing
14.15767,12,3,2,2,0.5168577,0.9962401,0.2990508,358.7911,68.87593,282.0026,0.5921826,1.057018,0.1975986,-3.891747,15.32788,4.073522,Nothing
14.16702,12,3,2,2,0.5171671,0.997202,0.2980177,358.6017,69.0694,281.976,0.5920798,1.057031,0.197626,-3.806728,15.15744,4.141062,Nothing
14.19566,12,3,2,2,0.5176419,0.9988652,0.2962498,358.2062,69.51196,282.0902,0.5919502,1.057129,0.1976669,-3.619746,14.8726,4.298728,Nothing
14.21114,12,3,2,2,0.5180504,0.9996586,0.2950873,358.0093,69.81141,282.1875,0.5918535,1.05717,0.1977161,-3.528999,14.68624,4.383945,Nothing
14.21634,12,3,2,2,0.5181755,0.9999585,0.2945968,357.9327,69.96354,282.2516,0.5917791,1.05721,0.197729,-3.491752,14.6098,4.42597,Nothing
14.22502,12,3,2,2,0.5185416,1.000028,0.2942306,357.902,70.105,282.3276,0.5916954,1.057237,0.1977539,-3.480274,14.54346,4.428928,Nothing
14.23317,12,3,2,2,0.5186067,1.000187,0.2939169,357.8571,70.25613,282.4133,0.5916231,1.057212,0.1978331,-3.445788,14.48484,4.4691,Nothing
14.24196,12,3,2,2,0.5188171,1.000215,0.2937167,357.8106,70.38094,282.4625,0.5915601,1.057239,0.1978461,-3.438837,14.44464,4.481877,Nothing
14.24951,12,3,2,2,0.5188469,1.000284,0.2935352,357.7649,70.51573,282.5688,0.5915649,1.057231,0.1978424,-3.404963,14.4182,4.522255,Nothing
14.25826,12,3,2,2,0.518874,1.000266,0.2932867,357.7058,70.60592,282.6452,0.591493,1.057228,0.197852,-3.390737,14.38396,4.549049,Nothing
14.27661,12,3,2,2,0.5189513,1.000201,0.2932175,357.6113,70.756,282.8561,0.591383,1.057321,0.197809,-3.352388,14.3778,4.575659,Nothing
14.29193,12,3,2,2,0.5189396,0.9999458,0.2934875,357.4861,70.90716,283.1886,0.5912625,1.057386,0.1977479,-3.290271,14.42348,4.601813,Nothing
14.30818,12,3,2,2,0.5188548,0.9997672,0.2936875,357.4081,71.00896,283.4066,0.591195,1.057415,0.1978362,-3.250549,14.44493,4.633018,Nothing
14.31627,12,3,2,2,0.5188559,0.9996874,0.2937372,357.3676,71.08106,283.5249,0.591131,1.057442,0.1978211,-3.229559,14.45294,4.645287,Nothing
14.32472,12,3,2,2,0.5188617,0.9995849,0.293815,357.3369,71.15109,283.636,0.591103,1.05745,0.1978537,-3.211452,14.45993,4.66019,Nothing
14.34203,12,3,2,2,0.5189902,0.9994962,0.2938253,357.2212,71.33516,283.8654,0.5910961,1.057511,0.1978853,-3.165124,14.45345,4.702724,Nothing
14.35184,12,3,2,2,0.5190173,0.9995409,0.2936814,357.1473,71.45077,283.9701,0.591128,1.057504,0.1978732,-3.130993,14.43333,4.742981,Nothing
14.3688,12,3,2,2,0.5190675,0.9998755,0.2934951,357.0045,71.63582,284.1871,0.5911445,1.057521,0.1979349,-3.037086,14.39085,4.805379,Nothing
14.38434,12,3,2,2,0.5190114,0.999943,0.2934778,356.8506,71.76939,284.3717,0.5911372,1.057565,0.1979623,-2.976877,14.38298,4.860334,Nothing
14.40218,12,3,2,2,0.5189338,1.000243,0.2933019,356.7157,71.88991,284.5038,0.591105,1.057746,0.1979459,-2.923489,14.35822,4.913221,Nothing
14.41754,12,3,2,2,0.5188181,1.00052,0.2931591,356.5441,72.05827,284.6747,0.5911811,1.057884,0.19794,-2.852538,14.33711,4.99619,Nothing
14.58055,12,3,2,2,0.5188676,1.000693,0.2928823,356.4894,72.16526,284.716,0.5913321,1.057938,0.1979713,-2.831286,14.29582,5.048135,AdjustingThresholdStart
14.58058,12,3,2,2,0.5188676,1.000693,0.2928823,356.4894,72.16526,284.716,0.5913321,1.057938,0.1979713,-2.831286,14.29582,5.048135,AdjustingThreshold
14.7206,12,3,2,2,0.5167912,1.007372,0.2907023,354.9163,72.03047,284.0198,0.5910909,1.058259,0.1981374,-2.174693,13.8644,5.411236,AdjustingThreshold
14.94675,12,3,2,2,0.5174806,1.000698,0.2976483,356.8725,70.368,284.2375,0.5905162,1.058418,0.1977713,-2.891822,14.9856,4.464197,AdjustingThresholdEnd
14.95554,12,3,2,2,0.5213866,1.007701,0.2771827,354.5303,76.67896,285.3311,0.5906745,1.057132,0.1977254,-2.128549,11.84894,6.243124,Nothing
14.9752,12,3,2,2,0.5219104,1.006972,0.2773829,354.7007,76.70399,285.5056,0.5907042,1.057027,0.1975816,-2.179246,11.90357,6.17418,Nothing
14.98447,12,3,2,2,0.5219879,1.00695,0.2773129,354.7044,76.72752,285.537,0.5907401,1.057008,0.1975363,-2.174945,11.89891,6.174263,Nothing
15.00186,12,3,2,2,0.5221686,1.006973,0.2768848,354.6886,76.85326,285.5781,0.5908113,1.056943,0.1974475,-2.167765,11.84495,6.195129,Nothing
15.01649,12,3,2,2,0.5222936,1.007249,0.2764775,354.6194,76.97327,285.6063,0.5909377,1.056914,0.1973009,-2.129068,11.79378,6.227705,Nothing
15.03314,12,3,2,2,0.5223886,1.007565,0.2760009,354.53,77.0871,285.6338,0.5909973,1.056865,0.1971788,-2.084876,11.72947,6.258288,Nothing
15.04214,12,3,2,2,0.5224112,1.007957,0.2755947,354.4241,77.19311,285.6718,0.5911211,1.05682,0.1970956,-2.025637,11.66999,6.302397,Nothing
15.05878,12,3,2,2,0.5223676,1.008319,0.2752633,354.3099,77.30157,285.7162,0.5912938,1.056766,0.1970975,-1.964626,11.61198,6.360803,Nothing
15.06897,12,3,2,2,0.5223164,1.008557,0.2750984,354.2421,77.34774,285.7458,0.5913919,1.056735,0.1970845,-1.923519,11.58423,6.392897,Nothing
15.08276,12,3,2,2,0.5222707,1.009006,0.2747688,354.1301,77.44675,285.8272,0.5915775,1.056657,0.1970823,-1.842418,11.52547,6.449028,Nothing
15.09196,12,3,2,2,0.5222273,1.009189,0.2746367,354.0732,77.49099,285.8677,0.5916492,1.056597,0.1971345,-1.804638,11.49483,6.476751,Nothing
15.10144,12,3,2,2,0.5221659,1.009305,0.2745614,354.032,77.519,285.8993,0.5917296,1.056555,0.1972203,-1.77844,11.47182,6.503541,Nothing
15.11833,12,3,2,2,0.5220268,1.009466,0.2745482,353.9717,77.55383,285.955,0.5919814,1.056592,0.1972685,-1.741871,11.46544,6.559247,Nothing
15.13243,12,3,2,2,0.5218754,1.009685,0.2744896,353.9084,77.58478,285.9948,0.592142,1.056465,0.1972755,-1.684907,11.44958,6.602905,Nothing
15.14119,12,3,2,2,0.5217758,1.009782,0.274483,353.8749,77.58432,285.9871,0.5921904,1.056423,0.1972589,-1.664123,11.44804,6.620343,Nothing
15.15855,12,3,2,2,0.5215144,1.010102,0.2744988,353.785,77.59723,286.0118,0.592364,1.056376,0.1971972,-1.598258,11.45035,6.672817,Nothing
15.17453,12,3,2,2,0.5212978,1.010161,0.2745905,353.7421,77.58954,286.0804,0.5924078,1.056281,0.1972031,-1.555067,11.46155,6.700252,Nothing
15.19168,12,3,2,2,0.5211547,1.010286,0.274455,353.6965,77.63167,286.1039,0.5925233,1.056235,0.1972216,-1.526203,11.43897,6.742581,Nothing
15.20782,12,3,2,2,0.5211613,1.010554,0.2742046,353.6484,77.687,286.1209,0.5926071,1.056193,0.1972585,-1.490381,11.39181,6.768454,Nothing
15.22438,12,3,2,2,0.5210802,1.010799,0.2741176,353.5848,77.71381,286.1345,0.5927339,1.056126,0.197209,-1.443121,11.37715,6.798804,Nothing
15.24232,12,3,2,2,0.5209605,1.011036,0.2739021,353.5222,77.76253,286.1308,0.5927369,1.056046,0.197211,-1.405973,11.33794,6.827728,Nothing
15.25807,12,3,2,2,0.520794,1.011336,0.2738234,353.4488,77.78825,286.1493,0.5927711,1.055989,0.1972237,-1.353249,11.31558,6.85836,Nothing
15.27568,12,3,2,2,0.5206556,1.011597,0.2739519,353.3901,77.74229,286.1897,0.592855,1.056024,0.1971532,-1.302748,11.33875,6.871741,Nothing
15.30161,12,3,2,2,0.5205878,1.011724,0.2739756,353.35,77.74123,286.2163,0.592961,1.05605,0.1970278,-1.273984,11.3548,6.889273,Nothing
15.32452,12,3,2,2,0.5207326,1.01174,0.2738549,353.3625,77.77027,286.1896,0.5928957,1.055927,0.1969551,-1.271092,11.3374,6.869182,Nothing
15.34215,12,3,2,2,0.5209527,1.011758,0.2737628,353.3727,77.79525,286.1838,0.5928752,1.055839,0.1968649,-1.266526,11.32634,6.844365,Nothing
15.35776,12,3,2,2,0.52101,1.011599,0.2736803,353.3693,77.81298,286.182,0.5928745,1.055755,0.1969071,-1.279836,11.31177,6.84535,Nothing
15.37508,12,3,2,2,0.5209922,1.011666,0.2735782,353.3507,77.82823,286.167,0.5929334,1.055596,0.1969053,-1.257145,11.29232,6.857634,Nothing
15.39191,12,3,2,2,0.5209573,1.011702,0.2737353,353.3429,77.79693,286.1846,0.5930211,1.055496,0.1970363,-1.234138,11.29686,6.863906,Nothing
15.40796,12,3,2,2,0.5208976,1.011748,0.273951,353.33,77.7459,286.201,0.5930445,1.055375,0.1970799,-1.203733,11.31772,6.858495,Nothing
15.42451,12,3,2,2,0.5208858,1.011805,0.2739342,353.3148,77.74395,286.2041,0.5931013,1.055223,0.1970154,-1.175446,11.31737,6.863039,Nothing
15.44115,12,3,2,2,0.5209952,1.011825,0.2737936,353.3174,77.8139,286.1957,0.5930851,1.055085,0.1970378,-1.167739,11.28392,6.863257,Nothing
15.46565,12,3,2,2,0.5212127,1.011793,0.2737207,353.3288,77.82747,286.2066,0.5932744,1.05494,0.1971717,-1.161029,11.256,6.865194,Nothing
15.47514,12,3,2,2,0.5212073,1.011788,0.2737839,353.3275,77.81332,286.2177,0.5933312,1.055023,0.1972889,-1.168761,11.25592,6.872264,Nothing
15.49141,12,3,2,2,0.521174,1.011785,0.2738429,353.3181,77.79776,286.224,0.5934452,1.054957,0.1973629,-1.156737,11.25672,6.886319,Nothing
15.508,12,3,2,2,0.5211107,1.011869,0.2738973,353.3006,77.799,286.2266,0.5935078,1.054953,0.1973594,-1.140296,11.26207,6.899456,Nothing
15.52776,12,3,2,2,0.5210863,1.011924,0.2736669,353.2748,77.84818,286.218,0.5935401,1.054892,0.1973826,-1.132853,11.22492,6.921313,Nothing
15.54214,12,3,2,2,0.5211064,1.011969,0.2735375,353.2593,77.88559,286.2263,0.5935987,1.054888,0.1974029,-1.128029,11.20305,6.936561,Nothing
15.55,12,3,2,2,0.5211825,1.01198,0.2735311,353.2551,77.89213,286.2431,0.5936279,1.054926,0.1974162,-1.128797,11.20027,6.933596,Nothing
15.5663,12,3,2,2,0.5212563,1.011951,0.2735528,353.2439,77.91145,286.2564,0.5936281,1.054922,0.1974013,-1.128299,11.20138,6.92905,Nothing
15.58342,12,3,2,2,0.5212514,1.011781,0.2736084,353.2595,77.92363,286.2593,0.5935901,1.054945,0.1974005,-1.1501,11.21239,6.92763,Nothing
15.60104,12,3,2,2,0.5214152,1.011799,0.2735631,353.2743,77.93457,286.2786,0.5935665,1.054865,0.1974535,-1.143886,11.19438,6.90837,Nothing
15.62827,12,3,2,2,0.5216584,1.011697,0.2735426,353.2869,77.97472,286.2626,0.5935149,1.054825,0.1974589,-1.162263,11.18333,6.882796,Nothing
15.64127,12,3,2,2,0.5217295,1.011719,0.2734852,353.2843,77.98907,286.2471,0.5936725,1.054813,0.1974065,-1.159764,11.18134,6.89502,Nothing
15.65041,12,3,2,2,0.5216545,1.011755,0.2733532,353.267,77.99743,286.2439,0.5936527,1.0547,0.1974332,-1.145527,11.15855,6.905835,Nothing
15.66667,12,3,2,2,0.5218025,1.011752,0.2730879,353.2631,78.05978,286.2186,0.5937219,1.054642,0.1974579,-1.154452,11.1156,6.91461,Nothing
15.68456,12,3,2,2,0.5218243,1.011588,0.2730371,353.2976,78.09676,286.2029,0.5936415,1.054556,0.1975766,-1.177621,11.09417,6.912264,Nothing
15.70137,12,3,2,2,0.5219954,1.011699,0.2730623,353.2941,78.07288,286.1987,0.5936843,1.054477,0.19765,-1.160534,11.08272,6.892299,Nothing
15.71642,12,3,2,2,0.5220106,1.011665,0.272956,353.2932,78.06684,286.1934,0.5937637,1.05442,0.1976636,-1.161051,11.07054,6.901104,Nothing
15.73354,12,3,2,2,0.5221031,1.011682,0.2731472,353.31,78.04723,286.2204,0.593764,1.054391,0.1977036,-1.149791,11.08722,6.881667,Nothing
15.75015,12,3,2,2,0.5221177,1.011564,0.2731387,353.3218,78.06625,286.2284,0.593743,1.054294,0.1977756,-1.155242,11.07677,6.882403,Nothing
15.76811,12,3,2,2,0.5222096,1.01144,0.2731677,353.3454,78.07599,286.2572,0.5936965,1.054232,0.1978072,-1.162123,11.07608,6.867638,Nothing
15.79001,12,3,2,2,0.5224997,1.011074,0.2732446,353.4262,78.07812,286.2593,0.5937957,1.054105,0.1978801,-1.201201,11.0831,6.843548,Nothing
15.79953,12,3,2,2,0.5227319,1.010836,0.2731224,353.4835,78.11937,286.2284,0.5938585,1.05406,0.1978784,-1.242357,11.06941,6.832906,Nothing
15.80743,12,3,2,2,0.5229259,1.010768,0.2729882,353.5067,78.13318,286.2217,0.593924,1.054042,0.1978717,-1.258189,11.05357,6.822764,Nothing
15.81711,12,3,2,2,0.5230501,1.010674,0.2729456,353.5289,78.15137,286.2287,0.593887,1.054009,0.1979036,-1.271601,11.04308,6.808648,Nothing
15.83363,12,3,2,2,0.5231007,1.010532,0.2729589,353.5564,78.17831,286.2336,0.5939743,1.053982,0.1979059,-1.285823,11.04674,6.816757,Nothing
15.85191,12,3,2,2,0.5232685,1.010571,0.272871,353.5588,78.20181,286.2285,0.5940576,1.053946,0.1980138,-1.286346,11.01846,6.814833,Nothing
15.87007,12,3,2,2,0.5233621,1.010535,0.2728312,353.5471,78.2129,286.2233,0.5941421,1.053924,0.1980994,-1.291647,11.00321,6.819804,Nothing
15.88348,12,3,2,2,0.5234486,1.010624,0.2726775,353.5356,78.23029,286.1618,0.5942497,1.053895,0.1981503,-1.294731,10.97354,6.829412,Nothing
15.89969,12,3,2,2,0.5234693,1.010743,0.2723635,353.5363,78.28583,286.0978,0.5943374,1.053938,0.1981796,-1.307988,10.92691,6.853829,Nothing
15.90692,12,3,2,2,0.5235105,1.010754,0.2722439,353.5448,78.3061,286.0783,0.5943854,1.053979,0.1981789,-1.319587,10.91246,6.860716,Nothing
15.91623,12,3,2,2,0.5236088,1.010731,0.2720956,353.5699,78.32796,286.0515,0.5945049,1.054026,0.1981559,-1.3388,10.89904,6.868911,Nothing
15.92516,12,3,2,2,0.5236266,1.01077,0.2720237,353.5708,78.33176,286.0406,0.5946159,1.054047,0.1981477,-1.339174,10.89258,6.881345,Nothing
15.94086,12,3,2,2,0.523649,1.010878,0.2718652,353.5608,78.34492,285.9979,0.5947092,1.054107,0.1980575,-1.341508,10.88204,6.893393,Nothing
15.94948,12,3,2,2,0.5236676,1.011113,0.2717376,353.5407,78.35023,285.985,0.5948429,1.054076,0.1980247,-1.312808,10.86375,6.907606,Nothing
15.95795,12,3,2,2,0.5236301,1.011226,0.2716754,353.5188,78.35029,285.9792,0.5948887,1.054079,0.1980487,-1.300021,10.85146,6.919255,Nothing
15.967,12,3,2,2,0.5236971,1.01118,0.2717382,353.5139,78.34914,285.9815,0.5949409,1.054059,0.1980769,-1.301101,10.85582,6.917259,Nothing
15.97638,12,3,2,2,0.5237272,1.011147,0.2717301,353.5289,78.3511,285.9921,0.5949678,1.054055,0.1981017,-1.305157,10.85359,6.917296,Nothing
15.99083,12,3,2,2,0.5236447,1.011164,0.2716638,353.5381,78.3749,285.9812,0.5949562,1.054058,0.1981089,-1.307783,10.84375,6.930323,Nothing
15.99959,12,3,2,2,0.5236876,1.011126,0.2715855,353.5549,78.39232,285.97,0.594987,1.054048,0.1981314,-1.31821,10.83159,6.933457,Nothing
16.00877,12,3,2,2,0.5236968,1.011133,0.2714843,353.5636,78.39828,285.9688,0.5950029,1.053986,0.1981574,-1.315449,10.81506,6.936679,Nothing
16.01738,12,3,2,2,0.5237026,1.011133,0.2714629,353.57,78.39719,285.9537,0.5950201,1.05396,0.1981716,-1.317019,10.81054,6.937803,Nothing
16.03505,12,3,2,2,0.5236415,1.010978,0.2715546,353.5836,78.37603,285.9241,0.5950263,1.053934,0.1981754,-1.334382,10.82775,6.940362,Nothing
16.05103,12,3,2,2,0.5236402,1.011099,0.2714558,353.5732,78.38164,285.9206,0.5949683,1.053914,0.1981109,-1.320366,10.81739,6.934655,Nothing
16.06627,12,3,2,2,0.5235393,1.011339,0.271337,353.5158,78.39167,285.8876,0.594929,1.0539,0.198072,-1.292874,10.79788,6.946151,Nothing
16.07381,12,3,2,2,0.5234686,1.011523,0.2712108,353.4712,78.40438,285.8508,0.594918,1.053891,0.198037,-1.274748,10.77908,6.957949,Nothing
16.08253,12,3,2,2,0.5234076,1.011677,0.2710799,353.438,78.42136,285.82,0.5949418,1.053881,0.1980261,-1.260399,10.75854,6.973534,Nothing
16.10159,12,3,2,2,0.5233346,1.011893,0.2708436,353.4088,78.45585,285.7831,0.5950102,1.053889,0.1979576,-1.243277,10.7304,6.998771,Nothing
16.11766,12,3,2,2,0.5232679,1.012023,0.2708,353.3956,78.43829,285.7549,0.5950136,1.053892,0.1979605,-1.232612,10.72354,7.003995,Nothing
16.13252,12,3,2,2,0.5231148,1.012167,0.270826,353.3813,78.41824,285.718,0.5950623,1.053906,0.1979565,-1.218544,10.72766,7.021968,Nothing
16.14059,12,3,2,2,0.5230654,1.012255,0.2707878,353.3682,78.4159,285.7009,0.5950824,1.053907,0.197961,-1.210328,10.72099,7.030204,Nothing
16.1503,12,3,2,2,0.5230659,1.012226,0.2708285,353.3804,78.39375,285.6811,0.5951834,1.053842,0.1979338,-1.207367,10.73181,7.034828,Nothing
16.15694,12,3,2,2,0.5230566,1.012239,0.2708152,353.3846,78.38396,285.6692,0.5951979,1.053846,0.1979209,-1.208444,10.73292,7.035398,Nothing
16.16653,12,3,2,2,0.5230763,1.012294,0.2707501,353.3896,78.37659,285.6495,0.5952495,1.053848,0.1979565,-1.209053,10.72135,7.039027,Nothing
16.18517,12,3,2,2,0.5231537,1.012311,0.2706311,353.4014,78.39794,285.6351,0.5953116,1.05388,0.1979006,-1.217114,10.71219,7.041829,Nothing
16.20056,12,3,2,2,0.5233425,1.012415,0.2704705,353.3929,78.42212,285.6167,0.5953715,1.053973,0.197874,-1.224832,10.69113,7.034973,Nothing
16.2171,12,3,2,2,0.5233512,1.012604,0.2703009,353.3485,78.44761,285.5791,0.5954504,1.05399,0.1978489,-1.2104,10.66591,7.051495,Nothing
16.23323,12,3,2,2,0.5234301,1.012615,0.270335,353.3507,78.45473,285.5584,0.5955293,1.054116,0.1978614,-1.226805,10.67068,7.053627,Nothing
16.24904,12,3,2,2,0.5235851,1.01253,0.2702974,353.3792,78.4711,285.5473,0.5954915,1.054172,0.197858,-1.252777,10.66645,7.035265,Nothing
16.25879,12,3,2,2,0.5237045,1.01246,0.2702402,353.3965,78.49039,285.538,0.5955017,1.054202,0.197848,-1.271277,10.66041,7.0274,Nothing
16.2764,12,3,2,2,0.5240002,1.012362,0.2700346,353.4413,78.52018,285.5257,0.5955185,1.054256,0.197689,-1.302675,10.65247,7.000809,Nothing
16.29118,12,3,2,2,0.5244618,1.011973,0.269906,353.5266,78.59314,285.5132,0.5954422,1.054269,0.1976988,-1.374571,10.63365,6.954655,Nothing
16.30782,12,3,2,2,0.5247625,1.011663,0.2698298,353.5819,78.6283,285.5196,0.5953528,1.054225,0.1977066,-1.419421,10.62325,6.917771,Nothing
16.31577,12,3,2,2,0.5249074,1.011474,0.2698931,353.6189,78.62865,285.5449,0.5953219,1.054222,0.1976967,-1.440989,10.63561,6.895897,Nothing
16.32439,12,3,2,2,0.5250646,1.01128,0.2699583,353.6535,78.63483,285.5557,0.595287,1.054222,0.1976592,-1.465338,10.6501,6.872739,Nothing
16.3336,12,3,2,2,0.5251677,1.011095,0.2699988,353.6909,78.6461,285.5702,0.5952417,1.054274,0.1976698,-1.495466,10.65832,6.857415,Nothing
16.34216,12,3,2,2,0.5252918,1.010982,0.269988,353.7173,78.65642,285.5715,0.5952188,1.054284,0.1976492,-1.514444,10.66021,6.841837,Nothing
16.35866,12,3,2,2,0.5254571,1.010825,0.2701127,353.7406,78.63843,285.5657,0.5951946,1.054261,0.197613,-1.531791,10.68121,6.813535,Nothing
16.37451,12,3,2,2,0.5256028,1.010913,0.2699476,353.7159,78.689,285.5559,0.5951808,1.054227,0.1975202,-1.522717,10.65978,6.806051,Nothing
16.38361,12,3,2,2,0.5256571,1.010917,0.2699386,353.71,78.69804,285.5564,0.5951876,1.05421,0.1975297,-1.521034,10.655,6.802802,Nothing
16.40051,12,3,2,2,0.5257741,1.01072,0.269872,353.7566,78.69954,285.5602,0.5951682,1.054145,0.1975591,-1.545628,10.64735,6.787909,Nothing
16.41753,12,3,2,2,0.5259323,1.010476,0.2698855,353.8073,78.72753,285.588,0.5951973,1.05414,0.1976194,-1.576849,10.64649,6.778239,Nothing
16.43433,12,3,2,2,0.5259849,1.010394,0.2700211,353.8265,78.69043,285.5827,0.5952393,1.054093,0.1976616,-1.58109,10.66227,6.767562,Nothing
16.45035,12,3,2,2,0.5259559,1.01028,0.270101,353.8568,78.65067,285.5827,0.5953158,1.054069,0.1977495,-1.592489,10.67151,6.771724,Nothing
16.46582,12,3,2,2,0.5258708,1.010328,0.2701312,353.8593,78.63544,285.5868,0.5954375,1.054041,0.1978269,-1.580946,10.66969,6.792528,Nothing
16.47386,12,3,2,2,0.5258678,1.010338,0.2700948,353.8505,78.64726,285.5802,0.5954716,1.054031,0.1978508,-1.580068,10.66132,6.800564,Nothing
16.4825,12,3,2,2,0.5258753,1.010326,0.2700324,353.8523,78.66249,285.5726,0.5954778,1.054009,0.1978477,-1.58253,10.65258,6.804111,Nothing
16.49193,12,3,2,2,0.5259972,1.010359,0.269981,353.8617,78.67162,285.5733,0.5954658,1.053977,0.1978498,-1.580217,10.64144,6.790154,Nothing
16.49899,12,3,2,2,0.5259959,1.010393,0.2699397,353.8425,78.68904,285.5681,0.5954306,1.053955,0.1977988,-1.573269,10.63744,6.789822,Nothing
16.50853,12,3,2,2,0.5259002,1.01041,0.2699329,353.8367,78.7043,285.5663,0.5954091,1.053942,0.1977991,-1.568591,10.63518,6.801061,Nothing
16.52646,12,3,2,2,0.5257757,1.010655,0.2699442,353.7918,78.66855,285.5712,0.5952957,1.053909,0.1977172,-1.528363,10.63974,6.794034,Nothing
16.54216,12,3,2,2,0.5257159,1.010578,0.2701521,353.8102,78.61385,285.5855,0.5952451,1.053881,0.1977101,-1.526333,10.67224,6.78004,Nothing
16.56453,12,3,2,2,0.5257273,1.010346,0.2702955,353.8692,78.58349,285.5777,0.5951729,1.05388,0.1976747,-1.556302,10.70261,6.759648,Nothing
16.57471,12,3,2,2,0.5256953,1.010176,0.2704291,353.8938,78.56765,285.5884,0.5951993,1.053888,0.1976525,-1.571465,10.72934,6.760322,Nothing
16.59215,12,3,2,2,0.5256911,1.010103,0.2704609,353.9153,78.55235,285.5864,0.5951487,1.053872,0.1975748,-1.578194,10.74467,6.748974,Nothing
16.60783,12,3,2,2,0.5258095,1.01012,0.2703591,353.9243,78.59718,285.5929,0.5951745,1.053957,0.1975921,-1.590971,10.72734,6.749036,Nothing
16.61682,12,3,2,2,0.5258491,1.010118,0.2703563,353.9182,78.61337,285.5952,0.595189,1.053964,0.1975907,-1.591702,10.72513,6.749593,Nothing
16.62488,12,3,2,2,0.5258742,1.010136,0.2703298,353.9073,78.62519,285.5949,0.5952265,1.053971,0.1976159,-1.590565,10.71763,6.75491,Nothing
16.63367,12,3,2,2,0.5259367,1.010077,0.2703208,353.9073,78.62151,285.6088,0.5952531,1.054009,0.1976628,-1.601081,10.71461,6.752686,Nothing
16.64067,12,3,2,2,0.5259757,1.010055,0.2703607,353.9002,78.62431,285.6155,0.5952992,1.053994,0.1977474,-1.600846,10.70964,6.755607,Nothing
16.65181,12,3,2,2,0.5260875,1.009924,0.270445,353.9259,78.62666,285.6341,0.5953598,1.053992,0.1977752,-1.614024,10.72002,6.74851,Nothing
16.66673,12,3,2,2,0.5262717,1.009576,0.2705656,353.981,78.63566,285.6501,0.5954136,1.053859,0.1979137,-1.644148,10.7235,6.734004,Nothing
16.67599,12,3,2,2,0.5263727,1.009391,0.270579,354.023,78.64471,285.6548,0.5954418,1.05382,0.1979035,-1.665101,10.7298,6.725244,Nothing
16.69063,12,3,2,2,0.5265434,1.009108,0.2704799,354.0948,78.65033,285.6564,0.5954763,1.053814,0.1979448,-1.710228,10.72206,6.711627,Nothing
16.70024,12,3,2,2,0.5266604,1.009041,0.2705192,354.1249,78.65665,285.6634,0.5955212,1.053791,0.1979562,-1.717789,10.72562,6.702016,Nothing
16.71608,12,3,2,2,0.5267763,1.008778,0.2705749,354.1761,78.66393,285.6721,0.5956259,1.05379,0.1979624,-1.750083,10.74019,6.699909,Nothing
16.72456,12,3,2,2,0.5267844,1.008706,0.2705302,354.185,78.66384,285.6798,0.5956771,1.053791,0.197961,-1.758224,10.73902,6.705907,Nothing
16.73264,12,3,2,2,0.5267481,1.008889,0.2704914,354.142,78.6734,285.6699,0.5955989,1.053804,0.1979609,-1.73816,10.72589,6.705091,Nothing
16.75047,12,3,2,2,0.5267822,1.009016,0.2705289,354.1301,78.64104,285.6526,0.5956265,1.053829,0.1979743,-1.727738,10.72789,6.698,Nothing
16.76599,12,3,2,2,0.5268982,1.008996,0.2706485,354.1433,78.63216,285.6675,0.5957091,1.053845,0.1980156,-1.728749,10.73889,6.69027,Nothing
16.77435,12,3,2,2,0.5269396,1.008981,0.2705792,354.1565,78.64771,285.663,0.5957083,1.053844,0.1980182,-1.735571,10.72915,6.688882,Nothing
16.78229,12,3,2,2,0.5269849,1.008959,0.2705446,354.165,78.65891,285.6613,0.595701,1.053826,0.1979527,-1.73757,10.73074,6.683516,Nothing
16.79143,12,3,2,2,0.527073,1.00891,0.2704753,354.1835,78.67896,285.6541,0.5956889,1.05383,0.197952,-1.75074,10.72106,6.676265,Nothing
16.79895,12,3,2,2,0.5271524,1.008853,0.2703991,354.1956,78.69231,285.6517,0.5956517,1.053798,0.1978887,-1.757979,10.71711,6.66492,Nothing
16.80826,12,3,2,2,0.5271974,1.008782,0.2704182,354.2007,78.69276,285.6523,0.5956199,1.053809,0.1978721,-1.767755,10.72226,6.656012,Nothing
16.82675,12,3,2,2,0.5270332,1.008929,0.2702757,354.1497,78.70475,285.6291,0.5954762,1.053796,0.1978396,-1.751555,10.7019,6.665078,Nothing
16.84058,12,3,2,2,0.5269452,1.009052,0.2701743,354.0937,78.71976,285.6339,0.5954086,1.053762,0.1977963,-1.728374,10.68771,6.673862,Nothing
16.85007,12,3,2,2,0.5269001,1.0091,0.2702202,354.0854,78.70824,285.6529,0.5954282,1.05374,0.1977579,-1.712331,10.6976,6.677164,Nothing
16.86501,12,3,2,2,0.5269379,1.009058,0.2702806,354.097,78.7067,285.6605,0.5954044,1.053729,0.1977323,-1.714355,10.7077,6.667393,Nothing
16.88744,12,3,2,2,0.5269048,1.00891,0.2704907,354.1477,78.64805,285.679,0.5953444,1.053717,0.19771,-1.724759,10.74564,6.646598,Nothing
16.90033,12,3,2,2,0.5269185,1.00882,0.2704824,354.1776,78.63856,285.6666,0.5953598,1.053731,0.1976988,-1.741847,10.75082,6.643939,Nothing
16.90921,12,3,2,2,0.5269678,1.008672,0.2704901,354.2206,78.62511,285.6461,0.5953386,1.053727,0.1977091,-1.767636,10.75586,6.631933,Nothing
16.92415,12,3,2,2,0.5270197,1.008617,0.2704553,354.2433,78.63042,285.6317,0.5952764,1.053776,0.19772,-1.787827,10.75159,6.620316,Nothing
16.93269,12,3,2,2,0.5270342,1.00864,0.270361,354.2326,78.65523,285.6249,0.5952527,1.053783,0.1977494,-1.790684,10.73349,6.623728,Nothing
16.94139,12,3,2,2,0.5270393,1.00869,0.2703035,354.23,78.67596,285.625,0.5952327,1.05381,0.1977392,-1.789823,10.72473,6.625443,Nothing
16.94913,12,3,2,2,0.5269752,1.00878,0.2702128,354.2075,78.70846,285.6171,0.5952142,1.05385,0.1977417,-1.785434,10.70928,6.639528,Nothing
16.95877,12,3,2,2,0.5268804,1.008967,0.2702256,354.1459,78.705,285.6317,0.5952074,1.053869,0.1977324,-1.754922,10.70705,6.651371,Nothing
16.96542,12,3,2,2,0.5268358,1.009094,0.2702505,354.1073,78.69284,285.6462,0.5952542,1.053853,0.1977033,-1.728623,10.71082,6.659818,Nothing
16.9742,12,3,2,2,0.526778,1.009229,0.2703077,354.063,78.68594,285.6631,0.5952526,1.05387,0.1977043,-1.704784,10.71429,6.665858,Nothing
16.98291,12,3,2,2,0.5267325,1.009283,0.2703522,354.042,78.68457,285.6859,0.5952544,1.053875,0.1977262,-1.691092,10.71628,6.671527,Nothing
16.99243,12,3,2,2,0.526741,1.009328,0.2702883,354.0268,78.70649,285.7006,0.5952243,1.053842,0.1977701,-1.682042,10.69878,6.673616,Nothing
17.00829,12,3,2,2,0.5267447,1.009242,0.2701957,354.0332,78.74884,285.6858,0.5951462,1.053785,0.1978265,-1.694948,10.67685,6.674768,Nothing
17.01659,12,3,2,2,0.5266933,1.009237,0.2700702,354.032,78.77362,285.673,0.5951244,1.053809,0.1978405,-1.704159,10.65977,6.685931,Nothing
17.03139,12,3,2,2,0.5264655,1.009356,0.2703159,353.9774,78.7389,285.7231,0.5951659,1.053833,0.1977663,-1.663754,10.70072,6.706521,Nothing
17.04214,12,3,2,2,0.5262865,1.009419,0.2705612,353.9427,78.7165,285.7444,0.5951012,1.05395,0.1977916,-1.653263,10.73082,6.714077,Nothing
17.05843,12,3,2,2,0.5260894,1.009368,0.270395,353.9097,78.78835,285.7311,0.5950339,1.053904,0.1977848,-1.655727,10.70648,6.747402,Nothing
17.06583,12,3,2,2,0.5259756,1.009341,0.2703481,353.8925,78.82281,285.7261,0.5949391,1.053918,0.1978163,-1.661574,10.69496,6.759048,Nothing
17.07399,12,3,2,2,0.5258189,1.009283,0.2702522,353.8764,78.86569,285.7081,0.5949028,1.053961,0.1978337,-1.675953,10.68205,6.785117,Nothing
17.08235,12,3,2,2,0.5256424,1.009293,0.2702526,353.8581,78.89137,285.7063,0.594844,1.053978,0.1978385,-1.673312,10.68045,6.804486,Nothing
17.09163,12,3,2,2,0.5254385,1.00923,0.2703573,353.8397,78.90276,285.7362,0.5947597,1.053959,0.197853,-1.66596,10.69302,6.820001,Nothing
17.1069,12,3,2,2,0.5248857,1.009048,0.2708978,353.7982,78.87485,285.823,0.5946743,1.054007,0.1979255,-1.648339,10.76483,6.864041,Nothing
17.11652,12,3,2,2,0.5245913,1.008914,0.271197,353.7814,78.84848,285.8788,0.5946263,1.054051,0.197912,-1.642008,10.81356,6.884073,Nothing
17.13432,12,3,2,2,0.5239398,1.008565,0.2718862,353.7571,78.7838,286.0328,0.5946016,1.054099,0.1979204,-1.622236,10.92375,6.935689,Nothing
17.15028,12,3,2,2,0.5232202,1.008283,0.2725911,353.718,78.71889,286.2101,0.5946525,1.054231,0.1979011,-1.593583,11.0422,7.003849,Nothing
17.16776,12,3,2,2,0.5220978,1.008103,0.2733672,353.627,78.68262,286.4608,0.5947839,1.054524,0.1979342,-1.540959,11.17042,7.13632,Nothing
17.18303,12,3,2,2,0.5212359,1.008254,0.2738381,353.5173,78.69013,286.6268,0.5949863,1.054829,0.197873,-1.47662,11.25318,7.257266,Nothing
17.20158,12,3,2,2,0.5203506,1.008403,0.2743707,353.3931,78.66294,286.7791,0.5953566,1.055166,0.1978787,-1.411834,11.34272,7.39537,Nothing
17.21632,12,3,2,2,0.5194016,1.008535,0.2747469,353.2722,78.66164,286.9132,0.5956942,1.055653,0.1978172,-1.371145,11.4249,7.545681,Nothing
17.23262,12,3,2,2,0.5184104,1.008803,0.2752755,353.1341,78.63811,287.0453,0.5961628,1.05613,0.1977606,-1.303218,11.52318,7.707592,Nothing
17.24071,12,3,2,2,0.5178813,1.009053,0.2756128,353.0527,78.61794,287.1283,0.596467,1.056378,0.1976959,-1.246477,11.5834,7.795682,Nothing
17.25124,12,3,2,2,0.5172607,1.009335,0.2759707,352.9391,78.57827,287.2151,0.5967132,1.056738,0.197625,-1.191397,11.65103,7.886955,Nothing
17.25909,12,3,2,2,0.5166165,1.009603,0.276188,352.8155,78.55696,287.3004,0.5969661,1.057122,0.197473,-1.14033,11.71099,7.987687,Nothing
17.27679,12,3,2,2,0.5146344,1.010568,0.2769437,352.3993,78.49695,287.5735,0.5978022,1.057924,0.1971421,-0.9156199,11.86961,8.300683,Nothing
17.29185,12,3,2,2,0.5133389,1.011594,0.2768962,352.0286,78.59895,287.7752,0.5982794,1.058382,0.1968634,-0.7152615,11.87821,8.534782,Nothing
17.29997,12,3,2,2,0.5127405,1.012052,0.2768255,351.841,78.67702,287.8867,0.5984687,1.058555,0.196752,-0.616465,11.86771,8.647211,Nothing
17.31601,12,3,2,2,0.5114577,1.013185,0.2765326,351.4528,78.90932,288.1116,0.5989197,1.058836,0.1964927,-0.3855056,11.81251,8.902086,Nothing
17.32407,12,3,2,2,0.5107574,1.013898,0.2762314,351.2263,79.05114,288.2325,0.5990207,1.058982,0.1963183,-0.2529052,11.75981,9.028388,Nothing
17.3409,12,3,2,2,0.5094234,1.015036,0.2758248,350.8081,79.28146,288.4544,0.5991493,1.059219,0.1958816,-0.01395554,11.69782,9.248514,Nothing
17.34961,12,3,2,2,0.5086411,1.015614,0.2755216,350.5953,79.40844,288.5765,0.5991775,1.059424,0.1957256,0.09702927,11.64945,9.37403,Nothing
17.35709,12,3,2,2,0.5079414,1.016158,0.2753135,350.3984,79.52228,288.6964,0.5993291,1.059527,0.195591,0.2164382,11.60903,9.497209,Nothing
17.36726,12,3,2,2,0.5071907,1.016788,0.2751665,350.2057,79.61493,288.8471,0.5994422,1.059644,0.1954046,0.3544272,11.58065,9.613135,Nothing
17.37636,12,3,2,2,0.5064844,1.017285,0.2750664,350.0201,79.70554,288.9777,0.5995804,1.059776,0.1951888,0.4736001,11.56562,9.726922,Nothing
17.38977,12,3,2,2,0.5050389,1.018433,0.2747219,349.6536,79.87854,289.2088,0.5998865,1.059887,0.1949415,0.7305477,11.48767,9.958642,Nothing
17.39975,12,3,2,2,0.5041578,1.019073,0.2745889,349.449,79.97235,289.3078,0.599968,1.059934,0.1947092,0.8750657,11.4594,10.08137,Nothing
17.40775,12,3,2,2,0.5033469,1.019708,0.2744925,349.2432,80.03584,289.4029,0.6001192,1.06006,0.1945054,1.01153,11.43918,10.19925,Nothing
17.41666,12,3,2,2,0.5017211,1.02091,0.2742583,348.8297,80.17186,289.5958,0.6002731,1.06021,0.194066,1.28626,11.39021,10.41803,Nothing
17.43306,12,3,2,2,0.4997929,1.022255,0.2742314,348.3752,80.27438,289.7811,0.6003685,1.060247,0.1936855,1.609248,11.35004,10.64795,Nothing
17.44344,12,3,2,2,0.4988048,1.022938,0.2740242,348.1366,80.32178,289.8901,0.6003028,1.060285,0.1934693,1.767542,11.30905,10.75466,Nothing
17.45677,12,3,2,2,0.4969814,1.024286,0.2741853,347.6855,80.35902,290.1375,0.6003094,1.060254,0.1932583,2.11009,11.27013,10.94259,Nothing
17.46602,12,3,2,2,0.4961156,1.024889,0.2742407,347.4814,80.37826,290.2527,0.6002156,1.060191,0.1932,2.267204,11.24253,11.02059,Nothing
17.47519,12,3,2,2,0.4953363,1.025341,0.2742025,347.3001,80.41709,290.3655,0.6001873,1.060109,0.1931913,2.399887,11.20141,11.10461,Nothing
17.49767,12,3,2,2,0.4934729,1.026408,0.2746612,346.8997,80.43941,290.7375,0.6000102,1.060008,0.1930825,2.741867,11.18384,11.26729,Nothing
17.50822,12,3,2,2,0.4931723,1.026336,0.2748638,346.8833,80.43579,290.8597,0.6000144,1.059949,0.1930403,2.785985,11.20736,11.29679,Nothing
17.51678,12,3,2,2,0.4928061,1.026363,0.2749822,346.8412,80.4531,290.9701,0.5999862,1.059907,0.1930658,2.836179,11.20596,11.33542,Nothing
17.5266,12,3,2,2,0.4920622,1.026482,0.2752956,346.739,80.46194,291.1765,0.5998555,1.059788,0.1930476,2.952095,11.21816,11.39551,Nothing
17.54092,12,3,2,2,0.4917204,1.026641,0.2755615,346.6861,80.40659,291.1978,0.5998638,1.059728,0.1930872,3.010187,11.24249,11.41483,Nothing
17.54881,12,3,2,2,0.4908879,1.026894,0.2760256,346.5472,80.33611,291.3514,0.5997794,1.059649,0.1931102,3.143337,11.27846,11.47016,Nothing
17.55698,12,3,2,2,0.4904612,1.027069,0.276454,346.4697,80.22096,291.3987,0.5996963,1.059644,0.1931148,3.215925,11.33408,11.47426,Nothing
17.56555,12,3,2,2,0.4900542,1.027237,0.2768528,346.3907,80.10913,291.4443,0.5995858,1.059628,0.1931992,3.283216,11.37656,11.47545,Nothing
17.5739,12,3,2,2,0.4895835,1.027396,0.2773326,346.3162,79.96305,291.5128,0.5995315,1.059612,0.1932509,3.362375,11.43845,11.48077,Nothing
17.58282,12,3,2,2,0.4891298,1.027526,0.277971,346.2545,79.77843,291.578,0.5994735,1.059612,0.193343,3.438625,11.52345,11.47418,Nothing
17.59138,12,3,2,2,0.4887414,1.027641,0.2781669,346.1892,79.67763,291.5461,0.5994534,1.059629,0.1933939,3.474599,11.55536,11.4902,Nothing
17.61879,12,3,2,2,0.4881563,1.028097,0.2776423,346.036,79.69258,291.3483,0.599374,1.059596,0.193504,3.50777,11.46888,11.55124,End
Supposed to be selected_Selected,240531,Not supposed to be selected_Not Selected,127493,Supposed to be selected_Not Selected,993,Not supposed to be selected_Selected,0
