Time,ParticipantID,DatasetID,TechniqueID,RepetitionID,mapPosx,mapPosy,mapPosz,mapRotaionx,mapRotationy,mapRotationz,markerHandPosx,markerHandPosy,markerHandPosz,reletivePosx,reletivePosy,reletivePosz,Lable
0,24,2,3,0,0.7531735,0.9621128,0.2746956,33.61723,344.6751,15.11971,0.8293629,0.913721,0.2454612,0.312761,-0.556916,-0.09151661,Start
2.602493,24,2,3,0,0.7531735,0.9621128,0.2746956,33.61723,344.6751,15.11971,0.8293629,0.913721,0.2454612,0.312761,-0.556916,-0.09151661,Nothing
2.633549,24,2,3,0,0.738069,1.019137,0.2297795,25.26799,342.9625,18.60315,0.8581367,0.9557439,0.1825988,0.6781926,-1.214286,-0.4646722,Nothing
2.643219,24,2,3,0,0.7373155,1.019442,0.229149,25.21599,342.6522,18.55405,0.8575003,0.9558004,0.1827439,0.6779549,-1.214519,-0.4629675,Nothing
2.658703,24,2,3,0,0.7365802,1.019376,0.2285523,25.16858,342.1944,18.40212,0.8567867,0.9558523,0.182926,0.677822,-1.210359,-0.4648888,Nothing
2.667381,24,2,3,0,0.7362705,1.018856,0.2284619,25.14926,341.9125,18.24722,0.8563664,0.9558452,0.182991,0.677815,-1.203713,-0.4703019,Nothing
2.675049,24,2,3,0,0.7358521,1.018835,0.228096,25.12959,341.7044,18.16388,0.8558992,0.9558724,0.1829914,0.6775805,-1.20143,-0.4708313,Nothing
2.684486,24,2,3,0,0.7354347,1.018196,0.2278529,25.09927,341.2983,17.90755,0.8551392,0.9560354,0.1829536,0.6766955,-1.190141,-0.4785006,Nothing
2.69183,24,2,3,0,0.7350783,1.017731,0.2278303,25.09172,341.003,17.721,0.8547115,0.9559734,0.1828886,0.6761707,-1.184947,-0.4852219,Nothing
2.700871,24,2,3,0,0.7351164,1.016968,0.2277666,25.06694,340.6461,17.48597,0.854259,0.9560055,0.1828584,0.6734034,-1.173728,-0.4929199,Nothing
2.708595,24,2,3,0,0.7347857,1.016319,0.2279482,25.07649,340.2822,17.25752,0.8539243,0.9560363,0.1827027,0.6724885,-1.167038,-0.504334,Nothing
2.717098,24,2,3,0,0.7342772,1.015837,0.2281889,25.10987,339.917,17.05436,0.8535013,0.9560717,0.1825789,0.6710808,-1.162724,-0.5151646,Nothing
2.746933,24,2,3,0,0.7338392,1.014984,0.2286341,25.15597,339.5212,16.84153,0.8530614,0.9561157,0.1824766,0.6686366,-1.155287,-0.5291726,Nothing
2.751553,24,2,3,0,0.7317045,1.013307,0.2295089,25.42286,338.381,16.33802,0.8512076,0.956243,0.1824145,0.6616693,-1.142637,-0.5591621,Nothing
2.76371,24,2,3,0,0.730743,1.013083,0.2295999,25.63929,338.2123,16.37214,0.8504291,0.9563763,0.1824272,0.6596483,-1.143319,-0.5611257,Nothing
2.771515,24,2,3,0,0.7301198,1.01288,0.2296887,25.75661,338.0504,16.35701,0.8500656,0.956431,0.182455,0.6594647,-1.143658,-0.5642422,Nothing
2.780041,24,2,3,0,0.7294198,1.012722,0.2297557,25.95399,338.0137,16.44669,0.8496518,0.956502,0.1824155,0.6590326,-1.146164,-0.5645552,Nothing
2.78907,24,2,3,0,0.7287192,1.012673,0.2297942,26.12593,337.9548,16.50812,0.8492801,0.9564995,0.1823647,0.6588174,-1.149905,-0.5647949,Nothing
2.796993,24,2,3,0,0.7280214,1.012597,0.2298711,26.32369,337.9041,16.60021,0.8489265,0.9565782,0.1823355,0.6583707,-1.153399,-0.5651761,Nothing
2.805561,24,2,3,0,0.7272218,1.012631,0.2299163,26.51592,337.8671,16.70569,0.8485992,0.9566367,0.1823053,0.6587952,-1.158584,-0.5650219,Nothing
2.813927,24,2,3,0,0.7261634,1.012804,0.2299963,26.81484,337.8077,16.8961,0.8479923,0.9567706,0.1822887,0.6563227,-1.166346,-0.5632923,Nothing
2.821449,24,2,3,0,0.7253094,1.012977,0.230114,27.02903,337.8144,17.0774,0.8476708,0.9568486,0.1822731,0.6557518,-1.173995,-0.5622394,Nothing
2.83041,24,2,3,0,0.72446,1.013224,0.230217,27.24959,337.8295,17.27973,0.847294,0.9569086,0.1822494,0.6541121,-1.18244,-0.5602379,Nothing
2.838562,24,2,3,0,0.7235253,1.013611,0.2303484,27.4943,337.8751,17.52296,0.8469805,0.9569848,0.1822389,0.6528923,-1.19329,-0.5573918,Nothing
2.847153,24,2,3,0,0.7226067,1.014205,0.2301962,27.73492,338.0234,17.83335,0.8467108,0.9570293,0.1822456,0.6531166,-1.205861,-0.5494342,Nothing
2.85487,24,2,3,0,0.7218025,1.014551,0.2301861,27.98009,338.1224,18.08417,0.8465359,0.957075,0.1821953,0.6531498,-1.216277,-0.5448714,Nothing
2.86412,24,2,3,0,0.7210413,1.015218,0.2299179,28.20925,338.3797,18.45632,0.8463683,0.9571249,0.1821518,0.6535365,-1.229213,-0.5342073,Nothing
2.871964,24,2,3,0,0.7202756,1.015811,0.2297153,28.42184,338.5718,18.7717,0.8461812,0.9571734,0.1821269,0.6537591,-1.240945,-0.5254347,Nothing
2.879951,24,2,3,0,0.7196406,1.016333,0.2293722,28.60666,338.8115,19.08508,0.8458958,0.9572393,0.1821313,0.6540437,-1.249883,-0.5145754,Nothing
2.888725,24,2,3,0,0.718644,1.017023,0.2289797,28.90657,339.1267,19.50858,0.8455868,0.9572949,0.1821803,0.6556116,-1.263588,-0.4999235,Nothing
2.896866,24,2,3,0,0.7181748,1.01728,0.2286765,29.08323,339.3222,19.73067,0.8453547,0.9572898,0.1822004,0.6564863,-1.269319,-0.4905687,Nothing
2.904896,24,2,3,0,0.717678,1.017351,0.2285181,29.26574,339.4633,19.91031,0.8450974,0.9572644,0.1822269,0.6571178,-1.273802,-0.4839399,Nothing
2.914135,24,2,3,0,0.7173047,1.017174,0.2286431,29.4618,339.4922,19.97866,0.8448253,0.9572513,0.1822519,0.6564009,-1.275489,-0.4821144,Nothing
2.921925,24,2,3,0,0.7168564,1.017178,0.2286451,29.65451,339.5747,20.11038,0.8445325,0.9571115,0.1822382,0.6551701,-1.280268,-0.4774019,Nothing
2.930447,24,2,3,0,0.7164133,1.017033,0.2287659,29.83496,339.5937,20.18045,0.8442652,0.9570588,0.1822501,0.6546326,-1.282877,-0.4759312,Nothing
2.939125,24,2,3,0,0.7159178,1.016811,0.2289412,30.08524,339.5859,20.26193,0.8438616,0.956898,0.182264,0.6521,-1.28625,-0.473709,Nothing
2.947884,24,2,3,0,0.715636,1.016517,0.2292636,30.21036,339.4656,20.20832,0.8436674,0.9567327,0.1823363,0.6506503,-1.287194,-0.476479,Nothing
2.956097,24,2,3,0,0.715325,1.016119,0.2295997,30.32425,339.365,20.17131,0.8434222,0.9565973,0.1823532,0.6490775,-1.287191,-0.4803115,Nothing
2.971951,24,2,3,0,0.7150649,1.015467,0.2299471,30.44026,339.1571,20.02516,0.8430738,0.9562886,0.1824398,0.6472271,-1.284706,-0.4852493,Nothing
2.980984,24,2,3,0,0.7150906,1.015177,0.2299667,30.42021,339.057,19.92762,0.8429075,0.9561093,0.1825006,0.6465871,-1.281763,-0.4867974,Nothing
2.988712,24,2,3,0,0.7151003,1.015012,0.2298989,30.37914,338.9709,19.81649,0.8428186,0.9559149,0.1825634,0.6473776,-1.279778,-0.4873219,Nothing
2.997276,24,2,3,0,0.715399,1.014537,0.2297499,30.25056,338.8332,19.62411,0.8427259,0.9555953,0.1826601,0.6479772,-1.272982,-0.4892265,Nothing
3.005669,24,2,3,0,0.7154015,1.014352,0.2297367,30.22086,338.7513,19.51868,0.8426449,0.9554049,0.1827863,0.6489136,-1.270992,-0.4895743,Nothing
3.014282,24,2,3,0,0.7156314,1.014184,0.2296715,30.12903,338.6698,19.38964,0.8425554,0.9552031,0.1828818,0.6486111,-1.267234,-0.489903,Nothing
3.021893,24,2,3,0,0.7157302,1.013996,0.2296862,30.08086,338.5846,19.28737,0.8424687,0.9550177,0.1829821,0.6483645,-1.264749,-0.4907677,Nothing
3.032101,24,2,3,0,0.715732,1.013929,0.2298064,30.05733,338.5275,19.21207,0.842174,0.9546405,0.1831161,0.6457552,-1.264979,-0.4894025,Nothing
3.039085,24,2,3,0,0.7160974,1.013528,0.2298186,30.00036,338.4425,19.10003,0.8418531,0.954406,0.1832547,0.6422439,-1.258388,-0.4892741,Nothing
3.047352,24,2,3,0,0.7161019,1.01353,0.2299581,30.00499,338.4174,19.04989,0.8415968,0.954254,0.183393,0.6402506,-1.257959,-0.4879611,Nothing
3.055485,24,2,3,0,0.7162213,1.013268,0.2301244,29.99266,338.3771,18.97729,0.8413306,0.954099,0.1834666,0.6377684,-1.254712,-0.488841,Nothing
3.063961,24,2,3,0,0.7162946,1.013114,0.2303068,29.99703,338.3576,18.90004,0.840977,0.9538904,0.1834773,0.6344973,-1.252889,-0.4888073,Nothing
3.071854,24,2,3,0,0.7163875,1.012964,0.2304876,30.00843,338.3521,18.8726,0.8407531,0.9537264,0.1834772,0.6313547,-1.251872,-0.4890744,Nothing
3.080585,24,2,3,0,0.7164167,1.012852,0.2306888,30.01912,338.3622,18.85976,0.8405828,0.9535777,0.1834588,0.628896,-1.25184,-0.4897088,Nothing
3.089169,24,2,3,0,0.7164134,1.012805,0.2308803,30.017,338.3832,18.85666,0.8405357,0.9534543,0.1833844,0.6274092,-1.25302,-0.491079,Nothing
3.097637,24,2,3,0,0.7164696,1.012663,0.2311381,30.01726,338.3971,18.86189,0.8407537,0.9533252,0.1833168,0.6272761,-1.254785,-0.4941247,Nothing
3.119724,24,2,3,0,0.7164,1.012161,0.2320121,30.08514,338.4093,18.84263,0.8407834,0.9531296,0.1832108,0.6244488,-1.256229,-0.502709,Nothing
3.131344,24,2,3,0,0.7163382,1.011586,0.2330328,30.20177,338.3981,18.80499,0.8410917,0.953034,0.1831625,0.6237553,-1.258151,-0.5132892,Nothing
3.13876,24,2,3,0,0.7163334,1.01124,0.2336586,30.30601,338.3934,18.78023,0.8413704,0.9529778,0.183052,0.6233554,-1.260175,-0.5200045,Nothing
3.146637,24,2,3,0,0.7163286,1.010815,0.2343583,30.41515,338.395,18.7493,0.841533,0.9529241,0.182959,0.6221533,-1.261142,-0.5270284,Nothing
3.155029,24,2,3,0,0.7162558,1.010346,0.2351379,30.54848,338.4074,18.71001,0.8416283,0.952901,0.182811,0.6207896,-1.262053,-0.5349656,Nothing
3.163685,24,2,3,0,0.7163343,1.009801,0.2358565,30.69147,338.4299,18.65541,0.8417457,0.9528567,0.1826622,0.6192914,-1.261628,-0.5419484,Nothing
3.172001,24,2,3,0,0.7163821,1.009245,0.2366109,30.84058,338.4701,18.60972,0.8417457,0.952842,0.1825253,0.6171783,-1.260669,-0.5486933,Nothing
3.180752,24,2,3,0,0.716572,1.008618,0.2373832,31.0056,338.5206,18.54231,0.8418121,0.9528112,0.1823681,0.6150081,-1.258947,-0.5553747,Nothing
3.188698,24,2,3,0,0.7167629,1.007751,0.2384749,31.22403,338.59,18.47276,0.8417777,0.9527551,0.1821021,0.6106339,-1.256934,-0.5651437,Nothing
3.196415,24,2,3,0,0.7169116,1.007209,0.2392352,31.38427,338.6505,18.44105,0.8417617,0.9526867,0.1819558,0.607311,-1.256398,-0.5708129,Nothing
3.20475,24,2,3,0,0.7170294,1.006672,0.2400204,31.5561,338.7171,18.41209,0.8417125,0.9526378,0.1816728,0.6032102,-1.256473,-0.5775825,Nothing
3.213589,24,2,3,0,0.7173113,1.006176,0.2407345,31.75931,338.8123,18.41263,0.8412464,0.9523575,0.1816783,0.5951227,-1.255282,-0.5772021,Nothing
3.220989,24,2,3,0,0.7174516,1.005667,0.2415625,31.97458,338.915,18.41818,0.8411179,0.9524196,0.1815562,0.5908154,-1.254551,-0.5818853,Nothing
3.230873,24,2,3,0,0.7174117,1.005138,0.2424682,32.21976,339.0144,18.4247,0.8410107,0.952333,0.1814547,0.587384,-1.256438,-0.5864909,Nothing
3.23793,24,2,3,0,0.7174519,1.004574,0.2434317,32.4837,339.107,18.43131,0.8413547,0.9521447,0.1812157,0.5857179,-1.261668,-0.5932043,Nothing
3.246792,24,2,3,0,0.7174927,1.003946,0.2444875,32.78238,339.2026,18.44809,0.8412929,0.952143,0.1812217,0.5818115,-1.262834,-0.5981468,Nothing
3.254784,24,2,3,0,0.7174857,1.003225,0.2457175,33.16922,339.3186,18.48281,0.8412078,0.9520518,0.1811433,0.5765352,-1.266166,-0.6034112,Nothing
3.263577,24,2,3,0,0.717505,1.002081,0.2475676,33.7212,339.493,18.51364,0.8411158,0.952014,0.1810507,0.5697795,-1.269569,-0.6125422,Nothing
3.272095,24,2,3,0,0.7175179,1.001319,0.2487844,34.10629,339.6067,18.53814,0.8410577,0.9520576,0.1809795,0.5653232,-1.271662,-0.618702,Nothing
3.279724,24,2,3,0,0.7175092,1.000431,0.2501618,34.57344,339.7365,18.56788,0.841084,0.9520136,0.1808975,0.5609283,-1.275666,-0.6250473,Nothing
3.288448,24,2,3,0,0.7175146,0.9994389,0.2515834,35.05903,339.8847,18.59342,0.8411142,0.9519715,0.1807828,0.5567532,-1.279386,-0.6319839,Nothing
3.296661,24,2,3,0,0.7174891,0.9987546,0.252937,35.5871,340.1202,18.71091,0.8411502,0.9520399,0.180681,0.5524492,-1.285807,-0.6352807,Nothing
3.304768,24,2,3,0,0.7175624,0.9978779,0.2541195,36.03293,340.3666,18.81051,0.8412691,0.9519619,0.1805978,0.5500492,-1.290085,-0.6386555,Nothing
3.313034,24,2,3,0,0.7176219,0.9971318,0.2552862,36.46746,340.6021,18.91816,0.8412275,0.9518848,0.1805101,0.5457762,-1.294712,-0.6411056,Nothing
3.321564,24,2,3,0,0.717527,0.9961299,0.2569089,37.1549,341.1075,19.20454,0.8413766,0.9518772,0.1803548,0.5436546,-1.30463,-0.6423203,Nothing
3.3298,24,2,3,0,0.7175373,0.9955331,0.2579319,37.62059,341.4832,19.43131,0.8416238,0.9518985,0.1801738,0.5427257,-1.312489,-0.6425052,Nothing
3.338791,24,2,3,0,0.7174278,0.9949082,0.2591183,38.154,341.8626,19.66619,0.8420616,0.9519886,0.1799451,0.5433134,-1.323053,-0.644339,Nothing
3.347191,24,2,3,0,0.7173054,0.9943175,0.2603158,38.71209,342.2773,19.95592,0.8424054,0.9521023,0.1798062,0.5430562,-1.333755,-0.6442847,Nothing
3.356247,24,2,3,0,0.7169609,0.9938762,0.2616505,39.34534,342.7702,20.37044,0.8428028,0.9522055,0.1796217,0.5423977,-1.349815,-0.6426819,Nothing
3.363224,24,2,3,0,0.7166889,0.9934425,0.2628362,39.91869,343.2768,20.78164,0.843203,0.9523498,0.1794982,0.5429192,-1.363701,-0.6403149,Nothing
3.371376,24,2,3,0,0.7164692,0.9930825,0.2639866,40.46579,343.7872,21.19564,0.8436748,0.9524661,0.1792576,0.5430502,-1.378683,-0.6382162,Nothing
3.380302,24,2,3,0,0.7161626,0.9931325,0.2649029,40.99081,344.4774,21.78737,0.8442324,0.9526861,0.1790969,0.5453603,-1.396215,-0.6299176,Nothing
3.388195,24,2,3,0,0.7156966,0.9935713,0.2658638,41.68024,345.7361,22.83258,0.8449173,0.9529018,0.1788383,0.5498424,-1.422903,-0.6093355,Nothing
3.396862,24,2,3,0,0.7154207,0.994397,0.2661507,42.11187,346.7774,23.70168,0.8456877,0.9531378,0.1785648,0.5555331,-1.444561,-0.5885296,Nothing
3.404789,24,2,3,0,0.7150743,0.9948466,0.2665929,42.52208,347.7237,24.4898,0.8463503,0.9533436,0.1784025,0.5613646,-1.463032,-0.5716402,Nothing
3.414051,24,2,3,0,0.7145404,0.9964206,0.2666292,42.87396,349.0223,25.6415,0.8469204,0.953563,0.1782375,0.565408,-1.489038,-0.5397531,Nothing
3.422153,24,2,3,0,0.7138354,0.9975662,0.2668124,43.22227,350.3182,26.83133,0.8475322,0.9537028,0.1780791,0.5700051,-1.514632,-0.5109583,Nothing
3.433155,24,2,3,0,0.7129289,0.9992712,0.2673078,43.75633,352.1458,28.49231,0.8483435,0.9540084,0.177889,0.5736763,-1.550534,-0.4697205,Nothing
3.446995,24,2,3,0,0.7114875,1.001483,0.2678845,44.33777,354.7856,30.94517,0.8495381,0.9543785,0.1776933,0.5791414,-1.598966,-0.4110664,Nothing
3.454868,24,2,3,0,0.7102879,1.003314,0.2675798,44.5586,356.5096,32.36804,0.8500708,0.9545471,0.1775655,0.5883241,-1.626166,-0.3659017,Nothing
3.462852,24,2,3,0,0.7092199,1.004623,0.2677559,44.73728,357.9785,33.77893,0.8506408,0.9546951,0.1774738,0.5901529,-1.652623,-0.3314832,Nothing
3.471066,24,2,3,0,0.7083184,1.005857,0.2680779,44.93362,359.3854,35.09557,0.8508517,0.9549834,0.1774092,0.5883855,-1.674406,-0.2992639,Nothing
3.480671,24,2,3,0,0.7075385,1.007519,0.2682396,45.10308,0.8138196,36.44886,0.8513286,0.9551192,0.1772756,0.5845512,-1.699623,-0.2615632,Nothing
3.487957,24,2,3,0,0.7066669,1.008668,0.2687456,45.2419,2.268487,37.85051,0.851738,0.9551716,0.17712,0.579689,-1.72441,-0.2288671,Nothing
3.496021,24,2,3,0,0.7054955,1.010367,0.2691813,45.3503,3.747248,39.27785,0.8520895,0.9552293,0.1770092,0.5739199,-1.752582,-0.1905581,Nothing
3.505436,24,2,3,0,0.7045481,1.011559,0.2695591,45.39714,5.266207,40.72757,0.8525065,0.9553214,0.176933,0.5691687,-1.775554,-0.1549627,Nothing
3.512657,24,2,3,0,0.7036354,1.012974,0.2697932,45.41204,6.811698,42.16396,0.8528212,0.9553944,0.1768465,0.5629149,-1.797305,-0.1158922,Nothing
3.520794,24,2,3,0,0.7021598,1.015165,0.2702635,45.40856,9.129278,44.29664,0.8532462,0.9557652,0.1766728,0.5533361,-1.828947,-0.05859035,Nothing
3.529449,24,2,3,0,0.7015806,1.016444,0.2704384,45.3716,10.73969,45.69934,0.8532224,0.9555699,0.176793,0.5424169,-1.843163,-0.01489458,Nothing
3.537338,24,2,3,0,0.7010067,1.017544,0.270771,45.36425,12.26528,47.03016,0.8534393,0.9556006,0.1767751,0.5338706,-1.857864,0.02342516,Nothing
3.54612,24,2,3,0,0.7005069,1.018328,0.271263,45.36288,13.72347,48.31069,0.8536797,0.9555296,0.1767597,0.5249188,-1.8716,0.05828737,Nothing
3.55402,24,2,3,0,0.699896,1.019504,0.2717502,45.3432,15.13356,49.53234,0.8537632,0.9556604,0.1767888,0.5150196,-1.88487,0.09403843,Nothing
3.562614,24,2,3,0,0.6996354,1.020049,0.2722575,45.33232,16.5012,50.68079,0.8539358,0.9555867,0.1767404,0.5060264,-1.894269,0.1252055,Nothing
3.570934,24,2,3,0,0.6995093,1.020864,0.2725777,45.28852,17.80343,51.72408,0.8541266,0.9555407,0.1767854,0.4973091,-1.901297,0.1582946,Nothing
3.580418,24,2,3,0,0.6994427,1.02193,0.2730521,45.18842,19.76548,53.26804,0.8543645,0.9554738,0.1768289,0.4837844,-1.909065,0.206572,Nothing
3.588215,24,2,3,0,0.699746,1.022435,0.2733328,45.11543,21.03974,54.19464,0.8546371,0.9554881,0.1770137,0.4773187,-1.909182,0.2370585,Nothing
3.596481,24,2,3,0,0.7003033,1.023178,0.2731188,44.99759,22.25542,54.99242,0.8549488,0.9553527,0.1770222,0.470472,-1.906466,0.2701787,Nothing
3.60442,24,2,3,0,0.7004763,1.023947,0.273368,44.89013,23.51322,55.91104,0.8552184,0.9553354,0.177081,0.4619532,-1.908508,0.302065,Nothing
3.612854,24,2,3,0,0.7009331,1.024514,0.2732782,44.74818,24.61082,56.61622,0.8555016,0.9552345,0.1771489,0.4563531,-1.905318,0.3307307,Nothing
3.620861,24,2,3,0,0.7014031,1.025068,0.2736265,44.65005,25.7223,57.39855,0.8557628,0.9552342,0.1771881,0.4473508,-1.904808,0.3563377,Nothing
3.629124,24,2,3,0,0.7017925,1.02565,0.2738136,44.53272,26.77624,58.1288,0.8560427,0.9551642,0.1772845,0.4393442,-1.90356,0.3829449,Nothing
3.637928,24,2,3,0,0.7023951,1.026251,0.2741449,44.36699,28.27347,59.15648,0.8565276,0.9549981,0.1774412,0.4289742,-1.901092,0.4196315,Nothing
3.646076,24,2,3,0,0.7027963,1.026535,0.2746572,44.33057,29.10046,59.72857,0.8568166,0.9550308,0.1775115,0.4229923,-1.900912,0.4369522,Nothing
3.654388,24,2,3,0,0.7034995,1.026769,0.2749345,44.27098,29.79233,60.1607,0.8571002,0.9549264,0.1776975,0.4168182,-1.89687,0.4526903,Nothing
3.663219,24,2,3,0,0.7039788,1.026959,0.275427,44.26888,30.41439,60.56295,0.8574018,0.9549276,0.1778412,0.4125857,-1.895791,0.4655648,Nothing
3.671665,24,2,3,0,0.704574,1.027097,0.2758059,44.22884,30.9521,60.85689,0.8576511,0.9548494,0.1780455,0.4089889,-1.892663,0.4767766,Nothing
3.679237,24,2,3,0,0.7053301,1.027138,0.2763042,44.21869,31.4056,61.10345,0.857918,0.9547787,0.1782109,0.404617,-1.889882,0.484036,Nothing
3.68784,24,2,3,0,0.7060364,1.027031,0.2768692,44.25054,31.7792,61.28662,0.8581608,0.9546635,0.1784024,0.4017824,-1.887387,0.4889411,Nothing
3.695942,24,2,3,0,0.7072855,1.026749,0.2773153,44.3272,31.89261,61.23846,0.8583809,0.9545906,0.1786408,0.3993031,-1.880468,0.4855585,Nothing
3.704319,24,2,3,0,0.7083943,1.026279,0.2782946,44.47199,31.98628,61.20534,0.8586268,0.9545386,0.1788736,0.3975288,-1.877967,0.4781828,Nothing
3.712852,24,2,3,0,0.7100817,1.0252,0.2794529,44.67174,31.99248,60.9858,0.8587916,0.954306,0.1792863,0.3982194,-1.869586,0.4637464,Nothing
3.721405,24,2,3,0,0.7115662,1.024309,0.2807042,44.93806,31.7156,60.64727,0.8590091,0.9542984,0.1795159,0.3987607,-1.866403,0.4426304,Nothing
3.730587,24,2,3,0,0.7130572,1.023347,0.2817745,45.18003,31.32043,60.20672,0.8594151,0.9542856,0.179703,0.4019366,-1.863428,0.41982,Nothing
3.738533,24,2,3,0,0.7145614,1.02246,0.2824593,45.35262,30.88863,59.68396,0.8596704,0.9542177,0.1799352,0.4054511,-1.856591,0.3986051,Nothing
3.746796,24,2,3,0,0.7159531,1.021725,0.2833004,45.51712,30.29293,59.06351,0.8599415,0.9541891,0.1801848,0.4083352,-1.852657,0.3742999,Nothing
3.754665,24,2,3,0,0.7174748,1.021082,0.2838638,45.63705,29.90812,58.60778,0.8602134,0.9541329,0.1804287,0.4088092,-1.845637,0.3564125,Nothing
3.763397,24,2,3,0,0.719256,1.020294,0.2850197,45.80126,29.16453,57.83218,0.8605724,0.9540365,0.1807117,0.4098817,-1.842039,0.326587,Nothing
3.771309,24,2,3,0,0.7203255,1.019891,0.2855777,45.8224,28.57281,57.24768,0.8608575,0.954044,0.1809193,0.4117453,-1.839418,0.3061793,Nothing
3.77985,24,2,3,0,0.7215661,1.018883,0.2860674,45.83538,27.92088,56.57424,0.861107,0.9539953,0.1811343,0.4168797,-1.832608,0.2802654,Nothing
3.787941,24,2,3,0,0.7225322,1.018696,0.2866136,45.83168,27.35445,56.00919,0.8613187,0.9539468,0.1813311,0.4169178,-1.830852,0.2624298,Nothing
3.797562,24,2,3,0,0.7236345,1.017972,0.2869321,45.82881,26.79917,55.39013,0.8615358,0.953902,0.1815507,0.4216543,-1.823693,0.2421475,Nothing
3.804752,24,2,3,0,0.7248087,1.017508,0.287705,45.87023,26.2742,54.85203,0.8615816,0.9537202,0.1817917,0.4190347,-1.82012,0.2225422,Nothing
3.813885,24,2,3,0,0.7260168,1.016944,0.2877277,45.84044,25.77936,54.23291,0.8616688,0.9536788,0.1820322,0.4227815,-1.809238,0.2058899,Nothing
3.822281,24,2,3,0,0.7276962,1.016282,0.2883131,45.83417,25.07225,53.40443,0.8618745,0.9535624,0.1823322,0.4244597,-1.799821,0.1808088,Nothing
3.830067,24,2,3,0,0.7290388,1.015743,0.2882644,45.79601,24.58139,52.77408,0.8619634,0.9534695,0.1825378,0.4268806,-1.78789,0.1648648,Nothing
3.838715,24,2,3,0,0.7303008,1.015278,0.2883994,45.74475,24.07703,52.12328,0.8619609,0.9534424,0.1827196,0.4287697,-1.777334,0.1473165,Nothing
3.847054,24,2,3,0,0.7316619,1.014753,0.2881309,45.64669,23.53071,51.38503,0.8620188,0.9533366,0.18294,0.4330056,-1.762971,0.1313638,Nothing
3.855858,24,2,3,0,0.7330321,1.014206,0.2877796,45.51498,22.9557,50.58468,0.8620607,0.9532154,0.1831779,0.4383979,-1.747344,0.1151108,Nothing
3.863914,24,2,3,0,0.7346472,1.013388,0.2876266,45.42175,22.29744,49.7014,0.8620826,0.9531283,0.1834382,0.4434384,-1.729879,0.09384659,Nothing
3.87244,24,2,3,0,0.7365034,1.012246,0.2873398,45.34981,21.46359,48.6118,0.8620538,0.9530067,0.1837003,0.4502168,-1.707757,0.06778647,Nothing
3.881325,24,2,3,0,0.7389888,1.010699,0.2873074,45.25359,20.31412,47.15449,0.8622016,0.9527747,0.1840449,0.4581088,-1.681725,0.03141653,Nothing
3.889145,24,2,3,0,0.7408283,1.00936,0.2872125,45.17435,19.39145,46.01467,0.8621851,0.9526343,0.1842854,0.4639243,-1.659843,0.001989177,Nothing
3.897209,24,2,3,0,0.7426051,1.007967,0.2872559,45.09934,18.44347,44.86969,0.8620552,0.9525113,0.1844963,0.4682846,-1.638284,-0.02911404,Nothing
3.905533,24,2,3,0,0.7443404,1.00666,0.2872643,45.00089,17.5555,43.77613,0.862046,0.9523722,0.1846926,0.4727431,-1.617677,-0.05771912,Nothing
3.914047,24,2,3,0,0.7461726,1.005116,0.2873334,44.88483,16.53583,42.55638,0.8617491,0.9522524,0.1849084,0.4753386,-1.593328,-0.09138417,Nothing
3.922256,24,2,3,0,0.7477371,1.00387,0.2875329,44.81256,15.65919,41.51245,0.8617462,0.9521171,0.1850319,0.4780353,-1.575521,-0.1194812,Nothing
3.930752,24,2,3,0,0.7493111,1.002697,0.2879187,44.78408,14.88973,40.60786,0.8617324,0.9520075,0.1851572,0.4776799,-1.55964,-0.14565,Nothing
3.938526,24,2,3,0,0.7505589,1.001687,0.2886238,44.84024,14.25008,39.89124,0.8617367,0.9519292,0.1851999,0.4756918,-1.549996,-0.1692261,Nothing
3.947018,24,2,3,0,0.7522761,1.000172,0.2896986,44.91762,13.39274,38.91519,0.8618075,0.951737,0.1852919,0.4731715,-1.537143,-0.2015656,Nothing
3.955532,24,2,3,0,0.7528524,0.9998749,0.2908005,45.15508,13.4021,38.91573,0.8618214,0.9516042,0.1851758,0.4654965,-1.542536,-0.2083336,Nothing
3.964321,24,2,3,0,0.7532959,0.9995697,0.2915871,45.3027,13.40763,38.86515,0.8618905,0.9515008,0.1851642,0.4621996,-1.545117,-0.2135616,Nothing
3.972378,24,2,3,0,0.7538898,0.9993615,0.2922223,45.42845,13.41209,38.79333,0.8619667,0.9513524,0.1851557,0.4579909,-1.546512,-0.2172613,Nothing
3.981098,24,2,3,0,0.7538838,1.000207,0.29242,45.5669,14.25045,39.50131,0.8620647,0.9512484,0.1851236,0.4523734,-1.556502,-0.1958881,Nothing
3.988548,24,2,3,0,0.7539903,1.001175,0.2926471,45.67549,15.04163,40.16842,0.8621846,0.9511605,0.185094,0.445397,-1.566378,-0.175225,Nothing
3.996944,24,2,3,0,0.7540442,1.00203,0.2927698,45.75099,15.74693,40.72614,0.8625169,0.9512203,0.1850117,0.443138,-1.57502,-0.1574352,Nothing
4.005184,24,2,3,0,0.7536855,1.003365,0.2926518,45.77448,16.95769,41.76139,0.8627796,0.9512061,0.1848885,0.4391147,-1.588034,-0.1257377,Nothing
4.014095,24,2,3,0,0.7526601,1.006337,0.2924003,45.74366,19.03057,43.5841,0.8629107,0.9510973,0.1848592,0.4271737,-1.612372,-0.06422739,Nothing
4.021923,24,2,3,0,0.7518812,1.008105,0.2920249,45.64653,20.49931,44.86961,0.8631671,0.9510822,0.1848133,0.4219604,-1.626391,-0.02229322,Nothing
4.030979,24,2,3,0,0.7510217,1.010526,0.2917862,45.55697,22.08538,46.29599,0.8634949,0.9510792,0.1847862,0.4118242,-1.644898,0.02681672,Nothing
4.039913,24,2,3,0,0.7500381,1.012299,0.2914094,45.40715,23.69735,47.70873,0.8637948,0.9511669,0.1846332,0.4060411,-1.659048,0.07128946,Nothing
4.048695,24,2,3,0,0.7485941,1.01525,0.2910045,45.16031,26.05483,49.77459,0.8644014,0.9512017,0.1845401,0.3944245,-1.681355,0.1412044,Nothing
4.06398,24,2,3,0,0.7459096,1.019484,0.2907485,44.72913,29.60345,52.97277,0.8647283,0.9511408,0.1845715,0.368744,-1.712261,0.2469941,Nothing
4.072132,24,2,3,0,0.7441413,1.021914,0.2908663,44.45372,31.47806,54.64294,0.8653053,0.9511826,0.18453,0.3579768,-1.733175,0.305677,Nothing
4.080124,24,2,3,0,0.7426781,1.024071,0.2905866,44.13623,33.47464,56.3952,0.8657283,0.9512646,0.1845902,0.3441115,-1.744691,0.3668115,Nothing
4.089394,24,2,3,0,0.7406592,1.026747,0.290237,43.67927,35.78114,58.3103,0.8661736,0.9513427,0.1845693,0.3294515,-1.758166,0.440251,Nothing
4.097397,24,2,3,0,0.7387181,1.029318,0.2894967,43.10002,38.05991,60.20773,0.8666466,0.9514272,0.1845367,0.3121874,-1.766023,0.5148265,Nothing
4.108704,24,2,3,0,0.7354993,1.033362,0.2884783,42.04039,41.44167,62.97704,0.867322,0.9515213,0.184484,0.2812362,-1.776488,0.6295075,Nothing
4.122517,24,2,3,0,0.7301726,1.038437,0.2869435,40.37974,45.49375,66.2529,0.8681377,0.95172,0.184356,0.2412342,-1.787212,0.7789319,Nothing
4.131092,24,2,3,0,0.7248564,1.042927,0.2863648,38.71898,49.15051,69.27782,0.8686805,0.9519087,0.1843618,0.1916206,-1.795197,0.9157202,Nothing
4.139755,24,2,3,0,0.7218518,1.045395,0.2860524,37.62555,51.39623,71.11806,0.8691272,0.9518614,0.1843546,0.1549965,-1.794652,0.9998032,Nothing
4.155312,24,2,3,0,0.7152154,1.049476,0.2868523,35.51785,55.54493,74.58052,0.8699077,0.9519823,0.1842723,0.08361567,-1.79827,1.155091,Nothing
4.164516,24,2,3,0,0.7127392,1.050572,0.2874921,34.6911,57.2535,76.02296,0.8703219,0.9520004,0.1842563,0.053766,-1.7956,1.215695,Nothing
4.171524,24,2,3,0,0.7107626,1.051572,0.2882737,33.87296,58.7711,77.28213,0.8707479,0.9520285,0.1842514,0.02323894,-1.792516,1.267972,Nothing
4.180466,24,2,3,0,0.7087423,1.052301,0.2886753,33.05864,60.21652,78.40987,0.8710737,0.952062,0.1841805,-0.003332726,-1.784908,1.318677,Nothing
4.188427,24,2,3,0,0.7075212,1.052889,0.2893753,32.39587,61.42729,79.31529,0.8714664,0.9520732,0.1841896,-0.02723386,-1.778214,1.357931,Nothing
4.197346,24,2,3,0,0.7049052,1.054358,0.2900216,31.14521,63.45809,80.85141,0.8718395,0.9520413,0.1842012,-0.07580444,-1.761252,1.430948,Nothing
4.205086,24,2,3,0,0.704237,1.054761,0.2903987,30.52929,64.54095,81.5461,0.8721978,0.9520168,0.1842673,-0.09754796,-1.747506,1.464185,Nothing
4.214165,24,2,3,0,0.7037832,1.055077,0.2907666,29.97243,65.59544,82.17129,0.8724906,0.9520244,0.1843528,-0.1169942,-1.731829,1.494403,Nothing
4.222813,24,2,3,0,0.7034892,1.05553,0.2910874,29.4885,66.62904,82.73441,0.8727145,0.9519176,0.1845143,-0.1366421,-1.713923,1.524377,Nothing
4.230953,24,2,3,0,0.7038814,1.055571,0.2912931,29.14883,67.49345,83.13548,0.8730495,0.9518853,0.1846344,-0.1484957,-1.695775,1.543924,Nothing
4.239193,24,2,3,0,0.7036446,1.055894,0.291797,28.66419,68.43336,83.65932,0.8733565,0.9518138,0.1847666,-0.1672628,-1.680645,1.569979,Nothing
4.246719,24,2,3,0,0.7039864,1.05596,0.2921423,28.32099,69.17976,84.0274,0.8737166,0.9517736,0.1848891,-0.1799756,-1.665966,1.586654,Nothing
4.255028,24,2,3,0,0.704476,1.055896,0.2924595,27.99506,69.85692,84.36856,0.8741646,0.9518687,0.1849822,-0.190233,-1.652191,1.599836,Nothing
4.263752,24,2,3,0,0.7050236,1.055927,0.2931819,27.59255,70.75997,84.83196,0.8747728,0.9518175,0.1851428,-0.205649,-1.636474,1.619126,Nothing
4.272171,24,2,3,0,0.7056544,1.055706,0.2936186,27.35949,71.31047,85.13791,0.8751681,0.9517823,0.1852479,-0.2145812,-1.625476,1.627523,Nothing
4.281471,24,2,3,0,0.7059858,1.055504,0.2941782,27.16426,71.81104,85.41734,0.8755447,0.9517792,0.185316,-0.2209093,-1.617892,1.63679,Nothing
4.297127,24,2,3,0,0.7075168,1.054725,0.2952089,26.88051,72.64163,85.92132,0.8763386,0.9518022,0.1853534,-0.2309885,-1.604025,1.642744,Nothing
4.305386,24,2,3,0,0.7080356,1.054509,0.2958244,26.75562,72.98349,86.1554,0.8767858,0.951798,0.1853629,-0.2362259,-1.600831,1.647193,Nothing
4.314095,24,2,3,0,0.7089077,1.054091,0.2966221,26.54424,73.51698,86.50979,0.8773161,0.9517588,0.1853723,-0.245043,-1.59366,1.652279,Nothing
4.321827,24,2,3,0,0.7091535,1.054081,0.2971148,26.47203,73.7168,86.67895,0.8775516,0.9517565,0.1853353,-0.2499952,-1.59347,1.655275,Nothing
4.331814,24,2,3,0,0.709698,1.053701,0.2974209,26.36186,73.97454,86.83122,0.8780932,0.9517773,0.1852694,-0.251222,-1.590274,1.658177,Nothing
4.348316,24,2,3,0,0.7105209,1.053599,0.2983356,26.10802,74.50578,87.15508,0.8788695,0.9517866,0.1851352,-0.2617055,-1.586636,1.666237,Nothing
4.364105,24,2,3,0,0.7114705,1.053438,0.2988591,25.91758,74.9553,87.43289,0.8794718,0.9518213,0.1849782,-0.2702643,-1.580555,1.670579,Nothing
4.372322,24,2,3,0,0.7118579,1.053127,0.2991055,25.81989,75.20815,87.58978,0.8797224,0.9517504,0.1849218,-0.2733017,-1.576394,1.673216,Nothing
4.380543,24,2,3,0,0.7123119,1.053188,0.2996221,25.61556,75.6096,87.81049,0.8802091,0.9517288,0.184779,-0.2820655,-1.572472,1.68099,Nothing
4.388908,24,2,3,0,0.7128565,1.05295,0.2997915,25.4847,75.86367,87.94788,0.8804123,0.9517958,0.1847342,-0.2857527,-1.566973,1.681572,Nothing
4.396633,24,2,3,0,0.7129743,1.053053,0.2999773,25.34161,76.1227,88.08462,0.8806443,0.9517408,0.1845598,-0.2921107,-1.564005,1.687971,Nothing
4.405109,24,2,3,0,0.7128783,1.053181,0.3000926,25.13455,76.41704,88.23972,0.8809237,0.9517055,0.1844507,-0.2993376,-1.559323,1.697517,Nothing
4.414055,24,2,3,0,0.7130154,1.053192,0.3001813,24.94805,76.68479,88.38503,0.8811339,0.9516674,0.1843303,-0.3062395,-1.554379,1.703352,Nothing
4.422108,24,2,3,0,0.7129299,1.053236,0.3002777,24.71093,77.00029,88.56307,0.8813874,0.9516152,0.1842434,-0.3143508,-1.548385,1.712687,Nothing
4.431335,24,2,3,0,0.7126844,1.053382,0.3003965,24.45004,77.32343,88.74255,0.8816419,0.9515519,0.1841573,-0.3235894,-1.542681,1.723945,Nothing
4.439396,24,2,3,0,0.7124177,1.053654,0.300662,24.09707,77.7759,89.00005,0.8817312,0.9517835,0.1837084,-0.3358122,-1.537921,1.734737,Nothing
4.447933,24,2,3,0,0.7121489,1.053757,0.3007341,23.82001,78.07771,89.17726,0.881838,0.9516401,0.1836901,-0.3466464,-1.531073,1.744596,Nothing
4.463608,24,2,3,0,0.7116143,1.053888,0.301037,23.35683,78.65302,89.53976,0.8822243,0.9514644,0.183673,-0.3639276,-1.519352,1.764667,Nothing
4.472111,24,2,3,0,0.7114185,1.053977,0.3012012,23.13074,78.93971,89.7103,0.8823795,0.9513576,0.1837249,-0.3730086,-1.512716,1.773946,Nothing
4.480209,24,2,3,0,0.7112814,1.053965,0.3013852,22.94948,79.20242,89.88395,0.8825622,0.9512658,0.1837422,-0.3801382,-1.507056,1.782073,Nothing
4.488415,24,2,3,0,0.7112924,1.053896,0.3014761,22.78081,79.46332,90.04475,0.8827306,0.9513642,0.1840252,-0.3846314,-1.497543,1.78837,Nothing
4.497238,24,2,3,0,0.7111722,1.053977,0.3015728,22.5897,79.71682,90.19341,0.8828341,0.9512791,0.1841629,-0.392583,-1.489869,1.795977,Nothing
4.506187,24,2,3,0,0.7110081,1.054077,0.3016385,22.31183,80.08237,90.39011,0.8829921,0.9511356,0.1844485,-0.4036542,-1.477168,1.807148,Nothing
4.52272,24,2,3,0,0.7106716,1.054383,0.301499,21.91719,80.55927,90.62373,0.8831236,0.950932,0.1847737,-0.4201207,-1.458778,1.822802,Nothing
4.530529,24,2,3,0,0.71052,1.054561,0.3014204,21.71247,80.80148,90.72131,0.8829329,0.9504848,0.1850092,-0.4325967,-1.448184,1.829551,Nothing
4.538479,24,2,3,0,0.7103809,1.054784,0.3012837,21.5133,81.03529,90.80332,0.8829962,0.9503821,0.1851815,-0.4408887,-1.43836,1.83718,Nothing
4.547215,24,2,3,0,0.7102791,1.054942,0.3012044,21.32348,81.27293,90.89196,0.8830251,0.9502203,0.1853326,-0.4493206,-1.428995,1.84409,Nothing
4.554955,24,2,3,0,0.7103705,1.054983,0.3010387,21.16465,81.4781,90.95582,0.8829008,0.9501723,0.1855229,-0.4554446,-1.418895,1.846483,Nothing
4.563576,24,2,3,0,0.7104813,1.055091,0.3009247,21.04403,81.67607,91.01033,0.8828058,0.9500962,0.1855731,-0.4611961,-1.411,1.849124,Nothing
4.571411,24,2,3,0,0.7105249,1.055192,0.3008397,20.89886,81.8858,91.08344,0.8827826,0.949972,0.1855699,-0.4680513,-1.403639,1.853155,Nothing
4.581024,24,2,3,0,0.7104719,1.055375,0.3007097,20.71846,82.15742,91.16916,0.8826996,0.949837,0.1856326,-0.4764698,-1.39334,1.859115,Nothing
4.588406,24,2,3,0,0.7105442,1.055471,0.3006724,20.61766,82.30217,91.22132,0.8824398,0.9496912,0.1854674,-0.4832505,-1.389629,1.859201,Nothing
4.59779,24,2,3,0,0.7106236,1.055573,0.3005286,20.5318,82.39297,91.25145,0.8821836,0.9495271,0.1853857,-0.4896119,-1.385664,1.858447,Nothing
4.607361,24,2,3,0,0.7106795,1.055662,0.3005248,20.44273,82.50618,91.29703,0.8819655,0.9494298,0.1852719,-0.4953865,-1.382793,1.858242,Nothing
4.622612,24,2,3,0,0.7108141,1.055871,0.3002647,20.26847,82.72366,91.35814,0.8812582,0.9494709,0.1848873,-0.5051489,-1.376233,1.854223,Nothing
4.630241,24,2,3,0,0.7108343,1.056057,0.3002273,20.11883,82.90119,91.42572,0.8809386,0.9493008,0.1847077,-0.514694,-1.37156,1.854865,Nothing
4.638805,24,2,3,0,0.710826,1.056155,0.3001813,20.014,83.03998,91.46798,0.8804354,0.9491898,0.1844649,-0.5216978,-1.368584,1.852922,Nothing
4.647076,24,2,3,0,0.7107855,1.05626,0.3001407,19.90434,83.18094,91.51189,0.8800931,0.9490902,0.1842999,-0.5281048,-1.365058,1.852871,Nothing
4.655521,24,2,3,0,0.7106929,1.056298,0.2999098,19.79188,83.32014,91.56057,0.8797488,0.9489887,0.184136,-0.5338116,-1.359676,1.853206,Nothing
4.66433,24,2,3,0,0.7105271,1.056375,0.2999216,19.65353,83.4893,91.63065,0.8793854,0.9488874,0.1839577,-0.540961,-1.355906,1.854334,Nothing
4.672256,24,2,3,0,0.7103788,1.056418,0.2998789,19.52343,83.63213,91.68108,0.8789866,0.9488641,0.1836597,-0.546754,-1.353661,1.853964,Nothing
4.680191,24,2,3,0,0.7100918,1.056496,0.2998675,19.35505,83.79633,91.74543,0.8785705,0.9487401,0.1835104,-0.554746,-1.349576,1.855466,Nothing
4.688423,24,2,3,0,0.7098618,1.056564,0.2998262,19.20328,83.94801,91.79504,0.8781227,0.948613,0.1833417,-0.5621898,-1.345766,1.855948,Nothing
4.696785,24,2,3,0,0.7096072,1.056658,0.2997597,18.9924,84.16123,91.86471,0.8775461,0.9484428,0.1830751,-0.5725511,-1.340597,1.8564,Nothing
4.704849,24,2,3,0,0.7094823,1.056673,0.2996641,18.8771,84.29204,91.89182,0.8771506,0.9483246,0.1829074,-0.5780027,-1.337003,1.856031,Nothing
4.713715,24,2,3,0,0.7094321,1.056623,0.2995031,18.76583,84.42379,91.9269,0.876781,0.9483376,0.1828278,-0.5816696,-1.331763,1.854738,Nothing
4.721493,24,2,3,0,0.7095537,1.056528,0.2994244,18.73255,84.52777,91.94614,0.8764139,0.9482201,0.1827087,-0.5841377,-1.328556,1.852085,Nothing
4.731174,24,2,3,0,0.7096244,1.056466,0.2992786,18.69319,84.61423,91.965,0.8760779,0.9480888,0.1825578,-0.5870875,-1.325551,1.849945,Nothing
4.73848,24,2,3,0,0.7097881,1.05636,0.2991852,18.68719,84.67742,91.96796,0.8756904,0.9479305,0.1825899,-0.5890241,-1.321916,1.846274,Nothing
4.747173,24,2,3,0,0.7100211,1.056221,0.2991304,18.70881,84.7235,91.97194,0.8753955,0.9478052,0.1824983,-0.5896205,-1.320468,1.842343,Nothing
4.755692,24,2,3,0,0.7102709,1.055982,0.2989596,18.73243,84.77625,91.98633,0.8748766,0.9476197,0.1821837,-0.5908062,-1.319589,1.836036,Nothing
4.763775,24,2,3,0,0.7106794,1.055713,0.2990538,18.86553,84.70267,91.98679,0.8746802,0.9475043,0.1821049,-0.5877753,-1.322888,1.829193,Nothing
4.771488,24,2,3,0,0.7108849,1.055529,0.298984,18.93072,84.68587,91.9942,0.8745709,0.9473,0.1819561,-0.5872852,-1.323797,1.826408,Nothing
4.780399,24,2,3,0,0.7112997,1.055197,0.2991705,19.09663,84.56977,92.00346,0.8744771,0.9472183,0.1819696,-0.5825884,-1.328284,1.819517,Nothing
4.788551,24,2,3,0,0.7116163,1.054938,0.2992414,19.19279,84.5169,92.01054,0.8741971,0.947284,0.1818533,-0.5791223,-1.331085,1.812252,Nothing
4.79673,24,2,3,0,0.7118554,1.054701,0.2993754,19.33012,84.40234,92.01817,0.8741183,0.9471827,0.181859,-0.5758028,-1.33519,1.807348,Nothing
4.805389,24,2,3,0,0.7120563,1.054402,0.2995661,19.45341,84.26064,92.02174,0.8740809,0.9470842,0.1818919,-0.5722319,-1.340426,1.802205,Nothing
4.813381,24,2,3,0,0.712145,1.054189,0.2996984,19.56361,84.13783,92.03205,0.8740907,0.9471748,0.1819082,-0.5675294,-1.344861,1.798556,Nothing
4.822716,24,2,3,0,0.712315,1.053835,0.2999194,19.71502,83.97623,92.04367,0.8741036,0.9470582,0.1819845,-0.5628574,-1.350509,1.793831,Nothing
4.838737,24,2,3,0,0.7125622,1.05338,0.3001727,19.92259,83.75329,92.0462,0.874127,0.9470041,0.1820443,-0.5555069,-1.358353,1.786929,Nothing
4.846699,24,2,3,0,0.7127566,1.053102,0.3001485,20.01974,83.65965,92.02465,0.8746334,0.9467807,0.1820857,-0.551189,-1.360846,1.788521,Nothing
4.855175,24,2,3,0,0.7126964,1.052991,0.3000877,20.10598,83.55386,91.99305,0.8746052,0.9466077,0.1823871,-0.5489289,-1.360349,1.787793,Nothing
4.864006,24,2,3,0,0.7126389,1.052914,0.3000281,20.16957,83.46236,91.95359,0.8747844,0.9465259,0.1825618,-0.5459033,-1.361103,1.788804,Nothing
4.871601,24,2,3,0,0.7126079,1.052875,0.2998745,20.24116,83.35505,91.91007,0.8750619,0.9463527,0.1827357,-0.5436005,-1.361426,1.790773,Nothing
4.880028,24,2,3,0,0.71254,1.052836,0.2997909,20.30694,83.25997,91.86708,0.8749828,0.9462964,0.182961,-0.5413713,-1.361229,1.789495,Nothing
4.888241,24,2,3,0,0.7124559,1.052724,0.2996922,20.40662,83.11305,91.81787,0.8752985,0.9461522,0.183258,-0.537064,-1.362132,1.791405,Nothing
4.896828,24,2,3,0,0.7122102,1.052801,0.2995079,20.45782,82.99932,91.77229,0.8756335,0.9464293,0.1833357,-0.5312828,-1.363762,1.794377,Nothing
4.904915,24,2,3,0,0.7120523,1.052826,0.2994611,20.51269,82.90043,91.74728,0.8758402,0.9463974,0.1836371,-0.5288911,-1.363587,1.796684,Nothing
4.913734,24,2,3,0,0.7118837,1.052864,0.2992997,20.57051,82.79223,91.71251,0.8759176,0.9464628,0.1838475,-0.5258435,-1.363378,1.797412,Nothing
4.922539,24,2,3,0,0.7116379,1.05295,0.29918,20.59608,82.7051,91.68719,0.8761131,0.9464622,0.1841387,-0.5242098,-1.362353,1.800655,Nothing
4.930927,24,2,3,0,0.7114988,1.05286,0.2989704,20.63394,82.60049,91.64487,0.8761681,0.9463794,0.1844952,-0.5217957,-1.360072,1.801125,Nothing
4.938385,24,2,3,0,0.7113053,1.052939,0.2987669,20.66975,82.50017,91.59226,0.876354,0.9464075,0.1847936,-0.5191199,-1.35867,1.803573,Nothing
4.947285,24,2,3,0,0.7111648,1.053029,0.2984173,20.75846,82.33222,91.49284,0.8765697,0.9462417,0.1853974,-0.5159724,-1.354874,1.806052,Nothing
4.955082,24,2,3,0,0.7112043,1.053118,0.29808,20.84545,82.19312,91.38699,0.8767456,0.9462774,0.1856774,-0.5115737,-1.353503,1.805956,Nothing
4.963501,24,2,3,0,0.7112873,1.053196,0.2976893,20.95688,82.04066,91.2617,0.8769204,0.9463233,0.1859339,-0.505989,-1.352299,1.80532,Nothing
4.97171,24,2,3,0,0.711386,1.053268,0.2971525,21.08024,81.87135,91.11736,0.8766456,0.9462978,0.1861027,-0.5020079,-1.350388,1.800367,Nothing
4.980549,24,2,3,0,0.7117053,1.053309,0.2966416,21.25697,81.67164,90.93798,0.8767744,0.9463506,0.1863192,-0.4940959,-1.34964,1.796563,Nothing
4.988586,24,2,3,0,0.7118287,1.053379,0.2961251,21.38685,81.48993,90.79458,0.8769922,0.9463629,0.1865013,-0.4880037,-1.348763,1.795696,Nothing
4.996952,24,2,3,0,0.7120814,1.053394,0.2956274,21.55601,81.26497,90.61539,0.8769324,0.9465302,0.1865573,-0.4798362,-1.350142,1.789411,Nothing
5.006077,24,2,3,0,0.7124715,1.053392,0.2948724,21.81371,80.91109,90.33484,0.8770819,0.9466323,0.1867862,-0.467605,-1.351405,1.782515,Nothing
5.0135,24,2,3,0,0.7127427,1.053481,0.2943407,21.99662,80.68561,90.16764,0.8776044,0.9468074,0.1866806,-0.4579478,-1.354736,1.78169,Nothing
5.022041,24,2,3,0,0.7130233,1.053452,0.2940158,22.17805,80.48512,90.0358,0.8776844,0.9469007,0.1867385,-0.4503454,-1.356777,1.776975,Nothing
5.030228,24,2,3,0,0.7132735,1.05329,0.2936136,22.34781,80.29685,89.92358,0.8777175,0.9468284,0.1868232,-0.4437821,-1.357223,1.772574,Nothing
5.039238,24,2,3,0,0.7134176,1.053235,0.2933423,22.49272,80.1326,89.82917,0.877704,0.9469424,0.1867703,-0.4374105,-1.359678,1.768323,Nothing
5.047157,24,2,3,0,0.7135213,1.053137,0.2929901,22.61472,79.98261,89.72386,0.8776805,0.9470844,0.1867823,-0.4304979,-1.360405,1.764449,Nothing
5.055504,24,2,3,0,0.7135119,1.053125,0.2926068,22.69394,79.87016,89.62556,0.8776453,0.9472086,0.1866918,-0.4253692,-1.361,1.762299,Nothing
5.063702,24,2,3,0,0.7135357,1.053118,0.2921687,22.76895,79.77657,89.5161,0.8775727,0.9473481,0.1864993,-0.4201469,-1.361529,1.75976,Nothing
5.072456,24,2,3,0,0.7136777,1.053073,0.2915115,22.91013,79.61478,89.33363,0.8775173,0.9475553,0.186282,-0.411064,-1.362132,1.755201,Nothing
5.080437,24,2,3,0,0.7138375,1.053028,0.2910033,22.99875,79.54116,89.19938,0.8773979,0.9477001,0.1860421,-0.404968,-1.361704,1.751372,Nothing
5.088867,24,2,3,0,0.7140667,1.052894,0.2904831,23.10615,79.43693,89.06876,0.8772491,0.9478513,0.185778,-0.3981902,-1.361918,1.745708,Nothing
5.097565,24,2,3,0,0.7145363,1.052709,0.2897893,23.26801,79.27131,88.84801,0.8770361,0.9480167,0.1854116,-0.3887365,-1.362939,1.736155,Nothing
5.118401,24,2,3,0,0.7155776,1.052311,0.2880862,23.7018,78.84319,88.30594,0.8766381,0.9486506,0.1844323,-0.3623194,-1.366721,1.713834,Nothing
5.132011,24,2,3,0,0.7174678,1.051553,0.2863558,24.34127,78.27463,87.6228,0.8761584,0.9490376,0.1835064,-0.3308143,-1.371264,1.681039,Nothing
5.147282,24,2,3,0,0.7203708,1.050516,0.2846034,25.24945,77.41614,86.72147,0.8756504,0.9494908,0.1825382,-0.290984,-1.380277,1.632823,Nothing
5.155281,24,2,3,0,0.7220303,1.049925,0.2836406,25.80741,76.87513,86.19958,0.8753813,0.9496957,0.182015,-0.2684741,-1.38578,1.604848,Nothing
5.16296,24,2,3,0,0.7239546,1.049192,0.2828344,26.42241,76.25748,85.64892,0.8750978,0.9498994,0.1815077,-0.2449447,-1.39303,1.572176,Nothing
5.17144,24,2,3,0,0.725998,1.048396,0.2818742,27.07767,75.61604,85.07056,0.8750626,0.9503464,0.1806394,-0.2172227,-1.40204,1.538491,Nothing
5.18018,24,2,3,0,0.7284375,1.047409,0.2812344,27.87001,74.81796,84.41571,0.8748052,0.950557,0.1801207,-0.1896039,-1.411751,1.497032,Nothing
5.187786,24,2,3,0,0.7307517,1.046353,0.2804325,28.51686,74.13916,83.81489,0.87445,0.9508452,0.1796402,-0.1654895,-1.415852,1.457334,Nothing
5.196732,24,2,3,0,0.7341201,1.045032,0.279562,29.54994,73.01767,82.866,0.8739803,0.9510772,0.1789161,-0.1326359,-1.426263,1.398951,Nothing
5.20517,24,2,3,0,0.7363296,1.044062,0.2790218,30.24108,72.21347,82.20559,0.8736829,0.951265,0.1784618,-0.1103698,-1.433116,1.358768,Nothing
5.213169,24,2,3,0,0.7381777,1.042987,0.2784798,30.92202,71.39323,81.53465,0.8733316,0.9513416,0.1780955,-0.08758566,-1.439093,1.321149,Nothing
5.221939,24,2,3,0,0.7399342,1.042054,0.2783471,31.54678,70.69463,81.02998,0.8730033,0.951508,0.1776997,-0.06982703,-1.446443,1.285873,Nothing
5.23011,24,2,3,0,0.7418921,1.041047,0.2779381,32.12094,69.98105,80.46328,0.8726528,0.9515229,0.1772984,-0.05440114,-1.450408,1.249485,Nothing
5.237747,24,2,3,0,0.7432965,1.040319,0.2775939,32.64044,69.35864,79.99598,0.8723142,0.9516529,0.1769617,-0.04060825,-1.453882,1.22034,Nothing
5.246059,24,2,3,0,0.7446286,1.039643,0.2773089,33.07763,68.83223,79.58187,0.8719882,0.9517733,0.1766583,-0.02942188,-1.456045,1.193827,Nothing
5.254612,24,2,3,0,0.745664,1.038987,0.2770796,33.45944,68.36609,79.20113,0.8717334,0.9519317,0.1763271,-0.01770953,-1.45878,1.170934,Nothing
5.262917,24,2,3,0,0.7462665,1.0388,0.2766249,33.6394,68.1282,78.97086,0.8714308,0.9520271,0.1761405,-0.0137181,-1.456555,1.159015,Nothing
5.271259,24,2,3,0,0.74753,1.03832,0.2760335,34.03794,67.61925,78.52727,0.8709543,0.9521886,0.1759542,-0.005022273,-1.453567,1.134525,Nothing
5.279945,24,2,3,0,0.747789,1.038283,0.2755718,34.14632,67.448,78.34981,0.8706617,0.9522671,0.1758057,-0.002555146,-1.451139,1.127607,Nothing
5.288353,24,2,3,0,0.7480304,1.038324,0.2749766,34.21299,67.27994,78.16518,0.8702624,0.9523441,0.1757535,-0.001838221,-1.446462,1.121079,Nothing
5.2966,24,2,3,0,0.7482784,1.038317,0.2745509,34.22239,67.17232,78.0173,0.8699853,0.9523892,0.1756697,-0.00173272,-1.443278,1.115666,Nothing
5.305557,24,2,3,0,0.7479388,1.038731,0.2738362,34.13647,67.11184,77.89013,0.8697368,0.9524162,0.1756186,-0.003329686,-1.43911,1.119083,Nothing
5.313259,24,2,3,0,0.7482345,1.038756,0.2732569,34.1674,66.96509,77.71368,0.869494,0.952396,0.1756605,-0.003355986,-1.433889,1.11439,Nothing
5.320972,24,2,3,0,0.7480063,1.039055,0.2725773,34.09125,66.88419,77.58298,0.8692547,0.9523824,0.1756842,-0.004915859,-1.429236,1.116379,Nothing
5.329636,24,2,3,0,0.7480013,1.039283,0.2716521,34.09943,66.70858,77.37003,0.8690509,0.9523225,0.1756862,-0.004705008,-1.423009,1.116078,Nothing
5.338154,24,2,3,0,0.7480261,1.03938,0.2711473,34.1129,66.58845,77.23461,0.8688447,0.952229,0.1758405,-0.005195271,-1.418206,1.115256,Nothing
5.346611,24,2,3,0,0.7481139,1.039402,0.2707244,34.16569,66.45129,77.09881,0.8686098,0.9521799,0.1759108,-0.004701663,-1.414616,1.11238,Nothing
5.354916,24,2,3,0,0.748165,1.039209,0.2702874,34.22619,66.30384,76.97625,0.86804,0.9522316,0.1760577,-0.003705783,-1.40883,1.105563,Nothing
5.363453,24,2,3,0,0.7483506,1.039094,0.2700389,34.3185,66.13558,76.85046,0.8678047,0.9521064,0.1762122,-0.003180403,-1.405996,1.10094,Nothing
5.371014,24,2,3,0,0.7479929,1.039215,0.2698283,34.40139,65.97469,76.74554,0.867588,0.9519612,0.1763624,-0.001975951,-1.405563,1.102089,Nothing
5.380402,24,2,3,0,0.7482634,1.039021,0.269504,34.56004,65.67677,76.52847,0.8672497,0.9517912,0.1765121,-0.0001875922,-1.403109,1.093959,Nothing
5.388737,24,2,3,0,0.7483408,1.03884,0.2693691,34.67885,65.45069,76.38752,0.8670344,0.9516625,0.1765994,0.001821651,-1.40295,1.088439,Nothing
5.396378,24,2,3,0,0.7485421,1.038639,0.2692829,34.80736,65.20428,76.22948,0.8667358,0.9516332,0.1767416,0.003888966,-1.402124,1.080352,Nothing
5.404343,24,2,3,0,0.748592,1.038536,0.2692693,34.93122,64.95695,76.07659,0.8665165,0.9515188,0.1768377,0.005614541,-1.40346,1.074648,Nothing
5.413635,24,2,3,0,0.7488226,1.038229,0.2691863,35.07213,64.693,75.91358,0.8660983,0.9512739,0.1769932,0.005956737,-1.402436,1.065909,Nothing
5.422066,24,2,3,0,0.7491446,1.037912,0.269249,35.24895,64.39441,75.73273,0.8658684,0.9511654,0.1770993,0.008720758,-1.403546,1.055919,Nothing
5.429802,24,2,3,0,0.7494994,1.037619,0.2692295,35.417,64.10012,75.54533,0.8656602,0.9510855,0.1772304,0.01145605,-1.403492,1.046265,Nothing
5.438663,24,2,3,0,0.7498991,1.037259,0.2692084,35.5998,63.78127,75.31966,0.8654612,0.9509997,0.1773118,0.01530564,-1.403869,1.035469,Nothing
5.447208,24,2,3,0,0.7504153,1.03678,0.2690775,35.84002,63.35898,75.01828,0.8651518,0.9508641,0.1774526,0.01999195,-1.402887,1.021589,Nothing
5.455456,24,2,3,0,0.7509566,1.036348,0.269027,36.04947,63.01998,74.75317,0.8648741,0.9508393,0.1775617,0.02453126,-1.4017,1.008457,Nothing
5.463764,24,2,3,0,0.75159,1.035866,0.2689613,36.28086,62.65,74.45238,0.8647357,0.9508164,0.177577,0.03056355,-1.40148,0.9946528,Nothing
5.471565,24,2,3,0,0.7522311,1.035337,0.2688142,36.52339,62.26812,74.13818,0.8646258,0.9507985,0.177603,0.03740915,-1.400303,0.9809271,Nothing
5.480061,24,2,3,0,0.7531437,1.034696,0.2687347,36.81725,61.81347,73.74214,0.8645386,0.9507991,0.1776266,0.04553322,-1.399245,0.9633335,Nothing
5.488338,24,2,3,0,0.7539241,1.034071,0.2686581,37.09078,61.36928,73.36301,0.8644698,0.9508191,0.1776391,0.0538183,-1.398549,0.9469031,Nothing
5.496807,24,2,3,0,0.7548769,1.033378,0.2686077,37.39354,60.85831,72.92737,0.8644193,0.9508538,0.1776318,0.06261795,-1.398073,0.9276698,Nothing
5.50494,24,2,3,0,0.7558978,1.032622,0.2685475,37.70303,60.3034,72.4548,0.8643906,0.9509003,0.1776142,0.07193554,-1.397505,0.9069557,Nothing
5.513374,24,2,3,0,0.7575245,1.03144,0.2685745,38.20924,59.39173,71.68409,0.8642949,0.951237,0.1775524,0.08795248,-1.396958,0.8712268,Nothing
5.522408,24,2,3,0,0.7590889,1.030298,0.2685836,38.63079,58.61623,71.02908,0.8643034,0.9513278,0.177525,0.09974951,-1.395408,0.8408766,Nothing
5.539528,24,2,3,0,0.7633811,1.027182,0.269027,39.8286,56.31011,69.10552,0.8645165,0.9516109,0.1775792,0.1318647,-1.39316,0.7556645,Nothing
5.546856,24,2,3,0,0.7652616,1.025591,0.2692078,40.38909,55.17049,68.14095,0.864579,0.95168,0.1776411,0.1472555,-1.390648,0.7157077,Nothing
5.555012,24,2,3,0,0.767844,1.023535,0.2695591,41.08949,53.64445,66.84732,0.8646097,0.951777,0.1776399,0.1642403,-1.3876,0.66138,Nothing
5.564117,24,2,3,0,0.7716997,1.020357,0.2700408,42.08403,51.28486,64.79728,0.8646356,0.9519123,0.1776408,0.1879046,-1.379858,0.5794689,Nothing
5.579948,24,2,3,0,0.7779385,1.014857,0.2703583,43.57222,47.235,61.06738,0.8645469,0.9519017,0.1777726,0.2228816,-1.354615,0.4479969,Nothing
5.588581,24,2,3,0,0.7810079,1.012223,0.2705674,44.24574,45.15351,59.14178,0.8645085,0.9519352,0.177812,0.2360794,-1.340297,0.383759,Nothing
5.597267,24,2,3,0,0.7842326,1.009086,0.2710446,44.93723,42.90385,57.05559,0.8645318,0.9519776,0.1778808,0.249996,-1.324051,0.3134713,Nothing
5.605076,24,2,3,0,0.7879093,1.005769,0.2715458,45.63102,40.51799,54.84326,0.8645598,0.9520085,0.1779617,0.2586392,-1.303616,0.2398023,Nothing
5.613358,24,2,3,0,0.7910197,1.00244,0.2722109,46.21744,38.13728,52.63765,0.8645837,0.9520369,0.1780661,0.2678315,-1.284421,0.1692229,Nothing
5.62233,24,2,3,0,0.7944784,0.9985911,0.2729401,46.82623,35.38924,50.02835,0.864632,0.9520526,0.1781916,0.2767159,-1.259835,0.09066938,Nothing
5.630169,24,2,3,0,0.7977974,0.9948588,0.2736428,47.27099,32.74631,47.51465,0.8643174,0.9520859,0.1784196,0.2783037,-1.231661,0.01521344,Nothing
5.638714,24,2,3,0,0.802071,0.9896457,0.2744035,47.70896,28.85349,43.73828,0.8643531,0.9520815,0.1786396,0.2836265,-1.190472,-0.08597744,Nothing
5.646584,24,2,3,0,0.8051315,0.985551,0.2750614,47.86761,26.18989,41.14951,0.8643249,0.9520697,0.1788511,0.2837079,-1.157171,-0.1587489,Nothing
5.654972,24,2,3,0,0.8074454,0.9825064,0.2752731,47.85941,23.80059,38.78613,0.8643429,0.952017,0.1790503,0.2836641,-1.127261,-0.2148157,Nothing
5.663658,24,2,3,0,0.8094711,0.9797575,0.2753483,47.71898,21.54098,36.54652,0.8642624,0.9519952,0.1793215,0.2821693,-1.096505,-0.2654223,Nothing
5.672176,24,2,3,0,0.811604,0.9773301,0.2750418,47.39048,19.4279,34.4167,0.8642431,0.9518856,0.1795681,0.2779243,-1.063577,-0.3098816,Nothing
5.680107,24,2,3,0,0.8133437,0.9749633,0.2748641,47.05763,17.41184,32.38464,0.8642071,0.9518546,0.1797255,0.2751309,-1.032902,-0.3525664,Nothing
5.689217,24,2,3,0,0.8162459,0.9707618,0.2747574,46.49181,14.34174,29.28914,0.8640177,0.9519033,0.1800673,0.2664663,-0.9792342,-0.4216853,Nothing
5.705189,24,2,3,0,0.8194121,0.9658096,0.2746486,45.67326,10.69089,25.5561,0.8637292,0.9515589,0.1805911,0.2524706,-0.9144966,-0.4962461,Nothing
5.713932,24,2,3,0,0.8210346,0.9633011,0.2746135,45.30393,8.940065,23.76222,0.8636311,0.9514298,0.1808917,0.2433611,-0.881366,-0.5307375,Nothing
5.721439,24,2,3,0,0.8224269,0.9607231,0.2748736,44.96738,7.272148,22.04865,0.8634597,0.9512941,0.1812324,0.2340669,-0.8503632,-0.5649871,Nothing
5.7304,24,2,3,0,0.8238729,0.9580019,0.2753395,44.69324,5.706363,20.46436,0.8631695,0.9511213,0.1816136,0.2212102,-0.8201225,-0.5986561,Nothing
5.738998,24,2,3,0,0.824998,0.9556586,0.2756923,44.34814,4.226084,18.96099,0.862965,0.9509365,0.1819584,0.2106548,-0.7925735,-0.6278825,Nothing
5.747448,24,2,3,0,0.825991,0.9536327,0.2759928,43.9506,2.874806,17.59771,0.8627983,0.9507211,0.1823767,0.2004771,-0.7668226,-0.6525447,Nothing
5.754871,24,2,3,0,0.8267432,0.9518974,0.2762675,43.55609,1.670836,16.40697,0.8626032,0.9505437,0.1827329,0.1910875,-0.7441796,-0.673988,Nothing
5.763634,24,2,3,0,0.8279284,0.9493489,0.2766859,42.89378,359.9456,14.71673,0.8621765,0.9503104,0.1833114,0.1741126,-0.7089022,-0.7048067,Nothing
5.772274,24,2,3,0,0.8274547,0.9491693,0.2769812,42.48115,359.265,14.17052,0.862029,0.9501378,0.1836273,0.1737074,-0.7028165,-0.7123349,Nothing
5.780312,24,2,3,0,0.8275445,0.9486445,0.2771761,42.02224,358.4944,13.53122,0.8618521,0.9500437,0.1840209,0.1681331,-0.6900114,-0.7221489,Nothing
5.788559,24,2,3,0,0.8274151,0.9482066,0.2771459,41.58691,357.7656,12.87376,0.8617579,0.9499086,0.1843265,0.1662443,-0.6782205,-0.7294595,Nothing
5.796722,24,2,3,0,0.8269319,0.948853,0.2772583,41.10982,357.3467,12.71443,0.8616612,0.9497845,0.184625,0.1651631,-0.6772799,-0.7298784,Nothing
5.804863,24,2,3,0,0.8264813,0.9489871,0.2772993,40.62613,356.8445,12.44528,0.861584,0.949743,0.1850013,0.1651202,-0.6704954,-0.7335575,Nothing
5.813869,24,2,3,0,0.825943,0.9493643,0.2775586,39.92899,356.0861,12.03831,0.8614483,0.9496012,0.1854427,0.1622635,-0.6642284,-0.7394719,Nothing
5.821606,24,2,3,0,0.8256259,0.9498515,0.2776296,39.73409,355.9616,12.06869,0.8611407,0.9497612,0.185423,0.1596773,-0.6649148,-0.7406384,Nothing
5.830273,24,2,3,0,0.8246284,0.9508495,0.27779,39.14146,355.3956,11.90494,0.8610088,0.9496272,0.1858637,0.1607273,-0.6660365,-0.7402527,Nothing
5.839252,24,2,3,0,0.8239439,0.9515572,0.2780125,38.78124,355.0807,11.87389,0.8609441,0.9496185,0.1860978,0.1615979,-0.6684087,-0.7411311,Nothing
5.855522,24,2,3,0,0.8225959,0.9532496,0.2784624,38.13505,354.5636,11.92575,0.8608706,0.9494317,0.1865391,0.1632179,-0.6783459,-0.7393528,Nothing
5.863373,24,2,3,0,0.8220297,0.9539052,0.2787444,37.81001,354.338,11.96078,0.8606942,0.9494748,0.1868127,0.1625622,-0.6801777,-0.7403877,Nothing
5.871552,24,2,3,0,0.8210119,0.9547597,0.2788069,37.5311,354.1992,12.07307,0.860688,0.9495256,0.186914,0.1682243,-0.6858023,-0.7395481,Nothing
5.880295,24,2,3,0,0.8199006,0.9557415,0.2791296,37.08028,353.8481,12.11114,0.8605761,0.9496375,0.1870587,0.1707875,-0.6907707,-0.742978,Nothing
5.888264,24,2,3,0,0.8186066,0.9568056,0.2795794,36.83694,353.6735,12.20354,0.8605232,0.9497149,0.1871369,0.1768411,-0.701352,-0.744542,Nothing
5.896545,24,2,3,0,0.8177984,0.9571388,0.2800509,36.68053,353.4456,12.2026,0.8604917,0.9497838,0.1870882,0.1791596,-0.7065278,-0.7506687,Nothing
5.905415,24,2,3,0,0.8169364,0.9577789,0.2804817,36.51564,353.2696,12.26123,0.8604258,0.9499494,0.186862,0.1811177,-0.7142994,-0.7565756,Nothing
5.913517,24,2,3,0,0.8161615,0.9582158,0.2808681,36.32606,353.0462,12.26836,0.8603852,0.9500241,0.1866046,0.1825073,-0.7203987,-0.7635745,Nothing
5.922379,24,2,3,0,0.8153621,0.9585956,0.2813232,36.21046,352.8658,12.30208,0.8601934,0.9499806,0.1863647,0.1825991,-0.7279544,-0.7695,Nothing
5.930691,24,2,3,0,0.8144093,0.9591524,0.2817886,36.1033,352.7579,12.41926,0.8601588,0.9500223,0.1860991,0.1856249,-0.7377473,-0.7750968,Nothing
5.938087,24,2,3,0,0.8135245,0.9597163,0.2821799,36.06265,352.7221,12.58064,0.8601101,0.9500491,0.1858221,0.1884557,-0.7481958,-0.7788653,Nothing
5.946949,24,2,3,0,0.8122925,0.9606402,0.2827619,35.93505,352.6179,12.8004,0.8597441,0.950079,0.185427,0.188278,-0.7623293,-0.7844793,Nothing
5.954777,24,2,3,0,0.8114172,0.9612207,0.2831652,35.88433,352.5831,12.96789,0.8596815,0.9500375,0.185118,0.1904114,-0.7735502,-0.7882589,Nothing
5.963551,24,2,3,0,0.8105137,0.9619116,0.2834689,35.86049,352.5823,13.15775,0.8598632,0.9500768,0.1847455,0.1954021,-0.7861165,-0.7913669,Nothing
5.971714,24,2,3,0,0.809701,0.9623985,0.2839179,35.85553,352.5747,13.32373,0.8597727,0.9499912,0.184519,0.1970951,-0.7971306,-0.7943591,Nothing
5.980713,24,2,3,0,0.8088771,0.9628897,0.28434,35.82185,352.5357,13.46867,0.8596111,0.9500068,0.1841971,0.1979372,-0.8070875,-0.7989692,Nothing
5.988132,24,2,3,0,0.8080055,0.9634405,0.284822,35.83873,352.5527,13.63819,0.8596703,0.950111,0.1839922,0.2020879,-0.8181595,-0.802623,Nothing
5.997578,24,2,3,0,0.8069555,0.963977,0.2853884,35.90128,352.5987,13.84337,0.8596151,0.9499729,0.1838004,0.2060497,-0.8324541,-0.8047898,Nothing
6.013535,24,2,3,0,0.8056991,0.9647388,0.2861147,36.04714,352.7236,14.16328,0.8593839,0.9497266,0.1835542,0.2085401,-0.852327,-0.8051251,Nothing
6.021679,24,2,3,0,0.8051249,0.9650522,0.2864168,36.14168,352.8238,14.31744,0.8592811,0.949509,0.1835347,0.2104805,-0.8617591,-0.8031822,Nothing
6.030293,24,2,3,0,0.8044689,0.9655952,0.2868007,36.25253,352.9591,14.51138,0.8593284,0.9493624,0.1835148,0.2141042,-0.8740548,-0.8007155,Nothing
6.038422,24,2,3,0,0.8039598,0.966069,0.2870477,36.37246,353.1484,14.74037,0.8593893,0.9492022,0.1835098,0.2174271,-0.8849367,-0.7966948,Nothing
6.046612,24,2,3,0,0.8034745,0.966567,0.2873331,36.46954,353.3224,14.97614,0.8593002,0.9491,0.1837291,0.2192664,-0.8936687,-0.7915453,Nothing
6.056065,24,2,3,0,0.8029612,0.9671704,0.2874754,36.5656,353.5562,15.24692,0.8593796,0.9489239,0.1838021,0.2231916,-0.9046423,-0.7851064,Nothing
6.063648,24,2,3,0,0.8023459,0.9679572,0.2874546,36.67732,353.8467,15.55414,0.8594683,0.9487233,0.1839045,0.2286594,-0.916942,-0.7752608,Nothing
6.07291,24,2,3,0,0.8016429,0.9690043,0.2874724,36.81874,354.2901,16.0097,0.8593869,0.9483531,0.1839986,0.2326709,-0.9336474,-0.7615342,Nothing
6.089149,24,2,3,0,0.8007247,0.9701953,0.2875808,37.02751,354.8761,16.60585,0.8595043,0.9478408,0.1843004,0.2403178,-0.9547945,-0.7432387,Nothing
6.097267,24,2,3,0,0.800442,0.9707056,0.2876517,37.16852,355.187,16.88982,0.8596421,0.947632,0.1844427,0.2437716,-0.9645128,-0.7342418,Nothing
6.108437,24,2,3,0,0.7997968,0.9714267,0.2879127,37.39797,355.5976,17.271,0.8597299,0.9476433,0.1845043,0.2494542,-0.9782698,-0.7255468,Nothing
6.122517,24,2,3,0,0.7995824,0.9716458,0.288654,37.79058,356.0166,17.63783,0.8600749,0.9473331,0.184783,0.2529237,-0.9933937,-0.7172828,Nothing
6.138981,24,2,3,0,0.7994345,0.971431,0.2894981,38.19333,356.3,17.83574,0.8605427,0.9470541,0.1849655,0.2576807,-1.005598,-0.714238,Nothing
6.146851,24,2,3,0,0.7992799,0.971301,0.2900446,38.3465,356.3664,17.89094,0.8605579,0.946927,0.1851614,0.2581999,-1.010287,-0.7142889,Nothing
6.155327,24,2,3,0,0.7992976,0.9711404,0.2904021,38.46579,356.4545,17.93046,0.8608052,0.9468136,0.1852542,0.2604682,-1.013885,-0.7143034,Nothing
6.163651,24,2,3,0,0.799195,0.9709983,0.2906982,38.55526,356.5291,17.96836,0.8610599,0.9467279,0.1853178,0.2639329,-1.017315,-0.7147315,Nothing
6.171619,24,2,3,0,0.7992002,0.9708875,0.2910062,38.60308,356.5772,17.98989,0.8613516,0.9466863,0.185353,0.2665631,-1.020065,-0.71637,Nothing
6.180012,24,2,3,0,0.7991428,0.9709238,0.2910893,38.59957,356.63,18.0113,0.861643,0.9466181,0.185406,0.2702753,-1.02232,-0.7157525,Nothing
6.188457,24,2,3,0,0.7991477,0.9709349,0.2912017,38.54801,356.6683,18.02433,0.8618305,0.946514,0.1854233,0.2722489,-1.023842,-0.7163616,Nothing
6.196507,24,2,3,0,0.7991767,0.9709422,0.2913644,38.48183,356.6828,18.03004,0.8621378,0.9464592,0.1854151,0.2747767,-1.025527,-0.7183717,Nothing
6.204601,24,2,3,0,0.799217,0.9709806,0.2916159,38.41267,356.6992,18.03129,0.8623853,0.9464017,0.1853767,0.2763764,-1.027855,-0.7211152,Nothing
6.214108,24,2,3,0,0.7993232,0.9709594,0.2917456,38.25837,356.6239,17.96358,0.8627123,0.9463785,0.1852603,0.2781326,-1.027889,-0.726174,Nothing
6.230465,24,2,3,0,0.7996978,0.9708865,0.2919741,38.00714,356.4659,17.79347,0.8631725,0.9463679,0.18513,0.2789802,-1.025906,-0.7346508,Nothing
6.238045,24,2,3,0,0.7999451,0.9707294,0.2921069,37.90501,356.4197,17.70533,0.8634907,0.9463241,0.1850465,0.2804166,-1.024846,-0.7390907,Nothing
6.247387,24,2,3,0,0.7999145,0.9703079,0.2924662,37.82214,356.3028,17.54382,0.8637584,0.9462709,0.1849274,0.2837623,-1.023978,-0.7476169,Nothing
6.263309,24,2,3,0,0.801029,0.9681471,0.294273,37.81335,355.5626,16.73841,0.8647355,0.946556,0.1846088,0.281681,-1.012737,-0.7858795,Nothing
6.271469,24,2,3,0,0.8015032,0.9665516,0.2958118,37.98986,354.9862,16.18305,0.8650705,0.9465272,0.1846024,0.2767171,-1.008642,-0.8096597,Nothing
6.279831,24,2,3,0,0.8018345,0.9655463,0.2968166,38.0724,354.6425,15.8442,0.8654242,0.9463416,0.1848401,0.2749508,-1.00626,-0.8222479,Nothing
6.288589,24,2,3,0,0.8021631,0.9642252,0.2983213,38.21845,354.1405,15.40517,0.8657553,0.9463089,0.1848679,0.270011,-1.004722,-0.8435546,Nothing
6.296741,24,2,3,0,0.802429,0.9629869,0.299747,38.32171,353.608,14.94991,0.8661579,0.9461521,0.1847535,0.265223,-1.004981,-0.8649527,Nothing
6.305534,24,2,3,0,0.8026764,0.9617277,0.3010091,38.34791,353.1397,14.51695,0.8664806,0.9458396,0.1848287,0.2616007,-1.003068,-0.8833044,Nothing
6.313686,24,2,3,0,0.8030689,0.9605942,0.3020913,38.33297,352.6837,14.0816,0.866812,0.9457726,0.1849216,0.2577029,-0.9980196,-0.9011978,Nothing
6.322216,24,2,3,0,0.8036063,0.9589292,0.3035633,38.35034,352.0387,13.4364,0.8672796,0.9456695,0.1850559,0.252599,-0.9906352,-0.9256197,Nothing
6.329933,24,2,3,0,0.8040864,0.9578598,0.3043481,38.27716,351.646,13.00946,0.8662347,0.945558,0.1855009,0.2372572,-0.977186,-0.9362835,Nothing
6.338478,24,2,3,0,0.8045989,0.9569062,0.3049181,38.19085,351.3223,12.61704,0.86643,0.9454868,0.1856382,0.2340339,-0.968681,-0.9482343,Nothing
6.34692,24,2,3,0,0.8051864,0.9560345,0.3053827,38.15198,351.0726,12.27317,0.8667153,0.9456159,0.1856338,0.2316443,-0.9604899,-0.9599878,Nothing
6.354889,24,2,3,0,0.8056794,0.9554766,0.3055199,38.09225,350.9722,12.03976,0.8668824,0.9455556,0.1857762,0.2311358,-0.953599,-0.964186,Nothing
6.363342,24,2,3,0,0.8062243,0.9550305,0.3058057,38.03109,350.8312,11.80184,0.8669673,0.9453287,0.1860833,0.2280086,-0.9483494,-0.9665688,Nothing
6.371323,24,2,3,0,0.8066437,0.9546299,0.3059655,37.96865,350.7718,11.63911,0.8671126,0.9452285,0.1862168,0.2273005,-0.9436115,-0.9696109,Nothing
6.381203,24,2,3,0,0.8073577,0.9538469,0.3063754,37.85823,350.6216,11.34645,0.8673033,0.9451641,0.186326,0.2242258,-0.9350676,-0.9783553,Nothing
6.38813,24,2,3,0,0.8073626,0.9535366,0.3064613,37.79501,350.6476,11.22878,0.8678225,0.9454457,0.1862929,0.2325285,-0.9310728,-0.9844944,Nothing
6.396442,24,2,3,0,0.8077254,0.9532816,0.3066071,37.73082,350.6333,11.12005,0.8679446,0.9453846,0.1863683,0.2319461,-0.9277064,-0.9870014,Nothing
6.405437,24,2,3,0,0.8081611,0.9531468,0.3060843,37.70614,350.7694,11.0447,0.8678324,0.9451227,0.1865367,0.2328356,-0.9224473,-0.9795988,Nothing
6.413559,24,2,3,0,0.8084944,0.9530211,0.3061885,37.66825,350.791,10.98742,0.8679485,0.9450415,0.1865893,0.2322,-0.9208936,-0.9804535,Nothing
6.421963,24,2,3,0,0.8089169,0.9528447,0.3062896,37.62463,350.8187,10.95977,0.8682177,0.9449615,0.1865989,0.2318354,-0.9193667,-0.9820858,Nothing
6.43018,24,2,3,0,0.8092171,0.9527971,0.3063939,37.59452,350.8573,10.9368,0.8683491,0.9448866,0.1866185,0.2312806,-0.9189858,-0.9826112,Nothing
6.437668,24,2,3,0,0.8094645,0.9530298,0.3063834,37.57728,350.9781,11.01124,0.8684938,0.94482,0.1866096,0.2314802,-0.9210814,-0.9801918,Nothing
6.447739,24,2,3,0,0.8099364,0.9534826,0.306195,37.4999,351.1968,11.16479,0.8687457,0.9447728,0.1865926,0.231868,-0.9227914,-0.9753748,Nothing
6.463715,24,2,3,0,0.8105974,0.9546047,0.3054236,37.29136,351.6202,11.45519,0.8689677,0.9447274,0.1864889,0.233284,-0.9247836,-0.9629866,Nothing
6.473145,24,2,3,0,0.8109171,0.9552683,0.3048625,37.16013,351.8753,11.62633,0.8691539,0.9447075,0.186304,0.2353775,-0.9262922,-0.9560885,Nothing
6.488579,24,2,3,0,0.8115041,0.9568737,0.303647,36.82364,352.3958,11.99459,0.8693427,0.944612,0.1861265,0.2383558,-0.9290155,-0.9388121,Nothing
6.496681,24,2,3,0,0.8118148,0.9577435,0.3029441,36.61955,352.6599,12.18581,0.8694972,0.9445758,0.1860157,0.2403348,-0.9300774,-0.9297945,Nothing
6.50465,24,2,3,0,0.8119291,0.958825,0.3022375,36.39706,352.9162,12.39991,0.8696722,0.9445071,0.1859542,0.2435624,-0.9333094,-0.9193987,Nothing
6.513172,24,2,3,0,0.8122966,0.9602633,0.3011776,36.00865,353.2563,12.67911,0.8698912,0.9444592,0.1857997,0.2460584,-0.935017,-0.9066032,Nothing
6.521503,24,2,3,0,0.812511,0.9612538,0.30044,35.762,353.4916,12.87032,0.8699042,0.9444218,0.1853359,0.2458153,-0.9383023,-0.9002259,Nothing
6.530033,24,2,3,0,0.8125607,0.9623022,0.2997271,35.53041,353.7359,13.07743,0.8700079,0.9443973,0.1852231,0.2485781,-0.941274,-0.8908648,Nothing
6.539253,24,2,3,0,0.8124689,0.9633342,0.2991548,35.25706,353.8758,13.23595,0.8701132,0.9443797,0.1851348,0.2510822,-0.944321,-0.8840355,Nothing
6.546669,24,2,3,0,0.8125401,0.9640849,0.2986578,34.97231,353.9997,13.34412,0.8703997,0.9445095,0.1849859,0.2547388,-0.944357,-0.881151,Nothing
6.555645,24,2,3,0,0.8127161,0.9647948,0.2982674,34.66974,354.0524,13.40672,0.8705421,0.9445343,0.1848971,0.254986,-0.9439929,-0.8788062,Nothing
6.563416,24,2,3,0,0.8129309,0.9655131,0.297834,34.36034,354.122,13.47949,0.8705892,0.9443796,0.1849627,0.2542299,-0.9437187,-0.8736123,Nothing
6.571465,24,2,3,0,0.8132534,0.9659649,0.2975321,33.96649,354.0098,13.39476,0.8707196,0.9444081,0.184907,0.2524832,-0.9390534,-0.8755963,Nothing
6.580193,24,2,3,0,0.8136642,0.9666699,0.2969997,33.40987,353.9317,13.32492,0.8709075,0.9444807,0.184784,0.2514666,-0.9328551,-0.8771673,Nothing
6.588238,24,2,3,0,0.8139893,0.9670651,0.2967863,32.9664,353.7896,13.20514,0.8710467,0.944598,0.1847448,0.2499841,-0.9264984,-0.8814743,Nothing
6.597008,24,2,3,0,0.8143292,0.9673648,0.2964606,32.45535,353.6144,13.05177,0.8710877,0.9447142,0.1845862,0.2476278,-0.9178647,-0.8874248,Nothing
6.604939,24,2,3,0,0.8147998,0.9678569,0.2961155,31.8641,353.4156,12.90549,0.871216,0.9446991,0.1846524,0.2444299,-0.9093932,-0.89073,Nothing
6.614727,24,2,3,0,0.8151664,0.9682546,0.2955008,31.12051,353.1966,12.72399,0.8712214,0.9448053,0.1844862,0.2421851,-0.896396,-0.8970876,Nothing
6.630753,24,2,3,0,0.8159752,0.9688038,0.2939419,29.6454,352.8346,12.35967,0.8716905,0.9452051,0.1845393,0.2453617,-0.8646153,-0.9049744,Nothing
6.63895,24,2,3,0,0.8166932,0.9690892,0.2925752,28.53514,352.6173,12.04909,0.8719207,0.9453191,0.1844622,0.247074,-0.8402243,-0.9087011,Nothing
6.647511,24,2,3,0,0.8171465,0.9687145,0.2918851,27.75016,352.4213,11.78532,0.8721852,0.9454204,0.1844082,0.2499372,-0.819182,-0.9167675,Nothing
6.654907,24,2,3,0,0.8178475,0.9683121,0.2904909,26.88598,352.2527,11.38368,0.8723489,0.9455097,0.1843804,0.2536594,-0.7920932,-0.9183539,Nothing
6.663605,24,2,3,0,0.8185009,0.9680454,0.2893909,26.09003,352.102,11.07462,0.8726408,0.9450331,0.1843241,0.255754,-0.7746996,-0.918441,Nothing
6.671703,24,2,3,0,0.8200923,0.9676458,0.287766,25.20499,351.9505,10.61282,0.8728158,0.9450938,0.1842913,0.2519532,-0.7445013,-0.915887,Nothing
6.680229,24,2,3,0,0.8208487,0.9672465,0.2861538,24.40526,351.9713,10.29876,0.8728372,0.9454421,0.1843378,0.2563174,-0.7155057,-0.9121747,Nothing
6.688126,24,2,3,0,0.821733,0.9669611,0.2843658,23.6658,352.0518,9.999817,0.8730074,0.9455473,0.1842822,0.2608867,-0.6908286,-0.9047479,Nothing
6.696609,24,2,3,0,0.8225697,0.9667834,0.282556,22.95898,352.1695,9.744082,0.8732004,0.9456672,0.1841947,0.2657378,-0.6682004,-0.8961297,Nothing
6.706024,24,2,3,0,0.8236583,0.9663934,0.2800594,21.88321,352.3078,9.395798,0.873446,0.9460811,0.1839801,0.2725297,-0.6326547,-0.8872298,Nothing
6.713703,24,2,3,0,0.8242647,0.9667871,0.2782249,21.24598,352.5218,9.319231,0.8736851,0.9462858,0.1837929,0.2780974,-0.6180397,-0.8756346,Nothing
6.721573,24,2,3,0,0.8251153,0.9669658,0.2763901,20.53469,352.6664,9.176242,0.8738565,0.9464656,0.1835146,0.2801225,-0.6001094,-0.8661187,Nothing
6.73061,24,2,3,0,0.8256383,0.9677215,0.2741853,19.78824,352.9638,9.198578,0.874082,0.9466632,0.1832905,0.2866596,-0.5875918,-0.8502022,Nothing
6.738419,24,2,3,0,0.8262591,0.9682689,0.2718664,19.00513,353.2649,9.182146,0.8743148,0.9468887,0.1830151,0.2930146,-0.5721928,-0.8344553,Nothing
6.747807,24,2,3,0,0.8270255,0.9690962,0.2681994,17.85357,353.7325,9.134649,0.8745142,0.9471009,0.1827314,0.3028213,-0.5505838,-0.80653,Nothing
6.763554,24,2,3,0,0.8277777,0.9703108,0.2628273,16.26756,354.5262,9.177006,0.8750536,0.9477084,0.1818685,0.3220918,-0.5226078,-0.7688208,Nothing
6.77211,24,2,3,0,0.8281418,0.970872,0.2602393,15.49655,354.9133,9.209121,0.8752452,0.9479635,0.1814471,0.3300292,-0.5099076,-0.7501698,Nothing
6.78001,24,2,3,0,0.8285573,0.9713008,0.2577766,14.7211,355.2703,9.225463,0.8756856,0.9481434,0.181452,0.3397271,-0.4966506,-0.7288372,Nothing
6.788864,24,2,3,0,0.828649,0.9718083,0.2552615,13.9431,355.6353,9.28463,0.8758621,0.9483781,0.181044,0.3488995,-0.4853863,-0.7106963,Nothing
6.797108,24,2,3,0,0.8289217,0.9721338,0.2527242,13.09616,355.9796,9.297331,0.8759373,0.9486118,0.1806205,0.3554338,-0.4712254,-0.6930779,Nothing
6.805477,24,2,3,0,0.829262,0.9724931,0.2498756,12.17193,356.3323,9.311269,0.8759859,0.9488806,0.1801926,0.3612082,-0.4559388,-0.6725078,Nothing
6.81345,24,2,3,0,0.8295178,0.9725486,0.247141,11.1858,356.6589,9.281084,0.8759893,0.9491129,0.1797328,0.3673687,-0.4380684,-0.6542041,Nothing
6.821457,24,2,3,0,0.8294294,0.9725136,0.2443985,10.13351,356.989,9.249722,0.8760428,0.9494401,0.1792224,0.3775087,-0.4190705,-0.6368147,Nothing
6.830231,24,2,3,0,0.8297874,0.9721826,0.2403552,8.550444,357.4036,9.142235,0.8760846,0.949805,0.1785149,0.3863605,-0.3889698,-0.6104494,Nothing
6.837894,24,2,3,0,0.8298423,0.9718286,0.2376778,7.398334,357.6201,9.063207,0.8760496,0.9500657,0.1779561,0.3927029,-0.3675302,-0.5945016,Nothing
6.847378,24,2,3,0,0.8300148,0.9710306,0.2356308,6.284573,357.6505,8.920977,0.8760169,0.9503914,0.1773269,0.3962804,-0.3420465,-0.5868118,Nothing
6.855282,24,2,3,0,0.8300424,0.9703629,0.2337672,5.290915,357.7022,8.790451,0.8760309,0.9506598,0.1767434,0.4011903,-0.320564,-0.5789992,Nothing
6.862766,24,2,3,0,0.8300878,0.96959,0.231967,4.307492,357.7623,8.6448,0.8763503,0.9508412,0.1764389,0.4091114,-0.2995284,-0.5684689,Nothing
6.872143,24,2,3,0,0.8302892,0.9683241,0.2317259,3.483308,357.4586,8.392052,0.8764527,0.9511356,0.1757754,0.4096268,-0.2736592,-0.5793738,Nothing
6.880318,24,2,3,0,0.830368,0.9673683,0.2306373,2.586799,357.3539,8.215289,0.8765981,0.9514523,0.1750493,0.4134109,-0.2504018,-0.5803426,Nothing
6.888367,24,2,3,0,0.8306483,0.9655384,0.2307494,1.463808,356.8356,7.844731,0.8768685,0.9519463,0.1739582,0.4136967,-0.2125168,-0.6007816,Nothing
6.89669,24,2,3,0,0.8308766,0.9642276,0.2310988,0.768486,356.4439,7.593167,0.8771023,0.9522811,0.1731436,0.4130021,-0.1863804,-0.6176735,Nothing
6.905014,24,2,3,0,0.8310629,0.963052,0.2314977,0.07288347,356.0338,7.352917,0.8772869,0.952473,0.1720888,0.4110795,-0.1626831,-0.63711,Nothing
6.913612,24,2,3,0,0.8312377,0.9618617,0.2320071,359.3916,355.6045,7.127398,0.8775102,0.9527903,0.1713097,0.4093285,-0.1374498,-0.6545311,Nothing
6.922512,24,2,3,0,0.8313985,0.960795,0.2324045,358.6988,355.2302,6.942775,0.8776468,0.9530965,0.1705149,0.4069645,-0.1133639,-0.6700469,Nothing
6.930069,24,2,3,0,0.8315535,0.9597269,0.2326561,358.0399,354.8843,6.74597,0.877848,0.9533915,0.1697861,0.4055048,-0.08955903,-0.6827611,Nothing
6.938873,24,2,3,0,0.8317242,0.958751,0.2326309,357.4549,354.6414,6.570683,0.8779435,0.9536901,0.1684314,0.4032508,-0.06725288,-0.6977331,Nothing
6.946316,24,2,3,0,0.8318734,0.9577094,0.2326486,356.8381,354.3839,6.381235,0.8781994,0.9539934,0.1677082,0.4031138,-0.04400969,-0.7066022,Nothing
6.954731,24,2,3,0,0.8321823,0.95624,0.232871,356.0764,354.0304,6.103387,0.8785865,0.9544351,0.1666365,0.4015915,-0.01178061,-0.7208557,Nothing
6.963585,24,2,3,0,0.8324056,0.955548,0.2334131,355.6278,353.7132,5.937483,0.879276,0.9549129,0.1661169,0.4030896,0.007900156,-0.733136,Nothing
6.971382,24,2,3,0,0.8325762,0.9547183,0.2341403,355.2224,353.3556,5.769971,0.8796171,0.9552284,0.1654571,0.4004164,0.02766362,-0.7484738,Nothing
6.980141,24,2,3,0,0.8327598,0.9541306,0.2351026,354.8958,352.9559,5.606517,0.8799387,0.9556877,0.1647422,0.3960393,0.04598153,-0.7669423,Nothing
6.988174,24,2,3,0,0.8328932,0.9534907,0.2365357,354.6512,352.4534,5.422327,0.8803332,0.9560091,0.1640801,0.3904255,0.06320345,-0.7904789,Nothing
6.997849,24,2,3,0,0.8331549,0.9523593,0.2380389,354.0874,351.8185,5.170476,0.8809205,0.9564756,0.163107,0.3834631,0.09267991,-0.8172916,Nothing
7.013096,24,2,3,0,0.833178,0.9515891,0.2399883,353.6649,351.0851,4.942342,0.8814963,0.9569544,0.1622991,0.375662,0.1173008,-0.848102,Nothing
7.022625,24,2,3,0,0.8334011,0.9508832,0.2410454,353.1215,350.5135,4.708803,0.8818535,0.9575077,0.1615335,0.3668307,0.1430427,-0.8671074,Nothing
7.039642,24,2,3,0,0.8337658,0.9499587,0.2419467,352.3135,349.8528,4.385368,0.882543,0.9580913,0.1606797,0.3582942,0.1762236,-0.8845592,Nothing
7.046402,24,2,3,0,0.8339735,0.9494806,0.2422235,351.9213,349.5762,4.21792,0.8829137,0.9583167,0.159945,0.3542839,0.1924259,-0.8941175,Nothing
7.05479,24,2,3,0,0.834224,0.9491057,0.2425906,351.5898,349.2819,4.067722,0.8833033,0.9585616,0.1596752,0.3501642,0.2062906,-0.9002047,Nothing
7.063396,24,2,3,0,0.8344449,0.9486532,0.2429245,351.2446,349.0066,3.897657,0.8835188,0.9588355,0.1590554,0.3441927,0.2221685,-0.9086788,Nothing
7.071819,24,2,3,0,0.8346607,0.9482091,0.243293,350.9101,348.7281,3.726328,0.8838434,0.9590653,0.15884,0.3397732,0.2367639,-0.9136949,Nothing
7.080532,24,2,3,0,0.8350707,0.947569,0.2441656,350.4044,348.2652,3.496751,0.8843002,0.959347,0.1584886,0.3303481,0.2584899,-0.9245094,Nothing
7.091377,24,2,3,0,0.8352517,0.9472742,0.2445832,350.0633,347.9641,3.365966,0.8845841,0.9595149,0.1583907,0.325324,0.2708817,-0.9289175,Nothing
7.113598,24,2,3,0,0.8356107,0.9466277,0.245575,349.1741,347.2596,3.091866,0.8852327,0.9599331,0.157893,0.3132314,0.3017141,-0.941127,Nothing
7.125008,24,2,3,0,0.835916,0.9462484,0.2457689,348.4481,346.7798,2.910447,0.8857266,0.960194,0.1578662,0.3063691,0.3223453,-0.9406904,Nothing
7.139885,24,2,3,0,0.8362914,0.9457755,0.2455801,347.8313,346.4724,2.712397,0.886039,0.9603858,0.1580171,0.3009057,0.3399452,-0.9336382,Nothing
7.148083,24,2,3,0,0.8365119,0.9454565,0.2454907,347.5609,346.3495,2.599614,0.8861075,0.9604352,0.1582009,0.2976131,0.3482049,-0.92874,Nothing
7.156483,24,2,3,0,0.836768,0.945047,0.245462,347.2391,346.2161,2.48199,0.8860753,0.9604663,0.1584689,0.2928598,0.3579326,-0.9227892,Nothing
7.172718,24,2,3,0,0.8371835,0.9440266,0.245447,346.6224,345.973,2.178299,0.8857975,0.9604691,0.1591138,0.2822681,0.3782526,-0.9094477,Nothing
7.180817,24,2,3,0,0.8373152,0.9436172,0.2456952,346.3833,345.8002,2.052023,0.8854146,0.960304,0.1596791,0.2743939,0.3844895,-0.9037123,Nothing
7.19701,24,2,3,0,0.8376245,0.9428642,0.2462771,345.944,345.4163,1.833157,0.8847786,0.9601769,0.1605057,0.2581075,0.398369,-0.8960856,Nothing
7.205059,24,2,3,0,0.8378262,0.9422954,0.2467039,345.6074,345.141,1.666133,0.8843305,0.9601017,0.161134,0.2466935,0.4089315,-0.8899896,Nothing
7.2141,24,2,3,0,0.8379832,0.9418704,0.2469185,345.3997,344.9879,1.539151,0.8839891,0.9600008,0.161496,0.2388458,0.4155469,-0.8855671,Nothing
7.222122,24,2,3,0,0.8384911,0.9413579,0.2475065,345.1774,344.7435,1.44759,0.883643,0.9599634,0.1616934,0.2248411,0.4250314,-0.8851132,Nothing
7.231613,24,2,3,0,0.8387675,0.9408807,0.2474523,345.0458,344.6963,1.289979,0.8833232,0.959839,0.1618863,0.2177768,0.4302948,-0.8794637,Nothing
7.247292,24,2,3,0,0.8392568,0.9401736,0.2475175,344.864,344.5709,1.002413,0.8823094,0.9601002,0.1613193,0.1972417,0.4447072,-0.8779998,Nothing
7.256092,24,2,3,0,0.8395483,0.9398912,0.2474937,344.8439,344.5417,0.8008475,0.8817958,0.9600011,0.1615928,0.1880869,0.4463045,-0.8725124,Nothing
7.271595,24,2,3,0,0.840225,0.9394163,0.2471549,345.1404,344.6917,0.46628,0.8811943,0.9598069,0.1620682,0.1775678,0.442645,-0.8625551,Nothing
7.280151,24,2,3,0,0.8406461,0.9394467,0.2468715,345.4283,344.8224,0.3122509,0.880897,0.9597779,0.1623379,0.1729039,0.4362612,-0.8574129,Nothing
7.289082,24,2,3,0,0.8410231,0.9393937,0.2463664,345.7532,345.0256,0.1579978,0.8805467,0.9598025,0.1625154,0.1696758,0.4303509,-0.8507134,Nothing
7.296402,24,2,3,0,0.8412457,0.939432,0.2457422,346.0643,345.2609,0.04060732,0.8801984,0.9598521,0.1627041,0.1690863,0.4237265,-0.8431106,Nothing
7.305698,24,2,3,0,0.8415742,0.9395761,0.2448159,346.2574,345.51,359.9541,0.8797951,0.9598874,0.1628906,0.1680633,0.4168276,-0.8315857,Nothing
7.314163,24,2,3,0,0.8418716,0.9398875,0.2437858,346.3064,345.7095,359.9351,0.8794352,0.9599803,0.1631035,0.1677205,0.4105654,-0.8183467,Nothing
7.322498,24,2,3,0,0.8424926,0.9403955,0.242409,346.3291,345.9425,359.9437,0.8788663,0.9601068,0.1634547,0.1639243,0.4015286,-0.7992757,Nothing
7.330334,24,2,3,0,0.8426059,0.9411052,0.2412899,346.163,346.0396,0.06600112,0.87844,0.9603305,0.1637319,0.1643457,0.3949899,-0.7843102,Nothing
7.33889,24,2,3,0,0.8428606,0.9418598,0.2402594,345.8915,346.0566,0.201165,0.8782014,0.9604856,0.1641537,0.1641946,0.3885722,-0.7687511,Nothing
7.346439,24,2,3,0,0.8430951,0.9422596,0.2395282,345.8016,346.114,0.2270474,0.8774896,0.9606315,0.1638116,0.156782,0.3856687,-0.7626336,Nothing
7.35453,24,2,3,0,0.8431454,0.9426844,0.2387325,345.6642,346.1483,0.2546629,0.8772424,0.9609208,0.1639354,0.1567572,0.3836248,-0.7524295,Nothing
7.363274,24,2,3,0,0.843555,0.9429683,0.2383834,345.6289,346.1133,0.1688753,0.8771154,0.9614286,0.1640859,0.1515919,0.3850189,-0.7456513,Nothing
7.372196,24,2,3,0,0.8436317,0.9430503,0.2379495,345.5982,346.1138,0.1135028,0.8769636,0.9618122,0.1641285,0.1501329,0.3872325,-0.7395649,Nothing
7.388557,24,2,3,0,0.84349,0.9429263,0.2379022,345.5123,346.0191,359.8532,0.876794,0.9627044,0.1645155,0.1477994,0.3980232,-0.7323982,Nothing
7.397152,24,2,3,0,0.8435419,0.9427252,0.2376643,345.3963,345.9792,359.7215,0.8768544,0.9632033,0.1646065,0.1471801,0.4059666,-0.7267627,Nothing
7.406082,24,2,3,0,0.8435931,0.9424781,0.2374646,345.1964,345.9026,359.5897,0.8767842,0.9637057,0.164656,0.1445202,0.4155627,-0.7209063,Nothing
7.422024,24,2,3,0,0.8436075,0.942136,0.2372762,344.7859,345.7337,359.3865,0.8766082,0.9646409,0.1649423,0.1398126,0.432521,-0.7099243,Nothing
7.431244,24,2,3,0,0.8435884,0.9419829,0.2372514,344.5027,345.5892,359.2985,0.8765359,0.9651132,0.1650672,0.1368757,0.4420273,-0.7048736,Nothing
7.437897,24,2,3,0,0.843494,0.941902,0.2372249,344.2189,345.4342,359.2144,0.8764579,0.9656047,0.1652243,0.1345845,0.4509329,-0.699759,Nothing
7.445972,24,2,3,0,0.8436983,0.9416861,0.2372914,343.9269,345.2264,359.1058,0.8764392,0.9660692,0.1653709,0.1286959,0.4611012,-0.6947091,Nothing
7.454433,24,2,3,0,0.8437214,0.9414589,0.2375944,343.588,344.9697,358.9514,0.8762698,0.9667819,0.1655899,0.1215256,0.4748987,-0.6901537,Nothing
7.463696,24,2,3,0,0.843635,0.9409604,0.2379957,343.3893,344.7874,358.8072,0.8762652,0.9672319,0.165786,0.1177955,0.4875735,-0.6882834,Nothing
7.47113,24,2,3,0,0.8435887,0.9407359,0.2383044,343.2028,344.6039,358.6951,0.876266,0.9676865,0.1659777,0.1142172,0.4971031,-0.6863103,Nothing
7.479977,24,2,3,0,0.8436175,0.9404908,0.2388155,343.0612,344.4171,358.5695,0.8764682,0.9682031,0.1662513,0.1113226,0.5073746,-0.6858972,Nothing
7.488724,24,2,3,0,0.844047,0.9401593,0.239682,342.9171,344.1013,358.4634,0.8765967,0.968618,0.1664656,0.1008915,0.518161,-0.6883439,Nothing
7.496555,24,2,3,0,0.8440195,0.9399126,0.2399769,342.7771,343.9542,358.3499,0.8767511,0.9690037,0.16668,0.09910221,0.5266559,-0.6866944,Nothing
7.504406,24,2,3,0,0.8438565,0.939687,0.2403265,342.6621,343.8103,358.2468,0.8769522,0.9693818,0.1669456,0.09920543,0.534764,-0.6858533,Nothing
7.513004,24,2,3,0,0.8438667,0.9393314,0.2406131,342.5529,343.696,358.1306,0.8768045,0.9696696,0.1666467,0.09297567,0.5440221,-0.6881269,Nothing
7.521412,24,2,3,0,0.8435856,0.9390083,0.2409818,342.4134,343.5497,357.9663,0.8770185,0.9700429,0.1670425,0.09393141,0.5532654,-0.6860392,Nothing
7.529572,24,2,3,0,0.8435381,0.9386629,0.2411909,342.3339,343.4645,357.8526,0.8771331,0.9703174,0.1672999,0.09307645,0.5604919,-0.6835138,Nothing
7.538532,24,2,3,0,0.8435463,0.9382222,0.2414534,342.2731,343.3864,357.735,0.8772061,0.9704913,0.1675406,0.09110507,0.5675206,-0.6815448,Nothing
7.546482,24,2,3,0,0.8435243,0.9379195,0.2415155,342.2222,343.3369,357.6335,0.8771404,0.9705387,0.1677402,0.08921926,0.5712347,-0.6786444,Nothing
7.555321,24,2,3,0,0.8434789,0.9376637,0.2418277,342.199,343.2616,357.5686,0.8771205,0.9706414,0.1678815,0.08705769,0.5756103,-0.6790989,Nothing
7.563286,24,2,3,0,0.8433067,0.9373948,0.2421597,342.1647,343.1577,357.5084,0.8770714,0.9707241,0.1680097,0.0853645,0.5802618,-0.68009,Nothing
7.573048,24,2,3,0,0.8430568,0.9371403,0.2428336,342.1617,342.9716,357.4657,0.876874,0.9708365,0.1681475,0.08093191,0.5855111,-0.6843775,Nothing
7.588112,24,2,3,0,0.8428921,0.9367104,0.2438482,342.2315,342.7036,357.4,0.8766945,0.9708745,0.1680417,0.07251991,0.592437,-0.6944464,Nothing
7.596428,24,2,3,0,0.8427802,0.9365165,0.24433,342.2778,342.6072,357.356,0.8766451,0.9713557,0.1677546,0.0685303,0.6007234,-0.700295,Nothing
7.604908,24,2,3,0,0.8427479,0.9363838,0.244633,342.3258,342.5221,357.3206,0.8765163,0.9712185,0.1676332,0.06463495,0.6011787,-0.7045968,Nothing
7.61298,24,2,3,0,0.8427211,0.9359992,0.2449455,342.3535,342.4689,357.253,0.8764243,0.9711534,0.1674755,0.0608603,0.6052296,-0.7081468,Nothing
7.621193,24,2,3,0,0.842396,0.9357511,0.2450773,342.4015,342.4735,357.1962,0.8764309,0.9710113,0.1673827,0.06279536,0.6068196,-0.7113712,Nothing
7.629951,24,2,3,0,0.8423274,0.9354485,0.2452026,342.415,342.4547,357.1388,0.8762553,0.9708791,0.1672901,0.06009321,0.6088195,-0.7127247,Nothing
7.637947,24,2,3,0,0.8423679,0.9353022,0.2451473,342.4265,342.4508,357.0947,0.8760872,0.9705275,0.1671812,0.05748546,0.6065809,-0.7133679,Nothing
7.646797,24,2,3,0,0.842269,0.9350227,0.2453136,342.4185,342.3946,357.0441,0.8756335,0.9702281,0.1671049,0.05189586,0.6066855,-0.714633,Nothing
7.655067,24,2,3,0,0.8422137,0.9348276,0.2454,342.3775,342.3396,357.0399,0.8755067,0.9703415,0.1672349,0.05029205,0.6099511,-0.7127094,Nothing
7.663879,24,2,3,0,0.8419843,0.9346844,0.245612,342.3224,342.2651,357.047,0.8752611,0.9701973,0.1671572,0.04811057,0.6113766,-0.7148628,Nothing
7.671364,24,2,3,0,0.8418894,0.9345962,0.2457464,342.2716,342.1931,357.0442,0.8748113,0.9700224,0.1672612,0.04347822,0.6107153,-0.7139142,Nothing
8.089226,24,2,3,0,0.8436006,0.9409967,0.2281845,349.0997,346.6645,358.8092,0.8618373,0.9828989,0.1754702,0.04602911,0.5279063,-0.4751438,Nothing
8.097416,24,2,3,0,0.8439018,0.9411788,0.2278968,350.006,347.0402,358.823,0.86184,0.9835652,0.1754263,0.04752681,0.5246,-0.4791211,Nothing
8.111027,24,2,3,0,0.8442507,0.9419225,0.2278803,351.4821,347.492,358.9677,0.8620164,0.9844587,0.1755264,0.05202857,0.5132303,-0.4902229,Nothing
8.122307,24,2,3,0,0.8438672,0.9433638,0.228842,353.2878,347.7949,359.21,0.8621184,0.9855053,0.1755414,0.0602162,0.4945731,-0.5166759,Nothing
8.129833,24,2,3,0,0.8437797,0.9441247,0.2295398,354.4909,347.9462,359.3481,0.8622214,0.9862284,0.1755258,0.06341712,0.4838127,-0.5342756,Nothing
8.137966,24,2,3,0,0.8433839,0.9454603,0.2304073,355.6896,348.0709,359.6019,0.8623371,0.9869263,0.1754172,0.06998285,0.4665891,-0.5553928,Nothing
8.146149,24,2,3,0,0.8431374,0.9470071,0.231605,357.2888,348.2498,359.9554,0.8625881,0.9879987,0.175345,0.07704416,0.4462747,-0.5818842,Nothing
8.15464,24,2,3,0,0.842906,0.9480782,0.2323906,358.2545,348.3502,0.2305359,0.8628086,0.9887437,0.1750898,0.08256096,0.4330308,-0.6006117,Nothing
8.164131,24,2,3,0,0.8423889,0.949771,0.2329799,359.1012,348.4765,0.6470826,0.8628969,0.9894874,0.1749144,0.09134404,0.4138862,-0.6157997,Nothing
8.171261,24,2,3,0,0.8421159,0.9508502,0.2335396,0.01771313,348.6426,0.9621138,0.8631084,0.9901476,0.1746975,0.09846874,0.3991149,-0.6308426,Nothing
8.180458,24,2,3,0,0.8416663,0.9523489,0.2341994,1.021119,348.8275,1.333428,0.8635009,0.9908949,0.1743904,0.1091607,0.3793043,-0.6486672,Nothing
8.189274,24,2,3,0,0.841044,0.9541631,0.2353781,2.672193,349.1206,1.866631,0.8638725,0.9916875,0.1738617,0.1216513,0.3478427,-0.6773882,Nothing
8.204578,24,2,3,0,0.8404225,0.9560477,0.2372401,4.991763,349.5083,2.417596,0.8642879,0.9927823,0.1733642,0.1338671,0.308356,-0.7151036,Nothing
8.212986,24,2,3,0,0.8400688,0.957411,0.2393258,7.313292,349.9364,2.866914,0.864776,0.9937759,0.1728054,0.1433051,0.2704788,-0.7536679,Nothing
8.221291,24,2,3,0,0.8398615,0.9581312,0.2408122,9.117322,350.2707,3.126385,0.8652279,0.994459,0.1724224,0.1505878,0.2421814,-0.780887,Nothing
8.229755,24,2,3,0,0.8400677,0.9583995,0.2427061,10.84349,350.5539,3.305053,0.8658621,0.9952856,0.1723588,0.1547225,0.2197257,-0.808512,Nothing
8.237736,24,2,3,0,0.8399232,0.9588628,0.2443202,12.43764,350.8002,3.559681,0.8664685,0.9959943,0.1719925,0.1617192,0.194051,-0.8351597,Nothing
8.246796,24,2,3,0,0.8398688,0.9592609,0.2456033,13.79716,351.0533,3.810871,0.8670385,0.9967222,0.1712634,0.1676307,0.1714376,-0.8605667,Nothing
8.255283,24,2,3,0,0.8400658,0.9598544,0.24652,14.96767,351.389,4.114605,0.8677936,0.9974667,0.1708976,0.1754281,0.1505497,-0.8769336,Nothing
8.263515,24,2,3,0,0.8398459,0.961181,0.2465009,16.22698,352.0624,4.706535,0.8688293,0.9986058,0.1703205,0.1963966,0.1243895,-0.8849694,Nothing
8.271858,24,2,3,0,0.8395708,0.9618474,0.2465998,17.1514,352.5213,5.087964,0.8698616,0.9992457,0.1699828,0.2148638,0.1055225,-0.891469,Nothing
8.279602,24,2,3,0,0.8393301,0.9630252,0.2460257,17.66546,353.0564,5.555385,0.8706943,1.000047,0.1696984,0.2334357,0.09141306,-0.8879929,Nothing
8.288605,24,2,3,0,0.8387874,0.9639912,0.2453455,18.17789,353.5463,5.993367,0.8717373,1.000725,0.1693998,0.2564524,0.07773235,-0.8842645,Nothing
8.296577,24,2,3,0,0.8387817,0.9645073,0.2455784,18.95702,353.8903,6.259104,0.8727611,1.001483,0.1691264,0.2702345,0.06376137,-0.8908995,Nothing
8.304443,24,2,3,0,0.8386824,0.9647601,0.2462427,19.83556,354.1642,6.498775,0.8738717,1.00218,0.1688881,0.2842088,0.04847078,-0.902367,Nothing
8.313004,24,2,3,0,0.8384538,0.9645843,0.2470259,20.72839,354.4214,6.682697,0.875024,1.002893,0.1686817,0.2999054,0.03648859,-0.9162278,Nothing
8.322636,24,2,3,0,0.8384057,0.9647226,0.2484314,22.04778,354.7592,6.985312,0.876725,1.003964,0.1683406,0.3186767,0.01357209,-0.9375347,Nothing
8.338478,24,2,3,0,0.8381506,0.9652273,0.2494509,23.37759,355.3001,7.477841,0.8792331,1.00521,0.167989,0.3508232,-0.01363419,-0.9536474,Nothing
8.346272,24,2,3,0,0.8379884,0.9659263,0.2493594,23.90463,355.7078,7.816313,0.8804847,1.00579,0.1678816,0.3697715,-0.02777741,-0.9522508,Nothing
8.354759,24,2,3,0,0.8377742,0.9667451,0.2490523,24.34593,356.1477,8.192813,0.8816938,1.006278,0.167831,0.3894115,-0.04170606,-0.9469034,Nothing
8.362926,24,2,3,0,0.8374653,0.967693,0.2486513,24.77881,356.6212,8.59753,0.8828712,1.006674,0.1678253,0.4098637,-0.05728868,-0.9388175,Nothing
8.371067,24,2,3,0,0.8371713,0.9686634,0.2481927,25.17985,357.11,9.018691,0.8839015,1.006967,0.1679386,0.4287709,-0.07260017,-0.9280078,Nothing
8.379677,24,2,3,0,0.8368373,0.9693597,0.2479695,25.6312,357.5745,9.410675,0.8848705,1.007206,0.1680419,0.4467856,-0.08750212,-0.9202311,Nothing
8.38784,24,2,3,0,0.8365385,0.9703608,0.247708,26.12404,358.0538,9.822032,0.8857591,1.007401,0.1682099,0.4630696,-0.105677,-0.9094554,Nothing
8.39658,24,2,3,0,0.8365908,0.971431,0.2475189,26.98577,358.7412,10.39047,0.8869109,1.007663,0.1684916,0.4799167,-0.1301714,-0.8960481,Nothing
8.40451,24,2,3,0,0.8364145,0.9721646,0.2476441,27.60296,359.2341,10.81933,0.8875423,1.007614,0.1688711,0.4913924,-0.1499726,-0.885844,Nothing
8.413326,24,2,3,0,0.8361062,0.972859,0.2478393,28.33938,359.7615,11.25373,0.8880171,1.007475,0.1692726,0.5023311,-0.1720428,-0.875034,Nothing
8.421349,24,2,3,0,0.8358723,0.973569,0.2480166,29.10221,0.3242976,11.72682,0.8883468,1.007283,0.1697339,0.5110172,-0.1943402,-0.8624336,Nothing
8.430096,24,2,3,0,0.8356252,0.9744881,0.2482295,29.80243,0.9373528,12.28338,0.8886371,1.006988,0.1702077,0.519084,-0.2188925,-0.8477134,Nothing
8.438423,24,2,3,0,0.8351559,0.9759597,0.248073,30.38438,1.628768,12.98253,0.8886583,1.006559,0.1708227,0.5262322,-0.2458159,-0.8240922,Nothing
8.446659,24,2,3,0,0.8347736,0.9770867,0.2481289,30.98564,2.299499,13.62867,0.8889266,1.006228,0.1712858,0.5347642,-0.2706108,-0.805581,Nothing
8.454998,24,2,3,0,0.8339544,0.9793027,0.2479674,31.79887,3.379455,14.72837,0.8891419,1.005578,0.1721126,0.546563,-0.3109302,-0.7696061,Nothing
8.463272,24,2,3,0,0.8332366,0.9810008,0.2477039,32.25811,4.172401,15.55492,0.8890382,1.004948,0.172719,0.5527272,-0.3391503,-0.7405671,Nothing
8.471466,24,2,3,0,0.8324319,0.9825897,0.2472419,32.69378,5.02053,16.39352,0.8890265,1.004352,0.17331,0.5609915,-0.3648654,-0.7097148,Nothing
8.480854,24,2,3,0,0.8317261,0.9843035,0.2468312,33.13977,5.896026,17.21568,0.8890911,1.003725,0.1738774,0.5681264,-0.3916465,-0.6778849,Nothing
8.488731,24,2,3,0,0.8310204,0.9856137,0.2464932,33.63012,6.743733,17.99655,0.889178,1.003031,0.1743734,0.5751643,-0.4161903,-0.6487747,Nothing
8.498032,24,2,3,0,0.8305653,0.9867726,0.2464405,34.17731,7.548257,18.72054,0.8891408,1.002339,0.1749688,0.5777711,-0.4392511,-0.6222628,Nothing
8.513737,24,2,3,0,0.8295637,0.9891706,0.2466724,35.62301,9.575762,20.50655,0.8890446,1.000402,0.1764105,0.5811363,-0.4946726,-0.5592323,Nothing
8.52116,24,2,3,0,0.82933,0.9898509,0.2468612,36.24548,10.36741,21.16805,0.8889742,0.9996308,0.1769286,0.5804899,-0.5140267,-0.5366695,Nothing
8.529671,24,2,3,0,0.8291952,0.9904893,0.2470637,36.81902,11.18616,21.82931,0.8887667,0.9987466,0.1775134,0.5774617,-0.5319153,-0.5133218,Nothing
8.537872,24,2,3,0,0.8289991,0.9911164,0.2471046,37.29837,11.94629,22.43218,0.8885986,0.9978415,0.1779373,0.575154,-0.5484612,-0.4906244,Nothing
8.546261,24,2,3,0,0.8286907,0.9918994,0.2470401,37.77431,12.75813,23.09827,0.8883147,0.9970301,0.1783078,0.5723018,-0.5650788,-0.4664484,Nothing
8.554489,24,2,3,0,0.8286005,0.9925632,0.246829,38.12636,13.51683,23.7051,0.8879561,0.9960843,0.1786546,0.5665749,-0.5784561,-0.4428068,Nothing
8.562901,24,2,3,0,0.8283467,0.9934298,0.2465537,38.43024,14.28683,24.32985,0.887536,0.9951532,0.1789047,0.5609514,-0.5930851,-0.4181122,Nothing
8.571102,24,2,3,0,0.8279496,0.9943819,0.2462833,38.72407,15.04157,24.9606,0.8870593,0.9941471,0.1791572,0.5550333,-0.6087698,-0.3923693,Nothing
8.579796,24,2,3,0,0.8275198,0.9958791,0.2460547,39.12246,16.14909,25.92341,0.8862609,0.9924959,0.17951,0.5419219,-0.6337417,-0.3548051,Nothing
8.588699,24,2,3,0,0.8269444,0.9967891,0.2459974,39.40505,16.87815,26.61364,0.8856459,0.9914069,0.179667,0.5342987,-0.6514916,-0.3311403,Nothing
8.596745,24,2,3,0,0.8265217,0.9976937,0.2460765,39.69648,17.61152,27.30318,0.8850449,0.9903385,0.179854,0.5250833,-0.6690368,-0.3085412,Nothing
8.605042,24,2,3,0,0.8257614,0.9988037,0.2466349,39.99076,18.2588,28.06891,0.8842517,0.9892471,0.17997,0.5141193,-0.6930445,-0.2889343,Nothing
8.613274,24,2,3,0,0.8251221,0.9997829,0.247327,40.29723,18.94341,28.87997,0.883466,0.9880763,0.1800844,0.5016536,-0.7172496,-0.2702596,Nothing
8.621033,24,2,3,0,0.8243362,1.000947,0.2480676,40.62302,19.68037,29.77551,0.8825048,0.9870171,0.1802101,0.4876491,-0.7423107,-0.2505355,Nothing
8.630001,24,2,3,0,0.8234822,1.002122,0.2487381,40.95343,20.47703,30.71652,0.8815868,0.9858335,0.1803294,0.4737396,-0.7678099,-0.2282438,Nothing
8.638145,24,2,3,0,0.8221207,1.004151,0.2498658,41.40836,21.82656,32.29293,0.879845,0.9838379,0.1806071,0.4467463,-0.8081132,-0.1906623,Nothing
8.646767,24,2,3,0,0.8210055,1.0057,0.2504272,41.70381,22.87987,33.47412,0.8785154,0.982484,0.1807156,0.4272785,-0.8351772,-0.1613197,Nothing
8.655285,24,2,3,0,0.8198341,1.007401,0.2512028,41.98126,24.03655,34.779,0.8770815,0.9810849,0.1808245,0.4050471,-0.8645487,-0.1310322,Nothing
8.663574,24,2,3,0,0.8186623,1.009049,0.2518213,42.23287,25.19803,36.06548,0.8756064,0.9796894,0.1809313,0.3821736,-0.8911576,-0.1000732,Nothing
8.67178,24,2,3,0,0.8172171,1.010998,0.2524047,42.46759,26.61517,37.59721,0.8738611,0.9782192,0.1810577,0.3557903,-0.9192241,-0.06327749,Nothing
8.679661,24,2,3,0,0.8155299,1.01346,0.2529253,42.63146,28.24956,39.33741,0.8720932,0.9766843,0.1811338,0.3265666,-0.9503338,-0.01962543,Nothing
8.687973,24,2,3,0,0.8140827,1.015388,0.2534453,42.74062,29.80857,40.97414,0.8699039,0.975142,0.1811666,0.2933435,-0.9748247,0.01666394,Nothing
8.696365,24,2,3,0,0.8124523,1.017603,0.2537605,42.76141,31.42564,42.65921,0.8678272,0.9736635,0.1811768,0.2602184,-0.9987417,0.05669268,Nothing
8.704426,24,2,3,0,0.8108687,1.019919,0.2540506,42.69075,33.15875,44.44729,0.8655813,0.972167,0.1811589,0.2225837,-1.021221,0.09713911,Nothing
8.713062,24,2,3,0,0.8078904,1.023743,0.2544599,42.46418,35.78507,47.14441,0.862112,0.9700177,0.1811782,0.1660704,-1.054391,0.1612599,Nothing
8.721596,24,2,3,0,0.8056934,1.026389,0.2544414,42.15828,37.69464,49.03793,0.8596654,0.9686823,0.1810552,0.1265532,-1.073316,0.2055576,Nothing
8.730297,24,2,3,0,0.8036012,1.028647,0.2545193,41.82683,39.56998,50.88086,0.857223,0.9674172,0.180905,0.08754446,-1.088962,0.2448644,Nothing
8.738407,24,2,3,0,0.8015093,1.03121,0.2544973,41.51105,41.44444,52.63729,0.8547775,0.9662486,0.1807428,0.0473681,-1.102959,0.2862296,Nothing
8.74683,24,2,3,0,0.7996291,1.032882,0.2548276,41.19067,43.23815,54.36299,0.8523902,0.9651909,0.180533,0.01045637,-1.113852,0.3167452,Nothing
8.754795,24,2,3,0,0.7981992,1.034868,0.2549276,40.92645,45.12603,56.04489,0.85002,0.9642478,0.1803481,-0.03014458,-1.120013,0.3494371,Nothing
8.763947,24,2,3,0,0.7965659,1.03659,0.2551269,40.58606,46.93296,57.67973,0.8478813,0.9631671,0.1801563,-0.06771988,-1.127059,0.3811382,Nothing
8.772003,24,2,3,0,0.7945139,1.038578,0.2554039,40.0398,49.61289,59.9977,0.8446015,0.9621058,0.1798779,-0.1195365,-1.129032,0.4176442,Nothing
8.78722,24,2,3,0,0.792046,1.041227,0.2550397,39.20066,53.17752,62.80375,0.8404095,0.961077,0.1794771,-0.1841101,-1.120859,0.4648446,Nothing
8.796173,24,2,3,0,0.7908872,1.042442,0.2545537,38.70721,54.9351,64.06445,0.8386967,0.9608468,0.1794089,-0.2103474,-1.111644,0.4883961,Nothing
8.803928,24,2,3,0,0.7896448,1.043699,0.2542688,38.1778,56.65451,65.32684,0.837082,0.960673,0.1792578,-0.2363443,-1.104814,0.5106785,Nothing
8.811867,24,2,3,0,0.7883763,1.044892,0.2541533,37.62567,58.28642,66.56939,0.8354623,0.9604657,0.1791906,-0.2631027,-1.098267,0.5310743,Nothing
8.821163,24,2,3,0,0.7870774,1.045985,0.2538379,37.03674,59.78851,67.66869,0.8339627,0.960074,0.1790552,-0.2887885,-1.091579,0.5514205,Nothing
8.829365,24,2,3,0,0.7855879,1.047125,0.2537589,36.4086,61.26389,68.78349,0.8326015,0.9602058,0.179021,-0.3100102,-1.084881,0.5697578,Nothing
8.837166,24,2,3,0,0.7839501,1.048124,0.2539308,35.79945,62.58328,69.82127,0.8310178,0.960186,0.178886,-0.331797,-1.081546,0.5845664,Nothing
8.845242,24,2,3,0,0.781676,1.049517,0.2541518,34.86266,64.6318,71.42917,0.8290173,0.9601724,0.1788122,-0.3638424,-1.073165,0.6088954,Nothing
8.854317,24,2,3,0,0.7804316,1.050136,0.2548271,34.31754,65.78291,72.43058,0.828338,0.9602429,0.1787262,-0.3794532,-1.073126,0.6221344,Nothing
8.861702,24,2,3,0,0.7791666,1.05059,0.255632,33.81675,66.88786,73.40865,0.8269033,0.9603776,0.1786393,-0.3974769,-1.071707,0.6281801,Nothing
8.871582,24,2,3,0,0.7782211,1.050636,0.2566898,33.40928,67.83236,74.33153,0.8259518,0.9605441,0.1785773,-0.4101251,-1.072333,0.6315097,Nothing
8.879116,24,2,3,0,0.7770988,1.05085,0.257461,32.9591,68.83913,75.22716,0.8252121,0.9607042,0.1782969,-0.4214764,-1.073303,0.6397874,Nothing
8.888329,24,2,3,0,0.7761081,1.051103,0.2583054,32.46519,69.84238,76.10979,0.8242142,0.9609143,0.1783553,-0.4355784,-1.070678,0.6454582,Nothing
8.89526,24,2,3,0,0.7753097,1.051212,0.2591631,32.02747,70.73419,76.90641,0.8238312,0.9613291,0.1781175,-0.4429136,-1.072053,0.6511716,Nothing
8.903473,24,2,3,0,0.774446,1.05127,0.2598869,31.56899,71.59003,77.64125,0.8231053,0.9615589,0.1780203,-0.4525593,-1.070902,0.655715,Nothing
8.911953,24,2,3,0,0.7732396,1.051504,0.260821,30.86103,72.74843,78.62765,0.8220035,0.9618912,0.177869,-0.4682012,-1.069041,0.6613476,Nothing
8.920765,24,2,3,0,0.7725744,1.051721,0.2615094,30.37266,73.52561,79.29575,0.8211963,0.9620317,0.1777314,-0.4814178,-1.06828,0.6639171,Nothing
8.929466,24,2,3,0,0.7717401,1.051943,0.261915,29.8684,74.20083,79.82918,0.820654,0.9622596,0.1775819,-0.4902233,-1.06705,0.668901,Nothing
8.936424,24,2,3,0,0.7709638,1.052131,0.2622545,29.36468,74.85107,80.32779,0.8200111,0.9624618,0.1774456,-0.4994633,-1.064959,0.67246,Nothing
8.945667,24,2,3,0,0.770363,1.052406,0.2627603,28.94166,75.40604,80.76687,0.8194349,0.9627326,0.1772007,-0.5080814,-1.066183,0.6742085,Nothing
8.953964,24,2,3,0,0.7703057,1.052187,0.2631527,28.54026,75.97353,81.21606,0.8190181,0.962902,0.1770205,-0.5151312,-1.064102,0.6716544,Nothing
8.962387,24,2,3,0,0.7700505,1.052152,0.2637566,28.22507,76.52512,81.65102,0.8186061,0.963107,0.1768497,-0.5212359,-1.064601,0.6720383,Nothing
8.970097,24,2,3,0,0.7699779,1.051799,0.2646672,27.81284,77.33743,82.30809,0.8179249,0.963364,0.176479,-0.529473,-1.065483,0.668638,Nothing
8.979046,24,2,3,0,0.7704944,1.051229,0.2653837,27.7284,77.7869,82.70747,0.8176277,0.9635349,0.1762766,-0.531665,-1.06632,0.66203,Nothing
8.988338,24,2,3,0,0.7712637,1.050593,0.2661812,27.72661,78.19891,83.09174,0.8173629,0.9636834,0.1760819,-0.5335442,-1.067863,0.6536104,Nothing
8.995613,24,2,3,0,0.7725811,1.049646,0.2668366,27.80947,78.49945,83.39637,0.8171021,0.9638336,0.1759549,-0.5337011,-1.067563,0.638591,Nothing
9.003452,24,2,3,0,0.7728871,1.049196,0.2674704,27.69956,78.88883,83.73697,0.8170737,0.9640934,0.175761,-0.5334088,-1.069516,0.6355734,Nothing
9.011887,24,2,3,0,0.7733517,1.048752,0.2679325,27.62017,79.18993,84.00367,0.8169,0.9641796,0.175602,-0.53518,-1.070317,0.6301261,Nothing
9.019848,24,2,3,0,0.7737215,1.048445,0.2681822,27.49913,79.4551,84.23207,0.8164306,0.9641396,0.1753986,-0.5402918,-1.070035,0.623426,Nothing
9.02895,24,2,3,0,0.7739073,1.048101,0.2687254,27.25844,79.84509,84.58926,0.8162345,0.9641588,0.1751661,-0.5450293,-1.07183,0.6204752,Nothing
9.038136,24,2,3,0,0.7741826,1.047867,0.2690732,27.10102,80.0826,84.83811,0.8160887,0.9642199,0.1750229,-0.5488223,-1.072509,0.616541,Nothing
9.045097,24,2,3,0,0.7741004,1.047723,0.2695279,26.90156,80.36084,85.11826,0.8160237,0.9641891,0.1749059,-0.5529156,-1.074257,0.6174688,Nothing
9.056553,24,2,3,0,0.7742243,1.047417,0.2699777,26.70865,80.63901,85.40714,0.8161032,0.9643987,0.1744844,-0.5537388,-1.078532,0.6156832,Nothing
9.070477,24,2,3,0,0.7740834,1.047083,0.2707914,26.39064,81.22662,85.96305,0.8160537,0.9643278,0.1743455,-0.5602579,-1.079846,0.6198938,Nothing
9.079445,24,2,3,0,0.7743896,1.046806,0.2711623,26.28498,81.51995,86.22073,0.8159493,0.9641565,0.1742976,-0.5648951,-1.079502,0.6187219,Nothing
9.087494,24,2,3,0,0.7745776,1.046527,0.2716248,26.13702,81.94329,86.57991,0.8159315,0.9640149,0.1742465,-0.5696825,-1.07867,0.620829,Nothing
9.096119,24,2,3,0,0.7749897,1.04622,0.2717822,26.06513,82.20555,86.77328,0.8159288,0.9639046,0.1742691,-0.5721607,-1.076179,0.6195071,Nothing
9.110142,24,2,3,0,0.7754709,1.04597,0.2718975,25.99113,82.50935,86.96658,0.8157291,0.963587,0.1742041,-0.5779365,-1.07378,0.6175509,Nothing
9.12587,24,2,3,0,0.7764705,1.045642,0.2716648,26.05101,82.63792,87.00541,0.8157842,0.9633337,0.1742208,-0.5805814,-1.069099,0.6116822,Nothing
9.139759,24,2,3,0,0.777305,1.045477,0.2715146,26.06604,82.73969,87.0713,0.8160056,0.9631092,0.1741596,-0.5841748,-1.066375,0.6083016,Nothing
9.154442,24,2,3,0,0.778004,1.045323,0.2713562,26.13686,82.65796,87.03701,0.8161095,0.9629172,0.1741636,-0.5864454,-1.064832,0.6027209,Nothing
9.162418,24,2,3,0,0.7781398,1.045281,0.271265,26.20839,82.58224,87.00682,0.8159192,0.9626912,0.1741567,-0.5888696,-1.064356,0.6002629,Nothing
9.170807,24,2,3,0,0.7784649,1.045199,0.2713035,26.30354,82.48039,86.98225,0.8159443,0.9626033,0.1741299,-0.5896238,-1.065383,0.5969123,Nothing
9.179363,24,2,3,0,0.7789015,1.045055,0.2713348,26.44043,82.34933,86.94455,0.8161548,0.9627931,0.1740103,-0.5865163,-1.067431,0.59259,Nothing
9.187263,24,2,3,0,0.7793674,1.044901,0.2713531,26.60154,82.19816,86.88142,0.8161965,0.962792,0.1739678,-0.5854244,-1.06875,0.5873458,Nothing
9.196674,24,2,3,0,0.7801993,1.044622,0.2711728,26.86623,81.93944,86.70542,0.8162082,0.9628581,0.1738602,-0.5821312,-1.069696,0.5772452,Nothing
9.204899,24,2,3,0,0.7808793,1.044498,0.2708875,27.14499,81.65251,86.50282,0.8162897,0.9629475,0.1738017,-0.5786839,-1.0697,0.5696811,Nothing
9.212051,24,2,3,0,0.7816186,1.044298,0.2706995,27.40362,81.38956,86.31617,0.8163748,0.9629996,0.1737535,-0.5755528,-1.07016,0.56152,Nothing
9.220654,24,2,3,0,0.7831039,1.043851,0.2701637,27.91736,80.81066,85.84838,0.8165476,0.9632108,0.1736294,-0.566871,-1.070525,0.5438188,Nothing
9.229134,24,2,3,0,0.7839335,1.043667,0.2698415,28.25357,80.38255,85.51884,0.8167228,0.9633993,0.173515,-0.5608842,-1.071884,0.5335365,Nothing
9.237282,24,2,3,0,0.7847344,1.043604,0.2694153,28.55024,79.94055,85.18285,0.8166696,0.9634056,0.1734171,-0.5590799,-1.071949,0.5225479,Nothing
9.245464,24,2,3,0,0.7851897,1.043566,0.2691391,28.79305,79.51799,84.87222,0.816932,0.9636997,0.1732368,-0.5525743,-1.074657,0.515511,Nothing
9.253765,24,2,3,0,0.7856274,1.043464,0.2689223,28.99841,79.11834,84.60003,0.8171379,0.9639192,0.1730983,-0.5472736,-1.076976,0.508103,Nothing
9.262459,24,2,3,0,0.7857698,1.043519,0.2687406,29.18902,78.74704,84.35887,0.8174356,0.9644422,0.1727954,-0.5392448,-1.081285,0.5032901,Nothing
9.270889,24,2,3,0,0.7859883,1.043396,0.2687158,29.34165,78.44639,84.18655,0.8177161,0.964779,0.172601,-0.5328256,-1.085061,0.4982612,Nothing
9.279278,24,2,3,0,0.7864344,1.043273,0.268555,29.64845,77.9272,83.84462,0.817984,0.9652316,0.1724319,-0.5239772,-1.088726,0.4891343,Nothing
9.28867,24,2,3,0,0.7866234,1.043154,0.2686526,29.83639,77.65759,83.6957,0.8182436,0.9656058,0.1722395,-0.5171688,-1.093214,0.4845884,Nothing
9.296387,24,2,3,0,0.7870141,1.042932,0.26873,30.0325,77.38161,83.54992,0.818511,0.9659852,0.1720577,-0.5105101,-1.096906,0.4778303,Nothing
9.304306,24,2,3,0,0.786995,1.042745,0.2689178,30.19623,77.1116,83.42715,0.8186427,0.9663046,0.1716162,-0.5039509,-1.104611,0.4728806,Nothing
9.312386,24,2,3,0,0.7867804,1.042757,0.2691001,30.23741,76.91009,83.36216,0.8188946,0.9667205,0.1713751,-0.4981773,-1.110301,0.4712571,Nothing
9.320568,24,2,3,0,0.7863524,1.042847,0.2691596,30.25723,76.71211,83.28477,0.819198,0.9670794,0.1709007,-0.4921061,-1.117817,0.4721611,Nothing
9.329037,24,2,3,0,0.7857891,1.043064,0.2693241,30.21328,76.60284,83.27447,0.8194687,0.9675224,0.1706145,-0.4869108,-1.123988,0.4750246,Nothing
9.33728,24,2,3,0,0.7850393,1.043216,0.2695969,30.16232,76.4359,83.25787,0.8197549,0.968013,0.1703407,-0.4801431,-1.131614,0.4778245,Nothing
9.345875,24,2,3,0,0.7839832,1.043595,0.2700015,29.95232,76.54657,83.44949,0.8201916,0.9687665,0.1698733,-0.4736617,-1.140888,0.4865048,Nothing
9.354004,24,2,3,0,0.7833013,1.043817,0.2703045,29.85385,76.5386,83.54029,0.8202572,0.9693204,0.169881,-0.4696026,-1.144224,0.4894812,Nothing
9.36232,24,2,3,0,0.7824365,1.044049,0.2707349,29.68332,76.63026,83.72336,0.8207482,0.9700904,0.1696346,-0.4622043,-1.15127,0.4967971,Nothing
9.371155,24,2,3,0,0.7815516,1.044286,0.2712089,29.51025,76.74198,83.93116,0.8210294,0.9708676,0.1692021,-0.4562117,-1.160021,0.5024015,Nothing
9.378971,24,2,3,0,0.7808443,1.044415,0.2716582,29.36612,76.84048,84.12167,0.8213823,0.971563,0.1689502,-0.4501026,-1.166683,0.5075305,Nothing
9.387554,24,2,3,0,0.780206,1.044561,0.272029,29.21652,76.98767,84.31323,0.8217384,0.9723123,0.1687216,-0.4436755,-1.171999,0.5129664,Nothing
9.395828,24,2,3,0,0.7795892,1.044726,0.2722887,29.08866,77.11034,84.46225,0.8220372,0.9731798,0.1685316,-0.4359557,-1.176005,0.5173984,Nothing
9.404301,24,2,3,0,0.7788148,1.04488,0.2726093,28.90321,77.26242,84.66695,0.8225661,0.9744988,0.1681918,-0.4236608,-1.181943,0.522557,Nothing
9.413158,24,2,3,0,0.7783772,1.045029,0.2728148,28.79825,77.36179,84.79494,0.8227266,0.9752172,0.1678201,-0.4183875,-1.187034,0.5246003,Nothing
9.42173,24,2,3,0,0.7780042,1.045096,0.2730595,28.69009,77.47728,84.93362,0.8230039,0.9762176,0.1675713,-0.4097205,-1.190951,0.5257838,Nothing
9.429287,24,2,3,0,0.7774795,1.045207,0.2733507,28.56227,77.62204,85.09583,0.8232176,0.9772736,0.1673135,-0.4009434,-1.195307,0.5279867,Nothing
9.438568,24,2,3,0,0.7771373,1.045255,0.2734725,28.43288,77.76147,85.24509,0.8231468,0.9781951,0.1669632,-0.3949101,-1.198259,0.526567,Nothing
9.44619,24,2,3,0,0.7768429,1.045252,0.2737312,28.32183,77.90632,85.39905,0.8231942,0.9793572,0.1666732,-0.3858172,-1.201844,0.5245252,Nothing
9.454624,24,2,3,0,0.7764265,1.045258,0.2741031,28.16352,78.11357,85.61365,0.8232771,0.981108,0.1662241,-0.3719518,-1.2074,0.5213877,Nothing
9.462444,24,2,3,0,0.7763079,1.045232,0.2742907,28.05889,78.24872,85.74521,0.8232326,0.9824678,0.1657932,-0.3617552,-1.211353,0.5158537,Nothing
9.471249,24,2,3,0,0.7760587,1.0452,0.2745678,27.96809,78.38528,85.88268,0.8231058,0.9839088,0.1654492,-0.3505252,-1.215355,0.5105311,Nothing
9.4804,24,2,3,0,0.7761275,1.044973,0.2747088,27.9249,78.46378,85.97754,0.822864,0.9854968,0.1650312,-0.3375017,-1.218342,0.4992176,Nothing
9.487961,24,2,3,0,0.7764838,1.044658,0.2748697,27.95868,78.48452,86.0106,0.8225427,0.9871943,0.1647109,-0.32301,-1.220437,0.4833715,Nothing
9.49696,24,2,3,0,0.7769607,1.044275,0.2749227,28.05471,78.45733,85.97955,0.8223751,0.9886692,0.1643684,-0.3083299,-1.222384,0.4682413,Nothing
9.504475,24,2,3,0,0.777914,1.043742,0.2748979,28.24722,78.35777,85.8647,0.8219653,0.990358,0.1639737,-0.2920694,-1.223289,0.4443289,Nothing
9.513027,24,2,3,0,0.7794734,1.042969,0.2746772,28.59922,78.11531,85.59384,0.8216161,0.9919725,0.16361,-0.2740228,-1.222009,0.4135442,Nothing
9.522858,24,2,3,0,0.781174,1.042058,0.2744468,29.0004,77.7912,85.27505,0.8211225,0.9944186,0.1629011,-0.2487221,-1.223067,0.3735317,Nothing
9.53933,24,2,3,0,0.7841016,1.040478,0.2741286,29.79629,76.87996,84.54014,0.820191,0.9976804,0.1619126,-0.2143144,-1.22445,0.3026187,Nothing
9.55468,24,2,3,0,0.7869515,1.038742,0.2738043,30.66879,75.49536,83.50645,0.8198156,1.000742,0.1606899,-0.1774437,-1.229123,0.2283333,Nothing
9.562927,24,2,3,0,0.7882609,1.03794,0.2734741,31.09508,74.637,82.83568,0.8196723,1.002292,0.160097,-0.1579911,-1.229529,0.1900255,Nothing
9.571453,24,2,3,0,0.7895706,1.037162,0.2729378,31.48161,73.70585,82.06329,0.8198328,1.003803,0.1593124,-0.1368142,-1.229924,0.1530812,Nothing
9.579556,24,2,3,0,0.7906623,1.036619,0.2721276,31.86339,72.70923,81.18872,0.8201936,1.005291,0.1585198,-0.1146458,-1.228236,0.1204541,Nothing
9.589184,24,2,3,0,0.7923877,1.035576,0.2705845,32.34998,71.02685,79.67975,0.820891,1.007496,0.1573796,-0.07840002,-1.220489,0.06838451,Nothing
9.605087,24,2,3,0,0.7940449,1.034622,0.2673954,32.85988,68.42346,77.18994,0.8227319,1.010309,0.1558342,-0.02209423,-1.200791,0.01161833,Nothing
9.612942,24,2,3,0,0.7948914,1.034161,0.2654819,33.04295,66.94318,75.76936,0.82399,1.011585,0.1549775,0.007438777,-1.18819,-0.01555594,Nothing
9.620968,24,2,3,0,0.7955314,1.033781,0.2635416,33.16662,65.40778,74.29224,0.8254034,1.012807,0.1542294,0.0379631,-1.174438,-0.03946217,Nothing
9.629475,24,2,3,0,0.7965769,1.033135,0.2617247,33.32133,63.83357,72.81866,0.8267029,1.014017,0.1534861,0.06629911,-1.158726,-0.06925285,Nothing
9.637615,24,2,3,0,0.7974997,1.032581,0.2600129,33.54393,62.16792,71.27433,0.8285476,1.014967,0.1526695,0.09555149,-1.146307,-0.09338263,Nothing
9.646168,24,2,3,0,0.7991935,1.031461,0.2581058,33.90058,59.67995,69.04552,0.8312055,1.016382,0.1515991,0.1362766,-1.128726,-0.1354893,Nothing
9.655315,24,2,3,0,0.8007719,1.030452,0.2572535,34.25824,57.90828,67.52069,0.8335761,1.016629,0.1508898,0.1593868,-1.121364,-0.162751,Nothing
9.763683,24,2,3,0,0.8099424,1.024418,0.2411479,31.31981,30.42747,44.09952,0.8718896,1.007104,0.1466572,0.4520173,-1.018144,-0.3448465,Nothing
9.77129,24,2,3,0,0.8105397,1.023547,0.2405915,30.92255,28.66907,42.6107,0.8744691,1.005333,0.1467795,0.4678635,-1.014835,-0.3564616,Nothing
9.779629,24,2,3,0,0.8115073,1.021985,0.2408076,30.70879,26.88901,41.13559,0.8769158,1.003476,0.1470128,0.4820537,-1.010644,-0.3778551,Nothing
9.788387,24,2,3,0,0.812244,1.020463,0.2422605,30.82065,25.19834,39.9375,0.8791732,1.001597,0.1474949,0.4911039,-1.017036,-0.4029824,Nothing
9.795807,24,2,3,0,0.8124737,1.019404,0.2431533,30.55422,23.53547,38.73315,0.8807185,0.9995409,0.1482784,0.4964087,-1.018987,-0.4217459,Nothing
9.804993,24,2,3,0,0.812366,1.018529,0.2453341,30.75946,22.19003,37.96922,0.8826125,0.9975718,0.149199,0.5015163,-1.037996,-0.4384347,Nothing
9.812622,24,2,3,0,0.8121132,1.017875,0.2464206,30.67741,20.95129,37.20548,0.8843622,0.9956716,0.1502738,0.5085034,-1.048613,-0.4455847,Nothing
9.822716,24,2,3,0,0.811913,1.016617,0.2479419,30.43846,18.96504,35.87845,0.8868665,0.9928296,0.1523256,0.5200757,-1.055812,-0.4581676,Nothing
9.829693,24,2,3,0,0.8108718,1.016765,0.2483924,30.30494,18.31675,35.5265,0.8881859,0.990806,0.1536473,0.5273821,-1.072732,-0.4445722,Nothing
9.839443,24,2,3,0,0.8103327,1.016803,0.2489658,30.05885,17.46281,35.02682,0.889515,0.9889724,0.1548555,0.532293,-1.085102,-0.4406551,Nothing
9.855125,24,2,3,0,0.8082525,1.017809,0.249087,29.47951,16.23093,34.44461,0.8920556,0.9848711,0.1578175,0.5437987,-1.11857,-0.4048707,Nothing
9.862881,24,2,3,0,0.8066262,1.019066,0.2487403,29.18175,16.06325,34.56011,0.8930358,0.9829728,0.158968,0.5479966,-1.1445,-0.3758841,Nothing
9.871426,24,2,3,0,0.8054227,1.020004,0.2486596,28.93414,15.76646,34.58725,0.8942382,0.9808324,0.1599903,0.5502291,-1.171132,-0.353088,Nothing
9.879139,24,2,3,0,0.8041252,1.020898,0.2485255,28.66586,15.44725,34.5593,0.8949001,0.9791521,0.160616,0.5517466,-1.193652,-0.3377648,Nothing
9.88781,24,2,3,0,0.8026412,1.022117,0.2481065,28.39883,15.39064,34.73284,0.895596,0.9774242,0.1614209,0.552919,-1.219154,-0.3117888,Nothing
9.896797,24,2,3,0,0.8006914,1.023953,0.247362,28.05966,15.37093,34.9789,0.8965898,0.9745822,0.1626165,0.5510385,-1.257711,-0.2698798,Nothing
9.905457,24,2,3,0,0.7997745,1.024764,0.2467092,27.84994,15.37859,35.03923,0.8969045,0.9731287,0.1629047,0.549875,-1.274861,-0.2504338,Nothing
9.921852,24,2,3,0,0.7983385,1.025723,0.2460431,27.58343,15.24894,34.9915,0.8971234,0.9705909,0.163663,0.5468373,-1.299776,-0.2233067,Nothing
9.930691,24,2,3,0,0.7982217,1.026002,0.2461021,27.68225,15.25074,34.9869,0.8972599,0.9693292,0.1639565,0.5410882,-1.311377,-0.2120306,Nothing
9.946907,24,2,3,0,0.7976599,1.026429,0.2458907,27.71306,15.10817,34.81892,0.8972736,0.9665213,0.1643227,0.5315894,-1.333832,-0.1925105,Nothing
9.954403,24,2,3,0,0.7971306,1.026598,0.2460662,27.74002,15.09783,34.80497,0.8966039,0.9661369,0.1644295,0.5276135,-1.337618,-0.1906337,Nothing
9.963211,24,2,3,0,0.7969114,1.026837,0.2460919,27.70744,14.96246,34.71486,0.8964061,0.9647292,0.1646069,0.5197617,-1.348579,-0.1844022,Nothing
9.970585,24,2,3,0,0.7965647,1.027143,0.2461239,27.65349,14.84734,34.66317,0.8961654,0.964081,0.1647354,0.5156198,-1.355336,-0.1816871,Nothing
9.979538,24,2,3,0,0.7964205,1.027553,0.2459963,27.61131,14.73612,34.64108,0.8959983,0.9632836,0.1647948,0.5084201,-1.363206,-0.1770552,Nothing
9.987934,24,2,3,0,0.79635,1.027671,0.2462475,27.56396,14.52533,34.52114,0.8956777,0.9628753,0.1645951,0.5034354,-1.367674,-0.1836596,Nothing
9.99614,24,2,3,0,0.7961168,1.027566,0.2464294,27.61036,14.3599,34.43295,0.8953935,0.962323,0.1645781,0.5004011,-1.371563,-0.1857624,Nothing
10.18763,24,2,3,0,0.8050503,1.020493,0.2502122,28.43151,12.04057,31.40421,0.8854128,0.9643174,0.1595386,0.404434,-1.246637,-0.3723183,Nothing
10.19585,24,2,3,0,0.8055261,1.020403,0.2501684,28.58346,12.23546,31.43182,0.8849271,0.9649314,0.1591816,0.4006833,-1.239677,-0.3750861,Nothing
10.20424,24,2,3,0,0.8058563,1.019937,0.2507197,28.79766,12.22932,31.41885,0.8844784,0.9655623,0.1587616,0.3975625,-1.234133,-0.3873555,Nothing
10.21267,24,2,3,0,0.8064245,1.019537,0.2509061,28.96889,12.34373,31.43773,0.8838903,0.9663097,0.157594,0.3923045,-1.228623,-0.4027892,Nothing
10.22252,24,2,3,0,0.8066341,1.01945,0.2515993,29.13965,12.27418,31.48162,0.8834518,0.9669092,0.1570619,0.3861352,-1.228407,-0.416611,Nothing
10.23743,24,2,3,0,0.8068701,1.019186,0.2517889,29.27019,12.29154,31.4645,0.8824143,0.9681354,0.1557537,0.3806365,-1.220239,-0.437297,Nothing
10.2457,24,2,3,0,0.8070711,1.019162,0.2515671,29.2491,12.33874,31.46115,0.881877,0.9686291,0.1552291,0.3770627,-1.214593,-0.4435328,Nothing
10.25429,24,2,3,0,0.8071637,1.019278,0.2513206,29.21811,12.34695,31.44829,0.8809506,0.9689047,0.1548687,0.3690262,-1.209326,-0.4475906,Nothing
10.26268,24,2,3,0,0.8074161,1.019202,0.2512154,29.12991,12.23517,31.36426,0.8802419,0.969267,0.1544153,0.3624458,-1.202519,-0.4575193,Nothing
10.2709,24,2,3,0,0.8076488,1.019066,0.2512251,29.10638,12.16627,31.2987,0.8795117,0.9695689,0.1541331,0.3559026,-1.195981,-0.4653704,Nothing
10.27924,24,2,3,0,0.808206,1.018969,0.2509697,29.03826,12.01078,31.14608,0.878381,0.9700027,0.1534461,0.3436889,-1.185442,-0.4780843,Nothing
10.28773,24,2,3,0,0.8089665,1.018393,0.2510646,28.99749,11.73995,30.85077,0.8775698,0.9701905,0.1530507,0.3344154,-1.173155,-0.4933374,Nothing
10.29626,24,2,3,0,0.8095778,1.017876,0.251027,28.93228,11.5004,30.56831,0.8767512,0.9703559,0.1525025,0.326265,-1.162117,-0.5079166,Nothing
10.30492,24,2,3,0,0.8102877,1.017393,0.2509617,28.85757,11.26563,30.2777,0.8759423,0.9704599,0.1518683,0.3169927,-1.151618,-0.5226537,Nothing
10.31263,24,2,3,0,0.8109365,1.016999,0.2508104,28.75887,11.04288,29.98262,0.8751945,0.9705963,0.1512451,0.3089297,-1.141374,-0.5361309,Nothing
10.32078,24,2,3,0,0.8117275,1.016472,0.2506254,28.65777,10.79507,29.63509,0.8744948,0.9707123,0.1506073,0.3010418,-1.129404,-0.5504076,Nothing
10.32938,24,2,3,0,0.8123755,1.016047,0.2505211,28.57534,10.58297,29.35421,0.8737713,0.9710032,0.1500109,0.2935984,-1.118135,-0.5643461,Nothing
10.33757,24,2,3,0,0.8134334,1.015351,0.2504616,28.46073,10.23495,28.89627,0.8727721,0.9711595,0.149097,0.2813239,-1.103379,-0.5852495,Nothing
10.3458,24,2,3,0,0.8141767,1.014712,0.2505771,28.42,9.895456,28.5281,0.8721303,0.9712566,0.1484179,0.272592,-1.093092,-0.6026198,Nothing
10.35431,24,2,3,0,0.8148099,1.014104,0.2507768,28.37224,9.606139,28.21447,0.8716697,0.9713221,0.1478757,0.2660024,-1.084509,-0.6181538,Nothing
10.36311,24,2,3,0,0.8154159,1.013434,0.2512142,28.38711,9.22576,27.88166,0.8711036,0.9713829,0.1474028,0.2570947,-1.076272,-0.6355831,Nothing
10.37116,24,2,3,0,0.8160527,1.012777,0.2514017,28.3432,8.894256,27.54681,0.870674,0.971422,0.1469985,0.2502819,-1.066676,-0.6500246,Nothing
10.37941,24,2,3,0,0.8166224,1.012026,0.2518018,28.30642,8.457624,27.18534,0.8701835,0.9715023,0.1465919,0.2423155,-1.056747,-0.6679189,Nothing
10.38869,24,2,3,0,0.8176078,1.01096,0.2520705,28.18801,7.883222,26.65584,0.8694879,0.9715458,0.1460803,0.2304976,-1.040003,-0.6901317,Nothing
10.39639,24,2,3,0,0.8181442,1.010322,0.2521447,28.05713,7.485098,26.30435,0.8690829,0.9716588,0.1457128,0.2241616,-1.028428,-0.7047675,Nothing
10.40384,24,2,3,0,0.8186305,1.009754,0.2520852,27.90329,7.119459,25.96972,0.8686625,0.9718158,0.1453101,0.2183972,-1.016559,-0.7182082,Nothing
10.4124,24,2,3,0,0.8191181,1.009193,0.2519207,27.75272,6.809829,25.66413,0.8683741,0.9720989,0.1451603,0.2150113,-1.002792,-0.7281179,Nothing
10.42137,24,2,3,0,0.819527,1.008711,0.2517469,27.6066,6.512518,25.37119,0.8680765,0.9722772,0.1449729,0.2114017,-0.9910259,-0.7370272,Nothing
10.42938,24,2,3,0,0.8198196,1.008218,0.2515756,27.46243,6.225154,25.08117,0.8678312,0.9724696,0.1447942,0.2094973,-0.9797159,-0.7455961,Nothing
10.43869,24,2,3,0,0.8202359,1.007729,0.2514818,27.33208,5.926779,24.79103,0.8676581,0.9726688,0.1447382,0.2067922,-0.968067,-0.7536335,Nothing
10.44596,24,2,3,0,0.8204874,1.007374,0.251325,27.20892,5.683233,24.55989,0.8676435,0.9728935,0.1447726,0.2067639,-0.9582831,-0.758787,Nothing
10.45533,24,2,3,0,0.8210284,1.006709,0.2511917,27.0228,5.287752,24.19209,0.867418,0.9733211,0.1444997,0.2033392,-0.9421114,-0.7718905,Nothing
10.46293,24,2,3,0,0.8211846,1.006489,0.2511811,26.92722,5.06169,24.02056,0.8674398,0.9736469,0.1446436,0.2034301,-0.9338314,-0.7764172,Nothing
10.47119,24,2,3,0,0.8214805,1.006082,0.2512416,26.81837,4.805615,23.80516,0.867442,0.9738595,0.1446189,0.2022227,-0.9249946,-0.783974,Nothing
10.47942,24,2,3,0,0.8215356,1.006027,0.2511754,26.72237,4.643192,23.69571,0.86763,0.9739375,0.1447861,0.2035134,-0.921199,-0.7850537,Nothing
10.48784,24,2,3,0,0.8216895,1.005842,0.251092,26.61747,4.448513,23.53633,0.867771,0.974209,0.1446761,0.2045699,-0.9149207,-0.7904714,Nothing
10.49599,24,2,3,0,0.8217428,1.005959,0.2508772,26.5294,4.345716,23.44716,0.8682188,0.9743879,0.1447284,0.2088329,-0.9129044,-0.7900968,Nothing
10.50441,24,2,3,0,0.8216968,1.006159,0.2505714,26.44958,4.315382,23.41378,0.8685713,0.9745533,0.144783,0.2132881,-0.9118372,-0.7876981,Nothing
10.51238,24,2,3,0,0.8216153,1.006292,0.2503603,26.35467,4.251043,23.37063,0.8690599,0.9746829,0.1448036,0.2189531,-0.911386,-0.7869923,Nothing
10.52157,24,2,3,0,0.8215048,1.006568,0.2500437,26.22203,4.151972,23.31645,0.8697158,0.9747912,0.1449983,0.225934,-0.9111955,-0.7836655,Nothing
10.52949,24,2,3,0,0.8213302,1.006822,0.2499409,26.14552,4.105275,23.31316,0.8700808,0.9749302,0.145073,0.2304359,-0.9122745,-0.7825857,Nothing
10.53883,24,2,3,0,0.8210878,1.007247,0.2498367,26.07804,4.064036,23.34649,0.8705998,0.974935,0.1454304,0.2357119,-0.9157915,-0.7772344,Nothing
10.54715,24,2,3,0,0.8209452,1.007542,0.2496853,25.99686,4.003376,23.33685,0.8711326,0.9749526,0.145646,0.2409945,-0.9178107,-0.7738155,Nothing
10.56264,24,2,3,0,0.8205003,1.008268,0.2493401,25.81038,3.885793,23.34957,0.871899,0.9746041,0.146376,0.248415,-0.9241356,-0.7619436,Nothing
10.57093,24,2,3,0,0.8202653,1.008813,0.2490103,25.72699,3.885121,23.39278,0.8726116,0.9748961,0.1464604,0.2566522,-0.9272109,-0.757533,Nothing
10.57966,24,2,3,0,0.8200763,1.009226,0.2487011,25.63055,3.868104,23.40902,0.8733751,0.9749756,0.1466658,0.2649537,-0.9302575,-0.752166,Nothing
10.58774,24,2,3,0,0.8198227,1.009799,0.2482723,25.48787,3.828396,23.4183,0.8745524,0.975061,0.1470705,0.2775178,-0.9344176,-0.7437325,Nothing
10.59614,24,2,3,0,0.8195049,1.010241,0.2478698,25.39167,3.858752,23.43959,0.8756493,0.9751316,0.1474667,0.2911068,-0.9385195,-0.7348403,Nothing
10.60539,24,2,3,0,0.819344,1.010664,0.2473843,25.2971,3.90962,23.45769,0.8765319,0.9753726,0.147734,0.3022111,-0.9398964,-0.7271774,Nothing
10.6212,24,2,3,0,0.8190773,1.011587,0.2465288,25.13265,3.987269,23.48628,0.8784086,0.9755914,0.1485235,0.3233713,-0.9453923,-0.7089192,Nothing
10.6293,24,2,3,0,0.8189563,1.011917,0.2461092,25.04382,4.010471,23.48199,0.8792781,0.9757764,0.1488688,0.3339239,-0.9461385,-0.7014977,Nothing
10.63826,24,2,3,0,0.8188079,1.01219,0.2456772,24.95971,4.051362,23.48775,0.8801685,0.9758605,0.1493357,0.3450086,-0.9470397,-0.6923456,Nothing
10.64649,24,2,3,0,0.8186557,1.012524,0.2451338,24.84426,4.074347,23.47378,0.8815549,0.9761429,0.1498581,0.3616526,-0.9474706,-0.6824912,Nothing
10.65432,24,2,3,0,0.8185632,1.012655,0.2448701,24.79864,4.071673,23.4554,0.8824372,0.9763094,0.1502215,0.3721275,-0.9475863,-0.6768173,Nothing
10.66251,24,2,3,0,0.8184546,1.012767,0.244776,24.77344,4.035654,23.44048,0.8831164,0.9764417,0.1505552,0.3798559,-0.9481633,-0.6731648,Nothing
10.6719,24,2,3,0,0.8182161,1.012801,0.2449842,24.77938,3.93719,23.42942,0.8838773,0.9767934,0.1511015,0.3893399,-0.9476676,-0.6718201,Nothing
10.6891,24,2,3,0,0.817895,1.012954,0.2453009,24.76192,3.749177,23.42334,0.8847293,0.9770477,0.1517371,0.3981825,-0.9494345,-0.670992,Nothing
10.7043,24,2,3,0,0.8175837,1.013147,0.2453393,24.73819,3.670483,23.43818,0.8849854,0.9767684,0.1523202,0.4009524,-0.9530735,-0.664825,Nothing
10.71259,24,2,3,0,0.8172051,1.013259,0.2453059,24.72855,3.671612,23.47529,0.8849037,0.9766743,0.1525157,0.402695,-0.9551567,-0.6617606,Nothing
10.72081,24,2,3,0,0.8170514,1.01342,0.2451599,24.72432,3.724587,23.52394,0.8847762,0.9765971,0.1525559,0.4023516,-0.9568691,-0.6584292,Nothing
10.72966,24,2,3,0,0.8169463,1.013695,0.2450571,24.74043,3.790131,23.60294,0.8847126,0.9765341,0.152631,0.4013747,-0.9599597,-0.6543328,Nothing
10.73734,24,2,3,0,0.8167791,1.013913,0.2448791,24.72892,3.860537,23.67461,0.8845695,0.9764225,0.1526744,0.400626,-0.9623966,-0.6501661,Nothing
10.74706,24,2,3,0,0.8166864,1.014061,0.2447057,24.71039,3.929073,23.73287,0.884252,0.9763093,0.1526204,0.3978922,-0.9635512,-0.647506,Nothing
10.76315,24,2,3,0,0.8165631,1.014231,0.2444574,24.7246,4.043734,23.80215,0.8832739,0.9759922,0.1524767,0.3887739,-0.9647314,-0.6434734,Nothing
10.77151,24,2,3,0,0.8165897,1.014348,0.2443394,24.74131,4.101527,23.83723,0.8826736,0.9758419,0.1522816,0.3820585,-0.9654021,-0.6425649,Nothing
10.7791,24,2,3,0,0.8167354,1.014229,0.2444447,24.76262,4.075108,23.79842,0.8822508,0.9757674,0.1520662,0.3766483,-0.9641186,-0.6461314,Nothing
10.78767,24,2,3,0,0.8168201,1.014159,0.2444677,24.77464,4.090309,23.79961,0.8819699,0.9757804,0.1518632,0.3734461,-0.9631145,-0.6484861,Nothing
10.79613,24,2,3,0,0.8170143,1.014024,0.2445165,24.77332,4.063153,23.74409,0.8816816,0.9757892,0.1517146,0.3697121,-0.9604675,-0.6515726,Nothing
10.80436,24,2,3,0,0.8171054,1.014021,0.2444316,24.76995,4.067181,23.71563,0.8813605,0.9757514,0.1515325,0.3661469,-0.9593881,-0.6525869,Nothing
10.81248,24,2,3,0,0.8171887,1.013994,0.2444388,24.7766,4.080368,23.69316,0.8808519,0.9756548,0.1509185,0.3602134,-0.960272,-0.6581848,Nothing
10.82132,24,2,3,0,0.8172903,1.014009,0.2444349,24.77638,4.087593,23.68447,0.8806409,0.9756305,0.1507397,0.357201,-0.9600996,-0.6597617,Nothing
10.82911,24,2,3,0,0.8173395,1.014027,0.244455,24.78897,4.085538,23.67957,0.8805146,0.9755802,0.1506864,0.3552023,-0.9604182,-0.660126,Nothing
10.83912,24,2,3,0,0.8174257,1.014123,0.2444149,24.79667,4.111966,23.69804,0.8802642,0.975542,0.1504848,0.351448,-0.9611946,-0.6608679,Nothing
10.85461,24,2,3,0,0.8175183,1.014243,0.2442502,24.79726,4.172933,23.7161,0.8801402,0.9754964,0.1504823,0.3496642,-0.9613055,-0.6581163,Nothing
10.86251,24,2,3,0,0.8175921,1.014348,0.2440789,24.79345,4.218087,23.736,0.8801013,0.9754595,0.1505869,0.3487861,-0.9610733,-0.654581,Nothing
10.87106,24,2,3,0,0.8176415,1.014342,0.2438577,24.76862,4.277285,23.75839,0.8800836,0.975431,0.1507796,0.3492057,-0.9592469,-0.6503625,Nothing
10.87928,24,2,3,0,0.8176584,1.014536,0.2435182,24.73494,4.35878,23.80864,0.8800016,0.9753975,0.1508386,0.3484772,-0.9592081,-0.6453,Nothing
10.88758,24,2,3,0,0.817662,1.014714,0.2432176,24.70942,4.420937,23.84259,0.8802235,0.9755065,0.151101,0.3514059,-0.958299,-0.6392799,SelectionStart
10.8876,24,2,3,0,0.817662,1.014714,0.2432176,24.70942,4.420937,23.84259,0.8802235,0.9755065,0.151101,0.3514059,-0.958299,-0.6392799,SelectionEnd
10.89087,24,2,3,0,0.817662,1.014714,0.2432176,24.70942,4.420937,23.84259,0.8802235,0.9755065,0.151101,0.3514059,-0.958299,-0.6392799,GotSelection
10.90828,24,2,3,0,0.8179799,1.015176,0.2424454,24.6574,4.608191,23.91555,0.880723,0.9755102,0.1515293,0.3546199,-0.9580217,-0.6246583,SelectionStart
10.9083,24,2,3,0,0.8179799,1.015176,0.2424454,24.6574,4.608191,23.91555,0.880723,0.9755102,0.1515293,0.3546199,-0.9580217,-0.6246583,SelectionEnd
10.91174,24,2,3,0,0.8179799,1.015176,0.2424454,24.6574,4.608191,23.91555,0.880723,0.9755102,0.1515293,0.3546199,-0.9580217,-0.6246583,GotSelection
10.92375,24,2,3,0,0.8180931,1.015243,0.2422037,24.67928,4.689002,23.93374,0.8810574,0.9754209,0.152075,0.3577698,-0.9573129,-0.6153556,SelectionStart
10.92377,24,2,3,0,0.8180931,1.015243,0.2422037,24.67928,4.689002,23.93374,0.8810574,0.9754209,0.152075,0.3577698,-0.9573129,-0.6153556,SelectionEnd
10.92739,24,2,3,0,0.8180931,1.015243,0.2422037,24.67928,4.689002,23.93374,0.8810574,0.9754209,0.152075,0.3577698,-0.9573129,-0.6153556,GotSelection
10.93744,24,2,3,0,0.8183404,1.015209,0.2420823,24.69139,4.706793,23.89692,0.8814479,0.9754337,0.1525604,0.3607198,-0.9548109,-0.6094846,SelectionStart
10.93745,24,2,3,0,0.8183404,1.015209,0.2420823,24.69139,4.706793,23.89692,0.8814479,0.9754337,0.1525604,0.3607198,-0.9548109,-0.6094846,SelectionEnd
10.94088,24,2,3,0,0.8183404,1.015209,0.2420823,24.69139,4.706793,23.89692,0.8814479,0.9754337,0.1525604,0.3607198,-0.9548109,-0.6094846,GotSelection
10.95077,24,2,3,0,0.8185474,1.015125,0.2417924,24.67569,4.723856,23.85062,0.8814645,0.9753376,0.1530126,0.3606883,-0.9506389,-0.6027257,SelectionStart
10.95079,24,2,3,0,0.8185474,1.015125,0.2417924,24.67569,4.723856,23.85062,0.8814645,0.9753376,0.1530126,0.3606883,-0.9506389,-0.6027257,SelectionEnd
10.95414,24,2,3,0,0.8185474,1.015125,0.2417924,24.67569,4.723856,23.85062,0.8814645,0.9753376,0.1530126,0.3606883,-0.9506389,-0.6027257,GotSelection
10.96445,24,2,3,0,0.8186656,1.015088,0.2416979,24.64469,4.714182,23.82657,0.8816551,0.9752595,0.1533843,0.3620372,-0.9488345,-0.5986884,SelectionStart
10.96447,24,2,3,0,0.8186656,1.015088,0.2416979,24.64469,4.714182,23.82657,0.8816551,0.9752595,0.1533843,0.3620372,-0.9488345,-0.5986884,SelectionEnd
10.96777,24,2,3,0,0.8186656,1.015088,0.2416979,24.64469,4.714182,23.82657,0.8816551,0.9752595,0.1533843,0.3620372,-0.9488345,-0.5986884,GotSelection
10.97953,24,2,3,0,0.8187922,1.015033,0.2415314,24.6368,4.730161,23.81033,0.8814535,0.9750376,0.1536462,0.3592708,-0.9470367,-0.5941911,SelectionStart
10.97955,24,2,3,0,0.8187922,1.015033,0.2415314,24.6368,4.730161,23.81033,0.8814535,0.9750376,0.1536462,0.3592708,-0.9470367,-0.5941911,SelectionEnd
10.98286,24,2,3,0,0.8187922,1.015033,0.2415314,24.6368,4.730161,23.81033,0.8814535,0.9750376,0.1536462,0.3592708,-0.9470367,-0.5941911,GotSelection
10.99319,24,2,3,0,0.81885,1.015054,0.2414649,24.6309,4.748014,23.80792,0.8816563,0.9748576,0.1538682,0.3604963,-0.948032,-0.5904291,SelectionStart
10.99321,24,2,3,0,0.81885,1.015054,0.2414649,24.6309,4.748014,23.80792,0.8816563,0.9748576,0.1538682,0.3604963,-0.948032,-0.5904291,SelectionEnd
10.99656,24,2,3,0,0.81885,1.015054,0.2414649,24.6309,4.748014,23.80792,0.8816563,0.9748576,0.1538682,0.3604963,-0.948032,-0.5904291,GotSelection
11.00882,24,2,3,0,0.8189489,1.015047,0.2413403,24.61745,4.759683,23.79789,0.8811858,0.9746152,0.1541894,0.3550571,-0.9458206,-0.5857839,SelectionStart
11.00883,24,2,3,0,0.8189489,1.015047,0.2413403,24.61745,4.759683,23.79789,0.8811858,0.9746152,0.1541894,0.3550571,-0.9458206,-0.5857839,SelectionEnd
11.01218,24,2,3,0,0.8189489,1.015047,0.2413403,24.61745,4.759683,23.79789,0.8811858,0.9746152,0.1541894,0.3550571,-0.9458206,-0.5857839,GotSelection
11.02286,24,2,3,0,0.8188866,1.014888,0.2411687,24.61551,4.787615,23.77036,0.8806921,0.9742769,0.1544235,0.3515818,-0.9438407,-0.5813197,SelectionStart
11.02288,24,2,3,0,0.8188866,1.014888,0.2411687,24.61551,4.787615,23.77036,0.8806921,0.9742769,0.1544235,0.3515818,-0.9438407,-0.5813197,SelectionEnd
11.02624,24,2,3,0,0.8188866,1.014888,0.2411687,24.61551,4.787615,23.77036,0.8806921,0.9742769,0.1544235,0.3515818,-0.9438407,-0.5813197,GotSelection
11.03751,24,2,3,0,0.8188915,1.015056,0.2408333,24.59789,4.856822,23.79504,0.8803277,0.9741192,0.1545458,0.348017,-0.9433519,-0.5754465,SelectionStart
11.03753,24,2,3,0,0.8188915,1.015056,0.2408333,24.59789,4.856822,23.79504,0.8803277,0.9741192,0.1545458,0.348017,-0.9433519,-0.5754465,SelectionEnd
11.04097,24,2,3,0,0.8188915,1.015056,0.2408333,24.59789,4.856822,23.79504,0.8803277,0.9741192,0.1545458,0.348017,-0.9433519,-0.5754465,GotSelection
11.11528,24,2,3,0,0.8187073,1.01588,0.2397919,24.48637,5.046661,23.89569,0.878692,0.9723514,0.1555998,0.3280988,-0.9508505,-0.5455861,SelectionStart
11.11533,24,2,3,0,0.8187073,1.01588,0.2397919,24.48637,5.046661,23.89569,0.878692,0.9723514,0.1555998,0.3280988,-0.9508505,-0.5455861,SelectionEnd
11.12144,24,2,3,0,0.8187073,1.01588,0.2397919,24.48637,5.046661,23.89569,0.878692,0.9723514,0.1555998,0.3280988,-0.9508505,-0.5455861,GotSelection
11.21268,24,2,3,0,0.8181255,1.01691,0.2384858,24.33922,5.209427,23.9962,0.8780084,0.972476,0.1578605,0.3280803,-0.942647,-0.5089619,SelectionStart
11.21271,24,2,3,0,0.8181255,1.01691,0.2384858,24.33922,5.209427,23.9962,0.8780084,0.972476,0.1578605,0.3280803,-0.942647,-0.5089619,SelectionEnd
11.21613,24,2,3,0,0.8181255,1.01691,0.2384858,24.33922,5.209427,23.9962,0.8780084,0.972476,0.1578605,0.3280803,-0.942647,-0.5089619,GotSelection
11.22771,24,2,3,0,0.8178703,1.01721,0.2381614,24.28785,5.241109,24.00692,0.877471,0.972456,0.1593321,0.3261908,-0.9364326,-0.4915377,SelectionStart
11.22773,24,2,3,0,0.8178703,1.01721,0.2381614,24.28785,5.241109,24.00692,0.877471,0.972456,0.1593321,0.3261908,-0.9364326,-0.4915377,SelectionEnd
11.23116,24,2,3,0,0.8178703,1.01721,0.2381614,24.28785,5.241109,24.00692,0.877471,0.972456,0.1593321,0.3261908,-0.9364326,-0.4915377,GotSelection
11.24297,24,2,3,0,0.8176772,1.017393,0.2382196,24.262,5.203346,24.02073,0.8774765,0.9724093,0.1598232,0.3269038,-0.9371694,-0.4871302,SelectionStart
11.243,24,2,3,0,0.8176772,1.017393,0.2382196,24.262,5.203346,24.02073,0.8774765,0.9724093,0.1598232,0.3269038,-0.9371694,-0.4871302,SelectionEnd
11.24642,24,2,3,0,0.8176772,1.017393,0.2382196,24.262,5.203346,24.02073,0.8774765,0.9724093,0.1598232,0.3269038,-0.9371694,-0.4871302,GotSelection
11.25676,24,2,3,0,0.8175133,1.017588,0.2381747,24.22788,5.180203,24.03936,0.8775337,0.9724509,0.16027,0.3283235,-0.9370772,-0.4824273,SelectionStart
11.25678,24,2,3,0,0.8175133,1.017588,0.2381747,24.22788,5.180203,24.03936,0.8775337,0.9724509,0.16027,0.3283235,-0.9370772,-0.4824273,SelectionEnd
11.26015,24,2,3,0,0.8175133,1.017588,0.2381747,24.22788,5.180203,24.03936,0.8775337,0.9724509,0.16027,0.3283235,-0.9370772,-0.4824273,GotSelection
11.27054,24,2,3,0,0.8173218,1.017746,0.2380096,24.18602,5.187581,24.04291,0.877588,0.9723424,0.1607235,0.3303475,-0.9373917,-0.4758216,SelectionStart
11.27056,24,2,3,0,0.8173218,1.017746,0.2380096,24.18602,5.187581,24.04291,0.877588,0.9723424,0.1607235,0.3303475,-0.9373917,-0.4758216,SelectionEnd
11.27399,24,2,3,0,0.8173218,1.017746,0.2380096,24.18602,5.187581,24.04291,0.877588,0.9723424,0.1607235,0.3303475,-0.9373917,-0.4758216,GotSelection
11.28434,24,2,3,0,0.8172817,1.017825,0.2378621,24.14104,5.184784,24.03147,0.8776275,0.9721863,0.161311,0.3311336,-0.9362159,-0.4685577,SelectionStart
11.28436,24,2,3,0,0.8172817,1.017825,0.2378621,24.14104,5.184784,24.03147,0.8776275,0.9721863,0.161311,0.3311336,-0.9362159,-0.4685577,SelectionEnd
11.28799,24,2,3,0,0.8172817,1.017825,0.2378621,24.14104,5.184784,24.03147,0.8776275,0.9721863,0.161311,0.3311336,-0.9362159,-0.4685577,GotSelection
11.29858,24,2,3,0,0.8172411,1.01784,0.2378174,24.12509,5.176027,24.02037,0.8776216,0.9720483,0.1616915,0.3313587,-0.9356894,-0.4642425,SelectionStart
11.2986,24,2,3,0,0.8172411,1.01784,0.2378174,24.12509,5.176027,24.02037,0.8776216,0.9720483,0.1616915,0.3313587,-0.9356894,-0.4642425,SelectionEnd
11.30208,24,2,3,0,0.8172411,1.01784,0.2378174,24.12509,5.176027,24.02037,0.8776216,0.9720483,0.1616915,0.3313587,-0.9356894,-0.4642425,GotSelection
11.31303,24,2,3,0,0.8171623,1.018023,0.2376381,24.09365,5.184745,24.02877,0.8774608,0.9718048,0.1621315,0.329574,-0.9362529,-0.4570886,SelectionStart
11.31305,24,2,3,0,0.8171623,1.018023,0.2376381,24.09365,5.184745,24.02877,0.8774608,0.9718048,0.1621315,0.329574,-0.9362529,-0.4570886,SelectionEnd
11.31689,24,2,3,0,0.8171623,1.018023,0.2376381,24.09365,5.184745,24.02877,0.8774608,0.9718048,0.1621315,0.329574,-0.9362529,-0.4570886,GotSelection
11.32787,24,2,3,0,0.8171424,1.018018,0.2376214,24.07337,5.178687,24.02356,0.8773093,0.9716527,0.1626572,0.3283056,-0.9345644,-0.451877,SelectionStart
11.32788,24,2,3,0,0.8171424,1.018018,0.2376214,24.07337,5.178687,24.02356,0.8773093,0.9716527,0.1626572,0.3283056,-0.9345644,-0.451877,SelectionEnd
11.33129,24,2,3,0,0.8171424,1.018018,0.2376214,24.07337,5.178687,24.02356,0.8773093,0.9716527,0.1626572,0.3283056,-0.9345644,-0.451877,GotSelection
11.35045,24,2,3,0,0.8170978,1.018086,0.237644,24.06754,5.143374,24.01981,0.877516,0.9712906,0.1637019,0.3295266,-0.9348449,-0.4408522,SelectionStart
11.35048,24,2,3,0,0.8170978,1.018086,0.237644,24.06754,5.143374,24.01981,0.877516,0.9712906,0.1637019,0.3295266,-0.9348449,-0.4408522,SelectionEnd
11.35406,24,2,3,0,0.8170978,1.018086,0.237644,24.06754,5.143374,24.01981,0.877516,0.9712906,0.1637019,0.3295266,-0.9348449,-0.4408522,GotSelection
11.38867,24,2,3,0,0.8170559,1.018226,0.2373677,24.01739,5.122941,24.0074,0.8778177,0.9707875,0.1646968,0.3315028,-0.9359168,-0.4269479,SelectionStart
11.38869,24,2,3,0,0.8170559,1.018226,0.2373677,24.01739,5.122941,24.0074,0.8778177,0.9707875,0.1646968,0.3315028,-0.9359168,-0.4269479,SelectionEnd
11.39207,24,2,3,0,0.8170559,1.018226,0.2373677,24.01739,5.122941,24.0074,0.8778177,0.9707875,0.1646968,0.3315028,-0.9359168,-0.4269479,GotSelection
11.40269,24,2,3,0,0.8171237,1.01828,0.237176,23.98917,5.157661,24.01411,0.877753,0.9708294,0.1649515,0.3310059,-0.9335268,-0.4228408,SelectionStart
11.40271,24,2,3,0,0.8171237,1.01828,0.237176,23.98917,5.157661,24.01411,0.877753,0.9708294,0.1649515,0.3310059,-0.9335268,-0.4228408,SelectionEnd
11.40635,24,2,3,0,0.8171237,1.01828,0.237176,23.98917,5.157661,24.01411,0.877753,0.9708294,0.1649515,0.3310059,-0.9335268,-0.4228408,GotSelection
11.41904,24,2,3,0,0.8171578,1.018265,0.2370167,23.9883,5.195446,24.0056,0.8777645,0.9706495,0.1653916,0.331295,-0.9323143,-0.416214,SelectionStart
11.41906,24,2,3,0,0.8171578,1.018265,0.2370167,23.9883,5.195446,24.0056,0.8777645,0.9706495,0.1653916,0.331295,-0.9323143,-0.416214,SelectionEnd
11.42247,24,2,3,0,0.8171578,1.018265,0.2370167,23.9883,5.195446,24.0056,0.8777645,0.9706495,0.1653916,0.331295,-0.9323143,-0.416214,GotSelection
11.43589,24,2,3,0,0.8173807,1.018081,0.2370251,24.00307,5.185875,23.96292,0.8777959,0.9706596,0.1658614,0.3311346,-0.927874,-0.4128138,SelectionStart
11.4359,24,2,3,0,0.8173807,1.018081,0.2370251,24.00307,5.185875,23.96292,0.8777959,0.9706596,0.1658614,0.3311346,-0.927874,-0.4128138,SelectionEnd
11.43927,24,2,3,0,0.8173807,1.018081,0.2370251,24.00307,5.185875,23.96292,0.8777959,0.9706596,0.1658614,0.3311346,-0.927874,-0.4128138,GotSelection
11.45253,24,2,3,0,0.817477,1.01793,0.2370626,24.00473,5.144478,23.91628,0.8777623,0.9706881,0.1661446,0.3310246,-0.9245556,-0.4118176,SelectionStart
11.45255,24,2,3,0,0.817477,1.01793,0.2370626,24.00473,5.144478,23.91628,0.8777623,0.9706881,0.1661446,0.3310246,-0.9245556,-0.4118176,SelectionEnd
11.45603,24,2,3,0,0.817477,1.01793,0.2370626,24.00473,5.144478,23.91628,0.8777623,0.9706881,0.1661446,0.3310246,-0.9245556,-0.4118176,GotSelection
11.47037,24,2,3,0,0.8176979,1.017758,0.237009,23.97971,5.099044,23.8497,0.8775754,0.9706189,0.1666304,0.3285885,-0.9193497,-0.4083724,SelectionStart
11.47039,24,2,3,0,0.8176979,1.017758,0.237009,23.97971,5.099044,23.8497,0.8775754,0.9706189,0.1666304,0.3285885,-0.9193497,-0.4083724,SelectionEnd
11.47383,24,2,3,0,0.8176979,1.017758,0.237009,23.97971,5.099044,23.8497,0.8775754,0.9706189,0.1666304,0.3285885,-0.9193497,-0.4083724,GotSelection
11.48643,24,2,3,0,0.8179007,1.017664,0.2369418,23.9579,5.09464,23.8092,0.8776698,0.9704999,0.1671593,0.3286301,-0.9163034,-0.4031419,SelectionStart
11.48644,24,2,3,0,0.8179007,1.017664,0.2369418,23.9579,5.09464,23.8092,0.8776698,0.9704999,0.1671593,0.3286301,-0.9163034,-0.4031419,SelectionEnd
11.48976,24,2,3,0,0.8179007,1.017664,0.2369418,23.9579,5.09464,23.8092,0.8776698,0.9704999,0.1671593,0.3286301,-0.9163034,-0.4031419,GotSelection
11.50364,24,2,3,0,0.8180931,1.017616,0.2368626,23.94752,5.104668,23.79288,0.8776743,0.9703907,0.1676516,0.3275132,-0.9135979,-0.3977571,SelectionStart
11.50365,24,2,3,0,0.8180931,1.017616,0.2368626,23.94752,5.104668,23.79288,0.8776743,0.9703907,0.1676516,0.3275132,-0.9135979,-0.3977571,SelectionEnd
11.50704,24,2,3,0,0.8180931,1.017616,0.2368626,23.94752,5.104668,23.79288,0.8776743,0.9703907,0.1676516,0.3275132,-0.9135979,-0.3977571,GotSelection
11.52117,24,2,3,0,0.8182058,1.017703,0.2366925,23.94901,5.169838,23.81535,0.8777839,0.9703093,0.1681601,0.3278452,-0.9123669,-0.3900455,SelectionStart
11.52119,24,2,3,0,0.8182058,1.017703,0.2366925,23.94901,5.169838,23.81535,0.8777839,0.9703093,0.1681601,0.3278452,-0.9123669,-0.3900455,SelectionEnd
11.52454,24,2,3,0,0.8182058,1.017703,0.2366925,23.94901,5.169838,23.81535,0.8777839,0.9703093,0.1681601,0.3278452,-0.9123669,-0.3900455,GotSelection
11.5655,24,2,3,0,0.81862,1.017847,0.236342,23.97834,5.322426,23.86114,0.8785747,0.9703143,0.1694284,0.3332263,-0.9087032,-0.3721338,SelectionStart
11.56553,24,2,3,0,0.81862,1.017847,0.236342,23.97834,5.322426,23.86114,0.8785747,0.9703143,0.1694284,0.3332263,-0.9087032,-0.3721338,SelectionEnd
11.56884,24,2,3,0,0.81862,1.017847,0.236342,23.97834,5.322426,23.86114,0.8785747,0.9703143,0.1694284,0.3332263,-0.9087032,-0.3721338,GotSelection
11.58797,24,2,3,0,0.8188999,1.017509,0.2364538,23.99602,5.252841,23.78127,0.8786589,0.9703921,0.1695186,0.3333166,-0.9041495,-0.3747581,SelectionStart
11.588,24,2,3,0,0.8188999,1.017509,0.2364538,23.99602,5.252841,23.78127,0.8786589,0.9703921,0.1695186,0.3333166,-0.9041495,-0.3747581,SelectionEnd
11.59142,24,2,3,0,0.8188999,1.017509,0.2364538,23.99602,5.252841,23.78127,0.8786589,0.9703921,0.1695186,0.3333166,-0.9041495,-0.3747581,GotSelection
11.60435,24,2,3,0,0.8191034,1.017265,0.2365119,23.97868,5.16279,23.69276,0.8789493,0.9705956,0.1693714,0.3360134,-0.900891,-0.3796126,SelectionStart
11.60437,24,2,3,0,0.8191034,1.017265,0.2365119,23.97868,5.16279,23.69276,0.8789493,0.9705956,0.1693714,0.3360134,-0.900891,-0.3796126,SelectionEnd
11.60772,24,2,3,0,0.8191034,1.017265,0.2365119,23.97868,5.16279,23.69276,0.8789493,0.9705956,0.1693714,0.3360134,-0.900891,-0.3796126,GotSelection
11.62057,24,2,3,0,0.8192025,1.017136,0.236524,23.97364,5.127181,23.63611,0.879324,0.9709362,0.1690033,0.3405448,-0.8991162,-0.3853047,SelectionStart
11.62059,24,2,3,0,0.8192025,1.017136,0.236524,23.97364,5.127181,23.63611,0.879324,0.9709362,0.1690033,0.3405448,-0.8991162,-0.3853047,SelectionEnd
11.62402,24,2,3,0,0.8192025,1.017136,0.236524,23.97364,5.127181,23.63611,0.879324,0.9709362,0.1690033,0.3405448,-0.8991162,-0.3853047,GotSelection
11.63816,24,2,3,0,0.8192663,1.017063,0.2364914,23.97766,5.134207,23.61213,0.8795344,0.9713181,0.1685236,0.3437137,-0.8975189,-0.3910935,SelectionStart
11.63818,24,2,3,0,0.8192663,1.017063,0.2364914,23.97766,5.134207,23.61213,0.8795344,0.9713181,0.1685236,0.3437137,-0.8975189,-0.3910935,SelectionEnd
11.6416,24,2,3,0,0.8192663,1.017063,0.2364914,23.97766,5.134207,23.61213,0.8795344,0.9713181,0.1685236,0.3437137,-0.8975189,-0.3910935,GotSelection
11.65388,24,2,3,0,0.8192385,1.017148,0.2364731,23.999,5.165587,23.64354,0.8798809,0.9718752,0.1677106,0.3481984,-0.8985072,-0.399523,SelectionStart
11.6539,24,2,3,0,0.8192385,1.017148,0.2364731,23.999,5.165587,23.64354,0.8798809,0.9718752,0.1677106,0.3481984,-0.8985072,-0.399523,SelectionEnd
11.65729,24,2,3,0,0.8192385,1.017148,0.2364731,23.999,5.165587,23.64354,0.8798809,0.9718752,0.1677106,0.3481984,-0.8985072,-0.399523,GotSelection
11.67094,24,2,3,0,0.8192687,1.017193,0.2364553,24.01763,5.222422,23.70503,0.8802075,0.9724047,0.1670189,0.3519443,-0.8987849,-0.406697,SelectionStart
11.67096,24,2,3,0,0.8192687,1.017193,0.2364553,24.01763,5.222422,23.70503,0.8802075,0.9724047,0.1670189,0.3519443,-0.8987849,-0.406697,SelectionEnd
11.6743,24,2,3,0,0.8192687,1.017193,0.2364553,24.01763,5.222422,23.70503,0.8802075,0.9724047,0.1670189,0.3519443,-0.8987849,-0.406697,GotSelection
11.68763,24,2,3,0,0.8190665,1.017485,0.2364982,24.0294,5.266249,23.77854,0.8806393,0.9728337,0.1666027,0.3574322,-0.9024347,-0.4103675,SelectionStart
11.68764,24,2,3,0,0.8190665,1.017485,0.2364982,24.0294,5.266249,23.77854,0.8806393,0.9728337,0.1666027,0.3574322,-0.9024347,-0.4103675,SelectionEnd
11.69104,24,2,3,0,0.8190665,1.017485,0.2364982,24.0294,5.266249,23.77854,0.8806393,0.9728337,0.1666027,0.3574322,-0.9024347,-0.4103675,GotSelection
11.70513,24,2,3,0,0.8190273,1.01743,0.2366977,24.03874,5.233233,23.7943,0.8811727,0.9734638,0.1662672,0.3642945,-0.9011255,-0.4179432,SelectionStart
11.70515,24,2,3,0,0.8190273,1.01743,0.2366977,24.03874,5.233233,23.7943,0.8811727,0.9734638,0.1662672,0.3642945,-0.9011255,-0.4179432,SelectionEnd
11.7086,24,2,3,0,0.8190273,1.01743,0.2366977,24.03874,5.233233,23.7943,0.8811727,0.9734638,0.1662672,0.3642945,-0.9011255,-0.4179432,GotSelection
11.74762,24,2,3,0,0.8191941,1.0169,0.2370131,23.99569,5.079453,23.62857,0.8832293,0.975306,0.165939,0.3913016,-0.8892446,-0.4344156,SelectionStart
11.74764,24,2,3,0,0.8191941,1.0169,0.2370131,23.99569,5.079453,23.62857,0.8832293,0.975306,0.165939,0.3913016,-0.8892446,-0.4344156,SelectionEnd
11.75097,24,2,3,0,0.8191941,1.0169,0.2370131,23.99569,5.079453,23.62857,0.8832293,0.975306,0.165939,0.3913016,-0.8892446,-0.4344156,GotSelection
11.7724,24,2,3,0,0.8191333,1.016814,0.237088,24.01771,5.04211,23.5852,0.8845957,0.9761503,0.1665605,0.4088611,-0.8842089,-0.4322109,SelectionStart
11.77243,24,2,3,0,0.8191333,1.016814,0.237088,24.01771,5.04211,23.5852,0.8845957,0.9761503,0.1665605,0.4088611,-0.8842089,-0.4322109,SelectionEnd
11.77629,24,2,3,0,0.8191333,1.016814,0.237088,24.01771,5.04211,23.5852,0.8845957,0.9761503,0.1665605,0.4088611,-0.8842089,-0.4322109,GotSelection
11.78856,24,2,3,0,0.8189369,1.017025,0.2370394,24.04255,5.093068,23.63233,0.8858747,0.9771898,0.1669474,0.4261089,-0.8813412,-0.4295203,SelectionStart
11.78859,24,2,3,0,0.8189369,1.017025,0.2370394,24.04255,5.093068,23.63233,0.8858747,0.9771898,0.1669474,0.4261089,-0.8813412,-0.4295203,SelectionEnd
11.79202,24,2,3,0,0.8189369,1.017025,0.2370394,24.04255,5.093068,23.63233,0.8858747,0.9771898,0.1669474,0.4261089,-0.8813412,-0.4295203,GotSelection
11.80405,24,2,3,0,0.8188529,1.017118,0.2370797,24.04674,5.149817,23.70261,0.8870605,0.9781136,0.1674019,0.4411823,-0.8778229,-0.4273465,SelectionStart
11.80406,24,2,3,0,0.8188529,1.017118,0.2370797,24.04674,5.149817,23.70261,0.8870605,0.9781136,0.1674019,0.4411823,-0.8778229,-0.4273465,SelectionEnd
11.80763,24,2,3,0,0.8188529,1.017118,0.2370797,24.04674,5.149817,23.70261,0.8870605,0.9781136,0.1674019,0.4411823,-0.8778229,-0.4273465,GotSelection
11.82088,24,2,3,0,0.8186716,1.017329,0.2370003,24.01278,5.180829,23.76523,0.8885891,0.9792999,0.1678798,0.4609936,-0.8738353,-0.4247846,SelectionStart
11.8209,24,2,3,0,0.8186716,1.017329,0.2370003,24.01278,5.180829,23.76523,0.8885891,0.9792999,0.1678798,0.4609936,-0.8738353,-0.4247846,SelectionEnd
11.82428,24,2,3,0,0.8186716,1.017329,0.2370003,24.01278,5.180829,23.76523,0.8885891,0.9792999,0.1678798,0.4609936,-0.8738353,-0.4247846,GotSelection
11.83761,24,2,3,0,0.8187425,1.017291,0.2369929,23.98653,5.149395,23.74249,0.8905729,0.9807351,0.168365,0.4850413,-0.8660532,-0.4253891,SelectionStart
11.83763,24,2,3,0,0.8187425,1.017291,0.2369929,23.98653,5.149395,23.74249,0.8905729,0.9807351,0.168365,0.4850413,-0.8660532,-0.4253891,SelectionEnd
11.84086,24,2,3,0,0.8187425,1.017291,0.2369929,23.98653,5.149395,23.74249,0.8905729,0.9807351,0.168365,0.4850413,-0.8660532,-0.4253891,GotSelection
11.85166,24,2,3,0,0.8188184,1.017158,0.2371014,23.97908,5.085225,23.68179,0.8914198,0.9813184,0.1687057,0.495351,-0.8613453,-0.4264542,SelectionStart
11.85168,24,2,3,0,0.8188184,1.017158,0.2371014,23.97908,5.085225,23.68179,0.8914198,0.9813184,0.1687057,0.495351,-0.8613453,-0.4264542,SelectionEnd
11.85494,24,2,3,0,0.8188184,1.017158,0.2371014,23.97908,5.085225,23.68179,0.8914198,0.9813184,0.1687057,0.495351,-0.8613453,-0.4264542,GotSelection
11.86509,24,2,3,0,0.8189092,1.017032,0.2371246,23.97338,5.035072,23.62325,0.8923095,0.9819148,0.1689398,0.5060597,-0.8567796,-0.4275367,SelectionStart
11.86511,24,2,3,0,0.8189092,1.017032,0.2371246,23.97338,5.035072,23.62325,0.8923095,0.9819148,0.1689398,0.5060597,-0.8567796,-0.4275367,SelectionEnd
11.86841,24,2,3,0,0.8189092,1.017032,0.2371246,23.97338,5.035072,23.62325,0.8923095,0.9819148,0.1689398,0.5060597,-0.8567796,-0.4275367,GotSelection
11.88052,24,2,3,0,0.819087,1.016927,0.236927,23.95268,5.001774,23.56632,0.8933567,0.9827837,0.1692512,0.5188395,-0.8489841,-0.4267741,SelectionStart
11.88054,24,2,3,0,0.819087,1.016927,0.236927,23.95268,5.001774,23.56632,0.8933567,0.9827837,0.1692512,0.5188395,-0.8489841,-0.4267741,SelectionEnd
11.88379,24,2,3,0,0.819087,1.016927,0.236927,23.95268,5.001774,23.56632,0.8933567,0.9827837,0.1692512,0.5188395,-0.8489841,-0.4267741,GotSelection
11.92504,24,2,3,0,0.8191797,1.016971,0.2368599,23.92384,4.989357,23.55095,0.8962703,0.9846071,0.169573,0.5526444,-0.8423609,-0.4286844,SelectionStart
11.92506,24,2,3,0,0.8191797,1.016971,0.2368599,23.92384,4.989357,23.55095,0.8962703,0.9846071,0.169573,0.5526444,-0.8423609,-0.4286844,SelectionEnd
11.92847,24,2,3,0,0.8191797,1.016971,0.2368599,23.92384,4.989357,23.55095,0.8962703,0.9846071,0.169573,0.5526444,-0.8423609,-0.4286844,GotSelection
11.94071,24,2,3,0,0.8192371,1.016934,0.2369303,23.93337,5.008831,23.56934,0.8970155,0.9851829,0.1697704,0.5614795,-0.8393868,-0.4291273,SelectionStart
11.94074,24,2,3,0,0.8192371,1.016934,0.2369303,23.93337,5.008831,23.56934,0.8970155,0.9851829,0.1697704,0.5614795,-0.8393868,-0.4291273,SelectionEnd
11.94432,24,2,3,0,0.8192371,1.016934,0.2369303,23.93337,5.008831,23.56934,0.8970155,0.9851829,0.1697704,0.5614795,-0.8393868,-0.4291273,GotSelection
11.95489,24,2,3,0,0.8194619,1.016934,0.236809,23.94365,5.046809,23.55046,0.8976598,0.9857385,0.1698307,0.5683764,-0.8352901,-0.4287815,SelectionStart
11.95491,24,2,3,0,0.8194619,1.016934,0.236809,23.94365,5.046809,23.55046,0.8976598,0.9857385,0.1698307,0.5683764,-0.8352901,-0.4287815,SelectionEnd
11.95824,24,2,3,0,0.8194619,1.016934,0.236809,23.94365,5.046809,23.55046,0.8976598,0.9857385,0.1698307,0.5683764,-0.8352901,-0.4287815,GotSelection
11.96894,24,2,3,0,0.8195901,1.016723,0.2367503,23.95043,5.049325,23.50476,0.898072,0.9861131,0.1698048,0.5739442,-0.8307965,-0.4305704,SelectionStart
11.96896,24,2,3,0,0.8195901,1.016723,0.2367503,23.95043,5.049325,23.50476,0.898072,0.9861131,0.1698048,0.5739442,-0.8307965,-0.4305704,SelectionEnd
11.97237,24,2,3,0,0.8195901,1.016723,0.2367503,23.95043,5.049325,23.50476,0.898072,0.9861131,0.1698048,0.5739442,-0.8307965,-0.4305704,GotSelection
11.98345,24,2,3,0,0.8198266,1.016497,0.2367488,23.96171,5.03773,23.45175,0.8988249,0.9867129,0.1697722,0.582467,-0.8253374,-0.4339133,SelectionStart
11.98348,24,2,3,0,0.8198266,1.016497,0.2367488,23.96171,5.03773,23.45175,0.8988249,0.9867129,0.1697722,0.582467,-0.8253374,-0.4339133,SelectionEnd
11.98678,24,2,3,0,0.8198266,1.016497,0.2367488,23.96171,5.03773,23.45175,0.8988249,0.9867129,0.1697722,0.582467,-0.8253374,-0.4339133,GotSelection
11.99701,24,2,3,0,0.8201727,1.016188,0.2367716,23.98953,5.009199,23.39777,0.8992243,0.9870719,0.1698839,0.5858638,-0.8191337,-0.4359527,SelectionStart
11.99703,24,2,3,0,0.8201727,1.016188,0.2367716,23.98953,5.009199,23.39777,0.8992243,0.9870719,0.1698839,0.5858638,-0.8191337,-0.4359527,SelectionEnd
12.00036,24,2,3,0,0.8201727,1.016188,0.2367716,23.98953,5.009199,23.39777,0.8992243,0.9870719,0.1698839,0.5858638,-0.8191337,-0.4359527,GotSelection
12.01288,24,2,3,0,0.8203386,1.016018,0.236924,24.00187,4.975526,23.35393,0.899694,0.9876404,0.1699648,0.591587,-0.8139253,-0.4397849,SelectionStart
12.0129,24,2,3,0,0.8203386,1.016018,0.236924,24.00187,4.975526,23.35393,0.899694,0.9876404,0.1699648,0.591587,-0.8139253,-0.4397849,SelectionEnd
12.01621,24,2,3,0,0.8203386,1.016018,0.236924,24.00187,4.975526,23.35393,0.899694,0.9876404,0.1699648,0.591587,-0.8139253,-0.4397849,GotSelection
12.02749,24,2,3,0,0.8204858,1.015868,0.2369751,24.00034,4.961572,23.33002,0.90003,0.988178,0.1700116,0.596085,-0.808517,-0.4427335,SelectionStart
12.02752,24,2,3,0,0.8204858,1.015868,0.2369751,24.00034,4.961572,23.33002,0.90003,0.988178,0.1700116,0.596085,-0.808517,-0.4427335,SelectionEnd
12.03088,24,2,3,0,0.8204858,1.015868,0.2369751,24.00034,4.961572,23.33002,0.90003,0.988178,0.1700116,0.596085,-0.808517,-0.4427335,GotSelection
12.04223,24,2,3,0,0.8206161,1.01582,0.2369086,24.00113,4.990493,23.32973,0.9004427,0.9886992,0.1701318,0.601371,-0.8038741,-0.4427265,SelectionStart
12.04225,24,2,3,0,0.8206161,1.01582,0.2369086,24.00113,4.990493,23.32973,0.9004427,0.9886992,0.1701318,0.601371,-0.8038741,-0.4427265,SelectionEnd
12.04557,24,2,3,0,0.8206161,1.01582,0.2369086,24.00113,4.990493,23.32973,0.9004427,0.9886992,0.1701318,0.601371,-0.8038741,-0.4427265,GotSelection
12.08701,24,2,3,0,0.820899,1.015545,0.2368655,24.0567,5.070449,23.30709,0.9012387,0.9898088,0.1700069,0.6123906,-0.7942997,-0.4472242,SelectionStart
12.08704,24,2,3,0,0.820899,1.015545,0.2368655,24.0567,5.070449,23.30709,0.9012387,0.9898088,0.1700069,0.6123906,-0.7942997,-0.4472242,SelectionEnd
12.09092,24,2,3,0,0.820899,1.015545,0.2368655,24.0567,5.070449,23.30709,0.9012387,0.9898088,0.1700069,0.6123906,-0.7942997,-0.4472242,GotSelection
12.10525,24,2,3,0,0.8216361,1.014891,0.236905,24.08525,5.045374,23.15442,0.9025795,0.9917498,0.1699887,0.6292994,-0.773131,-0.4581786,SelectionStart
12.1053,24,2,3,0,0.8216361,1.014891,0.236905,24.08525,5.045374,23.15442,0.9025795,0.9917498,0.1699887,0.6292994,-0.773131,-0.4581786,SelectionEnd
12.10964,24,2,3,0,0.8216361,1.014891,0.236905,24.08525,5.045374,23.15442,0.9025795,0.9917498,0.1699887,0.6292994,-0.773131,-0.4581786,GotSelection
12.12155,24,2,3,0,0.8218908,1.014576,0.2369741,24.08294,4.990354,23.07064,0.9032907,0.9929319,0.1701378,0.6396258,-0.7607868,-0.464091,SelectionStart
12.12157,24,2,3,0,0.8218908,1.014576,0.2369741,24.08294,4.990354,23.07064,0.9032907,0.9929319,0.1701378,0.6396258,-0.7607868,-0.464091,SelectionEnd
12.12503,24,2,3,0,0.8218908,1.014576,0.2369741,24.08294,4.990354,23.07064,0.9032907,0.9929319,0.1701378,0.6396258,-0.7607868,-0.464091,GotSelection
12.1356,24,2,3,0,0.8220808,1.014372,0.2369912,24.07872,4.946536,23.01289,0.9037529,0.9938036,0.1702038,0.6464096,-0.7517524,-0.4685464,SelectionStart
12.13562,24,2,3,0,0.8220808,1.014372,0.2369912,24.07872,4.946536,23.01289,0.9037529,0.9938036,0.1702038,0.6464096,-0.7517524,-0.4685464,SelectionEnd
12.13897,24,2,3,0,0.8220808,1.014372,0.2369912,24.07872,4.946536,23.01289,0.9037529,0.9938036,0.1702038,0.6464096,-0.7517524,-0.4685464,GotSelection
12.15022,24,2,3,0,0.8222076,1.01421,0.2370548,24.08425,4.89564,22.95888,0.9039688,0.9945251,0.170256,0.6505278,-0.7440584,-0.472941,SelectionStart
12.15024,24,2,3,0,0.8222076,1.01421,0.2370548,24.08425,4.89564,22.95888,0.9039688,0.9945251,0.170256,0.6505278,-0.7440584,-0.472941,SelectionEnd
12.15359,24,2,3,0,0.8222076,1.01421,0.2370548,24.08425,4.89564,22.95888,0.9039688,0.9945251,0.170256,0.6505278,-0.7440584,-0.472941,GotSelection
12.16409,24,2,3,0,0.8224284,1.014005,0.237046,24.07184,4.848108,22.8875,0.9042429,0.9956589,0.1701078,0.656154,-0.7325202,-0.4805304,SelectionStart
12.16411,24,2,3,0,0.8224284,1.014005,0.237046,24.07184,4.848108,22.8875,0.9042429,0.9956589,0.1701078,0.656154,-0.7325202,-0.4805304,SelectionEnd
12.16768,24,2,3,0,0.8224284,1.014005,0.237046,24.07184,4.848108,22.8875,0.9042429,0.9956589,0.1701078,0.656154,-0.7325202,-0.4805304,GotSelection
12.18024,24,2,3,0,0.8226154,1.013766,0.2370752,24.0594,4.798548,22.7877,0.904767,0.9966654,0.1701465,0.6645665,-0.7218497,-0.4861514,SelectionStart
12.18026,24,2,3,0,0.8226154,1.013766,0.2370752,24.0594,4.798548,22.7877,0.904767,0.9966654,0.1701465,0.6645665,-0.7218497,-0.4861514,SelectionEnd
12.18381,24,2,3,0,0.8226154,1.013766,0.2370752,24.0594,4.798548,22.7877,0.904767,0.9966654,0.1701465,0.6645665,-0.7218497,-0.4861514,GotSelection
12.19658,24,2,3,0,0.8229147,1.013504,0.237034,24.01981,4.715459,22.67454,0.9053223,0.9977154,0.1703163,0.6724225,-0.7091339,-0.4909085,SelectionStart
12.1966,24,2,3,0,0.8229147,1.013504,0.237034,24.01981,4.715459,22.67454,0.9053223,0.9977154,0.1703163,0.6724225,-0.7091339,-0.4909085,SelectionEnd
12.20007,24,2,3,0,0.8229147,1.013504,0.237034,24.01981,4.715459,22.67454,0.9053223,0.9977154,0.1703163,0.6724225,-0.7091339,-0.4909085,GotSelection
12.21012,24,2,3,0,0.8230938,1.013234,0.2371749,24.00192,4.598965,22.57227,0.9058875,0.998719,0.1706272,0.6806906,-0.6977237,-0.4961076,SelectionStart
12.21014,24,2,3,0,0.8230938,1.013234,0.2371749,24.00192,4.598965,22.57227,0.9058875,0.998719,0.1706272,0.6806906,-0.6977237,-0.4961076,SelectionEnd
12.21339,24,2,3,0,0.8230938,1.013234,0.2371749,24.00192,4.598965,22.57227,0.9058875,0.998719,0.1706272,0.6806906,-0.6977237,-0.4961076,GotSelection
12.22305,24,2,3,0,0.8232008,1.013112,0.2373215,23.99497,4.513924,22.51294,0.9062494,0.9994914,0.1707707,0.6860046,-0.6903499,-0.5009189,SelectionStart
12.22306,24,2,3,0,0.8232008,1.013112,0.2373215,23.99497,4.513924,22.51294,0.9062494,0.9994914,0.1707707,0.6860046,-0.6903499,-0.5009189,SelectionEnd
12.22654,24,2,3,0,0.8232008,1.013112,0.2373215,23.99497,4.513924,22.51294,0.9062494,0.9994914,0.1707707,0.6860046,-0.6903499,-0.5009189,GotSelection
12.26703,24,2,3,0,0.8235233,1.012867,0.2370504,23.92851,4.430661,22.3738,0.9075854,1.002528,0.1711795,0.7087573,-0.6608195,-0.509076,SelectionStart
12.26705,24,2,3,0,0.8235233,1.012867,0.2370504,23.92851,4.430661,22.3738,0.9075854,1.002528,0.1711795,0.7087573,-0.6608195,-0.509076,SelectionEnd
12.27047,24,2,3,0,0.8235233,1.012867,0.2370504,23.92851,4.430661,22.3738,0.9075854,1.002528,0.1711795,0.7087573,-0.6608195,-0.509076,GotSelection
12.27999,24,2,3,0,0.8235867,1.012856,0.2369995,23.89937,4.426341,22.34507,0.9081018,1.003599,0.1713632,0.7174845,-0.6515538,-0.5112768,SelectionStart
12.28001,24,2,3,0,0.8235867,1.012856,0.2369995,23.89937,4.426341,22.34507,0.9081018,1.003599,0.1713632,0.7174845,-0.6515538,-0.5112768,SelectionEnd
12.2833,24,2,3,0,0.8235867,1.012856,0.2369995,23.89937,4.426341,22.34507,0.9081018,1.003599,0.1713632,0.7174845,-0.6515538,-0.5112768,GotSelection
12.29614,24,2,3,0,0.8235821,1.012974,0.2369298,23.88006,4.425159,22.3539,0.908532,1.004764,0.1714676,0.7254385,-0.6433138,-0.5137956,SelectionStart
12.29616,24,2,3,0,0.8235821,1.012974,0.2369298,23.88006,4.425159,22.3539,0.908532,1.004764,0.1714676,0.7254385,-0.6433138,-0.5137956,SelectionEnd
12.29977,24,2,3,0,0.8235821,1.012974,0.2369298,23.88006,4.425159,22.3539,0.908532,1.004764,0.1714676,0.7254385,-0.6433138,-0.5137956,GotSelection
12.30941,24,2,3,0,0.8235446,1.012905,0.2369784,23.87157,4.410471,22.34653,0.9089314,1.005308,0.1715015,0.7316995,-0.6395059,-0.516415,SelectionStart
12.30943,24,2,3,0,0.8235446,1.012905,0.2369784,23.87157,4.410471,22.34653,0.9089314,1.005308,0.1715015,0.7316995,-0.6395059,-0.516415,SelectionEnd
12.31265,24,2,3,0,0.8235446,1.012905,0.2369784,23.87157,4.410471,22.34653,0.9089314,1.005308,0.1715015,0.7316995,-0.6395059,-0.516415,GotSelection
12.32314,24,2,3,0,0.823707,1.012735,0.2369525,23.86215,4.391715,22.30991,0.9093574,1.006133,0.17154,0.7379974,-0.6310994,-0.5200545,SelectionStart
12.32315,24,2,3,0,0.823707,1.012735,0.2369525,23.86215,4.391715,22.30991,0.9093574,1.006133,0.17154,0.7379974,-0.6310994,-0.5200545,SelectionEnd
12.32642,24,2,3,0,0.823707,1.012735,0.2369525,23.86215,4.391715,22.30991,0.9093574,1.006133,0.17154,0.7379974,-0.6310994,-0.5200545,GotSelection
12.33825,24,2,3,0,0.8238347,1.012674,0.2369255,23.85392,4.382541,22.27656,0.9098711,1.00696,0.1716119,0.7451849,-0.6239198,-0.5227028,SelectionStart
12.33828,24,2,3,0,0.8238347,1.012674,0.2369255,23.85392,4.382541,22.27656,0.9098711,1.00696,0.1716119,0.7451849,-0.6239198,-0.5227028,SelectionEnd
12.34165,24,2,3,0,0.8238347,1.012674,0.2369255,23.85392,4.382541,22.27656,0.9098711,1.00696,0.1716119,0.7451849,-0.6239198,-0.5227028,GotSelection
12.35159,24,2,3,0,0.8239364,1.012625,0.2368451,23.83587,4.393412,22.25012,0.9102334,1.007545,0.1717656,0.7505889,-0.6178887,-0.5228862,SelectionStart
12.3516,24,2,3,0,0.8239364,1.012625,0.2368451,23.83587,4.393412,22.25012,0.9102334,1.007545,0.1717656,0.7505889,-0.6178887,-0.5228862,SelectionEnd
12.35495,24,2,3,0,0.8239364,1.012625,0.2368451,23.83587,4.393412,22.25012,0.9102334,1.007545,0.1717656,0.7505889,-0.6178887,-0.5228862,GotSelection
12.36503,24,2,3,0,0.8240579,1.012662,0.2366618,23.81004,4.407956,22.23305,0.9107248,1.00817,0.1719899,0.7569816,-0.6119757,-0.521166,SelectionStart
12.36505,24,2,3,0,0.8240579,1.012662,0.2366618,23.81004,4.407956,22.23305,0.9107248,1.00817,0.1719899,0.7569816,-0.6119757,-0.521166,SelectionEnd
12.36843,24,2,3,0,0.8240579,1.012662,0.2366618,23.81004,4.407956,22.23305,0.9107248,1.00817,0.1719899,0.7569816,-0.6119757,-0.521166,GotSelection
12.37966,24,2,3,0,0.8242998,1.012554,0.2365356,23.75456,4.395877,22.19215,0.9110057,1.00861,0.1722315,0.7600704,-0.6048915,-0.5204149,SelectionStart
12.37968,24,2,3,0,0.8242998,1.012554,0.2365356,23.75456,4.395877,22.19215,0.9110057,1.00861,0.1722315,0.7600704,-0.6048915,-0.5204149,SelectionEnd
12.38296,24,2,3,0,0.8242998,1.012554,0.2365356,23.75456,4.395877,22.19215,0.9110057,1.00861,0.1722315,0.7600704,-0.6048915,-0.5204149,GotSelection
12.43847,24,2,3,0,0.8259085,1.011395,0.2359994,23.65958,4.258314,21.75444,0.912226,1.010539,0.173363,0.7716728,-0.563641,-0.5202817,SelectionStart
12.43849,24,2,3,0,0.8259085,1.011395,0.2359994,23.65958,4.258314,21.75444,0.912226,1.010539,0.173363,0.7716728,-0.563641,-0.5202817,SelectionEnd
12.44206,24,2,3,0,0.8259085,1.011395,0.2359994,23.65958,4.258314,21.75444,0.912226,1.010539,0.173363,0.7716728,-0.563641,-0.5202817,GotSelection
12.45284,24,2,3,0,0.8263104,1.011117,0.2358014,23.62129,4.236331,21.64486,0.91259,1.011179,0.1735314,0.7757208,-0.5522861,-0.5211338,SelectionStart
12.45286,24,2,3,0,0.8263104,1.011117,0.2358014,23.62129,4.236331,21.64486,0.91259,1.011179,0.1735314,0.7757208,-0.5522861,-0.5211338,SelectionEnd
12.45627,24,2,3,0,0.8263104,1.011117,0.2358014,23.62129,4.236331,21.64486,0.91259,1.011179,0.1735314,0.7757208,-0.5522861,-0.5211338,GotSelection
12.46739,24,2,3,0,0.8267375,1.010748,0.235664,23.57873,4.189167,21.51906,0.9128453,1.011886,0.1736985,0.7788177,-0.5391388,-0.5236699,SelectionStart
12.46741,24,2,3,0,0.8267375,1.010748,0.235664,23.57873,4.189167,21.51906,0.9128453,1.011886,0.1736985,0.7788177,-0.5391388,-0.5236699,SelectionEnd
12.4709,24,2,3,0,0.8267375,1.010748,0.235664,23.57873,4.189167,21.51906,0.9128453,1.011886,0.1736985,0.7788177,-0.5391388,-0.5236699,GotSelection
12.48278,24,2,3,0,0.8270881,1.01042,0.2356296,23.55129,4.127562,21.41062,0.9132086,1.012412,0.1738865,0.7824304,-0.5292854,-0.5260801,SelectionStart
12.48281,24,2,3,0,0.8270881,1.01042,0.2356296,23.55129,4.127562,21.41062,0.9132086,1.012412,0.1738865,0.7824304,-0.5292854,-0.5260801,SelectionEnd
12.48683,24,2,3,0,0.8270881,1.01042,0.2356296,23.55129,4.127562,21.41062,0.9132086,1.012412,0.1738865,0.7824304,-0.5292854,-0.5260801,GotSelection
12.49885,24,2,3,0,0.8276465,1.009918,0.2354362,23.48233,4.04314,21.23882,0.9135969,1.013361,0.1742301,0.7869869,-0.5111403,-0.5285729,SelectionStart
12.49887,24,2,3,0,0.8276465,1.009918,0.2354362,23.48233,4.04314,21.23882,0.9135969,1.013361,0.1742301,0.7869869,-0.5111403,-0.5285729,SelectionEnd
12.50234,24,2,3,0,0.8276465,1.009918,0.2354362,23.48233,4.04314,21.23882,0.9135969,1.013361,0.1742301,0.7869869,-0.5111403,-0.5285729,GotSelection
12.51241,24,2,3,0,0.8279548,1.00967,0.2353026,23.43882,4.005791,21.1422,0.9138402,1.013987,0.1744343,0.7901584,-0.5003264,-0.5296972,SelectionStart
12.51243,24,2,3,0,0.8279548,1.00967,0.2353026,23.43882,4.005791,21.1422,0.9138402,1.013987,0.1744343,0.7901584,-0.5003264,-0.5296972,SelectionEnd
12.51573,24,2,3,0,0.8279548,1.00967,0.2353026,23.43882,4.005791,21.1422,0.9138402,1.013987,0.1744343,0.7901584,-0.5003264,-0.5296972,GotSelection
12.52552,24,2,3,0,0.8283364,1.009398,0.2350861,23.36884,3.960197,21.03753,0.9142357,1.014887,0.1746158,0.795176,-0.4865831,-0.5316084,SelectionStart
12.52554,24,2,3,0,0.8283364,1.009398,0.2350861,23.36884,3.960197,21.03753,0.9142357,1.014887,0.1746158,0.795176,-0.4865831,-0.5316084,SelectionEnd
12.52883,24,2,3,0,0.8283364,1.009398,0.2350861,23.36884,3.960197,21.03753,0.9142357,1.014887,0.1746158,0.795176,-0.4865831,-0.5316084,GotSelection
12.53942,24,2,3,0,0.8286537,1.009206,0.23497,23.32347,3.939257,20.95324,0.9145043,1.015499,0.1747589,0.7982309,-0.476841,-0.5329009,SelectionStart
12.53944,24,2,3,0,0.8286537,1.009206,0.23497,23.32347,3.939257,20.95324,0.9145043,1.015499,0.1747589,0.7982309,-0.476841,-0.5329009,SelectionEnd
12.54271,24,2,3,0,0.8286537,1.009206,0.23497,23.32347,3.939257,20.95324,0.9145043,1.015499,0.1747589,0.7982309,-0.476841,-0.5329009,GotSelection
12.5547,24,2,3,0,0.828998,1.008892,0.2347573,23.26775,3.918105,20.83112,0.9147542,1.016619,0.1750299,0.8034428,-0.4598793,-0.5346887,SelectionStart
12.55471,24,2,3,0,0.828998,1.008892,0.2347573,23.26775,3.918105,20.83112,0.9147542,1.016619,0.1750299,0.8034428,-0.4598793,-0.5346887,SelectionEnd
12.55798,24,2,3,0,0.828998,1.008892,0.2347573,23.26775,3.918105,20.83112,0.9147542,1.016619,0.1750299,0.8034428,-0.4598793,-0.5346887,GotSelection
12.59901,24,2,3,0,0.8300396,1.007965,0.2344331,23.18536,3.805356,20.51711,0.9152781,1.019294,0.1761896,0.8129565,-0.4157671,-0.5374491,SelectionStart
12.59904,24,2,3,0,0.8300396,1.007965,0.2344331,23.18536,3.805356,20.51711,0.9152781,1.019294,0.1761896,0.8129565,-0.4157671,-0.5374491,SelectionEnd
12.60238,24,2,3,0,0.8300396,1.007965,0.2344331,23.18536,3.805356,20.51711,0.9152781,1.019294,0.1761896,0.8129565,-0.4157671,-0.5374491,GotSelection
12.61268,24,2,3,0,0.8302622,1.007871,0.2342758,23.14005,3.797392,20.47125,0.915827,1.02061,0.176388,0.8213924,-0.4020062,-0.5397694,SelectionStart
12.6127,24,2,3,0,0.8302622,1.007871,0.2342758,23.14005,3.797392,20.47125,0.915827,1.02061,0.176388,0.8213924,-0.4020062,-0.5397694,SelectionEnd
12.61596,24,2,3,0,0.8302622,1.007871,0.2342758,23.14005,3.797392,20.47125,0.915827,1.02061,0.176388,0.8213924,-0.4020062,-0.5397694,GotSelection
12.626,24,2,3,0,0.8303891,1.007799,0.2340988,23.08424,3.809706,20.43711,0.9165941,1.021623,0.1768601,0.8321654,-0.3909817,-0.5375408,SelectionStart
12.62602,24,2,3,0,0.8303891,1.007799,0.2340988,23.08424,3.809706,20.43711,0.9165941,1.021623,0.1768601,0.8321654,-0.3909817,-0.5375408,SelectionEnd
12.62945,24,2,3,0,0.8303891,1.007799,0.2340988,23.08424,3.809706,20.43711,0.9165941,1.021623,0.1768601,0.8321654,-0.3909817,-0.5375408,GotSelection
12.64057,24,2,3,0,0.8306648,1.007642,0.2338061,23.00571,3.823437,20.37225,0.917087,1.023057,0.177423,0.8409427,-0.3726333,-0.5356298,SelectionStart
12.6406,24,2,3,0,0.8306648,1.007642,0.2338061,23.00571,3.823437,20.37225,0.917087,1.023057,0.177423,0.8409427,-0.3726333,-0.5356298,SelectionEnd
12.64391,24,2,3,0,0.8306648,1.007642,0.2338061,23.00571,3.823437,20.37225,0.917087,1.023057,0.177423,0.8409427,-0.3726333,-0.5356298,GotSelection
12.65543,24,2,3,0,0.8310313,1.007412,0.2334444,22.92195,3.834809,20.28443,0.9174988,1.024428,0.1778528,0.8481393,-0.3534792,-0.5344596,SelectionStart
12.65546,24,2,3,0,0.8310313,1.007412,0.2334444,22.92195,3.834809,20.28443,0.9174988,1.024428,0.1778528,0.8481393,-0.3534792,-0.5344596,SelectionEnd
12.65903,24,2,3,0,0.8310313,1.007412,0.2334444,22.92195,3.834809,20.28443,0.9174988,1.024428,0.1778528,0.8481393,-0.3534792,-0.5344596,GotSelection
12.67062,24,2,3,0,0.8315315,1.00692,0.2332334,22.86158,3.800463,20.1235,0.917891,1.025959,0.1783576,0.8549851,-0.3296271,-0.536378,SelectionStart
12.67065,24,2,3,0,0.8315315,1.00692,0.2332334,22.86158,3.800463,20.1235,0.917891,1.025959,0.1783576,0.8549851,-0.3296271,-0.536378,SelectionEnd
12.67402,24,2,3,0,0.8315315,1.00692,0.2332334,22.86158,3.800463,20.1235,0.917891,1.025959,0.1783576,0.8549851,-0.3296271,-0.536378,GotSelection
12.68412,24,2,3,0,0.8317945,1.006553,0.2331039,22.81023,3.752871,19.99426,0.9178972,1.026843,0.1786703,0.8572611,-0.3137565,-0.5380488,SelectionStart
12.68414,24,2,3,0,0.8317945,1.006553,0.2331039,22.81023,3.752871,19.99426,0.9178972,1.026843,0.1786703,0.8572611,-0.3137565,-0.5380488,SelectionEnd
12.68766,24,2,3,0,0.8317945,1.006553,0.2331039,22.81023,3.752871,19.99426,0.9178972,1.026843,0.1786703,0.8572611,-0.3137565,-0.5380488,GotSelection
12.69788,24,2,3,0,0.8321851,1.006259,0.2328558,22.71881,3.732958,19.85391,0.9183517,1.028261,0.1792215,0.8647702,-0.2928228,-0.5375439,SelectionStart
12.69791,24,2,3,0,0.8321851,1.006259,0.2328558,22.71881,3.732958,19.85391,0.9183517,1.028261,0.1792215,0.8647702,-0.2928228,-0.5375439,SelectionEnd
12.70114,24,2,3,0,0.8321851,1.006259,0.2328558,22.71881,3.732958,19.85391,0.9183517,1.028261,0.1792215,0.8647702,-0.2928228,-0.5375439,GotSelection
12.71268,24,2,3,0,0.8323529,1.005857,0.2325887,22.59783,3.728602,19.72738,0.9187834,1.029769,0.1796283,0.8748443,-0.2711388,-0.5385567,SelectionStart
12.7127,24,2,3,0,0.8323529,1.005857,0.2325887,22.59783,3.728602,19.72738,0.9187834,1.029769,0.1796283,0.8748443,-0.2711388,-0.5385567,SelectionEnd
12.71605,24,2,3,0,0.8323529,1.005857,0.2325887,22.59783,3.728602,19.72738,0.9187834,1.029769,0.1796283,0.8748443,-0.2711388,-0.5385567,GotSelection
12.75755,24,2,3,0,0.8330117,1.005557,0.2317179,22.35428,3.737766,19.5546,0.9198939,1.034392,0.1808591,0.8978418,-0.2158382,-0.537285,SelectionStart
12.75758,24,2,3,0,0.8330117,1.005557,0.2317179,22.35428,3.737766,19.5546,0.9198939,1.034392,0.1808591,0.8978418,-0.2158382,-0.537285,SelectionEnd
12.76081,24,2,3,0,0.8330117,1.005557,0.2317179,22.35428,3.737766,19.5546,0.9198939,1.034392,0.1808591,0.8978418,-0.2158382,-0.537285,GotSelection
12.77067,24,2,3,0,0.8332454,1.00536,0.231462,22.33052,3.7759,19.49109,0.9199556,1.03561,0.1812581,0.9017423,-0.1988484,-0.5361055,SelectionStart
12.77068,24,2,3,0,0.8332454,1.00536,0.231462,22.33052,3.7759,19.49109,0.9199556,1.03561,0.1812581,0.9017423,-0.1988484,-0.5361055,SelectionEnd
12.77393,24,2,3,0,0.8332454,1.00536,0.231462,22.33052,3.7759,19.49109,0.9199556,1.03561,0.1812581,0.9017423,-0.1988484,-0.5361055,GotSelection
12.78585,24,2,3,0,0.8336096,1.004918,0.2312447,22.31005,3.813371,19.39155,0.9201241,1.037238,0.1817403,0.9075425,-0.175243,-0.5370594,SelectionStart
12.78587,24,2,3,0,0.8336096,1.004918,0.2312447,22.31005,3.813371,19.39155,0.9201241,1.037238,0.1817403,0.9075425,-0.175243,-0.5370594,SelectionEnd
12.78912,24,2,3,0,0.8336096,1.004918,0.2312447,22.31005,3.813371,19.39155,0.9201241,1.037238,0.1817403,0.9075425,-0.175243,-0.5370594,GotSelection
12.79945,24,2,3,0,0.8338864,1.004754,0.2309274,22.28669,3.852692,19.3208,0.9203019,1.038755,0.1822107,0.9129878,-0.15545,-0.5355747,SelectionStart
12.79947,24,2,3,0,0.8338864,1.004754,0.2309274,22.28669,3.852692,19.3208,0.9203019,1.038755,0.1822107,0.9129878,-0.15545,-0.5355747,SelectionEnd
12.80322,24,2,3,0,0.8338864,1.004754,0.2309274,22.28669,3.852692,19.3208,0.9203019,1.038755,0.1822107,0.9129878,-0.15545,-0.5355747,GotSelection
12.81425,24,2,3,0,0.8341756,1.004522,0.230768,22.24109,3.849977,19.25282,0.9204052,1.040313,0.1825663,0.9173778,-0.1354515,-0.5376664,SelectionStart
12.81428,24,2,3,0,0.8341756,1.004522,0.230768,22.24109,3.849977,19.25282,0.9204052,1.040313,0.1825663,0.9173778,-0.1354515,-0.5376664,SelectionEnd
12.81753,24,2,3,0,0.8341756,1.004522,0.230768,22.24109,3.849977,19.25282,0.9204052,1.040313,0.1825663,0.9173778,-0.1354515,-0.5376664,GotSelection
12.82903,24,2,3,0,0.8342321,1.004495,0.2306785,22.18663,3.822007,19.21651,0.9206135,1.041437,0.1828751,0.9226776,-0.123145,-0.5384974,SelectionStart
12.82904,24,2,3,0,0.8342321,1.004495,0.2306785,22.18663,3.822007,19.21651,0.9206135,1.041437,0.1828751,0.9226776,-0.123145,-0.5384974,SelectionEnd
12.83234,24,2,3,0,0.8342321,1.004495,0.2306785,22.18663,3.822007,19.21651,0.9206135,1.041437,0.1828751,0.9226776,-0.123145,-0.5384974,GotSelection
12.84235,24,2,3,0,0.8344812,1.004249,0.2305141,22.12262,3.802416,19.13486,0.9209803,1.043226,0.1832955,0.9306778,-0.101278,-0.5408031,SelectionStart
12.84237,24,2,3,0,0.8344812,1.004249,0.2305141,22.12262,3.802416,19.13486,0.9209803,1.043226,0.1832955,0.9306778,-0.101278,-0.5408031,SelectionEnd
12.84564,24,2,3,0,0.8344812,1.004249,0.2305141,22.12262,3.802416,19.13486,0.9209803,1.043226,0.1832955,0.9306778,-0.101278,-0.5408031,GotSelection
12.85535,24,2,3,0,0.8346767,1.004076,0.2303179,22.0734,3.793129,19.06778,0.9210919,1.044366,0.1836895,0.9344649,-0.08552674,-0.5402781,SelectionStart
12.85538,24,2,3,0,0.8346767,1.004076,0.2303179,22.0734,3.793129,19.06778,0.9210919,1.044366,0.1836895,0.9344649,-0.08552674,-0.5402781,SelectionEnd
12.85892,24,2,3,0,0.8346767,1.004076,0.2303179,22.0734,3.793129,19.06778,0.9210919,1.044366,0.1836895,0.9344649,-0.08552674,-0.5402781,GotSelection
12.87106,24,2,3,0,0.8349193,1.003867,0.2300731,22.01632,3.781948,18.97606,0.921254,1.045923,0.1842332,0.9398071,-0.06449042,-0.5395855,SelectionStart
12.87107,24,2,3,0,0.8349193,1.003867,0.2300731,22.01632,3.781948,18.97606,0.921254,1.045923,0.1842332,0.9398071,-0.06449042,-0.5395855,SelectionEnd
12.87458,24,2,3,0,0.8349193,1.003867,0.2300731,22.01632,3.781948,18.97606,0.921254,1.045923,0.1842332,0.9398071,-0.06449042,-0.5395855,GotSelection
12.91734,24,2,3,0,0.8354883,1.003512,0.2296956,21.93377,3.727899,18.79982,0.921012,1.048213,0.1852416,0.9407965,-0.02959469,-0.5375179,SelectionStart
12.91737,24,2,3,0,0.8354883,1.003512,0.2296956,21.93377,3.727899,18.79982,0.921012,1.048213,0.1852416,0.9407965,-0.02959469,-0.5375179,SelectionEnd
12.92078,24,2,3,0,0.8354883,1.003512,0.2296956,21.93377,3.727899,18.79982,0.921012,1.048213,0.1852416,0.9407965,-0.02959469,-0.5375179,GotSelection
12.93245,24,2,3,0,0.8358059,1.003102,0.2295192,21.82038,3.615171,18.62041,0.9212892,1.051328,0.1863821,0.9513311,0.01074334,-0.5395613,SelectionStart
12.93249,24,2,3,0,0.8358059,1.003102,0.2295192,21.82038,3.615171,18.62041,0.9212892,1.051328,0.1863821,0.9513311,0.01074334,-0.5395613,SelectionEnd
12.936,24,2,3,0,0.8358059,1.003102,0.2295192,21.82038,3.615171,18.62041,0.9212892,1.051328,0.1863821,0.9513311,0.01074334,-0.5395613,GotSelection
12.9459,24,2,3,0,0.8359394,1.00309,0.2292778,21.73857,3.597805,18.58719,0.9213628,1.05234,0.186712,0.9542773,0.02350341,-0.5378672,SelectionStart
12.94592,24,2,3,0,0.8359394,1.00309,0.2292778,21.73857,3.597805,18.58719,0.9213628,1.05234,0.186712,0.9542773,0.02350341,-0.5378672,SelectionEnd
12.94933,24,2,3,0,0.8359394,1.00309,0.2292778,21.73857,3.597805,18.58719,0.9213628,1.05234,0.186712,0.9542773,0.02350341,-0.5378672,GotSelection
12.96085,24,2,3,0,0.8361178,1.003024,0.2289761,21.62071,3.574015,18.52287,0.9213654,1.053361,0.1873613,0.9565324,0.03941736,-0.5327259,SelectionStart
12.96088,24,2,3,0,0.8361178,1.003024,0.2289761,21.62071,3.574015,18.52287,0.9213654,1.053361,0.1873613,0.9565324,0.03941736,-0.5327259,SelectionEnd
12.96434,24,2,3,0,0.8361178,1.003024,0.2289761,21.62071,3.574015,18.52287,0.9213654,1.053361,0.1873613,0.9565324,0.03941736,-0.5327259,GotSelection
12.97488,24,2,3,0,0.8363341,1.002853,0.228582,21.49291,3.575857,18.44544,0.9212533,1.054254,0.1879675,0.9574463,0.05615662,-0.5266351,SelectionStart
12.97492,24,2,3,0,0.8363341,1.002853,0.228582,21.49291,3.575857,18.44544,0.9212533,1.054254,0.1879675,0.9574463,0.05615662,-0.5266351,SelectionEnd
12.97842,24,2,3,0,0.8363341,1.002853,0.228582,21.49291,3.575857,18.44544,0.9212533,1.054254,0.1879675,0.9574463,0.05615662,-0.5266351,GotSelection
12.98851,24,2,3,0,0.8365145,1.002715,0.2283644,21.42285,3.573398,18.37865,0.9211659,1.054992,0.1883978,0.9579486,0.0689848,-0.5235143,SelectionStart
12.98853,24,2,3,0,0.8365145,1.002715,0.2283644,21.42285,3.573398,18.37865,0.9211659,1.054992,0.1883978,0.9579486,0.0689848,-0.5235143,SelectionEnd
12.99186,24,2,3,0,0.8365145,1.002715,0.2283644,21.42285,3.573398,18.37865,0.9211659,1.054992,0.1883978,0.9579486,0.0689848,-0.5235143,GotSelection
13.00376,24,2,3,0,0.8370439,1.002486,0.228116,21.36168,3.552605,18.30298,0.9208363,1.055677,0.1890299,0.952733,0.08479378,-0.5189763,SelectionStart
13.00378,24,2,3,0,0.8370439,1.002486,0.228116,21.36168,3.552605,18.30298,0.9208363,1.055677,0.1890299,0.952733,0.08479378,-0.5189763,SelectionEnd
13.00749,24,2,3,0,0.8370439,1.002486,0.228116,21.36168,3.552605,18.30298,0.9208363,1.055677,0.1890299,0.952733,0.08479378,-0.5189763,GotSelection
13.01836,24,2,3,0,0.8375493,1.002145,0.2281132,21.30407,3.479577,18.21014,0.9204457,1.056348,0.189651,0.9468402,0.1006897,-0.5179842,SelectionStart
13.01839,24,2,3,0,0.8375493,1.002145,0.2281132,21.30407,3.479577,18.21014,0.9204457,1.056348,0.189651,0.9468402,0.1006897,-0.5179842,SelectionEnd
13.02242,24,2,3,0,0.8375493,1.002145,0.2281132,21.30407,3.479577,18.21014,0.9204457,1.056348,0.189651,0.9468402,0.1006897,-0.5179842,GotSelection
13.03322,24,2,3,0,0.8381701,1.001689,0.2280285,21.24966,3.382859,18.07265,0.9196491,1.057165,0.1903597,0.9364278,0.1217232,-0.5169477,SelectionStart
13.03324,24,2,3,0,0.8381701,1.001689,0.2280285,21.24966,3.382859,18.07265,0.9196491,1.057165,0.1903597,0.9364278,0.1217232,-0.5169477,SelectionEnd
13.03662,24,2,3,0,0.8381701,1.001689,0.2280285,21.24966,3.382859,18.07265,0.9196491,1.057165,0.1903597,0.9364278,0.1217232,-0.5169477,GotSelection
13.04662,24,2,3,0,0.8384863,1.001369,0.2280245,21.20467,3.327201,17.95113,0.9193342,1.057711,0.1908549,0.9325579,0.1354424,-0.5162048,SelectionStart
13.04665,24,2,3,0,0.8384863,1.001369,0.2280245,21.20467,3.327201,17.95113,0.9193342,1.057711,0.1908549,0.9325579,0.1354424,-0.5162048,SelectionEnd
13.04996,24,2,3,0,0.8384863,1.001369,0.2280245,21.20467,3.327201,17.95113,0.9193342,1.057711,0.1908549,0.9325579,0.1354424,-0.5162048,GotSelection
13.09007,24,2,3,0,0.8411124,0.9989058,0.2273393,21.00351,3.151245,17.27855,0.918595,1.059383,0.1927646,0.9103789,0.2041399,-0.5093673,SelectionStart
13.0901,24,2,3,0,0.8411124,0.9989058,0.2273393,21.00351,3.151245,17.27855,0.918595,1.059383,0.1927646,0.9103789,0.2041399,-0.5093673,SelectionEnd
13.09407,24,2,3,0,0.8411124,0.9989058,0.2273393,21.00351,3.151245,17.27855,0.918595,1.059383,0.1927646,0.9103789,0.2041399,-0.5093673,GotSelection
13.11628,24,2,3,0,0.8425303,0.9976708,0.2271337,20.95606,3.026631,16.88518,0.9180392,1.060325,0.1937322,0.8955606,0.2399768,-0.5083971,SelectionStart
13.11634,24,2,3,0,0.8425303,0.9976708,0.2271337,20.95606,3.026631,16.88518,0.9180392,1.060325,0.1937322,0.8955606,0.2399768,-0.5083971,SelectionEnd
13.12291,24,2,3,0,0.8425303,0.9976708,0.2271337,20.95606,3.026631,16.88518,0.9180392,1.060325,0.1937322,0.8955606,0.2399768,-0.5083971,GotSelection
13.13772,24,2,3,0,0.84367,0.9964527,0.2270223,20.89859,2.922747,16.53265,0.9175727,1.061384,0.1944071,0.8843701,0.2736778,-0.5108246,SelectionStart
13.13775,24,2,3,0,0.84367,0.9964527,0.2270223,20.89859,2.922747,16.53265,0.9175727,1.061384,0.1944071,0.8843701,0.2736778,-0.5108246,SelectionEnd
13.14162,24,2,3,0,0.84367,0.9964527,0.2270223,20.89859,2.922747,16.53265,0.9175727,1.061384,0.1944071,0.8843701,0.2736778,-0.5108246,GotSelection
13.15434,24,2,3,0,0.8446298,0.9955041,0.2267485,20.84809,2.87089,16.27225,0.9165348,1.06223,0.1951393,0.868599,0.3033816,-0.5089101,SelectionStart
13.15437,24,2,3,0,0.8446298,0.9955041,0.2267485,20.84809,2.87089,16.27225,0.9165348,1.06223,0.1951393,0.868599,0.3033816,-0.5089101,SelectionEnd
13.15781,24,2,3,0,0.8446298,0.9955041,0.2267485,20.84809,2.87089,16.27225,0.9165348,1.06223,0.1951393,0.868599,0.3033816,-0.5089101,GotSelection
13.1679,24,2,3,0,0.8453556,0.9949195,0.2265384,20.80735,2.835089,16.12377,0.9159228,1.062764,0.195545,0.8578144,0.3219035,-0.5077887,SelectionStart
13.16792,24,2,3,0,0.8453556,0.9949195,0.2265384,20.80735,2.835089,16.12377,0.9159228,1.062764,0.195545,0.8578144,0.3219035,-0.5077887,SelectionEnd
13.17139,24,2,3,0,0.8453556,0.9949195,0.2265384,20.80735,2.835089,16.12377,0.9159228,1.062764,0.195545,0.8578144,0.3219035,-0.5077887,GotSelection
13.18151,24,2,3,0,0.8461497,0.9942295,0.2264085,20.75686,2.800192,15.9408,0.9152811,1.063504,0.1961762,0.8466976,0.3446061,-0.5063121,SelectionStart
13.18153,24,2,3,0,0.8461497,0.9942295,0.2264085,20.75686,2.800192,15.9408,0.9152811,1.063504,0.1961762,0.8466976,0.3446061,-0.5063121,SelectionEnd
13.185,24,2,3,0,0.8461497,0.9942295,0.2264085,20.75686,2.800192,15.9408,0.9152811,1.063504,0.1961762,0.8466976,0.3446061,-0.5063121,GotSelection
13.19583,24,2,3,0,0.8467503,0.9937324,0.2263252,20.72243,2.777516,15.82325,0.914801,1.064027,0.1966483,0.8382304,0.3607552,-0.5051287,SelectionStart
13.19585,24,2,3,0,0.8467503,0.9937324,0.2263252,20.72243,2.777516,15.82325,0.914801,1.064027,0.1966483,0.8382304,0.3607552,-0.5051287,SelectionEnd
13.19925,24,2,3,0,0.8467503,0.9937324,0.2263252,20.72243,2.777516,15.82325,0.914801,1.064027,0.1966483,0.8382304,0.3607552,-0.5051287,GotSelection
13.20882,24,2,3,0,0.8475595,0.9930988,0.2261858,20.70218,2.726824,15.65992,0.9140857,1.064867,0.1972526,0.8260995,0.3833258,-0.5044281,SelectionStart
13.20884,24,2,3,0,0.8475595,0.9930988,0.2261858,20.70218,2.726824,15.65992,0.9140857,1.064867,0.1972526,0.8260995,0.3833258,-0.5044281,SelectionEnd
13.2122,24,2,3,0,0.8475595,0.9930988,0.2261858,20.70218,2.726824,15.65992,0.9140857,1.064867,0.1972526,0.8260995,0.3833258,-0.5044281,GotSelection
13.2226,24,2,3,0,0.8480417,0.9925292,0.2263356,20.70349,2.659196,15.53105,0.9134733,1.065515,0.1976737,0.8173094,0.3999587,-0.5074952,SelectionStart
13.22261,24,2,3,0,0.8480417,0.9925292,0.2263356,20.70349,2.659196,15.53105,0.9134733,1.065515,0.1976737,0.8173094,0.3999587,-0.5074952,SelectionEnd
13.22591,24,2,3,0,0.8480417,0.9925292,0.2263356,20.70349,2.659196,15.53105,0.9134733,1.065515,0.1976737,0.8173094,0.3999587,-0.5074952,GotSelection
13.26553,24,2,3,0,0.8495091,0.9908573,0.226292,20.6208,2.466321,15.08682,0.9109867,1.067788,0.1986834,0.784579,0.456472,-0.5145136,SelectionStart
13.26556,24,2,3,0,0.8495091,0.9908573,0.226292,20.6208,2.466321,15.08682,0.9109867,1.067788,0.1986834,0.784579,0.456472,-0.5145136,SelectionEnd
13.26901,24,2,3,0,0.8495091,0.9908573,0.226292,20.6208,2.466321,15.08682,0.9109867,1.067788,0.1986834,0.784579,0.456472,-0.5145136,GotSelection
13.27917,24,2,3,0,0.8499768,0.9904263,0.2261046,20.60027,2.465338,14.97219,0.9097991,1.068913,0.1986957,0.771283,0.4774021,-0.5186542,SelectionStart
13.27919,24,2,3,0,0.8499768,0.9904263,0.2261046,20.60027,2.465338,14.97219,0.9097991,1.068913,0.1986957,0.771283,0.4774021,-0.5186542,SelectionEnd
13.28277,24,2,3,0,0.8499768,0.9904263,0.2261046,20.60027,2.465338,14.97219,0.9097991,1.068913,0.1986957,0.771283,0.4774021,-0.5186542,GotSelection
13.29276,24,2,3,0,0.8503044,0.9901096,0.2260548,20.5914,2.449849,14.87974,0.9093724,1.069953,0.1985326,0.7662624,0.4926625,-0.5249656,SelectionStart
13.29278,24,2,3,0,0.8503044,0.9901096,0.2260548,20.5914,2.449849,14.87974,0.9093724,1.069953,0.1985326,0.7662624,0.4926625,-0.5249656,SelectionEnd
13.29616,24,2,3,0,0.8503044,0.9901096,0.2260548,20.5914,2.449849,14.87974,0.9093724,1.069953,0.1985326,0.7662624,0.4926625,-0.5249656,GotSelection
13.30611,24,2,3,0,0.8507188,0.9896604,0.2260355,20.58699,2.401336,14.76707,0.9084871,1.070709,0.1985127,0.7551197,0.5084035,-0.5302509,SelectionStart
13.30613,24,2,3,0,0.8507188,0.9896604,0.2260355,20.58699,2.401336,14.76707,0.9084871,1.070709,0.1985127,0.7551197,0.5084035,-0.5302509,SelectionEnd
13.30955,24,2,3,0,0.8507188,0.9896604,0.2260355,20.58699,2.401336,14.76707,0.9084871,1.070709,0.1985127,0.7551197,0.5084035,-0.5302509,GotSelection
13.32,24,2,3,0,0.8511913,0.9891274,0.2261359,20.57155,2.313035,14.61161,0.9073772,1.071595,0.1985372,0.7410247,0.5270664,-0.5373535,SelectionStart
13.32001,24,2,3,0,0.8511913,0.9891274,0.2261359,20.57155,2.313035,14.61161,0.9073772,1.071595,0.1985372,0.7410247,0.5270664,-0.5373535,SelectionEnd
13.32332,24,2,3,0,0.8511913,0.9891274,0.2261359,20.57155,2.313035,14.61161,0.9073772,1.071595,0.1985372,0.7410247,0.5270664,-0.5373535,GotSelection
13.33369,24,2,3,0,0.8516034,0.9886213,0.2262386,20.54706,2.235209,14.46235,0.9066734,1.072502,0.1985967,0.731591,0.5446407,-0.543685,SelectionStart
13.33372,24,2,3,0,0.8516034,0.9886213,0.2262386,20.54706,2.235209,14.46235,0.9066734,1.072502,0.1985967,0.731591,0.5446407,-0.543685,SelectionEnd
13.33725,24,2,3,0,0.8516034,0.9886213,0.2262386,20.54706,2.235209,14.46235,0.9066734,1.072502,0.1985967,0.731591,0.5446407,-0.543685,GotSelection
13.34814,24,2,3,0,0.8518907,0.9884349,0.2261934,20.52975,2.194453,14.38851,0.9052438,1.073363,0.1984053,0.7161151,0.5589435,-0.549623,SelectionStart
13.34815,24,2,3,0,0.8518907,0.9884349,0.2261934,20.52975,2.194453,14.38851,0.9052438,1.073363,0.1984053,0.7161151,0.5589435,-0.549623,SelectionEnd
13.35156,24,2,3,0,0.8518907,0.9884349,0.2261934,20.52975,2.194453,14.38851,0.9052438,1.073363,0.1984053,0.7161151,0.5589435,-0.549623,GotSelection
13.36205,24,2,3,0,0.852119,0.9880095,0.2263255,20.48473,2.103003,14.26407,0.9039479,1.074298,0.1982274,0.7024565,0.57585,-0.5582374,SelectionStart
13.36208,24,2,3,0,0.852119,0.9880095,0.2263255,20.48473,2.103003,14.26407,0.9039479,1.074298,0.1982274,0.7024565,0.57585,-0.5582374,SelectionEnd
13.36544,24,2,3,0,0.852119,0.9880095,0.2263255,20.48473,2.103003,14.26407,0.9039479,1.074298,0.1982274,0.7024565,0.57585,-0.5582374,GotSelection
13.37615,24,2,3,0,0.8523853,0.987546,0.2263365,20.45256,2.027755,14.14039,0.9029052,1.074768,0.1979364,0.6899288,0.588203,-0.5651464,SelectionStart
13.37617,24,2,3,0,0.8523853,0.987546,0.2263365,20.45256,2.027755,14.14039,0.9029052,1.074768,0.1979364,0.6899288,0.588203,-0.5651464,SelectionEnd
13.37947,24,2,3,0,0.8523853,0.987546,0.2263365,20.45256,2.027755,14.14039,0.9029052,1.074768,0.1979364,0.6899288,0.588203,-0.5651464,GotSelection
13.42016,24,2,3,0,0.8538062,0.9858054,0.2266124,20.40099,1.783727,13.67767,0.8985826,1.077324,0.1974889,0.6362391,0.644365,-0.5904796,SelectionStart
13.42018,24,2,3,0,0.8538062,0.9858054,0.2266124,20.40099,1.783727,13.67767,0.8985826,1.077324,0.1974889,0.6362391,0.644365,-0.5904796,SelectionEnd
13.42358,24,2,3,0,0.8538062,0.9858054,0.2266124,20.40099,1.783727,13.67767,0.8985826,1.077324,0.1974889,0.6362391,0.644365,-0.5904796,GotSelection
13.43486,24,2,3,0,0.8540211,0.9854925,0.2266823,20.38458,1.734667,13.58522,0.8976327,1.077865,0.1974674,0.6252624,0.6557548,-0.5948744,SelectionStart
13.43488,24,2,3,0,0.8540211,0.9854925,0.2266823,20.38458,1.734667,13.58522,0.8976327,1.077865,0.1974674,0.6252624,0.6557548,-0.5948744,SelectionEnd
13.43827,24,2,3,0,0.8540211,0.9854925,0.2266823,20.38458,1.734667,13.58522,0.8976327,1.077865,0.1974674,0.6252624,0.6557548,-0.5948744,GotSelection
13.44932,24,2,3,0,0.8542113,0.9851823,0.2265905,20.33345,1.708676,13.50037,0.8961118,1.078628,0.1973135,0.6096284,0.6708184,-0.5992529,SelectionStart
13.44934,24,2,3,0,0.8542113,0.9851823,0.2265905,20.33345,1.708676,13.50037,0.8961118,1.078628,0.1973135,0.6096284,0.6708184,-0.5992529,SelectionEnd
13.45262,24,2,3,0,0.8542113,0.9851823,0.2265905,20.33345,1.708676,13.50037,0.8961118,1.078628,0.1973135,0.6096284,0.6708184,-0.5992529,GotSelection
13.46251,24,2,3,0,0.854434,0.9848491,0.2265794,20.29668,1.67295,13.40688,0.8945473,1.079365,0.1972189,0.5929865,0.6858559,-0.6040851,SelectionStart
13.46252,24,2,3,0,0.854434,0.9848491,0.2265794,20.29668,1.67295,13.40688,0.8945473,1.079365,0.1972189,0.5929865,0.6858559,-0.6040851,SelectionEnd
13.46589,24,2,3,0,0.854434,0.9848491,0.2265794,20.29668,1.67295,13.40688,0.8945473,1.079365,0.1972189,0.5929865,0.6858559,-0.6040851,GotSelection
13.47508,24,2,3,0,0.8546572,0.9845666,0.2265622,20.27711,1.658266,13.35276,0.8933942,1.079937,0.1971369,0.580471,0.6974227,-0.6079305,SelectionStart
13.47511,24,2,3,0,0.8546572,0.9845666,0.2265622,20.27711,1.658266,13.35276,0.8933942,1.079937,0.1971369,0.580471,0.6974227,-0.6079305,SelectionEnd
13.47886,24,2,3,0,0.8546572,0.9845666,0.2265622,20.27711,1.658266,13.35276,0.8933942,1.079937,0.1971369,0.580471,0.6974227,-0.6079305,GotSelection
13.49047,24,2,3,0,0.8549248,0.9842074,0.2264946,20.27284,1.643953,13.26943,0.8917586,1.080634,0.1971296,0.5628057,0.7126164,-0.6116463,SelectionStart
13.4905,24,2,3,0,0.8549248,0.9842074,0.2264946,20.27284,1.643953,13.26943,0.8917586,1.080634,0.1971296,0.5628057,0.7126164,-0.6116463,SelectionEnd
13.49392,24,2,3,0,0.8549248,0.9842074,0.2264946,20.27284,1.643953,13.26943,0.8917586,1.080634,0.1971296,0.5628057,0.7126164,-0.6116463,GotSelection
13.50408,24,2,3,0,0.8552145,0.9839466,0.2263946,20.27935,1.634962,13.2048,0.8904862,1.081124,0.1971043,0.5480741,0.7239171,-0.6141645,SelectionStart
13.5041,24,2,3,0,0.8552145,0.9839466,0.2263946,20.27935,1.634962,13.2048,0.8904862,1.081124,0.1971043,0.5480741,0.7239171,-0.6141645,SelectionEnd
13.50748,24,2,3,0,0.8552145,0.9839466,0.2263946,20.27935,1.634962,13.2048,0.8904862,1.081124,0.1971043,0.5480741,0.7239171,-0.6141645,GotSelection
13.51942,24,2,3,0,0.8554894,0.9837605,0.2262036,20.27118,1.660598,13.14606,0.8886368,1.081785,0.1971771,0.5283244,0.7381207,-0.6149495,SelectionStart
13.51944,24,2,3,0,0.8554894,0.9837605,0.2262036,20.27118,1.660598,13.14606,0.8886368,1.081785,0.1971771,0.5283244,0.7381207,-0.6149495,SelectionEnd
13.52276,24,2,3,0,0.8554894,0.9837605,0.2262036,20.27118,1.660598,13.14606,0.8886368,1.081785,0.1971771,0.5283244,0.7381207,-0.6149495,GotSelection
13.53298,24,2,3,0,0.8558297,0.9835233,0.2260265,20.24082,1.677694,13.08072,0.8867326,1.08235,0.197231,0.5071544,0.7522973,-0.6156572,SelectionStart
13.533,24,2,3,0,0.8558297,0.9835233,0.2260265,20.24082,1.677694,13.08072,0.8867326,1.08235,0.197231,0.5071544,0.7522973,-0.6156572,SelectionEnd
13.53628,24,2,3,0,0.8558297,0.9835233,0.2260265,20.24082,1.677694,13.08072,0.8867326,1.08235,0.197231,0.5071544,0.7522973,-0.6156572,GotSelection
13.54659,24,2,3,0,0.8561443,0.9833996,0.2258282,20.21252,1.68535,13.05326,0.8852983,1.082799,0.1973299,0.4908764,0.7630727,-0.6148642,SelectionStart
13.54661,24,2,3,0,0.8561443,0.9833996,0.2258282,20.21252,1.68535,13.05326,0.8852983,1.082799,0.1973299,0.4908764,0.7630727,-0.6148642,SelectionEnd
13.54998,24,2,3,0,0.8561443,0.9833996,0.2258282,20.21252,1.68535,13.05326,0.8852983,1.082799,0.1973299,0.4908764,0.7630727,-0.6148642,GotSelection
13.59619,24,2,3,0,0.8572888,0.9827581,0.2249779,20.06532,1.667212,12.76185,0.8781843,1.084171,0.1976219,0.4097346,0.807658,-0.611167,SelectionStart
13.59621,24,2,3,0,0.8572888,0.9827581,0.2249779,20.06532,1.667212,12.76185,0.8781843,1.084171,0.1976219,0.4097346,0.807658,-0.611167,SelectionEnd
13.59958,24,2,3,0,0.8572888,0.9827581,0.2249779,20.06532,1.667212,12.76185,0.8781843,1.084171,0.1976219,0.4097346,0.807658,-0.611167,GotSelection
13.60902,24,2,3,0,0.8576009,0.9825274,0.2247212,20.02705,1.662489,12.67244,0.8765938,1.084426,0.197664,0.3907335,0.8183444,-0.609962,SelectionStart
13.60903,24,2,3,0,0.8576009,0.9825274,0.2247212,20.02705,1.662489,12.67244,0.8765938,1.084426,0.197664,0.3907335,0.8183444,-0.609962,SelectionEnd
13.61235,24,2,3,0,0.8576009,0.9825274,0.2247212,20.02705,1.662489,12.67244,0.8765938,1.084426,0.197664,0.3907335,0.8183444,-0.609962,GotSelection
13.6217,24,2,3,0,0.8579613,0.9821861,0.2244513,19.99157,1.644274,12.55271,0.874989,1.084676,0.1977079,0.370792,0.830308,-0.6090702,SelectionStart
13.62171,24,2,3,0,0.8579613,0.9821861,0.2244513,19.99157,1.644274,12.55271,0.874989,1.084676,0.1977079,0.370792,0.830308,-0.6090702,SelectionEnd
13.62502,24,2,3,0,0.8579613,0.9821861,0.2244513,19.99157,1.644274,12.55271,0.874989,1.084676,0.1977079,0.370792,0.830308,-0.6090702,GotSelection
13.63754,24,2,3,0,0.8584596,0.9818269,0.2240755,19.93586,1.636882,12.40467,0.8729796,1.085046,0.1976992,0.3453816,0.8451954,-0.6079311,SelectionStart
13.63755,24,2,3,0,0.8584596,0.9818269,0.2240755,19.93586,1.636882,12.40467,0.8729796,1.085046,0.1976992,0.3453816,0.8451954,-0.6079311,SelectionEnd
13.64085,24,2,3,0,0.8584596,0.9818269,0.2240755,19.93586,1.636882,12.40467,0.8729796,1.085046,0.1976992,0.3453816,0.8451954,-0.6079311,GotSelection
13.65133,24,2,3,0,0.8589641,0.9815474,0.223599,19.86197,1.638091,12.27236,0.8710564,1.085333,0.1976879,0.3207236,0.8587006,-0.6049362,SelectionStart
13.65135,24,2,3,0,0.8589641,0.9815474,0.223599,19.86197,1.638091,12.27236,0.8710564,1.085333,0.1976879,0.3207236,0.8587006,-0.6049362,SelectionEnd
13.65471,24,2,3,0,0.8589641,0.9815474,0.223599,19.86197,1.638091,12.27236,0.8710564,1.085333,0.1976879,0.3207236,0.8587006,-0.6049362,GotSelection
13.66579,24,2,3,0,0.8591605,0.9814651,0.2232952,19.79519,1.639438,12.21131,0.8695964,1.085524,0.19763,0.3040832,0.8665482,-0.602914,SelectionStart
13.66582,24,2,3,0,0.8591605,0.9814651,0.2232952,19.79519,1.639438,12.21131,0.8695964,1.085524,0.19763,0.3040832,0.8665482,-0.602914,SelectionEnd
13.66923,24,2,3,0,0.8591605,0.9814651,0.2232952,19.79519,1.639438,12.21131,0.8695964,1.085524,0.19763,0.3040832,0.8665482,-0.602914,GotSelection
13.67985,24,2,3,0,0.8593825,0.9812257,0.2230351,19.7221,1.61023,12.11529,0.8678334,1.085843,0.1976025,0.2840563,0.8779198,-0.6020309,SelectionStart
13.67986,24,2,3,0,0.8593825,0.9812257,0.2230351,19.7221,1.61023,12.11529,0.8678334,1.085843,0.1976025,0.2840563,0.8779198,-0.6020309,SelectionEnd
13.68318,24,2,3,0,0.8593825,0.9812257,0.2230351,19.7221,1.61023,12.11529,0.8678334,1.085843,0.1976025,0.2840563,0.8779198,-0.6020309,GotSelection
13.69542,24,2,3,0,0.859632,0.9809452,0.2227669,19.66716,1.578976,12.00185,0.8659853,1.086087,0.197606,0.2624978,0.889163,-0.6009429,SelectionStart
13.69544,24,2,3,0,0.859632,0.9809452,0.2227669,19.66716,1.578976,12.00185,0.8659853,1.086087,0.197606,0.2624978,0.889163,-0.6009429,SelectionEnd
13.6988,24,2,3,0,0.859632,0.9809452,0.2227669,19.66716,1.578976,12.00185,0.8659853,1.086087,0.197606,0.2624978,0.889163,-0.6009429,GotSelection
13.70858,24,2,3,0,0.8598286,0.980727,0.2226339,19.63008,1.550952,11.90092,0.8646621,1.086438,0.1976287,0.2468863,0.8989576,-0.6012278,SelectionStart
13.7086,24,2,3,0,0.8598286,0.980727,0.2226339,19.63008,1.550952,11.90092,0.8646621,1.086438,0.1976287,0.2468863,0.8989576,-0.6012278,SelectionEnd
13.71192,24,2,3,0,0.8598286,0.980727,0.2226339,19.63008,1.550952,11.90092,0.8646621,1.086438,0.1976287,0.2468863,0.8989576,-0.6012278,GotSelection
13.72137,24,2,3,0,0.860051,0.9804714,0.2224128,19.58433,1.516213,11.77839,0.8628816,1.086665,0.197668,0.225936,0.9093959,-0.6001764,SelectionStart
13.7214,24,2,3,0,0.860051,0.9804714,0.2224128,19.58433,1.516213,11.77839,0.8628816,1.086665,0.197668,0.225936,0.9093959,-0.6001764,SelectionEnd
13.72495,24,2,3,0,0.860051,0.9804714,0.2224128,19.58433,1.516213,11.77839,0.8628816,1.086665,0.197668,0.225936,0.9093959,-0.6001764,GotSelection
13.73775,24,2,3,0,0.8604477,0.9802881,0.2221498,19.52036,1.477542,11.66202,0.860942,1.086822,0.1977677,0.2014982,0.9195876,-0.5974072,SelectionStart
13.73777,24,2,3,0,0.8604477,0.9802881,0.2221498,19.52036,1.477542,11.66202,0.860942,1.086822,0.1977677,0.2014982,0.9195876,-0.5974072,SelectionEnd
13.74136,24,2,3,0,0.8604477,0.9802881,0.2221498,19.52036,1.477542,11.66202,0.860942,1.086822,0.1977677,0.2014982,0.9195876,-0.5974072,GotSelection
13.76488,24,2,3,0,0.8606042,0.9801575,0.2219716,19.3888,1.365191,11.54308,0.8577181,1.086905,0.1978397,0.1660702,0.9309223,-0.5943562,SelectionStart
13.76492,24,2,3,0,0.8606042,0.9801575,0.2219716,19.3888,1.365191,11.54308,0.8577181,1.086905,0.1978397,0.1660702,0.9309223,-0.5943562,SelectionEnd
13.76833,24,2,3,0,0.8606042,0.9801575,0.2219716,19.3888,1.365191,11.54308,0.8577181,1.086905,0.1978397,0.1660702,0.9309223,-0.5943562,GotSelection
13.79986,24,2,3,0,0.8609159,0.9793207,0.2220198,19.22071,1.124599,11.25612,0.8533446,1.086726,0.1977449,0.1149773,0.9484417,-0.5959542,SelectionStart
13.79988,24,2,3,0,0.8609159,0.9793207,0.2220198,19.22071,1.124599,11.25612,0.8533446,1.086726,0.1977449,0.1149773,0.9484417,-0.5959542,SelectionEnd
13.80338,24,2,3,0,0.8609159,0.9793207,0.2220198,19.22071,1.124599,11.25612,0.8533446,1.086726,0.1977449,0.1149773,0.9484417,-0.5959542,GotSelection
13.8129,24,2,3,0,0.8610366,0.979076,0.2221682,19.17665,1.017626,11.14452,0.8521304,1.086249,0.1976617,0.09885381,0.9488368,-0.5967761,SelectionStart
13.81293,24,2,3,0,0.8610366,0.979076,0.2221682,19.17665,1.017626,11.14452,0.8521304,1.086249,0.1976617,0.09885381,0.9488368,-0.5967761,SelectionEnd
13.8166,24,2,3,0,0.8610366,0.979076,0.2221682,19.17665,1.017626,11.14452,0.8521304,1.086249,0.1976617,0.09885381,0.9488368,-0.5967761,GotSelection
13.82672,24,2,3,0,0.8611389,0.9787429,0.2223001,19.13304,0.9003392,11.01266,0.849878,1.085725,0.1978074,0.07231802,0.9523745,-0.595472,SelectionStart
13.82674,24,2,3,0,0.8611389,0.9787429,0.2223001,19.13304,0.9003392,11.01266,0.849878,1.085725,0.1978074,0.07231802,0.9523745,-0.595472,SelectionEnd
13.83029,24,2,3,0,0.8611389,0.9787429,0.2223001,19.13304,0.9003392,11.01266,0.849878,1.085725,0.1978074,0.07231802,0.9523745,-0.595472,GotSelection
13.8397,24,2,3,0,0.861186,0.9786949,0.2223748,19.10812,0.8533695,10.9526,0.8482216,1.085325,0.197865,0.05344205,0.9525991,-0.594206,SelectionStart
13.83972,24,2,3,0,0.861186,0.9786949,0.2223748,19.10812,0.8533695,10.9526,0.8482216,1.085325,0.197865,0.05344205,0.9525991,-0.594206,SelectionEnd
13.84304,24,2,3,0,0.861186,0.9786949,0.2223748,19.10812,0.8533695,10.9526,0.8482216,1.085325,0.197865,0.05344205,0.9525991,-0.594206,GotSelection
13.85371,24,2,3,0,0.8611926,0.9786898,0.2223332,19.05614,0.8063839,10.90948,0.8458974,1.084497,0.1981599,0.02792631,0.9509517,-0.5875793,SelectionStart
13.85372,24,2,3,0,0.8611926,0.9786898,0.2223332,19.05614,0.8063839,10.90948,0.8458974,1.084497,0.1981599,0.02792631,0.9509517,-0.5875793,SelectionEnd
13.85712,24,2,3,0,0.8611926,0.9786898,0.2223332,19.05614,0.8063839,10.90948,0.8458974,1.084497,0.1981599,0.02792631,0.9509517,-0.5875793,GotSelection
13.86693,24,2,3,0,0.8610527,0.9786828,0.2224402,19.01409,0.7680622,10.87881,0.8439753,1.083754,0.1982093,0.008105687,0.9476486,-0.5851347,SelectionStart
13.86695,24,2,3,0,0.8610527,0.9786828,0.2224402,19.01409,0.7680622,10.87881,0.8439753,1.083754,0.1982093,0.008105687,0.9476486,-0.5851347,SelectionEnd
13.87027,24,2,3,0,0.8610527,0.9786828,0.2224402,19.01409,0.7680622,10.87881,0.8439753,1.083754,0.1982093,0.008105687,0.9476486,-0.5851347,GotSelection
13.88034,24,2,3,0,0.8610003,0.9787609,0.2223873,18.98456,0.7561405,10.88704,0.841866,1.082989,0.1983774,-0.01379973,0.9445736,-0.5799508,SelectionStart
13.88036,24,2,3,0,0.8610003,0.9787609,0.2223873,18.98456,0.7561405,10.88704,0.841866,1.082989,0.1983774,-0.01379973,0.9445736,-0.5799508,SelectionEnd
13.88377,24,2,3,0,0.8610003,0.9787609,0.2223873,18.98456,0.7561405,10.88704,0.841866,1.082989,0.1983774,-0.01379973,0.9445736,-0.5799508,GotSelection
13.89534,24,2,3,0,0.8608131,0.9788243,0.2223476,18.97448,0.7404745,10.89742,0.8392733,1.081918,0.1984329,-0.03980999,0.9388073,-0.5753551,SelectionStart
13.89536,24,2,3,0,0.8608131,0.9788243,0.2223476,18.97448,0.7404745,10.89742,0.8392733,1.081918,0.1984329,-0.03980999,0.9388073,-0.5753551,SelectionEnd
13.89873,24,2,3,0,0.8608131,0.9788243,0.2223476,18.97448,0.7404745,10.89742,0.8392733,1.081918,0.1984329,-0.03980999,0.9388073,-0.5753551,GotSelection
13.90865,24,2,3,0,0.8607849,0.9790397,0.2222551,18.98681,0.7561334,10.92904,0.8369017,1.08098,0.198374,-0.06483638,0.9322993,-0.5717565,SelectionStart
13.90866,24,2,3,0,0.8607849,0.9790397,0.2222551,18.98681,0.7561334,10.92904,0.8369017,1.08098,0.198374,-0.06483638,0.9322993,-0.5717565,SelectionEnd
13.91203,24,2,3,0,0.8607849,0.9790397,0.2222551,18.98681,0.7561334,10.92904,0.8369017,1.08098,0.198374,-0.06483638,0.9322993,-0.5717565,GotSelection
13.92156,24,2,3,0,0.8605869,0.9792871,0.2221872,18.99606,0.7913311,10.98145,0.8360875,1.080169,0.1981657,-0.07205244,0.9228712,-0.5699613,SelectionStart
13.92158,24,2,3,0,0.8605869,0.9792871,0.2221872,18.99606,0.7913311,10.98145,0.8360875,1.080169,0.1981657,-0.07205244,0.9228712,-0.5699613,SelectionEnd
13.9249,24,2,3,0,0.8605869,0.9792871,0.2221872,18.99606,0.7913311,10.98145,0.8360875,1.080169,0.1981657,-0.07205244,0.9228712,-0.5699613,GotSelection
13.93709,24,2,3,0,0.8603657,0.9796391,0.2220969,19.00436,0.8461478,11.04867,0.8335502,1.079014,0.1982609,-0.09667096,0.9135123,-0.5638474,SelectionStart
13.93711,24,2,3,0,0.8603657,0.9796391,0.2220969,19.00436,0.8461478,11.04867,0.8335502,1.079014,0.1982609,-0.09667096,0.9135123,-0.5638474,SelectionEnd
13.94048,24,2,3,0,0.8603657,0.9796391,0.2220969,19.00436,0.8461478,11.04867,0.8335502,1.079014,0.1982609,-0.09667096,0.9135123,-0.5638474,GotSelection
13.98567,24,2,3,0,0.8600125,0.9798942,0.2219281,18.89766,0.7884362,11.06411,0.8251252,1.075329,0.1985298,-0.1844114,0.8942531,-0.5457833,SelectionStart
13.98569,24,2,3,0,0.8600125,0.9798942,0.2219281,18.89766,0.7884362,11.06411,0.8251252,1.075329,0.1985298,-0.1844114,0.8942531,-0.5457833,SelectionEnd
13.98901,24,2,3,0,0.8600125,0.9798942,0.2219281,18.89766,0.7884362,11.06411,0.8251252,1.075329,0.1985298,-0.1844114,0.8942531,-0.5457833,GotSelection
13.99829,24,2,3,0,0.8600059,0.9799405,0.2220294,18.89152,0.7216389,11.07162,0.8229148,1.074092,0.1984722,-0.2090755,0.8860732,-0.5428682,SelectionStart
13.99831,24,2,3,0,0.8600059,0.9799405,0.2220294,18.89152,0.7216389,11.07162,0.8229148,1.074092,0.1984722,-0.2090755,0.8860732,-0.5428682,SelectionEnd
14.00155,24,2,3,0,0.8600059,0.9799405,0.2220294,18.89152,0.7216389,11.07162,0.8229148,1.074092,0.1984722,-0.2090755,0.8860732,-0.5428682,GotSelection
14.01248,24,2,3,0,0.8598871,0.9801564,0.2220534,18.88952,0.7024406,11.09177,0.8209757,1.073142,0.1984701,-0.2292462,0.8785936,-0.5393369,SelectionStart
14.01251,24,2,3,0,0.8598871,0.9801564,0.2220534,18.88952,0.7024406,11.09177,0.8209757,1.073142,0.1984701,-0.2292462,0.8785936,-0.5393369,SelectionEnd
14.01598,24,2,3,0,0.8598871,0.9801564,0.2220534,18.88952,0.7024406,11.09177,0.8209757,1.073142,0.1984701,-0.2292462,0.8785936,-0.5393369,GotSelection
14.02568,24,2,3,0,0.859624,0.9804094,0.2220971,18.88343,0.6867898,11.12553,0.8187201,1.071842,0.198478,-0.251648,0.8678488,-0.534595,SelectionStart
14.0257,24,2,3,0,0.859624,0.9804094,0.2220971,18.88343,0.6867898,11.12553,0.8187201,1.071842,0.198478,-0.251648,0.8678488,-0.534595,SelectionEnd
14.02903,24,2,3,0,0.859624,0.9804094,0.2220971,18.88343,0.6867898,11.12553,0.8187201,1.071842,0.198478,-0.251648,0.8678488,-0.534595,GotSelection
14.03902,24,2,3,0,0.8593976,0.9806781,0.2219655,18.87241,0.7243462,11.16716,0.8174562,1.070566,0.1981655,-0.2642284,0.8548034,-0.5314746,SelectionStart
14.03905,24,2,3,0,0.8593976,0.9806781,0.2219655,18.87241,0.7243462,11.16716,0.8174562,1.070566,0.1981655,-0.2642284,0.8548034,-0.5314746,SelectionEnd
14.04253,24,2,3,0,0.8593976,0.9806781,0.2219655,18.87241,0.7243462,11.16716,0.8174562,1.070566,0.1981655,-0.2642284,0.8548034,-0.5314746,GotSelection
14.05481,24,2,3,0,0.8593227,0.9809597,0.2217073,18.83751,0.7517814,11.19729,0.8152457,1.069111,0.197943,-0.288237,0.842981,-0.5253928,SelectionStart
14.05483,24,2,3,0,0.8593227,0.9809597,0.2217073,18.83751,0.7517814,11.19729,0.8152457,1.069111,0.197943,-0.288237,0.842981,-0.5253928,SelectionEnd
14.0589,24,2,3,0,0.8593227,0.9809597,0.2217073,18.83751,0.7517814,11.19729,0.8152457,1.069111,0.197943,-0.288237,0.842981,-0.5253928,GotSelection
14.06937,24,2,3,0,0.8591346,0.9811224,0.2216136,18.8053,0.7420624,11.21007,0.8125567,1.067451,0.1977012,-0.3165727,0.8304713,-0.5206351,SelectionStart
14.06939,24,2,3,0,0.8591346,0.9811224,0.2216136,18.8053,0.7420624,11.21007,0.8125567,1.067451,0.1977012,-0.3165727,0.8304713,-0.5206351,SelectionEnd
14.07262,24,2,3,0,0.8591346,0.9811224,0.2216136,18.8053,0.7420624,11.21007,0.8125567,1.067451,0.1977012,-0.3165727,0.8304713,-0.5206351,GotSelection
14.08423,24,2,3,0,0.8590572,0.9811704,0.2215034,18.77035,0.7154468,11.1962,0.8103207,1.065891,0.1973603,-0.3415627,0.8190072,-0.5171795,SelectionStart
14.08424,24,2,3,0,0.8590572,0.9811704,0.2215034,18.77035,0.7154468,11.1962,0.8103207,1.065891,0.1973603,-0.3415627,0.8190072,-0.5171795,SelectionEnd
14.08757,24,2,3,0,0.8590572,0.9811704,0.2215034,18.77035,0.7154468,11.1962,0.8103207,1.065891,0.1973603,-0.3415627,0.8190072,-0.5171795,GotSelection
14.09776,24,2,3,0,0.8589674,0.9812538,0.2214927,18.75679,0.6925209,11.19374,0.8087382,1.064571,0.1972026,-0.3593183,0.8083137,-0.5138081,SelectionStart
14.09778,24,2,3,0,0.8589674,0.9812538,0.2214927,18.75679,0.6925209,11.19374,0.8087382,1.064571,0.1972026,-0.3593183,0.8083137,-0.5138081,SelectionEnd
14.10205,24,2,3,0,0.8589674,0.9812538,0.2214927,18.75679,0.6925209,11.19374,0.8087382,1.064571,0.1972026,-0.3593183,0.8083137,-0.5138081,GotSelection
14.11726,24,2,3,0,0.8588336,0.9813747,0.2215269,18.73694,0.674793,11.20697,0.805925,1.062343,0.1969593,-0.3905514,0.7906882,-0.5086957,SelectionStart
14.11729,24,2,3,0,0.8588336,0.9813747,0.2215269,18.73694,0.674793,11.20697,0.805925,1.062343,0.1969593,-0.3905514,0.7906882,-0.5086957,SelectionEnd
14.12132,24,2,3,0,0.8588336,0.9813747,0.2215269,18.73694,0.674793,11.20697,0.805925,1.062343,0.1969593,-0.3905514,0.7906882,-0.5086957,GotSelection
14.1336,24,2,3,0,0.8587413,0.9815982,0.2215874,18.72062,0.6625022,11.23056,0.8038236,1.060548,0.1967369,-0.4143079,0.7749085,-0.5047363,SelectionStart
14.13362,24,2,3,0,0.8587413,0.9815982,0.2215874,18.72062,0.6625022,11.23056,0.8038236,1.060548,0.1967369,-0.4143079,0.7749085,-0.5047363,SelectionEnd
14.13715,24,2,3,0,0.8587413,0.9815982,0.2215874,18.72062,0.6625022,11.23056,0.8038236,1.060548,0.1967369,-0.4143079,0.7749085,-0.5047363,GotSelection
14.17956,24,2,3,0,0.8582326,0.9820629,0.2215171,18.69086,0.6988891,11.33575,0.7974834,1.055,0.1961268,-0.4827677,0.7285337,-0.4909647,SelectionStart
14.17958,24,2,3,0,0.8582326,0.9820629,0.2215171,18.69086,0.6988891,11.33575,0.7974834,1.055,0.1961268,-0.4827677,0.7285337,-0.4909647,SelectionEnd
14.18303,24,2,3,0,0.8582326,0.9820629,0.2215171,18.69086,0.6988891,11.33575,0.7974834,1.055,0.1961268,-0.4827677,0.7285337,-0.4909647,GotSelection
14.19228,24,2,3,0,0.8581597,0.9821795,0.2215481,18.70694,0.6888569,11.34817,0.7958779,1.053601,0.1959246,-0.5010213,0.7164462,-0.4885074,SelectionStart
14.19231,24,2,3,0,0.8581597,0.9821795,0.2215481,18.70694,0.6888569,11.34817,0.7958779,1.053601,0.1959246,-0.5010213,0.7164462,-0.4885074,SelectionEnd
14.19561,24,2,3,0,0.8581597,0.9821795,0.2215481,18.70694,0.6888569,11.34817,0.7958779,1.053601,0.1959246,-0.5010213,0.7164462,-0.4885074,GotSelection
14.20644,24,2,3,0,0.8581198,0.9822221,0.2217181,18.73394,0.6661717,11.37551,0.7936609,1.051753,0.1957649,-0.5263798,0.7018859,-0.4857904,SelectionStart
14.20646,24,2,3,0,0.8581198,0.9822221,0.2217181,18.73394,0.6661717,11.37551,0.7936609,1.051753,0.1957649,-0.5263798,0.7018859,-0.4857904,SelectionEnd
14.20985,24,2,3,0,0.8581198,0.9822221,0.2217181,18.73394,0.6661717,11.37551,0.7936609,1.051753,0.1957649,-0.5263798,0.7018859,-0.4857904,GotSelection
14.22045,24,2,3,0,0.8579739,0.9822566,0.2218985,18.75183,0.6434729,11.39543,0.7915242,1.049794,0.1956872,-0.5501205,0.686254,-0.4819001,SelectionStart
14.22047,24,2,3,0,0.8579739,0.9822566,0.2218985,18.75183,0.6434729,11.39543,0.7915242,1.049794,0.1956872,-0.5501205,0.686254,-0.4819001,SelectionEnd
14.22383,24,2,3,0,0.8579739,0.9822566,0.2218985,18.75183,0.6434729,11.39543,0.7915242,1.049794,0.1956872,-0.5501205,0.686254,-0.4819001,GotSelection
14.2339,24,2,3,0,0.8578925,0.9822621,0.222067,18.77232,0.6465333,11.41326,0.7898208,1.04833,0.1956279,-0.569091,0.6748001,-0.4796866,SelectionStart
14.23392,24,2,3,0,0.8578925,0.9822621,0.222067,18.77232,0.6465333,11.41326,0.7898208,1.04833,0.1956279,-0.569091,0.6748001,-0.4796866,SelectionEnd
14.23726,24,2,3,0,0.8578925,0.9822621,0.222067,18.77232,0.6465333,11.41326,0.7898208,1.04833,0.1956279,-0.569091,0.6748001,-0.4796866,GotSelection
14.24724,24,2,3,0,0.8577214,0.9822921,0.2221561,18.78951,0.6505697,11.43936,0.7885477,1.046781,0.1954948,-0.5829676,0.6614221,-0.4769761,SelectionStart
14.24726,24,2,3,0,0.8577214,0.9822921,0.2221561,18.78951,0.6505697,11.43936,0.7885477,1.046781,0.1954948,-0.5829676,0.6614221,-0.4769761,SelectionEnd
14.25069,24,2,3,0,0.8577214,0.9822921,0.2221561,18.78951,0.6505697,11.43936,0.7885477,1.046781,0.1954948,-0.5829676,0.6614221,-0.4769761,GotSelection
14.26205,24,2,3,0,0.8574345,0.9824448,0.2223164,18.82436,0.6663734,11.48933,0.7863714,1.044689,0.1955068,-0.6056849,0.6436145,-0.4717372,SelectionStart
14.26208,24,2,3,0,0.8574345,0.9824448,0.2223164,18.82436,0.6663734,11.48933,0.7863714,1.044689,0.1955068,-0.6056849,0.6436145,-0.4717372,SelectionEnd
14.26555,24,2,3,0,0.8574345,0.9824448,0.2223164,18.82436,0.6663734,11.48933,0.7863714,1.044689,0.1955068,-0.6056849,0.6436145,-0.4717372,GotSelection
14.27505,24,2,3,0,0.8572125,0.9824994,0.2224644,18.86731,0.6670241,11.52957,0.7844437,1.042683,0.1954087,-0.6264729,0.6268126,-0.4678988,SelectionStart
14.27508,24,2,3,0,0.8572125,0.9824994,0.2224644,18.86731,0.6670241,11.52957,0.7844437,1.042683,0.1954087,-0.6264729,0.6268126,-0.4678988,SelectionEnd
14.27843,24,2,3,0,0.8572125,0.9824994,0.2224644,18.86731,0.6670241,11.52957,0.7844437,1.042683,0.1954087,-0.6264729,0.6268126,-0.4678988,GotSelection
14.28878,24,2,3,0,0.8571486,0.9825471,0.222533,18.89689,0.651523,11.53139,0.7830478,1.04115,0.1951962,-0.6430899,0.6134763,-0.4655972,SelectionStart
14.2888,24,2,3,0,0.8571486,0.9825471,0.222533,18.89689,0.651523,11.53139,0.7830478,1.04115,0.1951962,-0.6430899,0.6134763,-0.4655972,SelectionEnd
14.2927,24,2,3,0,0.8571486,0.9825471,0.222533,18.89689,0.651523,11.53139,0.7830478,1.04115,0.1951962,-0.6430899,0.6134763,-0.4655972,GotSelection
14.3037,24,2,3,0,0.8570153,0.9825201,0.2227371,18.94103,0.613824,11.51345,0.7812257,1.039272,0.194781,-0.6643074,0.5969714,-0.4655129,SelectionStart
14.30372,24,2,3,0,0.8570153,0.9825201,0.2227371,18.94103,0.613824,11.51345,0.7812257,1.039272,0.194781,-0.6643074,0.5969714,-0.4655129,SelectionEnd
14.30724,24,2,3,0,0.8570153,0.9825201,0.2227371,18.94103,0.613824,11.51345,0.7812257,1.039272,0.194781,-0.6643074,0.5969714,-0.4655129,GotSelection
14.31726,24,2,3,0,0.85691,0.982506,0.2228755,18.9617,0.5817937,11.5036,0.7797769,1.037726,0.1945307,-0.6811824,0.5837983,-0.4640725,SelectionStart
14.31728,24,2,3,0,0.85691,0.982506,0.2228755,18.9617,0.5817937,11.5036,0.7797769,1.037726,0.1945307,-0.6811824,0.5837983,-0.4640725,SelectionEnd
14.32062,24,2,3,0,0.85691,0.982506,0.2228755,18.9617,0.5817937,11.5036,0.7797769,1.037726,0.1945307,-0.6811824,0.5837983,-0.4640725,GotSelection
14.3668,24,2,3,0,0.8564048,0.9829352,0.2231234,18.91448,0.5036159,11.60416,0.77368,1.031192,0.1933708,-0.7506467,0.5266868,-0.4537324,SelectionStart
14.36682,24,2,3,0,0.8564048,0.9829352,0.2231234,18.91448,0.5036159,11.60416,0.77368,1.031192,0.1933708,-0.7506467,0.5266868,-0.4537324,SelectionEnd
14.37022,24,2,3,0,0.8564048,0.9829352,0.2231234,18.91448,0.5036159,11.60416,0.77368,1.031192,0.1933708,-0.7506467,0.5266868,-0.4537324,GotSelection
14.37913,24,2,3,0,0.8561172,0.9831887,0.2232729,18.91755,0.4753556,11.6548,0.7727182,1.029798,0.1931243,-0.7604925,0.5119987,-0.4517858,SelectionStart
14.37914,24,2,3,0,0.8561172,0.9831887,0.2232729,18.91755,0.4753556,11.6548,0.7727182,1.029798,0.1931243,-0.7604925,0.5119987,-0.4517858,SelectionEnd
14.38265,24,2,3,0,0.8561172,0.9831887,0.2232729,18.91755,0.4753556,11.6548,0.7727182,1.029798,0.1931243,-0.7604925,0.5119987,-0.4517858,GotSelection
14.39214,24,2,3,0,0.8557715,0.9833785,0.2232133,18.91805,0.4598737,11.68667,0.7712834,1.027909,0.1926969,-0.7754417,0.4938931,-0.4483321,SelectionStart
14.39217,24,2,3,0,0.8557715,0.9833785,0.2232133,18.91805,0.4598737,11.68667,0.7712834,1.027909,0.1926969,-0.7754417,0.4938931,-0.4483321,SelectionEnd
14.39546,24,2,3,0,0.8557715,0.9833785,0.2232133,18.91805,0.4598737,11.68667,0.7712834,1.027909,0.1926969,-0.7754417,0.4938931,-0.4483321,GotSelection
14.40553,24,2,3,0,0.8554737,0.9836206,0.2231532,18.90923,0.4585709,11.70547,0.770022,1.02624,0.1924951,-0.78873,0.4776624,-0.4433843,SelectionStart
14.40555,24,2,3,0,0.8554737,0.9836206,0.2231532,18.90923,0.4585709,11.70547,0.770022,1.02624,0.1924951,-0.78873,0.4776624,-0.4433843,SelectionEnd
14.40887,24,2,3,0,0.8554737,0.9836206,0.2231532,18.90923,0.4585709,11.70547,0.770022,1.02624,0.1924951,-0.78873,0.4776624,-0.4433843,GotSelection
14.42095,24,2,3,0,0.8552787,0.9837774,0.2231698,18.87725,0.4463311,11.70625,0.769057,1.024345,0.1922803,-0.8005787,0.4594186,-0.4385572,SelectionStart
14.42097,24,2,3,0,0.8552787,0.9837774,0.2231698,18.87725,0.4463311,11.70625,0.769057,1.024345,0.1922803,-0.8005787,0.4594186,-0.4385572,SelectionEnd
14.42432,24,2,3,0,0.8552787,0.9837774,0.2231698,18.87725,0.4463311,11.70625,0.769057,1.024345,0.1922803,-0.8005787,0.4594186,-0.4385572,GotSelection
14.43427,24,2,3,0,0.8550414,0.9839221,0.2232279,18.85369,0.4117014,11.7174,0.7683756,1.023281,0.1923116,-0.8074324,0.4493542,-0.4342416,SelectionStart
14.43429,24,2,3,0,0.8550414,0.9839221,0.2232279,18.85369,0.4117014,11.7174,0.7683756,1.023281,0.1923116,-0.8074324,0.4493542,-0.4342416,SelectionEnd
14.43772,24,2,3,0,0.8550414,0.9839221,0.2232279,18.85369,0.4117014,11.7174,0.7683756,1.023281,0.1923116,-0.8074324,0.4493542,-0.4342416,GotSelection
14.44793,24,2,3,0,0.8546367,0.9840171,0.2235778,18.80681,0.3374227,11.7424,0.7677531,1.021628,0.1921663,-0.8134097,0.4328242,-0.4319797,SelectionStart
14.44795,24,2,3,0,0.8546367,0.9840171,0.2235778,18.80681,0.3374227,11.7424,0.7677531,1.021628,0.1921663,-0.8134097,0.4328242,-0.4319797,SelectionEnd
14.45129,24,2,3,0,0.8546367,0.9840171,0.2235778,18.80681,0.3374227,11.7424,0.7677531,1.021628,0.1921663,-0.8134097,0.4328242,-0.4319797,GotSelection
14.46204,24,2,3,0,0.854477,0.9843044,0.2237255,18.78803,0.2754011,11.80167,0.7672529,1.020155,0.1921022,-0.8202242,0.4175604,-0.427267,SelectionStart
14.46205,24,2,3,0,0.854477,0.9843044,0.2237255,18.78803,0.2754011,11.80167,0.7672529,1.020155,0.1921022,-0.8202242,0.4175604,-0.427267,SelectionEnd
14.46555,24,2,3,0,0.854477,0.9843044,0.2237255,18.78803,0.2754011,11.80167,0.7672529,1.020155,0.1921022,-0.8202242,0.4175604,-0.427267,GotSelection
14.47536,24,2,3,0,0.8539759,0.9847149,0.2239397,18.76806,0.2141686,11.88359,0.7666551,1.018223,0.1920644,-0.8256625,0.3964897,-0.4210304,SelectionStart
14.47538,24,2,3,0,0.8539759,0.9847149,0.2239397,18.76806,0.2141686,11.88359,0.7666551,1.018223,0.1920644,-0.8256625,0.3964897,-0.4210304,SelectionEnd
14.47875,24,2,3,0,0.8539759,0.9847149,0.2239397,18.76806,0.2141686,11.88359,0.7666551,1.018223,0.1920644,-0.8256625,0.3964897,-0.4210304,GotSelection
14.48772,24,2,3,0,0.8536131,0.9849685,0.2241462,18.76446,0.171261,11.94019,0.7658201,1.016632,0.1919773,-0.8340504,0.3802137,-0.4171848,SelectionStart
14.48773,24,2,3,0,0.8536131,0.9849685,0.2241462,18.76446,0.171261,11.94019,0.7658201,1.016632,0.1919773,-0.8340504,0.3802137,-0.4171848,SelectionEnd
14.49118,24,2,3,0,0.8536131,0.9849685,0.2241462,18.76446,0.171261,11.94019,0.7658201,1.016632,0.1919773,-0.8340504,0.3802137,-0.4171848,GotSelection
14.5012,24,2,3,0,0.853238,0.9852472,0.2242803,18.77143,0.1495648,11.99003,0.7650048,1.015125,0.1918321,-0.8419913,0.3641764,-0.4137336,SelectionStart
14.50122,24,2,3,0,0.853238,0.9852472,0.2242803,18.77143,0.1495648,11.99003,0.7650048,1.015125,0.1918321,-0.8419913,0.3641764,-0.4137336,SelectionEnd
14.50474,24,2,3,0,0.853238,0.9852472,0.2242803,18.77143,0.1495648,11.99003,0.7650048,1.015125,0.1918321,-0.8419913,0.3641764,-0.4137336,GotSelection
14.54903,24,2,3,0,0.8518304,0.9857709,0.2255063,18.80111,359.9379,12.10955,0.7624819,1.008746,0.1908592,-0.8688964,0.2971749,-0.409209,SelectionStart
14.54906,24,2,3,0,0.8518304,0.9857709,0.2255063,18.80111,359.9379,12.10955,0.7624819,1.008746,0.1908592,-0.8688964,0.2971749,-0.409209,SelectionEnd
14.55253,24,2,3,0,0.8518304,0.9857709,0.2255063,18.80111,359.9379,12.10955,0.7624819,1.008746,0.1908592,-0.8688964,0.2971749,-0.409209,GotSelection
14.562,24,2,3,0,0.8513243,0.9860298,0.2259856,18.83738,359.885,12.20763,0.7615888,1.006472,0.1906739,-0.8782076,0.2735376,-0.4065463,SelectionStart
14.56202,24,2,3,0,0.8513243,0.9860298,0.2259856,18.83738,359.885,12.20763,0.7615888,1.006472,0.1906739,-0.8782076,0.2735376,-0.4065463,SelectionEnd
14.56557,24,2,3,0,0.8513243,0.9860298,0.2259856,18.83738,359.885,12.20763,0.7615888,1.006472,0.1906739,-0.8782076,0.2735376,-0.4065463,GotSelection
14.57471,24,2,3,0,0.85084,0.9862919,0.2263477,18.86654,359.8441,12.29162,0.7611542,1.004932,0.1905074,-0.8816467,0.256084,-0.4051294,SelectionStart
14.57474,24,2,3,0,0.85084,0.9862919,0.2263477,18.86654,359.8441,12.29162,0.7611542,1.004932,0.1905074,-0.8816467,0.256084,-0.4051294,SelectionEnd
14.57809,24,2,3,0,0.85084,0.9862919,0.2263477,18.86654,359.8441,12.29162,0.7611542,1.004932,0.1905074,-0.8816467,0.256084,-0.4051294,GotSelection
14.58836,24,2,3,0,0.8502161,0.986392,0.2268935,18.91799,359.786,12.36787,0.7605209,1.002861,0.1903039,-0.8868184,0.2344119,-0.4043565,SelectionStart
14.58839,24,2,3,0,0.8502161,0.986392,0.2268935,18.91799,359.786,12.36787,0.7605209,1.002861,0.1903039,-0.8868184,0.2344119,-0.4043565,SelectionEnd
14.59172,24,2,3,0,0.8502161,0.986392,0.2268935,18.91799,359.786,12.36787,0.7605209,1.002861,0.1903039,-0.8868184,0.2344119,-0.4043565,GotSelection
14.60458,24,2,3,0,0.8498286,0.9865512,0.2273033,18.95894,359.7256,12.42653,0.7597691,1.00078,0.1899232,-0.8958338,0.2125755,-0.4036559,SelectionStart
14.6046,24,2,3,0,0.8498286,0.9865512,0.2273033,18.95894,359.7256,12.42653,0.7597691,1.00078,0.1899232,-0.8958338,0.2125755,-0.4036559,SelectionEnd
14.60811,24,2,3,0,0.8498286,0.9865512,0.2273033,18.95894,359.7256,12.42653,0.7597691,1.00078,0.1899232,-0.8958338,0.2125755,-0.4036559,GotSelection
14.61821,24,2,3,0,0.8495371,0.9866117,0.2276152,19.00122,359.6744,12.46664,0.7592756,0.9993423,0.1895204,-0.9017048,0.1972718,-0.4047949,SelectionStart
14.61823,24,2,3,0,0.8495371,0.9866117,0.2276152,19.00122,359.6744,12.46664,0.7592756,0.9993423,0.1895204,-0.9017048,0.1972718,-0.4047949,SelectionEnd
14.62157,24,2,3,0,0.8495371,0.9866117,0.2276152,19.00122,359.6744,12.46664,0.7592756,0.9993423,0.1895204,-0.9017048,0.1972718,-0.4047949,GotSelection
14.63153,24,2,3,0,0.8490995,0.9869733,0.2279522,19.06376,359.6101,12.54622,0.7586011,0.997261,0.1890914,-0.9099531,0.1735752,-0.4030424,SelectionStart
14.63155,24,2,3,0,0.8490995,0.9869733,0.2279522,19.06376,359.6101,12.54622,0.7586011,0.997261,0.1890914,-0.9099531,0.1735752,-0.4030424,SelectionEnd
14.63488,24,2,3,0,0.8490995,0.9869733,0.2279522,19.06376,359.6101,12.54622,0.7586011,0.997261,0.1890914,-0.9099531,0.1735752,-0.4030424,GotSelection
14.64561,24,2,3,0,0.8485484,0.9872447,0.2283952,19.09806,359.5544,12.62577,0.7581266,0.995888,0.1886211,-0.9135087,0.1563714,-0.4054956,SelectionStart
14.64565,24,2,3,0,0.8485484,0.9872447,0.2283952,19.09806,359.5544,12.62577,0.7581266,0.995888,0.1886211,-0.9135087,0.1563714,-0.4054956,SelectionEnd
14.64929,24,2,3,0,0.8485484,0.9872447,0.2283952,19.09806,359.5544,12.62577,0.7581266,0.995888,0.1886211,-0.9135087,0.1563714,-0.4054956,GotSelection
14.66068,24,2,3,0,0.8480085,0.9876594,0.2288742,19.11023,359.5059,12.74822,0.7577041,0.993878,0.1882574,-0.9181468,0.1327704,-0.4047805,SelectionStart
14.66071,24,2,3,0,0.8480085,0.9876594,0.2288742,19.11023,359.5059,12.74822,0.7577041,0.993878,0.1882574,-0.9181468,0.1327704,-0.4047805,SelectionEnd
14.66454,24,2,3,0,0.8480085,0.9876594,0.2288742,19.11023,359.5059,12.74822,0.7577041,0.993878,0.1882574,-0.9181468,0.1327704,-0.4047805,GotSelection
14.67603,24,2,3,0,0.8474087,0.9880461,0.2292666,19.1306,359.4696,12.85401,0.7574111,0.9919815,0.1878402,-0.9206637,0.1097877,-0.4043967,SelectionStart
14.67606,24,2,3,0,0.8474087,0.9880461,0.2292666,19.1306,359.4696,12.85401,0.7574111,0.9919815,0.1878402,-0.9206637,0.1097877,-0.4043967,SelectionEnd
14.67942,24,2,3,0,0.8474087,0.9880461,0.2292666,19.1306,359.4696,12.85401,0.7574111,0.9919815,0.1878402,-0.9206637,0.1097877,-0.4043967,GotSelection
14.68875,24,2,3,0,0.8471012,0.9882826,0.2295549,19.14973,359.4426,12.91345,0.7570201,0.9905489,0.1875043,-0.9256898,0.09328571,-0.404376,SelectionStart
14.68877,24,2,3,0,0.8471012,0.9882826,0.2295549,19.14973,359.4426,12.91345,0.7570201,0.9905489,0.1875043,-0.9256898,0.09328571,-0.404376,SelectionEnd
14.69209,24,2,3,0,0.8471012,0.9882826,0.2295549,19.14973,359.4426,12.91345,0.7570201,0.9905489,0.1875043,-0.9256898,0.09328571,-0.404376,GotSelection
14.72955,24,2,3,0,0.8461593,0.9885751,0.2304791,19.21864,359.2967,13.02249,0.755534,0.9854601,0.1857809,-0.9458957,0.03774659,-0.4093829,SelectionStart
14.7296,24,2,3,0,0.8461593,0.9885751,0.2304791,19.21864,359.2967,13.02249,0.755534,0.9854601,0.1857809,-0.9458957,0.03774659,-0.4093829,SelectionEnd
14.73302,24,2,3,0,0.8461593,0.9885751,0.2304791,19.21864,359.2967,13.02249,0.755534,0.9854601,0.1857809,-0.9458957,0.03774659,-0.4093829,GotSelection
14.78732,24,2,3,0,0.8443048,0.9895238,0.2320674,19.28262,358.9963,13.29739,0.7540754,0.9779373,0.1832372,-0.9664519,-0.04977427,-0.4158876,SelectionStart
14.78734,24,2,3,0,0.8443048,0.9895238,0.2320674,19.28262,358.9963,13.29739,0.7540754,0.9779373,0.1832372,-0.9664519,-0.04977427,-0.4158876,SelectionEnd
14.79095,24,2,3,0,0.8443048,0.9895238,0.2320674,19.28262,358.9963,13.29739,0.7540754,0.9779373,0.1832372,-0.9664519,-0.04977427,-0.4158876,GotSelection
14.85625,24,2,3,0,0.8412397,0.9914545,0.234391,19.40241,358.6713,13.87124,0.7551881,0.9705471,0.181574,-0.9536981,-0.149079,-0.4180374,SelectionStart
14.85629,24,2,3,0,0.8412397,0.9914545,0.234391,19.40241,358.6713,13.87124,0.7551881,0.9705471,0.181574,-0.9536981,-0.149079,-0.4180374,SelectionEnd
14.85976,24,2,3,0,0.8412397,0.9914545,0.234391,19.40241,358.6713,13.87124,0.7551881,0.9705471,0.181574,-0.9536981,-0.149079,-0.4180374,GotSelection
14.87122,24,2,3,0,0.8405432,0.9918309,0.2347293,19.4027,358.5752,13.96411,0.7556241,0.9691757,0.1810357,-0.9484668,-0.1688733,-0.4194064,SelectionStart
14.87124,24,2,3,0,0.8405432,0.9918309,0.2347293,19.4027,358.5752,13.96411,0.7556241,0.9691757,0.1810357,-0.9484668,-0.1688733,-0.4194064,SelectionEnd
14.87453,24,2,3,0,0.8405432,0.9918309,0.2347293,19.4027,358.5752,13.96411,0.7556241,0.9691757,0.1810357,-0.9484668,-0.1688733,-0.4194064,GotSelection
14.88674,24,2,3,0,0.8398641,0.9924019,0.2351662,19.40837,358.4689,14.07664,0.7559258,0.9676397,0.1805603,-0.9458647,-0.1914089,-0.4197115,SelectionStart
14.88676,24,2,3,0,0.8398641,0.9924019,0.2351662,19.40837,358.4689,14.07664,0.7559258,0.9676397,0.1805603,-0.9458647,-0.1914089,-0.4197115,SelectionEnd
14.89018,24,2,3,0,0.8398641,0.9924019,0.2351662,19.40837,358.4689,14.07664,0.7559258,0.9676397,0.1805603,-0.9458647,-0.1914089,-0.4197115,GotSelection
14.90032,24,2,3,0,0.8395332,0.992692,0.235488,19.41635,358.3913,14.16816,0.7561216,0.9666595,0.1803442,-0.945178,-0.2043418,-0.419549,SelectionStart
14.90034,24,2,3,0,0.8395332,0.992692,0.235488,19.41635,358.3913,14.16816,0.7561216,0.9666595,0.1803442,-0.945178,-0.2043418,-0.419549,SelectionEnd
14.90415,24,2,3,0,0.8395332,0.992692,0.235488,19.41635,358.3913,14.16816,0.7561216,0.9666595,0.1803442,-0.945178,-0.2043418,-0.419549,GotSelection
14.91432,24,2,3,0,0.8387432,0.9933118,0.2360037,19.42011,358.2941,14.32338,0.7566896,0.9651932,0.1799446,-0.9391178,-0.2270516,-0.4202484,SelectionStart
14.91434,24,2,3,0,0.8387432,0.9933118,0.2360037,19.42011,358.2941,14.32338,0.7566896,0.9651932,0.1799446,-0.9391178,-0.2270516,-0.4202484,SelectionEnd
14.91787,24,2,3,0,0.8387432,0.9933118,0.2360037,19.42011,358.2941,14.32338,0.7566896,0.9651932,0.1799446,-0.9391178,-0.2270516,-0.4202484,GotSelection
14.92892,24,2,3,0,0.8379595,0.9938806,0.2365026,19.42065,358.2106,14.47556,0.7571827,0.9638112,0.1793908,-0.9337228,-0.2488915,-0.4229607,SelectionStart
14.92893,24,2,3,0,0.8379595,0.9938806,0.2365026,19.42065,358.2106,14.47556,0.7571827,0.9638112,0.1793908,-0.9337228,-0.2488915,-0.4229607,SelectionEnd
14.93246,24,2,3,0,0.8379595,0.9938806,0.2365026,19.42065,358.2106,14.47556,0.7571827,0.9638112,0.1793908,-0.9337228,-0.2488915,-0.4229607,GotSelection
14.94254,24,2,3,0,0.8372282,0.9943972,0.2368509,19.42673,358.161,14.59452,0.7577173,0.9625537,0.1789265,-0.9274491,-0.2691426,-0.4244073,SelectionStart
14.94256,24,2,3,0,0.8372282,0.9943972,0.2368509,19.42673,358.161,14.59452,0.7577173,0.9625537,0.1789265,-0.9274491,-0.2691426,-0.4244073,SelectionEnd
14.94588,24,2,3,0,0.8372282,0.9943972,0.2368509,19.42673,358.161,14.59452,0.7577173,0.9625537,0.1789265,-0.9274491,-0.2691426,-0.4244073,GotSelection
14.95578,24,2,3,0,0.8365024,0.9948969,0.2371202,19.44642,358.1222,14.72852,0.7583756,0.9611649,0.1785391,-0.920223,-0.2902447,-0.424044,SelectionStart
14.9558,24,2,3,0,0.8365024,0.9948969,0.2371202,19.44642,358.1222,14.72852,0.7583756,0.9611649,0.1785391,-0.920223,-0.2902447,-0.424044,SelectionEnd
14.95902,24,2,3,0,0.8365024,0.9948969,0.2371202,19.44642,358.1222,14.72852,0.7583756,0.9611649,0.1785391,-0.920223,-0.2902447,-0.424044,GotSelection
14.97206,24,2,3,0,0.8357254,0.9954545,0.2374465,19.46704,358.0798,14.87368,0.7591334,0.9595755,0.1783207,-0.9122277,-0.3136429,-0.4217207,SelectionStart
14.97208,24,2,3,0,0.8357254,0.9954545,0.2374465,19.46704,358.0798,14.87368,0.7591334,0.9595755,0.1783207,-0.9122277,-0.3136429,-0.4217207,SelectionEnd
14.97534,24,2,3,0,0.8357254,0.9954545,0.2374465,19.46704,358.0798,14.87368,0.7591334,0.9595755,0.1783207,-0.9122277,-0.3136429,-0.4217207,GotSelection
14.98885,24,2,3,0,0.8348368,0.9961779,0.237862,19.49009,357.9982,15.05903,0.7597157,0.9582044,0.1778445,-0.9058683,-0.3366352,-0.4223633,SelectionStart
14.98887,24,2,3,0,0.8348368,0.9961779,0.237862,19.49009,357.9982,15.05903,0.7597157,0.9582044,0.1778445,-0.9058683,-0.3366352,-0.4223633,SelectionEnd
14.99243,24,2,3,0,0.8348368,0.9961779,0.237862,19.49009,357.9982,15.05903,0.7597157,0.9582044,0.1778445,-0.9058683,-0.3366352,-0.4223633,GotSelection
15.00345,24,2,3,0,0.8339097,0.9968104,0.2383882,19.50701,357.9191,15.23376,0.7604671,0.9568549,0.1774115,-0.8973576,-0.3595743,-0.4242258,SelectionStart
15.00346,24,2,3,0,0.8339097,0.9968104,0.2383882,19.50701,357.9191,15.23376,0.7604671,0.9568549,0.1774115,-0.8973576,-0.3595743,-0.4242258,SelectionEnd
15.00683,24,2,3,0,0.8339097,0.9968104,0.2383882,19.50701,357.9191,15.23376,0.7604671,0.9568549,0.1774115,-0.8973576,-0.3595743,-0.4242258,GotSelection
15.04649,24,2,3,0,0.8311835,0.9987103,0.2397663,19.58693,357.7274,15.77261,0.7621967,0.9534655,0.1758689,-0.8766568,-0.4214514,-0.4326357,SelectionStart
15.04651,24,2,3,0,0.8311835,0.9987103,0.2397663,19.58693,357.7274,15.77261,0.7621967,0.9534655,0.1758689,-0.8766568,-0.4214514,-0.4326357,SelectionEnd
15.04984,24,2,3,0,0.8311835,0.9987103,0.2397663,19.58693,357.7274,15.77261,0.7621967,0.9534655,0.1758689,-0.8766568,-0.4214514,-0.4326357,GotSelection
15.06117,24,2,3,0,0.8304253,0.9993059,0.2399735,19.59222,357.7293,15.93084,0.7629203,0.952302,0.1753118,-0.8689952,-0.4421048,-0.4344859,SelectionStart
15.0612,24,2,3,0,0.8304253,0.9993059,0.2399735,19.59222,357.7293,15.93084,0.7629203,0.952302,0.1753118,-0.8689952,-0.4421048,-0.4344859,SelectionEnd
15.06488,24,2,3,0,0.8304253,0.9993059,0.2399735,19.59222,357.7293,15.93084,0.7629203,0.952302,0.1753118,-0.8689952,-0.4421048,-0.4344859,GotSelection
15.07512,24,2,3,0,0.8298767,0.9998083,0.2400822,19.59811,357.7227,16.05455,0.7635121,0.9514815,0.1750143,-0.8629525,-0.4570945,-0.4341494,SelectionStart
15.07514,24,2,3,0,0.8298767,0.9998083,0.2400822,19.59811,357.7227,16.05455,0.7635121,0.9514815,0.1750143,-0.8629525,-0.4570945,-0.4341494,SelectionEnd
15.07844,24,2,3,0,0.8298767,0.9998083,0.2400822,19.59811,357.7227,16.05455,0.7635121,0.9514815,0.1750143,-0.8629525,-0.4570945,-0.4341494,GotSelection
15.08895,24,2,3,0,0.8289728,1.000502,0.2404007,19.61016,357.6906,16.23917,0.7644908,0.9505606,0.1747233,-0.8515629,-0.4766184,-0.4346887,SelectionStart
15.08898,24,2,3,0,0.8289728,1.000502,0.2404007,19.61016,357.6906,16.23917,0.7644908,0.9505606,0.1747233,-0.8515629,-0.4766184,-0.4346887,SelectionEnd
15.09258,24,2,3,0,0.8289728,1.000502,0.2404007,19.61016,357.6906,16.23917,0.7644908,0.9505606,0.1747233,-0.8515629,-0.4766184,-0.4346887,GotSelection
15.11084,24,2,3,0,0.8276413,1.001338,0.2410348,19.64973,357.5552,16.48433,0.7657425,0.9494815,0.1742532,-0.8365945,-0.5012765,-0.4377723,SelectionStart
15.11089,24,2,3,0,0.8276413,1.001338,0.2410348,19.64973,357.5552,16.48433,0.7657425,0.9494815,0.1742532,-0.8365945,-0.5012765,-0.4377723,SelectionEnd
15.11792,24,2,3,0,0.8276413,1.001338,0.2410348,19.64973,357.5552,16.48433,0.7657425,0.9494815,0.1742532,-0.8365945,-0.5012765,-0.4377723,GotSelection
15.1327,24,2,3,0,0.8263041,1.002224,0.2416261,19.66004,357.4361,16.71393,0.7673799,0.9480922,0.173865,-0.8185644,-0.5303439,-0.4392186,SelectionStart
15.13273,24,2,3,0,0.8263041,1.002224,0.2416261,19.66004,357.4361,16.71393,0.7673799,0.9480922,0.173865,-0.8185644,-0.5303439,-0.4392186,SelectionEnd
15.13654,24,2,3,0,0.8263041,1.002224,0.2416261,19.66004,357.4361,16.71393,0.7673799,0.9480922,0.173865,-0.8185644,-0.5303439,-0.4392186,GotSelection
15.14728,24,2,3,0,0.8254538,1.002676,0.241881,19.63561,357.3989,16.82008,0.7685825,0.9474099,0.1737212,-0.8036562,-0.5464368,-0.4399821,SelectionStart
15.1473,24,2,3,0,0.8254538,1.002676,0.241881,19.63561,357.3989,16.82008,0.7685825,0.9474099,0.1737212,-0.8036562,-0.5464368,-0.4399821,SelectionEnd
15.1507,24,2,3,0,0.8254538,1.002676,0.241881,19.63561,357.3989,16.82008,0.7685825,0.9474099,0.1737212,-0.8036562,-0.5464368,-0.4399821,GotSelection
15.16158,24,2,3,0,0.8247476,1.003148,0.2420629,19.60585,357.3646,16.92378,0.7697785,0.946657,0.1735689,-0.7903734,-0.5627695,-0.4398859,SelectionStart
15.1616,24,2,3,0,0.8247476,1.003148,0.2420629,19.60585,357.3646,16.92378,0.7697785,0.946657,0.1735689,-0.7903734,-0.5627695,-0.4398859,SelectionEnd
15.16521,24,2,3,0,0.8247476,1.003148,0.2420629,19.60585,357.3646,16.92378,0.7697785,0.946657,0.1735689,-0.7903734,-0.5627695,-0.4398859,GotSelection
15.17545,24,2,3,0,0.8243265,1.003403,0.242033,19.57336,357.3644,16.98956,0.7705433,0.9462741,0.1735679,-0.7811935,-0.5711027,-0.4383871,SelectionStart
15.17548,24,2,3,0,0.8243265,1.003403,0.242033,19.57336,357.3644,16.98956,0.7705433,0.9462741,0.1735679,-0.7811935,-0.5711027,-0.4383871,SelectionEnd
15.17872,24,2,3,0,0.8243265,1.003403,0.242033,19.57336,357.3644,16.98956,0.7705433,0.9462741,0.1735679,-0.7811935,-0.5711027,-0.4383871,GotSelection
15.18812,24,2,3,0,0.823791,1.003767,0.2421619,19.5578,357.3398,17.07227,0.7715179,0.9458513,0.1735822,-0.76998,-0.5820262,-0.437451,SelectionStart
15.18814,24,2,3,0,0.823791,1.003767,0.2421619,19.5578,357.3398,17.07227,0.7715179,0.9458513,0.1735822,-0.76998,-0.5820262,-0.437451,SelectionEnd
15.19138,24,2,3,0,0.823791,1.003767,0.2421619,19.5578,357.3398,17.07227,0.7715179,0.9458513,0.1735822,-0.76998,-0.5820262,-0.437451,GotSelection
15.23392,24,2,3,0,0.8218573,1.005029,0.2423526,19.51267,357.2589,17.2696,0.7755842,0.9443956,0.1735594,-0.7226871,-0.6232097,-0.4328627,SelectionStart
15.23395,24,2,3,0,0.8218573,1.005029,0.2423526,19.51267,357.2589,17.2696,0.7755842,0.9443956,0.1735594,-0.7226871,-0.6232097,-0.4328627,SelectionEnd
15.23721,24,2,3,0,0.8218573,1.005029,0.2423526,19.51267,357.2589,17.2696,0.7755842,0.9443956,0.1735594,-0.7226871,-0.6232097,-0.4328627,GotSelection
15.24683,24,2,3,0,0.8214,1.005276,0.2425299,19.50698,357.2434,17.33037,0.7766744,0.9440913,0.1736303,-0.7102541,-0.6326313,-0.4326743,SelectionStart
15.24686,24,2,3,0,0.8214,1.005276,0.2425299,19.50698,357.2434,17.33037,0.7766744,0.9440913,0.1736303,-0.7102541,-0.6326313,-0.4326743,SelectionEnd
15.25017,24,2,3,0,0.8214,1.005276,0.2425299,19.50698,357.2434,17.33037,0.7766744,0.9440913,0.1736303,-0.7102541,-0.6326313,-0.4326743,GotSelection
15.26199,24,2,3,0,0.8208292,1.005686,0.2426195,19.48621,357.2282,17.44195,0.7782986,0.9436389,0.1735034,-0.6931736,-0.6466351,-0.4330135,SelectionStart
15.262,24,2,3,0,0.8208292,1.005686,0.2426195,19.48621,357.2282,17.44195,0.7782986,0.9436389,0.1735034,-0.6931736,-0.6466351,-0.4330135,SelectionEnd
15.26537,24,2,3,0,0.8208292,1.005686,0.2426195,19.48621,357.2282,17.44195,0.7782986,0.9436389,0.1735034,-0.6931736,-0.6466351,-0.4330135,GotSelection
15.27583,24,2,3,0,0.8201274,1.006087,0.2427607,19.47351,357.209,17.56235,0.7796946,0.9430573,0.1735871,-0.6773691,-0.6609347,-0.4312404,SelectionStart
15.27585,24,2,3,0,0.8201274,1.006087,0.2427607,19.47351,357.209,17.56235,0.7796946,0.9430573,0.1735871,-0.6773691,-0.6609347,-0.4312404,SelectionEnd
15.27914,24,2,3,0,0.8201274,1.006087,0.2427607,19.47351,357.209,17.56235,0.7796946,0.9430573,0.1735871,-0.6773691,-0.6609347,-0.4312404,GotSelection
15.28976,24,2,3,0,0.8196005,1.006427,0.2429923,19.47426,357.164,17.65701,0.7807928,0.9427089,0.1732356,-0.6661333,-0.6729387,-0.4349329,SelectionStart
15.28979,24,2,3,0,0.8196005,1.006427,0.2429923,19.47426,357.164,17.65701,0.7807928,0.9427089,0.1732356,-0.6661333,-0.6729387,-0.4349329,SelectionEnd
15.29318,24,2,3,0,0.8196005,1.006427,0.2429923,19.47426,357.164,17.65701,0.7807928,0.9427089,0.1732356,-0.6661333,-0.6729387,-0.4349329,GotSelection
15.30415,24,2,3,0,0.818916,1.006786,0.2432519,19.47915,357.1069,17.74694,0.7824962,0.9424949,0.1732013,-0.6468942,-0.6855438,-0.4364878,SelectionStart
15.30417,24,2,3,0,0.818916,1.006786,0.2432519,19.47915,357.1069,17.74694,0.7824962,0.9424949,0.1732013,-0.6468942,-0.6855438,-0.4364878,SelectionEnd
15.30755,24,2,3,0,0.818916,1.006786,0.2432519,19.47915,357.1069,17.74694,0.7824962,0.9424949,0.1732013,-0.6468942,-0.6855438,-0.4364878,GotSelection
15.31714,24,2,3,0,0.8184607,1.007008,0.2433688,19.47832,357.0765,17.78578,0.7835568,0.9424834,0.1728055,-0.6345299,-0.6935964,-0.4411717,SelectionStart
15.31715,24,2,3,0,0.8184607,1.007008,0.2433688,19.47832,357.0765,17.78578,0.7835568,0.9424834,0.1728055,-0.6345299,-0.6935964,-0.4411717,SelectionEnd
15.32046,24,2,3,0,0.8184607,1.007008,0.2433688,19.47832,357.0765,17.78578,0.7835568,0.9424834,0.1728055,-0.6345299,-0.6935964,-0.4411717,GotSelection
15.33022,24,2,3,0,0.8180217,1.007162,0.2434622,19.46819,357.0421,17.8066,0.7849777,0.9419519,0.1723941,-0.6199885,-0.707029,-0.4445402,SelectionStart
15.33023,24,2,3,0,0.8180217,1.007162,0.2434622,19.46819,357.0421,17.8066,0.7849777,0.9419519,0.1723941,-0.6199885,-0.707029,-0.4445402,SelectionEnd
15.33366,24,2,3,0,0.8180217,1.007162,0.2434622,19.46819,357.0421,17.8066,0.7849777,0.9419519,0.1723941,-0.6199885,-0.707029,-0.4445402,GotSelection
15.3453,24,2,3,0,0.8176041,1.007303,0.2434128,19.45135,357.0224,17.8271,0.7864527,0.9415199,0.1722519,-0.6039929,-0.7183126,-0.4445665,SelectionStart
15.34532,24,2,3,0,0.8176041,1.007303,0.2434128,19.45135,357.0224,17.8271,0.7864527,0.9415199,0.1722519,-0.6039929,-0.7183126,-0.4445665,SelectionEnd
15.34914,24,2,3,0,0.8176041,1.007303,0.2434128,19.45135,357.0224,17.8271,0.7864527,0.9415199,0.1722519,-0.6039929,-0.7183126,-0.4445665,GotSelection
15.35892,24,2,3,0,0.8173655,1.007563,0.2435325,19.44147,356.9985,17.85106,0.7876009,0.9413011,0.1722614,-0.5927452,-0.7271369,-0.4447075,SelectionStart
15.35893,24,2,3,0,0.8173655,1.007563,0.2435325,19.44147,356.9985,17.85106,0.7876009,0.9413011,0.1722614,-0.5927452,-0.7271369,-0.4447075,SelectionEnd
15.36245,24,2,3,0,0.8173655,1.007563,0.2435325,19.44147,356.9985,17.85106,0.7876009,0.9413011,0.1722614,-0.5927452,-0.7271369,-0.4447075,GotSelection
15.37334,24,2,3,0,0.8168958,1.007891,0.2437312,19.41983,356.9452,17.92348,0.789184,0.9413457,0.1723485,-0.5754429,-0.7356555,-0.4458975,SelectionStart
15.37337,24,2,3,0,0.8168958,1.007891,0.2437312,19.41983,356.9452,17.92348,0.789184,0.9413457,0.1723485,-0.5754429,-0.7356555,-0.4458975,SelectionEnd
15.37673,24,2,3,0,0.8168958,1.007891,0.2437312,19.41983,356.9452,17.92348,0.789184,0.9413457,0.1723485,-0.5754429,-0.7356555,-0.4458975,GotSelection
15.4184,24,2,3,0,0.8158255,1.008176,0.2439668,19.39885,356.8513,18.02812,0.7941544,0.9410087,0.1722635,-0.5219827,-0.7606976,-0.4498883,SelectionStart
15.41843,24,2,3,0,0.8158255,1.008176,0.2439668,19.39885,356.8513,18.02812,0.7941544,0.9410087,0.1722635,-0.5219827,-0.7606976,-0.4498883,SelectionEnd
15.4218,24,2,3,0,0.8158255,1.008176,0.2439668,19.39885,356.8513,18.02812,0.7941544,0.9410087,0.1722635,-0.5219827,-0.7606976,-0.4498883,GotSelection
15.43425,24,2,3,0,0.8154947,1.008285,0.2440365,19.39883,356.818,18.0451,0.7959646,0.9406985,0.1724232,-0.5030827,-0.7710608,-0.4486057,SelectionStart
15.43427,24,2,3,0,0.8154947,1.008285,0.2440365,19.39883,356.818,18.0451,0.7959646,0.9406985,0.1724232,-0.5030827,-0.7710608,-0.4486057,SelectionEnd
15.4377,24,2,3,0,0.8154947,1.008285,0.2440365,19.39883,356.818,18.0451,0.7959646,0.9406985,0.1724232,-0.5030827,-0.7710608,-0.4486057,GotSelection
15.44839,24,2,3,0,0.8150819,1.008445,0.2442222,19.39799,356.7751,18.06991,0.797654,0.9404639,0.1725696,-0.4849156,-0.7813658,-0.4486283,SelectionStart
15.44842,24,2,3,0,0.8150819,1.008445,0.2442222,19.39799,356.7751,18.06991,0.797654,0.9404639,0.1725696,-0.4849156,-0.7813658,-0.4486283,SelectionEnd
15.45201,24,2,3,0,0.8150819,1.008445,0.2442222,19.39799,356.7751,18.06991,0.797654,0.9404639,0.1725696,-0.4849156,-0.7813658,-0.4486283,GotSelection
15.46411,24,2,3,0,0.8147827,1.008681,0.2444111,19.39902,356.7476,18.10376,0.7993959,0.9402288,0.1725356,-0.4678263,-0.7927654,-0.4501719,SelectionStart
15.46413,24,2,3,0,0.8147827,1.008681,0.2444111,19.39902,356.7476,18.10376,0.7993959,0.9402288,0.1725356,-0.4678263,-0.7927654,-0.4501719,SelectionEnd
15.46759,24,2,3,0,0.8147827,1.008681,0.2444111,19.39902,356.7476,18.10376,0.7993959,0.9402288,0.1725356,-0.4678263,-0.7927654,-0.4501719,GotSelection
15.47928,24,2,3,0,0.81451,1.008956,0.244443,19.408,356.754,18.165,0.8010281,0.9399988,0.1724563,-0.4519931,-0.8037213,-0.4504445,SelectionStart
15.47929,24,2,3,0,0.81451,1.008956,0.244443,19.408,356.754,18.165,0.8010281,0.9399988,0.1724563,-0.4519931,-0.8037213,-0.4504445,SelectionEnd
15.48293,24,2,3,0,0.81451,1.008956,0.244443,19.408,356.754,18.165,0.8010281,0.9399988,0.1724563,-0.4519931,-0.8037213,-0.4504445,GotSelection
15.49397,24,2,3,0,0.8141558,1.009209,0.2445652,19.41572,356.7569,18.23839,0.8028018,0.9397843,0.1724595,-0.4341482,-0.8150131,-0.4510476,SelectionStart
15.49399,24,2,3,0,0.8141558,1.009209,0.2445652,19.41572,356.7569,18.23839,0.8028018,0.9397843,0.1724595,-0.4341482,-0.8150131,-0.4510476,SelectionEnd
15.49727,24,2,3,0,0.8141558,1.009209,0.2445652,19.41572,356.7569,18.23839,0.8028018,0.9397843,0.1724595,-0.4341482,-0.8150131,-0.4510476,GotSelection
15.50718,24,2,3,0,0.8138408,1.009386,0.2447398,19.44024,356.7513,18.29094,0.8041269,0.9394123,0.1724268,-0.4212531,-0.8259618,-0.4516628,SelectionStart
15.5072,24,2,3,0,0.8138408,1.009386,0.2447398,19.44024,356.7513,18.29094,0.8041269,0.9394123,0.1724268,-0.4212531,-0.8259618,-0.4516628,SelectionEnd
15.51042,24,2,3,0,0.8138408,1.009386,0.2447398,19.44024,356.7513,18.29094,0.8041269,0.9394123,0.1724268,-0.4212531,-0.8259618,-0.4516628,GotSelection
15.52113,24,2,3,0,0.8134916,1.009557,0.2448478,19.44734,356.7516,18.36565,0.8055091,0.939195,0.172543,-0.406874,-0.8348544,-0.451099,SelectionStart
15.52116,24,2,3,0,0.8134916,1.009557,0.2448478,19.44734,356.7516,18.36565,0.8055091,0.939195,0.172543,-0.406874,-0.8348544,-0.451099,SelectionEnd
15.52474,24,2,3,0,0.8134916,1.009557,0.2448478,19.44734,356.7516,18.36565,0.8055091,0.939195,0.172543,-0.406874,-0.8348544,-0.451099,GotSelection
15.53539,24,2,3,0,0.8130362,1.009819,0.2450393,19.45121,356.7316,18.45776,0.8072667,0.9391273,0.1723516,-0.3888474,-0.8458499,-0.4547656,SelectionStart
15.53541,24,2,3,0,0.8130362,1.009819,0.2450393,19.45121,356.7316,18.45776,0.8072667,0.9391273,0.1723516,-0.3888474,-0.8458499,-0.4547656,SelectionEnd
15.53934,24,2,3,0,0.8130362,1.009819,0.2450393,19.45121,356.7316,18.45776,0.8072667,0.9391273,0.1723516,-0.3888474,-0.8458499,-0.4547656,GotSelection
15.5513,24,2,3,0,0.8126341,1.009964,0.2451016,19.46354,356.7234,18.53548,0.8090521,0.9389604,0.1723979,-0.3701134,-0.8557567,-0.454848,SelectionStart
15.55132,24,2,3,0,0.8126341,1.009964,0.2451016,19.46354,356.7234,18.53548,0.8090521,0.9389604,0.1723979,-0.3701134,-0.8557567,-0.454848,SelectionEnd
15.55457,24,2,3,0,0.8126341,1.009964,0.2451016,19.46354,356.7234,18.53548,0.8090521,0.9389604,0.1723979,-0.3701134,-0.8557567,-0.454848,GotSelection
15.56429,24,2,3,0,0.812328,1.010088,0.2451786,19.47626,356.7221,18.5805,0.811011,0.9387695,0.1725891,-0.3498843,-0.865844,-0.4537201,SelectionStart
15.56432,24,2,3,0,0.812328,1.010088,0.2451786,19.47626,356.7221,18.5805,0.811011,0.9387695,0.1725891,-0.3498843,-0.865844,-0.4537201,SelectionEnd
15.56757,24,2,3,0,0.812328,1.010088,0.2451786,19.47626,356.7221,18.5805,0.811011,0.9387695,0.1725891,-0.3498843,-0.865844,-0.4537201,GotSelection
15.60749,24,2,3,0,0.8116785,1.010346,0.2454585,19.49333,356.6324,18.59945,0.8169128,0.9387574,0.173038,-0.2890346,-0.8899363,-0.4545163,SelectionStart
15.60751,24,2,3,0,0.8116785,1.010346,0.2454585,19.49333,356.6324,18.59945,0.8169128,0.9387574,0.173038,-0.2890346,-0.8899363,-0.4545163,SelectionEnd
15.61102,24,2,3,0,0.8116785,1.010346,0.2454585,19.49333,356.6324,18.59945,0.8169128,0.9387574,0.173038,-0.2890346,-0.8899363,-0.4545163,GotSelection
15.62093,24,2,3,0,0.8114341,1.010478,0.2456481,19.49258,356.5959,18.61764,0.8184618,0.9390596,0.1730901,-0.2722746,-0.8947256,-0.4574597,SelectionStart
15.62095,24,2,3,0,0.8114341,1.010478,0.2456481,19.49258,356.5959,18.61764,0.8184618,0.9390596,0.1730901,-0.2722746,-0.8947256,-0.4574597,SelectionEnd
15.6244,24,2,3,0,0.8114341,1.010478,0.2456481,19.49258,356.5959,18.61764,0.8184618,0.9390596,0.1730901,-0.2722746,-0.8947256,-0.4574597,GotSelection
15.63493,24,2,3,0,0.811282,1.010514,0.24562,19.45965,356.5819,18.64256,0.8208917,0.9387066,0.1741024,-0.2474737,-0.9036105,-0.4481707,SelectionStart
15.63494,24,2,3,0,0.811282,1.010514,0.24562,19.45965,356.5819,18.64256,0.8208917,0.9387066,0.1741024,-0.2474737,-0.9036105,-0.4481707,SelectionEnd
15.63822,24,2,3,0,0.811282,1.010514,0.24562,19.45965,356.5819,18.64256,0.8208917,0.9387066,0.1741024,-0.2474737,-0.9036105,-0.4481707,GotSelection
15.64803,24,2,3,0,0.8111182,1.010619,0.245666,19.45788,356.5781,18.67359,0.8226741,0.9388275,0.1745555,-0.2286286,-0.9087907,-0.4454669,SelectionStart
15.64806,24,2,3,0,0.8111182,1.010619,0.245666,19.45788,356.5781,18.67359,0.8226741,0.9388275,0.1745555,-0.2286286,-0.9087907,-0.4454669,SelectionEnd
15.65137,24,2,3,0,0.8111182,1.010619,0.245666,19.45788,356.5781,18.67359,0.8226741,0.9388275,0.1745555,-0.2286286,-0.9087907,-0.4454669,GotSelection
15.66236,24,2,3,0,0.8108384,1.010733,0.2457886,19.46131,356.5584,18.69797,0.825141,0.9389095,0.17517,-0.2022278,-0.9169533,-0.4421886,SelectionStart
15.66238,24,2,3,0,0.8108384,1.010733,0.2457886,19.46131,356.5584,18.69797,0.825141,0.9389095,0.17517,-0.2022278,-0.9169533,-0.4421886,SelectionEnd
15.66587,24,2,3,0,0.8108384,1.010733,0.2457886,19.46131,356.5584,18.69797,0.825141,0.9389095,0.17517,-0.2022278,-0.9169533,-0.4421886,GotSelection
15.67619,24,2,3,0,0.8107398,1.01074,0.2458279,19.47397,356.5471,18.71099,0.826995,0.939146,0.1756572,-0.1824453,-0.9202754,-0.4396115,SelectionStart
15.6762,24,2,3,0,0.8107398,1.01074,0.2458279,19.47397,356.5471,18.71099,0.826995,0.939146,0.1756572,-0.1824453,-0.9202754,-0.4396115,SelectionEnd
15.67966,24,2,3,0,0.8107398,1.01074,0.2458279,19.47397,356.5471,18.71099,0.826995,0.939146,0.1756572,-0.1824453,-0.9202754,-0.4396115,GotSelection
15.69082,24,2,3,0,0.8106234,1.010776,0.2458303,19.46757,356.5387,18.7127,0.8293862,0.9396993,0.176349,-0.1557884,-0.9220789,-0.4363305,SelectionStart
15.69084,24,2,3,0,0.8106234,1.010776,0.2458303,19.46757,356.5387,18.7127,0.8293862,0.9396993,0.176349,-0.1557884,-0.9220789,-0.4363305,SelectionEnd
15.69417,24,2,3,0,0.8106234,1.010776,0.2458303,19.46757,356.5387,18.7127,0.8293862,0.9396993,0.176349,-0.1557884,-0.9220789,-0.4363305,GotSelection
15.70441,24,2,3,0,0.8105543,1.010751,0.2457945,19.45333,356.5484,18.69822,0.8313079,0.9400461,0.1768289,-0.1343241,-0.9239911,-0.4339996,SelectionStart
15.70443,24,2,3,0,0.8105543,1.010751,0.2457945,19.45333,356.5484,18.69822,0.8313079,0.9400461,0.1768289,-0.1343241,-0.9239911,-0.4339996,SelectionEnd
15.70776,24,2,3,0,0.8105543,1.010751,0.2457945,19.45333,356.5484,18.69822,0.8313079,0.9400461,0.1768289,-0.1343241,-0.9239911,-0.4339996,GotSelection
15.71789,24,2,3,0,0.8104963,1.010751,0.2457565,19.43528,356.5495,18.69553,0.8335655,0.940484,0.1770616,-0.1102352,-0.9270672,-0.4345149,SelectionStart
15.7179,24,2,3,0,0.8104963,1.010751,0.2457565,19.43528,356.5495,18.69553,0.8335655,0.940484,0.1770616,-0.1102352,-0.9270672,-0.4345149,SelectionEnd
15.72135,24,2,3,0,0.8104963,1.010751,0.2457565,19.43528,356.5495,18.69553,0.8335655,0.940484,0.1770616,-0.1102352,-0.9270672,-0.4345149,GotSelection
15.73122,24,2,3,0,0.8103396,1.010866,0.2458615,19.4315,356.525,18.71822,0.8351226,0.9406161,0.177395,-0.09403981,-0.9320152,-0.4335175,SelectionStart
15.73124,24,2,3,0,0.8103396,1.010866,0.2458615,19.4315,356.525,18.71822,0.8351226,0.9406161,0.177395,-0.09403981,-0.9320152,-0.4335175,SelectionEnd
15.7346,24,2,3,0,0.8103396,1.010866,0.2458615,19.4315,356.525,18.71822,0.8351226,0.9406161,0.177395,-0.09403981,-0.9320152,-0.4335175,GotSelection
15.77666,24,2,3,0,0.8099383,1.01117,0.2460473,19.42219,356.4762,18.78604,0.8424141,0.942102,0.1790567,-0.01592375,-0.9432431,-0.4282194,SelectionStart
15.77669,24,2,3,0,0.8099383,1.01117,0.2460473,19.42219,356.4762,18.78604,0.8424141,0.942102,0.1790567,-0.01592375,-0.9432431,-0.4282194,SelectionEnd
15.78046,24,2,3,0,0.8099383,1.01117,0.2460473,19.42219,356.4762,18.78604,0.8424141,0.942102,0.1790567,-0.01592375,-0.9432431,-0.4282194,GotSelection
15.78996,24,2,3,0,0.8098887,1.011218,0.2460093,19.4043,356.4657,18.78249,0.8441165,0.9427453,0.17951,0.003493563,-0.9422901,-0.4268861,SelectionStart
15.78999,24,2,3,0,0.8098887,1.011218,0.2460093,19.4043,356.4657,18.78249,0.8441165,0.9427453,0.17951,0.003493563,-0.9422901,-0.4268861,SelectionEnd
15.79341,24,2,3,0,0.8098887,1.011218,0.2460093,19.4043,356.4657,18.78249,0.8441165,0.9427453,0.17951,0.003493563,-0.9422901,-0.4268861,GotSelection
15.80518,24,2,3,0,0.8098354,1.011214,0.2460469,19.39818,356.4348,18.7684,0.8464921,0.9434314,0.1800666,0.02962969,-0.9427714,-0.4259465,SelectionStart
15.8052,24,2,3,0,0.8098354,1.011214,0.2460469,19.39818,356.4348,18.7684,0.8464921,0.9434314,0.1800666,0.02962969,-0.9427714,-0.4259465,SelectionEnd
15.80842,24,2,3,0,0.8098354,1.011214,0.2460469,19.39818,356.4348,18.7684,0.8464921,0.9434314,0.1800666,0.02962969,-0.9427714,-0.4259465,GotSelection
15.82008,24,2,3,0,0.8097751,1.011261,0.2461413,19.39772,356.4059,18.77247,0.8487642,0.9439562,0.1806779,0.053894,-0.94492,-0.4241724,SelectionStart
15.82009,24,2,3,0,0.8097751,1.011261,0.2461413,19.39772,356.4059,18.77247,0.8487642,0.9439562,0.1806779,0.053894,-0.94492,-0.4241724,SelectionEnd
15.82332,24,2,3,0,0.8097751,1.011261,0.2461413,19.39772,356.4059,18.77247,0.8487642,0.9439562,0.1806779,0.053894,-0.94492,-0.4241724,GotSelection
15.83407,24,2,3,0,0.8096707,1.011337,0.2461587,19.38947,356.3917,18.77775,0.8508997,0.9446945,0.1810424,0.07773525,-0.945557,-0.4246482,SelectionStart
15.83408,24,2,3,0,0.8096707,1.011337,0.2461587,19.38947,356.3917,18.77775,0.8508997,0.9446945,0.1810424,0.07773525,-0.945557,-0.4246482,SelectionEnd
15.83751,24,2,3,0,0.8096707,1.011337,0.2461587,19.38947,356.3917,18.77775,0.8508997,0.9446945,0.1810424,0.07773525,-0.945557,-0.4246482,GotSelection
15.84861,24,2,3,0,0.8096367,1.011443,0.2460438,19.3736,356.4176,18.79821,0.8525308,0.945263,0.1813778,0.09587894,-0.9457592,-0.4229688,SelectionStart
15.84863,24,2,3,0,0.8096367,1.011443,0.2460438,19.3736,356.4176,18.79821,0.8525308,0.945263,0.1813778,0.09587894,-0.9457592,-0.4229688,SelectionEnd
15.85195,24,2,3,0,0.8096367,1.011443,0.2460438,19.3736,356.4176,18.79821,0.8525308,0.945263,0.1813778,0.09587894,-0.9457592,-0.4229688,GotSelection
15.86208,24,2,3,0,0.8095551,1.011544,0.2459932,19.36582,356.4252,18.81652,0.8545625,0.9460619,0.1820546,0.1193064,-0.9445794,-0.4196774,SelectionStart
15.8621,24,2,3,0,0.8095551,1.011544,0.2459932,19.36582,356.4252,18.81652,0.8545625,0.9460619,0.1820546,0.1193064,-0.9445794,-0.4196774,SelectionEnd
15.86568,24,2,3,0,0.8095551,1.011544,0.2459932,19.36582,356.4252,18.81652,0.8545625,0.9460619,0.1820546,0.1193064,-0.9445794,-0.4196774,GotSelection
15.87565,24,2,3,0,0.809446,1.011611,0.2459311,19.35266,356.4284,18.83915,0.8561091,0.9464735,0.1824647,0.1367164,-0.9457622,-0.4174729,SelectionStart
15.87566,24,2,3,0,0.809446,1.011611,0.2459311,19.35266,356.4284,18.83915,0.8561091,0.9464735,0.1824647,0.1367164,-0.9457622,-0.4174729,SelectionEnd
15.87889,24,2,3,0,0.809446,1.011611,0.2459311,19.35266,356.4284,18.83915,0.8561091,0.9464735,0.1824647,0.1367164,-0.9457622,-0.4174729,GotSelection
15.88905,24,2,3,0,0.8093645,1.011667,0.245962,19.34931,356.4164,18.85419,0.8582099,0.947325,0.1829074,0.1603839,-0.9448945,-0.4176578,SelectionStart
15.88908,24,2,3,0,0.8093645,1.011667,0.245962,19.34931,356.4164,18.85419,0.8582099,0.947325,0.1829074,0.1603839,-0.9448945,-0.4176578,SelectionEnd
15.89232,24,2,3,0,0.8093645,1.011667,0.245962,19.34931,356.4164,18.85419,0.8582099,0.947325,0.1829074,0.1603839,-0.9448945,-0.4176578,GotSelection
15.90352,24,2,3,0,0.8093441,1.011527,0.2460305,19.35865,356.3775,18.83112,0.8598043,0.9479074,0.1830943,0.1781734,-0.9435436,-0.4200992,SelectionStart
15.90356,24,2,3,0,0.8093441,1.011527,0.2460305,19.35865,356.3775,18.83112,0.8598043,0.9479074,0.1830943,0.1781734,-0.9435436,-0.4200992,SelectionEnd
15.90723,24,2,3,0,0.8093441,1.011527,0.2460305,19.35865,356.3775,18.83112,0.8598043,0.9479074,0.1830943,0.1781734,-0.9435436,-0.4200992,GotSelection
15.91747,24,2,3,0,0.8092484,1.011512,0.2461549,19.35221,356.3316,18.81705,0.8616645,0.9489478,0.1835399,0.2004043,-0.9396502,-0.4222366,SelectionStart
15.9175,24,2,3,0,0.8092484,1.011512,0.2461549,19.35221,356.3316,18.81705,0.8616645,0.9489478,0.1835399,0.2004043,-0.9396502,-0.4222366,SelectionEnd
15.92141,24,2,3,0,0.8092484,1.011512,0.2461549,19.35221,356.3316,18.81705,0.8616645,0.9489478,0.1835399,0.2004043,-0.9396502,-0.4222366,GotSelection
15.9627,24,2,3,0,0.8093044,1.01153,0.2460894,19.32335,356.3165,18.8032,0.866573,0.9514125,0.1848553,0.2568928,-0.9298944,-0.4207707,SelectionStart
15.96272,24,2,3,0,0.8093044,1.01153,0.2460894,19.32335,356.3165,18.8032,0.866573,0.9514125,0.1848553,0.2568928,-0.9298944,-0.4207707,SelectionEnd
15.96612,24,2,3,0,0.8093044,1.01153,0.2460894,19.32335,356.3165,18.8032,0.866573,0.9514125,0.1848553,0.2568928,-0.9298944,-0.4207707,GotSelection
15.97601,24,2,3,0,0.8092848,1.011555,0.2460477,19.31006,356.3201,18.80936,0.8681026,0.952105,0.1848881,0.2738863,-0.9289352,-0.4234136,SelectionStart
15.97604,24,2,3,0,0.8092848,1.011555,0.2460477,19.31006,356.3201,18.80936,0.8681026,0.952105,0.1848881,0.2738863,-0.9289352,-0.4234136,SelectionEnd
15.97932,24,2,3,0,0.8092848,1.011555,0.2460477,19.31006,356.3201,18.80936,0.8681026,0.952105,0.1848881,0.2738863,-0.9289352,-0.4234136,GotSelection
15.99075,24,2,3,0,0.8092669,1.011645,0.2459679,19.29842,356.3306,18.82118,0.8695439,0.9528387,0.1851613,0.2904105,-0.9270869,-0.4231578,SelectionStart
15.99076,24,2,3,0,0.8092669,1.011645,0.2459679,19.29842,356.3306,18.82118,0.8695439,0.9528387,0.1851613,0.2904105,-0.9270869,-0.4231578,SelectionEnd
15.99406,24,2,3,0,0.8092669,1.011645,0.2459679,19.29842,356.3306,18.82118,0.8695439,0.9528387,0.1851613,0.2904105,-0.9270869,-0.4231578,GotSelection
16.00482,24,2,3,0,0.8092735,1.011556,0.2460732,19.31028,356.3038,18.81246,0.8704956,0.9530794,0.1851259,0.3000295,-0.9278195,-0.4262993,SelectionStart
16.00484,24,2,3,0,0.8092735,1.011556,0.2460732,19.31028,356.3038,18.81246,0.8704956,0.9530794,0.1851259,0.3000295,-0.9278195,-0.4262993,SelectionEnd
16.00829,24,2,3,0,0.8092735,1.011556,0.2460732,19.31028,356.3038,18.81246,0.8704956,0.9530794,0.1851259,0.3000295,-0.9278195,-0.4262993,GotSelection
16.02002,24,2,3,0,0.809251,1.011598,0.2461559,19.31142,356.2827,18.79952,0.8713362,0.9539553,0.185133,0.310698,-0.9233846,-0.4305646,SelectionStart
16.02004,24,2,3,0,0.809251,1.011598,0.2461559,19.31142,356.2827,18.79952,0.8713362,0.9539553,0.185133,0.310698,-0.9233846,-0.4305646,SelectionEnd
16.02341,24,2,3,0,0.809251,1.011598,0.2461559,19.31142,356.2827,18.79952,0.8713362,0.9539553,0.185133,0.310698,-0.9233846,-0.4305646,GotSelection
16.03327,24,2,3,0,0.8092796,1.01156,0.2462,19.3123,356.2762,18.78279,0.8721524,0.954431,0.185229,0.3201029,-0.9212095,-0.4323413,SelectionStart
16.03329,24,2,3,0,0.8092796,1.01156,0.2462,19.3123,356.2762,18.78279,0.8721524,0.954431,0.185229,0.3201029,-0.9212095,-0.4323413,SelectionEnd
16.03655,24,2,3,0,0.8092796,1.01156,0.2462,19.3123,356.2762,18.78279,0.8721524,0.954431,0.185229,0.3201029,-0.9212095,-0.4323413,GotSelection
16.04621,24,2,3,0,0.8093628,1.011467,0.2462115,19.30947,356.2735,18.76212,0.8726593,0.954799,0.1852585,0.3259211,-0.918291,-0.4340535,SelectionStart
16.04623,24,2,3,0,0.8093628,1.011467,0.2462115,19.30947,356.2735,18.76212,0.8726593,0.954799,0.1852585,0.3259211,-0.918291,-0.4340535,SelectionEnd
16.04958,24,2,3,0,0.8093628,1.011467,0.2462115,19.30947,356.2735,18.76212,0.8726593,0.954799,0.1852585,0.3259211,-0.918291,-0.4340535,GotSelection
16.05982,24,2,3,0,0.8094467,1.011366,0.2461803,19.3094,356.2881,18.73456,0.8729798,0.9551178,0.185269,0.3301725,-0.9150127,-0.4350714,SelectionStart
16.05984,24,2,3,0,0.8094467,1.011366,0.2461803,19.3094,356.2881,18.73456,0.8729798,0.9551178,0.185269,0.3301725,-0.9150127,-0.4350714,SelectionEnd
16.06325,24,2,3,0,0.8094467,1.011366,0.2461803,19.3094,356.2881,18.73456,0.8729798,0.9551178,0.185269,0.3301725,-0.9150127,-0.4350714,GotSelection
16.07458,24,2,3,0,0.8095566,1.011178,0.2462489,19.32561,356.2725,18.70498,0.873395,0.9556483,0.1852456,0.3353999,-0.9097354,-0.4385135,SelectionStart
16.07461,24,2,3,0,0.8095566,1.011178,0.2462489,19.32561,356.2725,18.70498,0.873395,0.9556483,0.1852456,0.3353999,-0.9097354,-0.4385135,SelectionEnd
16.07817,24,2,3,0,0.8095566,1.011178,0.2462489,19.32561,356.2725,18.70498,0.873395,0.9556483,0.1852456,0.3353999,-0.9097354,-0.4385135,GotSelection
16.08833,24,2,3,0,0.809642,1.011093,0.2463408,19.34126,356.2605,18.69225,0.8735816,0.9559558,0.1851618,0.3372992,-0.9070649,-0.4415056,SelectionStart
16.08836,24,2,3,0,0.809642,1.011093,0.2463408,19.34126,356.2605,18.69225,0.8735816,0.9559558,0.1851618,0.3372992,-0.9070649,-0.4415056,SelectionEnd
16.09192,24,2,3,0,0.809642,1.011093,0.2463408,19.34126,356.2605,18.69225,0.8735816,0.9559558,0.1851618,0.3372992,-0.9070649,-0.4415056,GotSelection
16.14342,24,2,3,0,0.8096709,1.011085,0.2463113,19.37611,356.3365,18.72488,0.8738034,0.9564199,0.1850884,0.3408493,-0.9040343,-0.4424227,SelectionStart
16.14345,24,2,3,0,0.8096709,1.011085,0.2463113,19.37611,356.3365,18.72488,0.8738034,0.9564199,0.1850884,0.3408493,-0.9040343,-0.4424227,SelectionEnd
16.1468,24,2,3,0,0.8096709,1.011085,0.2463113,19.37611,356.3365,18.72488,0.8738034,0.9564199,0.1850884,0.3408493,-0.9040343,-0.4424227,GotSelection
16.15742,24,2,3,0,0.8098724,1.011042,0.246343,19.42042,356.3401,18.71778,0.87358,0.9566123,0.1847442,0.3369135,-0.901824,-0.4459549,SelectionStart
16.15744,24,2,3,0,0.8098724,1.011042,0.246343,19.42042,356.3401,18.71778,0.87358,0.9566123,0.1847442,0.3369135,-0.901824,-0.4459549,SelectionEnd
16.16096,24,2,3,0,0.8098724,1.011042,0.246343,19.42042,356.3401,18.71778,0.87358,0.9566123,0.1847442,0.3369135,-0.901824,-0.4459549,GotSelection
16.17126,24,2,3,0,0.809875,1.010917,0.246457,19.4105,356.2945,18.69107,0.8733634,0.9567741,0.1844667,0.3349213,-0.8993684,-0.4511386,SelectionStart
16.17128,24,2,3,0,0.809875,1.010917,0.246457,19.4105,356.2945,18.69107,0.8733634,0.9567741,0.1844667,0.3349213,-0.8993684,-0.4511386,SelectionEnd
16.17462,24,2,3,0,0.809875,1.010917,0.246457,19.4105,356.2945,18.69107,0.8733634,0.9567741,0.1844667,0.3349213,-0.8993684,-0.4511386,GotSelection
16.18643,24,2,3,0,0.8098772,1.01088,0.2464718,19.38862,356.2596,18.66486,0.8731736,0.9569871,0.1840534,0.3331577,-0.8973767,-0.4566052,SelectionStart
16.18645,24,2,3,0,0.8098772,1.01088,0.2464718,19.38862,356.2596,18.66486,0.8731736,0.9569871,0.1840534,0.3331577,-0.8973767,-0.4566052,SelectionEnd
16.1898,24,2,3,0,0.8098772,1.01088,0.2464718,19.38862,356.2596,18.66486,0.8731736,0.9569871,0.1840534,0.3331577,-0.8973767,-0.4566052,GotSelection
16.19934,24,2,3,0,0.8098046,1.010952,0.2463005,19.3494,356.2448,18.6534,0.8729269,0.9572141,0.1840225,0.3323057,-0.8945687,-0.4563287,SelectionStart
16.19936,24,2,3,0,0.8098046,1.010952,0.2463005,19.3494,356.2448,18.6534,0.8729269,0.9572141,0.1840225,0.3323057,-0.8945687,-0.4563287,SelectionEnd
16.20274,24,2,3,0,0.8098046,1.010952,0.2463005,19.3494,356.2448,18.6534,0.8729269,0.9572141,0.1840225,0.3323057,-0.8945687,-0.4563287,GotSelection
16.2125,24,2,3,0,0.8096858,1.01103,0.2462399,19.31454,356.2244,18.65909,0.8722824,0.9568811,0.1838623,0.3255867,-0.8965483,-0.4562183,SelectionStart
16.21252,24,2,3,0,0.8096858,1.01103,0.2462399,19.31454,356.2244,18.65909,0.8722824,0.9568811,0.1838623,0.3255867,-0.8965483,-0.4562183,SelectionEnd
16.21619,24,2,3,0,0.8096858,1.01103,0.2462399,19.31454,356.2244,18.65909,0.8722824,0.9568811,0.1838623,0.3255867,-0.8965483,-0.4562183,GotSelection
16.22633,24,2,3,0,0.8095475,1.011152,0.2461621,19.27602,356.2097,18.67199,0.8719292,0.9564887,0.1839549,0.3219484,-0.899771,-0.4533547,SelectionStart
16.22635,24,2,3,0,0.8095475,1.011152,0.2461621,19.27602,356.2097,18.67199,0.8719292,0.9564887,0.1839549,0.3219484,-0.899771,-0.4533547,SelectionEnd
16.2297,24,2,3,0,0.8095475,1.011152,0.2461621,19.27602,356.2097,18.67199,0.8719292,0.9564887,0.1839549,0.3219484,-0.899771,-0.4533547,GotSelection
16.25344,24,2,3,0,0.8092017,1.011367,0.2461245,19.24087,356.1827,18.69773,0.871099,0.955018,0.184057,0.3117027,-0.9129184,-0.4467585,Nothing
16.26105,24,2,3,0,0.8091617,1.01135,0.2461315,19.22913,356.1642,18.68348,0.8708594,0.9548077,0.183937,0.3090082,-0.9141892,-0.4475379,Nothing
16.26974,24,2,3,0,0.8091025,1.011346,0.2461588,19.20535,356.1403,18.6773,0.8702133,0.9548041,0.1838258,0.3030195,-0.9123303,-0.4490391,Nothing
16.28022,24,2,3,0,0.8089537,1.011314,0.2461752,19.17837,356.103,18.66234,0.8698606,0.9546136,0.1836974,0.3001792,-0.9131917,-0.4504822,Nothing
16.29494,24,2,3,0,0.8088765,1.011384,0.246206,19.13852,356.063,18.64643,0.8696309,0.9547191,0.1835011,0.2982992,-0.9125988,-0.4535997,Nothing
16.3036,24,2,3,0,0.8088224,1.011426,0.2461865,19.12617,356.0605,18.64986,0.869485,0.9546626,0.1834761,0.2970518,-0.913123,-0.4534504,Nothing
16.31153,24,2,3,0,0.8087884,1.01143,0.2462252,19.1139,356.0508,18.65615,0.8693218,0.9544463,0.1835581,0.2950239,-0.914487,-0.4524717,Nothing
16.32021,24,2,3,0,0.8087273,1.011512,0.2462029,19.12449,356.0738,18.68007,0.8691887,0.9543129,0.1836074,0.2936668,-0.9162143,-0.4506541,Nothing
16.32771,24,2,3,0,0.8086777,1.011512,0.2461455,19.12554,356.0916,18.69597,0.8689579,0.9540781,0.1836219,0.2912926,-0.9176196,-0.4488774,Nothing
16.33685,24,2,3,0,0.808621,1.011598,0.2460699,19.12771,356.1228,18.7226,0.8687507,0.9539513,0.1836731,0.2893625,-0.9188436,-0.4465239,Nothing
16.34456,24,2,3,0,0.8085874,1.011662,0.2459574,19.12064,356.1534,18.74103,0.8685465,0.9538367,0.1837315,0.2875702,-0.9194335,-0.4439846,Nothing
16.35353,24,2,3,0,0.8085139,1.011752,0.2458462,19.10627,356.1877,18.76242,0.8682989,0.9536995,0.1838044,0.2856251,-0.9203917,-0.441215,Nothing
16.36148,24,2,3,0,0.8085109,1.011786,0.2457263,19.08284,356.2057,18.76573,0.8681696,0.9532111,0.1835216,0.2827418,-0.9250537,-0.4411112,Nothing
16.36971,24,2,3,0,0.8085832,1.011753,0.2456187,19.05698,356.2066,18.75774,0.8681176,0.9531915,0.183613,0.2821384,-0.9236873,-0.4395076,Nothing
16.37786,24,2,3,0,0.8085772,1.011781,0.2455712,19.0323,356.1959,18.75626,0.8682054,0.9532999,0.1837898,0.2836215,-0.9224332,-0.4381132,Nothing
16.38665,24,2,3,0,0.8085607,1.011848,0.2454488,18.99716,356.1861,18.74842,0.8682857,0.9533661,0.1839837,0.28518,-0.9215541,-0.435699,Nothing
16.39417,24,2,3,0,0.8085023,1.011863,0.2454158,18.9787,356.1718,18.73997,0.8680858,0.9536957,0.1843082,0.2854213,-0.9169604,-0.4335944,Nothing
16.40322,24,2,3,0,0.8085223,1.011886,0.2453489,18.95287,356.1609,18.72875,0.8683853,0.9539121,0.18457,0.2893674,-0.914959,-0.4317036,Nothing
16.41185,24,2,3,0,0.8084828,1.012017,0.245227,18.92065,356.1603,18.73009,0.8685907,0.9541054,0.1850963,0.2930615,-0.9131278,-0.4262691,Nothing
16.42046,24,2,3,0,0.8084906,1.01211,0.2451212,18.90389,356.1736,18.73778,0.8688969,0.9544107,0.1855036,0.2975231,-0.9106658,-0.4223233,Nothing
16.42837,24,2,3,0,0.808659,1.012136,0.2449606,18.88644,356.1912,18.73532,0.8693638,0.9546852,0.1859345,0.3024449,-0.9075905,-0.4177033,Nothing
16.43672,24,2,3,0,0.808679,1.012249,0.2447675,18.87286,356.2328,18.75343,0.8697865,0.9550086,0.1863269,0.3081704,-0.9053957,-0.4127956,Nothing
16.4452,24,2,3,0,0.8086788,1.012389,0.2445407,18.85547,356.2839,18.78102,0.8702192,0.955344,0.1867252,0.314169,-0.9033542,-0.4074266,Nothing
16.45313,24,2,3,0,0.8087134,1.012496,0.2443233,18.84166,356.3241,18.7965,0.8707027,0.9557914,0.1871069,0.3207798,-0.9000713,-0.4028457,Nothing
16.46278,24,2,3,0,0.8087532,1.012666,0.2440511,18.81913,356.3794,18.82599,0.8714393,0.9563715,0.1876884,0.3303695,-0.8963032,-0.3961455,Nothing
16.47896,24,2,3,0,0.8088375,1.012825,0.2437724,18.78948,356.4202,18.85096,0.8726884,0.9566998,0.1884622,0.3439242,-0.8957321,-0.3872339,Nothing
16.48723,24,2,3,0,0.8088809,1.012904,0.2436662,18.7735,356.4318,18.86179,0.8732994,0.9571358,0.1888003,0.3512029,-0.8931239,-0.3845531,Nothing
16.49489,24,2,3,0,0.8088856,1.012932,0.2435996,18.75731,356.4337,18.85772,0.8738056,0.9579079,0.1894433,0.3596224,-0.88589,-0.3806392,Nothing
16.50368,24,2,3,0,0.808922,1.012988,0.2434784,18.73767,356.4333,18.85235,0.8743933,0.9583755,0.1897748,0.367054,-0.8825818,-0.3782059,Nothing
16.51149,24,2,3,0,0.8089439,1.013032,0.2433317,18.71881,356.4506,18.84944,0.8746287,0.9589708,0.1893889,0.3706971,-0.8788355,-0.3825018,Nothing
16.51987,24,2,3,0,0.8090589,1.013026,0.2431596,18.70906,356.4925,18.84127,0.8748372,0.9595095,0.1898789,0.3749841,-0.8721474,-0.3776358,Nothing
16.52798,24,2,3,0,0.8091894,1.013023,0.2430233,18.68924,356.5215,18.83509,0.8750932,0.9598844,0.1901696,0.3785141,-0.867727,-0.3747648,Nothing
16.53701,24,2,3,0,0.8092759,1.013095,0.2428248,18.67963,356.5762,18.85418,0.8756357,0.9603815,0.1906332,0.3856027,-0.863576,-0.3695668,Nothing
16.5449,24,2,3,0,0.8093363,1.013164,0.242663,18.66796,356.6118,18.86405,0.8759003,0.960641,0.1908813,0.3890751,-0.8613397,-0.3661149,Nothing
16.55357,24,2,3,0,0.8093941,1.013178,0.2425448,18.66457,356.6556,18.86896,0.8760636,0.9604231,0.1911514,0.3903828,-0.8627084,-0.3612425,Nothing
16.56161,24,2,3,0,0.8094628,1.013254,0.2424317,18.67556,356.7067,18.89559,0.8761099,0.960394,0.1912618,0.3903092,-0.8631815,-0.3580494,Nothing
16.56976,24,2,3,0,0.8094957,1.013352,0.2422863,18.68896,356.7583,18.91863,0.8760716,0.9604813,0.1912444,0.389964,-0.8628787,-0.3560272,Nothing
16.57812,24,2,3,0,0.8095659,1.013405,0.2422277,18.69639,356.786,18.93497,0.8760268,0.9603506,0.191403,0.3886615,-0.8636783,-0.3528811,Nothing
16.58718,24,2,3,0,0.8096241,1.013475,0.2421307,18.68854,356.8072,18.95014,0.8760173,0.9603704,0.191512,0.3881885,-0.8633603,-0.3505571,Nothing
16.59473,24,2,3,0,0.8095523,1.013588,0.2420185,18.69634,356.8428,18.97842,0.8755836,0.9602283,0.191841,0.3845508,-0.8633745,-0.3447989,Nothing
16.60342,24,2,3,0,0.8096563,1.013653,0.2418919,18.68386,356.8672,18.99232,0.8752736,0.9598344,0.1922381,0.3800407,-0.8646196,-0.3379172,Nothing
16.61193,24,2,3,0,0.8097575,1.013684,0.2417632,18.66319,356.8884,18.99639,0.8750958,0.9595994,0.1925061,0.3773542,-0.8648322,-0.3330994,Nothing
16.6204,24,2,3,0,0.8098823,1.013587,0.2416217,18.65049,356.9026,18.9755,0.8748705,0.9592888,0.1927626,0.3744426,-0.8641958,-0.328384,Nothing
16.62878,24,2,3,0,0.8099895,1.013578,0.2415467,18.65147,356.9159,18.97537,0.8746686,0.9589041,0.1930962,0.3710795,-0.8653684,-0.3229028,Nothing
16.63634,24,2,3,0,0.8100994,1.013579,0.2414552,18.64829,356.933,18.97307,0.8743964,0.9585922,0.1933713,0.3672229,-0.8657997,-0.3180047,Nothing
16.64487,24,2,3,0,0.8102325,1.013573,0.2413514,18.64691,356.9527,18.9669,0.8741369,0.9582361,0.1936725,0.3632882,-0.8664034,-0.3125654,Nothing
16.6533,24,2,3,0,0.8102935,1.013635,0.2412974,18.64521,356.9796,18.96931,0.8739164,0.9578937,0.194028,0.3601888,-0.8679369,-0.3068889,Nothing
16.66212,24,2,3,0,0.8104759,1.013647,0.2410966,18.64041,357.0269,18.96424,0.8735994,0.9574612,0.1944386,0.3555025,-0.8684117,-0.298862,Nothing
16.6708,24,2,3,0,0.8106267,1.013696,0.240935,18.63425,357.0557,18.9724,0.8734279,0.9571835,0.194727,0.3522485,-0.8689817,-0.2930726,Nothing
16.67775,24,2,3,0,0.8107481,1.013724,0.2407736,18.61956,357.0876,18.97042,0.8732243,0.9569539,0.1949232,0.3492358,-0.8690701,-0.2884777,Nothing
16.6871,24,2,3,0,0.8109399,1.013679,0.2405908,18.61265,357.1065,18.97087,0.8730088,0.9566547,0.1952152,0.345449,-0.8685631,-0.2827604,Nothing
16.69461,24,2,3,0,0.8110504,1.013698,0.2404636,18.60488,357.1321,18.97315,0.8727495,0.9563878,0.1954437,0.3417693,-0.8688269,-0.2780555,Nothing
16.70381,24,2,3,0,0.8111528,1.013703,0.2403552,18.60145,357.1566,18.97469,0.8724513,0.9561307,0.1956657,0.3378195,-0.8688574,-0.2736162,Nothing
16.71198,24,2,3,0,0.8111379,1.013759,0.2403564,18.59719,357.167,18.97769,0.8725565,0.9559124,0.1963274,0.3391766,-0.8698571,-0.2663518,Nothing
16.7198,24,2,3,0,0.8112169,1.013755,0.2403495,18.60528,357.1715,18.97616,0.8722144,0.9556676,0.1965505,0.334786,-0.8699597,-0.2629985,Nothing
16.72852,24,2,3,0,0.8113093,1.01388,0.2402944,18.60573,357.1927,18.98404,0.8716059,0.955255,0.1965494,0.3265327,-0.8723224,-0.260181,Nothing
16.73676,24,2,3,0,0.8113762,1.013896,0.2402581,18.60641,357.2046,18.98602,0.8710197,0.9550207,0.196703,0.3198486,-0.87181,-0.2570975,Nothing
16.74499,24,2,3,0,0.811439,1.013926,0.240224,18.60243,357.214,18.99047,0.8706986,0.9549733,0.1969739,0.3164146,-0.8702977,-0.2536802,Nothing
16.75314,24,2,3,0,0.8115185,1.013931,0.2401598,18.60688,357.2361,18.98949,0.8702506,0.9547541,0.1971523,0.3112242,-0.8698211,-0.250092,Nothing
16.76191,24,2,3,0,0.8115733,1.013937,0.2401233,18.61032,357.2537,18.99051,0.8698733,0.9546264,0.1972656,0.307026,-0.8691176,-0.2477997,Nothing
16.77031,24,2,3,0,0.8116323,1.013882,0.2400344,18.6107,357.2712,18.98971,0.8694629,0.9545684,0.1972574,0.3028018,-0.8672808,-0.2466222,Nothing
16.77922,24,2,3,0,0.8116997,1.013838,0.2400308,18.61796,357.2817,18.98273,0.8688885,0.954489,0.1973511,0.2968728,-0.8650869,-0.2450834,SelectionStart
16.77925,24,2,3,0,0.8116997,1.013838,0.2400308,18.61796,357.2817,18.98273,0.8688885,0.954489,0.1973511,0.2968728,-0.8650869,-0.2450834,SelectionEnd
16.78276,24,2,3,0,0.8116997,1.013838,0.2400308,18.61796,357.2817,18.98273,0.8688885,0.954489,0.1973511,0.2968728,-0.8650869,-0.2450834,GotSelection
16.7934,24,2,3,0,0.8119237,1.013574,0.2399641,18.61644,357.2732,18.9583,0.868383,0.954273,0.1975729,0.2907661,-0.8611478,-0.242217,SelectionStart
16.79343,24,2,3,0,0.8119237,1.013574,0.2399641,18.61644,357.2732,18.9583,0.868383,0.954273,0.1975729,0.2907661,-0.8611478,-0.242217,SelectionEnd
16.79675,24,2,3,0,0.8119237,1.013574,0.2399641,18.61644,357.2732,18.9583,0.868383,0.954273,0.1975729,0.2907661,-0.8611478,-0.242217,GotSelection
16.80806,24,2,3,0,0.8119148,1.013447,0.2401914,18.61613,357.237,18.9301,0.8674079,0.9540612,0.1974242,0.2807772,-0.8595539,-0.2454564,SelectionStart
16.80808,24,2,3,0,0.8119148,1.013447,0.2401914,18.61613,357.237,18.9301,0.8674079,0.9540612,0.1974242,0.2807772,-0.8595539,-0.2454564,SelectionEnd
16.81139,24,2,3,0,0.8119148,1.013447,0.2401914,18.61613,357.237,18.9301,0.8674079,0.9540612,0.1974242,0.2807772,-0.8595539,-0.2454564,GotSelection
16.82095,24,2,3,0,0.8119348,1.013359,0.2403219,18.63305,357.2198,18.92097,0.8665318,0.9537897,0.1976265,0.2716833,-0.8579589,-0.2436868,SelectionStart
16.82096,24,2,3,0,0.8119348,1.013359,0.2403219,18.63305,357.2198,18.92097,0.8665318,0.9537897,0.1976265,0.2716833,-0.8579589,-0.2436868,SelectionEnd
16.82426,24,2,3,0,0.8119348,1.013359,0.2403219,18.63305,357.2198,18.92097,0.8665318,0.9537897,0.1976265,0.2716833,-0.8579589,-0.2436868,GotSelection
16.87173,24,2,3,0,0.8117548,1.013515,0.2404054,18.67564,357.2654,18.978,0.8615411,0.952669,0.1965916,0.2193344,-0.8566822,-0.2471525,SelectionStart
16.87175,24,2,3,0,0.8117548,1.013515,0.2404054,18.67564,357.2654,18.978,0.8615411,0.952669,0.1965916,0.2193344,-0.8566822,-0.2471525,SelectionEnd
16.87508,24,2,3,0,0.8117548,1.013515,0.2404054,18.67564,357.2654,18.978,0.8615411,0.952669,0.1965916,0.2193344,-0.8566822,-0.2471525,GotSelection
16.88657,24,2,3,0,0.8116447,1.013619,0.2404567,18.66226,357.2777,19.02592,0.8599923,0.9524012,0.1964108,0.2034331,-0.8558912,-0.2475944,SelectionStart
16.8866,24,2,3,0,0.8116447,1.013619,0.2404567,18.66226,357.2777,19.02592,0.8599923,0.9524012,0.1964108,0.2034331,-0.8558912,-0.2475944,SelectionEnd
16.88993,24,2,3,0,0.8116447,1.013619,0.2404567,18.66226,357.2777,19.02592,0.8599923,0.9524012,0.1964108,0.2034331,-0.8558912,-0.2475944,GotSelection
16.90009,24,2,3,0,0.8116387,1.013687,0.2404912,18.67712,357.2854,19.03687,0.8588438,0.9522678,0.1961859,0.1913356,-0.8546335,-0.2486629,SelectionStart
16.90012,24,2,3,0,0.8116387,1.013687,0.2404912,18.67712,357.2854,19.03687,0.8588438,0.9522678,0.1961859,0.1913356,-0.8546335,-0.2486629,SelectionEnd
16.9034,24,2,3,0,0.8116387,1.013687,0.2404912,18.67712,357.2854,19.03687,0.8588438,0.9522678,0.1961859,0.1913356,-0.8546335,-0.2486629,GotSelection
16.91269,24,2,3,0,0.8117271,1.013576,0.2406258,18.69247,357.2666,19.0125,0.8573295,0.9518185,0.1963894,0.1751952,-0.8519417,-0.2460966,SelectionStart
16.9127,24,2,3,0,0.8117271,1.013576,0.2406258,18.69247,357.2666,19.0125,0.8573295,0.9518185,0.1963894,0.1751952,-0.8519417,-0.2460966,SelectionEnd
16.91661,24,2,3,0,0.8117271,1.013576,0.2406258,18.69247,357.2666,19.0125,0.8573295,0.9518185,0.1963894,0.1751952,-0.8519417,-0.2460966,GotSelection
16.92837,24,2,3,0,0.8117639,1.013404,0.2407602,18.70636,357.2384,18.97609,0.8556991,0.9512677,0.1967086,0.1585864,-0.8490221,-0.2423221,SelectionStart
16.92839,24,2,3,0,0.8117639,1.013404,0.2407602,18.70636,357.2384,18.97609,0.8556991,0.9512677,0.1967086,0.1585864,-0.8490221,-0.2423221,SelectionEnd
16.93179,24,2,3,0,0.8117639,1.013404,0.2407602,18.70636,357.2384,18.97609,0.8556991,0.9512677,0.1967086,0.1585864,-0.8490221,-0.2423221,GotSelection
16.94227,24,2,3,0,0.8118116,1.013305,0.2408289,18.70238,357.2047,18.94612,0.8544465,0.9510682,0.1966647,0.145796,-0.8456609,-0.2427573,SelectionStart
16.94229,24,2,3,0,0.8118116,1.013305,0.2408289,18.70238,357.2047,18.94612,0.8544465,0.9510682,0.1966647,0.145796,-0.8456609,-0.2427573,SelectionEnd
16.94569,24,2,3,0,0.8118116,1.013305,0.2408289,18.70238,357.2047,18.94612,0.8544465,0.9510682,0.1966647,0.145796,-0.8456609,-0.2427573,GotSelection
16.95531,24,2,3,0,0.8118419,1.013233,0.2408918,18.69384,357.1822,18.92674,0.8528008,0.950605,0.1970331,0.1290776,-0.8424515,-0.2380008,SelectionStart
16.95533,24,2,3,0,0.8118419,1.013233,0.2408918,18.69384,357.1822,18.92674,0.8528008,0.950605,0.1970331,0.1290776,-0.8424515,-0.2380008,SelectionEnd
16.95872,24,2,3,0,0.8118419,1.013233,0.2408918,18.69384,357.1822,18.92674,0.8528008,0.950605,0.1970331,0.1290776,-0.8424515,-0.2380008,GotSelection
16.97003,24,2,3,0,0.8117735,1.013304,0.2408842,18.68876,357.1937,18.95562,0.8516895,0.9501498,0.1973084,0.1175416,-0.8428781,-0.2330464,SelectionStart
16.97005,24,2,3,0,0.8117735,1.013304,0.2408842,18.68876,357.1937,18.95562,0.8516895,0.9501498,0.1973084,0.1175416,-0.8428781,-0.2330464,SelectionEnd
16.97337,24,2,3,0,0.8117735,1.013304,0.2408842,18.68876,357.1937,18.95562,0.8516895,0.9501498,0.1973084,0.1175416,-0.8428781,-0.2330464,GotSelection
16.98311,24,2,3,0,0.8117056,1.013342,0.2408342,18.69753,357.2133,18.98008,0.8500143,0.9496702,0.1974406,0.1005847,-0.841595,-0.2286006,SelectionStart
16.98312,24,2,3,0,0.8117056,1.013342,0.2408342,18.69753,357.2133,18.98008,0.8500143,0.9496702,0.1974406,0.1005847,-0.841595,-0.2286006,SelectionEnd
16.98647,24,2,3,0,0.8117056,1.013342,0.2408342,18.69753,357.2133,18.98008,0.8500143,0.9496702,0.1974406,0.1005847,-0.841595,-0.2286006,GotSelection
16.9965,24,2,3,0,0.8116922,1.013448,0.2407761,18.70284,357.2333,19.00449,0.8486722,0.9492244,0.1976036,0.08624986,-0.8414655,-0.2238465,SelectionStart
16.99652,24,2,3,0,0.8116922,1.013448,0.2407761,18.70284,357.2333,19.00449,0.8486722,0.9492244,0.1976036,0.08624986,-0.8414655,-0.2238465,SelectionEnd
17.00024,24,2,3,0,0.8116922,1.013448,0.2407761,18.70284,357.2333,19.00449,0.8486722,0.9492244,0.1976036,0.08624986,-0.8414655,-0.2238465,GotSelection
17.01264,24,2,3,0,0.8116689,1.013509,0.2407276,18.70538,357.2414,19.02485,0.8467205,0.9485514,0.1977199,0.06547805,-0.8410347,-0.2188783,SelectionStart
17.01267,24,2,3,0,0.8116689,1.013509,0.2407276,18.70538,357.2414,19.02485,0.8467205,0.9485514,0.1977199,0.06547805,-0.8410347,-0.2188783,SelectionEnd
17.01608,24,2,3,0,0.8116689,1.013509,0.2407276,18.70538,357.2414,19.02485,0.8467205,0.9485514,0.1977199,0.06547805,-0.8410347,-0.2188783,GotSelection
17.05729,24,2,3,0,0.8117189,1.013708,0.2405227,18.63301,357.2066,19.00594,0.8407509,0.9466403,0.1979324,0.001873794,-0.8379176,-0.2063033,SelectionStart
17.05731,24,2,3,0,0.8117189,1.013708,0.2405227,18.63301,357.2066,19.00594,0.8407509,0.9466403,0.1979324,0.001873794,-0.8379176,-0.2063033,SelectionEnd
17.06058,24,2,3,0,0.8117189,1.013708,0.2405227,18.63301,357.2066,19.00594,0.8407509,0.9466403,0.1979324,0.001873794,-0.8379176,-0.2063033,GotSelection
17.07005,24,2,3,0,0.8116748,1.013748,0.2404551,18.61697,357.1894,18.99669,0.8391393,0.9460677,0.1979292,-0.01495736,-0.8378206,-0.2032431,SelectionStart
17.07007,24,2,3,0,0.8116748,1.013748,0.2404551,18.61697,357.1894,18.99669,0.8391393,0.9460677,0.1979292,-0.01495736,-0.8378206,-0.2032431,SelectionEnd
17.07336,24,2,3,0,0.8116748,1.013748,0.2404551,18.61697,357.1894,18.99669,0.8391393,0.9460677,0.1979292,-0.01495736,-0.8378206,-0.2032431,GotSelection
17.08447,24,2,3,0,0.8116588,1.013882,0.2403653,18.59751,357.1945,19.00028,0.8370495,0.9457166,0.1978137,-0.03638727,-0.8350785,-0.2011797,SelectionStart
17.0845,24,2,3,0,0.8116588,1.013882,0.2403653,18.59751,357.1945,19.00028,0.8370495,0.9457166,0.1978137,-0.03638727,-0.8350785,-0.2011797,SelectionEnd
17.08824,24,2,3,0,0.8116588,1.013882,0.2403653,18.59751,357.1945,19.00028,0.8370495,0.9457166,0.1978137,-0.03638727,-0.8350785,-0.2011797,GotSelection
17.1015,24,2,3,0,0.8116583,1.014023,0.2401972,18.57139,357.2068,19.01606,0.8349971,0.9451801,0.1978818,-0.05792739,-0.8333861,-0.1960468,SelectionStart
17.10156,24,2,3,0,0.8116583,1.014023,0.2401972,18.57139,357.2068,19.01606,0.8349971,0.9451801,0.1978818,-0.05792739,-0.8333861,-0.1960468,SelectionEnd
17.10806,24,2,3,0,0.8116583,1.014023,0.2401972,18.57139,357.2068,19.01606,0.8349971,0.9451801,0.1978818,-0.05792739,-0.8333861,-0.1960468,GotSelection
17.12974,24,2,3,0,0.8115298,1.01421,0.2399358,18.51914,357.2192,19.06997,0.8308273,0.9442971,0.1979782,-0.1001045,-0.8278668,-0.1879172,SelectionStart
17.12976,24,2,3,0,0.8115298,1.01421,0.2399358,18.51914,357.2192,19.06997,0.8308273,0.9442971,0.1979782,-0.1001045,-0.8278668,-0.1879172,SelectionEnd
17.13358,24,2,3,0,0.8115298,1.01421,0.2399358,18.51914,357.2192,19.06997,0.8308273,0.9442971,0.1979782,-0.1001045,-0.8278668,-0.1879172,GotSelection
17.14594,24,2,3,0,0.8115262,1.014273,0.2399974,18.50385,357.1872,19.07026,0.8286135,0.9438292,0.1979696,-0.1232907,-0.8251385,-0.1861369,SelectionStart
17.14597,24,2,3,0,0.8115262,1.014273,0.2399974,18.50385,357.1872,19.07026,0.8286135,0.9438292,0.1979696,-0.1232907,-0.8251385,-0.1861369,SelectionEnd
17.14936,24,2,3,0,0.8115262,1.014273,0.2399974,18.50385,357.1872,19.07026,0.8286135,0.9438292,0.1979696,-0.1232907,-0.8251385,-0.1861369,GotSelection
17.15933,24,2,3,0,0.8115776,1.014248,0.2398648,18.4855,357.1869,19.07143,0.8265596,0.9436517,0.1977879,-0.1440122,-0.8192903,-0.1853826,SelectionStart
17.15936,24,2,3,0,0.8115776,1.014248,0.2398648,18.4855,357.1869,19.07143,0.8265596,0.9436517,0.1977879,-0.1440122,-0.8192903,-0.1853826,SelectionEnd
17.16269,24,2,3,0,0.8115776,1.014248,0.2398648,18.4855,357.1869,19.07143,0.8265596,0.9436517,0.1977879,-0.1440122,-0.8192903,-0.1853826,GotSelection
17.17365,24,2,3,0,0.8115546,1.014473,0.2398602,18.48296,357.2081,19.07249,0.8247331,0.9433516,0.1979004,-0.1626213,-0.8175004,-0.1816956,SelectionStart
17.17367,24,2,3,0,0.8115546,1.014473,0.2398602,18.48296,357.2081,19.07249,0.8247331,0.9433516,0.1979004,-0.1626213,-0.8175004,-0.1816956,SelectionEnd
17.17735,24,2,3,0,0.8115546,1.014473,0.2398602,18.48296,357.2081,19.07249,0.8247331,0.9433516,0.1979004,-0.1626213,-0.8175004,-0.1816956,GotSelection
17.18658,24,2,3,0,0.8115165,1.014504,0.2397561,18.47586,357.2173,19.08494,0.822488,0.9432204,0.1977422,-0.1844611,-0.811425,-0.1807409,SelectionStart
17.18661,24,2,3,0,0.8115165,1.014504,0.2397561,18.47586,357.2173,19.08494,0.822488,0.9432204,0.1977422,-0.1844611,-0.811425,-0.1807409,SelectionEnd
17.19028,24,2,3,0,0.8115165,1.014504,0.2397561,18.47586,357.2173,19.08494,0.822488,0.9432204,0.1977422,-0.1844611,-0.811425,-0.1807409,GotSelection
17.19949,24,2,3,0,0.8113566,1.014568,0.2398021,18.4685,357.2193,19.09767,0.8203731,0.9431435,0.1971279,-0.2047967,-0.8077556,-0.1858516,SelectionStart
17.19951,24,2,3,0,0.8113566,1.014568,0.2398021,18.4685,357.2193,19.09767,0.8203731,0.9431435,0.1971279,-0.2047967,-0.8077556,-0.1858516,SelectionEnd
17.20278,24,2,3,0,0.8113566,1.014568,0.2398021,18.4685,357.2193,19.09767,0.8203731,0.9431435,0.1971279,-0.2047967,-0.8077556,-0.1858516,GotSelection
17.21193,24,2,3,0,0.8113663,1.014564,0.2397903,18.46938,357.2033,19.10089,0.818355,0.9431323,0.1969778,-0.2246128,-0.8011084,-0.1862153,SelectionStart
17.21194,24,2,3,0,0.8113663,1.014564,0.2397903,18.46938,357.2033,19.10089,0.818355,0.9431323,0.1969778,-0.2246128,-0.8011084,-0.1862153,SelectionEnd
17.21537,24,2,3,0,0.8113663,1.014564,0.2397903,18.46938,357.2033,19.10089,0.818355,0.9431323,0.1969778,-0.2246128,-0.8011084,-0.1862153,GotSelection
17.22561,24,2,3,0,0.8113543,1.014581,0.2398609,18.46757,357.182,19.10711,0.8156976,0.9428861,0.1966565,-0.2516206,-0.7953466,-0.1879382,SelectionStart
17.22563,24,2,3,0,0.8113543,1.014581,0.2398609,18.46757,357.182,19.10711,0.8156976,0.9428861,0.1966565,-0.2516206,-0.7953466,-0.1879382,SelectionEnd
17.2289,24,2,3,0,0.8113543,1.014581,0.2398609,18.46757,357.182,19.10711,0.8156976,0.9428861,0.1966565,-0.2516206,-0.7953466,-0.1879382,GotSelection
17.23938,24,2,3,0,0.8112688,1.014615,0.239976,18.48444,357.1658,19.10863,0.813689,0.9427994,0.1965491,-0.2709198,-0.7903997,-0.1885355,SelectionStart
17.2394,24,2,3,0,0.8112688,1.014615,0.239976,18.48444,357.1658,19.10863,0.813689,0.9427994,0.1965491,-0.2709198,-0.7903997,-0.1885355,SelectionEnd
17.24274,24,2,3,0,0.8112688,1.014615,0.239976,18.48444,357.1658,19.10863,0.813689,0.9427994,0.1965491,-0.2709198,-0.7903997,-0.1885355,GotSelection
17.28279,24,2,3,0,0.8115201,1.014654,0.2396303,18.48695,357.2645,19.12897,0.8060088,0.9421744,0.1961403,-0.348638,-0.7691631,-0.183297,SelectionStart
17.28281,24,2,3,0,0.8115201,1.014654,0.2396303,18.48695,357.2645,19.12897,0.8060088,0.9421744,0.1961403,-0.348638,-0.7691631,-0.183297,SelectionEnd
17.28616,24,2,3,0,0.8115201,1.014654,0.2396303,18.48695,357.2645,19.12897,0.8060088,0.9421744,0.1961403,-0.348638,-0.7691631,-0.183297,GotSelection
17.2959,24,2,3,0,0.811544,1.014705,0.2396107,18.47948,357.2548,19.1268,0.8032614,0.9419969,0.196142,-0.3759037,-0.761496,-0.1811639,SelectionStart
17.29592,24,2,3,0,0.811544,1.014705,0.2396107,18.47948,357.2548,19.1268,0.8032614,0.9419969,0.196142,-0.3759037,-0.761496,-0.1811639,SelectionEnd
17.29925,24,2,3,0,0.811544,1.014705,0.2396107,18.47948,357.2548,19.1268,0.8032614,0.9419969,0.196142,-0.3759037,-0.761496,-0.1811639,GotSelection
17.31055,24,2,3,0,0.8115358,1.01476,0.2395903,18.47966,357.2376,19.12138,0.8004988,0.941788,0.1960641,-0.403255,-0.7544596,-0.1795489,SelectionStart
17.31057,24,2,3,0,0.8115358,1.01476,0.2395903,18.47966,357.2376,19.12138,0.8004988,0.941788,0.1960641,-0.403255,-0.7544596,-0.1795489,SelectionEnd
17.31405,24,2,3,0,0.8115358,1.01476,0.2395903,18.47966,357.2376,19.12138,0.8004988,0.941788,0.1960641,-0.403255,-0.7544596,-0.1795489,GotSelection
17.32323,24,2,3,0,0.8115489,1.014807,0.239525,18.47594,357.2344,19.10797,0.7984238,0.9417207,0.1960223,-0.4234229,-0.748238,-0.1780248,SelectionStart
17.32326,24,2,3,0,0.8115489,1.014807,0.239525,18.47594,357.2344,19.10797,0.7984238,0.9417207,0.1960223,-0.4234229,-0.748238,-0.1780248,SelectionEnd
17.32664,24,2,3,0,0.8115489,1.014807,0.239525,18.47594,357.2344,19.10797,0.7984238,0.9417207,0.1960223,-0.4234229,-0.748238,-0.1780248,GotSelection
17.33683,24,2,3,0,0.811515,1.014764,0.2395625,18.46555,357.2045,19.08489,0.796458,0.9417081,0.1960873,-0.4416838,-0.7411965,-0.1770222,SelectionStart
17.33685,24,2,3,0,0.811515,1.014764,0.2395625,18.46555,357.2045,19.08489,0.796458,0.9417081,0.1960873,-0.4416838,-0.7411965,-0.1770222,SelectionEnd
17.34035,24,2,3,0,0.811515,1.014764,0.2395625,18.46555,357.2045,19.08489,0.796458,0.9417081,0.1960873,-0.4416838,-0.7411965,-0.1770222,GotSelection
17.35145,24,2,3,0,0.8114507,1.01474,0.2394619,18.44915,357.1829,19.0724,0.7939361,0.9416307,0.1961742,-0.4650756,-0.7325682,-0.1740474,SelectionStart
17.35147,24,2,3,0,0.8114507,1.01474,0.2394619,18.44915,357.1829,19.0724,0.7939361,0.9416307,0.1961742,-0.4650756,-0.7325682,-0.1740474,SelectionEnd
17.35487,24,2,3,0,0.8114507,1.01474,0.2394619,18.44915,357.1829,19.0724,0.7939361,0.9416307,0.1961742,-0.4650756,-0.7325682,-0.1740474,GotSelection
17.36435,24,2,3,0,0.8116106,1.014741,0.2393361,18.42585,357.1699,19.05148,0.7922533,0.9417347,0.1962332,-0.4819188,-0.7247475,-0.1720119,SelectionStart
17.36437,24,2,3,0,0.8116106,1.014741,0.2393361,18.42585,357.1699,19.05148,0.7922533,0.9417347,0.1962332,-0.4819188,-0.7247475,-0.1720119,SelectionEnd
17.3681,24,2,3,0,0.8116106,1.014741,0.2393361,18.42585,357.1699,19.05148,0.7922533,0.9417347,0.1962332,-0.4819188,-0.7247475,-0.1720119,GotSelection
17.37782,24,2,3,0,0.8115304,1.014875,0.2392761,18.40837,357.1423,19.04316,0.7900834,0.9419687,0.1963028,-0.5014821,-0.7161117,-0.1702318,SelectionStart
17.37783,24,2,3,0,0.8115304,1.014875,0.2392761,18.40837,357.1423,19.04316,0.7900834,0.9419687,0.1963028,-0.5014821,-0.7161117,-0.1702318,SelectionEnd
17.38117,24,2,3,0,0.8115304,1.014875,0.2392761,18.40837,357.1423,19.04316,0.7900834,0.9419687,0.1963028,-0.5014821,-0.7161117,-0.1702318,GotSelection
17.39106,24,2,3,0,0.8115097,1.014812,0.2392638,18.40426,357.118,19.02359,0.7885394,0.9421716,0.1963526,-0.5150526,-0.7082762,-0.1697104,SelectionStart
17.39108,24,2,3,0,0.8115097,1.014812,0.2392638,18.40426,357.118,19.02359,0.7885394,0.9421716,0.1963526,-0.5150526,-0.7082762,-0.1697104,SelectionEnd
17.39442,24,2,3,0,0.8115097,1.014812,0.2392638,18.40426,357.118,19.02359,0.7885394,0.9421716,0.1963526,-0.5150526,-0.7082762,-0.1697104,GotSelection
17.40446,24,2,3,0,0.8113484,1.014876,0.2392337,18.40947,357.072,19.00514,0.7865641,0.9426094,0.1962865,-0.531388,-0.6986712,-0.1700926,SelectionStart
17.40448,24,2,3,0,0.8113484,1.014876,0.2392337,18.40947,357.072,19.00514,0.7865641,0.9426094,0.1962865,-0.531388,-0.6986712,-0.1700926,SelectionEnd
17.4083,24,2,3,0,0.8113484,1.014876,0.2392337,18.40947,357.072,19.00514,0.7865641,0.9426094,0.1962865,-0.531388,-0.6986712,-0.1700926,GotSelection
17.41934,24,2,3,0,0.8110656,1.014944,0.239482,18.45942,357.0251,18.99159,0.7854773,0.9430434,0.1963087,-0.5384752,-0.6932638,-0.1721153,SelectionStart
17.41936,24,2,3,0,0.8110656,1.014944,0.239482,18.45942,357.0251,18.99159,0.7854773,0.9430434,0.1963087,-0.5384752,-0.6932638,-0.1721153,SelectionEnd
17.42274,24,2,3,0,0.8110656,1.014944,0.239482,18.45942,357.0251,18.99159,0.7854773,0.9430434,0.1963087,-0.5384752,-0.6932638,-0.1721153,GotSelection
17.43192,24,2,3,0,0.8109976,1.01462,0.2399254,18.58345,356.916,18.91505,0.7837641,0.9434913,0.1962406,-0.5525262,-0.6826214,-0.1763963,SelectionStart
17.43195,24,2,3,0,0.8109976,1.01462,0.2399254,18.58345,356.916,18.91505,0.7837641,0.9434913,0.1962406,-0.5525262,-0.6826214,-0.1763963,SelectionEnd
17.43523,24,2,3,0,0.8109976,1.01462,0.2399254,18.58345,356.916,18.91505,0.7837641,0.9434913,0.1962406,-0.5525262,-0.6826214,-0.1763963,GotSelection
17.47723,24,2,3,0,0.8100051,1.012777,0.2460709,19.89011,355.7377,18.53378,0.7817462,0.9452878,0.1964045,-0.5664156,-0.6665898,-0.2207536,SelectionStart
17.47726,24,2,3,0,0.8100051,1.012777,0.2460709,19.89011,355.7377,18.53378,0.7817462,0.9452878,0.1964045,-0.5664156,-0.6665898,-0.2207536,SelectionEnd
17.48074,24,2,3,0,0.8100051,1.012777,0.2460709,19.89011,355.7377,18.53378,0.7817462,0.9452878,0.1964045,-0.5664156,-0.6665898,-0.2207536,GotSelection
17.49297,24,2,3,0,0.8093989,1.011968,0.2490973,20.5892,355.2483,18.4144,0.7811058,0.9457216,0.196662,-0.5713827,-0.6653059,-0.2389964,SelectionStart
17.49301,24,2,3,0,0.8093989,1.011968,0.2490973,20.5892,355.2483,18.4144,0.7811058,0.9457216,0.196662,-0.5713827,-0.6653059,-0.2389964,SelectionEnd
17.49686,24,2,3,0,0.8093989,1.011968,0.2490973,20.5892,355.2483,18.4144,0.7811058,0.9457216,0.196662,-0.5713827,-0.6653059,-0.2389964,GotSelection
17.50835,24,2,3,0,0.808659,1.011366,0.2520445,21.30289,354.7971,18.35206,0.7809688,0.9461409,0.1969082,-0.5717736,-0.6681069,-0.2562892,SelectionStart
17.50839,24,2,3,0,0.808659,1.011366,0.2520445,21.30289,354.7971,18.35206,0.7809688,0.9461409,0.1969082,-0.5717736,-0.6681069,-0.2562892,SelectionEnd
17.51232,24,2,3,0,0.808659,1.011366,0.2520445,21.30289,354.7971,18.35206,0.7809688,0.9461409,0.1969082,-0.5717736,-0.6681069,-0.2562892,GotSelection
17.52392,24,2,3,0,0.8077772,1.010669,0.2554725,22.18603,354.3329,18.32812,0.7810772,0.9465114,0.1972439,-0.5705768,-0.6739014,-0.275304,SelectionStart
17.52395,24,2,3,0,0.8077772,1.010669,0.2554725,22.18603,354.3329,18.32812,0.7810772,0.9465114,0.1972439,-0.5705768,-0.6739014,-0.275304,SelectionEnd
17.5274,24,2,3,0,0.8077772,1.010669,0.2554725,22.18603,354.3329,18.32812,0.7810772,0.9465114,0.1972439,-0.5705768,-0.6739014,-0.275304,GotSelection
17.53751,24,2,3,0,0.8069392,1.009325,0.259663,23.32733,353.7227,18.19065,0.7813029,0.946721,0.1978877,-0.5694314,-0.6793952,-0.2960735,SelectionStart
17.53754,24,2,3,0,0.8069392,1.009325,0.259663,23.32733,353.7227,18.19065,0.7813029,0.946721,0.1978877,-0.5694314,-0.6793952,-0.2960735,SelectionEnd
17.5415,24,2,3,0,0.8069392,1.009325,0.259663,23.32733,353.7227,18.19065,0.7813029,0.946721,0.1978877,-0.5694314,-0.6793952,-0.2960735,GotSelection
17.55222,24,2,3,0,0.8061375,1.00735,0.2642587,24.61352,353.105,17.89594,0.7819009,0.9472402,0.1979797,-0.5642704,-0.6844533,-0.3278918,SelectionStart
17.55225,24,2,3,0,0.8061375,1.00735,0.2642587,24.61352,353.105,17.89594,0.7819009,0.9472402,0.1979797,-0.5642704,-0.6844533,-0.3278918,SelectionEnd
17.55562,24,2,3,0,0.8061375,1.00735,0.2642587,24.61352,353.105,17.89594,0.7819009,0.9472402,0.1979797,-0.5642704,-0.6844533,-0.3278918,GotSelection
17.57887,24,2,3,0,0.8047444,1.002931,0.2735625,27.30924,351.6997,17.16136,0.7833549,0.9472207,0.1988898,-0.5581827,-0.703002,-0.3810553,Nothing
17.58659,24,2,3,0,0.804438,1.001606,0.2759445,27.9707,351.3001,16.88227,0.7835981,0.9471046,0.1993095,-0.5577562,-0.7069484,-0.3933633,Nothing
17.59481,24,2,3,0,0.8040609,1.000426,0.2780097,28.55323,350.9724,16.69508,0.7841071,0.9471072,0.1995272,-0.55436,-0.7112075,-0.4065232,Nothing
17.60358,24,2,3,0,0.8034946,0.9986395,0.2807318,29.36481,350.4828,16.35147,0.785034,0.947064,0.1999986,-0.5458403,-0.7169434,-0.422772,Nothing
17.61186,24,2,3,0,0.8033763,0.9976028,0.2821037,29.75494,350.2179,16.15481,0.7851936,0.9469176,0.2002984,-0.545894,-0.7178956,-0.4300146,Nothing
17.62069,24,2,3,0,0.8031786,0.9970663,0.2829671,29.97784,350.0618,16.00048,0.7857514,0.9469728,0.2003345,-0.5403538,-0.7212422,-0.4373389,Nothing
17.62857,24,2,3,0,0.8031003,0.9961966,0.2840292,30.25543,349.8584,15.8526,0.7865946,0.9470174,0.2004356,-0.5337527,-0.7231199,-0.4467317,Nothing
17.63775,24,2,3,0,0.8028221,0.9953495,0.2851128,30.57127,349.6604,15.68786,0.7872413,0.9469964,0.200469,-0.5275093,-0.7267118,-0.4559628,Nothing
17.64551,24,2,3,0,0.8025389,0.9944507,0.2860915,30.87048,349.4592,15.48128,0.787887,0.9469993,0.2005175,-0.5202463,-0.7294655,-0.4648315,Nothing
17.65428,24,2,3,0,0.8021712,0.9926528,0.2882243,31.43325,349.0198,15.1225,0.7890534,0.9470618,0.2002663,-0.5117387,-0.7349079,-0.4873255,Nothing
17.66173,24,2,3,0,0.801784,0.9914013,0.289757,31.85557,348.6652,14.83525,0.7898662,0.947185,0.2003766,-0.5041705,-0.7379118,-0.5010269,Nothing
17.67046,24,2,3,0,0.8016218,0.9900434,0.2911792,32.2466,348.3164,14.52799,0.7907863,0.9472826,0.2000485,-0.4984581,-0.7414563,-0.5183181,Nothing
17.67831,24,2,3,0,0.8014188,0.9885924,0.2924413,32.61985,348.0179,14.19822,0.7915866,0.9473212,0.1998451,-0.4916583,-0.743662,-0.5338069,Nothing
17.68691,24,2,3,0,0.8011142,0.987254,0.2938267,32.97377,347.7033,13.89502,0.7927064,0.9476118,0.2002187,-0.4798273,-0.7436994,-0.5473334,Nothing
17.6951,24,2,3,0,0.8009741,0.9858363,0.2949494,33.31479,347.4289,13.56426,0.7936769,0.9477426,0.2001795,-0.4708348,-0.7444908,-0.5615874,Nothing
17.7041,24,2,3,0,0.8008442,0.9844063,0.2959843,33.64039,347.1655,13.21845,0.7947518,0.9479645,0.2002033,-0.4600164,-0.7441855,-0.5757289,Nothing
17.71263,24,2,3,0,0.8010473,0.9819235,0.2978244,34.10083,346.6275,12.61691,0.7957717,0.9481624,0.2000883,-0.4557067,-0.7404259,-0.5998479,Nothing
17.72932,24,2,3,0,0.8009848,0.9784865,0.2998557,34.78747,346.1322,11.81669,0.7983316,0.9488832,0.199171,-0.4332455,-0.7402515,-0.6413659,Nothing
17.73723,24,2,3,0,0.8009629,0.9769495,0.3007056,35.12886,345.9283,11.45228,0.7994464,0.9491327,0.1989243,-0.4228701,-0.7402674,-0.6573784,Nothing
17.74493,24,2,3,0,0.8009667,0.9755908,0.3012812,35.44538,345.8312,11.16607,0.8005021,0.9496977,0.1985269,-0.4119398,-0.7381626,-0.6738882,Nothing
17.75365,24,2,3,0,0.8009532,0.974467,0.3017126,35.73351,345.7989,10.94916,0.8016205,0.9498869,0.1981657,-0.4004051,-0.7400344,-0.686202,Nothing
17.76168,24,2,3,0,0.8007804,0.9734509,0.3019091,36.00519,345.8123,10.77125,0.8027982,0.950193,0.1979861,-0.3850247,-0.7402397,-0.6961075,Nothing
17.76963,24,2,3,0,0.800671,0.9725561,0.3022343,36.307,345.8466,10.6399,0.8040704,0.950486,0.1975438,-0.3712636,-0.7439067,-0.7080746,Nothing
17.77946,24,2,3,0,0.8004773,0.9715349,0.3027632,36.63335,345.7978,10.46495,0.8051345,0.9508141,0.197283,-0.3594656,-0.7461837,-0.72036,Nothing
17.78773,24,2,3,0,0.8002663,0.9698288,0.30368,37.13721,345.6889,10.1897,0.8066462,0.9513156,0.1967875,-0.344444,-0.7490924,-0.7411631,Nothing
17.79598,24,2,3,0,0.800077,0.9686,0.3044242,37.46349,345.5323,9.944784,0.8073278,0.9517307,0.196446,-0.3381054,-0.7495077,-0.7566308,Nothing
17.81187,24,2,3,0,0.8000742,0.9658794,0.3055412,38.05305,345.2609,9.356411,0.808616,0.952062,0.1958212,-0.3265864,-0.748785,-0.7829864,Nothing
17.81969,24,2,3,0,0.8002201,0.9644366,0.3059455,38.30073,345.1401,9.006583,0.8091627,0.9523946,0.1954538,-0.3215013,-0.7450407,-0.7972425,Nothing
17.82807,24,2,3,0,0.8005107,0.9627972,0.3062372,38.51465,344.9663,8.580161,0.8095698,0.9526087,0.1950695,-0.3187452,-0.7390335,-0.8110485,Nothing
17.83635,24,2,3,0,0.8008717,0.9611399,0.3064262,38.70792,344.7965,8.132067,0.8099602,0.9531352,0.1945425,-0.3163529,-0.7303317,-0.8274351,Nothing
17.84473,24,2,3,0,0.8012443,0.9596111,0.3065398,38.87132,344.6339,7.691227,0.8099523,0.9532506,0.1941491,-0.317805,-0.7231148,-0.8383839,Nothing
17.85326,24,2,3,0,0.801679,0.957306,0.3069179,39.1716,344.3655,7.073192,0.8099169,0.9534342,0.1936792,-0.3207148,-0.7135733,-0.8550858,Nothing
17.86147,24,2,3,0,0.8018962,0.9558353,0.3073037,39.38727,344.1429,6.654714,0.8097226,0.9534873,0.1932429,-0.3255827,-0.7097034,-0.8667799,Nothing
17.87002,24,2,3,0,0.8022909,0.9542701,0.3075283,39.59197,343.9157,6.220775,0.8098105,0.9536318,0.192919,-0.3283494,-0.7031224,-0.8779679,Nothing
17.87837,24,2,3,0,0.802528,0.9525953,0.3079591,39.81445,343.6244,5.742278,0.8092403,0.9535427,0.1925487,-0.3377765,-0.6979559,-0.8887194,Nothing
17.88673,24,2,3,0,0.8028463,0.9509078,0.3082893,39.98606,343.3417,5.250359,0.8086472,0.9533177,0.1922779,-0.3473425,-0.6918039,-0.8975632,Nothing
17.89452,24,2,3,0,0.8031551,0.9492224,0.3086304,40.1681,343.0523,4.757167,0.8083084,0.9532282,0.1919692,-0.3547509,-0.6859518,-0.9080422,Nothing
17.90307,24,2,3,0,0.8036008,0.9475588,0.3086641,40.25144,342.7486,4.195721,0.8075019,0.9529499,0.1916506,-0.3665537,-0.6772828,-0.914652,Nothing
17.91159,24,2,3,0,0.8040746,0.9459397,0.3086579,40.34569,342.4968,3.680676,0.8067216,0.9527146,0.191297,-0.3780677,-0.6689301,-0.9212114,Nothing
17.91976,24,2,3,0,0.8047947,0.9435142,0.3086767,40.51711,342.1369,2.918587,0.8056823,0.9522619,0.1909949,-0.3936205,-0.6571534,-0.9287822,Nothing
17.92834,24,2,3,0,0.805346,0.942014,0.3085045,40.59436,341.934,2.428832,0.8045627,0.9517438,0.1908067,-0.407836,-0.6491143,-0.9295209,Nothing
17.93685,24,2,3,0,0.8058916,0.9407145,0.3083597,40.64954,341.7524,1.989973,0.8034174,0.9511201,0.1907516,-0.4222245,-0.6423309,-0.9276945,Nothing
17.94467,24,2,3,0,0.8063302,0.9394151,0.3082011,40.68167,341.5551,1.545967,0.802478,0.9505765,0.1905291,-0.4344288,-0.6363916,-0.9283999,Nothing
17.95387,24,2,3,0,0.806903,0.9382342,0.3078725,40.69419,341.3968,1.130988,0.8014887,0.9500229,0.190321,-0.4474398,-0.6296933,-0.926816,Nothing
17.96265,24,2,3,0,0.8076143,0.9365419,0.3074261,40.6833,341.1622,0.5283934,0.7997544,0.9489893,0.1900654,-0.4682351,-0.6212188,-0.9224541,Nothing
17.97907,24,2,3,0,0.8084006,0.9344698,0.3067437,40.60639,340.8574,359.7762,0.79745,0.9475409,0.1897264,-0.4946266,-0.610883,-0.9151912,Nothing
17.98648,24,2,3,0,0.8088118,0.9333345,0.3065403,40.59058,340.6314,359.3592,0.7962896,0.9467669,0.1895858,-0.5094713,-0.6064963,-0.9117659,Nothing
17.99478,24,2,3,0,0.8090793,0.9320882,0.3063607,40.56919,340.3541,358.8996,0.7952297,0.946007,0.1894724,-0.5225255,-0.6017886,-0.9093679,Nothing
18.0032,24,2,3,0,0.8093975,0.9308536,0.3063319,40.57561,340.0193,358.408,0.7940466,0.945141,0.189381,-0.5384402,-0.5990242,-0.9058438,Nothing
18.01156,24,2,3,0,0.8097353,0.9292966,0.3063397,40.55769,339.6229,357.8322,0.7929158,0.9443147,0.1893505,-0.5543714,-0.5936137,-0.904253,Nothing
18.02007,24,2,3,0,0.8100827,0.9276506,0.3062055,40.5137,339.2295,357.2233,0.7917652,0.9434603,0.1893043,-0.5698889,-0.5870296,-0.9021514,Nothing
18.02868,24,2,3,0,0.8104551,0.9260373,0.3060198,40.39568,338.824,356.5801,0.7906373,0.942618,0.1892812,-0.5852131,-0.5794804,-0.8997687,Nothing
18.03664,24,2,3,0,0.8108251,0.9244633,0.3058878,40.26855,338.419,355.9738,0.7893923,0.9416417,0.1892331,-0.6022962,-0.5733168,-0.8963253,Nothing
18.04476,24,2,3,0,0.8113291,0.9222112,0.3056634,40.08787,337.8535,355.1121,0.787816,0.940328,0.1891575,-0.6244111,-0.5645533,-0.8920808,Nothing
18.05336,24,2,3,0,0.8116979,0.9209906,0.3053912,39.81091,337.4993,354.5942,0.7868989,0.9393648,0.1891512,-0.6378238,-0.558047,-0.8872341,Nothing
18.06138,24,2,3,0,0.8119844,0.9198411,0.3052023,39.58435,337.1557,354.104,0.7860548,0.9386043,0.1891042,-0.6503122,-0.5522876,-0.8840446,Nothing
18.06976,24,2,3,0,0.8122404,0.9188912,0.3049292,39.37648,336.8594,353.6705,0.78537,0.9376895,0.1890745,-0.6600551,-0.5490316,-0.8785121,Nothing
18.07808,24,2,3,0,0.8124117,0.9181948,0.3045184,39.18628,336.6326,353.3156,0.7846426,0.9370055,0.1889544,-0.6687037,-0.5456313,-0.8730249,Nothing
18.08633,24,2,3,0,0.8126781,0.9179087,0.3038329,38.9895,336.5425,353.0845,0.7840828,0.9362544,0.1889587,-0.6736524,-0.5429397,-0.8631133,Nothing
18.09507,24,2,3,0,0.8129337,0.9172618,0.3033894,38.80405,336.3629,352.7625,0.7835351,0.9356274,0.1888775,-0.6806273,-0.5393434,-0.857721,Nothing
18.10843,24,2,3,0,0.8131789,0.916864,0.3024183,38.57396,336.2253,352.4106,0.7828525,0.9347144,0.1888778,-0.6853089,-0.5360157,-0.8447704,Nothing
18.11945,24,2,3,0,0.8134693,0.915756,0.3016823,38.27918,335.8539,351.835,0.7820595,0.9335735,0.1886737,-0.6955061,-0.5320011,-0.8355498,Nothing
18.12883,24,2,3,0,0.8133293,0.9150081,0.3018089,38.13396,335.5105,351.5195,0.7820991,0.9329578,0.1886851,-0.6975652,-0.5316244,-0.8352892,Nothing
18.1362,24,2,3,0,0.8132457,0.9143929,0.30184,37.97048,335.1997,351.2192,0.7817626,0.9323182,0.1885944,-0.703232,-0.5317933,-0.833078,Nothing
18.1438,24,2,3,0,0.8131128,0.913868,0.3018243,37.78681,334.912,350.9328,0.7815309,0.9317201,0.1885982,-0.7066694,-0.5313638,-0.8303899,Nothing
18.1526,24,2,3,0,0.8129047,0.9133266,0.3019403,37.59805,334.5864,350.6461,0.7816367,0.9311951,0.1886335,-0.7072835,-0.5310771,-0.8299947,Nothing
18.16084,24,2,3,0,0.812678,0.9128034,0.3020846,37.39797,334.27,350.3799,0.7814842,0.930597,0.188682,-0.7101817,-0.5310119,-0.8284642,Nothing
18.16958,24,2,3,0,0.8124375,0.9121367,0.3021478,37.09855,333.8414,349.9964,0.7813427,0.9296662,0.1887882,-0.7131629,-0.5310903,-0.8242574,Nothing
18.17802,24,2,3,0,0.8121619,0.9117762,0.3023651,36.86848,333.5356,349.7685,0.7813154,0.9288611,0.1889725,-0.713911,-0.5330408,-0.8208727,Nothing
18.18575,24,2,3,0,0.8118106,0.9117357,0.3026517,36.64707,333.3034,349.6333,0.7811052,0.9282891,0.1892562,-0.7150276,-0.5347963,-0.8171099,Nothing
18.19493,24,2,3,0,0.8116025,0.911454,0.3027757,36.44722,333.0715,349.4574,0.7809533,0.9276128,0.1893522,-0.7167776,-0.5363647,-0.813904,Nothing
18.20252,24,2,3,0,0.8114692,0.9113953,0.3027498,36.27912,332.9429,349.3618,0.7807934,0.9269255,0.1895202,-0.7170877,-0.5383929,-0.8082933,Nothing
18.21109,24,2,3,0,0.8113707,0.9114759,0.3026047,36.15009,332.8872,349.321,0.7804014,0.9263536,0.18955,-0.7191195,-0.5407337,-0.8022419,Nothing
18.21918,24,2,3,0,0.8114299,0.9116526,0.3025098,36.06807,332.8727,349.3093,0.7801839,0.9256899,0.1897646,-0.7196797,-0.5443131,-0.7942864,Nothing
18.22743,24,2,3,0,0.8113731,0.9119014,0.3023506,36.05151,332.8899,349.3374,0.7800235,0.925056,0.1900675,-0.7176799,-0.548052,-0.7855169,Nothing
18.23634,24,2,3,0,0.8112363,0.9123318,0.3023243,36.08164,332.9059,349.4066,0.7797039,0.9241943,0.1903728,-0.7165785,-0.5559357,-0.7746012,Nothing
18.24394,24,2,3,0,0.8111926,0.9127359,0.3024158,36.12334,332.9245,349.5015,0.7796237,0.9235044,0.1906936,-0.7149658,-0.5628279,-0.7661126,Nothing
18.25307,24,2,3,0,0.8110892,0.9130067,0.3023135,36.11997,333.002,349.6058,0.7794246,0.9228717,0.190959,-0.7129671,-0.5668768,-0.7585256,Nothing
18.26077,24,2,3,0,0.8110425,0.9133371,0.30219,36.12954,333.0676,349.6882,0.7789353,0.9220559,0.1911609,-0.7140055,-0.5731712,-0.7482592,Nothing
18.26936,24,2,3,0,0.8111055,0.9139265,0.3020447,36.18734,333.2447,349.8614,0.7787279,0.9213989,0.1915061,-0.7117123,-0.57955,-0.7377083,Nothing
18.27792,24,2,3,0,0.8110963,0.9143443,0.3016573,36.20378,333.4171,349.9937,0.7784005,0.9210146,0.1914875,-0.7107658,-0.5829789,-0.7308044,Nothing
18.28623,24,2,3,0,0.810919,0.9148692,0.3016485,36.23574,333.5538,350.1224,0.778145,0.9203941,0.1916729,-0.7082303,-0.59056,-0.7234684,Nothing
18.29434,24,2,3,0,0.8109593,0.915226,0.3015312,36.25645,333.651,350.231,0.7775488,0.920009,0.1917067,-0.7121894,-0.5944176,-0.7164801,Nothing
18.30243,24,2,3,0,0.8109962,0.9155833,0.3014759,36.3157,333.783,350.3779,0.7771038,0.9191963,0.1920016,-0.7131813,-0.6008856,-0.7060859,Nothing
18.31094,24,2,3,0,0.8109964,0.9156402,0.3015387,36.32553,333.8406,350.4457,0.7766993,0.9186549,0.1922232,-0.7154055,-0.603925,-0.7004022,Nothing
18.31947,24,2,3,0,0.8109308,0.9156691,0.3016395,36.36255,333.8757,350.4967,0.7762855,0.918255,0.1922675,-0.718225,-0.6073679,-0.6970536,Nothing
18.32791,24,2,3,0,0.810964,0.9156327,0.3018839,36.41883,333.8837,350.5346,0.7759348,0.9179341,0.1923596,-0.7221783,-0.6104159,-0.6946849,Nothing
18.33599,24,2,3,0,0.8109748,0.9158708,0.3017728,36.48005,333.9766,350.6228,0.7756312,0.9173846,0.1927676,-0.7216083,-0.6134334,-0.685492,Nothing
18.34453,24,2,3,0,0.8109499,0.9159849,0.301866,36.5358,334.0399,350.7068,0.7752209,0.9170709,0.1928596,-0.7244906,-0.6164364,-0.6817641,Nothing
18.35281,24,2,3,0,0.8108014,0.9163091,0.3020079,36.61223,334.136,350.8335,0.7749355,0.9170886,0.1927971,-0.7258025,-0.6198785,-0.6813567,Nothing
18.36083,24,2,3,0,0.8106974,0.9167782,0.3019878,36.72482,334.3382,351.0532,0.774401,0.9167679,0.1927668,-0.7278734,-0.6255803,-0.6764152,Nothing
18.36913,24,2,3,0,0.8107524,0.9174249,0.3018669,36.84676,334.5764,351.3019,0.774072,0.9166197,0.1927708,-0.7288141,-0.6305001,-0.6709197,Nothing
18.37718,24,2,3,0,0.8108385,0.9179623,0.3016193,36.95217,334.8104,351.5357,0.7737871,0.9167364,0.1930142,-0.7288045,-0.6301381,-0.6651408,Nothing
18.38592,24,2,3,0,0.8108547,0.9187268,0.3014403,37.06892,335.0858,351.8138,0.7736825,0.9165966,0.1929136,-0.7271429,-0.6363398,-0.660648,Nothing
18.39413,24,2,3,0,0.8109063,0.9194114,0.3010979,37.18284,335.4278,352.1254,0.7735635,0.9166291,0.1928947,-0.7247992,-0.6389191,-0.6564526,Nothing
18.40268,24,2,3,0,0.8110582,0.9204283,0.3005932,37.31937,335.8478,352.5072,0.7735252,0.9167116,0.1928976,-0.7213085,-0.6425009,-0.649688,Nothing
18.41082,24,2,3,0,0.8111602,0.9213693,0.300174,37.45284,336.2291,352.8612,0.7731273,0.9166009,0.1922684,-0.7235097,-0.6511092,-0.6460278,Nothing
18.42056,24,2,3,0,0.8113536,0.9234256,0.2990673,37.68705,337.0243,353.5924,0.7733182,0.9168711,0.1922814,-0.7136033,-0.6572405,-0.6329876,Nothing
18.42902,24,2,3,0,0.8113449,0.9250437,0.2985411,37.83652,337.575,354.1371,0.7734922,0.9169459,0.1922863,-0.7062335,-0.6651538,-0.6243446,Nothing
18.43645,24,2,3,0,0.8114225,0.9267242,0.2978701,37.96261,338.1906,354.7374,0.773834,0.9172919,0.192192,-0.697981,-0.6708053,-0.617642,Nothing
18.44437,24,2,3,0,0.8114617,0.9285873,0.2970913,38.05321,338.8419,355.389,0.7742735,0.917731,0.1923159,-0.6876118,-0.6747156,-0.6088584,Nothing
18.45309,24,2,3,0,0.8115748,0.9308182,0.2961414,38.10562,339.5949,356.1648,0.7749603,0.9183269,0.1923164,-0.6754766,-0.6792412,-0.6000444,Nothing
18.46101,24,2,3,0,0.8115205,0.9330049,0.2952711,38.15838,340.3286,356.928,0.7756588,0.9189432,0.1923471,-0.662258,-0.6840612,-0.5919788,Nothing
18.46962,24,2,3,0,0.8113546,0.935142,0.2945617,38.22438,341.0234,357.6586,0.7764859,0.9197322,0.1922425,-0.6481947,-0.6897557,-0.5873253,Nothing
18.4779,24,2,3,0,0.8109289,0.9387299,0.2930975,38.31532,342.2054,358.9197,0.7777789,0.9208733,0.1922606,-0.6233459,-0.6980166,-0.5744962,Nothing
18.4875,24,2,3,0,0.8103963,0.9417993,0.2921653,38.35911,343.1613,-0.004723246,0.7790869,0.9219213,0.1920398,-0.6015565,-0.7083772,-0.5682225,Nothing
18.50287,24,2,3,0,0.8091511,0.9472954,0.2901856,38.3627,345.0245,2.051765,0.7815856,0.9241619,0.1916723,-0.5576147,-0.7230179,-0.5578157,Nothing
18.51182,24,2,3,0,0.8085577,0.9500613,0.2891828,38.31667,345.9481,3.087234,0.7829816,0.9253646,0.1913108,-0.5357008,-0.7311512,-0.5540408,Nothing
18.51959,24,2,3,0,0.8079391,0.9524818,0.2882595,38.25956,346.7899,4.014071,0.7843052,0.9264944,0.1910409,-0.5142878,-0.7377694,-0.550742,Nothing
18.52857,24,2,3,0,0.8072558,0.9544755,0.2873589,38.08743,347.5379,4.815845,0.7857161,0.9279778,0.1903651,-0.4920321,-0.7408366,-0.5563938,Nothing
18.53756,24,2,3,0,0.8064307,0.9572743,0.2860108,37.82412,348.5906,5.935565,0.7878359,0.9296834,0.1897665,-0.4597942,-0.7460018,-0.5579953,Nothing
18.55301,24,2,3,0,0.8055511,0.9601514,0.2845451,37.32924,349.6786,7.042887,0.7908257,0.9318348,0.189175,-0.4170229,-0.7483478,-0.5645581,Nothing
18.56149,24,2,3,0,0.8051791,0.9611928,0.2840809,37.06446,350.0697,7.478459,0.7921758,0.9327627,0.1888232,-0.3991405,-0.7490184,-0.5707773,Nothing
18.56973,24,2,3,0,0.8047712,0.9622909,0.2837364,36.7848,350.4161,7.906586,0.7934929,0.9334005,0.1886625,-0.3819983,-0.7518797,-0.5741336,Nothing
18.57817,24,2,3,0,0.8043978,0.9631102,0.2836073,36.52145,350.6591,8.256754,0.79481,0.9342095,0.1882869,-0.3663951,-0.7537432,-0.5829021,Nothing
18.58674,24,2,3,0,0.8040136,0.9638508,0.2834547,36.24215,350.8871,8.616903,0.7962101,0.9351156,0.1875717,-0.3507548,-0.7559649,-0.5954931,Nothing
18.59439,24,2,3,0,0.8035948,0.9645941,0.2834958,35.97691,351.0578,8.942192,0.7975503,0.9358984,0.1871431,-0.3357278,-0.7587565,-0.6060748,Nothing
18.60322,24,2,3,0,0.8029349,0.9656116,0.2835594,35.5745,351.2852,9.402931,0.7995654,0.9370401,0.1865203,-0.3127511,-0.7624815,-0.622103,Nothing
18.61117,24,2,3,0,0.8024464,0.9663241,0.2836001,35.29206,351.4236,9.6958,0.8008791,0.9377604,0.1861003,-0.2973287,-0.7655759,-0.6324939,Nothing
18.61974,24,2,3,0,0.8020789,0.9663471,0.284445,34.971,351.159,9.749408,0.8021175,0.9385524,0.1855641,-0.2885187,-0.7659161,-0.6543317,Nothing
18.62773,24,2,3,0,0.8017438,0.9667236,0.2845996,34.67094,351.1395,9.927855,0.8033311,0.9390988,0.1851986,-0.276574,-0.7669877,-0.6657882,Nothing
18.63725,24,2,3,0,0.8014722,0.9667525,0.2851289,34.37937,350.9598,9.979717,0.8045339,0.9396641,0.1848413,-0.2668285,-0.7667583,-0.6819129,Nothing
18.87153,24,2,3,0,0.7971906,0.9774537,0.2914906,33.41866,351.2367,14.3433,0.8191274,0.9358863,0.1860506,-0.1818755,-0.9425777,-0.6822626,Nothing
18.88662,24,2,3,0,0.7962962,0.9794895,0.2915026,33.90144,352.022,15.41024,0.8198282,0.9356784,0.1863538,-0.1753013,-0.9703944,-0.6600922,Nothing
18.89606,24,2,3,0,0.7958048,0.9808199,0.2913941,34.12063,352.4692,15.94314,0.8204193,0.9355949,0.1866158,-0.1686018,-0.9864844,-0.6457344,Nothing
18.9118,24,2,3,0,0.7953916,0.9822124,0.2915575,34.56282,353.0694,16.65769,0.8216209,0.9348692,0.1869137,-0.1605337,-1.013802,-0.6253042,Nothing
18.91977,24,2,3,0,0.7952964,0.9828673,0.2913997,34.79942,353.48,17.03921,0.8225496,0.9346806,0.1871963,-0.1514979,-1.025071,-0.6126678,Nothing
18.92809,24,2,3,0,0.7954265,0.9830152,0.2913354,34.87864,353.6248,17.11862,0.8233568,0.9349161,0.1875274,-0.1427259,-1.025942,-0.6087767,Nothing
18.9363,24,2,3,0,0.7959893,0.9825165,0.2911958,34.83238,353.5503,16.91411,0.8240632,0.934835,0.1877019,-0.1370466,-1.021213,-0.6097327,Nothing
18.94462,24,2,3,0,0.7961064,0.9825332,0.2912166,34.88619,353.6188,16.9431,0.8245787,0.9348602,0.1879213,-0.1320994,-1.022279,-0.6073837,Nothing
18.95325,24,2,3,0,0.796501,0.9822442,0.2912557,34.88662,353.5396,16.80853,0.8252652,0.9348203,0.1881649,-0.1272205,-1.020265,-0.6075962,Nothing
18.96187,24,2,3,0,0.7969058,0.98181,0.2913682,34.89075,353.4204,16.638,0.825971,0.9347801,0.1883539,-0.1223811,-1.017742,-0.6097694,Nothing
18.96986,24,2,3,0,0.7972096,0.9813228,0.2916411,34.90487,353.2312,16.44166,0.8265814,0.934788,0.188559,-0.1185402,-1.015068,-0.6137435,Nothing
18.97865,24,2,3,0,0.797555,0.9809511,0.2920181,34.98143,353.0994,16.31432,0.8276941,0.9348069,0.1888039,-0.1111101,-1.015893,-0.6168719,Nothing
18.98648,24,2,3,0,0.7977279,0.9806881,0.2922252,35.03578,353.012,16.24119,0.8286034,0.9348235,0.1888505,-0.1043913,-1.01747,-0.6198564,Nothing
18.99466,24,2,3,0,0.7978203,0.9806304,0.2925522,35.14323,352.9767,16.24811,0.8294829,0.9349267,0.1890244,-0.09806346,-1.020733,-0.6210768,Nothing
19.00291,24,2,3,0,0.7978795,0.9806601,0.2927844,35.26458,352.9995,16.30783,0.8301451,0.9351336,0.1893159,-0.09274673,-1.022372,-0.6200463,Nothing
19.01125,24,2,3,0,0.7978777,0.9808723,0.2928257,35.38044,353.0862,16.40306,0.8311091,0.935299,0.1894187,-0.08391833,-1.027184,-0.617945,Nothing
19.01996,24,2,3,0,0.7978686,0.9812636,0.292661,35.46196,353.2844,16.58748,0.8319986,0.9355139,0.1897507,-0.07421553,-1.03039,-0.6116427,Nothing
19.02853,24,2,3,0,0.7979509,0.9814538,0.2926552,35.54215,353.4013,16.69429,0.8330526,0.9357841,0.190023,-0.06397275,-1.0328,-0.6089661,Nothing
19.03609,24,2,3,0,0.7979615,0.982049,0.2921946,35.57327,353.699,16.94314,0.8341534,0.936084,0.1903441,-0.05113789,-1.035866,-0.6002041,Nothing
19.04519,24,2,3,0,0.7980731,0.9825621,0.2919043,35.65014,353.9625,17.18438,0.8358247,0.9364287,0.1909572,-0.03390175,-1.039336,-0.5908126,Nothing
19.05416,24,2,3,0,0.7981657,0.9830385,0.2914358,35.64751,354.2403,17.39939,0.8370259,0.9367949,0.1914014,-0.01986334,-1.039966,-0.5825052,Nothing
19.06105,24,2,3,0,0.7983124,0.9835217,0.2907717,35.61635,354.5385,17.5941,0.8382794,0.9370981,0.1918856,-0.004610451,-1.039678,-0.5721246,Nothing
19.07008,24,2,3,0,0.7984391,0.9839152,0.2903323,35.62825,354.7777,17.76382,0.8395897,0.9375246,0.1923688,0.01047126,-1.039457,-0.56433,Nothing
19.07792,24,2,3,0,0.7986768,0.9841772,0.2897363,35.62321,355.0315,17.88205,0.8410617,0.9380109,0.1928763,0.02820299,-1.036794,-0.5563324,Nothing
19.08699,24,2,3,0,0.7990111,0.9843973,0.2892284,35.63853,355.2236,17.97524,0.842574,0.9385284,0.1932634,0.04427025,-1.03449,-0.5503137,Nothing
19.09545,24,2,3,0,0.799403,0.9844727,0.2886581,35.63633,355.4325,18.0332,0.8446744,0.9393042,0.1940401,0.06855721,-1.028297,-0.5434329,Nothing
19.11776,24,2,3,0,0.8000541,0.9846041,0.2877286,35.53078,355.695,18.05414,0.8482558,0.9406047,0.1952701,0.1096338,-1.017434,-0.5346341,Nothing
19.13003,24,2,3,0,0.8005705,0.9839851,0.2873477,35.54224,355.7445,17.89446,0.8501762,0.9414004,0.196046,0.1332502,-1.004844,-0.533831,Nothing
19.14498,24,2,3,0,0.8013016,0.9832483,0.2869539,35.49944,355.7187,17.62437,0.852586,0.9424201,0.1971017,0.161772,-0.987949,-0.5341147,Nothing
19.15251,24,2,3,0,0.8016891,0.9826617,0.2870296,35.47986,355.6159,17.41531,0.8537937,0.9428822,0.1975925,0.1751555,-0.9794124,-0.5383728,Nothing
19.16056,24,2,3,0,0.8020335,0.9821637,0.2871843,35.48604,355.491,17.23474,0.854853,0.943271,0.1980669,0.1859051,-0.9725621,-0.5421648,Nothing
19.16935,24,2,3,0,0.8025531,0.9817088,0.2873772,35.52074,355.3349,17.06848,0.8555863,0.943687,0.19855,0.1908453,-0.9645312,-0.5455708,Nothing
19.17718,24,2,3,0,0.8029457,0.9812608,0.2876233,35.54366,355.1976,16.90991,0.8569341,0.9441413,0.1992604,0.2035967,-0.9577689,-0.548303,Nothing
19.18559,24,2,3,0,0.8029446,0.9812765,0.2877637,35.56178,355.1688,16.88965,0.8576983,0.9442191,0.1997756,0.2118254,-0.9579629,-0.5460296,Nothing
19.19481,24,2,3,0,0.803075,0.9812253,0.287882,35.57193,355.1335,16.86462,0.8582945,0.944319,0.2002574,0.217363,-0.9563916,-0.5443376,Nothing
19.20234,24,2,3,0,0.8030736,0.9815542,0.2878151,35.55216,355.2014,16.95754,0.858803,0.9443609,0.2007691,0.2226863,-0.9574718,-0.5380286,Nothing
19.21123,24,2,3,0,0.8027741,0.98207,0.287482,35.53319,355.3981,17.1516,0.85873,0.9443763,0.2013224,0.2260249,-0.9580121,-0.5267797,Nothing
19.2189,24,2,3,0,0.8027068,0.9824401,0.287273,35.52996,355.5343,17.29129,0.8590496,0.9443445,0.2018145,0.2304689,-0.9592587,-0.5179256,Nothing
19.22803,24,2,3,0,0.8028058,0.9826321,0.287159,35.52354,355.6341,17.40254,0.8595253,0.9442229,0.2024982,0.2351231,-0.9591167,-0.5090789,Nothing
19.23553,24,2,3,0,0.8027658,0.9827107,0.2871562,35.53705,355.665,17.44734,0.8594889,0.9441129,0.2027234,0.2349872,-0.9596802,-0.5056504,Nothing
19.24409,24,2,3,0,0.8028593,0.9828119,0.2870933,35.55189,355.7249,17.50805,0.8595223,0.9441101,0.2035741,0.2363779,-0.9557092,-0.4967797,Nothing
19.25262,24,2,3,0,0.8030934,0.9828255,0.2869791,35.56124,355.7458,17.50105,0.859589,0.9439874,0.2046156,0.2377625,-0.9499903,-0.4860152,Nothing
19.26048,24,2,3,0,0.8032883,0.9825325,0.2869808,35.54885,355.691,17.39305,0.8594223,0.9437037,0.2051453,0.236576,-0.9452738,-0.4820535,Nothing
19.26935,24,2,3,0,0.8036301,0.9823244,0.2870368,35.5447,355.6469,17.30035,0.8591883,0.9431701,0.2056221,0.2321367,-0.9431849,-0.4766546,Nothing
19.27743,24,2,3,0,0.8038669,0.9820228,0.2870805,35.53423,355.5742,17.19183,0.8588163,0.9427035,0.2062103,0.2279057,-0.9389495,-0.4714485,Nothing
19.28622,24,2,3,0,0.8040557,0.9818163,0.2870906,35.52092,355.5288,17.11751,0.8589897,0.9419909,0.2066914,0.2282251,-0.9399779,-0.4650525,Nothing
19.29572,24,2,3,0,0.8043402,0.9814953,0.2870393,35.47479,355.4542,17.00271,0.8578742,0.9409752,0.2075768,0.2162653,-0.9348517,-0.4534527,Nothing
19.31064,24,2,3,0,0.8045688,0.9814296,0.2869486,35.41546,355.415,16.94837,0.8565532,0.9400487,0.2089209,0.2033129,-0.9280137,-0.4365702,Nothing
19.31921,24,2,3,0,0.8046125,0.9815313,0.2868664,35.40248,355.4444,16.97812,0.8558428,0.9394225,0.2095753,0.1961508,-0.9272526,-0.4256578,Nothing
19.3271,24,2,3,0,0.8046668,0.9816927,0.2867202,35.40042,355.4866,17.01579,0.8553072,0.9388334,0.2102271,0.1906912,-0.9270002,-0.4139749,Nothing
19.33569,24,2,3,0,0.8045792,0.9819992,0.286583,35.4107,355.5834,17.12851,0.8547081,0.9382998,0.2108066,0.1851181,-0.9284754,-0.4019666,Nothing
19.3438,24,2,3,0,0.8045582,0.9821848,0.2865086,35.40834,355.6333,17.1847,0.8541288,0.937793,0.2113938,0.1795443,-0.9286407,-0.3917486,Nothing
19.35315,24,2,3,0,0.8044379,0.9824519,0.286382,35.42249,355.7165,17.28804,0.8538823,0.9373783,0.2118558,0.1776299,-0.9308394,-0.3820253,Nothing
19.36281,24,2,3,0,0.8043216,0.9827466,0.286354,35.43813,355.7788,17.37782,0.8531242,0.9366871,0.2127,0.1706142,-0.9320955,-0.3679463,Nothing
19.37725,24,2,3,0,0.8042588,0.9827619,0.2864423,35.4672,355.7914,17.42517,0.85225,0.9359066,0.213937,0.1630716,-0.9296993,-0.3527177,Nothing
19.38581,24,2,3,0,0.8042246,0.9828337,0.2864584,35.46597,355.7865,17.44017,0.8518239,0.9355237,0.2145542,0.1593687,-0.9287326,-0.3448544,Nothing
19.39371,24,2,3,0,0.8043349,0.9828748,0.2865427,35.46416,355.7471,17.41735,0.8514403,0.9351334,0.2151372,0.1546265,-0.9276773,-0.3381309,Nothing
19.40293,24,2,3,0,0.804362,0.9828577,0.2864701,35.47127,355.7399,17.42775,0.8511908,0.9348289,0.2157382,0.1526583,-0.9254252,-0.3306175,Nothing
19.41068,24,2,3,0,0.8043592,0.9829079,0.2864002,35.47852,355.7567,17.4395,0.8514222,0.9346075,0.2161157,0.1553679,-0.926039,-0.3252402,Nothing
19.41951,24,2,3,0,0.8043421,0.9829956,0.2862842,35.48634,355.7958,17.46598,0.8510575,0.9345303,0.2166245,0.1532816,-0.9228674,-0.318524,Nothing
19.42844,24,2,3,0,0.8042082,0.9832308,0.2861539,35.50068,355.857,17.52268,0.8508041,0.9341806,0.2173441,0.152682,-0.9227,-0.3073698,Nothing
19.43565,24,2,3,0,0.8040687,0.9834706,0.2860669,35.50546,355.9146,17.5954,0.8507317,0.9340199,0.2177608,0.1531669,-0.9235815,-0.3004477,Nothing
19.44564,24,2,3,0,0.8039274,0.9836579,0.2860596,35.51379,355.9526,17.66644,0.850573,0.9338353,0.2181992,0.1525207,-0.9242724,-0.2941903,Nothing
19.46176,24,2,3,0,0.8035291,0.9843182,0.2861093,35.54967,356.0362,17.87083,0.8504109,0.9336659,0.2189648,0.152208,-0.9284729,-0.2824478,Nothing
19.46989,24,2,3,0,0.8032149,0.984622,0.2862295,35.56982,356.072,17.9809,0.8503962,0.9336098,0.2191994,0.1530924,-0.9321256,-0.2790228,Nothing
19.47817,24,2,3,0,0.8027689,0.9852539,0.286395,35.61259,356.147,18.18758,0.8505064,0.9335551,0.2195599,0.1546753,-0.9391785,-0.2725516,Nothing
19.48621,24,2,3,0,0.8024505,0.98573,0.2863162,35.64121,356.2329,18.349,0.8505384,0.9335048,0.2196378,0.1554823,-0.9442569,-0.2673589,Nothing
19.49454,24,2,3,0,0.8020543,0.986284,0.2863049,35.67077,356.3435,18.54118,0.8506001,0.9334775,0.2198278,0.1570674,-0.9499885,-0.2613415,Nothing
19.50433,24,2,3,0,0.8016735,0.9868752,0.2862554,35.69495,356.4525,18.70023,0.8508348,0.9335061,0.2200206,0.1608062,-0.9558064,-0.2552488,Nothing
19.51986,24,2,3,0,0.8011059,0.9877368,0.2861403,35.73057,356.6452,18.95521,0.8509776,0.9335826,0.2199782,0.1638667,-0.9649173,-0.2485275,Nothing
19.52929,24,2,3,0,0.8006566,0.9881527,0.2860995,35.74502,356.7656,19.12088,0.8508753,0.9334647,0.2201444,0.1650096,-0.9697058,-0.2427796,Nothing
19.54445,24,2,3,0,0.8002316,0.9888153,0.2860242,35.7362,356.8872,19.30713,0.8509093,0.9333836,0.2201277,0.165939,-0.9773181,-0.2373855,Nothing
19.55315,24,2,3,0,0.8000002,0.989009,0.2860752,35.74578,356.9207,19.37912,0.8508938,0.9334397,0.2200554,0.1665041,-0.9800838,-0.2373095,Nothing
19.56095,24,2,3,0,0.7998847,0.98918,0.2861022,35.76385,356.9578,19.46268,0.8509557,0.9334897,0.2199555,0.1665737,-0.9826638,-0.2371861,Nothing
19.56948,24,2,3,0,0.7997253,0.989413,0.2861543,35.77578,356.9735,19.51711,0.8511056,0.9337756,0.2195589,0.1677932,-0.9860294,-0.2410563,Nothing
19.57823,24,2,3,0,0.7995168,0.9894181,0.2864409,35.79729,356.9204,19.53224,0.851175,0.9339552,0.2193795,0.1687491,-0.9883905,-0.2461102,Nothing
19.58658,24,2,3,0,0.7993324,0.9893407,0.2866001,35.80078,356.8715,19.5217,0.8512008,0.9341344,0.2190696,0.1697971,-0.9897266,-0.251898,Nothing
19.59508,24,2,3,0,0.7992516,0.9891882,0.2867747,35.80793,356.8055,19.47946,0.8513041,0.9344015,0.2188481,0.1715327,-0.9892272,-0.2581078,Nothing
19.60324,24,2,3,0,0.7991967,0.9890839,0.2870094,35.82418,356.7238,19.43458,0.8511637,0.9348778,0.2185951,0.1707266,-0.9870074,-0.2658806,Nothing
19.61167,24,2,3,0,0.7991621,0.9889215,0.2871882,35.83581,356.657,19.38407,0.8512425,0.9351238,0.2184294,0.1719914,-0.9860438,-0.2715041,Nothing
19.61958,24,2,3,0,0.7992008,0.9886472,0.2873684,35.83983,356.5669,19.28453,0.8513867,0.9354204,0.2182277,0.1740517,-0.9838133,-0.2786813,Nothing
19.62773,24,2,3,0,0.7992064,0.9884464,0.2875465,35.85498,356.514,19.22987,0.8514621,0.9357082,0.2180436,0.1753071,-0.98215,-0.2847611,Nothing
19.6362,24,2,3,0,0.7991861,0.9883461,0.2876425,35.87089,356.4879,19.20498,0.8515224,0.9359899,0.2178687,0.1764588,-0.9809479,-0.2892593,Nothing
19.64446,24,2,3,0,0.7991619,0.9882311,0.2876357,35.86627,356.4804,19.18897,0.8514649,0.936358,0.2177501,0.1773463,-0.9775916,-0.2931749,Nothing
19.65306,24,2,3,0,0.7991236,0.9882702,0.2875886,35.86823,356.5112,19.20981,0.8514643,0.9366127,0.2175867,0.1780644,-0.9767395,-0.2952004,Nothing
19.66081,24,2,3,0,0.7991139,0.9883539,0.287488,35.86003,356.5532,19.24501,0.8514123,0.9368416,0.2174288,0.1779124,-0.9758118,-0.2963513,Nothing
19.67024,24,2,3,0,0.7990227,0.9885656,0.2872621,35.84481,356.621,19.29757,0.8514373,0.9371538,0.2171222,0.1791615,-0.9759545,-0.2974334,Nothing
19.67854,24,2,3,0,0.7989978,0.9887376,0.2870532,35.80846,356.6735,19.3366,0.8513278,0.9373242,0.2169346,0.178536,-0.9754594,-0.2973896,Nothing
19.68681,24,2,3,0,0.7990302,0.9887406,0.286998,35.80541,356.6751,19.34412,0.8512095,0.9375318,0.2166834,0.1770685,-0.974375,-0.3001928,SelectionStart
19.68684,24,2,3,0,0.7990302,0.9887406,0.286998,35.80541,356.6751,19.34412,0.8512095,0.9375318,0.2166834,0.1770685,-0.974375,-0.3001928,SelectionEnd
19.69066,24,2,3,0,0.7990302,0.9887406,0.286998,35.80541,356.6751,19.34412,0.8512095,0.9375318,0.2166834,0.1770685,-0.974375,-0.3001928,GotSelection
19.7005,24,2,3,0,0.7990574,0.9887254,0.2870721,35.79511,356.5959,19.3023,0.8508572,0.9378085,0.2164396,0.1730798,-0.9722673,-0.3050762,SelectionStart
19.70052,24,2,3,0,0.7990574,0.9887254,0.2870721,35.79511,356.5959,19.3023,0.8508572,0.9378085,0.2164396,0.1730798,-0.9722673,-0.3050762,SelectionEnd
19.70399,24,2,3,0,0.7990574,0.9887254,0.2870721,35.79511,356.5959,19.3023,0.8508572,0.9378085,0.2164396,0.1730798,-0.9722673,-0.3050762,GotSelection
19.71281,24,2,3,0,0.7991379,0.9886395,0.2872337,35.78441,356.4571,19.20952,0.8504926,0.9380516,0.2160622,0.1680208,-0.9706807,-0.3123756,SelectionStart
19.71283,24,2,3,0,0.7991379,0.9886395,0.2872337,35.78441,356.4571,19.20952,0.8504926,0.9380516,0.2160622,0.1680208,-0.9706807,-0.3123756,SelectionEnd
19.71616,24,2,3,0,0.7991379,0.9886395,0.2872337,35.78441,356.4571,19.20952,0.8504926,0.9380516,0.2160622,0.1680208,-0.9706807,-0.3123756,GotSelection
19.7276,24,2,3,0,0.7992898,0.9884939,0.2872563,35.75389,356.3654,19.10329,0.8495566,0.9381709,0.2156574,0.1578754,-0.9664623,-0.3179938,SelectionStart
19.72762,24,2,3,0,0.7992898,0.9884939,0.2872563,35.75389,356.3654,19.10329,0.8495566,0.9381709,0.2156574,0.1578754,-0.9664623,-0.3179938,SelectionEnd
19.73098,24,2,3,0,0.7992898,0.9884939,0.2872563,35.75389,356.3654,19.10329,0.8495566,0.9381709,0.2156574,0.1578754,-0.9664623,-0.3179938,GotSelection
19.7407,24,2,3,0,0.7994933,0.9884397,0.2870593,35.69452,356.3046,19.00014,0.8488237,0.9382084,0.2154116,0.150091,-0.9619756,-0.3197368,SelectionStart
19.74072,24,2,3,0,0.7994933,0.9884397,0.2870593,35.69452,356.3046,19.00014,0.8488237,0.9382084,0.2154116,0.150091,-0.9619756,-0.3197368,SelectionEnd
19.74398,24,2,3,0,0.7994933,0.9884397,0.2870593,35.69452,356.3046,19.00014,0.8488237,0.9382084,0.2154116,0.150091,-0.9619756,-0.3197368,GotSelection
19.75385,24,2,3,0,0.7996579,0.9884891,0.2867833,35.62633,356.2938,18.93389,0.8481908,0.9382247,0.2152599,0.1438224,-0.9581053,-0.3191775,SelectionStart
19.75388,24,2,3,0,0.7996579,0.9884891,0.2867833,35.62633,356.2938,18.93389,0.8481908,0.9382247,0.2152599,0.1438224,-0.9581053,-0.3191775,SelectionEnd
19.7579,24,2,3,0,0.7996579,0.9884891,0.2867833,35.62633,356.2938,18.93389,0.8481908,0.9382247,0.2152599,0.1438224,-0.9581053,-0.3191775,GotSelection
19.80418,24,2,3,0,0.8002706,0.9877908,0.2867329,35.43114,355.8897,18.50411,0.8456826,0.9385872,0.2146725,0.1174075,-0.9391656,-0.3335242,SelectionStart
19.80421,24,2,3,0,0.8002706,0.9877908,0.2867329,35.43114,355.8897,18.50411,0.8456826,0.9385872,0.2146725,0.1174075,-0.9391656,-0.3335242,SelectionEnd
19.80757,24,2,3,0,0.8002706,0.9877908,0.2867329,35.43114,355.8897,18.50411,0.8456826,0.9385872,0.2146725,0.1174075,-0.9391656,-0.3335242,GotSelection
19.82166,24,2,3,0,0.8003874,0.9875951,0.2868634,35.38217,355.7603,18.39337,0.8453778,0.9385024,0.2146743,0.1134469,-0.9369122,-0.3364685,SelectionStart
19.82169,24,2,3,0,0.8003874,0.9875951,0.2868634,35.38217,355.7603,18.39337,0.8453778,0.9385024,0.2146743,0.1134469,-0.9369122,-0.3364685,SelectionEnd
19.82561,24,2,3,0,0.8003874,0.9875951,0.2868634,35.38217,355.7603,18.39337,0.8453778,0.9385024,0.2146743,0.1134469,-0.9369122,-0.3364685,GotSelection
19.83778,24,2,3,0,0.8005245,0.98722,0.2870323,35.38217,355.6397,18.27601,0.844543,0.9385747,0.2146268,0.1050326,-0.9307452,-0.340982,SelectionStart
19.83781,24,2,3,0,0.8005245,0.98722,0.2870323,35.38217,355.6397,18.27601,0.844543,0.9385747,0.2146268,0.1050326,-0.9307452,-0.340982,SelectionEnd
19.84135,24,2,3,0,0.8005245,0.98722,0.2870323,35.38217,355.6397,18.27601,0.844543,0.9385747,0.2146268,0.1050326,-0.9307452,-0.340982,GotSelection
19.85415,24,2,3,0,0.8006523,0.9869252,0.2871235,35.37893,355.5414,18.16193,0.8434759,0.9384641,0.2146651,0.09447671,-0.9249899,-0.3423317,SelectionStart
19.85417,24,2,3,0,0.8006523,0.9869252,0.2871235,35.37893,355.5414,18.16193,0.8434759,0.9384641,0.2146651,0.09447671,-0.9249899,-0.3423317,SelectionEnd
19.85778,24,2,3,0,0.8006523,0.9869252,0.2871235,35.37893,355.5414,18.16193,0.8434759,0.9384641,0.2146651,0.09447671,-0.9249899,-0.3423317,GotSelection
19.86861,24,2,3,0,0.8006847,0.9870012,0.2869796,35.369,355.5787,18.18198,0.8424208,0.9381056,0.2146875,0.08363999,-0.9236103,-0.3376341,SelectionStart
19.86864,24,2,3,0,0.8006847,0.9870012,0.2869796,35.369,355.5787,18.18198,0.8424208,0.9381056,0.2146875,0.08363999,-0.9236103,-0.3376341,SelectionEnd
19.87196,24,2,3,0,0.8006847,0.9870012,0.2869796,35.369,355.5787,18.18198,0.8424208,0.9381056,0.2146875,0.08363999,-0.9236103,-0.3376341,GotSelection
19.8815,24,2,3,0,0.8008407,0.9870597,0.2867697,35.35068,355.6512,18.2093,0.8411036,0.9378397,0.2146813,0.06989118,-0.9197597,-0.3329932,SelectionStart
19.88152,24,2,3,0,0.8008407,0.9870597,0.2867697,35.35068,355.6512,18.2093,0.8411036,0.9378397,0.2146813,0.06989118,-0.9197597,-0.3329932,SelectionEnd
19.88484,24,2,3,0,0.8008407,0.9870597,0.2867697,35.35068,355.6512,18.2093,0.8411036,0.9378397,0.2146813,0.06989118,-0.9197597,-0.3329932,GotSelection
19.89529,24,2,3,0,0.8008643,0.9872524,0.2865961,35.34557,355.7427,18.2831,0.8399824,0.9374384,0.2146005,0.05776397,-0.9199601,-0.3276236,SelectionStart
19.89532,24,2,3,0,0.8008643,0.9872524,0.2865961,35.34557,355.7427,18.2831,0.8399824,0.9374384,0.2146005,0.05776397,-0.9199601,-0.3276236,SelectionEnd
19.89866,24,2,3,0,0.8008643,0.9872524,0.2865961,35.34557,355.7427,18.2831,0.8399824,0.9374384,0.2146005,0.05776397,-0.9199601,-0.3276236,GotSelection
19.91325,24,2,3,0,0.8009197,0.9873509,0.2864701,35.34794,355.797,18.32137,0.8382185,0.937057,0.2144162,0.03916132,-0.9175972,-0.3238653,SelectionStart
19.91328,24,2,3,0,0.8009197,0.9873509,0.2864701,35.34794,355.797,18.32137,0.8382185,0.937057,0.2144162,0.03916132,-0.9175972,-0.3238653,SelectionEnd
19.91707,24,2,3,0,0.8009197,0.9873509,0.2864701,35.34794,355.797,18.32137,0.8382185,0.937057,0.2144162,0.03916132,-0.9175972,-0.3238653,GotSelection
19.92821,24,2,3,0,0.8011115,0.9873083,0.2864292,35.34285,355.7796,18.2849,0.8366044,0.9369152,0.2142371,0.02170612,-0.9125396,-0.3234773,SelectionStart
19.92823,24,2,3,0,0.8011115,0.9873083,0.2864292,35.34285,355.7796,18.2849,0.8366044,0.9369152,0.2142371,0.02170612,-0.9125396,-0.3234773,SelectionEnd
19.93171,24,2,3,0,0.8011115,0.9873083,0.2864292,35.34285,355.7796,18.2849,0.8366044,0.9369152,0.2142371,0.02170612,-0.9125396,-0.3234773,GotSelection
19.9411,24,2,3,0,0.8011928,0.9872445,0.2863863,35.31422,355.7542,18.24681,0.835555,0.9366032,0.2141446,0.01047202,-0.9104975,-0.32227,SelectionStart
19.94112,24,2,3,0,0.8011928,0.9872445,0.2863863,35.31422,355.7542,18.24681,0.835555,0.9366032,0.2141446,0.01047202,-0.9104975,-0.32227,SelectionEnd
19.94437,24,2,3,0,0.8011928,0.9872445,0.2863863,35.31422,355.7542,18.24681,0.835555,0.9366032,0.2141446,0.01047202,-0.9104975,-0.32227,GotSelection
19.95352,24,2,3,0,0.8012604,0.9872914,0.2862689,35.28207,355.7413,18.22645,0.8343311,0.936343,0.2139917,-0.002516381,-0.9082783,-0.3204927,SelectionStart
19.95354,24,2,3,0,0.8012604,0.9872914,0.2862689,35.28207,355.7413,18.22645,0.8343311,0.936343,0.2139917,-0.002516381,-0.9082783,-0.3204927,SelectionEnd
19.9569,24,2,3,0,0.8012604,0.9872914,0.2862689,35.28207,355.7413,18.22645,0.8343311,0.936343,0.2139917,-0.002516381,-0.9082783,-0.3204927,GotSelection
19.96679,24,2,3,0,0.801259,0.9874426,0.2860456,35.26002,355.7663,18.23609,0.8330702,0.9361482,0.2137705,-0.01519011,-0.9063923,-0.3178951,SelectionStart
19.96681,24,2,3,0,0.801259,0.9874426,0.2860456,35.26002,355.7663,18.23609,0.8330702,0.9361482,0.2137705,-0.01519011,-0.9063923,-0.3178951,SelectionEnd
19.97032,24,2,3,0,0.801259,0.9874426,0.2860456,35.26002,355.7663,18.23609,0.8330702,0.9361482,0.2137705,-0.01519011,-0.9063923,-0.3178951,GotSelection
19.98006,24,2,3,0,0.8012296,0.9876916,0.2857687,35.20831,355.7979,18.26254,0.8312742,0.9359307,0.2135155,-0.03308692,-0.903383,-0.3145503,SelectionStart
19.98009,24,2,3,0,0.8012296,0.9876916,0.2857687,35.20831,355.7979,18.26254,0.8312742,0.9359307,0.2135155,-0.03308692,-0.903383,-0.3145503,SelectionEnd
19.98344,24,2,3,0,0.8012296,0.9876916,0.2857687,35.20831,355.7979,18.26254,0.8312742,0.9359307,0.2135155,-0.03308692,-0.903383,-0.3145503,GotSelection
20.02349,24,2,3,0,0.8008443,0.9885323,0.2853369,35.08997,355.7883,18.34554,0.8263134,0.9352033,0.212946,-0.08235527,-0.8993319,-0.3055224,SelectionStart
20.02351,24,2,3,0,0.8008443,0.9885323,0.2853369,35.08997,355.7883,18.34554,0.8263134,0.9352033,0.212946,-0.08235527,-0.8993319,-0.3055224,SelectionEnd
20.02689,24,2,3,0,0.8008443,0.9885323,0.2853369,35.08997,355.7883,18.34554,0.8263134,0.9352033,0.212946,-0.08235527,-0.8993319,-0.3055224,GotSelection
20.03643,24,2,3,0,0.8006591,0.9887443,0.2852161,35.05619,355.7955,18.37954,0.8249635,0.9349558,0.2125883,-0.09563981,-0.8998159,-0.3045875,SelectionStart
20.03645,24,2,3,0,0.8006591,0.9887443,0.2852161,35.05619,355.7955,18.37954,0.8249635,0.9349558,0.2125883,-0.09563981,-0.8998159,-0.3045875,SelectionEnd
20.03979,24,2,3,0,0.8006591,0.9887443,0.2852161,35.05619,355.7955,18.37954,0.8249635,0.9349558,0.2125883,-0.09563981,-0.8998159,-0.3045875,GotSelection
20.05025,24,2,3,0,0.8005164,0.9890918,0.2848853,34.9873,355.8437,18.4343,0.8231868,0.9347366,0.2123115,-0.1126646,-0.8977817,-0.300761,SelectionStart
20.05027,24,2,3,0,0.8005164,0.9890918,0.2848853,34.9873,355.8437,18.4343,0.8231868,0.9347366,0.2123115,-0.1126646,-0.8977817,-0.300761,SelectionEnd
20.0536,24,2,3,0,0.8005164,0.9890918,0.2848853,34.9873,355.8437,18.4343,0.8231868,0.9347366,0.2123115,-0.1126646,-0.8977817,-0.300761,GotSelection
20.06425,24,2,3,0,0.8003929,0.9894254,0.2846688,34.92876,355.8481,18.46603,0.8214743,0.9347756,0.2119195,-0.1293563,-0.8949456,-0.3004374,SelectionStart
20.06428,24,2,3,0,0.8003929,0.9894254,0.2846688,34.92876,355.8481,18.46603,0.8214743,0.9347756,0.2119195,-0.1293563,-0.8949456,-0.3004374,SelectionEnd
20.06759,24,2,3,0,0.8003929,0.9894254,0.2846688,34.92876,355.8481,18.46603,0.8214743,0.9347756,0.2119195,-0.1293563,-0.8949456,-0.3004374,GotSelection
20.0778,24,2,3,0,0.8002999,0.9895482,0.2846238,34.89495,355.803,18.45204,0.8200556,0.9346309,0.2117157,-0.1433975,-0.8928452,-0.3000184,SelectionStart
20.07782,24,2,3,0,0.8002999,0.9895482,0.2846238,34.89495,355.803,18.45204,0.8200556,0.9346309,0.2117157,-0.1433975,-0.8928452,-0.3000184,SelectionEnd
20.08121,24,2,3,0,0.8002999,0.9895482,0.2846238,34.89495,355.803,18.45204,0.8200556,0.9346309,0.2117157,-0.1433975,-0.8928452,-0.3000184,GotSelection
20.09151,24,2,3,0,0.8001847,0.9897405,0.2846733,34.86124,355.7266,18.43389,0.8186578,0.9345074,0.2114929,-0.1577876,-0.8917995,-0.3003345,SelectionStart
20.09152,24,2,3,0,0.8001847,0.9897405,0.2846733,34.86124,355.7266,18.43389,0.8186578,0.9345074,0.2114929,-0.1577876,-0.8917995,-0.3003345,SelectionEnd
20.09488,24,2,3,0,0.8001847,0.9897405,0.2846733,34.86124,355.7266,18.43389,0.8186578,0.9345074,0.2114929,-0.1577876,-0.8917995,-0.3003345,GotSelection
20.10974,24,2,3,0,0.8000376,0.9900082,0.2845316,34.80302,355.6845,18.4202,0.8162704,0.9343566,0.2112261,-0.1807664,-0.8872762,-0.2985207,SelectionStart
20.10976,24,2,3,0,0.8000376,0.9900082,0.2845316,34.80302,355.6845,18.4202,0.8162704,0.9343566,0.2112261,-0.1807664,-0.8872762,-0.2985207,SelectionEnd
20.11327,24,2,3,0,0.8000376,0.9900082,0.2845316,34.80302,355.6845,18.4202,0.8162704,0.9343566,0.2112261,-0.1807664,-0.8872762,-0.2985207,GotSelection
20.12368,24,2,3,0,0.7999228,0.9901937,0.2844061,34.74259,355.6408,18.39441,0.8143266,0.9342847,0.2108963,-0.1994349,-0.8834038,-0.2985814,SelectionStart
20.12372,24,2,3,0,0.7999228,0.9901937,0.2844061,34.74259,355.6408,18.39441,0.8143266,0.9342847,0.2108963,-0.1994349,-0.8834038,-0.2985814,SelectionEnd
20.12706,24,2,3,0,0.7999228,0.9901937,0.2844061,34.74259,355.6408,18.39441,0.8143266,0.9342847,0.2108963,-0.1994349,-0.8834038,-0.2985814,GotSelection
20.13704,24,2,3,0,0.7998673,0.9903055,0.2842817,34.68328,355.5811,18.35559,0.812463,0.9338534,0.2110187,-0.2175076,-0.8795169,-0.2932059,SelectionStart
20.13705,24,2,3,0,0.7998673,0.9903055,0.2842817,34.68328,355.5811,18.35559,0.812463,0.9338534,0.2110187,-0.2175076,-0.8795169,-0.2932059,SelectionEnd
20.14073,24,2,3,0,0.7998673,0.9903055,0.2842817,34.68328,355.5811,18.35559,0.812463,0.9338534,0.2110187,-0.2175076,-0.8795169,-0.2932059,GotSelection
20.15022,24,2,3,0,0.7998527,0.9902994,0.2842748,34.62265,355.4681,18.26657,0.810459,0.9339275,0.2106306,-0.2371794,-0.873315,-0.2966102,SelectionStart
20.15025,24,2,3,0,0.7998527,0.9902994,0.2842748,34.62265,355.4681,18.26657,0.810459,0.9339275,0.2106306,-0.2371794,-0.873315,-0.2966102,SelectionEnd
20.1537,24,2,3,0,0.7998527,0.9902994,0.2842748,34.62265,355.4681,18.26657,0.810459,0.9339275,0.2106306,-0.2371794,-0.873315,-0.2966102,GotSelection
20.1628,24,2,3,0,0.7999499,0.9900297,0.2844581,34.58941,355.3027,18.14519,0.8088685,0.933441,0.2104427,-0.2549657,-0.8706087,-0.2979369,SelectionStart
20.16282,24,2,3,0,0.7999499,0.9900297,0.2844581,34.58941,355.3027,18.14519,0.8088685,0.933441,0.2104427,-0.2549657,-0.8706087,-0.2979369,SelectionEnd
20.1663,24,2,3,0,0.7999499,0.9900297,0.2844581,34.58941,355.3027,18.14519,0.8088685,0.933441,0.2104427,-0.2549657,-0.8706087,-0.2979369,GotSelection
20.17735,24,2,3,0,0.7999995,0.9899063,0.2845356,34.54737,355.1577,18.03379,0.8064262,0.9332998,0.2096514,-0.2810638,-0.8660117,-0.304064,SelectionStart
20.17737,24,2,3,0,0.7999995,0.9899063,0.2845356,34.54737,355.1577,18.03379,0.8064262,0.9332998,0.2096514,-0.2810638,-0.8660117,-0.304064,SelectionEnd
20.18076,24,2,3,0,0.7999995,0.9899063,0.2845356,34.54737,355.1577,18.03379,0.8064262,0.9332998,0.2096514,-0.2810638,-0.8660117,-0.304064,GotSelection
20.19022,24,2,3,0,0.8000444,0.9896945,0.2846144,34.51004,355.0404,17.93722,0.8051869,0.9336283,0.2097424,-0.2918251,-0.8567967,-0.3067454,SelectionStart
20.19025,24,2,3,0,0.8000444,0.9896945,0.2846144,34.51004,355.0404,17.93722,0.8051869,0.9336283,0.2097424,-0.2918251,-0.8567967,-0.3067454,SelectionEnd
20.19357,24,2,3,0,0.8000444,0.9896945,0.2846144,34.51004,355.0404,17.93722,0.8051869,0.9336283,0.2097424,-0.2918251,-0.8567967,-0.3067454,GotSelection
20.23437,24,2,3,0,0.8001491,0.989843,0.284452,34.34283,354.8887,17.82702,0.799522,0.9333573,0.2094173,-0.3482378,-0.839301,-0.3039737,SelectionStart
20.23439,24,2,3,0,0.8001491,0.989843,0.284452,34.34283,354.8887,17.82702,0.799522,0.9333573,0.2094173,-0.3482378,-0.839301,-0.3039737,SelectionEnd
20.23775,24,2,3,0,0.8001491,0.989843,0.284452,34.34283,354.8887,17.82702,0.799522,0.9333573,0.2094173,-0.3482378,-0.839301,-0.3039737,GotSelection
20.24652,24,2,3,0,0.8001457,0.9900963,0.2842767,34.32672,354.9218,17.87945,0.798021,0.9334349,0.2092655,-0.3632103,-0.8349481,-0.3019384,SelectionStart
20.24654,24,2,3,0,0.8001457,0.9900963,0.2842767,34.32672,354.9218,17.87945,0.798021,0.9334349,0.2092655,-0.3632103,-0.8349481,-0.3019384,SelectionEnd
20.24988,24,2,3,0,0.8001457,0.9900963,0.2842767,34.32672,354.9218,17.87945,0.798021,0.9334349,0.2092655,-0.3632103,-0.8349481,-0.3019384,GotSelection
20.26099,24,2,3,0,0.8001203,0.9903433,0.2840326,34.31625,355.0039,17.96151,0.7960712,0.9336542,0.2088918,-0.3820932,-0.8287235,-0.3017258,SelectionStart
20.26102,24,2,3,0,0.8001203,0.9903433,0.2840326,34.31625,355.0039,17.96151,0.7960712,0.9336542,0.2088918,-0.3820932,-0.8287235,-0.3017258,SelectionEnd
20.26441,24,2,3,0,0.8001203,0.9903433,0.2840326,34.31625,355.0039,17.96151,0.7960712,0.9336542,0.2088918,-0.3820932,-0.8287235,-0.3017258,GotSelection
20.27404,24,2,3,0,0.8001556,0.9906085,0.2837842,34.30648,355.0546,18.00588,0.7945144,0.9337106,0.2087351,-0.3975455,-0.8240837,-0.298832,SelectionStart
20.27406,24,2,3,0,0.8001556,0.9906085,0.2837842,34.30648,355.0546,18.00588,0.7945144,0.9337106,0.2087351,-0.3975455,-0.8240837,-0.298832,SelectionEnd
20.27744,24,2,3,0,0.8001556,0.9906085,0.2837842,34.30648,355.0546,18.00588,0.7945144,0.9337106,0.2087351,-0.3975455,-0.8240837,-0.298832,GotSelection
20.28715,24,2,3,0,0.8001941,0.9907488,0.2835349,34.29272,355.1046,18.02169,0.7921828,0.9341753,0.2080477,-0.419983,-0.8152773,-0.3029774,SelectionStart
20.28717,24,2,3,0,0.8001941,0.9907488,0.2835349,34.29272,355.1046,18.02169,0.7921828,0.9341753,0.2080477,-0.419983,-0.8152773,-0.3029774,SelectionEnd
20.29128,24,2,3,0,0.8001941,0.9907488,0.2835349,34.29272,355.1046,18.02169,0.7921828,0.9341753,0.2080477,-0.419983,-0.8152773,-0.3029774,GotSelection
20.3009,24,2,3,0,0.8001584,0.9907265,0.283645,34.2849,355.0357,17.97274,0.7907187,0.9343431,0.2078673,-0.4339653,-0.8100422,-0.3054447,SelectionStart
20.30092,24,2,3,0,0.8001584,0.9907265,0.283645,34.2849,355.0357,17.97274,0.7907187,0.9343431,0.2078673,-0.4339653,-0.8100422,-0.3054447,SelectionEnd
20.3044,24,2,3,0,0.8001584,0.9907265,0.283645,34.2849,355.0357,17.97274,0.7907187,0.9343431,0.2078673,-0.4339653,-0.8100422,-0.3054447,GotSelection
20.31333,24,2,3,0,0.8001621,0.9906864,0.2836571,34.25351,354.9698,17.9243,0.7893835,0.9343828,0.207925,-0.4464426,-0.8041745,-0.3048697,SelectionStart
20.31335,24,2,3,0,0.8001621,0.9906864,0.2836571,34.25351,354.9698,17.9243,0.7893835,0.9343828,0.207925,-0.4464426,-0.8041745,-0.3048697,SelectionEnd
20.31669,24,2,3,0,0.8001621,0.9906864,0.2836571,34.25351,354.9698,17.9243,0.7893835,0.9343828,0.207925,-0.4464426,-0.8041745,-0.3048697,GotSelection
20.32748,24,2,3,0,0.7999122,0.9905268,0.2837863,34.19011,354.8416,17.83746,0.7875933,0.9346381,0.20778,-0.4609702,-0.7963259,-0.3090529,SelectionStart
20.32749,24,2,3,0,0.7999122,0.9905268,0.2837863,34.19011,354.8416,17.83746,0.7875933,0.9346381,0.20778,-0.4609702,-0.7963259,-0.3090529,SelectionEnd
20.33091,24,2,3,0,0.7999122,0.9905268,0.2837863,34.19011,354.8416,17.83746,0.7875933,0.9346381,0.20778,-0.4609702,-0.7963259,-0.3090529,GotSelection
20.34025,24,2,3,0,0.7997963,0.9905338,0.2838581,34.1557,354.7572,17.79106,0.7860289,0.9347686,0.2078354,-0.4747922,-0.7898983,-0.3090825,SelectionStart
20.34026,24,2,3,0,0.7997963,0.9905338,0.2838581,34.1557,354.7572,17.79106,0.7860289,0.9347686,0.2078354,-0.4747922,-0.7898983,-0.3090825,SelectionEnd
20.34364,24,2,3,0,0.7997963,0.9905338,0.2838581,34.1557,354.7572,17.79106,0.7860289,0.9347686,0.2078354,-0.4747922,-0.7898983,-0.3090825,GotSelection
20.35416,24,2,3,0,0.7996492,0.9905746,0.2839475,34.11563,354.672,17.75735,0.7844278,0.9349403,0.2077663,-0.489194,-0.7839808,-0.3103909,SelectionStart
20.35418,24,2,3,0,0.7996492,0.9905746,0.2839475,34.11563,354.672,17.75735,0.7844278,0.9349403,0.2077663,-0.489194,-0.7839808,-0.3103909,SelectionEnd
20.35763,24,2,3,0,0.7996492,0.9905746,0.2839475,34.11563,354.672,17.75735,0.7844278,0.9349403,0.2077663,-0.489194,-0.7839808,-0.3103909,GotSelection
20.36935,24,2,3,0,0.7994174,0.9907722,0.2839246,34.07544,354.6002,17.73904,0.7827694,0.9351264,0.2076985,-0.5034491,-0.7786655,-0.3099608,SelectionStart
20.36937,24,2,3,0,0.7994174,0.9907722,0.2839246,34.07544,354.6002,17.73904,0.7827694,0.9351264,0.2076985,-0.5034491,-0.7786655,-0.3099608,SelectionEnd
20.37288,24,2,3,0,0.7994174,0.9907722,0.2839246,34.07544,354.6002,17.73904,0.7827694,0.9351264,0.2076985,-0.5034491,-0.7786655,-0.3099608,GotSelection
20.38338,24,2,3,0,0.7993798,0.9908848,0.2838956,34.04632,354.5641,17.74408,0.7816267,0.9352939,0.2077737,-0.5139875,-0.7732778,-0.3088422,SelectionStart
20.3834,24,2,3,0,0.7993798,0.9908848,0.2838956,34.04632,354.5641,17.74408,0.7816267,0.9352939,0.2077737,-0.5139875,-0.7732778,-0.3088422,SelectionEnd
20.38677,24,2,3,0,0.7993798,0.9908848,0.2838956,34.04632,354.5641,17.74408,0.7816267,0.9352939,0.2077737,-0.5139875,-0.7732778,-0.3088422,GotSelection
20.39571,24,2,3,0,0.7991573,0.9909667,0.283876,33.99975,354.5356,17.74096,0.7804365,0.9353936,0.2077609,-0.5233427,-0.7692101,-0.3087273,SelectionStart
20.39574,24,2,3,0,0.7991573,0.9909667,0.283876,33.99975,354.5356,17.74096,0.7804365,0.9353936,0.2077609,-0.5233427,-0.7692101,-0.3087273,SelectionEnd
20.39912,24,2,3,0,0.7991573,0.9909667,0.283876,33.99975,354.5356,17.74096,0.7804365,0.9353936,0.2077609,-0.5233427,-0.7692101,-0.3087273,GotSelection
20.44131,24,2,3,0,0.7988448,0.991188,0.2835933,33.85711,354.408,17.64641,0.7760199,0.9360155,0.2076366,-0.5609096,-0.7496778,-0.3080106,SelectionStart
20.44135,24,2,3,0,0.7988448,0.991188,0.2835933,33.85711,354.408,17.64641,0.7760199,0.9360155,0.2076366,-0.5609096,-0.7496778,-0.3080106,SelectionEnd
20.44517,24,2,3,0,0.7988448,0.991188,0.2835933,33.85711,354.408,17.64641,0.7760199,0.9360155,0.2076366,-0.5609096,-0.7496778,-0.3080106,GotSelection
20.45554,24,2,3,0,0.7987095,0.991211,0.283621,33.78401,354.2688,17.57439,0.7746293,0.9362492,0.2075622,-0.573121,-0.7433509,-0.3095112,SelectionStart
20.45557,24,2,3,0,0.7987095,0.991211,0.283621,33.78401,354.2688,17.57439,0.7746293,0.9362492,0.2075622,-0.573121,-0.7433509,-0.3095112,SelectionEnd
20.45888,24,2,3,0,0.7987095,0.991211,0.283621,33.78401,354.2688,17.57439,0.7746293,0.9362492,0.2075622,-0.573121,-0.7433509,-0.3095112,GotSelection
20.46956,24,2,3,0,0.798554,0.991121,0.2838306,33.71548,354.1071,17.48469,0.7734862,0.9361872,0.2076433,-0.5833655,-0.7396411,-0.3101891,SelectionStart
20.46958,24,2,3,0,0.798554,0.991121,0.2838306,33.71548,354.1071,17.48469,0.7734862,0.9361872,0.2076433,-0.5833655,-0.7396411,-0.3101891,SelectionEnd
20.47292,24,2,3,0,0.798554,0.991121,0.2838306,33.71548,354.1071,17.48469,0.7734862,0.9361872,0.2076433,-0.5833655,-0.7396411,-0.3101891,GotSelection
20.48254,24,2,3,0,0.7983578,0.9910977,0.2839749,33.6479,353.9414,17.40083,0.7722682,0.936502,0.2075647,-0.5935265,-0.7336895,-0.3132979,SelectionStart
20.48257,24,2,3,0,0.7983578,0.9910977,0.2839749,33.6479,353.9414,17.40083,0.7722682,0.936502,0.2075647,-0.5935265,-0.7336895,-0.3132979,SelectionEnd
20.48595,24,2,3,0,0.7983578,0.9910977,0.2839749,33.6479,353.9414,17.40083,0.7722682,0.936502,0.2075647,-0.5935265,-0.7336895,-0.3132979,GotSelection
20.49461,24,2,3,0,0.7981582,0.9911388,0.2839932,33.59629,353.8214,17.33821,0.7713917,0.9366998,0.2076461,-0.5998748,-0.7291894,-0.313214,SelectionStart
20.49462,24,2,3,0,0.7981582,0.9911388,0.2839932,33.59629,353.8214,17.33821,0.7713917,0.9366998,0.2076461,-0.5998748,-0.7291894,-0.313214,SelectionEnd
20.49787,24,2,3,0,0.7981582,0.9911388,0.2839932,33.59629,353.8214,17.33821,0.7713917,0.9366998,0.2076461,-0.5998748,-0.7291894,-0.313214,GotSelection
20.50761,24,2,3,0,0.7979693,0.9911674,0.2839657,33.55041,353.7458,17.29023,0.7705592,0.9368294,0.2076086,-0.6059375,-0.7258248,-0.3135822,SelectionStart
20.50764,24,2,3,0,0.7979693,0.9911674,0.2839657,33.55041,353.7458,17.29023,0.7705592,0.9368294,0.2076086,-0.6059375,-0.7258248,-0.3135822,SelectionEnd
20.51105,24,2,3,0,0.7979693,0.9911674,0.2839657,33.55041,353.7458,17.29023,0.7705592,0.9368294,0.2076086,-0.6059375,-0.7258248,-0.3135822,GotSelection
20.52061,24,2,3,0,0.7978578,0.9913073,0.2839353,33.50932,353.6872,17.26399,0.7696446,0.9372019,0.2076462,-0.6130596,-0.7203432,-0.3138821,SelectionStart
20.52064,24,2,3,0,0.7978578,0.9913073,0.2839353,33.50932,353.6872,17.26399,0.7696446,0.9372019,0.2076462,-0.6130596,-0.7203432,-0.3138821,SelectionEnd
20.52431,24,2,3,0,0.7978578,0.9913073,0.2839353,33.50932,353.6872,17.26399,0.7696446,0.9372019,0.2076462,-0.6130596,-0.7203432,-0.3138821,GotSelection
20.5363,24,2,3,0,0.7977196,0.9914843,0.2837899,33.44634,353.656,17.25639,0.7684371,0.9375378,0.2079124,-0.6218445,-0.7126672,-0.3110747,SelectionStart
20.53632,24,2,3,0,0.7977196,0.9914843,0.2837899,33.44634,353.656,17.25639,0.7684371,0.9375378,0.2079124,-0.6218445,-0.7126672,-0.3110747,SelectionEnd
20.5398,24,2,3,0,0.7977196,0.9914843,0.2837899,33.44634,353.656,17.25639,0.7684371,0.9375378,0.2079124,-0.6218445,-0.7126672,-0.3110747,GotSelection
20.54943,24,2,3,0,0.7974977,0.9917498,0.2835474,33.3782,353.6622,17.27295,0.7673824,0.9379176,0.2081139,-0.6282791,-0.7060323,-0.308236,SelectionStart
20.54945,24,2,3,0,0.7974977,0.9917498,0.2835474,33.3782,353.6622,17.27295,0.7673824,0.9379176,0.2081139,-0.6282791,-0.7060323,-0.308236,SelectionEnd
20.55287,24,2,3,0,0.7974977,0.9917498,0.2835474,33.3782,353.6622,17.27295,0.7673824,0.9379176,0.2081139,-0.6282791,-0.7060323,-0.308236,GotSelection
20.56207,24,2,3,0,0.7973175,0.9919773,0.283346,33.31504,353.6588,17.28242,0.7667082,0.9382625,0.2082924,-0.6316898,-0.7009509,-0.3061399,SelectionStart
20.56209,24,2,3,0,0.7973175,0.9919773,0.283346,33.31504,353.6588,17.28242,0.7667082,0.9382625,0.2082924,-0.6316898,-0.7009509,-0.3061399,SelectionEnd
20.56535,24,2,3,0,0.7973175,0.9919773,0.283346,33.31504,353.6588,17.28242,0.7667082,0.9382625,0.2082924,-0.6316898,-0.7009509,-0.3061399,GotSelection
20.57733,24,2,3,0,0.7970848,0.9922196,0.2831864,33.2559,353.6424,17.29782,0.7656941,0.9386483,0.2085162,-0.6379735,-0.6944649,-0.3037435,SelectionStart
20.57735,24,2,3,0,0.7970848,0.9922196,0.2831864,33.2559,353.6424,17.29782,0.7656941,0.9386483,0.2085162,-0.6379735,-0.6944649,-0.3037435,SelectionEnd
20.58057,24,2,3,0,0.7970848,0.9922196,0.2831864,33.2559,353.6424,17.29782,0.7656941,0.9386483,0.2085162,-0.6379735,-0.6944649,-0.3037435,GotSelection
20.58997,24,2,3,0,0.7969205,0.9922819,0.2833235,33.23653,353.5663,17.27551,0.7649655,0.9389819,0.2085896,-0.6433442,-0.6901187,-0.3051003,SelectionStart
20.58999,24,2,3,0,0.7969205,0.9922819,0.2833235,33.23653,353.5663,17.27551,0.7649655,0.9389819,0.2085896,-0.6433442,-0.6901187,-0.3051003,SelectionEnd
20.59321,24,2,3,0,0.7969205,0.9922819,0.2833235,33.23653,353.5663,17.27551,0.7649655,0.9389819,0.2085896,-0.6433442,-0.6901187,-0.3051003,GotSelection
20.60398,24,2,3,0,0.7966319,0.9923911,0.2833656,33.18755,353.491,17.2715,0.7640013,0.9394727,0.2087754,-0.6490855,-0.6830864,-0.3056355,SelectionStart
20.604,24,2,3,0,0.7966319,0.9923911,0.2833656,33.18755,353.491,17.2715,0.7640013,0.9394727,0.2087754,-0.6490855,-0.6830864,-0.3056355,SelectionEnd
20.60742,24,2,3,0,0.7966319,0.9923911,0.2833656,33.18755,353.491,17.2715,0.7640013,0.9394727,0.2087754,-0.6490855,-0.6830864,-0.3056355,GotSelection
20.64877,24,2,3,0,0.7959507,0.9930409,0.2831444,33.08013,353.374,17.2834,0.7614838,0.940755,0.2090669,-0.6647108,-0.667177,-0.3038624,SelectionStart
20.6488,24,2,3,0,0.7959507,0.9930409,0.2831444,33.08013,353.374,17.2834,0.7614838,0.940755,0.2090669,-0.6647108,-0.667177,-0.3038624,SelectionEnd
20.65216,24,2,3,0,0.7959507,0.9930409,0.2831444,33.08013,353.374,17.2834,0.7614838,0.940755,0.2090669,-0.6647108,-0.667177,-0.3038624,GotSelection
20.66145,24,2,3,0,0.795858,0.9930472,0.283049,33.05014,353.3558,17.27258,0.7608583,0.9410327,0.2091786,-0.668522,-0.6618444,-0.3034061,SelectionStart
20.66147,24,2,3,0,0.795858,0.9930472,0.283049,33.05014,353.3558,17.27258,0.7608583,0.9410327,0.2091786,-0.668522,-0.6618444,-0.3034061,SelectionEnd
20.66491,24,2,3,0,0.795858,0.9930472,0.283049,33.05014,353.3558,17.27258,0.7608583,0.9410327,0.2091786,-0.668522,-0.6618444,-0.3034061,GotSelection
20.67503,24,2,3,0,0.7957165,0.9931735,0.2829463,33.00758,353.3313,17.26711,0.7598342,0.9415324,0.209303,-0.6754441,-0.654139,-0.3031324,SelectionStart
20.67505,24,2,3,0,0.7957165,0.9931735,0.2829463,33.00758,353.3313,17.26711,0.7598342,0.9415324,0.209303,-0.6754441,-0.654139,-0.3031324,SelectionEnd
20.67844,24,2,3,0,0.7957165,0.9931735,0.2829463,33.00758,353.3313,17.26711,0.7598342,0.9415324,0.209303,-0.6754441,-0.654139,-0.3031324,GotSelection
20.68873,24,2,3,0,0.7955773,0.9932248,0.2830691,32.97766,353.2897,17.25115,0.759209,0.9420062,0.2093747,-0.6793271,-0.6488905,-0.3055829,SelectionStart
20.68875,24,2,3,0,0.7955773,0.9932248,0.2830691,32.97766,353.2897,17.25115,0.759209,0.9420062,0.2093747,-0.6793271,-0.6488905,-0.3055829,SelectionEnd
20.69298,24,2,3,0,0.7955773,0.9932248,0.2830691,32.97766,353.2897,17.25115,0.759209,0.9420062,0.2093747,-0.6793271,-0.6488905,-0.3055829,GotSelection
20.70364,24,2,3,0,0.7955718,0.9930937,0.2831324,32.94462,353.1841,17.18959,0.7583117,0.9425261,0.2095628,-0.6861427,-0.6394626,-0.3069938,SelectionStart
20.70367,24,2,3,0,0.7955718,0.9930937,0.2831324,32.94462,353.1841,17.18959,0.7583117,0.9425261,0.2095628,-0.6861427,-0.6394626,-0.3069938,SelectionEnd
20.7071,24,2,3,0,0.7955718,0.9930937,0.2831324,32.94462,353.1841,17.18959,0.7583117,0.9425261,0.2095628,-0.6861427,-0.6394626,-0.3069938,GotSelection
20.71694,24,2,3,0,0.7954957,0.9930039,0.2832166,32.90316,353.0667,17.11637,0.7574531,0.9432424,0.2095948,-0.692009,-0.6300331,-0.3108825,SelectionStart
20.71696,24,2,3,0,0.7954957,0.9930039,0.2832166,32.90316,353.0667,17.11637,0.7574531,0.9432424,0.2095948,-0.692009,-0.6300331,-0.3108825,SelectionEnd
20.72034,24,2,3,0,0.7954957,0.9930039,0.2832166,32.90316,353.0667,17.11637,0.7574531,0.9432424,0.2095948,-0.692009,-0.6300331,-0.3108825,GotSelection
20.73044,24,2,3,0,0.7955651,0.9928027,0.2835008,32.86837,352.9037,16.99093,0.7568025,0.9437853,0.2096357,-0.6979056,-0.6225699,-0.3156565,SelectionStart
20.73047,24,2,3,0,0.7955651,0.9928027,0.2835008,32.86837,352.9037,16.99093,0.7568025,0.9437853,0.2096357,-0.6979056,-0.6225699,-0.3156565,SelectionEnd
20.73389,24,2,3,0,0.7955651,0.9928027,0.2835008,32.86837,352.9037,16.99093,0.7568025,0.9437853,0.2096357,-0.6979056,-0.6225699,-0.3156565,GotSelection
20.74451,24,2,3,0,0.795415,0.9923981,0.2837679,32.81618,352.6885,16.834,0.7558845,0.944653,0.2096922,-0.7030551,-0.6103142,-0.3228362,SelectionStart
20.74452,24,2,3,0,0.795415,0.9923981,0.2837679,32.81618,352.6885,16.834,0.7558845,0.944653,0.2096922,-0.7030551,-0.6103142,-0.3228362,SelectionEnd
20.7478,24,2,3,0,0.795415,0.9923981,0.2837679,32.81618,352.6885,16.834,0.7558845,0.944653,0.2096922,-0.7030551,-0.6103142,-0.3228362,GotSelection
20.75765,24,2,3,0,0.7954002,0.9921587,0.2838666,32.78325,352.5409,16.71214,0.7551176,0.9453236,0.2098003,-0.7080837,-0.6002232,-0.3263218,SelectionStart
20.75767,24,2,3,0,0.7954002,0.9921587,0.2838666,32.78325,352.5409,16.71214,0.7551176,0.9453236,0.2098003,-0.7080837,-0.6002232,-0.3263218,SelectionEnd
20.76094,24,2,3,0,0.7954002,0.9921587,0.2838666,32.78325,352.5409,16.71214,0.7551176,0.9453236,0.2098003,-0.7080837,-0.6002232,-0.3263218,GotSelection
20.7713,24,2,3,0,0.795581,0.9917833,0.2841623,32.72736,352.346,16.54365,0.754217,0.9461805,0.2098753,-0.7161003,-0.5874895,-0.3330697,SelectionStart
20.77132,24,2,3,0,0.795581,0.9917833,0.2841623,32.72736,352.346,16.54365,0.754217,0.9461805,0.2098753,-0.7161003,-0.5874895,-0.3330697,SelectionEnd
20.77467,24,2,3,0,0.795581,0.9917833,0.2841623,32.72736,352.346,16.54365,0.754217,0.9461805,0.2098753,-0.7161003,-0.5874895,-0.3330697,GotSelection
20.78629,24,2,3,0,0.7957799,0.9917373,0.2841975,32.69207,352.2289,16.46566,0.7536285,0.9469176,0.2098309,-0.72223,-0.5784338,-0.3367255,SelectionStart
20.78632,24,2,3,0,0.7957799,0.9917373,0.2841975,32.69207,352.2289,16.46566,0.7536285,0.9469176,0.2098309,-0.72223,-0.5784338,-0.3367255,SelectionEnd
20.78971,24,2,3,0,0.7957799,0.9917373,0.2841975,32.69207,352.2289,16.46566,0.7536285,0.9469176,0.2098309,-0.72223,-0.5784338,-0.3367255,GotSelection
20.79917,24,2,3,0,0.7958502,0.9914017,0.2844056,32.63078,352.0828,16.3486,0.7527419,0.9477782,0.2098884,-0.7290499,-0.5658146,-0.3431307,SelectionStart
20.79919,24,2,3,0,0.7958502,0.9914017,0.2844056,32.63078,352.0828,16.3486,0.7527419,0.9477782,0.2098884,-0.7290499,-0.5658146,-0.3431307,SelectionEnd
20.80248,24,2,3,0,0.7958502,0.9914017,0.2844056,32.63078,352.0828,16.3486,0.7527419,0.9477782,0.2098884,-0.7290499,-0.5658146,-0.3431307,GotSelection
20.84957,24,2,3,0,0.7960756,0.9913349,0.2842832,32.56068,352.0096,16.26138,0.7514238,0.9492022,0.2099423,-0.7393572,-0.5472628,-0.3483014,SelectionStart
20.84959,24,2,3,0,0.7960756,0.9913349,0.2842832,32.56068,352.0096,16.26138,0.7514238,0.9492022,0.2099423,-0.7393572,-0.5472628,-0.3483014,SelectionEnd
20.85301,24,2,3,0,0.7960756,0.9913349,0.2842832,32.56068,352.0096,16.26138,0.7514238,0.9492022,0.2099423,-0.7393572,-0.5472628,-0.3483014,GotSelection
20.86233,24,2,3,0,0.7962955,0.9908013,0.2845548,32.53315,351.7832,16.03423,0.7489433,0.9514131,0.2098746,-0.7595018,-0.5175207,-0.3614216,SelectionStart
20.86234,24,2,3,0,0.7962955,0.9908013,0.2845548,32.53315,351.7832,16.03423,0.7489433,0.9514131,0.2098746,-0.7595018,-0.5175207,-0.3614216,SelectionEnd
20.86561,24,2,3,0,0.7962955,0.9908013,0.2845548,32.53315,351.7832,16.03423,0.7489433,0.9514131,0.2098746,-0.7595018,-0.5175207,-0.3614216,GotSelection
20.87789,24,2,3,0,0.7964435,0.9904964,0.2847215,32.47302,351.6472,15.90195,0.7480743,0.9523299,0.2098776,-0.7668025,-0.504825,-0.3678013,SelectionStart
20.87791,24,2,3,0,0.7964435,0.9904964,0.2847215,32.47302,351.6472,15.90195,0.7480743,0.9523299,0.2098776,-0.7668025,-0.504825,-0.3678013,SelectionEnd
20.88126,24,2,3,0,0.7964435,0.9904964,0.2847215,32.47302,351.6472,15.90195,0.7480743,0.9523299,0.2098776,-0.7668025,-0.504825,-0.3678013,GotSelection
20.89087,24,2,3,0,0.7965416,0.9902712,0.2848347,32.42062,351.5371,15.80529,0.7475026,0.9530674,0.2099586,-0.7711453,-0.4946598,-0.3721551,SelectionStart
20.89088,24,2,3,0,0.7965416,0.9902712,0.2848347,32.42062,351.5371,15.80529,0.7475026,0.9530674,0.2099586,-0.7711453,-0.4946598,-0.3721551,SelectionEnd
20.89418,24,2,3,0,0.7965416,0.9902712,0.2848347,32.42062,351.5371,15.80529,0.7475026,0.9530674,0.2099586,-0.7711453,-0.4946598,-0.3721551,GotSelection
20.90308,24,2,3,0,0.7967388,0.99001,0.2849475,32.38187,351.4206,15.70906,0.7467677,0.9538218,0.210023,-0.7780184,-0.4832311,-0.3763384,SelectionStart
20.9031,24,2,3,0,0.7967388,0.99001,0.2849475,32.38187,351.4206,15.70906,0.7467677,0.9538218,0.210023,-0.7780184,-0.4832311,-0.3763384,SelectionEnd
20.90647,24,2,3,0,0.7967388,0.99001,0.2849475,32.38187,351.4206,15.70906,0.7467677,0.9538218,0.210023,-0.7780184,-0.4832311,-0.3763384,GotSelection
20.91713,24,2,3,0,0.7969163,0.9897999,0.2851195,32.35806,351.2743,15.59087,0.7460368,0.9548312,0.2100896,-0.7845267,-0.4705979,-0.3816527,SelectionStart
20.91715,24,2,3,0,0.7969163,0.9897999,0.2851195,32.35806,351.2743,15.59087,0.7460368,0.9548312,0.2100896,-0.7845267,-0.4705979,-0.3816527,SelectionEnd
20.92049,24,2,3,0,0.7969163,0.9897999,0.2851195,32.35806,351.2743,15.59087,0.7460368,0.9548312,0.2100896,-0.7845267,-0.4705979,-0.3816527,GotSelection
20.93085,24,2,3,0,0.7970624,0.9895715,0.2852489,32.33699,351.1731,15.49581,0.745511,0.9556383,0.2102031,-0.7887402,-0.4599927,-0.385854,SelectionStart
20.93086,24,2,3,0,0.7970624,0.9895715,0.2852489,32.33699,351.1731,15.49581,0.745511,0.9556383,0.2102031,-0.7887402,-0.4599927,-0.385854,SelectionEnd
20.93423,24,2,3,0,0.7970624,0.9895715,0.2852489,32.33699,351.1731,15.49581,0.745511,0.9556383,0.2102031,-0.7887402,-0.4599927,-0.385854,GotSelection
20.94418,24,2,3,0,0.7972036,0.9892687,0.2852358,32.30266,351.0815,15.37571,0.744742,0.9567069,0.2104191,-0.7934389,-0.4449397,-0.3896918,SelectionStart
20.9442,24,2,3,0,0.7972036,0.9892687,0.2852358,32.30266,351.0815,15.37571,0.744742,0.9567069,0.2104191,-0.7934389,-0.4449397,-0.3896918,SelectionEnd
20.94756,24,2,3,0,0.7972036,0.9892687,0.2852358,32.30266,351.0815,15.37571,0.744742,0.9567069,0.2104191,-0.7934389,-0.4449397,-0.3896918,GotSelection
20.95742,24,2,3,0,0.7973421,0.9890878,0.2852102,32.26369,351.0203,15.29596,0.7443528,0.957515,0.2105138,-0.795746,-0.4346062,-0.3931926,SelectionStart
20.95744,24,2,3,0,0.7973421,0.9890878,0.2852102,32.26369,351.0203,15.29596,0.7443528,0.957515,0.2105138,-0.795746,-0.4346062,-0.3931926,SelectionEnd
20.96069,24,2,3,0,0.7973421,0.9890878,0.2852102,32.26369,351.0203,15.29596,0.7443528,0.957515,0.2105138,-0.795746,-0.4346062,-0.3931926,GotSelection
20.96982,24,2,3,0,0.7974989,0.9889731,0.2851621,32.20337,350.9656,15.23228,0.7438872,0.9583866,0.2106711,-0.7987496,-0.4232489,-0.3960942,SelectionStart
20.96983,24,2,3,0,0.7974989,0.9889731,0.2851621,32.20337,350.9656,15.23228,0.7438872,0.9583866,0.2106711,-0.7987496,-0.4232489,-0.3960942,SelectionEnd
20.97322,24,2,3,0,0.7974989,0.9889731,0.2851621,32.20337,350.9656,15.23228,0.7438872,0.9583866,0.2106711,-0.7987496,-0.4232489,-0.3960942,GotSelection
20.98359,24,2,3,0,0.7976828,0.9887611,0.2851555,32.13688,350.869,15.12517,0.7432191,0.959661,0.211014,-0.8024704,-0.4064299,-0.3997868,SelectionStart
20.98362,24,2,3,0,0.7976828,0.9887611,0.2851555,32.13688,350.869,15.12517,0.7432191,0.959661,0.211014,-0.8024704,-0.4064299,-0.3997868,SelectionEnd
20.98775,24,2,3,0,0.7976828,0.9887611,0.2851555,32.13688,350.869,15.12517,0.7432191,0.959661,0.211014,-0.8024704,-0.4064299,-0.3997868,GotSelection
20.99708,24,2,3,0,0.797824,0.9885184,0.2853106,32.08767,350.7573,15.01621,0.7429282,0.9607006,0.2112627,-0.8036224,-0.393982,-0.4047494,SelectionStart
20.99711,24,2,3,0,0.797824,0.9885184,0.2853106,32.08767,350.7573,15.01621,0.7429282,0.9607006,0.2112627,-0.8036224,-0.393982,-0.4047494,SelectionEnd
21.00042,24,2,3,0,0.797824,0.9885184,0.2853106,32.08767,350.7573,15.01621,0.7429282,0.9607006,0.2112627,-0.8036224,-0.393982,-0.4047494,GotSelection
21.0118,24,2,3,0,0.7980041,0.9881839,0.2854101,32.01958,350.5974,14.85628,0.7425231,0.9620512,0.2115833,-0.8050712,-0.3771799,-0.4102514,SelectionStart
21.01182,24,2,3,0,0.7980041,0.9881839,0.2854101,32.01958,350.5974,14.85628,0.7425231,0.9620512,0.2115833,-0.8050712,-0.3771799,-0.4102514,SelectionEnd
21.01547,24,2,3,0,0.7980041,0.9881839,0.2854101,32.01958,350.5974,14.85628,0.7425231,0.9620512,0.2115833,-0.8050712,-0.3771799,-0.4102514,GotSelection
21.05757,24,2,3,0,0.7987922,0.9869379,0.2856306,31.74911,349.9926,14.24487,0.7410175,0.966047,0.2124778,-0.8147888,-0.3235191,-0.4257184,SelectionStart
21.0576,24,2,3,0,0.7987922,0.9869379,0.2856306,31.74911,349.9926,14.24487,0.7410175,0.966047,0.2124778,-0.8147888,-0.3235191,-0.4257184,SelectionEnd
21.06093,24,2,3,0,0.7987922,0.9869379,0.2856306,31.74911,349.9926,14.24487,0.7410175,0.966047,0.2124778,-0.8147888,-0.3235191,-0.4257184,GotSelection
21.07025,24,2,3,0,0.7989873,0.9867297,0.2855803,31.63311,349.8513,14.10413,0.7407319,0.9671512,0.2127126,-0.8159981,-0.309409,-0.4291158,SelectionStart
21.07027,24,2,3,0,0.7989873,0.9867297,0.2855803,31.63311,349.8513,14.10413,0.7407319,0.9671512,0.2127126,-0.8159981,-0.309409,-0.4291158,SelectionEnd
21.0738,24,2,3,0,0.7989873,0.9867297,0.2855803,31.63311,349.8513,14.10413,0.7407319,0.9671512,0.2127126,-0.8159981,-0.309409,-0.4291158,GotSelection
21.08353,24,2,3,0,0.7991289,0.9864401,0.2856235,31.51788,349.697,13.95469,0.7404854,0.9682442,0.212956,-0.816557,-0.2954118,-0.4335288,SelectionStart
21.08355,24,2,3,0,0.7991289,0.9864401,0.2856235,31.51788,349.697,13.95469,0.7404854,0.9682442,0.212956,-0.816557,-0.2954118,-0.4335288,SelectionEnd
21.08746,24,2,3,0,0.7991289,0.9864401,0.2856235,31.51788,349.697,13.95469,0.7404854,0.9682442,0.212956,-0.816557,-0.2954118,-0.4335288,GotSelection
21.09715,24,2,3,0,0.7993929,0.9861203,0.2855682,31.38217,349.527,13.77907,0.7400162,0.9697677,0.213482,-0.8183094,-0.274667,-0.4364983,SelectionStart
21.09716,24,2,3,0,0.7993929,0.9861203,0.2855682,31.38217,349.527,13.77907,0.7400162,0.9697677,0.213482,-0.8183094,-0.274667,-0.4364983,SelectionEnd
21.10151,24,2,3,0,0.7993929,0.9861203,0.2855682,31.38217,349.527,13.77907,0.7400162,0.9697677,0.213482,-0.8183094,-0.274667,-0.4364983,GotSelection
21.12133,24,2,3,0,0.7998455,0.9857771,0.2854704,31.16684,349.3009,13.5317,0.7394296,0.9719316,0.2141063,-0.8212916,-0.2465565,-0.4411206,SelectionStart
21.12139,24,2,3,0,0.7998455,0.9857771,0.2854704,31.16684,349.3009,13.5317,0.7394296,0.9719316,0.2141063,-0.8212916,-0.2465565,-0.4411206,SelectionEnd
21.12574,24,2,3,0,0.7998455,0.9857771,0.2854704,31.16684,349.3009,13.5317,0.7394296,0.9719316,0.2141063,-0.8212916,-0.2465565,-0.4411206,GotSelection
21.13744,24,2,3,0,0.8000908,0.9854643,0.2854142,31.04576,349.1733,13.39083,0.7389419,0.9734219,0.2144793,-0.823583,-0.2268239,-0.4452167,SelectionStart
21.13747,24,2,3,0,0.8000908,0.9854643,0.2854142,31.04576,349.1733,13.39083,0.7389419,0.9734219,0.2144793,-0.823583,-0.2268239,-0.4452167,SelectionEnd
21.14084,24,2,3,0,0.8000908,0.9854643,0.2854142,31.04576,349.1733,13.39083,0.7389419,0.9734219,0.2144793,-0.823583,-0.2268239,-0.4452167,GotSelection
21.15108,24,2,3,0,0.800334,0.9852944,0.2852605,30.97815,349.1002,13.2803,0.7384951,0.9748312,0.2149509,-0.8251295,-0.208689,-0.4466629,SelectionStart
21.1511,24,2,3,0,0.800334,0.9852944,0.2852605,30.97815,349.1002,13.2803,0.7384951,0.9748312,0.2149509,-0.8251295,-0.208689,-0.4466629,SelectionEnd
21.15469,24,2,3,0,0.800334,0.9852944,0.2852605,30.97815,349.1002,13.2803,0.7384951,0.9748312,0.2149509,-0.8251295,-0.208689,-0.4466629,GotSelection
21.16589,24,2,3,0,0.8007404,0.9851451,0.2853529,30.94056,348.9565,13.19305,0.7380731,0.975637,0.2152329,-0.8313428,-0.1966701,-0.4472871,SelectionStart
21.16591,24,2,3,0,0.8007404,0.9851451,0.2853529,30.94056,348.9565,13.19305,0.7380731,0.975637,0.2152329,-0.8313428,-0.1966701,-0.4472871,SelectionEnd
21.1694,24,2,3,0,0.8007404,0.9851451,0.2853529,30.94056,348.9565,13.19305,0.7380731,0.975637,0.2152329,-0.8313428,-0.1966701,-0.4472871,GotSelection
21.17876,24,2,3,0,0.8009884,0.9850125,0.285151,30.85572,348.8825,13.09172,0.7374879,0.9770715,0.2156117,-0.8344941,-0.1781122,-0.4488056,SelectionStart
21.17879,24,2,3,0,0.8009884,0.9850125,0.285151,30.85572,348.8825,13.09172,0.7374879,0.9770715,0.2156117,-0.8344941,-0.1781122,-0.4488056,SelectionEnd
21.18205,24,2,3,0,0.8009884,0.9850125,0.285151,30.85572,348.8825,13.09172,0.7374879,0.9770715,0.2156117,-0.8344941,-0.1781122,-0.4488056,GotSelection
21.19176,24,2,3,0,0.8012087,0.9849873,0.2848938,30.76931,348.8561,13.03682,0.7371334,0.9781086,0.2160129,-0.8357342,-0.1640879,-0.447954,SelectionStart
21.19178,24,2,3,0,0.8012087,0.9849873,0.2848938,30.76931,348.8561,13.03682,0.7371334,0.9781086,0.2160129,-0.8357342,-0.1640879,-0.447954,SelectionEnd
21.19518,24,2,3,0,0.8012087,0.9849873,0.2848938,30.76931,348.8561,13.03682,0.7371334,0.9781086,0.2160129,-0.8357342,-0.1640879,-0.447954,GotSelection
21.20454,24,2,3,0,0.8012022,0.9849141,0.2849966,30.72499,348.7841,12.96538,0.7368273,0.9791689,0.2164332,-0.8356726,-0.1520506,-0.4500498,SelectionStart
21.20457,24,2,3,0,0.8012022,0.9849141,0.2849966,30.72499,348.7841,12.96538,0.7368273,0.9791689,0.2164332,-0.8356726,-0.1520506,-0.4500498,SelectionEnd
21.20779,24,2,3,0,0.8012022,0.9849141,0.2849966,30.72499,348.7841,12.96538,0.7368273,0.9791689,0.2164332,-0.8356726,-0.1520506,-0.4500498,GotSelection
21.21792,24,2,3,0,0.8014946,0.9847711,0.2848944,30.66456,348.6854,12.85021,0.7364245,0.9805087,0.2170387,-0.8375879,-0.1342548,-0.4496758,SelectionStart
21.21795,24,2,3,0,0.8014946,0.9847711,0.2848944,30.66456,348.6854,12.85021,0.7364245,0.9805087,0.2170387,-0.8375879,-0.1342548,-0.4496758,SelectionEnd
21.22141,24,2,3,0,0.8014946,0.9847711,0.2848944,30.66456,348.6854,12.85021,0.7364245,0.9805087,0.2170387,-0.8375879,-0.1342548,-0.4496758,GotSelection
21.23254,24,2,3,0,0.8017994,0.9844983,0.284943,30.59602,348.5629,12.7234,0.7359959,0.9818763,0.217552,-0.8405005,-0.1159868,-0.4518468,SelectionStart
21.23255,24,2,3,0,0.8017994,0.9844983,0.284943,30.59602,348.5629,12.7234,0.7359959,0.9818763,0.217552,-0.8405005,-0.1159868,-0.4518468,SelectionEnd
21.23583,24,2,3,0,0.8017994,0.9844983,0.284943,30.59602,348.5629,12.7234,0.7359959,0.9818763,0.217552,-0.8405005,-0.1159868,-0.4518468,GotSelection
21.27693,24,2,3,0,0.8023986,0.9839555,0.2846553,30.47931,348.4042,12.44734,0.7345737,0.9855201,0.2188609,-0.8473499,-0.06817404,-0.4548954,SelectionStart
21.27695,24,2,3,0,0.8023986,0.9839555,0.2846553,30.47931,348.4042,12.44734,0.7345737,0.9855201,0.2188609,-0.8473499,-0.06817404,-0.4548954,SelectionEnd
21.28024,24,2,3,0,0.8023986,0.9839555,0.2846553,30.47931,348.4042,12.44734,0.7345737,0.9855201,0.2188609,-0.8473499,-0.06817404,-0.4548954,GotSelection
21.29044,24,2,3,0,0.8025912,0.9839294,0.2844372,30.43933,348.4158,12.41063,0.7342215,0.9865977,0.2190906,-0.8488811,-0.05529137,-0.4560954,SelectionStart
21.29047,24,2,3,0,0.8025912,0.9839294,0.2844372,30.43933,348.4158,12.41063,0.7342215,0.9865977,0.2190906,-0.8488811,-0.05529137,-0.4560954,SelectionEnd
21.29392,24,2,3,0,0.8025912,0.9839294,0.2844372,30.43933,348.4158,12.41063,0.7342215,0.9865977,0.2190906,-0.8488811,-0.05529137,-0.4560954,GotSelection
21.30356,24,2,3,0,0.8028632,0.9839339,0.2840027,30.38186,348.4504,12.39208,0.7338552,0.9880376,0.2194751,-0.849371,-0.03739326,-0.4559779,SelectionStart
21.30359,24,2,3,0,0.8028632,0.9839339,0.2840027,30.38186,348.4504,12.39208,0.7338552,0.9880376,0.2194751,-0.849371,-0.03739326,-0.4559779,SelectionEnd
21.30702,24,2,3,0,0.8028632,0.9839339,0.2840027,30.38186,348.4504,12.39208,0.7338552,0.9880376,0.2194751,-0.849371,-0.03739326,-0.4559779,GotSelection
21.31827,24,2,3,0,0.8029377,0.9841356,0.2836822,30.33372,348.484,12.37761,0.7335548,0.9894803,0.2199082,-0.8479639,-0.02229357,-0.4558101,SelectionStart
21.31829,24,2,3,0,0.8029377,0.9841356,0.2836822,30.33372,348.484,12.37761,0.7335548,0.9894803,0.2199082,-0.8479639,-0.02229357,-0.4558101,SelectionEnd
21.32164,24,2,3,0,0.8029377,0.9841356,0.2836822,30.33372,348.484,12.37761,0.7335548,0.9894803,0.2199082,-0.8479639,-0.02229357,-0.4558101,GotSelection
21.3306,24,2,3,0,0.8031402,0.9841219,0.2835421,30.29514,348.5047,12.36576,0.7333519,0.9904027,0.2203294,-0.8481328,-0.01050494,-0.4554645,SelectionStart
21.33061,24,2,3,0,0.8031402,0.9841219,0.2835421,30.29514,348.5047,12.36576,0.7333519,0.9904027,0.2203294,-0.8481328,-0.01050494,-0.4554645,SelectionEnd
21.33386,24,2,3,0,0.8031402,0.9841219,0.2835421,30.29514,348.5047,12.36576,0.7333519,0.9904027,0.2203294,-0.8481328,-0.01050494,-0.4554645,GotSelection
21.34305,24,2,3,0,0.8032286,0.9838725,0.2835158,30.27635,348.4828,12.30581,0.7330105,0.9913542,0.2206534,-0.8490146,0.002207249,-0.4576508,SelectionStart
21.34306,24,2,3,0,0.8032286,0.9838725,0.2835158,30.27635,348.4828,12.30581,0.7330105,0.9913542,0.2206534,-0.8490146,0.002207249,-0.4576508,SelectionEnd
21.3464,24,2,3,0,0.8032286,0.9838725,0.2835158,30.27635,348.4828,12.30581,0.7330105,0.9913542,0.2206534,-0.8490146,0.002207249,-0.4576508,GotSelection
21.35618,24,2,3,0,0.8033618,0.9837934,0.2835135,30.26003,348.4472,12.2339,0.7325275,0.9922597,0.2210544,-0.8520387,0.01380209,-0.4577494,SelectionStart
21.35619,24,2,3,0,0.8033618,0.9837934,0.2835135,30.26003,348.4472,12.2339,0.7325275,0.9922597,0.2210544,-0.8520387,0.01380209,-0.4577494,SelectionEnd
21.35947,24,2,3,0,0.8033618,0.9837934,0.2835135,30.26003,348.4472,12.2339,0.7325275,0.9922597,0.2210544,-0.8520387,0.01380209,-0.4577494,GotSelection
21.36845,24,2,3,0,0.8035199,0.9835609,0.2835621,30.24629,348.3811,12.14354,0.7322401,0.9931719,0.2214851,-0.8534358,0.02612184,-0.4587483,SelectionStart
21.36847,24,2,3,0,0.8035199,0.9835609,0.2835621,30.24629,348.3811,12.14354,0.7322401,0.9931719,0.2214851,-0.8534358,0.02612184,-0.4587483,SelectionEnd
21.37177,24,2,3,0,0.8035199,0.9835609,0.2835621,30.24629,348.3811,12.14354,0.7322401,0.9931719,0.2214851,-0.8534358,0.02612184,-0.4587483,GotSelection
21.38235,24,2,3,0,0.8036373,0.9833239,0.2835477,30.21512,348.3178,12.05458,0.7317771,0.9943445,0.2219661,-0.8552653,0.0417829,-0.4599546,SelectionStart
21.38239,24,2,3,0,0.8036373,0.9833239,0.2835477,30.21512,348.3178,12.05458,0.7317771,0.9943445,0.2219661,-0.8552653,0.0417829,-0.4599546,SelectionEnd
21.38585,24,2,3,0,0.8036373,0.9833239,0.2835477,30.21512,348.3178,12.05458,0.7317771,0.9943445,0.2219661,-0.8552653,0.0417829,-0.4599546,GotSelection
21.39621,24,2,3,0,0.803764,0.9831966,0.283347,30.15441,348.2985,11.99357,0.7315422,0.9953374,0.2224121,-0.8547512,0.05520152,-0.4593625,SelectionStart
21.39623,24,2,3,0,0.803764,0.9831966,0.283347,30.15441,348.2985,11.99357,0.7315422,0.9953374,0.2224121,-0.8547512,0.05520152,-0.4593625,SelectionEnd
21.39949,24,2,3,0,0.803764,0.9831966,0.283347,30.15441,348.2985,11.99357,0.7315422,0.9953374,0.2224121,-0.8547512,0.05520152,-0.4593625,GotSelection
21.40959,24,2,3,0,0.8038669,0.9832556,0.2830942,30.07731,348.3062,11.9746,0.731411,0.9967456,0.2228924,-0.8521134,0.07110521,-0.4597677,SelectionStart
21.40962,24,2,3,0,0.8038669,0.9832556,0.2830942,30.07731,348.3062,11.9746,0.731411,0.9967456,0.2228924,-0.8521134,0.07110521,-0.4597677,SelectionEnd
21.41292,24,2,3,0,0.8038669,0.9832556,0.2830942,30.07731,348.3062,11.9746,0.731411,0.9967456,0.2228924,-0.8521134,0.07110521,-0.4597677,GotSelection
21.4231,24,2,3,0,0.8039827,0.9834345,0.2828326,30.02758,348.3262,11.97528,0.7313695,0.9977499,0.2232378,-0.8500421,0.08165347,-0.458799,SelectionStart
21.42313,24,2,3,0,0.8039827,0.9834345,0.2828326,30.02758,348.3262,11.97528,0.7313695,0.9977499,0.2232378,-0.8500421,0.08165347,-0.458799,SelectionEnd
21.42643,24,2,3,0,0.8039827,0.9834345,0.2828326,30.02758,348.3262,11.97528,0.7313695,0.9977499,0.2232378,-0.8500421,0.08165347,-0.458799,GotSelection
21.43578,24,2,3,0,0.8041619,0.9833823,0.2825629,29.9788,348.3284,11.93764,0.7311003,0.9990772,0.2238875,-0.8489613,0.09886179,-0.4571841,SelectionStart
21.43581,24,2,3,0,0.8041619,0.9833823,0.2825629,29.9788,348.3284,11.93764,0.7311003,0.9990772,0.2238875,-0.8489613,0.09886179,-0.4571841,SelectionEnd
21.43905,24,2,3,0,0.8041619,0.9833823,0.2825629,29.9788,348.3284,11.93764,0.7311003,0.9990772,0.2238875,-0.8489613,0.09886179,-0.4571841,GotSelection
21.48011,24,2,3,0,0.8043828,0.983523,0.2822146,29.90743,348.3534,11.90263,0.730422,1.002161,0.225426,-0.8462484,0.1352997,-0.4546272,SelectionStart
21.48014,24,2,3,0,0.8043828,0.983523,0.2822146,29.90743,348.3534,11.90263,0.730422,1.002161,0.225426,-0.8462484,0.1352997,-0.4546272,SelectionEnd
21.4837,24,2,3,0,0.8043828,0.983523,0.2822146,29.90743,348.3534,11.90263,0.730422,1.002161,0.225426,-0.8462484,0.1352997,-0.4546272,GotSelection
21.52869,24,2,3,0,0.8050045,0.9831402,0.2815514,29.71768,348.2991,11.66149,0.7296603,1.006112,0.2273111,-0.8445809,0.1867709,-0.4513844,SelectionStart
21.5287,24,2,3,0,0.8050045,0.9831402,0.2815514,29.71768,348.2991,11.66149,0.7296603,1.006112,0.2273111,-0.8445809,0.1867709,-0.4513844,SelectionEnd
21.53201,24,2,3,0,0.8050045,0.9831402,0.2815514,29.71768,348.2991,11.66149,0.7296603,1.006112,0.2273111,-0.8445809,0.1867709,-0.4513844,GotSelection
21.59683,24,2,3,0,0.8062999,0.9827094,0.2804291,29.39845,348.1925,11.32489,0.7288095,1.011373,0.230742,-0.8426635,0.2611737,-0.4348929,SelectionStart
21.59685,24,2,3,0,0.8062999,0.9827094,0.2804291,29.39845,348.1925,11.32489,0.7288095,1.011373,0.230742,-0.8426635,0.2611737,-0.4348929,SelectionEnd
21.60011,24,2,3,0,0.8062999,0.9827094,0.2804291,29.39845,348.1925,11.32489,0.7288095,1.011373,0.230742,-0.8426635,0.2611737,-0.4348929,GotSelection
21.61139,24,2,3,0,0.8068823,0.9825451,0.2800626,29.31557,348.1936,11.22823,0.7289895,1.012931,0.2315055,-0.8404641,0.2815309,-0.4328065,SelectionStart
21.61141,24,2,3,0,0.8068823,0.9825451,0.2800626,29.31557,348.1936,11.22823,0.7289895,1.012931,0.2315055,-0.8404641,0.2815309,-0.4328065,SelectionEnd
21.61501,24,2,3,0,0.8068823,0.9825451,0.2800626,29.31557,348.1936,11.22823,0.7289895,1.012931,0.2315055,-0.8404641,0.2815309,-0.4328065,GotSelection
21.62515,24,2,3,0,0.8072993,0.9825488,0.2797942,29.27235,348.1891,11.15836,0.7290646,1.013932,0.2322056,-0.8394262,0.2948242,-0.4285795,SelectionStart
21.62518,24,2,3,0,0.8072993,0.9825488,0.2797942,29.27235,348.1891,11.15836,0.7290646,1.013932,0.2322056,-0.8394262,0.2948242,-0.4285795,SelectionEnd
21.62884,24,2,3,0,0.8072993,0.9825488,0.2797942,29.27235,348.1891,11.15836,0.7290646,1.013932,0.2322056,-0.8394262,0.2948242,-0.4285795,GotSelection
21.63861,24,2,3,0,0.8077641,0.9822749,0.279416,29.21319,348.1902,11.05442,0.7289955,1.015385,0.2330988,-0.8382592,0.3159416,-0.4250028,SelectionStart
21.63863,24,2,3,0,0.8077641,0.9822749,0.279416,29.21319,348.1902,11.05442,0.7289955,1.015385,0.2330988,-0.8382592,0.3159416,-0.4250028,SelectionEnd
21.64198,24,2,3,0,0.8077641,0.9822749,0.279416,29.21319,348.1902,11.05442,0.7289955,1.015385,0.2330988,-0.8382592,0.3159416,-0.4250028,GotSelection
21.65288,24,2,3,0,0.8081162,0.9821959,0.2790656,29.163,348.1929,10.97733,0.7290827,1.016471,0.2338193,-0.8359842,0.3308063,-0.4208811,SelectionStart
21.65289,24,2,3,0,0.8081162,0.9821959,0.2790656,29.163,348.1929,10.97733,0.7290827,1.016471,0.2338193,-0.8359842,0.3308063,-0.4208811,SelectionEnd
21.65635,24,2,3,0,0.8081162,0.9821959,0.2790656,29.163,348.1929,10.97733,0.7290827,1.016471,0.2338193,-0.8359842,0.3308063,-0.4208811,GotSelection
21.66579,24,2,3,0,0.8084893,0.9819795,0.2788856,29.11837,348.1752,10.88993,0.7291777,1.01748,0.2344396,-0.8347204,0.3450297,-0.4191082,SelectionStart
21.6658,24,2,3,0,0.8084893,0.9819795,0.2788856,29.11837,348.1752,10.88993,0.7291777,1.01748,0.2344396,-0.8347204,0.3450297,-0.4191082,SelectionEnd
21.66914,24,2,3,0,0.8084893,0.9819795,0.2788856,29.11837,348.1752,10.88993,0.7291777,1.01748,0.2344396,-0.8347204,0.3450297,-0.4191082,GotSelection
21.67866,24,2,3,0,0.8089288,0.9817667,0.2786064,29.05109,348.1739,10.81042,0.7294725,1.018913,0.235425,-0.830003,0.3647218,-0.4157238,SelectionStart
21.67867,24,2,3,0,0.8089288,0.9817667,0.2786064,29.05109,348.1739,10.81042,0.7294725,1.018913,0.235425,-0.830003,0.3647218,-0.4157238,SelectionEnd
21.68198,24,2,3,0,0.8089288,0.9817667,0.2786064,29.05109,348.1739,10.81042,0.7294725,1.018913,0.235425,-0.830003,0.3647218,-0.4157238,GotSelection
21.69489,24,2,3,0,0.8095233,0.9816586,0.2783664,28.97879,348.1707,10.72257,0.7298897,1.020408,0.2365411,-0.8255107,0.3844719,-0.4111789,SelectionStart
21.6949,24,2,3,0,0.8095233,0.9816586,0.2783664,28.97879,348.1707,10.72257,0.7298897,1.020408,0.2365411,-0.8255107,0.3844719,-0.4111789,SelectionEnd
21.69819,24,2,3,0,0.8095233,0.9816586,0.2783664,28.97879,348.1707,10.72257,0.7298897,1.020408,0.2365411,-0.8255107,0.3844719,-0.4111789,GotSelection
21.70831,24,2,3,0,0.8098369,0.9815713,0.2780377,28.92048,348.1889,10.66905,0.7299735,1.0216,0.2373384,-0.8225178,0.4007549,-0.4072481,SelectionStart
21.70833,24,2,3,0,0.8098369,0.9815713,0.2780377,28.92048,348.1889,10.66905,0.7299735,1.0216,0.2373384,-0.8225178,0.4007549,-0.4072481,SelectionEnd
21.71173,24,2,3,0,0.8098369,0.9815713,0.2780377,28.92048,348.1889,10.66905,0.7299735,1.0216,0.2373384,-0.8225178,0.4007549,-0.4072481,GotSelection
21.72122,24,2,3,0,0.8102453,0.9814157,0.277795,28.85653,348.1892,10.58671,0.7305834,1.023219,0.2383105,-0.8145851,0.4203238,-0.4054654,SelectionStart
21.72124,24,2,3,0,0.8102453,0.9814157,0.277795,28.85653,348.1892,10.58671,0.7305834,1.023219,0.2383105,-0.8145851,0.4203238,-0.4054654,SelectionEnd
21.72453,24,2,3,0,0.8102453,0.9814157,0.277795,28.85653,348.1892,10.58671,0.7305834,1.023219,0.2383105,-0.8145851,0.4203238,-0.4054654,GotSelection
21.7363,24,2,3,0,0.8106805,0.981311,0.2775589,28.80891,348.2035,10.52219,0.7311921,1.024962,0.2392214,-0.8069124,0.4403628,-0.4047994,SelectionStart
21.73632,24,2,3,0,0.8106805,0.981311,0.2775589,28.80891,348.2035,10.52219,0.7311921,1.024962,0.2392214,-0.8069124,0.4403628,-0.4047994,SelectionEnd
21.73965,24,2,3,0,0.8106805,0.981311,0.2775589,28.80891,348.2035,10.52219,0.7311921,1.024962,0.2392214,-0.8069124,0.4403628,-0.4047994,GotSelection
21.74873,24,2,3,0,0.8109397,0.981202,0.2774219,28.79193,348.2216,10.49657,0.7316702,1.026173,0.2399992,-0.8001095,0.4549482,-0.4038368,SelectionStart
21.74875,24,2,3,0,0.8109397,0.981202,0.2774219,28.79193,348.2216,10.49657,0.7316702,1.026173,0.2399992,-0.8001095,0.4549482,-0.4038368,SelectionEnd
21.75207,24,2,3,0,0.8109397,0.981202,0.2774219,28.79193,348.2216,10.49657,0.7316702,1.026173,0.2399992,-0.8001095,0.4549482,-0.4038368,GotSelection
21.76156,24,2,3,0,0.8112534,0.981161,0.2772511,28.7772,348.2322,10.47347,0.7323835,1.027556,0.2406416,-0.7917095,0.4695791,-0.4045015,SelectionStart
21.76157,24,2,3,0,0.8112534,0.981161,0.2772511,28.7772,348.2322,10.47347,0.7323835,1.027556,0.2406416,-0.7917095,0.4695791,-0.4045015,SelectionEnd
21.76488,24,2,3,0,0.8112534,0.981161,0.2772511,28.7772,348.2322,10.47347,0.7323835,1.027556,0.2406416,-0.7917095,0.4695791,-0.4045015,GotSelection
21.80706,24,2,3,0,0.811759,0.9808744,0.2768477,28.76169,348.2842,10.40883,0.7350293,1.032871,0.2429432,-0.7545539,0.5234752,-0.4127999,SelectionStart
21.80708,24,2,3,0,0.811759,0.9808744,0.2768477,28.76169,348.2842,10.40883,0.7350293,1.032871,0.2429432,-0.7545539,0.5234752,-0.4127999,SelectionEnd
21.81038,24,2,3,0,0.811759,0.9808744,0.2768477,28.76169,348.2842,10.40883,0.7350293,1.032871,0.2429432,-0.7545539,0.5234752,-0.4127999,GotSelection
21.82109,24,2,3,0,0.8119441,0.9808001,0.276902,28.75662,348.2944,10.38339,0.7359424,1.033926,0.2437568,-0.7437135,0.5343233,-0.4131131,SelectionStart
21.82111,24,2,3,0,0.8119441,0.9808001,0.276902,28.75662,348.2944,10.38339,0.7359424,1.033926,0.2437568,-0.7437135,0.5343233,-0.4131131,SelectionEnd
21.82442,24,2,3,0,0.8119441,0.9808001,0.276902,28.75662,348.2944,10.38339,0.7359424,1.033926,0.2437568,-0.7437135,0.5343233,-0.4131131,GotSelection
21.83639,24,2,3,0,0.8122211,0.980617,0.2768469,28.72423,348.2981,10.33573,0.7369761,1.035576,0.2446224,-0.7311971,0.5519501,-0.415234,SelectionStart
21.83643,24,2,3,0,0.8122211,0.980617,0.2768469,28.72423,348.2981,10.33573,0.7369761,1.035576,0.2446224,-0.7311971,0.5519501,-0.415234,SelectionEnd
21.84004,24,2,3,0,0.8122211,0.980617,0.2768469,28.72423,348.2981,10.33573,0.7369761,1.035576,0.2446224,-0.7311971,0.5519501,-0.415234,GotSelection
21.85137,24,2,3,0,0.8125018,0.9803529,0.2768196,28.67376,348.2627,10.26557,0.7382112,1.037183,0.2454636,-0.7171558,0.5692873,-0.4177105,SelectionStart
21.85139,24,2,3,0,0.8125018,0.9803529,0.2768196,28.67376,348.2627,10.26557,0.7382112,1.037183,0.2454636,-0.7171558,0.5692873,-0.4177105,SelectionEnd
21.855,24,2,3,0,0.8125018,0.9803529,0.2768196,28.67376,348.2627,10.26557,0.7382112,1.037183,0.2454636,-0.7171558,0.5692873,-0.4177105,GotSelection
21.86701,24,2,3,0,0.8127866,0.9802274,0.2767181,28.63955,348.2346,10.20039,0.7395172,1.038751,0.2463574,-0.7023779,0.5853552,-0.4185266,SelectionStart
21.86703,24,2,3,0,0.8127866,0.9802274,0.2767181,28.63955,348.2346,10.20039,0.7395172,1.038751,0.2463574,-0.7023779,0.5853552,-0.4185266,SelectionEnd
21.87061,24,2,3,0,0.8127866,0.9802274,0.2767181,28.63955,348.2346,10.20039,0.7395172,1.038751,0.2463574,-0.7023779,0.5853552,-0.4185266,GotSelection
21.88041,24,2,3,0,0.8129185,0.980046,0.2767342,28.61057,348.2133,10.15165,0.7403188,1.04002,0.2471035,-0.6919993,0.5992342,-0.4199492,SelectionStart
21.88042,24,2,3,0,0.8129185,0.980046,0.2767342,28.61057,348.2133,10.15165,0.7403188,1.04002,0.2471035,-0.6919993,0.5992342,-0.4199492,SelectionEnd
21.88371,24,2,3,0,0.8129185,0.980046,0.2767342,28.61057,348.2133,10.15165,0.7403188,1.04002,0.2471035,-0.6919993,0.5992342,-0.4199492,GotSelection
21.89478,24,2,3,0,0.8130652,0.9799512,0.2766647,28.5944,348.2265,10.11778,0.7415776,1.041528,0.2479554,-0.676391,0.6139432,-0.4217577,SelectionStart
21.89481,24,2,3,0,0.8130652,0.9799512,0.2766647,28.5944,348.2265,10.11778,0.7415776,1.041528,0.2479554,-0.676391,0.6139432,-0.4217577,SelectionEnd
21.89817,24,2,3,0,0.8130652,0.9799512,0.2766647,28.5944,348.2265,10.11778,0.7415776,1.041528,0.2479554,-0.676391,0.6139432,-0.4217577,GotSelection
21.90852,24,2,3,0,0.8131882,0.9799676,0.2764716,28.58943,348.2623,10.11559,0.742902,1.043032,0.2488895,-0.659171,0.6284329,-0.4217005,SelectionStart
21.90854,24,2,3,0,0.8131882,0.9799676,0.2764716,28.58943,348.2623,10.11559,0.742902,1.043032,0.2488895,-0.659171,0.6284329,-0.4217005,SelectionEnd
21.91182,24,2,3,0,0.8131882,0.9799676,0.2764716,28.58943,348.2623,10.11559,0.742902,1.043032,0.2488895,-0.659171,0.6284329,-0.4217005,GotSelection
21.923,24,2,3,0,0.8133345,0.9799561,0.276397,28.59178,348.2915,10.12207,0.7438732,1.044164,0.2495941,-0.6470582,0.6395172,-0.4223125,SelectionStart
21.92302,24,2,3,0,0.8133345,0.9799561,0.276397,28.59178,348.2915,10.12207,0.7438732,1.044164,0.2495941,-0.6470582,0.6395172,-0.4223125,SelectionEnd
21.92634,24,2,3,0,0.8133345,0.9799561,0.276397,28.59178,348.2915,10.12207,0.7438732,1.044164,0.2495941,-0.6470582,0.6395172,-0.4223125,GotSelection
21.93693,24,2,3,0,0.8135332,0.9799987,0.2761563,28.56657,348.3563,10.13412,0.7450909,1.045657,0.2506548,-0.6309595,0.6550704,-0.420323,SelectionStart
21.93695,24,2,3,0,0.8135332,0.9799987,0.2761563,28.56657,348.3563,10.13412,0.7450909,1.045657,0.2506548,-0.6309595,0.6550704,-0.420323,SelectionEnd
21.94032,24,2,3,0,0.8135332,0.9799987,0.2761563,28.56657,348.3563,10.13412,0.7450909,1.045657,0.2506548,-0.6309595,0.6550704,-0.420323,GotSelection
21.95168,24,2,3,0,0.8137299,0.9800351,0.2759978,28.52863,348.3995,10.12892,0.7463678,1.046867,0.2516273,-0.6154082,0.6673372,-0.4181961,SelectionStart
21.95171,24,2,3,0,0.8137299,0.9800351,0.2759978,28.52863,348.3995,10.12892,0.7463678,1.046867,0.2516273,-0.6154082,0.6673372,-0.4181961,SelectionEnd
21.95524,24,2,3,0,0.8137299,0.9800351,0.2759978,28.52863,348.3995,10.12892,0.7463678,1.046867,0.2516273,-0.6154082,0.6673372,-0.4181961,GotSelection
21.96512,24,2,3,0,0.8139439,0.979948,0.2760151,28.5191,348.376,10.09495,0.7471641,1.047892,0.252418,-0.6062215,0.678775,-0.417523,SelectionStart
21.96514,24,2,3,0,0.8139439,0.979948,0.2760151,28.5191,348.376,10.09495,0.7471641,1.047892,0.252418,-0.6062215,0.678775,-0.417523,SelectionEnd
21.96851,24,2,3,0,0.8139439,0.979948,0.2760151,28.5191,348.376,10.09495,0.7471641,1.047892,0.252418,-0.6062215,0.678775,-0.417523,GotSelection
22.01053,24,2,3,0,0.8143046,0.9795856,0.2760543,28.50505,348.3118,9.981916,0.7490692,1.049873,0.2539674,-0.5846884,0.701136,-0.4176332,SelectionStart
22.01056,24,2,3,0,0.8143046,0.9795856,0.2760543,28.50505,348.3118,9.981916,0.7490692,1.049873,0.2539674,-0.5846884,0.701136,-0.4176332,SelectionEnd
22.0139,24,2,3,0,0.8143046,0.9795856,0.2760543,28.50505,348.3118,9.981916,0.7490692,1.049873,0.2539674,-0.5846884,0.701136,-0.4176332,GotSelection
22.0257,24,2,3,0,0.8146437,0.979351,0.2758036,28.46446,348.3393,9.930583,0.7519082,1.05292,0.2562603,-0.5487425,0.7340253,-0.4156541,SelectionStart
22.02573,24,2,3,0,0.8146437,0.979351,0.2758036,28.46446,348.3393,9.930583,0.7519082,1.05292,0.2562603,-0.5487425,0.7340253,-0.4156541,SelectionEnd
22.03004,24,2,3,0,0.8146437,0.979351,0.2758036,28.46446,348.3393,9.930583,0.7519082,1.05292,0.2562603,-0.5487425,0.7340253,-0.4156541,GotSelection
22.04019,24,2,3,0,0.8147741,0.9793702,0.2756778,28.48556,348.4016,9.954858,0.7532486,1.054194,0.2572524,-0.531616,0.7464328,-0.4149912,SelectionStart
22.04021,24,2,3,0,0.8147741,0.9793702,0.2756778,28.48556,348.4016,9.954858,0.7532486,1.054194,0.2572524,-0.531616,0.7464328,-0.4149912,SelectionEnd
22.04348,24,2,3,0,0.8147741,0.9793702,0.2756778,28.48556,348.4016,9.954858,0.7532486,1.054194,0.2572524,-0.531616,0.7464328,-0.4149912,GotSelection
22.05302,24,2,3,0,0.8148987,0.9793981,0.2755937,28.47838,348.4294,9.965445,0.7547703,1.055467,0.2581157,-0.5133284,0.7577793,-0.4154359,SelectionStart
22.05304,24,2,3,0,0.8148987,0.9793981,0.2755937,28.47838,348.4294,9.965445,0.7547703,1.055467,0.2581157,-0.5133284,0.7577793,-0.4154359,SelectionEnd
22.05641,24,2,3,0,0.8148987,0.9793981,0.2755937,28.47838,348.4294,9.965445,0.7547703,1.055467,0.2581157,-0.5133284,0.7577793,-0.4154359,GotSelection
22.06614,24,2,3,0,0.8150387,0.9793547,0.2755869,28.48148,348.4373,9.959021,0.7557501,1.056243,0.2587865,-0.5020984,0.7655755,-0.4150915,SelectionStart
22.06615,24,2,3,0,0.8150387,0.9793547,0.2755869,28.48148,348.4373,9.959021,0.7557501,1.056243,0.2587865,-0.5020984,0.7655755,-0.4150915,SelectionEnd
22.06944,24,2,3,0,0.8150387,0.9793547,0.2755869,28.48148,348.4373,9.959021,0.7557501,1.056243,0.2587865,-0.5020984,0.7655755,-0.4150915,GotSelection
22.07945,24,2,3,0,0.8151091,0.9794184,0.2755222,28.46865,348.4438,9.953689,0.7566346,1.056957,0.2594009,-0.4913414,0.7720972,-0.4136664,SelectionStart
22.07948,24,2,3,0,0.8151091,0.9794184,0.2755222,28.46865,348.4438,9.953689,0.7566346,1.056957,0.2594009,-0.4913414,0.7720972,-0.4136664,SelectionEnd
22.08279,24,2,3,0,0.8151091,0.9794184,0.2755222,28.46865,348.4438,9.953689,0.7566346,1.056957,0.2594009,-0.4913414,0.7720972,-0.4136664,GotSelection
22.09538,24,2,3,0,0.8152606,0.9793198,0.2755386,28.42259,348.4256,9.905447,0.7575299,1.057754,0.2603679,-0.4806558,0.7821447,-0.4102815,SelectionStart
22.09539,24,2,3,0,0.8152606,0.9793198,0.2755386,28.42259,348.4256,9.905447,0.7575299,1.057754,0.2603679,-0.4806558,0.7821447,-0.4102815,SelectionEnd
22.09878,24,2,3,0,0.8152606,0.9793198,0.2755386,28.42259,348.4256,9.905447,0.7575299,1.057754,0.2603679,-0.4806558,0.7821447,-0.4102815,GotSelection
22.11284,24,2,3,0,0.8155909,0.9788929,0.2754706,28.38854,348.4006,9.837594,0.7590597,1.058624,0.2612612,-0.4652109,0.7943702,-0.4096422,SelectionStart
22.11286,24,2,3,0,0.8155909,0.9788929,0.2754706,28.38854,348.4006,9.837594,0.7590597,1.058624,0.2612612,-0.4652109,0.7943702,-0.4096422,SelectionEnd
22.11633,24,2,3,0,0.8155909,0.9788929,0.2754706,28.38854,348.4006,9.837594,0.7590597,1.058624,0.2612612,-0.4652109,0.7943702,-0.4096422,GotSelection
22.12716,24,2,3,0,0.8157603,0.9787719,0.2752314,28.37537,348.431,9.80365,0.760096,1.05943,0.2620303,-0.453017,0.8043028,-0.4069479,SelectionStart
22.12717,24,2,3,0,0.8157603,0.9787719,0.2752314,28.37537,348.431,9.80365,0.760096,1.05943,0.2620303,-0.453017,0.8043028,-0.4069479,SelectionEnd
22.1306,24,2,3,0,0.8157603,0.9787719,0.2752314,28.37537,348.431,9.80365,0.760096,1.05943,0.2620303,-0.453017,0.8043028,-0.4069479,GotSelection
22.14051,24,2,3,0,0.8159442,0.9786868,0.2750491,28.34124,348.4589,9.777855,0.760778,1.060188,0.2624139,-0.4456488,0.8127864,-0.4067669,SelectionStart
22.14053,24,2,3,0,0.8159442,0.9786868,0.2750491,28.34124,348.4589,9.777855,0.760778,1.060188,0.2624139,-0.4456488,0.8127864,-0.4067669,SelectionEnd
22.14378,24,2,3,0,0.8159442,0.9786868,0.2750491,28.34124,348.4589,9.777855,0.760778,1.060188,0.2624139,-0.4456488,0.8127864,-0.4067669,GotSelection
22.15283,24,2,3,0,0.8162859,0.9788858,0.2747946,28.32885,348.4658,9.759876,0.7613676,1.06059,0.2630109,-0.4407848,0.8175299,-0.4006098,SelectionStart
22.15285,24,2,3,0,0.8162859,0.9788858,0.2747946,28.32885,348.4658,9.759876,0.7613676,1.06059,0.2630109,-0.4407848,0.8175299,-0.4006098,SelectionEnd
22.15646,24,2,3,0,0.8162859,0.9788858,0.2747946,28.32885,348.4658,9.759876,0.7613676,1.06059,0.2630109,-0.4407848,0.8175299,-0.4006098,GotSelection
22.1667,24,2,3,0,0.816579,0.9787325,0.2747326,28.3073,348.4594,9.718023,0.7622713,1.061346,0.26367,-0.4320295,0.8269461,-0.3994294,SelectionStart
22.16672,24,2,3,0,0.816579,0.9787325,0.2747326,28.3073,348.4594,9.718023,0.7622713,1.061346,0.26367,-0.4320295,0.8269461,-0.3994294,SelectionEnd
22.17018,24,2,3,0,0.816579,0.9787325,0.2747326,28.3073,348.4594,9.718023,0.7622713,1.061346,0.26367,-0.4320295,0.8269461,-0.3994294,GotSelection
22.18027,24,2,3,0,0.8165501,0.9786559,0.2749302,28.30562,348.4353,9.694606,0.7629919,1.061789,0.2641074,-0.4236231,0.8305526,-0.4009517,SelectionStart
22.18029,24,2,3,0,0.8165501,0.9786559,0.2749302,28.30562,348.4353,9.694606,0.7629919,1.061789,0.2641074,-0.4236231,0.8305526,-0.4009517,SelectionEnd
22.18355,24,2,3,0,0.8165501,0.9786559,0.2749302,28.30562,348.4353,9.694606,0.7629919,1.061789,0.2641074,-0.4236231,0.8305526,-0.4009517,GotSelection
22.22266,24,2,3,0,0.8166752,0.9787157,0.2747824,28.31141,348.4989,9.694761,0.765488,1.063223,0.2650024,-0.3956971,0.8406631,-0.4032902,SelectionStart
22.22268,24,2,3,0,0.8166752,0.9787157,0.2747824,28.31141,348.4989,9.694761,0.765488,1.063223,0.2650024,-0.3956971,0.8406631,-0.4032902,SelectionEnd
22.226,24,2,3,0,0.8166752,0.9787157,0.2747824,28.31141,348.4989,9.694761,0.765488,1.063223,0.2650024,-0.3956971,0.8406631,-0.4032902,GotSelection
22.23729,24,2,3,0,0.8166655,0.9786647,0.274828,28.33058,348.5085,9.685854,0.7651716,1.062959,0.2651632,-0.398831,0.8398472,-0.4010282,SelectionStart
22.23731,24,2,3,0,0.8166655,0.9786647,0.274828,28.33058,348.5085,9.685854,0.7651716,1.062959,0.2651632,-0.398831,0.8398472,-0.4010282,SelectionEnd
22.24059,24,2,3,0,0.8166655,0.9786647,0.274828,28.33058,348.5085,9.685854,0.7651716,1.062959,0.2651632,-0.398831,0.8398472,-0.4010282,GotSelection
22.24989,24,2,3,0,0.8165907,0.9785779,0.2749067,28.3271,348.4991,9.667377,0.7649718,1.062599,0.2649504,-0.4015301,0.8364266,-0.4019226,SelectionStart
22.24992,24,2,3,0,0.8165907,0.9785779,0.2749067,28.3271,348.4991,9.667377,0.7649718,1.062599,0.2649504,-0.4015301,0.8364266,-0.4019226,SelectionEnd
22.25321,24,2,3,0,0.8165907,0.9785779,0.2749067,28.3271,348.4991,9.667377,0.7649718,1.062599,0.2649504,-0.4015301,0.8364266,-0.4019226,GotSelection
22.26357,24,2,3,0,0.8166116,0.9785523,0.2749183,28.32468,348.5006,9.65786,0.7644182,1.061964,0.264517,-0.4094006,0.8305556,-0.401841,SelectionStart
22.2636,24,2,3,0,0.8166116,0.9785523,0.2749183,28.32468,348.5006,9.65786,0.7644182,1.061964,0.264517,-0.4094006,0.8305556,-0.401841,SelectionEnd
22.26685,24,2,3,0,0.8166116,0.9785523,0.2749183,28.32468,348.5006,9.65786,0.7644182,1.061964,0.264517,-0.4094006,0.8305556,-0.401841,GotSelection
22.27755,24,2,3,0,0.8166919,0.9785687,0.2747648,28.3041,348.5138,9.66602,0.7633643,1.060581,0.2635442,-0.4246675,0.8177384,-0.400095,SelectionStart
22.27757,24,2,3,0,0.8166919,0.9785687,0.2747648,28.3041,348.5138,9.66602,0.7633643,1.060581,0.2635442,-0.4246675,0.8177384,-0.400095,SelectionEnd
22.28086,24,2,3,0,0.8166919,0.9785687,0.2747648,28.3041,348.5138,9.66602,0.7633643,1.060581,0.2635442,-0.4246675,0.8177384,-0.400095,GotSelection
22.29055,24,2,3,0,0.8168129,0.9784158,0.2748059,28.31589,348.527,9.670687,0.7619457,1.059572,0.2625962,-0.4436065,0.8098138,-0.4021731,SelectionStart
22.29057,24,2,3,0,0.8168129,0.9784158,0.2748059,28.31589,348.527,9.670687,0.7619457,1.059572,0.2625962,-0.4436065,0.8098138,-0.4021731,SelectionEnd
22.2941,24,2,3,0,0.8168129,0.9784158,0.2748059,28.31589,348.527,9.670687,0.7619457,1.059572,0.2625962,-0.4436065,0.8098138,-0.4021731,GotSelection
22.30352,24,2,3,0,0.8168685,0.9784459,0.2750334,28.33815,348.517,9.680631,0.7600314,1.057719,0.2613204,-0.4696343,0.7917778,-0.4029514,SelectionStart
22.30354,24,2,3,0,0.8168685,0.9784459,0.2750334,28.33815,348.517,9.680631,0.7600314,1.057719,0.2613204,-0.4696343,0.7917778,-0.4029514,SelectionEnd
22.30696,24,2,3,0,0.8168685,0.9784459,0.2750334,28.33815,348.517,9.680631,0.7600314,1.057719,0.2613204,-0.4696343,0.7917778,-0.4029514,GotSelection
22.31793,24,2,3,0,0.8168311,0.9784349,0.2751276,28.37365,348.5046,9.683986,0.7578878,1.055483,0.2598342,-0.4978271,0.7706183,-0.4026207,SelectionStart
22.31796,24,2,3,0,0.8168311,0.9784349,0.2751276,28.37365,348.5046,9.683986,0.7578878,1.055483,0.2598342,-0.4978271,0.7706183,-0.4026207,SelectionEnd
22.32125,24,2,3,0,0.8168311,0.9784349,0.2751276,28.37365,348.5046,9.683986,0.7578878,1.055483,0.2598342,-0.4978271,0.7706183,-0.4026207,GotSelection
22.33147,24,2,3,0,0.8170113,0.9783214,0.2752708,28.40506,348.5132,9.710111,0.7561846,1.053452,0.2584698,-0.5228987,0.7520418,-0.4036581,SelectionStart
22.3315,24,2,3,0,0.8170113,0.9783214,0.2752708,28.40506,348.5132,9.710111,0.7561846,1.053452,0.2584698,-0.5228987,0.7520418,-0.4036581,SelectionEnd
22.33486,24,2,3,0,0.8170113,0.9783214,0.2752708,28.40506,348.5132,9.710111,0.7561846,1.053452,0.2584698,-0.5228987,0.7520418,-0.4036581,GotSelection
22.34407,24,2,3,0,0.8170221,0.9782931,0.2752831,28.41322,348.518,9.717488,0.7544693,1.051599,0.2571124,-0.546145,0.7344981,-0.4039043,SelectionStart
22.34409,24,2,3,0,0.8170221,0.9782931,0.2752831,28.41322,348.518,9.717488,0.7544693,1.051599,0.2571124,-0.546145,0.7344981,-0.4039043,SelectionEnd
22.34731,24,2,3,0,0.8170221,0.9782931,0.2752831,28.41322,348.518,9.717488,0.7544693,1.051599,0.2571124,-0.546145,0.7344981,-0.4039043,GotSelection
22.35716,24,2,3,0,0.8171202,0.9776172,0.2754661,28.42271,348.49,9.673041,0.7527975,1.049646,0.2557331,-0.570189,0.7207342,-0.4080877,SelectionStart
22.35719,24,2,3,0,0.8171202,0.9776172,0.2754661,28.42271,348.49,9.673041,0.7527975,1.049646,0.2557331,-0.570189,0.7207342,-0.4080877,SelectionEnd
22.36063,24,2,3,0,0.8171202,0.9776172,0.2754661,28.42271,348.49,9.673041,0.7527975,1.049646,0.2557331,-0.570189,0.7207342,-0.4080877,GotSelection
22.37015,24,2,3,0,0.8169037,0.9779342,0.2754555,28.46923,348.4922,9.685706,0.7503206,1.046885,0.2539455,-0.6016248,0.6915393,-0.4052154,SelectionStart
22.37017,24,2,3,0,0.8169037,0.9779342,0.2754555,28.46923,348.4922,9.685706,0.7503206,1.046885,0.2539455,-0.6016248,0.6915393,-0.4052154,SelectionEnd
22.37344,24,2,3,0,0.8169037,0.9779342,0.2754555,28.46923,348.4922,9.685706,0.7503206,1.046885,0.2539455,-0.6016248,0.6915393,-0.4052154,GotSelection
22.3866,24,2,3,0,0.8167818,0.9780586,0.2754168,28.49346,348.5128,9.710514,0.74792,1.043923,0.2519561,-0.6335715,0.6617482,-0.403735,SelectionStart
22.38663,24,2,3,0,0.8167818,0.9780586,0.2754168,28.49346,348.5128,9.710514,0.74792,1.043923,0.2519561,-0.6335715,0.6617482,-0.403735,SelectionEnd
22.3902,24,2,3,0,0.8167818,0.9780586,0.2754168,28.49346,348.5128,9.710514,0.74792,1.043923,0.2519561,-0.6335715,0.6617482,-0.403735,GotSelection
22.43062,24,2,3,0,0.8161364,0.9785537,0.2755117,28.5498,348.4979,9.853461,0.742422,1.035132,0.2464055,-0.7091563,0.5693785,-0.3997284,SelectionStart
22.43064,24,2,3,0,0.8161364,0.9785537,0.2755117,28.5498,348.4979,9.853461,0.742422,1.035132,0.2464055,-0.7091563,0.5693785,-0.3997284,SelectionEnd
22.43451,24,2,3,0,0.8161364,0.9785537,0.2755117,28.5498,348.4979,9.853461,0.742422,1.035132,0.2464055,-0.7091563,0.5693785,-0.3997284,GotSelection
22.44466,24,2,3,0,0.8157625,0.978875,0.2754731,28.53358,348.4513,9.883685,0.7406757,1.031715,0.2445638,-0.7330381,0.5330018,-0.3941863,SelectionStart
22.44468,24,2,3,0,0.8157625,0.978875,0.2754731,28.53358,348.4513,9.883685,0.7406757,1.031715,0.2445638,-0.7330381,0.5330018,-0.3941863,SelectionEnd
22.44794,24,2,3,0,0.8157625,0.978875,0.2754731,28.53358,348.4513,9.883685,0.7406757,1.031715,0.2445638,-0.7330381,0.5330018,-0.3941863,GotSelection
22.45717,24,2,3,0,0.8154452,0.9791154,0.2754179,28.50842,348.4455,9.924066,0.7393914,1.029115,0.2431982,-0.7501026,0.5055466,-0.3898827,SelectionStart
22.45719,24,2,3,0,0.8154452,0.9791154,0.2754179,28.50842,348.4455,9.924066,0.7393914,1.029115,0.2431982,-0.7501026,0.5055466,-0.3898827,SelectionEnd
22.46056,24,2,3,0,0.8154452,0.9791154,0.2754179,28.50842,348.4455,9.924066,0.7393914,1.029115,0.2431982,-0.7501026,0.5055466,-0.3898827,GotSelection
22.47086,24,2,3,0,0.8151013,0.979631,0.2752419,28.45278,348.4504,9.999572,0.7379686,1.025673,0.2415214,-0.7702226,0.4683127,-0.3816017,SelectionStart
22.47088,24,2,3,0,0.8151013,0.979631,0.2752419,28.45278,348.4504,9.999572,0.7379686,1.025673,0.2415214,-0.7702226,0.4683127,-0.3816017,SelectionEnd
22.47422,24,2,3,0,0.8151013,0.979631,0.2752419,28.45278,348.4504,9.999572,0.7379686,1.025673,0.2415214,-0.7702226,0.4683127,-0.3816017,GotSelection
22.48624,24,2,3,0,0.8145574,0.9802767,0.2749844,28.38219,348.4664,10.10942,0.7368308,1.02219,0.2398608,-0.785447,0.4292001,-0.3726566,SelectionStart
22.48627,24,2,3,0,0.8145574,0.9802767,0.2749844,28.38219,348.4664,10.10942,0.7368308,1.02219,0.2398608,-0.785447,0.4292001,-0.3726566,SelectionEnd
22.48963,24,2,3,0,0.8145574,0.9802767,0.2749844,28.38219,348.4664,10.10942,0.7368308,1.02219,0.2398608,-0.785447,0.4292001,-0.3726566,GotSelection
22.49901,24,2,3,0,0.8141054,0.9806178,0.2749527,28.34838,348.4502,10.1709,0.7361978,1.019787,0.2385945,-0.7945985,0.4012995,-0.3695188,SelectionStart
22.49903,24,2,3,0,0.8141054,0.9806178,0.2749527,28.34838,348.4502,10.1709,0.7361978,1.019787,0.2385945,-0.7945985,0.4012995,-0.3695188,SelectionEnd
22.50237,24,2,3,0,0.8141054,0.9806178,0.2749527,28.34838,348.4502,10.1709,0.7361978,1.019787,0.2385945,-0.7945985,0.4012995,-0.3695188,GotSelection
22.5114,24,2,3,0,0.8136248,0.9809285,0.2750435,28.2993,348.378,10.19994,0.7355024,1.017345,0.2372723,-0.8049988,0.3727379,-0.3670861,SelectionStart
22.51142,24,2,3,0,0.8136248,0.9809285,0.2750435,28.2993,348.378,10.19994,0.7355024,1.017345,0.2372723,-0.8049988,0.3727379,-0.3670861,SelectionEnd
22.5147,24,2,3,0,0.8136248,0.9809285,0.2750435,28.2993,348.378,10.19994,0.7355024,1.017345,0.2372723,-0.8049988,0.3727379,-0.3670861,GotSelection
22.5242,24,2,3,0,0.8131296,0.9812193,0.2750489,28.2563,348.3381,10.2419,0.7352087,1.014942,0.235967,-0.810894,0.3439133,-0.3652824,SelectionStart
22.52422,24,2,3,0,0.8131296,0.9812193,0.2750489,28.2563,348.3381,10.2419,0.7352087,1.014942,0.235967,-0.810894,0.3439133,-0.3652824,SelectionEnd
22.52769,24,2,3,0,0.8131296,0.9812193,0.2750489,28.2563,348.3381,10.2419,0.7352087,1.014942,0.235967,-0.810894,0.3439133,-0.3652824,GotSelection
22.53675,24,2,3,0,0.8125066,0.9816897,0.2751081,28.18961,348.2709,10.29436,0.734812,1.011856,0.2343607,-0.8190157,0.3063848,-0.3621028,SelectionStart
22.53677,24,2,3,0,0.8125066,0.9816897,0.2751081,28.18961,348.2709,10.29436,0.734812,1.011856,0.2343607,-0.8190157,0.3063848,-0.3621028,SelectionEnd
22.54034,24,2,3,0,0.8125066,0.9816897,0.2751081,28.18961,348.2709,10.29436,0.734812,1.011856,0.2343607,-0.8190157,0.3063848,-0.3621028,GotSelection
22.5524,24,2,3,0,0.8119179,0.9821262,0.2751868,28.14941,348.2437,10.36764,0.7348062,1.00979,0.233335,-0.8202781,0.2794413,-0.3603865,SelectionStart
22.55242,24,2,3,0,0.8119179,0.9821262,0.2751868,28.14941,348.2437,10.36764,0.7348062,1.00979,0.233335,-0.8202781,0.2794413,-0.3603865,SelectionEnd
22.5559,24,2,3,0,0.8119179,0.9821262,0.2751868,28.14941,348.2437,10.36764,0.7348062,1.00979,0.233335,-0.8202781,0.2794413,-0.3603865,GotSelection
22.56548,24,2,3,0,0.8111416,0.9826966,0.2753393,28.11124,348.1862,10.47247,0.7347139,1.006957,0.2319764,-0.8232706,0.2431818,-0.3577511,SelectionStart
22.56551,24,2,3,0,0.8111416,0.9826966,0.2753393,28.11124,348.1862,10.47247,0.7347139,1.006957,0.2319764,-0.8232706,0.2431818,-0.3577511,SelectionEnd
22.56886,24,2,3,0,0.8111416,0.9826966,0.2753393,28.11124,348.1862,10.47247,0.7347139,1.006957,0.2319764,-0.8232706,0.2431818,-0.3577511,GotSelection
22.5784,24,2,3,0,0.8104904,0.9830937,0.2754691,28.09684,348.153,10.555,0.7348354,1.004827,0.2310227,-0.822903,0.2155973,-0.3561185,SelectionStart
22.57842,24,2,3,0,0.8104904,0.9830937,0.2754691,28.09684,348.153,10.555,0.7348354,1.004827,0.2310227,-0.822903,0.2155973,-0.3561185,SelectionEnd
22.5819,24,2,3,0,0.8104904,0.9830937,0.2754691,28.09684,348.153,10.555,0.7348354,1.004827,0.2310227,-0.822903,0.2155973,-0.3561185,GotSelection
22.62141,24,2,3,0,0.8078329,0.9847128,0.2760324,28.06743,348.0352,10.89426,0.7351769,0.9967558,0.2275636,-0.8215787,0.1103772,-0.3490564,SelectionStart
22.62143,24,2,3,0,0.8078329,0.9847128,0.2760324,28.06743,348.0352,10.89426,0.7351769,0.9967558,0.2275636,-0.8215787,0.1103772,-0.3490564,SelectionEnd
22.62471,24,2,3,0,0.8078329,0.9847128,0.2760324,28.06743,348.0352,10.89426,0.7351769,0.9967558,0.2275636,-0.8215787,0.1103772,-0.3490564,GotSelection
22.63594,24,2,3,0,0.8069075,0.9852194,0.2763407,28.04944,347.9653,11.0112,0.7357109,0.9939128,0.2264493,-0.8176259,0.07291348,-0.3473773,SelectionStart
22.63596,24,2,3,0,0.8069075,0.9852194,0.2763407,28.04944,347.9653,11.0112,0.7357109,0.9939128,0.2264493,-0.8176259,0.07291348,-0.3473773,SelectionEnd
22.63935,24,2,3,0,0.8069075,0.9852194,0.2763407,28.04944,347.9653,11.0112,0.7357109,0.9939128,0.2264493,-0.8176259,0.07291348,-0.3473773,GotSelection
22.64951,24,2,3,0,0.8063056,0.9854768,0.2765278,28.03243,347.9226,11.08828,0.7360374,0.9917336,0.2257582,-0.8156468,0.04653739,-0.3446648,SelectionStart
22.64954,24,2,3,0,0.8063056,0.9854768,0.2765278,28.03243,347.9226,11.08828,0.7360374,0.9917336,0.2257582,-0.8156468,0.04653739,-0.3446648,SelectionEnd
22.65275,24,2,3,0,0.8063056,0.9854768,0.2765278,28.03243,347.9226,11.08828,0.7360374,0.9917336,0.2257582,-0.8156468,0.04653739,-0.3446648,GotSelection
22.6618,24,2,3,0,0.8053493,0.9859209,0.2767929,27.98731,347.8372,11.16871,0.7365719,0.9889382,0.2249639,-0.8104918,0.01119731,-0.3403369,SelectionStart
22.66183,24,2,3,0,0.8053493,0.9859209,0.2767929,27.98731,347.8372,11.16871,0.7365719,0.9889382,0.2249639,-0.8104918,0.01119731,-0.3403369,SelectionEnd
22.66534,24,2,3,0,0.8053493,0.9859209,0.2767929,27.98731,347.8372,11.16871,0.7365719,0.9889382,0.2249639,-0.8104918,0.01119731,-0.3403369,GotSelection
22.67735,24,2,3,0,0.8045858,0.9863529,0.2769689,27.95159,347.7568,11.23825,0.737057,0.9861524,0.2242854,-0.8071215,-0.02266164,-0.3339633,SelectionStart
22.67737,24,2,3,0,0.8045858,0.9863529,0.2769689,27.95159,347.7568,11.23825,0.737057,0.9861524,0.2242854,-0.8071215,-0.02266164,-0.3339633,SelectionEnd
22.68064,24,2,3,0,0.8045858,0.9863529,0.2769689,27.95159,347.7568,11.23825,0.737057,0.9861524,0.2242854,-0.8071215,-0.02266164,-0.3339633,GotSelection
22.68993,24,2,3,0,0.8039278,0.986802,0.2770501,27.91767,347.7101,11.30729,0.7378846,0.9840053,0.2240161,-0.7987828,-0.04992846,-0.3270402,SelectionStart
22.68995,24,2,3,0,0.8039278,0.986802,0.2770501,27.91767,347.7101,11.30729,0.7378846,0.9840053,0.2240161,-0.7987828,-0.04992846,-0.3270402,SelectionEnd
22.69324,24,2,3,0,0.8039278,0.986802,0.2770501,27.91767,347.7101,11.30729,0.7378846,0.9840053,0.2240161,-0.7987828,-0.04992846,-0.3270402,GotSelection
22.70481,24,2,3,0,0.8031901,0.9873193,0.2770091,27.86746,347.6496,11.40783,0.7383898,0.9815038,0.223046,-0.7954718,-0.08201254,-0.3226852,SelectionStart
22.70483,24,2,3,0,0.8031901,0.9873193,0.2770091,27.86746,347.6496,11.40783,0.7383898,0.9815038,0.223046,-0.7954718,-0.08201254,-0.3226852,SelectionEnd
22.70815,24,2,3,0,0.8031901,0.9873193,0.2770091,27.86746,347.6496,11.40783,0.7383898,0.9815038,0.223046,-0.7954718,-0.08201254,-0.3226852,GotSelection
22.71903,24,2,3,0,0.8027061,0.9879029,0.2768729,27.85252,347.6494,11.51501,0.739039,0.9795059,0.2226998,-0.7900658,-0.1075101,-0.3144767,SelectionStart
22.71906,24,2,3,0,0.8027061,0.9879029,0.2768729,27.85252,347.6494,11.51501,0.739039,0.9795059,0.2226998,-0.7900658,-0.1075101,-0.3144767,SelectionEnd
22.72257,24,2,3,0,0.8027061,0.9879029,0.2768729,27.85252,347.6494,11.51501,0.739039,0.9795059,0.2226998,-0.7900658,-0.1075101,-0.3144767,GotSelection
22.7336,24,2,3,0,0.8018357,0.9885572,0.2769851,27.81759,347.6118,11.63487,0.7397478,0.9769081,0.2222829,-0.7829233,-0.1410587,-0.3064369,SelectionStart
22.73362,24,2,3,0,0.8018357,0.9885572,0.2769851,27.81759,347.6118,11.63487,0.7397478,0.9769081,0.2222829,-0.7829233,-0.1410587,-0.3064369,SelectionEnd
22.73691,24,2,3,0,0.8018357,0.9885572,0.2769851,27.81759,347.6118,11.63487,0.7397478,0.9769081,0.2222829,-0.7829233,-0.1410587,-0.3064369,GotSelection
22.74619,24,2,3,0,0.801271,0.9890658,0.2768775,27.76955,347.604,11.72931,0.7404932,0.9749066,0.2223268,-0.7747757,-0.1649875,-0.2958681,SelectionStart
22.74621,24,2,3,0,0.801271,0.9890658,0.2768775,27.76955,347.604,11.72931,0.7404932,0.9749066,0.2223268,-0.7747757,-0.1649875,-0.2958681,SelectionEnd
22.74947,24,2,3,0,0.801271,0.9890658,0.2768775,27.76955,347.604,11.72931,0.7404932,0.9749066,0.2223268,-0.7747757,-0.1649875,-0.2958681,GotSelection
22.76089,24,2,3,0,0.8004285,0.9898649,0.276868,27.7217,347.5598,11.8619,0.7412886,0.9724751,0.2215422,-0.7681394,-0.1993421,-0.2903308,SelectionStart
22.76091,24,2,3,0,0.8004285,0.9898649,0.276868,27.7217,347.5598,11.8619,0.7412886,0.9724751,0.2215422,-0.7681394,-0.1993421,-0.2903308,SelectionEnd
22.76431,24,2,3,0,0.8004285,0.9898649,0.276868,27.7217,347.5598,11.8619,0.7412886,0.9724751,0.2215422,-0.7681394,-0.1993421,-0.2903308,GotSelection
22.77419,24,2,3,0,0.7998226,0.9902486,0.2770721,27.68648,347.4793,11.93298,0.7417984,0.9705348,0.2212967,-0.7639403,-0.2234283,-0.2847975,SelectionStart
22.77422,24,2,3,0,0.7998226,0.9902486,0.2770721,27.68648,347.4793,11.93298,0.7417984,0.9705348,0.2212967,-0.7639403,-0.2234283,-0.2847975,SelectionEnd
22.77752,24,2,3,0,0.7998226,0.9902486,0.2770721,27.68648,347.4793,11.93298,0.7417984,0.9705348,0.2212967,-0.7639403,-0.2234283,-0.2847975,GotSelection
22.7867,24,2,3,0,0.7993551,0.9906442,0.2771454,27.64716,347.4438,12.00776,0.7424992,0.968771,0.2209517,-0.7586493,-0.2463691,-0.2804317,SelectionStart
22.78673,24,2,3,0,0.7993551,0.9906442,0.2771454,27.64716,347.4438,12.00776,0.7424992,0.968771,0.2209517,-0.7586493,-0.2463691,-0.2804317,SelectionEnd
22.79023,24,2,3,0,0.7993551,0.9906442,0.2771454,27.64716,347.4438,12.00776,0.7424992,0.968771,0.2209517,-0.7586493,-0.2463691,-0.2804317,GotSelection
22.83016,24,2,3,0,0.7975616,0.9920911,0.2771194,27.50761,347.2785,12.25012,0.7458521,0.9617767,0.2197203,-0.7316762,-0.3368902,-0.2607546,SelectionStart
22.83019,24,2,3,0,0.7975616,0.9920911,0.2771194,27.50761,347.2785,12.25012,0.7458521,0.9617767,0.2197203,-0.7316762,-0.3368902,-0.2607546,SelectionEnd
22.83361,24,2,3,0,0.7975616,0.9920911,0.2771194,27.50761,347.2785,12.25012,0.7458521,0.9617767,0.2197203,-0.7316762,-0.3368902,-0.2607546,GotSelection
22.84458,24,2,3,0,0.7971331,0.992394,0.2770123,27.48548,347.2784,12.30618,0.7466495,0.9603418,0.2194207,-0.7242993,-0.3560545,-0.256899,SelectionStart
22.8446,24,2,3,0,0.7971331,0.992394,0.2770123,27.48548,347.2784,12.30618,0.7466495,0.9603418,0.2194207,-0.7242993,-0.3560545,-0.256899,SelectionEnd
22.84869,24,2,3,0,0.7971331,0.992394,0.2770123,27.48548,347.2784,12.30618,0.7466495,0.9603418,0.2194207,-0.7242993,-0.3560545,-0.256899,GotSelection
22.85887,24,2,3,0,0.7965485,0.9929359,0.2768802,27.45763,347.294,12.39113,0.7478398,0.9582167,0.2190856,-0.7136615,-0.3849396,-0.2500782,SelectionStart
22.85889,24,2,3,0,0.7965485,0.9929359,0.2768802,27.45763,347.294,12.39113,0.7478398,0.9582167,0.2190856,-0.7136615,-0.3849396,-0.2500782,SelectionEnd
22.86238,24,2,3,0,0.7965485,0.9929359,0.2768802,27.45763,347.294,12.39113,0.7478398,0.9582167,0.2190856,-0.7136615,-0.3849396,-0.2500782,GotSelection
22.87485,24,2,3,0,0.7958712,0.9933931,0.2767522,27.43444,347.2953,12.48585,0.7491657,0.9566364,0.2185384,-0.7005717,-0.4096865,-0.2484198,SelectionStart
22.87488,24,2,3,0,0.7958712,0.9933931,0.2767522,27.43444,347.2953,12.48585,0.7491657,0.9566364,0.2185384,-0.7005717,-0.4096865,-0.2484198,SelectionEnd
22.87906,24,2,3,0,0.7958712,0.9933931,0.2767522,27.43444,347.2953,12.48585,0.7491657,0.9566364,0.2185384,-0.7005717,-0.4096865,-0.2484198,GotSelection
22.88982,24,2,3,0,0.7952182,0.9939479,0.2767597,27.42129,347.2942,12.61254,0.7506902,0.9549589,0.2183097,-0.6859827,-0.4356686,-0.2444713,SelectionStart
22.88985,24,2,3,0,0.7952182,0.9939479,0.2767597,27.42129,347.2942,12.61254,0.7506902,0.9549589,0.2183097,-0.6859827,-0.4356686,-0.2444713,SelectionEnd
22.89336,24,2,3,0,0.7952182,0.9939479,0.2767597,27.42129,347.2942,12.61254,0.7506902,0.9549589,0.2183097,-0.6859827,-0.4356686,-0.2444713,GotSelection
22.90315,24,2,3,0,0.7947617,0.9943743,0.2767664,27.4091,347.2998,12.70015,0.7514744,0.9539948,0.2181041,-0.6782786,-0.451699,-0.2424595,SelectionStart
22.90318,24,2,3,0,0.7947617,0.9943743,0.2767664,27.4091,347.2998,12.70015,0.7514744,0.9539948,0.2181041,-0.6782786,-0.451699,-0.2424595,SelectionEnd
22.90671,24,2,3,0,0.7947617,0.9943743,0.2767664,27.4091,347.2998,12.70015,0.7514744,0.9539948,0.2181041,-0.6782786,-0.451699,-0.2424595,GotSelection
22.91692,24,2,3,0,0.7941349,0.9949237,0.276628,27.40069,347.3651,12.85779,0.7530475,0.9521334,0.2176284,-0.6641247,-0.479909,-0.2391353,SelectionStart
22.91694,24,2,3,0,0.7941349,0.9949237,0.276628,27.40069,347.3651,12.85779,0.7530475,0.9521334,0.2176284,-0.6641247,-0.479909,-0.2391353,SelectionEnd
22.92054,24,2,3,0,0.7941349,0.9949237,0.276628,27.40069,347.3651,12.85779,0.7530475,0.9521334,0.2176284,-0.6641247,-0.479909,-0.2391353,GotSelection
22.93114,24,2,3,0,0.793777,0.9952947,0.2764873,27.39078,347.4192,12.95048,0.7538461,0.9503516,0.2173637,-0.6582964,-0.5023574,-0.2329679,SelectionStart
22.93116,24,2,3,0,0.793777,0.9952947,0.2764873,27.39078,347.4192,12.95048,0.7538461,0.9503516,0.2173637,-0.6582964,-0.5023574,-0.2329679,SelectionEnd
22.93462,24,2,3,0,0.793777,0.9952947,0.2764873,27.39078,347.4192,12.95048,0.7538461,0.9503516,0.2173637,-0.6582964,-0.5023574,-0.2329679,GotSelection
22.94614,24,2,3,0,0.7933576,0.9957008,0.2761733,27.37696,347.5061,13.05144,0.7549589,0.9486119,0.2167725,-0.649269,-0.5266693,-0.2292224,SelectionStart
22.94617,24,2,3,0,0.7933576,0.9957008,0.2761733,27.37696,347.5061,13.05144,0.7549589,0.9486119,0.2167725,-0.649269,-0.5266693,-0.2292224,SelectionEnd
22.94972,24,2,3,0,0.7933576,0.9957008,0.2761733,27.37696,347.5061,13.05144,0.7549589,0.9486119,0.2167725,-0.649269,-0.5266693,-0.2292224,GotSelection
22.9623,24,2,3,0,0.792961,0.9961563,0.27588,27.37713,347.6069,13.16037,0.7562113,0.9470648,0.2164061,-0.6382354,-0.549355,-0.2244806,SelectionStart
22.96233,24,2,3,0,0.792961,0.9961563,0.27588,27.37713,347.6069,13.16037,0.7562113,0.9470648,0.2164061,-0.6382354,-0.549355,-0.2244806,SelectionEnd
22.96629,24,2,3,0,0.792961,0.9961563,0.27588,27.37713,347.6069,13.16037,0.7562113,0.9470648,0.2164061,-0.6382354,-0.549355,-0.2244806,GotSelection
22.97687,24,2,3,0,0.7925365,0.9967826,0.2755259,27.35174,347.7011,13.31852,0.7574863,0.9455885,0.2161366,-0.6270191,-0.5718117,-0.2181815,SelectionStart
22.97689,24,2,3,0,0.7925365,0.9967826,0.2755259,27.35174,347.7011,13.31852,0.7574863,0.9455885,0.2161366,-0.6270191,-0.5718117,-0.2181815,SelectionEnd
22.98026,24,2,3,0,0.7925365,0.9967826,0.2755259,27.35174,347.7011,13.31852,0.7574863,0.9455885,0.2161366,-0.6270191,-0.5718117,-0.2181815,GotSelection
22.98962,24,2,3,0,0.792132,0.9972671,0.2753759,27.34113,347.7623,13.44779,0.7585179,0.9445006,0.2159622,-0.6176149,-0.5893852,-0.2143717,SelectionStart
22.98964,24,2,3,0,0.792132,0.9972671,0.2753759,27.34113,347.7623,13.44779,0.7585179,0.9445006,0.2159622,-0.6176149,-0.5893852,-0.2143717,SelectionEnd
22.99295,24,2,3,0,0.792132,0.9972671,0.2753759,27.34113,347.7623,13.44779,0.7585179,0.9445006,0.2159622,-0.6176149,-0.5893852,-0.2143717,GotSelection
23.00253,24,2,3,0,0.7916518,0.9979353,0.2750381,27.32532,347.8885,13.62243,0.7597243,0.9432027,0.2158229,-0.6060015,-0.6102744,-0.2077171,SelectionStart
23.00255,24,2,3,0,0.7916518,0.9979353,0.2750381,27.32532,347.8885,13.62243,0.7597243,0.9432027,0.2158229,-0.6060015,-0.6102744,-0.2077171,SelectionEnd
23.00592,24,2,3,0,0.7916518,0.9979353,0.2750381,27.32532,347.8885,13.62243,0.7597243,0.9432027,0.2158229,-0.6060015,-0.6102744,-0.2077171,GotSelection
23.05153,24,2,3,0,0.7907213,0.999603,0.2740192,27.25506,348.2206,13.99701,0.763266,0.9400691,0.2154425,-0.573486,-0.6626096,-0.1910862,SelectionStart
23.05155,24,2,3,0,0.7907213,0.999603,0.2740192,27.25506,348.2206,13.99701,0.763266,0.9400691,0.2154425,-0.573486,-0.6626096,-0.1910862,SelectionEnd
23.05511,24,2,3,0,0.7907213,0.999603,0.2740192,27.25506,348.2206,13.99701,0.763266,0.9400691,0.2154425,-0.573486,-0.6626096,-0.1910862,GotSelection
23.06482,24,2,3,0,0.7903927,0.9999155,0.2739203,27.2325,348.2592,14.08527,0.764298,0.9393231,0.2151195,-0.5643413,-0.6766122,-0.1911914,SelectionStart
23.06485,24,2,3,0,0.7903927,0.9999155,0.2739203,27.2325,348.2592,14.08527,0.764298,0.9393231,0.2151195,-0.5643413,-0.6766122,-0.1911914,SelectionEnd
23.06826,24,2,3,0,0.7903927,0.9999155,0.2739203,27.2325,348.2592,14.08527,0.764298,0.9393231,0.2151195,-0.5643413,-0.6766122,-0.1911914,GotSelection
23.0773,24,2,3,0,0.790111,1.000083,0.2738042,27.20809,348.278,14.12896,0.76487,0.9386515,0.2149295,-0.5586994,-0.6867399,-0.1899571,SelectionStart
23.07732,24,2,3,0,0.790111,1.000083,0.2738042,27.20809,348.278,14.12896,0.76487,0.9386515,0.2149295,-0.5586994,-0.6867399,-0.1899571,SelectionEnd
23.08059,24,2,3,0,0.790111,1.000083,0.2738042,27.20809,348.278,14.12896,0.76487,0.9386515,0.2149295,-0.5586994,-0.6867399,-0.1899571,GotSelection
23.09043,24,2,3,0,0.7899897,1.000263,0.2736625,27.17591,348.2968,14.16796,0.7655604,0.9380989,0.2147777,-0.5529698,-0.6955701,-0.1886858,SelectionStart
23.09045,24,2,3,0,0.7899897,1.000263,0.2736625,27.17591,348.2968,14.16796,0.7655604,0.9380989,0.2147777,-0.5529698,-0.6955701,-0.1886858,SelectionEnd
23.09376,24,2,3,0,0.7899897,1.000263,0.2736625,27.17591,348.2968,14.16796,0.7655604,0.9380989,0.2147777,-0.5529698,-0.6955701,-0.1886858,GotSelection
23.11153,24,2,3,0,0.7896371,1.000818,0.2733235,27.1268,348.3615,14.27009,0.7664843,0.9371594,0.2145977,-0.5444097,-0.7115912,-0.1837199,SelectionStart
23.11156,24,2,3,0,0.7896371,1.000818,0.2733235,27.1268,348.3615,14.27009,0.7664843,0.9371594,0.2145977,-0.5444097,-0.7115912,-0.1837199,SelectionEnd
23.11722,24,2,3,0,0.7896371,1.000818,0.2733235,27.1268,348.3615,14.27009,0.7664843,0.9371594,0.2145977,-0.5444097,-0.7115912,-0.1837199,GotSelection
23.13326,24,2,3,0,0.7894676,1.001268,0.2730859,27.07837,348.4098,14.3844,0.7673431,0.9365119,0.2143601,-0.5381418,-0.7237346,-0.1814607,SelectionStart
23.13329,24,2,3,0,0.7894676,1.001268,0.2730859,27.07837,348.4098,14.3844,0.7673431,0.9365119,0.2143601,-0.5381418,-0.7237346,-0.1814607,SelectionEnd
23.13731,24,2,3,0,0.7894676,1.001268,0.2730859,27.07837,348.4098,14.3844,0.7673431,0.9365119,0.2143601,-0.5381418,-0.7237346,-0.1814607,GotSelection
23.14853,24,2,3,0,0.7892144,1.001541,0.2729032,27.04041,348.4836,14.45635,0.7675836,0.9362491,0.2142382,-0.5347551,-0.7294587,-0.1802764,SelectionStart
23.14854,24,2,3,0,0.7892144,1.001541,0.2729032,27.04041,348.4836,14.45635,0.7675836,0.9362491,0.2142382,-0.5347551,-0.7294587,-0.1802764,SelectionEnd
23.15195,24,2,3,0,0.7892144,1.001541,0.2729032,27.04041,348.4836,14.45635,0.7675836,0.9362491,0.2142382,-0.5347551,-0.7294587,-0.1802764,GotSelection
23.16142,24,2,3,0,0.7892504,1.001794,0.2725686,26.97573,348.5463,14.48459,0.7674581,0.9359958,0.2142947,-0.5359989,-0.7317014,-0.1754292,SelectionStart
23.16144,24,2,3,0,0.7892504,1.001794,0.2725686,26.97573,348.5463,14.48459,0.7674581,0.9359958,0.2142947,-0.5359989,-0.7317014,-0.1754292,SelectionEnd
23.16486,24,2,3,0,0.7892504,1.001794,0.2725686,26.97573,348.5463,14.48459,0.7674581,0.9359958,0.2142947,-0.5359989,-0.7317014,-0.1754292,GotSelection
23.1741,24,2,3,0,0.7893043,1.00202,0.2723106,26.90994,348.5948,14.52822,0.767118,0.9358758,0.214556,-0.5390062,-0.731038,-0.1697113,SelectionStart
23.17413,24,2,3,0,0.7893043,1.00202,0.2723106,26.90994,348.5948,14.52822,0.767118,0.9358758,0.214556,-0.5390062,-0.731038,-0.1697113,SelectionEnd
23.17759,24,2,3,0,0.7893043,1.00202,0.2723106,26.90994,348.5948,14.52822,0.767118,0.9358758,0.214556,-0.5390062,-0.731038,-0.1697113,GotSelection
23.18737,24,2,3,0,0.7894607,1.002194,0.2720522,26.8796,348.6391,14.54001,0.7668711,0.9358819,0.2148793,-0.541167,-0.7289102,-0.1637077,SelectionStart
23.18739,24,2,3,0,0.7894607,1.002194,0.2720522,26.8796,348.6391,14.54001,0.7668711,0.9358819,0.2148793,-0.541167,-0.7289102,-0.1637077,SelectionEnd
23.19087,24,2,3,0,0.7894607,1.002194,0.2720522,26.8796,348.6391,14.54001,0.7668711,0.9358819,0.2148793,-0.541167,-0.7289102,-0.1637077,GotSelection
23.20203,24,2,3,0,0.7896402,1.002251,0.2720245,26.8488,348.6298,14.53174,0.7663149,0.9361989,0.2153944,-0.5458071,-0.7219764,-0.1591437,SelectionStart
23.20206,24,2,3,0,0.7896402,1.002251,0.2720245,26.8488,348.6298,14.53174,0.7663149,0.9361989,0.2153944,-0.5458071,-0.7219764,-0.1591437,SelectionEnd
23.20551,24,2,3,0,0.7896402,1.002251,0.2720245,26.8488,348.6298,14.53174,0.7663149,0.9361989,0.2153944,-0.5458071,-0.7219764,-0.1591437,GotSelection
23.21466,24,2,3,0,0.7896706,1.002053,0.27201,26.82747,348.6095,14.49793,0.7658626,0.9364651,0.2158461,-0.5475997,-0.7146136,-0.1564536,SelectionStart
23.21468,24,2,3,0,0.7896706,1.002053,0.27201,26.82747,348.6095,14.49793,0.7658626,0.9364651,0.2158461,-0.5475997,-0.7146136,-0.1564536,SelectionEnd
23.21804,24,2,3,0,0.7896706,1.002053,0.27201,26.82747,348.6095,14.49793,0.7658626,0.9364651,0.2158461,-0.5475997,-0.7146136,-0.1564536,GotSelection
23.25841,24,2,3,0,0.790433,1.001909,0.2713087,26.709,348.7158,14.43018,0.7630972,0.9389166,0.2182538,-0.5638261,-0.6687067,-0.1365728,SelectionStart
23.25842,24,2,3,0,0.790433,1.001909,0.2713087,26.709,348.7158,14.43018,0.7630972,0.9389166,0.2182538,-0.5638261,-0.6687067,-0.1365728,SelectionEnd
23.26182,24,2,3,0,0.790433,1.001909,0.2713087,26.709,348.7158,14.43018,0.7630972,0.9389166,0.2182538,-0.5638261,-0.6687067,-0.1365728,GotSelection
23.27132,24,2,3,0,0.7907652,1.001927,0.2709347,26.65747,348.8029,14.43901,0.7620245,0.9400653,0.2191633,-0.5700964,-0.6492907,-0.129002,SelectionStart
23.27135,24,2,3,0,0.7907652,1.001927,0.2709347,26.65747,348.8029,14.43901,0.7620245,0.9400653,0.2191633,-0.5700964,-0.6492907,-0.129002,SelectionEnd
23.27479,24,2,3,0,0.7907652,1.001927,0.2709347,26.65747,348.8029,14.43901,0.7620245,0.9400653,0.2191633,-0.5700964,-0.6492907,-0.129002,GotSelection
23.28658,24,2,3,0,0.7912067,1.001779,0.2706742,26.63762,348.8665,14.42635,0.7608478,0.9412994,0.2198839,-0.5787149,-0.6282753,-0.1243533,SelectionStart
23.2866,24,2,3,0,0.7912067,1.001779,0.2706742,26.63762,348.8665,14.42635,0.7608478,0.9412994,0.2198839,-0.5787149,-0.6282753,-0.1243533,SelectionEnd
23.29036,24,2,3,0,0.7912067,1.001779,0.2706742,26.63762,348.8665,14.42635,0.7608478,0.9412994,0.2198839,-0.5787149,-0.6282753,-0.1243533,GotSelection
23.30054,24,2,3,0,0.7916654,1.001563,0.2704596,26.59991,348.916,14.37664,0.7593166,0.9427633,0.2207769,-0.589534,-0.6031883,-0.1194302,SelectionStart
23.30056,24,2,3,0,0.7916654,1.001563,0.2704596,26.59991,348.916,14.37664,0.7593166,0.9427633,0.2207769,-0.589534,-0.6031883,-0.1194302,SelectionEnd
23.30397,24,2,3,0,0.7916654,1.001563,0.2704596,26.59991,348.916,14.37664,0.7593166,0.9427633,0.2207769,-0.589534,-0.6031883,-0.1194302,GotSelection
23.31302,24,2,3,0,0.792002,1.001367,0.2703065,26.58455,348.9368,14.3218,0.7580888,0.9439716,0.2215641,-0.597654,-0.5825833,-0.1150179,SelectionStart
23.31304,24,2,3,0,0.792002,1.001367,0.2703065,26.58455,348.9368,14.3218,0.7580888,0.9439716,0.2215641,-0.597654,-0.5825833,-0.1150179,SelectionEnd
23.31647,24,2,3,0,0.792002,1.001367,0.2703065,26.58455,348.9368,14.3218,0.7580888,0.9439716,0.2215641,-0.597654,-0.5825833,-0.1150179,GotSelection
23.32675,24,2,3,0,0.7924423,1.001104,0.2701604,26.56954,348.9535,14.25959,0.7562779,0.945585,0.2227398,-0.6100923,-0.5541363,-0.1081047,SelectionStart
23.32677,24,2,3,0,0.7924423,1.001104,0.2701604,26.56954,348.9535,14.25959,0.7562779,0.945585,0.2227398,-0.6100923,-0.5541363,-0.1081047,SelectionEnd
23.33025,24,2,3,0,0.7924423,1.001104,0.2701604,26.56954,348.9535,14.25959,0.7562779,0.945585,0.2227398,-0.6100923,-0.5541363,-0.1081047,GotSelection
23.34071,24,2,3,0,0.7927022,1.001029,0.2700095,26.55359,348.9877,14.2252,0.7549369,0.9469841,0.2237504,-0.6179674,-0.5318353,-0.1020673,SelectionStart
23.34072,24,2,3,0,0.7927022,1.001029,0.2700095,26.55359,348.9877,14.2252,0.7549369,0.9469841,0.2237504,-0.6179674,-0.5318353,-0.1020673,SelectionEnd
23.34432,24,2,3,0,0.7927022,1.001029,0.2700095,26.55359,348.9877,14.2252,0.7549369,0.9469841,0.2237504,-0.6179674,-0.5318353,-0.1020673,GotSelection
23.354,24,2,3,0,0.7930102,1.001097,0.2696249,26.51633,349.0716,14.21591,0.7532472,0.9489228,0.2250826,-0.6270644,-0.5025452,-0.09278663,SelectionStart
23.35402,24,2,3,0,0.7930102,1.001097,0.2696249,26.51633,349.0716,14.21591,0.7532472,0.9489228,0.2250826,-0.6270644,-0.5025452,-0.09278663,SelectionEnd
23.35747,24,2,3,0,0.7930102,1.001097,0.2696249,26.51633,349.0716,14.21591,0.7532472,0.9489228,0.2250826,-0.6270644,-0.5025452,-0.09278663,GotSelection
23.36874,24,2,3,0,0.7934202,1.001039,0.2692935,26.46676,349.1414,14.19558,0.751655,0.95107,0.2265839,-0.6351598,-0.469875,-0.08401597,SelectionStart
23.36876,24,2,3,0,0.7934202,1.001039,0.2692935,26.46676,349.1414,14.19558,0.751655,0.95107,0.2265839,-0.6351598,-0.469875,-0.08401597,SelectionEnd
23.37215,24,2,3,0,0.7934202,1.001039,0.2692935,26.46676,349.1414,14.19558,0.751655,0.95107,0.2265839,-0.6351598,-0.469875,-0.08401597,GotSelection
23.38196,24,2,3,0,0.7936529,1.000988,0.2691001,26.44482,349.1731,14.16518,0.7504619,0.9527225,0.2277182,-0.6405762,-0.4454601,-0.07787997,SelectionStart
23.38197,24,2,3,0,0.7936529,1.000988,0.2691001,26.44482,349.1731,14.16518,0.7504619,0.9527225,0.2277182,-0.6405762,-0.4454601,-0.07787997,SelectionEnd
23.38541,24,2,3,0,0.7936529,1.000988,0.2691001,26.44482,349.1731,14.16518,0.7504619,0.9527225,0.2277182,-0.6405762,-0.4454601,-0.07787997,GotSelection
23.3946,24,2,3,0,0.7939826,1.000811,0.2690706,26.42245,349.1654,14.11216,0.7494686,0.9545786,0.2289023,-0.6446686,-0.4189621,-0.07411443,SelectionStart
23.39462,24,2,3,0,0.7939826,1.000811,0.2690706,26.42245,349.1654,14.11216,0.7494686,0.9545786,0.2289023,-0.6446686,-0.4189621,-0.07411443,SelectionEnd
23.39797,24,2,3,0,0.7939826,1.000811,0.2690706,26.42245,349.1654,14.11216,0.7494686,0.9545786,0.2289023,-0.6446686,-0.4189621,-0.07411443,GotSelection
23.40848,24,2,3,0,0.7943642,1.000527,0.2689962,26.4029,349.1645,14.03592,0.7479141,0.95704,0.2305579,-0.6513564,-0.382476,-0.0679009,SelectionStart
23.40851,24,2,3,0,0.7943642,1.000527,0.2689962,26.4029,349.1645,14.03592,0.7479141,0.95704,0.2305579,-0.6513564,-0.382476,-0.0679009,SelectionEnd
23.41225,24,2,3,0,0.7943642,1.000527,0.2689962,26.4029,349.1645,14.03592,0.7479141,0.95704,0.2305579,-0.6513564,-0.382476,-0.0679009,GotSelection
23.4227,24,2,3,0,0.7947205,1.00025,0.2689451,26.39922,349.1628,13.95235,0.7466753,0.9588886,0.2318268,-0.6574281,-0.3542873,-0.06297527,SelectionStart
23.42271,24,2,3,0,0.7947205,1.00025,0.2689451,26.39922,349.1628,13.95235,0.7466753,0.9588886,0.2318268,-0.6574281,-0.3542873,-0.06297527,SelectionEnd
23.42609,24,2,3,0,0.7947205,1.00025,0.2689451,26.39922,349.1628,13.95235,0.7466753,0.9588886,0.2318268,-0.6574281,-0.3542873,-0.06297527,GotSelection
23.46608,24,2,3,0,0.7955891,0.9993356,0.2688605,26.49933,349.288,13.79729,0.7428764,0.9665571,0.2362225,-0.668804,-0.2483106,-0.05413366,SelectionStart
23.4661,24,2,3,0,0.7955891,0.9993356,0.2688605,26.49933,349.288,13.79729,0.7428764,0.9665571,0.2362225,-0.668804,-0.2483106,-0.05413366,SelectionEnd
23.46999,24,2,3,0,0.7955891,0.9993356,0.2688605,26.49933,349.288,13.79729,0.7428764,0.9665571,0.2362225,-0.668804,-0.2483106,-0.05413366,GotSelection
23.48019,24,2,3,0,0.7958338,0.999009,0.2688349,26.51484,349.3426,13.7697,0.7416018,0.9694973,0.237642,-0.671741,-0.2094764,-0.05387719,SelectionStart
23.48021,24,2,3,0,0.7958338,0.999009,0.2688349,26.51484,349.3426,13.7697,0.7416018,0.9694973,0.237642,-0.671741,-0.2094764,-0.05387719,SelectionEnd
23.48348,24,2,3,0,0.7958338,0.999009,0.2688349,26.51484,349.3426,13.7697,0.7416018,0.9694973,0.237642,-0.671741,-0.2094764,-0.05387719,GotSelection
23.49446,24,2,3,0,0.7961775,0.9987722,0.268847,26.53421,349.367,13.7494,0.7402957,0.9724382,0.2389869,-0.6765997,-0.1712101,-0.0537326,SelectionStart
23.49448,24,2,3,0,0.7961775,0.9987722,0.268847,26.53421,349.367,13.7494,0.7402957,0.9724382,0.2389869,-0.6765997,-0.1712101,-0.0537326,SelectionEnd
23.49778,24,2,3,0,0.7961775,0.9987722,0.268847,26.53421,349.367,13.7494,0.7402957,0.9724382,0.2389869,-0.6765997,-0.1712101,-0.0537326,GotSelection
23.50862,24,2,3,0,0.7963412,0.9985631,0.2690085,26.55799,349.3543,13.72681,0.7393377,0.9746515,0.2400434,-0.6794302,-0.1428712,-0.05460542,SelectionStart
23.50867,24,2,3,0,0.7963412,0.9985631,0.2690085,26.55799,349.3543,13.72681,0.7393377,0.9746515,0.2400434,-0.6794302,-0.1428712,-0.05460542,SelectionEnd
23.51233,24,2,3,0,0.7963412,0.9985631,0.2690085,26.55799,349.3543,13.72681,0.7393377,0.9746515,0.2400434,-0.6794302,-0.1428712,-0.05460542,GotSelection
23.52188,24,2,3,0,0.7966319,0.9982541,0.2691267,26.57797,349.354,13.67515,0.7379571,0.9776254,0.2414219,-0.6845288,-0.1041339,-0.05536475,SelectionStart
23.5219,24,2,3,0,0.7966319,0.9982541,0.2691267,26.57797,349.354,13.67515,0.7379571,0.9776254,0.2414219,-0.6845288,-0.1041339,-0.05536475,SelectionEnd
23.52532,24,2,3,0,0.7966319,0.9982541,0.2691267,26.57797,349.354,13.67515,0.7379571,0.9776254,0.2414219,-0.6845288,-0.1041339,-0.05536475,GotSelection
23.53585,24,2,3,0,0.7969198,0.9981723,0.2689735,26.60091,349.3932,13.65498,0.7370545,0.9799165,0.2423707,-0.6875062,-0.07547074,-0.05461174,SelectionStart
23.53587,24,2,3,0,0.7969198,0.9981723,0.2689735,26.60091,349.3932,13.65498,0.7370545,0.9799165,0.2423707,-0.6875062,-0.07547074,-0.05461174,SelectionEnd
23.53932,24,2,3,0,0.7969198,0.9981723,0.2689735,26.60091,349.3932,13.65498,0.7370545,0.9799165,0.2423707,-0.6875062,-0.07547074,-0.05461174,GotSelection
23.54916,24,2,3,0,0.7972184,0.9979458,0.2689392,26.61834,349.4306,13.60781,0.7360042,0.9829869,0.2436074,-0.6895477,-0.03776116,-0.05633661,SelectionStart
23.54919,24,2,3,0,0.7972184,0.9979458,0.2689392,26.61834,349.4306,13.60781,0.7360042,0.9829869,0.2436074,-0.6895477,-0.03776116,-0.05633661,SelectionEnd
23.55321,24,2,3,0,0.7972184,0.9979458,0.2689392,26.61834,349.4306,13.60781,0.7360042,0.9829869,0.2436074,-0.6895477,-0.03776116,-0.05633661,GotSelection
23.56482,24,2,3,0,0.7975701,0.9976796,0.2689764,26.62954,349.4453,13.55308,0.7352099,0.9851862,0.24443,-0.692921,-0.009939923,-0.05876786,SelectionStart
23.56484,24,2,3,0,0.7975701,0.9976796,0.2689764,26.62954,349.4453,13.55308,0.7352099,0.9851862,0.24443,-0.692921,-0.009939923,-0.05876786,SelectionEnd
23.56857,24,2,3,0,0.7975701,0.9976796,0.2689764,26.62954,349.4453,13.55308,0.7352099,0.9851862,0.24443,-0.692921,-0.009939923,-0.05876786,GotSelection
23.58035,24,2,3,0,0.7977421,0.9974676,0.2690499,26.65939,349.447,13.50571,0.734135,0.988088,0.2456118,-0.695026,0.02535455,-0.06093436,SelectionStart
23.58038,24,2,3,0,0.7977421,0.9974676,0.2690499,26.65939,349.447,13.50571,0.734135,0.988088,0.2456118,-0.695026,0.02535455,-0.06093436,SelectionEnd
23.58427,24,2,3,0,0.7977421,0.9974676,0.2690499,26.65939,349.447,13.50571,0.734135,0.988088,0.2456118,-0.695026,0.02535455,-0.06093436,GotSelection
23.59403,24,2,3,0,0.7981086,0.9971505,0.2690652,26.65905,349.443,13.43847,0.7332096,0.9910306,0.246797,-0.6971506,0.06214487,-0.06316786,SelectionStart
23.59405,24,2,3,0,0.7981086,0.9971505,0.2690652,26.65905,349.443,13.43847,0.7332096,0.9910306,0.246797,-0.6971506,0.06214487,-0.06316786,SelectionEnd
23.59755,24,2,3,0,0.7981086,0.9971505,0.2690652,26.65905,349.443,13.43847,0.7332096,0.9910306,0.246797,-0.6971506,0.06214487,-0.06316786,GotSelection
23.60738,24,2,3,0,0.7984515,0.996986,0.2689444,26.63535,349.4606,13.3913,0.7323472,0.9940732,0.2480489,-0.6980196,0.09913889,-0.06375133,SelectionStart
23.6074,24,2,3,0,0.7984515,0.996986,0.2689444,26.63535,349.4606,13.3913,0.7323472,0.9940732,0.2480489,-0.6980196,0.09913889,-0.06375133,SelectionEnd
23.61077,24,2,3,0,0.7984515,0.996986,0.2689444,26.63535,349.4606,13.3913,0.7323472,0.9940732,0.2480489,-0.6980196,0.09913889,-0.06375133,GotSelection
23.62024,24,2,3,0,0.7986989,0.9970735,0.2685992,26.61938,349.5077,13.3808,0.731819,0.9963317,0.2490241,-0.6971015,0.1256583,-0.06107881,SelectionStart
23.62026,24,2,3,0,0.7986989,0.9970735,0.2685992,26.61938,349.5077,13.3808,0.731819,0.9963317,0.2490241,-0.6971015,0.1256583,-0.06107881,SelectionEnd
23.62364,24,2,3,0,0.7986989,0.9970735,0.2685992,26.61938,349.5077,13.3808,0.731819,0.9963317,0.2490241,-0.6971015,0.1256583,-0.06107881,GotSelection
23.63586,24,2,3,0,0.7989957,0.9969555,0.2685421,26.61624,349.5336,13.35046,0.7312232,0.9993661,0.2503933,-0.6950186,0.1615366,-0.06150399,SelectionStart
23.63589,24,2,3,0,0.7989957,0.9969555,0.2685421,26.61624,349.5336,13.35046,0.7312232,0.9993661,0.2503933,-0.6950186,0.1615366,-0.06150399,SelectionEnd
23.63956,24,2,3,0,0.7989957,0.9969555,0.2685421,26.61624,349.5336,13.35046,0.7312232,0.9993661,0.2503933,-0.6950186,0.1615366,-0.06150399,GotSelection
23.68143,24,2,3,0,0.8004063,0.9963806,0.2679911,26.62915,349.6953,13.22743,0.7300795,1.00783,0.2548054,-0.6871075,0.266923,-0.05593559,SelectionStart
23.68146,24,2,3,0,0.8004063,0.9963806,0.2679911,26.62915,349.6953,13.22743,0.7300795,1.00783,0.2548054,-0.6871075,0.266923,-0.05593559,SelectionEnd
23.68517,24,2,3,0,0.8004063,0.9963806,0.2679911,26.62915,349.6953,13.22743,0.7300795,1.00783,0.2548054,-0.6871075,0.266923,-0.05593559,GotSelection
23.6951,24,2,3,0,0.8008392,0.9961423,0.2678733,26.62325,349.7056,13.18235,0.7300015,1.011095,0.2566516,-0.6794395,0.3068034,-0.05360408,SelectionStart
23.69511,24,2,3,0,0.8008392,0.9961423,0.2678733,26.62325,349.7056,13.18235,0.7300015,1.011095,0.2566516,-0.6794395,0.3068034,-0.05360408,SelectionEnd
23.69843,24,2,3,0,0.8008392,0.9961423,0.2678733,26.62325,349.7056,13.18235,0.7300015,1.011095,0.2566516,-0.6794395,0.3068034,-0.05360408,GotSelection
23.71043,24,2,3,0,0.8012519,0.9959615,0.267759,26.61506,349.7248,13.13197,0.7300604,1.014398,0.2585748,-0.6702189,0.3462186,-0.05086228,SelectionStart
23.71045,24,2,3,0,0.8012519,0.9959615,0.267759,26.61506,349.7248,13.13197,0.7300604,1.014398,0.2585748,-0.6702189,0.3462186,-0.05086228,SelectionEnd
23.71387,24,2,3,0,0.8012519,0.9959615,0.267759,26.61506,349.7248,13.13197,0.7300604,1.014398,0.2585748,-0.6702189,0.3462186,-0.05086228,GotSelection
23.72407,24,2,3,0,0.8017878,0.9957327,0.2675028,26.61084,349.779,13.07139,0.7303638,1.017539,0.2604763,-0.6599689,0.3844373,-0.04712046,SelectionStart
23.72409,24,2,3,0,0.8017878,0.9957327,0.2675028,26.61084,349.779,13.07139,0.7303638,1.017539,0.2604763,-0.6599689,0.3844373,-0.04712046,SelectionEnd
23.72743,24,2,3,0,0.8017878,0.9957327,0.2675028,26.61084,349.779,13.07139,0.7303638,1.017539,0.2604763,-0.6599689,0.3844373,-0.04712046,GotSelection
23.73657,24,2,3,0,0.8022759,0.9957668,0.267116,26.61587,349.8475,13.03623,0.7306446,1.019965,0.26186,-0.6525325,0.4125923,-0.0426233,SelectionStart
23.7366,24,2,3,0,0.8022759,0.9957668,0.267116,26.61587,349.8475,13.03623,0.7306446,1.019965,0.26186,-0.6525325,0.4125923,-0.0426233,SelectionEnd
23.74048,24,2,3,0,0.8022759,0.9957668,0.267116,26.61587,349.8475,13.03623,0.7306446,1.019965,0.26186,-0.6525325,0.4125923,-0.0426233,GotSelection
23.75217,24,2,3,0,0.8028934,0.9955765,0.2667082,26.60573,349.9333,12.97251,0.7313678,1.023348,0.2637376,-0.6385967,0.4519723,-0.03952617,SelectionStart
23.75219,24,2,3,0,0.8028934,0.9955765,0.2667082,26.60573,349.9333,12.97251,0.7313678,1.023348,0.2637376,-0.6385967,0.4519723,-0.03952617,SelectionEnd
23.75563,24,2,3,0,0.8028934,0.9955765,0.2667082,26.60573,349.9333,12.97251,0.7313678,1.023348,0.2637376,-0.6385967,0.4519723,-0.03952617,GotSelection
23.76576,24,2,3,0,0.8030761,0.9954937,0.2666171,26.58115,349.9665,12.95031,0.7321299,1.025984,0.265073,-0.6238282,0.4796704,-0.04028885,SelectionStart
23.76579,24,2,3,0,0.8030761,0.9954937,0.2666171,26.58115,349.9665,12.95031,0.7321299,1.025984,0.265073,-0.6238282,0.4796704,-0.04028885,SelectionEnd
23.76911,24,2,3,0,0.8030761,0.9954937,0.2666171,26.58115,349.9665,12.95031,0.7321299,1.025984,0.265073,-0.6238282,0.4796704,-0.04028885,GotSelection
23.78012,24,2,3,0,0.8034247,0.9953746,0.2664718,26.57357,349.9935,12.93484,0.7329888,1.029568,0.2669001,-0.6061792,0.5186183,-0.04053524,SelectionStart
23.78014,24,2,3,0,0.8034247,0.9953746,0.2664718,26.57357,349.9935,12.93484,0.7329888,1.029568,0.2669001,-0.6061792,0.5186183,-0.04053524,SelectionEnd
23.78349,24,2,3,0,0.8034247,0.9953746,0.2664718,26.57357,349.9935,12.93484,0.7329888,1.029568,0.2669001,-0.6061792,0.5186183,-0.04053524,GotSelection
23.79446,24,2,3,0,0.8037095,0.995313,0.2664239,26.56362,349.9827,12.92307,0.7344475,1.032286,0.2681245,-0.5858096,0.5447963,-0.04346226,SelectionStart
23.79448,24,2,3,0,0.8037095,0.995313,0.2664239,26.56362,349.9827,12.92307,0.7344475,1.032286,0.2681245,-0.5858096,0.5447963,-0.04346226,SelectionEnd
23.79825,24,2,3,0,0.8037095,0.995313,0.2664239,26.56362,349.9827,12.92307,0.7344475,1.032286,0.2681245,-0.5858096,0.5447963,-0.04346226,GotSelection
23.80887,24,2,3,0,0.8039464,0.9952404,0.2663077,26.5444,350.0081,12.90603,0.7361127,1.035905,0.2697696,-0.5599948,0.5800582,-0.04686317,SelectionStart
23.80889,24,2,3,0,0.8039464,0.9952404,0.2663077,26.5444,350.0081,12.90603,0.7361127,1.035905,0.2697696,-0.5599948,0.5800582,-0.04686317,SelectionEnd
23.8125,24,2,3,0,0.8039464,0.9952404,0.2663077,26.5444,350.0081,12.90603,0.7361127,1.035905,0.2697696,-0.5599948,0.5800582,-0.04686317,GotSelection
23.82222,24,2,3,0,0.8043031,0.9953363,0.265939,26.51293,350.0645,12.89194,0.7375413,1.039207,0.2715258,-0.5377315,0.6134539,-0.04439863,SelectionStart
23.82225,24,2,3,0,0.8043031,0.9953363,0.265939,26.51293,350.0645,12.89194,0.7375413,1.039207,0.2715258,-0.5377315,0.6134539,-0.04439863,SelectionEnd
23.82577,24,2,3,0,0.8043031,0.9953363,0.265939,26.51293,350.0645,12.89194,0.7375413,1.039207,0.2715258,-0.5377315,0.6134539,-0.04439863,GotSelection
23.83588,24,2,3,0,0.8044991,0.995261,0.2658596,26.50926,350.0959,12.88385,0.7391235,1.041838,0.2726627,-0.5158018,0.6380084,-0.04825506,SelectionStart
23.8359,24,2,3,0,0.8044991,0.995261,0.2658596,26.50926,350.0959,12.88385,0.7391235,1.041838,0.2726627,-0.5158018,0.6380084,-0.04825506,SelectionEnd
23.83939,24,2,3,0,0.8044991,0.995261,0.2658596,26.50926,350.0959,12.88385,0.7391235,1.041838,0.2726627,-0.5158018,0.6380084,-0.04825506,GotSelection
23.88062,24,2,3,0,0.8051549,0.9948517,0.2655942,26.50736,350.134,12.78882,0.7459379,1.051392,0.276216,-0.4272833,0.7225357,-0.06927345,SelectionStart
23.88065,24,2,3,0,0.8051549,0.9948517,0.2655942,26.50736,350.134,12.78882,0.7459379,1.051392,0.276216,-0.4272833,0.7225357,-0.06927345,SelectionEnd
23.88428,24,2,3,0,0.8051549,0.9948517,0.2655942,26.50736,350.134,12.78882,0.7459379,1.051392,0.276216,-0.4272833,0.7225357,-0.06927345,GotSelection
23.8955,24,2,3,0,0.8052928,0.9950041,0.2653081,26.5004,350.1918,12.79278,0.7486663,1.054313,0.2774624,-0.3928303,0.7454017,-0.07256293,SelectionStart
23.89552,24,2,3,0,0.8052928,0.9950041,0.2653081,26.5004,350.1918,12.79278,0.7486663,1.054313,0.2774624,-0.3928303,0.7454017,-0.07256293,SelectionEnd
23.89944,24,2,3,0,0.8052928,0.9950041,0.2653081,26.5004,350.1918,12.79278,0.7486663,1.054313,0.2774624,-0.3928303,0.7454017,-0.07256293,GotSelection
23.91035,24,2,3,0,0.8053258,0.9951008,0.2652029,26.50813,350.2334,12.82179,0.7514719,1.057217,0.2787181,-0.3566052,0.7675983,-0.07783671,SelectionStart
23.91038,24,2,3,0,0.8053258,0.9951008,0.2652029,26.50813,350.2334,12.82179,0.7514719,1.057217,0.2787181,-0.3566052,0.7675983,-0.07783671,SelectionEnd
23.9138,24,2,3,0,0.8053258,0.9951008,0.2652029,26.50813,350.2334,12.82179,0.7514719,1.057217,0.2787181,-0.3566052,0.7675983,-0.07783671,GotSelection
23.92321,24,2,3,0,0.8053369,0.9951799,0.2651438,26.50735,350.2537,12.84117,0.753647,1.059353,0.2796073,-0.3288822,0.7832965,-0.08217285,SelectionStart
23.92323,24,2,3,0,0.8053369,0.9951799,0.2651438,26.50735,350.2537,12.84117,0.753647,1.059353,0.2796073,-0.3288822,0.7832965,-0.08217285,SelectionEnd
23.92651,24,2,3,0,0.8053369,0.9951799,0.2651438,26.50735,350.2537,12.84117,0.753647,1.059353,0.2796073,-0.3288822,0.7832965,-0.08217285,GotSelection
23.93645,24,2,3,0,0.8058766,0.9951077,0.2651545,26.56323,350.2916,12.91536,0.7553135,1.06198,0.2810821,-0.3077863,0.81002,-0.08401974,SelectionStart
23.93648,24,2,3,0,0.8058766,0.9951077,0.2651545,26.56323,350.2916,12.91536,0.7553135,1.06198,0.2810821,-0.3077863,0.81002,-0.08401974,SelectionEnd
23.93978,24,2,3,0,0.8058766,0.9951077,0.2651545,26.56323,350.2916,12.91536,0.7553135,1.06198,0.2810821,-0.3077863,0.81002,-0.08401974,GotSelection
23.9519,24,2,3,0,0.8053303,0.9953856,0.2653806,26.55649,350.2801,12.96525,0.7581602,1.064408,0.2821916,-0.2675827,0.822776,-0.09093609,SelectionStart
23.95195,24,2,3,0,0.8053303,0.9953856,0.2653806,26.55649,350.2801,12.96525,0.7581602,1.064408,0.2821916,-0.2675827,0.822776,-0.09093609,SelectionEnd
23.95529,24,2,3,0,0.8053303,0.9953856,0.2653806,26.55649,350.2801,12.96525,0.7581602,1.064408,0.2821916,-0.2675827,0.822776,-0.09093609,GotSelection
23.96567,24,2,3,0,0.8048539,0.9954982,0.2654684,26.54052,350.2788,12.99111,0.7615155,1.066512,0.2826237,-0.2253086,0.8304677,-0.1026012,SelectionStart
23.96569,24,2,3,0,0.8048539,0.9954982,0.2654684,26.54052,350.2788,12.99111,0.7615155,1.066512,0.2826237,-0.2253086,0.8304677,-0.1026012,SelectionEnd
23.96948,24,2,3,0,0.8048539,0.9954982,0.2654684,26.54052,350.2788,12.99111,0.7615155,1.066512,0.2826237,-0.2253086,0.8304677,-0.1026012,GotSelection
23.97952,24,2,3,0,0.8046577,0.99565,0.2654206,26.53968,350.308,13.03308,0.7646722,1.068662,0.2834531,-0.1861055,0.8417296,-0.1091451,SelectionStart
23.97954,24,2,3,0,0.8046577,0.99565,0.2654206,26.53968,350.308,13.03308,0.7646722,1.068662,0.2834531,-0.1861055,0.8417296,-0.1091451,SelectionEnd
23.98284,24,2,3,0,0.8046577,0.99565,0.2654206,26.53968,350.308,13.03308,0.7646722,1.068662,0.2834531,-0.1861055,0.8417296,-0.1091451,GotSelection
23.99435,24,2,3,0,0.8048816,0.996245,0.2649194,26.57981,350.3966,13.11835,0.7672884,1.070511,0.2844201,-0.1557511,0.851548,-0.1063637,SelectionStart
23.99437,24,2,3,0,0.8048816,0.996245,0.2649194,26.57981,350.3966,13.11835,0.7672884,1.070511,0.2844201,-0.1557511,0.851548,-0.1063637,SelectionEnd
23.99794,24,2,3,0,0.8048816,0.996245,0.2649194,26.57981,350.3966,13.11835,0.7672884,1.070511,0.2844201,-0.1557511,0.851548,-0.1063637,GotSelection
24.00799,24,2,3,0,0.8045864,0.996542,0.2648668,26.55758,350.42,13.14299,0.7694772,1.07174,0.2851287,-0.1276179,0.8554178,-0.1073537,SelectionStart
24.008,24,2,3,0,0.8045864,0.996542,0.2648668,26.55758,350.42,13.14299,0.7694772,1.07174,0.2851287,-0.1276179,0.8554178,-0.1073537,SelectionEnd
24.01136,24,2,3,0,0.8045864,0.996542,0.2648668,26.55758,350.42,13.14299,0.7694772,1.07174,0.2851287,-0.1276179,0.8554178,-0.1073537,GotSelection
24.02036,24,2,3,0,0.804302,0.9964849,0.2649875,26.52699,350.4224,13.17164,0.7712209,1.072806,0.2859649,-0.1034243,0.8622236,-0.1086941,SelectionStart
24.02039,24,2,3,0,0.804302,0.9964849,0.2649875,26.52699,350.4224,13.17164,0.7712209,1.072806,0.2859649,-0.1034243,0.8622236,-0.1086941,SelectionEnd
24.02375,24,2,3,0,0.804302,0.9964849,0.2649875,26.52699,350.4224,13.17164,0.7712209,1.072806,0.2859649,-0.1034243,0.8622236,-0.1086941,GotSelection
24.03538,24,2,3,0,0.8039014,0.9966395,0.2649291,26.47215,350.4232,13.20589,0.7743044,1.074309,0.2866897,-0.06445891,0.8669209,-0.1122921,SelectionStart
24.0354,24,2,3,0,0.8039014,0.9966395,0.2649291,26.47215,350.4232,13.20589,0.7743044,1.074309,0.2866897,-0.06445891,0.8669209,-0.1122921,SelectionEnd
24.03906,24,2,3,0,0.8039014,0.9966395,0.2649291,26.47215,350.4232,13.20589,0.7743044,1.074309,0.2866897,-0.06445891,0.8669209,-0.1122921,GotSelection
24.08073,24,2,3,0,0.8032755,0.9972013,0.2646492,26.38503,350.4099,13.28901,0.7828081,1.078144,0.2890716,0.03871195,0.8790223,-0.1157299,SelectionStart
24.08075,24,2,3,0,0.8032755,0.9972013,0.2646492,26.38503,350.4099,13.28901,0.7828081,1.078144,0.2890716,0.03871195,0.8790223,-0.1157299,SelectionEnd
24.08433,24,2,3,0,0.8032755,0.9972013,0.2646492,26.38503,350.4099,13.28901,0.7828081,1.078144,0.2890716,0.03871195,0.8790223,-0.1157299,GotSelection
24.09441,24,2,3,0,0.8033974,0.9971977,0.2645046,26.35024,350.3956,13.26023,0.7848519,1.078891,0.2895971,0.06021179,0.8825875,-0.1154555,SelectionStart
24.09444,24,2,3,0,0.8033974,0.9971977,0.2645046,26.35024,350.3956,13.26023,0.7848519,1.078891,0.2895971,0.06021179,0.8825875,-0.1154555,SelectionEnd
24.09801,24,2,3,0,0.8033974,0.9971977,0.2645046,26.35024,350.3956,13.26023,0.7848519,1.078891,0.2895971,0.06021179,0.8825875,-0.1154555,GotSelection
24.11408,24,2,3,0,0.8034024,0.9971585,0.26442,26.31554,350.3716,13.22278,0.7884859,1.080163,0.2902679,0.09944654,0.8863307,-0.1195435,SelectionStart
24.11412,24,2,3,0,0.8034024,0.9971585,0.26442,26.31554,350.3716,13.22278,0.7884859,1.080163,0.2902679,0.09944654,0.8863307,-0.1195435,SelectionEnd
24.11841,24,2,3,0,0.8034024,0.9971585,0.26442,26.31554,350.3716,13.22278,0.7884859,1.080163,0.2902679,0.09944654,0.8863307,-0.1195435,GotSelection
24.1294,24,2,3,0,0.8034709,0.9971487,0.2643436,26.30402,350.3682,13.19112,0.7906162,1.080819,0.2907951,0.12182,0.8884684,-0.1200818,SelectionStart
24.12943,24,2,3,0,0.8034709,0.9971487,0.2643436,26.30402,350.3682,13.19112,0.7906162,1.080819,0.2907951,0.12182,0.8884684,-0.1200818,SelectionEnd
24.13295,24,2,3,0,0.8034709,0.9971487,0.2643436,26.30402,350.3682,13.19112,0.7906162,1.080819,0.2907951,0.12182,0.8884684,-0.1200818,GotSelection
24.14366,24,2,3,0,0.8035542,0.9971623,0.2641663,26.274,350.3857,13.18035,0.7922886,1.08137,0.2911566,0.1394313,0.8906651,-0.1196326,SelectionStart
24.14368,24,2,3,0,0.8035542,0.9971623,0.2641663,26.274,350.3857,13.18035,0.7922886,1.08137,0.2911566,0.1394313,0.8906651,-0.1196326,SelectionEnd
24.14732,24,2,3,0,0.8035542,0.9971623,0.2641663,26.274,350.3857,13.18035,0.7922886,1.08137,0.2911566,0.1394313,0.8906651,-0.1196326,GotSelection
24.15685,24,2,3,0,0.8037806,0.9972484,0.2640929,26.2702,350.4022,13.18677,0.7934319,1.081745,0.2913238,0.1495191,0.8914174,-0.1201254,SelectionStart
24.15687,24,2,3,0,0.8037806,0.9972484,0.2640929,26.2702,350.4022,13.18677,0.7934319,1.081745,0.2913238,0.1495191,0.8914174,-0.1201254,SelectionEnd
24.1603,24,2,3,0,0.8037806,0.9972484,0.2640929,26.2702,350.4022,13.18677,0.7934319,1.081745,0.2913238,0.1495191,0.8914174,-0.1201254,GotSelection
24.17036,24,2,3,0,0.8040949,0.9971098,0.2639588,26.2678,350.4315,13.15781,0.7939798,1.081937,0.2913158,0.1521931,0.8942503,-0.1208216,SelectionStart
24.17039,24,2,3,0,0.8040949,0.9971098,0.2639588,26.2678,350.4315,13.15781,0.7939798,1.081937,0.2913158,0.1521931,0.8942503,-0.1208216,SelectionEnd
24.17376,24,2,3,0,0.8040949,0.9971098,0.2639588,26.2678,350.4315,13.15781,0.7939798,1.081937,0.2913158,0.1521931,0.8942503,-0.1208216,GotSelection
24.18566,24,2,3,0,0.8044176,0.9969174,0.2638329,26.28436,350.4639,13.11095,0.7938981,1.081897,0.2910373,0.147307,0.8963432,-0.1225677,SelectionStart
24.18568,24,2,3,0,0.8044176,0.9969174,0.2638329,26.28436,350.4639,13.11095,0.7938981,1.081897,0.2910373,0.147307,0.8963432,-0.1225677,SelectionEnd
24.18909,24,2,3,0,0.8044176,0.9969174,0.2638329,26.28436,350.4639,13.11095,0.7938981,1.081897,0.2910373,0.147307,0.8963432,-0.1225677,GotSelection
24.19906,24,2,3,0,0.8045806,0.9967122,0.2637809,26.29511,350.4766,13.07737,0.7933655,1.081556,0.2906477,0.1388357,0.8959578,-0.1241268,SelectionStart
24.19908,24,2,3,0,0.8045806,0.9967122,0.2637809,26.29511,350.4766,13.07737,0.7933655,1.081556,0.2906477,0.1388357,0.8959578,-0.1241268,SelectionEnd
24.2024,24,2,3,0,0.8045806,0.9967122,0.2637809,26.29511,350.4766,13.07737,0.7933655,1.081556,0.2906477,0.1388357,0.8959578,-0.1241268,GotSelection
24.21307,24,2,3,0,0.8050402,0.9966831,0.2636808,26.30129,350.4851,13.0495,0.7922328,1.080872,0.2900936,0.1204605,0.8931596,-0.1229609,SelectionStart
24.21309,24,2,3,0,0.8050402,0.9966831,0.2636808,26.30129,350.4851,13.0495,0.7922328,1.080872,0.2900936,0.1204605,0.8931596,-0.1229609,SelectionEnd
24.21645,24,2,3,0,0.8050402,0.9966831,0.2636808,26.30129,350.4851,13.0495,0.7922328,1.080872,0.2900936,0.1204605,0.8931596,-0.1229609,GotSelection
24.22679,24,2,3,0,0.8051761,0.9964743,0.2638017,26.31171,350.4867,13.0361,0.7900192,1.079705,0.28937,0.09339038,0.8883212,-0.122857,SelectionStart
24.22681,24,2,3,0,0.8051761,0.9964743,0.2638017,26.31171,350.4867,13.0361,0.7900192,1.079705,0.28937,0.09339038,0.8883212,-0.122857,SelectionEnd
24.23026,24,2,3,0,0.8051761,0.9964743,0.2638017,26.31171,350.4867,13.0361,0.7900192,1.079705,0.28937,0.09339038,0.8883212,-0.122857,GotSelection
24.24039,24,2,3,0,0.8054646,0.9963386,0.2637772,26.32309,350.5048,13.01506,0.7865034,1.077809,0.2880237,0.04919067,0.8787969,-0.1212835,SelectionStart
24.24042,24,2,3,0,0.8054646,0.9963386,0.2637772,26.32309,350.5048,13.01506,0.7865034,1.077809,0.2880237,0.04919067,0.8787969,-0.1212835,SelectionEnd
24.24378,24,2,3,0,0.8054646,0.9963386,0.2637772,26.32309,350.5048,13.01506,0.7865034,1.077809,0.2880237,0.04919067,0.8787969,-0.1212835,GotSelection
24.28586,24,2,3,0,0.8060513,0.9959852,0.2638856,26.34028,350.5671,12.96094,0.7761111,1.07087,0.2828829,-0.0851202,0.8319733,-0.1227717,SelectionStart
24.28588,24,2,3,0,0.8060513,0.9959852,0.2638856,26.34028,350.5671,12.96094,0.7761111,1.07087,0.2828829,-0.0851202,0.8319733,-0.1227717,SelectionEnd
24.28946,24,2,3,0,0.8060513,0.9959852,0.2638856,26.34028,350.5671,12.96094,0.7761111,1.07087,0.2828829,-0.0851202,0.8319733,-0.1227717,GotSelection
24.29987,24,2,3,0,0.8062719,0.9959124,0.2637931,26.3375,350.5958,12.95502,0.7720057,1.067909,0.2806294,-0.1386439,0.8104868,-0.1228106,SelectionStart
24.2999,24,2,3,0,0.8062719,0.9959124,0.2637931,26.3375,350.5958,12.95502,0.7720057,1.067909,0.2806294,-0.1386439,0.8104868,-0.1228106,SelectionEnd
24.30331,24,2,3,0,0.8062719,0.9959124,0.2637931,26.3375,350.5958,12.95502,0.7720057,1.067909,0.2806294,-0.1386439,0.8104868,-0.1228106,GotSelection
24.31262,24,2,3,0,0.8065246,0.9957329,0.2637352,26.39179,350.6034,12.96536,0.7689036,1.065721,0.2788402,-0.1795717,0.7955933,-0.1250616,SelectionStart
24.31264,24,2,3,0,0.8065246,0.9957329,0.2637352,26.39179,350.6034,12.96536,0.7689036,1.065721,0.2788402,-0.1795717,0.7955933,-0.1250616,SelectionEnd
24.31599,24,2,3,0,0.8065246,0.9957329,0.2637352,26.39179,350.6034,12.96536,0.7689036,1.065721,0.2788402,-0.1795717,0.7955933,-0.1250616,GotSelection
24.32713,24,2,3,0,0.8067148,0.9955602,0.2638367,26.41757,350.5865,12.95382,0.7645004,1.062627,0.2765501,-0.2362344,0.7736691,-0.1267347,SelectionStart
24.32714,24,2,3,0,0.8067148,0.9955602,0.2638367,26.41757,350.5865,12.95382,0.7645004,1.062627,0.2765501,-0.2362344,0.7736691,-0.1267347,SelectionEnd
24.3306,24,2,3,0,0.8067148,0.9955602,0.2638367,26.41757,350.5865,12.95382,0.7645004,1.062627,0.2765501,-0.2362344,0.7736691,-0.1267347,GotSelection
24.34016,24,2,3,0,0.8065739,0.995652,0.2638811,26.44054,350.5937,12.96328,0.7613224,1.060277,0.2747002,-0.275415,0.7533989,-0.1285077,SelectionStart
24.34017,24,2,3,0,0.8065739,0.995652,0.2638811,26.44054,350.5937,12.96328,0.7613224,1.060277,0.2747002,-0.275415,0.7533989,-0.1285077,SelectionEnd
24.34351,24,2,3,0,0.8065739,0.995652,0.2638811,26.44054,350.5937,12.96328,0.7613224,1.060277,0.2747002,-0.275415,0.7533989,-0.1285077,GotSelection
24.35345,24,2,3,0,0.8062623,0.9958745,0.2639902,26.45399,350.6249,12.99095,0.758517,1.058027,0.2729153,-0.3092765,0.7312902,-0.1309992,SelectionStart
24.35348,24,2,3,0,0.8062623,0.9958745,0.2639902,26.45399,350.6249,12.99095,0.758517,1.058027,0.2729153,-0.3092765,0.7312902,-0.1309992,SelectionEnd
24.35729,24,2,3,0,0.8062623,0.9958745,0.2639902,26.45399,350.6249,12.99095,0.758517,1.058027,0.2729153,-0.3092765,0.7312902,-0.1309992,GotSelection
24.36864,24,2,3,0,0.8061095,0.9959466,0.2639292,26.45544,350.6554,13.01661,0.7551482,1.055125,0.2704499,-0.3524977,0.7048659,-0.1346186,SelectionStart
24.36865,24,2,3,0,0.8061095,0.9959466,0.2639292,26.45544,350.6554,13.01661,0.7551482,1.055125,0.2704499,-0.3524977,0.7048659,-0.1346186,SelectionEnd
24.37207,24,2,3,0,0.8061095,0.9959466,0.2639292,26.45544,350.6554,13.01661,0.7551482,1.055125,0.2704499,-0.3524977,0.7048659,-0.1346186,GotSelection
24.38147,24,2,3,0,0.8059964,0.9959592,0.2639557,26.47688,350.6684,13.03016,0.7519743,1.052218,0.2680601,-0.3942476,0.6783656,-0.1389111,SelectionStart
24.38148,24,2,3,0,0.8059964,0.9959592,0.2639557,26.47688,350.6684,13.03016,0.7519743,1.052218,0.2680601,-0.3942476,0.6783656,-0.1389111,SelectionEnd
24.38492,24,2,3,0,0.8059964,0.9959592,0.2639557,26.47688,350.6684,13.03016,0.7519743,1.052218,0.2680601,-0.3942476,0.6783656,-0.1389111,GotSelection
24.39456,24,2,3,0,0.8058391,0.9960021,0.2639804,26.48093,350.66,13.04107,0.7512299,1.050307,0.2661447,-0.4088749,0.6550745,-0.1466026,SelectionStart
24.39458,24,2,3,0,0.8058391,0.9960021,0.2639804,26.48093,350.66,13.04107,0.7512299,1.050307,0.2661447,-0.4088749,0.6550745,-0.1466026,SelectionEnd
24.39795,24,2,3,0,0.8058391,0.9960021,0.2639804,26.48093,350.66,13.04107,0.7512299,1.050307,0.2661447,-0.4088749,0.6550745,-0.1466026,GotSelection
24.4102,24,2,3,0,0.8054703,0.9961487,0.2640356,26.46725,350.6364,13.06168,0.7486086,1.047294,0.2640195,-0.4425298,0.625274,-0.1482071,SelectionStart
24.41022,24,2,3,0,0.8054703,0.9961487,0.2640356,26.46725,350.6364,13.06168,0.7486086,1.047294,0.2640195,-0.4425298,0.625274,-0.1482071,SelectionEnd
24.41363,24,2,3,0,0.8054703,0.9961487,0.2640356,26.46725,350.6364,13.06168,0.7486086,1.047294,0.2640195,-0.4425298,0.625274,-0.1482071,GotSelection
24.42339,24,2,3,0,0.8052195,0.9962653,0.2641181,26.45633,350.6071,13.08814,0.7467098,1.044955,0.2623637,-0.4677019,0.6017865,-0.149893,SelectionStart
24.42342,24,2,3,0,0.8052195,0.9962653,0.2641181,26.45633,350.6071,13.08814,0.7467098,1.044955,0.2623637,-0.4677019,0.6017865,-0.149893,SelectionEnd
24.42676,24,2,3,0,0.8052195,0.9962653,0.2641181,26.45633,350.6071,13.08814,0.7467098,1.044955,0.2623637,-0.4677019,0.6017865,-0.149893,GotSelection
24.46838,24,2,3,0,0.8046207,0.9963711,0.2641834,26.42497,350.5428,13.15614,0.7382972,1.034546,0.2560953,-0.5807141,0.5075125,-0.1466449,SelectionStart
24.46841,24,2,3,0,0.8046207,0.9963711,0.2641834,26.42497,350.5428,13.15614,0.7382972,1.034546,0.2560953,-0.5807141,0.5075125,-0.1466449,SelectionEnd
24.47228,24,2,3,0,0.8046207,0.9963711,0.2641834,26.42497,350.5428,13.15614,0.7382972,1.034546,0.2560953,-0.5807141,0.5075125,-0.1466449,GotSelection
24.48204,24,2,3,0,0.8043696,0.9964808,0.2641501,26.43067,350.5527,13.1799,0.7362379,1.031032,0.2539123,-0.6111819,0.4723668,-0.1469943,SelectionStart
24.48206,24,2,3,0,0.8043696,0.9964808,0.2641501,26.43067,350.5527,13.1799,0.7362379,1.031032,0.2539123,-0.6111819,0.4723668,-0.1469943,SelectionEnd
24.48554,24,2,3,0,0.8043696,0.9964808,0.2641501,26.43067,350.5527,13.1799,0.7362379,1.031032,0.2539123,-0.6111819,0.4723668,-0.1469943,GotSelection
24.49485,24,2,3,0,0.8043389,0.9966139,0.2641518,26.43076,350.5563,13.20411,0.7345198,1.028561,0.2522236,-0.6371532,0.4478156,-0.1479093,SelectionStart
24.49487,24,2,3,0,0.8043389,0.9966139,0.2641518,26.43076,350.5563,13.20411,0.7345198,1.028561,0.2522236,-0.6371532,0.4478156,-0.1479093,SelectionEnd
24.49817,24,2,3,0,0.8043389,0.9966139,0.2641518,26.43076,350.5563,13.20411,0.7345198,1.028561,0.2522236,-0.6371532,0.4478156,-0.1479093,GotSelection
24.51036,24,2,3,0,0.8040419,0.9967286,0.264196,26.41149,350.5298,13.23942,0.7326693,1.025001,0.2500204,-0.6654493,0.4115019,-0.1487584,SelectionStart
24.51038,24,2,3,0,0.8040419,0.9967286,0.264196,26.41149,350.5298,13.23942,0.7326693,1.025001,0.2500204,-0.6654493,0.4115019,-0.1487584,SelectionEnd
24.51374,24,2,3,0,0.8040419,0.9967286,0.264196,26.41149,350.5298,13.23942,0.7326693,1.025001,0.2500204,-0.6654493,0.4115019,-0.1487584,GotSelection
24.52371,24,2,3,0,0.8037683,0.9968843,0.2642856,26.39637,350.5026,13.28229,0.7313905,1.022428,0.2484729,-0.6848722,0.3844824,-0.149238,SelectionStart
24.52374,24,2,3,0,0.8037683,0.9968843,0.2642856,26.39637,350.5026,13.28229,0.7313905,1.022428,0.2484729,-0.6848722,0.3844824,-0.149238,SelectionEnd
24.52757,24,2,3,0,0.8037683,0.9968843,0.2642856,26.39637,350.5026,13.28229,0.7313905,1.022428,0.2484729,-0.6848722,0.3844824,-0.149238,GotSelection
24.53793,24,2,3,0,0.8034174,0.9971161,0.2644097,26.3848,350.4641,13.31899,0.7295473,1.018948,0.2462542,-0.7130229,0.3474385,-0.1507695,SelectionStart
24.53795,24,2,3,0,0.8034174,0.9971161,0.2644097,26.3848,350.4641,13.31899,0.7295473,1.018948,0.2462542,-0.7130229,0.3474385,-0.1507695,SelectionEnd
24.54125,24,2,3,0,0.8034174,0.9971161,0.2644097,26.3848,350.4641,13.31899,0.7295473,1.018948,0.2462542,-0.7130229,0.3474385,-0.1507695,GotSelection
24.55291,24,2,3,0,0.8030723,0.9970828,0.2645449,26.38402,350.4328,13.32135,0.7279193,1.015581,0.2437982,-0.7392948,0.3116675,-0.1566792,SelectionStart
24.55293,24,2,3,0,0.8030723,0.9970828,0.2645449,26.38402,350.4328,13.32135,0.7279193,1.015581,0.2437982,-0.7392948,0.3116675,-0.1566792,SelectionEnd
24.55638,24,2,3,0,0.8030723,0.9970828,0.2645449,26.38402,350.4328,13.32135,0.7279193,1.015581,0.2437982,-0.7392948,0.3116675,-0.1566792,GotSelection
24.5684,24,2,3,0,0.8029362,0.9971599,0.2645857,26.3951,350.398,13.32051,0.7264755,1.012172,0.2412519,-0.7661662,0.2745971,-0.1617814,SelectionStart
24.56842,24,2,3,0,0.8029362,0.9971599,0.2645857,26.3951,350.398,13.32051,0.7264755,1.012172,0.2412519,-0.7661662,0.2745971,-0.1617814,SelectionEnd
24.57176,24,2,3,0,0.8029362,0.9971599,0.2645857,26.3951,350.398,13.32051,0.7264755,1.012172,0.2412519,-0.7661662,0.2745971,-0.1617814,GotSelection
24.5822,24,2,3,0,0.8028486,0.9971314,0.264601,26.41812,350.4055,13.31732,0.7255045,1.009605,0.2393459,-0.7851899,0.2469517,-0.1663518,SelectionStart
24.58221,24,2,3,0,0.8028486,0.9971314,0.264601,26.41812,350.4055,13.31732,0.7255045,1.009605,0.2393459,-0.7851899,0.2469517,-0.1663518,SelectionEnd
24.58572,24,2,3,0,0.8028486,0.9971314,0.264601,26.41812,350.4055,13.31732,0.7255045,1.009605,0.2393459,-0.7851899,0.2469517,-0.1663518,GotSelection
24.59656,24,2,3,0,0.80259,0.9972116,0.264715,26.4257,350.3904,13.32942,0.7242131,1.006023,0.2367741,-0.8100171,0.2071555,-0.1721562,SelectionStart
24.59658,24,2,3,0,0.80259,0.9972116,0.264715,26.4257,350.3904,13.32942,0.7242131,1.006023,0.2367741,-0.8100171,0.2071555,-0.1721562,SelectionEnd
24.59994,24,2,3,0,0.80259,0.9972116,0.264715,26.4257,350.3904,13.32942,0.7242131,1.006023,0.2367741,-0.8100171,0.2071555,-0.1721562,GotSelection
24.6106,24,2,3,0,0.8025287,0.9973321,0.2646755,26.42657,350.3916,13.35871,0.7226574,1.003361,0.234767,-0.8354415,0.1796072,-0.1749849,SelectionStart
24.61062,24,2,3,0,0.8025287,0.9973321,0.2646755,26.42657,350.3916,13.35871,0.7226574,1.003361,0.234767,-0.8354415,0.1796072,-0.1749849,SelectionEnd
24.61393,24,2,3,0,0.8025287,0.9973321,0.2646755,26.42657,350.3916,13.35871,0.7226574,1.003361,0.234767,-0.8354415,0.1796072,-0.1749849,GotSelection
24.65303,24,2,3,0,0.801905,0.9976404,0.264918,26.40602,350.3014,13.39958,0.7205341,0.9939951,0.2276974,-0.8901045,0.07062318,-0.1934444,SelectionStart
24.65306,24,2,3,0,0.801905,0.9976404,0.264918,26.40602,350.3014,13.39958,0.7205341,0.9939951,0.2276974,-0.8901045,0.07062318,-0.1934444,SelectionEnd
24.6568,24,2,3,0,0.801905,0.9976404,0.264918,26.40602,350.3014,13.39958,0.7205341,0.9939951,0.2276974,-0.8901045,0.07062318,-0.1934444,GotSelection
24.66735,24,2,3,0,0.8016278,0.9976993,0.2650256,26.39766,350.2527,13.41046,0.7204264,0.9908561,0.2254092,-0.9018589,0.03278442,-0.2001278,SelectionStart
24.66737,24,2,3,0,0.8016278,0.9976993,0.2650256,26.39766,350.2527,13.41046,0.7204264,0.9908561,0.2254092,-0.9018589,0.03278442,-0.2001278,SelectionEnd
24.67078,24,2,3,0,0.8016278,0.9976993,0.2650256,26.39766,350.2527,13.41046,0.7204264,0.9908561,0.2254092,-0.9018589,0.03278442,-0.2001278,GotSelection
24.68127,24,2,3,0,0.8014733,0.9977594,0.2650277,26.39017,350.2303,13.40689,0.7206096,0.9885631,0.223855,-0.9078947,0.004827973,-0.2037089,SelectionStart
24.6813,24,2,3,0,0.8014733,0.9977594,0.2650277,26.39017,350.2303,13.40689,0.7206096,0.9885631,0.223855,-0.9078947,0.004827973,-0.2037089,SelectionEnd
24.68459,24,2,3,0,0.8014733,0.9977594,0.2650277,26.39017,350.2303,13.40689,0.7206096,0.9885631,0.223855,-0.9078947,0.004827973,-0.2037089,GotSelection
24.69385,24,2,3,0,0.8013077,0.9978445,0.2650362,26.3747,350.1895,13.39417,0.7209156,0.9854024,0.2218504,-0.9158397,-0.03325021,-0.2073565,SelectionStart
24.69386,24,2,3,0,0.8013077,0.9978445,0.2650362,26.3747,350.1895,13.39417,0.7209156,0.9854024,0.2218504,-0.9158397,-0.03325021,-0.2073565,SelectionEnd
24.69718,24,2,3,0,0.8013077,0.9978445,0.2650362,26.3747,350.1895,13.39417,0.7209156,0.9854024,0.2218504,-0.9158397,-0.03325021,-0.2073565,GotSelection
24.70758,24,2,3,0,0.8011927,0.9978846,0.2651051,26.34807,350.1414,13.37798,0.7214147,0.98289,0.2205445,-0.9192308,-0.06304235,-0.208592,SelectionStart
24.7076,24,2,3,0,0.8011927,0.9978846,0.2651051,26.34807,350.1414,13.37798,0.7214147,0.98289,0.2205445,-0.9192308,-0.06304235,-0.208592,SelectionEnd
24.71117,24,2,3,0,0.8011927,0.9978846,0.2651051,26.34807,350.1414,13.37798,0.7214147,0.98289,0.2205445,-0.9192308,-0.06304235,-0.208592,GotSelection
24.72069,24,2,3,0,0.800876,0.997993,0.2652681,26.33112,350.0637,13.38089,0.7222161,0.9796759,0.2186981,-0.9213201,-0.1032216,-0.2124294,SelectionStart
24.72071,24,2,3,0,0.800876,0.997993,0.2652681,26.33112,350.0637,13.38089,0.7222161,0.9796759,0.2186981,-0.9213201,-0.1032216,-0.2124294,SelectionEnd
24.72395,24,2,3,0,0.800876,0.997993,0.2652681,26.33112,350.0637,13.38089,0.7222161,0.9796759,0.2186981,-0.9213201,-0.1032216,-0.2124294,GotSelection
24.73673,24,2,3,0,0.8005027,0.9981877,0.2655001,26.30563,349.9651,13.40026,0.7235432,0.976545,0.217063,-0.9176262,-0.144204,-0.2157124,SelectionStart
24.73676,24,2,3,0,0.8005027,0.9981877,0.2655001,26.30563,349.9651,13.40026,0.7235432,0.976545,0.217063,-0.9176262,-0.144204,-0.2157124,SelectionEnd
24.74033,24,2,3,0,0.8005027,0.9981877,0.2655001,26.30563,349.9651,13.40026,0.7235432,0.976545,0.217063,-0.9176262,-0.144204,-0.2157124,GotSelection
24.75025,24,2,3,0,0.8001449,0.9983085,0.2656631,26.29701,349.9097,13.41663,0.7245048,0.974252,0.2158578,-0.9141684,-0.1743946,-0.2185457,SelectionStart
24.75027,24,2,3,0,0.8001449,0.9983085,0.2656631,26.29701,349.9097,13.41663,0.7245048,0.974252,0.2158578,-0.9141684,-0.1743946,-0.2185457,SelectionEnd
24.75365,24,2,3,0,0.8001449,0.9983085,0.2656631,26.29701,349.9097,13.41663,0.7245048,0.974252,0.2158578,-0.9141684,-0.1743946,-0.2185457,GotSelection
24.76525,24,2,3,0,0.7995167,0.9984525,0.2658426,26.30182,349.8366,13.43886,0.7263313,0.9713459,0.2144717,-0.9019048,-0.2143678,-0.221809,SelectionStart
24.76527,24,2,3,0,0.7995167,0.9984525,0.2658426,26.30182,349.8366,13.43886,0.7263313,0.9713459,0.2144717,-0.9019048,-0.2143678,-0.221809,SelectionEnd
24.76864,24,2,3,0,0.7995167,0.9984525,0.2658426,26.30182,349.8366,13.43886,0.7263313,0.9713459,0.2144717,-0.9019048,-0.2143678,-0.221809,GotSelection
24.778,24,2,3,0,0.7991358,0.9985134,0.2660348,26.29836,349.7589,13.43408,0.7279057,0.9692507,0.2134992,-0.891386,-0.2436407,-0.2247441,SelectionStart
24.77802,24,2,3,0,0.7991358,0.9985134,0.2660348,26.29836,349.7589,13.43408,0.7279057,0.9692507,0.2134992,-0.891386,-0.2436407,-0.2247441,SelectionEnd
24.7815,24,2,3,0,0.7991358,0.9985134,0.2660348,26.29836,349.7589,13.43408,0.7279057,0.9692507,0.2134992,-0.891386,-0.2436407,-0.2247441,GotSelection
24.79381,24,2,3,0,0.7986993,0.998596,0.2663106,26.30009,349.6165,13.40847,0.7300146,0.9664163,0.212254,-0.8781407,-0.2827692,-0.2276172,SelectionStart
24.79383,24,2,3,0,0.7986993,0.998596,0.2663106,26.30009,349.6165,13.40847,0.7300146,0.9664163,0.212254,-0.8781407,-0.2827692,-0.2276172,SelectionEnd
24.79713,24,2,3,0,0.7986993,0.998596,0.2663106,26.30009,349.6165,13.40847,0.7300146,0.9664163,0.212254,-0.8781407,-0.2827692,-0.2276172,GotSelection
24.80686,24,2,3,0,0.7980645,0.9985424,0.26689,26.3209,349.4013,13.3645,0.7325479,0.9637446,0.2112546,-0.858893,-0.3212295,-0.232463,SelectionStart
24.80688,24,2,3,0,0.7980645,0.9985424,0.26689,26.3209,349.4013,13.3645,0.7325479,0.9637446,0.2112546,-0.858893,-0.3212295,-0.232463,SelectionEnd
24.81028,24,2,3,0,0.7980645,0.9985424,0.26689,26.3209,349.4013,13.3645,0.7325479,0.9637446,0.2112546,-0.858893,-0.3212295,-0.232463,GotSelection
24.85048,24,2,3,0,0.7957944,0.9976942,0.2700888,26.16037,348.1424,12.94188,0.7410482,0.9571031,0.2101848,-0.7860645,-0.4193821,-0.2512449,SelectionStart
24.85049,24,2,3,0,0.7957944,0.9976942,0.2700888,26.16037,348.1424,12.94188,0.7410482,0.9571031,0.2101848,-0.7860645,-0.4193821,-0.2512449,SelectionEnd
24.85394,24,2,3,0,0.7957944,0.9976942,0.2700888,26.16037,348.1424,12.94188,0.7410482,0.9571031,0.2101848,-0.7860645,-0.4193821,-0.2512449,GotSelection
24.86388,24,2,3,0,0.7952542,0.9972268,0.2710437,26.1101,347.7171,12.7374,0.7436275,0.955451,0.2101244,-0.763361,-0.4432417,-0.257113,SelectionStart
24.86391,24,2,3,0,0.7952542,0.9972268,0.2710437,26.1101,347.7171,12.7374,0.7436275,0.955451,0.2101244,-0.763361,-0.4432417,-0.257113,SelectionEnd
24.86713,24,2,3,0,0.7952542,0.9972268,0.2710437,26.1101,347.7171,12.7374,0.7436275,0.955451,0.2101244,-0.763361,-0.4432417,-0.257113,GotSelection
24.87652,24,2,3,0,0.7944748,0.9963764,0.2725211,26.1017,347.1027,12.44063,0.7470714,0.9533709,0.2101719,-0.732389,-0.4726126,-0.2668342,SelectionStart
24.87653,24,2,3,0,0.7944748,0.9963764,0.2725211,26.1017,347.1027,12.44063,0.7470714,0.9533709,0.2101719,-0.732389,-0.4726126,-0.2668342,SelectionEnd
24.87994,24,2,3,0,0.7944748,0.9963764,0.2725211,26.1017,347.1027,12.44063,0.7470714,0.9533709,0.2101719,-0.732389,-0.4726126,-0.2668342,GotSelection
24.8901,24,2,3,0,0.7938974,0.9960517,0.2734939,26.10229,346.6486,12.22243,0.7497156,0.9518609,0.2102748,-0.7086372,-0.496375,-0.271697,SelectionStart
24.89012,24,2,3,0,0.7938974,0.9960517,0.2734939,26.10229,346.6486,12.22243,0.7497156,0.9518609,0.2102748,-0.7086372,-0.496375,-0.271697,SelectionEnd
24.89352,24,2,3,0,0.7938974,0.9960517,0.2734939,26.10229,346.6486,12.22243,0.7497156,0.9518609,0.2102748,-0.7086372,-0.496375,-0.271697,GotSelection
24.90357,24,2,3,0,0.793344,0.9954612,0.2745271,26.10936,346.2024,11.98524,0.7523834,0.950434,0.2106167,-0.6834935,-0.516614,-0.2769298,SelectionStart
24.90359,24,2,3,0,0.793344,0.9954612,0.2745271,26.10936,346.2024,11.98524,0.7523834,0.950434,0.2106167,-0.6834935,-0.516614,-0.2769298,SelectionEnd
24.90699,24,2,3,0,0.793344,0.9954612,0.2745271,26.10936,346.2024,11.98524,0.7523834,0.950434,0.2106167,-0.6834935,-0.516614,-0.2769298,GotSelection
24.91725,24,2,3,0,0.7925315,0.9947286,0.2761263,26.17492,345.571,11.70302,0.7557869,0.9484372,0.2111187,-0.6523924,-0.5449422,-0.2842655,SelectionStart
24.91728,24,2,3,0,0.7925315,0.9947286,0.2761263,26.17492,345.571,11.70302,0.7557869,0.9484372,0.2111187,-0.6523924,-0.5449422,-0.2842655,SelectionEnd
24.92073,24,2,3,0,0.7925315,0.9947286,0.2761263,26.17492,345.571,11.70302,0.7557869,0.9484372,0.2111187,-0.6523924,-0.5449422,-0.2842655,GotSelection
24.93042,24,2,3,0,0.7920259,0.9942635,0.2779133,26.20015,344.9297,11.48011,0.7583022,0.947085,0.2116179,-0.6333775,-0.565965,-0.2932129,SelectionStart
24.93044,24,2,3,0,0.7920259,0.9942635,0.2779133,26.20015,344.9297,11.48011,0.7583022,0.947085,0.2116179,-0.6333775,-0.565965,-0.2932129,SelectionEnd
24.93388,24,2,3,0,0.7920259,0.9942635,0.2779133,26.20015,344.9297,11.48011,0.7583022,0.947085,0.2116179,-0.6333775,-0.565965,-0.2932129,GotSelection
24.9435,24,2,3,0,0.7911769,0.9936839,0.2795038,26.21134,344.3147,11.24144,0.7614859,0.9455001,0.2117178,-0.6056526,-0.5922105,-0.306742,SelectionStart
24.94351,24,2,3,0,0.7911769,0.9936839,0.2795038,26.21134,344.3147,11.24144,0.7614859,0.9455001,0.2117178,-0.6056526,-0.5922105,-0.306742,SelectionEnd
24.94689,24,2,3,0,0.7911769,0.9936839,0.2795038,26.21134,344.3147,11.24144,0.7614859,0.9455001,0.2117178,-0.6056526,-0.5922105,-0.306742,GotSelection
24.95675,24,2,3,0,0.7903219,0.9931387,0.2807226,26.19799,343.8268,11.03838,0.7640156,0.9444126,0.211962,-0.5807925,-0.610556,-0.3179861,SelectionStart
24.95677,24,2,3,0,0.7903219,0.9931387,0.2807226,26.19799,343.8268,11.03838,0.7640156,0.9444126,0.211962,-0.5807925,-0.610556,-0.3179861,SelectionEnd
24.96008,24,2,3,0,0.7903219,0.9931387,0.2807226,26.19799,343.8268,11.03838,0.7640156,0.9444126,0.211962,-0.5807925,-0.610556,-0.3179861,GotSelection
24.96994,24,2,3,0,0.7894475,0.9924662,0.2819293,26.19965,343.3412,10.83124,0.7663571,0.9433514,0.2119575,-0.5582713,-0.6279824,-0.3318098,SelectionStart
24.96996,24,2,3,0,0.7894475,0.9924662,0.2819293,26.19965,343.3412,10.83124,0.7663571,0.9433514,0.2119575,-0.5582713,-0.6279824,-0.3318098,SelectionEnd
24.97363,24,2,3,0,0.7894475,0.9924662,0.2819293,26.19965,343.3412,10.83124,0.7663571,0.9433514,0.2119575,-0.5582713,-0.6279824,-0.3318098,GotSelection
24.99042,24,2,3,0,0.788003,0.9911351,0.2845249,26.19416,342.2228,10.28936,0.7712606,0.9412361,0.2129661,-0.5116284,-0.6598483,-0.3522812,Nothing
24.99796,24,2,3,0,0.7875214,0.9904163,0.2856261,26.19961,341.7583,10.03568,0.7727923,0.9405501,0.2130667,-0.4987129,-0.6694244,-0.3640037,Nothing
25.00599,24,2,3,0,0.7870439,0.9895588,0.2868167,26.2199,341.2674,9.749261,0.7747771,0.9395915,0.2135728,-0.4806853,-0.6806312,-0.373554,Nothing
25.01521,24,2,3,0,0.786536,0.9885406,0.2881463,26.2035,340.6965,9.405642,0.7763395,0.9389057,0.213894,-0.4672579,-0.6877136,-0.3870077,Nothing
25.02398,24,2,3,0,0.7860041,0.9877531,0.2892494,26.172,340.2074,9.124503,0.7784519,0.9378787,0.2143497,-0.4479248,-0.7000815,-0.3974268,Nothing
25.03151,24,2,3,0,0.7856452,0.9866225,0.2904357,26.11319,339.6657,8.757326,0.7800195,0.9371549,0.2147025,-0.4347444,-0.705276,-0.4104894,Nothing
25.04047,24,2,3,0,0.7851263,0.9854848,0.2918312,26.01676,339.0285,8.36686,0.7816408,0.9365578,0.2150607,-0.4213133,-0.7100182,-0.4268339,Nothing
25.0481,24,2,3,0,0.7845256,0.9845319,0.2931443,25.92019,338.4005,7.980139,0.7831928,0.9358634,0.2154039,-0.4080864,-0.7169967,-0.4416908,Nothing
25.05788,24,2,3,0,0.7835501,0.9828693,0.2953636,25.75152,337.3776,7.377602,0.7857461,0.9349073,0.2158959,-0.3875786,-0.7258245,-0.4691971,Nothing
25.0655,24,2,3,0,0.7829301,0.9817811,0.2967776,25.63627,336.7296,6.993031,0.7871412,0.9343916,0.2161298,-0.3772316,-0.7297262,-0.4875516,Nothing
25.07339,24,2,3,0,0.7824091,0.9805452,0.2981862,25.45718,336.0648,6.569277,0.7885744,0.9338137,0.2164512,-0.3669424,-0.7318496,-0.5062605,Nothing
25.08122,24,2,3,0,0.7817649,0.9795758,0.2994061,25.29688,335.4583,6.206536,0.7899445,0.9331688,0.2167148,-0.3562083,-0.7365699,-0.5228373,Nothing
25.09067,24,2,3,0,0.7813279,0.9786469,0.3004833,25.11833,334.8996,5.853307,0.7912627,0.9324961,0.2168705,-0.3474362,-0.7408787,-0.5384738,Nothing
25.09801,24,2,3,0,0.780782,0.9777683,0.3015512,24.94358,334.367,5.530593,0.7925662,0.9318528,0.2171255,-0.3375938,-0.7450797,-0.5537117,Nothing
25.11118,24,2,3,0,0.780022,0.9764088,0.3029277,24.68187,333.636,5.062897,0.7944785,0.9309515,0.2174111,-0.3226865,-0.7495952,-0.5761323,Nothing
25.12225,24,2,3,0,0.7791666,0.9751778,0.3043056,24.41398,332.8987,4.600791,0.7961081,0.9298611,0.2177683,-0.3099681,-0.7559292,-0.5962445,Nothing
25.13231,24,2,3,0,0.7783998,0.9739672,0.3057269,24.07955,332.1597,4.130436,0.7978894,0.9289715,0.2181636,-0.2968676,-0.7598586,-0.6186571,Nothing
25.14093,24,2,3,0,0.7779735,0.9732314,0.3065142,23.8334,331.6929,3.841278,0.7989082,0.9284898,0.2184043,-0.2898168,-0.7605256,-0.6321071,Nothing
25.14868,24,2,3,0,0.7774416,0.9724566,0.307409,23.61436,331.2133,3.551202,0.8002737,0.9279425,0.2185911,-0.2800065,-0.7632657,-0.6484923,Nothing
25.15632,24,2,3,0,0.7769892,0.9717789,0.3082203,23.36988,330.7858,3.304375,0.801187,0.9274054,0.2188197,-0.2742148,-0.7645758,-0.6617719,Nothing
25.16501,24,2,3,0,0.7766411,0.970888,0.3089237,23.11798,330.3361,3.036296,0.8022209,0.926811,0.2191072,-0.2675567,-0.7637788,-0.674503,Nothing
25.17335,24,2,3,0,0.7758924,0.9699367,0.3100176,22.75783,329.7014,2.679469,0.8036136,0.9259822,0.2194397,-0.2581145,-0.7661085,-0.6938364,Nothing
25.18144,24,2,3,0,0.7751708,0.9696639,0.3107651,22.51187,329.3121,2.450871,0.8044056,0.9254577,0.2195417,-0.2516966,-0.7712654,-0.7072817,Nothing
25.18967,24,2,3,0,0.7746283,0.9690615,0.3115344,22.29014,328.8922,2.215987,0.8051903,0.9249896,0.2196827,-0.2472306,-0.7724479,-0.7208658,Nothing
25.19831,24,2,3,0,0.7741897,0.9684914,0.3123128,22.09416,328.5119,2.007671,0.8058792,0.9245452,0.2199228,-0.2438641,-0.7731745,-0.7325666,Nothing
25.20705,24,2,3,0,0.7736794,0.9680322,0.3127609,21.87811,328.1776,1.803282,0.806639,0.9240866,0.2201204,-0.2371204,-0.7742689,-0.742677,Nothing
25.21529,24,2,3,0,0.7731997,0.967433,0.3133978,21.64589,327.7933,1.56835,0.8071772,0.9236903,0.2203322,-0.2339795,-0.7731529,-0.7538095,Nothing
25.22448,24,2,3,0,0.7724244,0.9664059,0.3144217,21.23751,327.1585,1.178554,0.8081051,0.9230213,0.2205599,-0.2293771,-0.7709243,-0.7735589,Nothing
25.23329,24,2,3,0,0.7718745,0.9655412,0.3153271,20.85598,326.6012,0.8427086,0.8086088,0.9226347,0.2207217,-0.2297014,-0.7660633,-0.789905,Nothing
25.24131,24,2,3,0,0.7712453,0.9649659,0.3161245,20.48287,326.0828,0.5396536,0.8090658,0.9222821,0.2208904,-0.2291404,-0.7632657,-0.804582,Nothing
25.24946,24,2,3,0,0.7707688,0.9641522,0.3169043,20.10133,325.5706,0.2096099,0.8094679,0.9218888,0.2209964,-0.2303338,-0.7581455,-0.8193172,Nothing
25.25839,24,2,3,0,0.7703693,0.9632556,0.3177863,19.7249,325.0656,359.8884,0.8097922,0.9215492,0.2211157,-0.233568,-0.7515802,-0.834263,Nothing
25.26649,24,2,3,0,0.7699142,0.9623291,0.3182958,19.33307,324.604,359.581,0.8100575,0.9211814,0.2211742,-0.2346343,-0.7437716,-0.8470051,Nothing
25.27525,24,2,3,0,0.7691243,0.9613205,0.3194116,18.78897,323.8641,359.1577,0.8103922,0.920768,0.2212324,-0.2398461,-0.7357745,-0.8676061,Nothing
25.28441,24,2,3,0,0.76873,0.960607,0.3201131,18.44131,323.3993,358.8867,0.8099771,0.9204575,0.2214257,-0.2483565,-0.7285763,-0.8751993,Nothing
25.29301,24,2,3,0,0.7682695,0.9602151,0.3207153,18.11438,322.9655,358.6819,0.8100481,0.9201919,0.2214486,-0.253092,-0.7252524,-0.8853855,Nothing
25.30132,24,2,3,0,0.7680045,0.9595695,0.3212848,17.76717,322.533,358.4486,0.8101367,0.9198846,0.2215119,-0.2586446,-0.7191293,-0.8948069,Nothing
25.30934,24,2,3,0,0.7678763,0.9594904,0.3213646,17.47898,322.2941,358.3373,0.8099208,0.9195217,0.2214615,-0.2632785,-0.717855,-0.8968717,Nothing
25.31781,24,2,3,0,0.7676421,0.959155,0.3216048,17.0355,321.9003,358.1177,0.8097463,0.918984,0.2215067,-0.2687718,-0.7141281,-0.9017004,Nothing
25.32645,24,2,3,0,0.7675213,0.9592778,0.3215365,16.78359,321.7773,358.0313,0.8097283,0.9185915,0.2214127,-0.269287,-0.7157145,-0.9034891,Nothing
25.33432,24,2,3,0,0.7675987,0.959341,0.321324,16.58268,321.677,357.9683,0.8093187,0.9181541,0.2213297,-0.2734304,-0.7165861,-0.9000607,Nothing
25.34335,24,2,3,0,0.7676618,0.9592674,0.3213499,16.38977,321.5287,357.8912,0.8089737,0.9175555,0.2212347,-0.2791899,-0.7186274,-0.8986198,Nothing
25.35154,24,2,3,0,0.7673727,0.9592605,0.3214035,16.18503,321.3562,357.8149,0.8086581,0.9171569,0.221161,-0.2824241,-0.7197592,-0.8999547,Nothing
25.35992,24,2,3,0,0.7671925,0.9591262,0.3215786,15.92669,321.1055,357.7038,0.8081968,0.9167745,0.2209995,-0.2901208,-0.7189034,-0.9019713,Nothing
25.36802,24,2,3,0,0.7670462,0.9589764,0.321798,15.65127,320.8441,357.587,0.8075455,0.91646,0.2207549,-0.3005941,-0.7169849,-0.9038965,Nothing
25.37777,24,2,3,0,0.7669508,0.9587574,0.3219375,15.16763,320.4785,357.394,0.8067894,0.9159755,0.2204622,-0.3131921,-0.7128401,-0.9061812,Nothing
25.38502,24,2,3,0,0.7670245,0.9586272,0.3218781,14.86335,320.3005,357.2689,0.806208,0.9155651,0.2202786,-0.3210085,-0.710784,-0.904915,Nothing
25.39314,24,2,3,0,0.7673309,0.9582884,0.3217357,14.49325,320.1281,357.1019,0.8054974,0.9153022,0.2200212,-0.3312242,-0.7040126,-0.9029724,Nothing
25.40134,24,2,3,0,0.7674682,0.9580725,0.3216155,14.16714,319.9567,356.9702,0.8047806,0.914897,0.2197583,-0.3405708,-0.7006978,-0.9009693,Nothing
25.40994,24,2,3,0,0.76776,0.9577614,0.3215277,13.78485,319.7653,356.8127,0.8040303,0.9146006,0.2194859,-0.3518599,-0.6945897,-0.899031,Nothing
25.41808,24,2,3,0,0.7680129,0.9573922,0.3215717,13.36951,319.5176,356.6399,0.8032286,0.9142864,0.2191763,-0.3652234,-0.688086,-0.8982475,Nothing
25.4265,24,2,3,0,0.7681396,0.9570122,0.3217031,12.93806,319.2473,356.4655,0.8024057,0.9139613,0.2188111,-0.3790999,-0.68185,-0.8990631,Nothing
25.43657,24,2,3,0,0.7682483,0.956198,0.3221841,12.13891,318.6988,356.1365,0.8010742,0.9135053,0.2182331,-0.4042327,-0.6685745,-0.9033836,Nothing
25.44505,24,2,3,0,0.7683416,0.9556655,0.3225267,11.63454,318.3539,355.9055,0.8002108,0.9131436,0.2179164,-0.420121,-0.6609752,-0.9052405,Nothing
25.45313,24,2,3,0,0.7685729,0.9550313,0.3228077,11.18699,318.0255,355.6578,0.7993293,0.9128426,0.217538,-0.4368135,-0.6527877,-0.9056087,Nothing
25.46912,24,2,3,0,0.7690709,0.9542058,0.3230597,10.38826,317.5283,355.308,0.7974021,0.9121559,0.2165794,-0.4693469,-0.6421738,-0.9027399,Nothing
25.47697,24,2,3,0,0.7695362,0.9540461,0.3229631,10.10269,317.3826,355.2009,0.7964563,0.9118517,0.2161435,-0.483943,-0.6398084,-0.8970738,Nothing
25.48569,24,2,3,0,0.770082,0.9541267,0.3226292,9.885757,317.3405,355.1428,0.7951216,0.9113253,0.2157303,-0.4985783,-0.6421024,-0.8856557,Nothing
25.49349,24,2,3,0,0.7710711,0.954607,0.3217966,9.886087,317.525,355.2219,0.7940891,0.9110109,0.2152789,-0.5084233,-0.6475934,-0.8694574,Nothing
25.50169,24,2,3,0,0.772185,0.9547372,0.3211252,9.642318,317.545,355.1789,0.7924973,0.9106094,0.2145111,-0.5286699,-0.648395,-0.853646,Nothing
25.50986,24,2,3,0,0.7735225,0.9552544,0.3200675,9.685667,317.819,355.2782,0.791723,0.9103854,0.2140214,-0.5368823,-0.6534911,-0.8361551,Nothing
25.51894,24,2,3,0,0.7751211,0.9562222,0.3185067,9.889264,318.3523,355.5126,0.7907027,0.9100671,0.2135733,-0.5423495,-0.663868,-0.8112513,Nothing
25.52851,24,2,3,0,0.7762551,0.9570924,0.3171653,10.09729,318.8396,355.7217,0.7895257,0.9095778,0.2131733,-0.547458,-0.6756078,-0.7891003,Nothing
25.54433,24,2,3,0,0.7791359,0.9590769,0.3142134,10.6406,319.8675,356.1747,0.7873814,0.9089485,0.2123132,-0.5604088,-0.6983252,-0.7400021,Nothing
25.55192,24,2,3,0,0.7807031,0.960197,0.3125067,11.115,320.5565,356.486,0.7863744,0.9087625,0.2118645,-0.5651186,-0.7108005,-0.7129396,Nothing
25.56075,24,2,3,0,0.7828331,0.9616504,0.3102424,11.6792,321.4531,356.8985,0.7850708,0.9086432,0.2111669,-0.57364,-0.7245774,-0.6786052,Nothing
25.56818,24,2,3,0,0.7839968,0.9626039,0.3085525,12.15494,322.1321,357.2121,0.7841088,0.9085042,0.2107154,-0.5767449,-0.7345211,-0.6547565,Nothing
25.57678,24,2,3,0,0.7855307,0.9637858,0.3068291,12.77114,322.9455,357.601,0.7832491,0.9086516,0.2102434,-0.5816805,-0.744291,-0.6289027,Nothing
25.58498,24,2,3,0,0.7868798,0.9651988,0.3050632,13.2959,323.6964,357.9603,0.7824745,0.9086781,0.2096794,-0.5857891,-0.7567217,-0.6046804,Nothing
25.59376,24,2,3,0,0.7882008,0.9662704,0.3033919,13.86672,324.5105,358.338,0.7817179,0.9089732,0.2091843,-0.589928,-0.7632787,-0.5823658,Nothing
25.60218,24,2,3,0,0.7896637,0.9670802,0.3018942,14.35675,325.2319,358.6577,0.780985,0.9096053,0.2086434,-0.5975129,-0.7635034,-0.5627787,Nothing
25.61101,24,2,3,0,0.7906693,0.9678782,0.3003522,14.89571,326.0154,358.9775,0.7803394,0.9101457,0.2081541,-0.5995846,-0.7653543,-0.545389,Nothing
25.61919,24,2,3,0,0.7922599,0.9690858,0.2982198,15.57242,327.0653,359.4384,0.7790344,0.9109313,0.2074407,-0.6092705,-0.7664876,-0.5188137,Nothing
25.62691,24,2,3,0,0.7930247,0.9699425,0.2971409,16.06004,327.7392,359.7136,0.7784147,0.9115694,0.2069745,-0.6132061,-0.7685292,-0.5063058,Nothing
25.635,24,2,3,0,0.7938188,0.9702349,0.2963218,16.46788,328.291,359.9196,0.7780704,0.9126877,0.2065262,-0.6171117,-0.7608594,-0.4999603,Nothing
25.6433,24,2,3,0,0.7944458,0.9706573,0.2956254,16.86266,328.8104,0.1340176,0.7781952,0.9136673,0.2059895,-0.6171654,-0.756981,-0.4978227,Nothing
25.65205,24,2,3,0,0.7949818,0.9706845,0.2952659,17.21582,329.2456,0.2955849,0.7779279,0.9147649,0.2055887,-0.6212109,-0.7480953,-0.4971601,Nothing
25.66007,24,2,3,0,0.7956645,0.9708793,0.2947205,17.59204,329.7597,0.5116771,0.7777434,0.9158033,0.2053485,-0.6237733,-0.7403004,-0.4932594,Nothing
25.66978,24,2,3,0,0.7962654,0.9710713,0.2941371,18.11922,330.4088,0.8069209,0.7774796,0.9173833,0.2047667,-0.6272079,-0.7289301,-0.4932286,Nothing
25.68542,24,2,3,0,0.7971292,0.9713111,0.2934014,18.8724,331.3221,1.224267,0.777108,0.9199855,0.2041918,-0.6312292,-0.7087107,-0.4934204,Nothing
25.6935,24,2,3,0,0.7974269,0.9716385,0.2931498,19.32539,331.8059,1.508428,0.7771673,0.9215217,0.2039249,-0.6308519,-0.69929,-0.4957056,Nothing
25.70166,24,2,3,0,0.7974419,0.971901,0.2928215,19.76371,332.3569,1.840349,0.7770028,0.9227847,0.2035742,-0.6296883,-0.6917152,-0.4985689,Nothing
25.71037,24,2,3,0,0.7976848,0.9726166,0.2923264,20.21831,332.9732,2.261451,0.7770875,0.9243822,0.2033108,-0.6273256,-0.6841124,-0.4994429,Nothing
25.71859,24,2,3,0,0.7981763,0.9730116,0.2918633,20.64353,333.5417,2.619622,0.7770891,0.925822,0.2030205,-0.62792,-0.6747965,-0.4999066,Nothing
25.72759,24,2,3,0,0.7983904,0.9740095,0.2912056,21.09262,334.2533,3.152921,0.7771286,0.9270734,0.2029873,-0.624192,-0.6712617,-0.4960972,Nothing
25.73515,24,2,3,0,0.798619,0.9747881,0.2906459,21.5382,334.9187,3.621677,0.7772031,0.9285695,0.2027248,-0.6213468,-0.6649126,-0.4964039,Nothing
25.74455,24,2,3,0,0.7988335,0.9763725,0.2898291,22.26788,335.9881,4.418303,0.7773638,0.9312678,0.2026502,-0.6142414,-0.6545427,-0.4949819,Nothing
25.75177,24,2,3,0,0.7989925,0.9774776,0.2891303,22.85135,336.8336,5.043763,0.7774156,0.9327277,0.2024312,-0.6099989,-0.6517556,-0.4922593,Nothing
25.76099,24,2,3,0,0.799022,0.978533,0.2884667,23.37722,337.6295,5.64082,0.77736,0.9344078,0.2019485,-0.6068425,-0.6471827,-0.4934001,Nothing
25.76905,24,2,3,0,0.7992226,0.9796185,0.2876489,23.99557,338.5496,6.285876,0.7778993,0.9355513,0.2010797,-0.6003082,-0.6508256,-0.4954523,Nothing
25.7768,24,2,3,0,0.7995155,0.9807718,0.286606,24.64005,339.5772,6.968524,0.7779934,0.9368088,0.2008295,-0.5944088,-0.6503143,-0.4887742,Nothing
25.78497,24,2,3,0,0.7998596,0.9820232,0.2856413,25.3012,340.6541,7.702453,0.7780231,0.9380729,0.200504,-0.5904759,-0.6507987,-0.4825593,Nothing
25.79407,24,2,3,0,0.8003033,0.9834109,0.2840813,25.97461,341.9313,8.497584,0.7773638,0.9388204,0.2001262,-0.5912064,-0.6536034,-0.4675212,Nothing
25.80193,24,2,3,0,0.8004621,0.9846442,0.2830334,26.60103,343.0564,9.272692,0.7774013,0.9399323,0.199936,-0.5852251,-0.6545355,-0.4595525,Nothing
25.80995,24,2,3,0,0.8007374,0.9860096,0.2816803,27.20688,344.2805,10.08337,0.7772874,0.9409502,0.1996052,-0.580987,-0.6561198,-0.4490113,Nothing
25.81847,24,2,3,0,0.8009635,0.9880589,0.2798375,28.06172,346.077,11.32494,0.7771057,0.9424997,0.1990454,-0.575142,-0.6588281,-0.4356385,Nothing
25.8269,24,2,3,0,0.8010684,0.9897034,0.2786849,28.63282,347.2724,12.19497,0.7771146,0.9434472,0.1985654,-0.5717533,-0.6646674,-0.4263966,Nothing
25.83656,24,2,3,0,0.8010483,0.9910528,0.277765,29.13102,348.3518,13.01879,0.7769502,0.9442685,0.1982218,-0.5698566,-0.6684648,-0.4185393,Nothing
25.85162,24,2,3,0,0.8010113,0.9933887,0.2761379,30.04467,350.396,14.56252,0.7763898,0.9456916,0.1974563,-0.5695927,-0.674961,-0.4052018,Nothing
25.86175,24,2,3,0,0.8009479,0.995003,0.2750695,30.67647,351.8846,15.68657,0.7760039,0.9467826,0.1969908,-0.5690186,-0.6785134,-0.3963431,Nothing
25.87685,24,2,3,0,0.8009893,0.9967428,0.2741951,31.37716,353.452,16.89222,0.7748125,0.9472274,0.1970223,-0.5788158,-0.6839963,-0.3787683,Nothing
25.88522,24,2,3,0,0.8010206,0.9969134,0.2738378,31.67505,354.1224,17.35973,0.7744376,0.9476418,0.1965819,-0.5806382,-0.6827421,-0.3796409,Nothing
25.8934,24,2,3,0,0.8013527,0.9968221,0.273802,31.93465,354.5936,17.64953,0.7739183,0.9485904,0.195874,-0.5862123,-0.6763869,-0.3890347,Nothing
25.90165,24,2,3,0,0.8016484,0.9968327,0.2736999,32.18105,355.1064,17.97204,0.7736136,0.9492057,0.1954907,-0.5893231,-0.6726233,-0.3934088,Nothing
25.91048,24,2,3,0,0.8026049,0.9948502,0.2749208,32.24244,354.6534,17.47222,0.773581,0.9498479,0.1950152,-0.5958411,-0.658069,-0.4182125,Nothing
25.91972,24,2,3,0,0.8037539,0.9923973,0.2763767,32.33696,354.1971,16.94672,0.7732077,0.9509271,0.1942234,-0.6069127,-0.637391,-0.4515883,Nothing
25.93568,24,2,3,0,0.8057021,0.9854765,0.2813337,31.91163,351.3822,14.57074,0.7736896,0.9528177,0.1932036,-0.6257636,-0.5883569,-0.5369275,Nothing
25.94297,24,2,3,0,0.8070414,0.9803709,0.2851037,31.35199,349.2498,12.81806,0.7731665,0.9531741,0.1929192,-0.6538888,-0.5528405,-0.5896313,Nothing
25.95103,24,2,3,0,0.8079965,0.974617,0.289794,30.5681,346.5459,10.73114,0.7733095,0.9539695,0.192547,-0.6822771,-0.5121104,-0.6527638,Nothing
25.95913,24,2,3,0,0.8082353,0.9685919,0.2944627,29.54243,343.7465,8.565838,0.7740278,0.9550983,0.1918984,-0.7053267,-0.4670565,-0.7210784,Nothing
25.96767,24,2,3,0,0.8083762,0.9626433,0.2995802,28.30149,340.8022,6.400409,0.7744332,0.955977,0.1915764,-0.7406986,-0.4192801,-0.783682,Nothing
25.97626,24,2,3,0,0.8074799,0.9576766,0.3036778,26.9793,338.0854,4.414971,0.7750145,0.9567925,0.1913929,-0.7660441,-0.3762377,-0.8328309,Nothing
25.98434,24,2,3,0,0.8081033,0.9525711,0.3088526,25.28144,335.2587,2.547312,0.7756467,0.9577627,0.1911526,-0.8184148,-0.3226016,-0.8833986,Nothing
25.99316,24,2,3,0,0.8073223,0.9482747,0.3128526,23.98831,333.0998,1.06645,0.7763609,0.9585844,0.1910191,-0.8494057,-0.2806827,-0.9248964,Nothing
26.00134,24,2,3,0,0.8064668,0.9452568,0.3160248,22.6986,331.2259,359.8,0.777275,0.959235,0.1910862,-0.8737216,-0.2472934,-0.9534703,Nothing
26.01035,24,2,3,0,0.8044212,0.9415708,0.3203205,20.94266,328.7623,358.3479,0.7780477,0.9599484,0.1911149,-0.9081166,-0.204134,-0.9892857,Nothing
26.01778,24,2,3,0,0.8030845,0.9389102,0.323334,19.78418,327.1474,357.3966,0.7789971,0.9604939,0.1911801,-0.9308963,-0.1735033,-1.014834,Nothing
26.0261,24,2,3,0,0.8022054,0.9375512,0.3251556,18.82804,325.9525,356.8231,0.7799911,0.9609584,0.1913073,-0.9453927,-0.1507973,-1.02785,Nothing
26.03434,24,2,3,0,0.8010678,0.9358965,0.3275394,17.87311,324.7318,356.2194,0.781065,0.9612573,0.1915173,-0.9614512,-0.1289941,-1.045566,Nothing
26.0426,24,2,3,0,0.7996818,0.9345418,0.3296448,16.92416,323.5375,355.644,0.782233,0.9614949,0.1917459,-0.973711,-0.1097808,-1.061269,Nothing
26.05111,24,2,3,0,0.7980909,0.9335176,0.331184,16.03025,322.5136,355.1406,0.7833202,0.9615075,0.1921266,-0.9784486,-0.09430827,-1.072634,Nothing
26.05912,24,2,3,0,0.7968628,0.9320059,0.3330719,15.03603,321.4188,354.5841,0.7839288,0.9610884,0.1924854,-0.9947305,-0.07721161,-1.080298,Nothing
26.06899,24,2,3,0,0.7943507,0.9303316,0.3352505,13.55217,319.9111,353.7973,0.785531,0.9607167,0.193154,-1.002455,-0.05357765,-1.094478,Nothing
26.08526,24,2,3,0,0.7909639,0.927972,0.338248,11.45827,317.8938,352.7565,0.7876052,0.9591951,0.1942402,-1.015067,-0.0279872,-1.109004,Nothing
26.09369,24,2,3,0,0.789045,0.9268229,0.339596,10.31088,316.9129,352.2198,0.7887381,0.9581401,0.1949427,-1.017563,-0.01608717,-1.11543,Nothing
26.10456,24,2,3,0,0.7870884,0.9255264,0.3409245,9.029814,315.8711,351.6289,0.7898334,0.9567243,0.195821,-1.020885,-0.004161082,-1.118583,Nothing
26.11126,24,2,3,0,0.7838169,0.9239379,0.3429012,7.23607,314.3942,350.8627,0.791472,0.954703,0.1970352,-1.023385,0.01082555,-1.127666,Nothing
26.12677,24,2,3,0,0.7798613,0.9227066,0.3452231,4.837188,312.6604,350.0569,0.7941731,0.9510184,0.1989066,-1.017167,0.01809102,-1.139273,Nothing
26.13421,24,2,3,0,0.7781968,0.9225592,0.3457739,3.648438,311.9905,349.7713,0.7954751,0.9489742,0.1998512,-1.007858,0.01854427,-1.141819,Nothing
26.14301,24,2,3,0,0.7765818,0.9222776,0.3464344,2.42931,311.331,349.4939,0.7966886,0.9469216,0.2007897,-1.00086,0.0209214,-1.144934,Nothing
26.15084,24,2,3,0,0.7763926,0.9224807,0.3457467,1.067761,311.2024,349.3404,0.7981412,0.9446666,0.2015542,-0.9819971,0.02389794,-1.139957,Nothing
26.1599,24,2,3,0,0.7761405,0.9223368,0.3450764,359.7563,311.0396,349.1096,0.7990268,0.9426807,0.2024563,-0.967252,0.03015553,-1.130532,Nothing
26.16824,24,2,3,0,0.7762116,0.9218706,0.3442563,358.484,310.963,348.8088,0.8004864,0.9405345,0.2032342,-0.9492238,0.0367094,-1.124737,Nothing
26.17588,24,2,3,0,0.7761276,0.9211029,0.3433955,357.2924,310.9044,348.4435,0.8019289,0.938374,0.2039898,-0.9302045,0.0439301,-1.120612,Nothing
26.18462,24,2,3,0,0.7757728,0.9200265,0.3430233,356.2162,310.718,348.0074,0.8028994,0.9357691,0.2047558,-0.9179928,0.04505771,-1.116867,Nothing
26.19291,24,2,3,0,0.7738855,0.9186428,0.3436308,354.9077,310.0745,347.4428,0.8051419,0.9324803,0.2058745,-0.9020424,0.04759765,-1.131694,Nothing
26.20097,24,2,3,0,0.7720406,0.9180685,0.3446188,354.1573,309.436,347.1597,0.8067192,0.9303662,0.2065377,-0.8958204,0.04577547,-1.149221,Nothing
26.2094,24,2,3,0,0.7699752,0.9178925,0.3458537,353.4812,308.7238,346.9897,0.808295,0.9282627,0.2071969,-0.8910638,0.04063918,-1.170192,Nothing
26.21801,24,2,3,0,0.7680433,0.918088,0.3467601,352.8145,308.0795,346.9113,0.8098426,0.9264072,0.2078476,-0.8837143,0.03633725,-1.189595,Nothing
26.22637,24,2,3,0,0.7663655,0.9178135,0.347409,352.1876,307.6293,346.7914,0.8114443,0.9244928,0.2084051,-0.8736644,0.03603215,-1.209362,Nothing
26.2345,24,2,3,0,0.7653632,0.9177297,0.347476,351.5712,307.3397,346.6648,0.8128994,0.9226573,0.2088787,-0.86114,0.0342555,-1.222388,Nothing
26.24358,24,2,3,0,0.7647171,0.9171739,0.3475871,351.0185,307.1643,346.4952,0.8146195,0.9208034,0.2094214,-0.8475525,0.03591054,-1.236019,Nothing
26.25156,24,2,3,0,0.7639073,0.9169008,0.3475112,350.155,306.92,346.3135,0.8169729,0.9181022,0.2101676,-0.8268389,0.03536015,-1.253624,Nothing
26.25961,24,2,3,0,0.7637476,0.9170009,0.3470262,349.6168,306.8957,346.2495,0.8183861,0.916515,0.2106219,-0.8096611,0.0345796,-1.261142,Nothing
26.26799,24,2,3,0,0.7637837,0.9176048,0.3466828,349.2214,306.9464,346.2185,0.8199157,0.9149936,0.2109963,-0.7913749,0.02728638,-1.271922,Nothing
26.27635,24,2,3,0,0.7635295,0.9176444,0.3465291,348.6943,306.847,346.1718,0.8213596,0.9133922,0.2113987,-0.7783701,0.0268263,-1.282132,Nothing
26.29189,24,2,3,0,0.7636515,0.9175462,0.3461434,348.1163,306.7539,346.0943,0.8236753,0.9113461,0.2118361,-0.759934,0.02610496,-1.295455,Nothing
26.30672,24,2,3,0,0.7633372,0.9170787,0.3461427,347.1537,306.463,345.9538,0.826243,0.9084123,0.2124693,-0.7446339,0.02888647,-1.313043,Nothing
26.32236,24,2,3,0,0.7622011,0.9166375,0.3467129,346.1007,306.0512,345.7735,0.8284124,0.9054061,0.2130952,-0.7352272,0.03299221,-1.336388,Nothing
26.34645,24,2,3,0,0.7618105,0.9161728,0.34703,345.5115,305.8563,345.6498,0.8294868,0.9040236,0.2132725,-0.7341846,0.03922927,-1.34668,Nothing
26.35134,24,2,3,0,0.7609619,0.9150215,0.3477759,343.8759,305.3846,345.3431,0.8323302,0.900085,0.2137131,-0.7312052,0.05519423,-1.373392,Nothing
26.35974,24,2,3,0,0.7606333,0.9149007,0.3479951,343.469,305.2784,345.2501,0.8332639,0.8987393,0.2138937,-0.7270116,0.05560574,-1.38428,Nothing
26.36804,24,2,3,0,0.7604112,0.9146364,0.3483207,343.0676,305.1118,345.1936,0.8339277,0.8976803,0.2138912,-0.7296458,0.05841355,-1.391927,Nothing
26.37708,24,2,3,0,0.7600607,0.914385,0.3486931,342.4752,304.8826,345.1323,0.8350749,0.8958843,0.2139696,-0.7297781,0.06051902,-1.405029,Nothing
26.38442,24,2,3,0,0.760208,0.9140404,0.3489132,342.1887,304.7477,345.09,0.8363905,0.8951294,0.2137735,-0.7314581,0.066039,-1.415142,Nothing
26.39373,24,2,3,0,0.7602755,0.9138727,0.3490771,341.8861,304.6571,345.0685,0.8369966,0.894332,0.2138496,-0.7320191,0.06829847,-1.419529,Nothing
26.40252,24,2,3,0,0.760737,0.9135616,0.3490847,341.7205,304.6786,345.0049,0.8376085,0.893677,0.213908,-0.7306202,0.06907833,-1.421051,Nothing
26.40967,24,2,3,0,0.7610424,0.9133533,0.3490769,341.5376,304.6767,344.9684,0.8382643,0.8929002,0.2139626,-0.7281996,0.06911102,-1.424489,Nothing
26.41864,24,2,3,0,0.7612691,0.9131526,0.349139,341.4229,304.6487,344.9234,0.8387927,0.8922001,0.2140138,-0.727,0.06757242,-1.427739,Nothing
26.42651,24,2,3,0,0.7615494,0.9130546,0.3491643,341.3373,304.6363,344.912,0.8392246,0.8917668,0.2140813,-0.7259076,0.06687101,-1.429285,Nothing
26.43517,24,2,3,0,0.7617627,0.9128334,0.349053,341.1931,304.5845,344.9061,0.8399279,0.8908789,0.2140904,-0.7229461,0.06558979,-1.433486,Nothing
26.44315,24,2,3,0,0.7621187,0.9126598,0.3490635,341.1906,304.5712,344.9003,0.8402639,0.8907071,0.2141214,-0.7232029,0.06538243,-1.433048,Nothing
26.45176,24,2,3,0,0.7622994,0.9126253,0.3489911,341.1846,304.5591,344.8947,0.8405826,0.8903513,0.2141301,-0.7213516,0.06293537,-1.434595,Nothing
26.46026,24,2,3,0,0.7626458,0.9124164,0.3489716,341.1979,304.5714,344.8717,0.8407889,0.8900954,0.2141793,-0.720977,0.06146291,-1.433457,Nothing
26.46784,24,2,3,0,0.7629976,0.9122639,0.3489061,341.21,304.6073,344.8442,0.8410171,0.8899481,0.2141991,-0.7199779,0.06076529,-1.432443,Nothing
26.47693,24,2,3,0,0.7633419,0.9121687,0.3487141,341.2129,304.6756,344.8036,0.8411901,0.8897916,0.2141586,-0.7178013,0.05966512,-1.431229,Nothing
26.48463,24,2,3,0,0.7637315,0.9120637,0.3485212,341.2279,304.7912,344.7636,0.8413212,0.8897617,0.2141883,-0.7146171,0.05970617,-1.42906,Nothing
26.49326,24,2,3,0,0.764071,0.9119565,0.3482673,341.2049,304.8729,344.732,0.8414385,0.8897396,0.214241,-0.7115934,0.06069445,-1.426136,Nothing
26.50137,24,2,3,0,0.7646952,0.9117044,0.3479979,341.1592,304.9787,344.6867,0.8416438,0.8898882,0.2142585,-0.7101298,0.06441589,-1.420887,Nothing
26.51018,24,2,3,0,0.7649014,0.9116905,0.3478349,341.1062,305.0249,344.6766,0.8416508,0.8900993,0.2142843,-0.7093676,0.06736796,-1.417801,Nothing
26.51792,24,2,3,0,0.7651397,0.9115677,0.3477479,341.0484,305.0595,344.6555,0.8416277,0.8903126,0.2142711,-0.7104913,0.070905,-1.414339,Nothing
26.52726,24,2,3,0,0.7646843,0.9119167,0.34805,340.9806,304.9442,344.6965,0.8415013,0.8908401,0.2142286,-0.715314,0.07475764,-1.416674,Nothing
26.53456,24,2,3,0,0.7644334,0.911872,0.348144,340.8949,304.8654,344.691,0.8414485,0.8910432,0.2141722,-0.7186387,0.07900081,-1.41698,Nothing
26.54399,24,2,3,0,0.7642146,0.9119413,0.3483347,340.8531,304.7733,344.6847,0.8413002,0.8915209,0.2141355,-0.7236845,0.08297566,-1.416204,Nothing
26.5516,24,2,3,0,0.7639405,0.911853,0.3484617,340.7977,304.6909,344.6639,0.8411757,0.8919168,0.2140609,-0.7282079,0.08823281,-1.415688,Nothing
26.55995,24,2,3,0,0.7637184,0.9117794,0.348664,340.7249,304.594,344.6295,0.8409706,0.8924964,0.2139987,-0.7348256,0.09456275,-1.413628,Nothing
26.56838,24,2,3,0,0.7635438,0.9116018,0.3487571,340.6734,304.5415,344.5963,0.8407629,0.892906,0.2139484,-0.7393209,0.1000665,-1.411317,Nothing
26.57644,24,2,3,0,0.7634205,0.911435,0.3488665,340.6173,304.5073,344.5494,0.840369,0.8932512,0.2139364,-0.7442217,0.1039913,-1.407425,Nothing
26.58515,24,2,3,0,0.7634488,0.9113516,0.3488096,340.5908,304.5312,344.511,0.8400436,0.8936515,0.2138397,-0.7472078,0.1073444,-1.403332,Nothing
26.59315,24,2,3,0,0.7634916,0.9111065,0.3487734,340.5714,304.5515,344.4607,0.8398136,0.8939071,0.2137843,-0.7497385,0.1108345,-1.399705,Nothing
26.60196,24,2,3,0,0.763412,0.9110841,0.3488025,340.5646,304.5506,344.4375,0.8394793,0.8942705,0.2136544,-0.7534422,0.1131134,-1.397197,Nothing
26.60977,24,2,3,0,0.7633479,0.9110415,0.3487928,340.5377,304.5369,344.4218,0.8391724,0.8946262,0.2135608,-0.7568837,0.116017,-1.394073,Nothing
26.6199,24,2,3,0,0.7633395,0.9111739,0.3487936,340.4797,304.4857,344.4319,0.8385693,0.8949779,0.2134445,-0.7628432,0.1164243,-1.388343,Nothing
26.63562,24,2,3,0,0.7631571,0.9111917,0.3488572,340.3682,304.4106,344.4424,0.8377266,0.8954483,0.2131239,-0.7728955,0.1195888,-1.382154,Nothing
26.64304,24,2,3,0,0.7630557,0.9112909,0.3489246,340.289,304.3837,344.4478,0.8372281,0.8957634,0.2129303,-0.7787166,0.1214122,-1.378916,Nothing
26.65147,24,2,3,0,0.7629814,0.9111754,0.3488438,340.1956,304.3757,344.4299,0.8367323,0.8959243,0.2126858,-0.7836776,0.1239311,-1.374882,Nothing
26.6598,24,2,3,0,0.7630062,0.9111583,0.348847,340.0909,304.3697,344.4136,0.8362105,0.8960941,0.2124678,-0.789526,0.1253538,-1.370428,Nothing
26.66888,24,2,3,0,0.7630085,0.9110604,0.3488714,339.9707,304.3638,344.3895,0.8356562,0.8962271,0.2122135,-0.7961439,0.1273456,-1.365953,Nothing
26.6764,24,2,3,0,0.7630562,0.910979,0.3488766,339.8447,304.3589,344.3717,0.835097,0.8962591,0.21191,-0.802953,0.1282361,-1.361621,Nothing
26.68485,24,2,3,0,0.7630654,0.9108157,0.3489368,339.7054,304.3488,344.3317,0.8344052,0.8962302,0.2115674,-0.8113254,0.1287852,-1.356831,Nothing
26.69402,24,2,3,0,0.7630858,0.9105061,0.3489918,339.5033,304.3393,344.2647,0.8334441,0.896295,0.2110334,-0.8237022,0.1312595,-1.349588,Nothing
26.70169,24,2,3,0,0.7631987,0.9102059,0.3489758,339.3127,304.37,344.1674,0.8325183,0.8962031,0.2106128,-0.8334287,0.1316895,-1.342044,Nothing
26.71111,24,2,3,0,0.7632491,0.9098998,0.3490265,339.1488,304.3802,344.0887,0.8316851,0.8960214,0.2100772,-0.8440072,0.1313514,-1.336907,Nothing
26.72681,24,2,3,0,0.7634655,0.9088918,0.3490325,338.7309,304.4445,343.8447,0.8298162,0.8954149,0.2087169,-0.868559,0.1316,-1.324584,Nothing
26.73488,24,2,3,0,0.7635483,0.9085095,0.3491631,338.5533,304.4416,343.7558,0.8290098,0.8951277,0.2081837,-0.880141,0.1307441,-1.319645,Nothing
26.74324,24,2,3,0,0.7634826,0.9083296,0.3493594,338.366,304.3781,343.7109,0.8280472,0.8947164,0.2074423,-0.894512,0.1269216,-1.31646,Nothing
26.75143,24,2,3,0,0.7634512,0.9079236,0.3496582,338.138,304.2964,343.6472,0.8267262,0.8940831,0.2063929,-0.9149463,0.1215198,-1.311846,Nothing
26.76016,24,2,3,0,0.7633418,0.9079549,0.3498975,338.0435,304.2233,343.6558,0.8258098,0.8936311,0.2057236,-0.9274279,0.1144388,-1.310593,Nothing
26.7685,24,2,3,0,0.7633476,0.9079958,0.3501206,338.0359,304.16,343.6863,0.8249202,0.8931871,0.2050122,-0.9397239,0.1054899,-1.309468,Nothing
26.7776,24,2,3,0,0.7635128,0.9079865,0.3501704,338.0975,304.1469,343.7253,0.8240432,0.8927349,0.2041828,-0.9508199,0.0954922,-1.307868,Nothing
26.79336,24,2,3,0,0.7643924,0.908225,0.3499089,338.5039,304.3007,343.8548,0.8224434,0.8919923,0.2027622,-0.963822,0.06992713,-1.303009,Nothing
26.8014,24,2,3,0,0.7653356,0.9089581,0.3494732,339.0355,304.5183,344.0561,0.8217327,0.8916505,0.2021273,-0.9624365,0.04693219,-1.301286,Nothing
26.80958,24,2,3,0,0.7661248,0.9092553,0.3492237,339.4283,304.6671,344.2014,0.8210829,0.8913631,0.2015211,-0.9652324,0.03067642,-1.29832,Nothing
26.81809,24,2,3,0,0.7675588,0.9105425,0.3484921,340.4277,304.9907,344.5453,0.8199196,0.890819,0.2007669,-0.9604659,-0.009773343,-1.29403,Nothing
26.82658,24,2,3,0,0.7688988,0.9124987,0.3476573,341.9266,305.3476,345.0816,0.8194019,0.8906837,0.2002417,-0.9458892,-0.0566942,-1.295695,Nothing
26.83479,24,2,3,0,0.7701384,0.9142511,0.3470973,343.2922,305.6398,345.6331,0.8190346,0.8909032,0.1998538,-0.9357969,-0.0951269,-1.2951,Nothing
26.84412,24,2,3,0,0.7714555,0.9164593,0.3462634,344.8167,306.0308,346.2336,0.8186806,0.8909667,0.1994202,-0.9209132,-0.1413626,-1.294573,Nothing
26.85133,24,2,3,0,0.7731805,0.9184296,0.3451483,346.4057,306.6213,346.8139,0.8184274,0.8912359,0.1991539,-0.9017724,-0.1843109,-1.28889,Nothing
26.86104,24,2,3,0,0.77498,0.9206704,0.3437614,348.1283,307.3766,347.3602,0.8182622,0.8915396,0.198815,-0.8776204,-0.2316354,-1.282982,Nothing
26.86844,24,2,3,0,0.7772324,0.9225673,0.3418941,349.856,308.349,347.8827,0.8181414,0.8919933,0.1985561,-0.8492829,-0.2739754,-1.270232,Nothing
26.87632,24,2,3,0,0.7803242,0.9253796,0.3395067,352.3786,309.7423,348.6878,0.8179948,0.8927783,0.1982968,-0.812256,-0.3341291,-1.249901,Nothing
26.88435,24,2,3,0,0.7827448,0.9273909,0.337247,354.1318,310.941,349.2764,0.8181494,0.8934842,0.1980826,-0.7800313,-0.3727381,-1.232228,Nothing
26.89307,24,2,3,0,0.7846408,0.9296703,0.3346704,355.8936,312.1965,349.9549,0.8182085,0.8942433,0.1978973,-0.7433901,-0.4111807,-1.213746,Nothing
26.90148,24,2,3,0,0.7865822,0.9322197,0.3322039,357.8201,313.5463,350.6149,0.818218,0.895022,0.197819,-0.7065043,-0.4556953,-1.192033,Nothing
26.90968,24,2,3,0,0.7879186,0.9344737,0.3302366,359.5044,314.6833,351.3601,0.8184183,0.8959504,0.1978092,-0.6758403,-0.4899496,-1.174598,Nothing
26.91828,24,2,3,0,0.7892461,0.9365136,0.3285138,1.13729,315.7792,352.0424,0.8187345,0.8970973,0.197921,-0.6478451,-0.5198506,-1.156396,Nothing
26.92649,24,2,3,0,0.7902998,0.9381949,0.3269808,2.771475,316.9051,352.7087,0.8191343,0.8982187,0.1978135,-0.6211109,-0.5468488,-1.142145,Nothing
26.93536,24,2,3,0,0.7919378,0.9410573,0.3246375,5.177698,318.5883,353.7352,0.8195434,0.8998806,0.1977739,-0.583984,-0.590023,-1.114311,Nothing
26.94395,24,2,3,0,0.792737,0.9427244,0.3231555,6.703568,319.7318,354.414,0.8199019,0.9010664,0.1978316,-0.557817,-0.6140887,-1.097183,Nothing
26.95186,24,2,3,0,0.793619,0.9440882,0.3218685,8.160772,320.8481,355.0396,0.8202289,0.9023915,0.1978357,-0.5356445,-0.6333867,-1.080604,Nothing
26.95979,24,2,3,0,0.794403,0.9454827,0.3206786,9.545364,321.9265,355.6855,0.8204685,0.9036162,0.1978349,-0.5158613,-0.6526573,-1.063797,Nothing
26.96813,24,2,3,0,0.7949997,0.9467024,0.3197235,10.82855,322.9716,356.3305,0.8207863,0.9049659,0.1979058,-0.4966843,-0.6675247,-1.050092,Nothing
26.97624,24,2,3,0,0.7954637,0.9478679,0.3189482,12.02893,323.9664,356.968,0.8210379,0.9063495,0.197889,-0.480196,-0.6807442,-1.038641,Nothing
26.98499,24,2,3,0,0.7958854,0.9489719,0.3182366,13.14427,324.9359,357.6124,0.8212927,0.9077598,0.1978485,-0.4650034,-0.6918635,-1.028341,Nothing
26.99321,24,2,3,0,0.7963932,0.9498491,0.3176148,14.17622,325.8666,358.2216,0.8214698,0.9091789,0.1977616,-0.4528451,-0.6996896,-1.018835,Nothing
27.00215,24,2,3,0,0.7971348,0.9511235,0.3166595,15.70094,327.2953,359.1635,0.8218946,0.9113241,0.1975425,-0.4337094,-0.7109408,-1.005919,Nothing
27.01082,24,2,3,0,0.7975762,0.9515266,0.3163589,16.56727,328.0858,359.6811,0.821869,0.9127975,0.1972649,-0.4279689,-0.7125316,-1.001426,Nothing
27.02678,24,2,3,0,0.7979802,0.9528037,0.3160667,18.31476,329.6802,0.8276665,0.8213915,0.9155025,0.1966519,-0.4193319,-0.7236306,-0.9932353,Nothing
27.03496,24,2,3,0,0.7983443,0.9532592,0.316022,19.13668,330.4206,1.370996,0.8212638,0.9169998,0.1962316,-0.4173973,-0.7259467,-0.9918592,Nothing
27.04348,24,2,3,0,0.7985301,0.9538381,0.3159367,19.93717,331.1903,1.919016,0.8210803,0.9185053,0.1957515,-0.4139498,-0.729551,-0.9912688,Nothing
27.05119,24,2,3,0,0.7988989,0.9543021,0.3159405,20.7397,331.9373,2.488044,0.8208738,0.9200005,0.195221,-0.4137193,-0.732193,-0.9910579,Nothing
27.05994,24,2,3,0,0.7993553,0.9552884,0.3157728,21.93531,333.1552,3.414402,0.8207601,0.921425,0.1945527,-0.4087971,-0.7464603,-0.9859374,Nothing
27.0681,24,2,3,0,0.7998999,0.9563062,0.3153605,22.72839,334.0643,4.151801,0.8203328,0.9236358,0.1938296,-0.4098645,-0.7457096,-0.9837068,Nothing
27.07771,24,2,3,0,0.8002931,0.9572859,0.3149819,23.51656,334.9963,4.897727,0.8199597,0.9250354,0.1933104,-0.4085436,-0.7522626,-0.9779916,Nothing
27.09519,24,2,3,0,0.801656,0.9605517,0.3126593,24.93155,337.3083,6.775637,0.8190621,0.9275935,0.1924279,-0.4028522,-0.7686445,-0.9465691,Nothing
27.11449,24,2,3,0,0.8027561,0.9644715,0.3101354,26.64441,340.2474,9.207536,0.8177111,0.9306481,0.1912497,-0.3978327,-0.7899671,-0.9116164,Nothing
27.12764,24,2,3,0,0.8039243,0.9669003,0.3082545,27.98702,342.4784,10.91383,0.8162223,0.9325676,0.1901463,-0.4027269,-0.8045269,-0.8836358,Nothing
27.13535,24,2,3,0,0.8044828,0.9677735,0.3076061,28.65536,343.4759,11.65694,0.8160383,0.9334378,0.1898415,-0.4009273,-0.8115277,-0.872173,Nothing
27.14311,24,2,3,0,0.8051005,0.9686844,0.307013,29.3115,344.4735,12.3981,0.8153002,0.9343852,0.1894293,-0.4056202,-0.8165361,-0.8608059,Nothing
27.15285,24,2,3,0,0.8057619,0.9695127,0.3062398,29.91815,345.4816,13.11129,0.8143584,0.9356421,0.1890424,-0.4106166,-0.8158783,-0.8499207,Nothing
27.16921,24,2,3,0,0.8072868,0.971602,0.3039003,30.93254,347.658,14.60645,0.8126232,0.9374104,0.1883402,-0.418634,-0.8180552,-0.8185615,Nothing
27.1762,24,2,3,0,0.8078725,0.9727144,0.3028251,31.44124,348.7826,15.42125,0.8117227,0.9381719,0.1879442,-0.4231088,-0.8213685,-0.8035188,Nothing
27.1845,24,2,3,0,0.8084668,0.973948,0.3016229,31.90606,349.9047,16.23404,0.8108423,0.9389457,0.1875591,-0.427582,-0.8242188,-0.7874326,Nothing
27.19299,24,2,3,0,0.809025,0.9759499,0.2999469,32.60929,351.6114,17.5212,0.8091861,0.939729,0.1869617,-0.437566,-0.8328387,-0.7616365,Nothing
27.20133,24,2,3,0,0.8095014,0.9772166,0.2987878,32.97797,352.6552,18.33632,0.8081383,0.9402749,0.1865858,-0.4455554,-0.8353813,-0.7457319,Nothing
27.2094,24,2,3,0,0.8099323,0.9785364,0.297735,33.36817,353.7274,19.14753,0.8071403,0.941029,0.1863162,-0.452163,-0.8373192,-0.7305578,Nothing
27.21777,24,2,3,0,0.810311,0.9797722,0.296637,33.73706,354.8109,19.96815,0.8060538,0.9413772,0.1859474,-0.4604334,-0.8414963,-0.7144119,Nothing
27.22703,24,2,3,0,0.8106914,0.9808117,0.2955934,34.02929,355.7713,20.67083,0.8050249,0.9418594,0.1855751,-0.4679066,-0.8424097,-0.701735,Nothing
27.23479,24,2,3,0,0.8111086,0.9818233,0.2944912,34.30894,356.7039,21.33271,0.8039202,0.942228,0.185203,-0.4766661,-0.8430498,-0.688262,Nothing
27.24446,24,2,3,0,0.8119622,0.9827549,0.2930649,34.71557,357.8745,22.08908,0.8022052,0.9425899,0.1846993,-0.4926301,-0.8403106,-0.6717161,Nothing
27.25971,24,2,3,0,0.8132546,0.9833223,0.291768,35.23387,359.0202,22.76513,0.8001807,0.9431235,0.1840735,-0.5146375,-0.8331772,-0.6588225,Nothing
27.26797,24,2,3,0,0.8139151,0.983623,0.2910897,35.43191,359.5349,23.03836,0.7991011,0.9432003,0.1837698,-0.5268625,-0.8300275,-0.6519957,Nothing
27.27656,24,2,3,0,0.814764,0.9836605,0.2903512,35.55674,359.9397,23.19063,0.7984393,0.9432416,0.1835801,-0.5356359,-0.8244645,-0.6462334,Nothing
27.28421,24,2,3,0,0.8158745,0.9833964,0.2895263,35.60058,0.2561646,23.22241,0.7976277,0.9434376,0.183441,-0.5459239,-0.8125343,-0.6433459,Nothing
27.2931,24,2,3,0,0.8167869,0.9833348,0.2888588,35.66587,0.519618,23.26924,0.7967318,0.9435681,0.183626,-0.5569164,-0.8018189,-0.6371307,Nothing
27.30108,24,2,3,0,0.8178707,0.9829444,0.2881139,35.64541,0.6237402,23.15841,0.7961427,0.9438295,0.1836873,-0.5653635,-0.7876207,-0.6351016,Nothing
27.31007,24,2,3,0,0.818611,0.9831921,0.2874393,35.73079,0.9079122,23.23821,0.795431,0.9445126,0.1832104,-0.5740076,-0.7802169,-0.6356727,Nothing
27.31774,24,2,3,0,0.8200762,0.983152,0.2861582,35.75883,1.258615,23.26097,0.7944631,0.9449078,0.1832431,-0.5874217,-0.7634374,-0.6284493,Nothing
27.32729,24,2,3,0,0.8208733,0.9833781,0.2853761,35.74142,1.441815,23.25468,0.7939447,0.9452798,0.1832403,-0.5946127,-0.7544951,-0.624039,Nothing
27.33474,24,2,3,0,0.8215802,0.9834679,0.2845799,35.69622,1.563721,23.20987,0.7936984,0.9454977,0.1836969,-0.597858,-0.7440168,-0.6158003,Nothing
27.3428,24,2,3,0,0.8225616,0.9833949,0.2837285,35.71369,1.700121,23.17892,0.7934799,0.9458804,0.183915,-0.6030379,-0.731738,-0.610166,Nothing
27.35168,24,2,3,0,0.8233245,0.9834307,0.2832175,35.75508,1.843548,23.18168,0.7932295,0.9465964,0.1841973,-0.6067724,-0.7199696,-0.6078076,Nothing
27.35937,24,2,3,0,0.8237429,0.9830133,0.2829594,35.80065,1.889673,23.10812,0.7930067,0.9471237,0.1845772,-0.6070315,-0.7084103,-0.6078067,Nothing
27.36829,24,2,3,0,0.8243847,0.9832877,0.2824906,35.86307,2.062545,23.15129,0.7927144,0.947734,0.1849325,-0.6112928,-0.6994575,-0.6029945,Nothing
27.37615,24,2,3,0,0.8251552,0.9832745,0.2816263,35.89063,2.286647,23.18792,0.7924955,0.9482455,0.1854371,-0.6134394,-0.6860056,-0.595634,Nothing
27.38454,24,2,3,0,0.8259489,0.9837838,0.2803789,35.958,2.722531,23.35343,0.7921358,0.9489831,0.186168,-0.6156213,-0.6717268,-0.5818952,Nothing
27.39269,24,2,3,0,0.8265458,0.984396,0.2793859,35.98886,3.08521,23.5146,0.7918882,0.9495136,0.1866981,-0.6177959,-0.6624991,-0.5702775,Nothing
27.40156,24,2,3,0,0.8269165,0.9851383,0.2782286,36.02423,3.564715,23.76858,0.7915542,0.9498105,0.1873287,-0.6189475,-0.6551282,-0.5547337,Nothing
27.41086,24,2,3,0,0.8273346,0.9859653,0.2772206,36.06828,4.082768,24.07219,0.7912499,0.9501933,0.1880085,-0.6207219,-0.6480742,-0.5401328,Nothing
27.41867,24,2,3,0,0.8276597,0.9868518,0.275966,36.12167,4.64876,24.40288,0.790903,0.9504077,0.1886484,-0.6223422,-0.6418656,-0.5225673,Nothing
27.42632,24,2,3,0,0.8278909,0.9878104,0.274895,36.18628,5.24559,24.79001,0.7905126,0.95056,0.1893188,-0.6247338,-0.6373821,-0.5054461,Nothing
27.43517,24,2,3,0,0.8279212,0.9893571,0.2732869,36.27251,6.133816,25.40073,0.7899317,0.9504927,0.1901907,-0.6277958,-0.6349115,-0.4783558,Nothing
27.44363,24,2,3,0,0.827884,0.9903439,0.2723303,36.33211,6.700143,25.80986,0.7895269,0.9504967,0.1908367,-0.6299002,-0.6325967,-0.4611218,Nothing
27.45124,24,2,3,0,0.8281029,0.9911509,0.271533,36.39075,7.208848,26.18895,0.789101,0.9505017,0.1913547,-0.6350011,-0.6292556,-0.4474096,Nothing
27.45982,24,2,3,0,0.8280511,0.9920682,0.2706234,36.43362,7.73618,26.57265,0.7886923,0.9504041,0.1920432,-0.6377079,-0.6267822,-0.4301575,Nothing
27.46814,24,2,3,0,0.8280419,0.9929134,0.2697381,36.46056,8.241971,26.93733,0.7882943,0.950241,0.192558,-0.6411895,-0.6251099,-0.4147682,Nothing
27.47812,24,2,3,0,0.8279267,0.9938293,0.2688735,36.49136,8.740189,27.28745,0.7878292,0.9501335,0.1932362,-0.6443095,-0.6228406,-0.3980235,Nothing
27.49423,24,2,3,0,0.8277959,0.9957228,0.2667866,36.54635,9.811104,28.0219,0.7870944,0.949657,0.1950215,-0.6500583,-0.6161011,-0.3565755,Nothing
27.50166,24,2,3,0,0.8277897,0.9964464,0.2659566,36.56823,10.23501,28.30095,0.7870075,0.9495004,0.1957132,-0.6508242,-0.6136431,-0.3404218,Nothing
27.50971,24,2,3,0,0.8277684,0.9971341,0.2651739,36.57526,10.59183,28.53218,0.7868483,0.9493547,0.1964442,-0.6522673,-0.6104517,-0.324668,Nothing
27.51828,24,2,3,0,0.8277874,0.9976844,0.2643741,36.5793,10.93974,28.74071,0.7867734,0.9492119,0.1972791,-0.652589,-0.6057616,-0.3087523,Nothing
27.52648,24,2,3,0,0.8277836,0.9983408,0.2636874,36.58542,11.26719,28.95595,0.7867835,0.9491859,0.1981452,-0.652376,-0.6015901,-0.2932938,Nothing
27.53506,24,2,3,0,0.8277417,0.9989693,0.2630638,36.58884,11.52646,29.12877,0.7868679,0.9493174,0.1991208,-0.6506566,-0.5960413,-0.2781891,Nothing
27.54314,24,2,3,0,0.8277309,0.9995753,0.262345,36.5946,11.83443,29.32174,0.7868325,0.9492613,0.2001343,-0.6507135,-0.5904164,-0.2614256,Nothing
27.55243,24,2,3,0,0.8275496,1.000112,0.2618361,36.59036,12.00926,29.41616,0.7870963,0.9494243,0.2011113,-0.6458089,-0.5859352,-0.2472277,Nothing
27.56017,24,2,3,0,0.8275446,1.000656,0.2612054,36.58297,12.22751,29.54433,0.7874962,0.9497401,0.2020528,-0.6406159,-0.5796632,-0.2334941,Nothing
27.56803,24,2,3,0,0.8275241,1.001525,0.2602457,36.56079,12.55074,29.73422,0.7880608,0.9500564,0.2037016,-0.6337708,-0.5699865,-0.2097685,Nothing
27.57691,24,2,3,0,0.8276178,1.00204,0.2594885,36.51894,12.74223,29.83043,0.7885156,0.9503356,0.2048379,-0.6287506,-0.5615314,-0.1938482,Nothing
27.58508,24,2,3,0,0.827548,1.002764,0.2587555,36.44735,12.91966,29.94286,0.7889841,0.9506274,0.2060351,-0.6231663,-0.5545141,-0.176467,Nothing
27.59328,24,2,3,0,0.8275663,1.003412,0.2579626,36.39955,13.14561,30.079,0.7894815,0.9508826,0.207305,-0.6178406,-0.5463334,-0.1581882,Nothing
27.60181,24,2,3,0,0.8274528,1.004165,0.2571757,36.3329,13.37952,30.23224,0.7900711,0.9511359,0.2085114,-0.6111393,-0.5399932,-0.1396586,Nothing
27.60998,24,2,3,0,0.8273354,1.004963,0.2564751,36.26794,13.59262,30.39091,0.7905157,0.9512582,0.2098793,-0.6067467,-0.5336775,-0.1195943,Nothing
27.6183,24,2,3,0,0.827244,1.005655,0.255686,36.19815,13.80799,30.52208,0.7909111,0.9512794,0.2111941,-0.6028471,-0.5270885,-0.0994812,Nothing
27.62653,24,2,3,0,0.827203,1.006615,0.2546874,36.11791,14.08933,30.69593,0.7915016,0.9514233,0.2131058,-0.5976448,-0.5169837,-0.07209725,Nothing
27.63496,24,2,3,0,0.8272419,1.00709,0.2540323,36.06972,14.2152,30.75523,0.7918743,0.9514636,0.2143927,-0.5945086,-0.5092881,-0.05436382,Nothing
27.64425,24,2,3,0,0.8273983,1.00745,0.2536023,36.03693,14.27524,30.77139,0.7922381,0.9514874,0.2156021,-0.5924492,-0.502351,-0.03945274,Nothing
27.66037,24,2,3,0,0.8275677,1.008252,0.2523518,35.92371,14.45705,30.82116,0.7931032,0.9517002,0.2178985,-0.585104,-0.4874538,-0.008210846,Nothing
27.66881,24,2,3,0,0.8277825,1.008601,0.2518002,35.85252,14.52293,30.8148,0.7935147,0.951838,0.2187236,-0.5827256,-0.4815013,0.00334675,Nothing
27.67716,24,2,3,0,0.8281107,1.008948,0.2508572,35.74764,14.56985,30.73672,0.7941568,0.9522271,0.2202041,-0.5769619,-0.4682651,0.02170077,Nothing
27.69296,24,2,3,0,0.8286613,1.009336,0.2498835,35.64422,14.54244,30.58187,0.7950597,0.9528101,0.2218916,-0.5698296,-0.4529726,0.04147187,Nothing
27.70179,24,2,3,0,0.8290563,1.009294,0.2494393,35.61153,14.45598,30.44374,0.7955578,0.9531859,0.2227113,-0.5654848,-0.4433897,0.04928701,Nothing
27.7104,24,2,3,0,0.8293281,1.009519,0.2489397,35.55874,14.46051,30.38143,0.7958513,0.9534166,0.2234443,-0.5639108,-0.4364123,0.05857233,Nothing
27.7179,24,2,3,0,0.8295804,1.009645,0.2483418,35.49223,14.49726,30.33616,0.7961372,0.9537725,0.224276,-0.5611967,-0.4266639,0.06786829,Nothing
27.72758,24,2,3,0,0.8298109,1.009969,0.2477237,35.42357,14.55207,30.31179,0.7963197,0.9539402,0.2250645,-0.5610116,-0.4194276,0.07901677,Nothing
27.73516,24,2,3,0,0.8299915,1.010276,0.2470322,35.34627,14.63462,30.30086,0.7964607,0.954329,0.2257827,-0.5598139,-0.410532,0.08861054,Nothing
27.74299,24,2,3,0,0.8301957,1.010658,0.246499,35.2851,14.71729,30.31389,0.796873,0.9545339,0.2266363,-0.5576316,-0.4043057,0.1002627,Nothing
27.75137,24,2,3,0,0.8303282,1.011008,0.2459388,35.23357,14.80654,30.33998,0.7969216,0.955001,0.2272233,-0.5571748,-0.3962691,0.1077148,Nothing
27.75975,24,2,3,0,0.8305594,1.011457,0.245158,35.16895,14.91757,30.35579,0.7972722,0.9557937,0.2277581,-0.553701,-0.3865339,0.1154086,Nothing
27.76801,24,2,3,0,0.8307797,1.01155,0.2448376,35.14966,14.9469,30.33839,0.7974075,0.9562832,0.2280564,-0.5522804,-0.3798542,0.1175582,Nothing
27.77644,24,2,3,0,0.831067,1.011578,0.2445061,35.13108,14.92713,30.2725,0.7974986,0.9568543,0.2282739,-0.5511206,-0.3723809,0.1182593,Nothing
27.78528,24,2,3,0,0.8313175,1.011562,0.2442213,35.0924,14.88868,30.19495,0.7976806,0.9574305,0.2282721,-0.5487278,-0.3667305,0.1166729,Nothing
27.79399,24,2,3,0,0.8315839,1.011635,0.2438179,35.04908,14.87803,30.12681,0.7977208,0.957981,0.2284485,-0.548124,-0.3595344,0.1176677,Nothing
27.80223,24,2,3,0,0.8318576,1.011641,0.243415,34.98726,14.83167,30.01865,0.7979061,0.9584382,0.2286907,-0.5461757,-0.3528741,0.1196127,Nothing
27.81001,24,2,3,0,0.8324434,1.01171,0.2427575,34.89135,14.77275,29.86688,0.7979794,0.9591298,0.2290017,-0.5470926,-0.3418545,0.1220048,Nothing
27.81897,24,2,3,0,0.8328016,1.011599,0.2423968,34.82118,14.68356,29.72,0.7979048,0.9593659,0.2292442,-0.548712,-0.3351624,0.1236421,Nothing
27.82713,24,2,3,0,0.8331717,1.01152,0.2420885,34.77162,14.57478,29.57357,0.7978039,0.9596888,0.2293857,-0.5505814,-0.3287633,0.1239564,Nothing
27.83531,24,2,3,0,0.8335664,1.011338,0.2418662,34.72946,14.44266,29.40887,0.7977381,0.9599988,0.2294426,-0.5520175,-0.3228471,0.1225871,Nothing
27.8443,24,2,3,0,0.8338358,1.011101,0.2417392,34.69793,14.30499,29.24638,0.797779,0.9602167,0.22944,-0.5515669,-0.3189294,0.1208196,Nothing
27.85243,24,2,3,0,0.8341628,1.010957,0.241542,34.65194,14.17664,29.09307,0.7976702,0.9604768,0.2293628,-0.5533208,-0.3146364,0.1187136,Nothing
27.86088,24,2,3,0,0.8344488,1.010863,0.241307,34.60727,14.06326,28.96272,0.7975931,0.9606346,0.2293004,-0.5551091,-0.3112509,0.118035,Nothing
27.87045,24,2,3,0,0.8349444,1.010759,0.2409166,34.51418,13.8969,28.76741,0.7973939,0.9609014,0.2290456,-0.5593256,-0.3065073,0.1155179,Nothing
27.88778,24,2,3,0,0.8350887,1.010816,0.2404584,34.37305,13.74774,28.58401,0.7969641,0.9611796,0.22835,-0.5633258,-0.3056191,0.1105684,Nothing
27.90246,24,2,3,0,0.8354353,1.010755,0.2399832,34.27959,13.61335,28.40394,0.7965853,0.9613807,0.2276998,-0.5685004,-0.3034557,0.1059831,Nothing
27.9099,24,2,3,0,0.8356884,1.010633,0.2398949,34.23645,13.53608,28.31144,0.796358,0.961401,0.2273075,-0.5722732,-0.3031623,0.1017212,Nothing
27.91869,24,2,3,0,0.8357692,1.010637,0.2397541,34.22139,13.49174,28.25096,0.7960041,0.961426,0.2269571,-0.5761444,-0.3031484,0.09911095,Nothing
27.92668,24,2,3,0,0.8360674,1.010595,0.239621,34.17811,13.41248,28.16419,0.7956641,0.9612585,0.2265307,-0.5825005,-0.3041556,0.09618328,Nothing
27.9349,24,2,3,0,0.8361289,1.010585,0.2395218,34.14904,13.34667,28.09938,0.7953166,0.9611471,0.2261716,-0.5866743,-0.3054091,0.09390728,Nothing
27.94337,24,2,3,0,0.836302,1.010567,0.2394217,34.08617,13.20772,27.98562,0.7946764,0.9608619,0.2256528,-0.5952913,-0.3076194,0.09057774,Nothing
27.95151,24,2,3,0,0.8363721,1.010554,0.2393583,34.05135,13.12111,27.91434,0.7942622,0.9605383,0.2253033,-0.6010275,-0.3102911,0.08920581,Nothing
27.96111,24,2,3,0,0.8364378,1.010483,0.2393909,34.00207,13.00153,27.8343,0.7939787,0.9604789,0.2249162,-0.6043282,-0.3117749,0.08521066,SelectionStart
27.96114,24,2,3,0,0.8364378,1.010483,0.2393909,34.00207,13.00153,27.8343,0.7939787,0.9604789,0.2249162,-0.6043282,-0.3117749,0.08521066,SelectionEnd
27.96526,24,2,3,0,0.8364378,1.010483,0.2393909,34.00207,13.00153,27.8343,0.7939787,0.9604789,0.2249162,-0.6043282,-0.3117749,0.08521066,GotSelection
27.97837,24,2,3,0,0.8365254,1.010467,0.2392442,33.91671,12.8338,27.69262,0.7932463,0.9600702,0.2243602,-0.613425,-0.3150018,0.08263788,SelectionStart
27.97839,24,2,3,0,0.8365254,1.010467,0.2392442,33.91671,12.8338,27.69262,0.7932463,0.9600702,0.2243602,-0.613425,-0.3150018,0.08263788,SelectionEnd
27.98194,24,2,3,0,0.8365254,1.010467,0.2392442,33.91671,12.8338,27.69262,0.7932463,0.9600702,0.2243602,-0.613425,-0.3150018,0.08263788,GotSelection
27.99345,24,2,3,0,0.8364798,1.010572,0.2389849,33.81672,12.70856,27.57843,0.7927003,0.9594884,0.2238258,-0.6206719,-0.3207202,0.08306729,SelectionStart
27.99346,24,2,3,0,0.8364798,1.010572,0.2389849,33.81672,12.70856,27.57843,0.7927003,0.9594884,0.2238258,-0.6206719,-0.3207202,0.08306729,SelectionEnd
27.99717,24,2,3,0,0.8364798,1.010572,0.2389849,33.81672,12.70856,27.57843,0.7927003,0.9594884,0.2238258,-0.6206719,-0.3207202,0.08306729,GotSelection
28.00724,24,2,3,0,0.8364862,1.010769,0.2387069,33.71922,12.62443,27.50566,0.792083,0.9589781,0.2237277,-0.6290316,-0.3232432,0.0869208,SelectionStart
28.00726,24,2,3,0,0.8364862,1.010769,0.2387069,33.71922,12.62443,27.50566,0.792083,0.9589781,0.2237277,-0.6290316,-0.3232432,0.0869208,SelectionEnd
28.01073,24,2,3,0,0.8364862,1.010769,0.2387069,33.71922,12.62443,27.50566,0.792083,0.9589781,0.2237277,-0.6290316,-0.3232432,0.0869208,GotSelection
28.02075,24,2,3,0,0.8364573,1.010976,0.2384777,33.65337,12.59317,27.48534,0.7914597,0.9584142,0.2239197,-0.6373957,-0.3246174,0.09319298,SelectionStart
28.02077,24,2,3,0,0.8364573,1.010976,0.2384777,33.65337,12.59317,27.48534,0.7914597,0.9584142,0.2239197,-0.6373957,-0.3246174,0.09319298,SelectionEnd
28.02432,24,2,3,0,0.8364573,1.010976,0.2384777,33.65337,12.59317,27.48534,0.7914597,0.9584142,0.2239197,-0.6373957,-0.3246174,0.09319298,GotSelection
28.0354,24,2,3,0,0.8363794,1.011235,0.2380863,33.59373,12.60593,27.47112,0.7908949,0.9576248,0.2241917,-0.6456476,-0.3272101,0.1030279,SelectionStart
28.03542,24,2,3,0,0.8363794,1.011235,0.2380863,33.59373,12.60593,27.47112,0.7908949,0.9576248,0.2241917,-0.6456476,-0.3272101,0.1030279,SelectionEnd
28.0391,24,2,3,0,0.8363794,1.011235,0.2380863,33.59373,12.60593,27.47112,0.7908949,0.9576248,0.2241917,-0.6456476,-0.3272101,0.1030279,GotSelection
28.0498,24,2,3,0,0.8363016,1.011449,0.237849,33.54566,12.57419,27.45523,0.7903153,0.9570561,0.2243854,-0.6531942,-0.3288873,0.109786,SelectionStart
28.04982,24,2,3,0,0.8363016,1.011449,0.237849,33.54566,12.57419,27.45523,0.7903153,0.9570561,0.2243854,-0.6531942,-0.3288873,0.109786,SelectionEnd
28.05321,24,2,3,0,0.8363016,1.011449,0.237849,33.54566,12.57419,27.45523,0.7903153,0.9570561,0.2243854,-0.6531942,-0.3288873,0.109786,GotSelection
28.06403,24,2,3,0,0.8360615,1.011522,0.2379087,33.52005,12.52402,27.45153,0.7900078,0.9569334,0.2246409,-0.6545748,-0.3287818,0.1124389,SelectionStart
28.06404,24,2,3,0,0.8360615,1.011522,0.2379087,33.52005,12.52402,27.45153,0.7900078,0.9569334,0.2246409,-0.6545748,-0.3287818,0.1124389,SelectionEnd
28.06754,24,2,3,0,0.8360615,1.011522,0.2379087,33.52005,12.52402,27.45153,0.7900078,0.9569334,0.2246409,-0.6545748,-0.3287818,0.1124389,GotSelection
28.07796,24,2,3,0,0.8359461,1.011655,0.2377972,33.46857,12.44163,27.41036,0.7895326,0.9570992,0.2251453,-0.6574258,-0.3237508,0.1166979,SelectionStart
28.07799,24,2,3,0,0.8359461,1.011655,0.2377972,33.46857,12.44163,27.41036,0.7895326,0.9570992,0.2251453,-0.6574258,-0.3237508,0.1166979,SelectionEnd
28.08136,24,2,3,0,0.8359461,1.011655,0.2377972,33.46857,12.44163,27.41036,0.7895326,0.9570992,0.2251453,-0.6574258,-0.3237508,0.1166979,GotSelection
28.09441,24,2,3,0,0.835727,1.011852,0.2377583,33.4039,12.31797,27.35749,0.7894184,0.9573262,0.2257505,-0.6559014,-0.3201431,0.1221931,SelectionStart
28.09444,24,2,3,0,0.835727,1.011852,0.2377583,33.4039,12.31797,27.35749,0.7894184,0.9573262,0.2257505,-0.6559014,-0.3201431,0.1221931,SelectionEnd
28.09795,24,2,3,0,0.835727,1.011852,0.2377583,33.4039,12.31797,27.35749,0.7894184,0.9573262,0.2257505,-0.6559014,-0.3201431,0.1221931,GotSelection
28.11317,24,2,3,0,0.8355362,1.011989,0.2376689,33.31926,12.14758,27.26272,0.7888851,0.9576183,0.2265709,-0.6577794,-0.3127521,0.1285117,SelectionStart
28.1132,24,2,3,0,0.8355362,1.011989,0.2376689,33.31926,12.14758,27.26272,0.7888851,0.9576183,0.2265709,-0.6577794,-0.3127521,0.1285117,SelectionEnd
28.11732,24,2,3,0,0.8355362,1.011989,0.2376689,33.31926,12.14758,27.26272,0.7888851,0.9576183,0.2265709,-0.6577794,-0.3127521,0.1285117,GotSelection
28.16309,24,2,3,0,0.8352617,1.012266,0.2374903,33.19643,11.91706,27.11272,0.788692,0.9582472,0.2276463,-0.6544831,-0.3037741,0.1374094,SelectionStart
28.16312,24,2,3,0,0.8352617,1.012266,0.2374903,33.19643,11.91706,27.11272,0.788692,0.9582472,0.2276463,-0.6544831,-0.3037741,0.1374094,SelectionEnd
28.16697,24,2,3,0,0.8352617,1.012266,0.2374903,33.19643,11.91706,27.11272,0.788692,0.9582472,0.2276463,-0.6544831,-0.3037741,0.1374094,GotSelection
28.17704,24,2,3,0,0.8348132,1.01311,0.2366647,33.0104,11.99329,27.17212,0.7880442,0.9589906,0.2283961,-0.6562417,-0.2948112,0.1484547,SelectionStart
28.17706,24,2,3,0,0.8348132,1.01311,0.2366647,33.0104,11.99329,27.17212,0.7880442,0.9589906,0.2283961,-0.6562417,-0.2948112,0.1484547,SelectionEnd
28.18063,24,2,3,0,0.8348132,1.01311,0.2366647,33.0104,11.99329,27.17212,0.7880442,0.9589906,0.2283961,-0.6562417,-0.2948112,0.1484547,GotSelection
28.18991,24,2,3,0,0.8346215,1.013459,0.2364868,32.9493,11.99611,27.20816,0.7877799,0.9593188,0.2286902,-0.6569816,-0.2917231,0.1517781,SelectionStart
28.18993,24,2,3,0,0.8346215,1.013459,0.2364868,32.9493,11.99611,27.20816,0.7877799,0.9593188,0.2286902,-0.6569816,-0.2917231,0.1517781,SelectionEnd
28.19334,24,2,3,0,0.8346215,1.013459,0.2364868,32.9493,11.99611,27.20816,0.7877799,0.9593188,0.2286902,-0.6569816,-0.2917231,0.1517781,GotSelection
28.20261,24,2,3,0,0.8344544,1.013645,0.2364295,32.91143,11.95987,27.20866,0.7876841,0.9596636,0.2290235,-0.655529,-0.2883926,0.154161,SelectionStart
28.20264,24,2,3,0,0.8344544,1.013645,0.2364295,32.91143,11.95987,27.20866,0.7876841,0.9596636,0.2290235,-0.655529,-0.2883926,0.154161,SelectionEnd
28.20599,24,2,3,0,0.8344544,1.013645,0.2364295,32.91143,11.95987,27.20866,0.7876841,0.9596636,0.2290235,-0.655529,-0.2883926,0.154161,GotSelection
28.21782,24,2,3,0,0.834341,1.013605,0.236545,32.87872,11.84857,27.15084,0.7875732,0.9597954,0.2291056,-0.654686,-0.2874513,0.1533559,SelectionStart
28.21784,24,2,3,0,0.834341,1.013605,0.236545,32.87872,11.84857,27.15084,0.7875732,0.9597954,0.2291056,-0.654686,-0.2874513,0.1533559,SelectionEnd
28.22133,24,2,3,0,0.834341,1.013605,0.236545,32.87872,11.84857,27.15084,0.7875732,0.9597954,0.2291056,-0.654686,-0.2874513,0.1533559,GotSelection
28.23085,24,2,3,0,0.8341233,1.013577,0.2367139,32.86773,11.75704,27.09078,0.7872117,0.9596557,0.2293085,-0.6562299,-0.2878361,0.1545073,SelectionStart
28.23087,24,2,3,0,0.8341233,1.013577,0.2367139,32.86773,11.75704,27.09078,0.7872117,0.9596557,0.2293085,-0.6562299,-0.2878361,0.1545073,SelectionEnd
28.23434,24,2,3,0,0.8341233,1.013577,0.2367139,32.86773,11.75704,27.09078,0.7872117,0.9596557,0.2293085,-0.6562299,-0.2878361,0.1545073,GotSelection
28.24454,24,2,3,0,0.8339347,1.01358,0.2367882,32.83709,11.65403,27.03516,0.787015,0.9599078,0.229063,-0.6553656,-0.2879233,0.1508166,SelectionStart
28.24457,24,2,3,0,0.8339347,1.01358,0.2367882,32.83709,11.65403,27.03516,0.787015,0.9599078,0.229063,-0.6553656,-0.2879233,0.1508166,SelectionEnd
28.248,24,2,3,0,0.8339347,1.01358,0.2367882,32.83709,11.65403,27.03516,0.787015,0.9599078,0.229063,-0.6553656,-0.2879233,0.1508166,GotSelection
28.25975,24,2,3,0,0.8338057,1.013668,0.2367889,32.81801,11.60246,27.01263,0.7867883,0.960209,0.2288536,-0.6555372,-0.2871944,0.1478643,SelectionStart
28.25977,24,2,3,0,0.8338057,1.013668,0.2367889,32.81801,11.60246,27.01263,0.7867883,0.960209,0.2288536,-0.6555372,-0.2871944,0.1478643,SelectionEnd
28.2634,24,2,3,0,0.8338057,1.013668,0.2367889,32.81801,11.60246,27.01263,0.7867883,0.960209,0.2288536,-0.6555372,-0.2871944,0.1478643,GotSelection
28.27322,24,2,3,0,0.8336473,1.013723,0.2368378,32.79776,11.57028,27.0061,0.7866232,0.9603159,0.2286558,-0.6555722,-0.2881485,0.1455139,SelectionStart
28.27324,24,2,3,0,0.8336473,1.013723,0.2368378,32.79776,11.57028,27.0061,0.7866232,0.9603159,0.2286558,-0.6555722,-0.2881485,0.1455139,SelectionEnd
28.2766,24,2,3,0,0.8336473,1.013723,0.2368378,32.79776,11.57028,27.0061,0.7866232,0.9603159,0.2286558,-0.6555722,-0.2881485,0.1455139,GotSelection
28.2859,24,2,3,0,0.8335167,1.013791,0.2369737,32.80325,11.54687,27.01427,0.7865168,0.9603971,0.2283088,-0.6556546,-0.2906792,0.1416307,SelectionStart
28.28592,24,2,3,0,0.8335167,1.013791,0.2369737,32.80325,11.54687,27.01427,0.7865168,0.9603971,0.2283088,-0.6556546,-0.2906792,0.1416307,SelectionEnd
28.28941,24,2,3,0,0.8335167,1.013791,0.2369737,32.80325,11.54687,27.01427,0.7865168,0.9603971,0.2283088,-0.6556546,-0.2906792,0.1416307,GotSelection
28.30129,24,2,3,0,0.8332849,1.013726,0.2372044,32.79642,11.5285,27.03246,0.7863511,0.9604566,0.2280418,-0.6549871,-0.2925406,0.136933,SelectionStart
28.30132,24,2,3,0,0.8332849,1.013726,0.2372044,32.79642,11.5285,27.03246,0.7863511,0.9604566,0.2280418,-0.6549871,-0.2925406,0.136933,SelectionEnd
28.30489,24,2,3,0,0.8332849,1.013726,0.2372044,32.79642,11.5285,27.03246,0.7863511,0.9604566,0.2280418,-0.6549871,-0.2925406,0.136933,GotSelection
28.31449,24,2,3,0,0.8331292,1.013701,0.2373503,32.80946,11.50957,27.04838,0.7862287,0.9605263,0.227706,-0.6547002,-0.2943901,0.1326676,SelectionStart
28.31451,24,2,3,0,0.8331292,1.013701,0.2373503,32.80946,11.50957,27.04838,0.7862287,0.9605263,0.227706,-0.6547002,-0.2943901,0.1326676,SelectionEnd
28.31782,24,2,3,0,0.8331292,1.013701,0.2373503,32.80946,11.50957,27.04838,0.7862287,0.9605263,0.227706,-0.6547002,-0.2943901,0.1326676,GotSelection
28.35999,24,2,3,0,0.8325271,1.013995,0.2378458,32.86046,11.49391,27.17496,0.7862294,0.9603161,0.2271984,-0.6522937,-0.3045357,0.1286697,SelectionStart
28.36002,24,2,3,0,0.8325271,1.013995,0.2378458,32.86046,11.49391,27.17496,0.7862294,0.9603161,0.2271984,-0.6522937,-0.3045357,0.1286697,SelectionEnd
28.36339,24,2,3,0,0.8325271,1.013995,0.2378458,32.86046,11.49391,27.17496,0.7862294,0.9603161,0.2271984,-0.6522937,-0.3045357,0.1286697,GotSelection
28.37341,24,2,3,0,0.8323194,1.014009,0.2380823,32.8834,11.50301,27.23275,0.7863258,0.9602378,0.2269701,-0.6503831,-0.3083481,0.1259644,SelectionStart
28.37344,24,2,3,0,0.8323194,1.014009,0.2380823,32.8834,11.50301,27.23275,0.7863258,0.9602378,0.2269701,-0.6503831,-0.3083481,0.1259644,SelectionEnd
28.37678,24,2,3,0,0.8323194,1.014009,0.2380823,32.8834,11.50301,27.23275,0.7863258,0.9602378,0.2269701,-0.6503831,-0.3083481,0.1259644,GotSelection
28.38583,24,2,3,0,0.8321244,1.014209,0.2380971,32.87682,11.52469,27.2961,0.7863274,0.9600957,0.2269004,-0.6502578,-0.3115587,0.1272829,SelectionStart
28.38585,24,2,3,0,0.8321244,1.014209,0.2380971,32.87682,11.52469,27.2961,0.7863274,0.9600957,0.2269004,-0.6502578,-0.3115587,0.1272829,SelectionEnd
28.38948,24,2,3,0,0.8321244,1.014209,0.2380971,32.87682,11.52469,27.2961,0.7863274,0.9600957,0.2269004,-0.6502578,-0.3115587,0.1272829,GotSelection
28.40188,24,2,3,0,0.8319354,1.014332,0.238048,32.85317,11.55055,27.34967,0.7865697,0.9600996,0.2259316,-0.6475839,-0.3188909,0.1205591,SelectionStart
28.4019,24,2,3,0,0.8319354,1.014332,0.238048,32.85317,11.55055,27.34967,0.7865697,0.9600996,0.2259316,-0.6475839,-0.3188909,0.1205591,SelectionEnd
28.40545,24,2,3,0,0.8319354,1.014332,0.238048,32.85317,11.55055,27.34967,0.7865697,0.9600996,0.2259316,-0.6475839,-0.3188909,0.1205591,GotSelection
28.41698,24,2,3,0,0.8318205,1.01455,0.2378199,32.81907,11.55814,27.35118,0.7864664,0.9595886,0.2255185,-0.6504996,-0.3256325,0.1226594,SelectionStart
28.417,24,2,3,0,0.8318205,1.01455,0.2378199,32.81907,11.55814,27.35118,0.7864664,0.9595886,0.2255185,-0.6504996,-0.3256325,0.1226594,SelectionEnd
28.42033,24,2,3,0,0.8318205,1.01455,0.2378199,32.81907,11.55814,27.35118,0.7864664,0.9595886,0.2255185,-0.6504996,-0.3256325,0.1226594,GotSelection
28.44305,24,2,3,0,0.8316951,1.014854,0.2377306,32.75565,11.43963,27.3128,0.7865553,0.958838,0.2240874,-0.6535777,-0.3420687,0.1176572,Nothing
28.451,24,2,3,0,0.8316052,1.015003,0.2376802,32.72627,11.41285,27.31559,0.786779,0.9585323,0.2235711,-0.6528347,-0.3492159,0.116634,Nothing
28.45975,24,2,3,0,0.8314875,1.015244,0.2375606,32.68878,11.41568,27.35015,0.7868806,0.9582966,0.2230885,-0.6531475,-0.3554123,0.1161598,Nothing
28.46809,24,2,3,0,0.831337,1.015483,0.2373961,32.6399,11.42967,27.37845,0.7874518,0.9580812,0.222774,-0.6484706,-0.3621987,0.1180164,Nothing
28.47704,24,2,3,0,0.8310882,1.015683,0.2374139,32.61221,11.42927,27.39865,0.7876096,0.9578297,0.2224023,-0.646865,-0.369168,0.1176147,Nothing
28.48409,24,2,3,0,0.8309201,1.015898,0.2373158,32.58122,11.44819,27.43182,0.7876931,0.9573735,0.2220659,-0.6475326,-0.3763488,0.1192718,Nothing
28.49366,24,2,3,0,0.8306859,1.016161,0.2372254,32.54089,11.45477,27.46703,0.7878817,0.9569746,0.2217017,-0.6466392,-0.3842138,0.1208356,Nothing
28.50139,24,2,3,0,0.8306257,1.016235,0.2372247,32.53358,11.45935,27.48164,0.7878792,0.9566942,0.2210213,-0.6480646,-0.3908787,0.1170399,Nothing
28.50968,24,2,3,0,0.8303722,1.016494,0.2371939,32.50661,11.46861,27.53036,0.7880625,0.9561334,0.2203085,-0.6480369,-0.4021657,0.1161742,Nothing
28.5177,24,2,3,0,0.8302023,1.01658,0.2372065,32.50115,11.47882,27.56531,0.7882468,0.9558697,0.2198975,-0.6466286,-0.4082104,0.1150025,Nothing
28.52644,24,2,3,0,0.8299875,1.016699,0.237323,32.51002,11.47677,27.60974,0.7880867,0.955234,0.2191816,-0.6500151,-0.418384,0.1123316,Nothing
28.53429,24,2,3,0,0.8298878,1.016803,0.2373933,32.50553,11.45971,27.63477,0.788431,0.9547136,0.2185559,-0.6490635,-0.4283778,0.1106896,Nothing
28.54301,24,2,3,0,0.8296946,1.016901,0.237526,32.50854,11.43678,27.66354,0.7885735,0.9542555,0.217815,-0.6490263,-0.4383706,0.107105,Nothing
28.55116,24,2,3,0,0.8293927,1.017004,0.2376529,32.49458,11.40919,27.68397,0.7889426,0.9536483,0.2170955,-0.6464296,-0.450723,0.1049857,Nothing
28.55978,24,2,3,0,0.8291949,1.017076,0.2377692,32.48281,11.37796,27.6998,0.7889747,0.9531139,0.2163495,-0.6475418,-0.4607674,0.1014432,Nothing
28.56799,24,2,3,0,0.8289139,1.01717,0.2379498,32.46851,11.33012,27.71981,0.7892551,0.9523214,0.2152399,-0.6470904,-0.4764796,0.09643738,Nothing
28.5777,24,2,3,0,0.8286601,1.017242,0.2381258,32.47154,11.28921,27.73705,0.7894786,0.9517078,0.2144062,-0.6463829,-0.4887907,0.09272461,Nothing
28.58543,24,2,3,0,0.8284617,1.017229,0.2384842,32.49465,11.21144,27.74288,0.7898643,0.9514207,0.2133348,-0.6433801,-0.5006496,0.08382606,Nothing
28.5929,24,2,3,0,0.8283111,1.017251,0.238746,32.5104,11.15892,27.76248,0.7900512,0.9508801,0.2123735,-0.6437536,-0.5126052,0.07761188,Nothing
28.60134,24,2,3,0,0.8281068,1.017189,0.2391537,32.55196,11.08104,27.7693,0.7900231,0.9500433,0.2113333,-0.646666,-0.5268331,0.07086757,Nothing
28.61021,24,2,3,0,0.8278903,1.01713,0.2395811,32.5968,11.00558,27.78061,0.7902155,0.9493669,0.2101759,-0.6469477,-0.5414543,0.06251941,Nothing
28.6179,24,2,3,0,0.827519,1.017044,0.2401666,32.65155,10.9225,27.80802,0.7903409,0.9486979,0.2091357,-0.6465464,-0.5561505,0.05396294,Nothing
28.62634,24,2,3,0,0.8271378,1.016851,0.2411896,32.76881,10.73066,27.81767,0.7906635,0.9477343,0.2074952,-0.6462327,-0.5784857,0.03940026,Nothing
28.63451,24,2,3,0,0.8268984,1.016636,0.2420708,32.88152,10.55219,27.81345,0.7909712,0.9469162,0.2065542,-0.6459518,-0.5944236,0.03064074,Nothing
28.64256,24,2,3,0,0.8265032,1.016124,0.2440913,33.16323,10.12911,27.80349,0.7912496,0.946239,0.2054459,-0.645391,-0.613523,0.01216199,Nothing
28.65125,24,2,3,0,0.8260548,1.015759,0.245948,33.41829,9.748734,27.81944,0.7915668,0.945527,0.2043036,-0.6450915,-0.6336401,-0.004606727,Nothing
28.66061,24,2,3,0,0.8255118,1.015515,0.2479019,33.68311,9.3833,27.87812,0.7918276,0.9450531,0.2028646,-0.6452622,-0.654934,-0.02516354,Nothing
28.66825,24,2,3,0,0.8246114,1.015272,0.2501395,34.02912,8.989952,28.00029,0.792192,0.944384,0.2017348,-0.6434075,-0.6785931,-0.04234788,Nothing
28.67658,24,2,3,0,0.8240163,1.014942,0.2520822,34.33551,8.644876,28.06964,0.7924955,0.9438264,0.2005675,-0.6434456,-0.6988462,-0.05973521,Nothing
28.68436,24,2,3,0,0.8232287,1.014566,0.2546887,34.78688,8.225697,28.18924,0.7929403,0.9431857,0.1995408,-0.6431009,-0.722926,-0.0781514,Nothing
28.69299,24,2,3,0,0.8218586,1.013953,0.2587782,35.50227,7.571377,28.362,0.7936627,0.9421237,0.19791,-0.6425776,-0.7622972,-0.1064174,Nothing
28.70116,24,2,3,0,0.8207471,1.013246,0.2619632,36.10351,7.110746,28.50799,0.7941533,0.9415542,0.1970644,-0.6408134,-0.7874872,-0.1269882,Nothing
28.70989,24,2,3,0,0.8196788,1.012692,0.2651664,36.74726,6.681942,28.71762,0.794903,0.9410009,0.1962982,-0.6391147,-0.8141872,-0.145135,Nothing
28.71789,24,2,3,0,0.8185505,1.012335,0.2680927,37.35295,6.369739,28.97661,0.7954373,0.9404699,0.1956009,-0.6392888,-0.8400567,-0.1602219,Nothing
28.7271,24,2,3,0,0.8174429,1.012118,0.2705599,37.86419,6.140873,29.26194,0.7961454,0.9400135,0.1949332,-0.6374457,-0.8645813,-0.1724507,Nothing
28.74406,24,2,3,0,0.8145026,1.012401,0.2752079,38.85178,6.092606,30.2251,0.7981361,0.9390073,0.1934746,-0.6279455,-0.9238251,-0.189797,Nothing
28.75217,24,2,3,0,0.8133165,1.013159,0.2761697,39.13456,6.431311,30.8347,0.7991074,0.9387034,0.1929113,-0.6222883,-0.9470506,-0.1878843,Nothing
28.75994,24,2,3,0,0.8123791,1.014378,0.2769135,39.45421,6.984851,31.62334,0.7999563,0.9383714,0.1923551,-0.6221477,-0.9705236,-0.1802969,Nothing
28.76831,24,2,3,0,0.8109688,1.016071,0.2767651,39.72276,8.066005,32.74991,0.8009202,0.9381611,0.1918778,-0.6152939,-0.99358,-0.1626088,Nothing
28.77631,24,2,3,0,0.8100482,1.017068,0.2776431,40.07183,8.785144,33.67533,0.801859,0.9380636,0.1914527,-0.6136817,-1.01433,-0.1558929,Nothing
28.78448,24,2,3,0,0.8085163,1.018682,0.2777622,40.40243,9.976199,34.91656,0.8028467,0.9379355,0.1910444,-0.6070623,-1.037905,-0.1372154,Nothing
28.79364,24,2,3,0,0.8067768,1.020617,0.2777312,40.7713,11.53618,36.45881,0.8038868,0.9377983,0.1906416,-0.6006743,-1.06338,-0.1119764,Nothing
28.80191,24,2,3,0,0.8055472,1.022027,0.278567,41.12979,12.70019,37.76203,0.8048319,0.9377737,0.1903963,-0.5998692,-1.08571,-0.09678133,Nothing
28.81013,24,2,3,0,0.8037348,1.023549,0.278763,41.46533,14.1767,39.27734,0.805815,0.9377407,0.1901444,-0.5932325,-1.107628,-0.07328266,Nothing
28.81857,24,2,3,0,0.8013658,1.025357,0.2796031,41.93738,16.26096,41.46564,0.8072504,0.9376255,0.1896312,-0.5875925,-1.140137,-0.04480726,Nothing
28.82622,24,2,3,0,0.7993543,1.027092,0.2800366,42.23823,18.06572,43.29821,0.8081877,0.9377117,0.1894261,-0.5842466,-1.162954,-0.01699557,Nothing
28.83428,24,2,3,0,0.7968299,1.028831,0.280821,42.45929,19.64931,44.93037,0.8091355,0.9376748,0.1891652,-0.5779604,-1.191978,0.00925678,Nothing
28.84297,24,2,3,0,0.7948232,1.030239,0.2808488,42.61324,21.39944,46.63232,0.8098897,0.9377402,0.1888958,-0.5738331,-1.20973,0.03738672,Nothing
28.85104,24,2,3,0,0.7929878,1.03172,0.2808812,42.70169,23.19974,48.32217,0.8106973,0.937847,0.1887476,-0.5705838,-1.226064,0.06688955,Nothing
28.85986,24,2,3,0,0.7914652,1.033374,0.2806574,42.75516,25.0072,49.96199,0.8115809,0.9378556,0.1885296,-0.5701983,-1.24096,0.09981427,Nothing
28.86775,24,2,3,0,0.789927,1.03458,0.2808318,42.80541,26.70106,51.51805,0.8123782,0.9379267,0.1883391,-0.568792,-1.25517,0.127074,Nothing
28.87687,24,2,3,0,0.7872539,1.036422,0.2814073,42.83144,29.21467,53.89535,0.8135703,0.9380039,0.1880191,-0.5675813,-1.279539,0.1688731,Nothing
28.88445,24,2,3,0,0.785665,1.037241,0.2819651,42.85595,30.74115,55.34423,0.8143128,0.9381095,0.1877965,-0.5661427,-1.293726,0.1920829,Nothing
28.89454,24,2,3,0,0.7840395,1.038086,0.2826118,42.83192,32.20087,56.75257,0.8150287,0.9382805,0.1875593,-0.5652463,-1.308327,0.2140177,Nothing
28.90981,24,2,3,0,0.7812395,1.039725,0.2837885,42.74682,34.78224,59.30919,0.8167164,0.9386032,0.1870823,-0.5649477,-1.335475,0.2567923,Nothing
28.91837,24,2,3,0,0.7795333,1.040218,0.2842537,42.65996,36.12436,60.60115,0.8174715,0.9388418,0.1868488,-0.5607369,-1.347207,0.2783691,Nothing
28.92637,24,2,3,0,0.7784896,1.040438,0.2850953,42.64484,37.11084,61.62,0.8181389,0.9390526,0.1866093,-0.5600069,-1.358211,0.2908472,Nothing
28.9344,24,2,3,0,0.7769548,1.04094,0.2859492,42.58197,38.29125,62.78849,0.8189781,0.9391694,0.1863559,-0.5581129,-1.373284,0.3109568,Nothing
28.94319,24,2,3,0,0.7751555,1.041049,0.2871546,42.57976,39.7838,64.3146,0.8200483,0.9395302,0.1859844,-0.5533848,-1.389557,0.3325297,Nothing
28.95166,24,2,3,0,0.7742543,1.040936,0.2881591,42.59089,40.69851,65.29914,0.820641,0.939665,0.185801,-0.5535775,-1.39905,0.3435293,Nothing
28.95983,24,2,3,0,0.7734413,1.040896,0.2893229,42.61884,41.51263,66.20378,0.8211418,0.9397405,0.1855954,-0.5559344,-1.40994,0.3530084,Nothing
28.96767,24,2,3,0,0.7725837,1.040804,0.2904253,42.63475,42.28728,67.08262,0.8216327,0.9398499,0.1854036,-0.5574549,-1.420261,0.3621696,Nothing
28.97672,24,2,3,0,0.7714827,1.040735,0.2913896,42.60775,43.17579,68.02951,0.8221897,0.9399734,0.1852398,-0.5568532,-1.430449,0.3751682,Nothing
28.98537,24,2,3,0,0.7708673,1.040462,0.2922698,42.67549,43.66836,68.59576,0.8224704,0.9403708,0.1849164,-0.5545593,-1.438633,0.3769719,Nothing
28.99303,24,2,3,0,0.7701757,1.040226,0.2932994,42.70242,44.38128,69.3825,0.8229951,0.9404416,0.1847135,-0.555065,-1.448139,0.3855305,Nothing
29.00169,24,2,3,0,0.7696573,1.039884,0.2943396,42.77285,44.93591,69.99165,0.8234351,0.9403099,0.1846562,-0.5555485,-1.456735,0.3928457,Nothing
29.00968,24,2,3,0,0.7690685,1.039277,0.2957079,42.86053,45.82698,70.98349,0.8240282,0.9404622,0.1844316,-0.5561045,-1.466151,0.4006478,Nothing
29.01801,24,2,3,0,0.7688853,1.039035,0.2965699,42.95382,46.27272,71.47063,0.8243619,0.9404776,0.1843372,-0.5575928,-1.47213,0.4052182,Nothing
29.02666,24,2,3,0,0.7686641,1.038729,0.2973923,43.03962,46.6963,71.95712,0.8246648,0.9405577,0.1842216,-0.5584808,-1.477686,0.4086606,Nothing
29.03471,24,2,3,0,0.7685739,1.038406,0.2981569,43.12517,47.06863,72.37263,0.8249985,0.9405705,0.1840381,-0.5594508,-1.483564,0.4111418,Nothing
29.04392,24,2,3,0,0.7683264,1.038235,0.2988912,43.20103,47.40285,72.79185,0.825256,0.9406663,0.1838993,-0.5609788,-1.489308,0.4142452,Nothing
29.06,24,2,3,0,0.7681186,1.037726,0.3004074,43.34143,48.30301,73.80831,0.8258348,0.9408774,0.18368,-0.5652362,-1.49787,0.4217786,Nothing
29.06789,24,2,3,0,0.767754,1.037492,0.301459,43.40776,49.02047,74.5955,0.8262491,0.9410483,0.1835218,-0.56814,-1.504654,0.4302059,Nothing
29.07669,24,2,3,0,0.7675524,1.037357,0.3019672,43.44585,49.44083,75.01443,0.8265889,0.9411258,0.1834673,-0.5679878,-1.508245,0.4366074,Nothing
29.08432,24,2,3,0,0.7673965,1.037261,0.3024464,43.47975,49.87897,75.44914,0.8268069,0.9412361,0.1834584,-0.5690104,-1.51022,0.4427827,Nothing
29.09451,24,2,3,0,0.7672632,1.037161,0.3030743,43.52352,50.28572,75.8672,0.8269227,0.9413821,0.1835062,-0.5708266,-1.512383,0.4472302,Nothing
29.11754,24,2,3,0,0.7674668,1.036725,0.3037573,43.58485,51.38887,76.8657,0.8273416,0.9417258,0.1834611,-0.5728475,-1.509816,0.45917,Nothing
29.13078,24,2,3,0,0.7678203,1.036758,0.3035914,43.60625,51.74197,77.05314,0.8274496,0.941848,0.1834954,-0.5722045,-1.505213,0.4643537,Nothing
29.14362,24,2,3,0,0.7685487,1.036861,0.3035126,43.7008,52.13585,77.27689,0.8275203,0.9420384,0.1835087,-0.5743309,-1.499086,0.4684629,Nothing
29.15154,24,2,3,0,0.7687935,1.036831,0.3035598,43.74561,52.31702,77.39779,0.827525,0.9420218,0.1836715,-0.5753496,-1.495791,0.471237,Nothing
29.15889,24,2,3,0,0.7690632,1.036854,0.30364,43.79023,52.41753,77.45782,0.827468,0.9420118,0.183747,-0.5773426,-1.493727,0.471919,Nothing
29.16787,24,2,3,0,0.7692386,1.036957,0.303577,43.80627,52.5167,77.5098,0.8273862,0.942023,0.1838774,-0.5788506,-1.490481,0.473849,Nothing
29.17589,24,2,3,0,0.7694542,1.037093,0.3033817,43.78735,52.64035,77.59723,0.8272979,0.9420112,0.1839689,-0.5816434,-1.486001,0.4761749,Nothing
29.18457,24,2,3,0,0.7693759,1.037365,0.303188,43.71691,52.70454,77.63957,0.8271713,0.9420043,0.1840801,-0.5838393,-1.483282,0.4792034,Nothing
29.19303,24,2,3,0,0.769298,1.037367,0.30288,43.67574,52.78355,77.652,0.8269767,0.9419881,0.1841755,-0.5831361,-1.479214,0.4811315,Nothing
29.20172,24,2,3,0,0.7691744,1.037633,0.3027078,43.60405,52.81995,77.68382,0.8267689,0.9419855,0.1842412,-0.5858779,-1.476971,0.4830839,Nothing
29.20918,24,2,3,0,0.7689751,1.037897,0.3023132,43.51501,52.78644,77.6178,0.8266259,0.9420012,0.1843217,-0.5857213,-1.47423,0.4853423,Nothing
29.21734,24,2,3,0,0.7688835,1.038139,0.3020982,43.44746,52.84492,77.64718,0.8264493,0.9420397,0.1843739,-0.5874898,-1.471662,0.4873943,Nothing
29.22664,24,2,3,0,0.7687704,1.038473,0.3017513,43.34848,52.89231,77.63848,0.8262783,0.9421588,0.1843846,-0.5884095,-1.468876,0.489409,Nothing
29.23413,24,2,3,0,0.7688403,1.038677,0.3014185,43.28328,52.95314,77.63864,0.8261064,0.9422277,0.1844599,-0.589619,-1.46449,0.4907471,Nothing
29.24252,24,2,3,0,0.7687203,1.039016,0.3010827,43.17477,53.07396,77.68197,0.8259265,0.9423543,0.1845093,-0.590721,-1.460995,0.4939162,Nothing
29.25054,24,2,3,0,0.7686942,1.039372,0.3007685,43.07036,53.20961,77.73404,0.8257467,0.9424419,0.1845749,-0.5928527,-1.457091,0.4971968,Nothing
29.25943,24,2,3,0,0.7686005,1.03967,0.3004749,42.97266,53.3487,77.7942,0.8255672,0.9425421,0.1846782,-0.5940818,-1.453147,0.5006165,Nothing
29.26711,24,2,3,0,0.768628,1.039983,0.3001105,42.85224,53.63308,77.93712,0.825231,0.9426867,0.1848182,-0.5967257,-1.446161,0.5046754,Nothing
29.27673,24,2,3,0,0.7686368,1.040088,0.2999832,42.80907,53.79723,78.01891,0.8249897,0.9427978,0.1848995,-0.5977206,-1.44246,0.5060844,Nothing
29.28429,24,2,3,0,0.7686081,1.040146,0.3000008,42.77975,53.99849,78.17134,0.8246005,0.9428877,0.1850749,-0.6004646,-1.437912,0.5072406,Nothing
29.29268,24,2,3,0,0.7686496,1.040112,0.3000915,42.76263,54.18494,78.33842,0.8242498,0.9429222,0.1852658,-0.603779,-1.433485,0.5076333,Nothing
29.30055,24,2,3,0,0.7684959,1.040187,0.300196,42.71658,54.41471,78.55025,0.8238806,0.943015,0.1854323,-0.6070485,-1.429915,0.5095387,Nothing
29.30938,24,2,3,0,0.7682225,1.04034,0.3002697,42.62765,54.68234,78.80006,0.8234285,0.9431401,0.1856218,-0.6110036,-1.425789,0.5121735,Nothing
29.31733,24,2,3,0,0.7679164,1.040537,0.3002262,42.49599,54.96227,79.05854,0.8229298,0.9432753,0.1857771,-0.6155192,-1.420871,0.514873,Nothing
29.32555,24,2,3,0,0.7674345,1.040899,0.3001351,42.27899,55.43873,79.45264,0.8222823,0.9436894,0.1859156,-0.6200199,-1.414426,0.5190206,Nothing
29.33388,24,2,3,0,0.767155,1.040895,0.3000745,42.16056,55.74424,79.68066,0.8218344,0.9440426,0.1859338,-0.6202841,-1.41038,0.5191103,Nothing
29.34277,24,2,3,0,0.7670332,1.041017,0.3000032,42.05082,56.08689,79.92727,0.8214491,0.9445099,0.185976,-0.6209955,-1.405404,0.5195961,Nothing
29.351,24,2,3,0,0.7670018,1.041186,0.2999203,41.95832,56.43345,80.17396,0.8210284,0.9450111,0.1860566,-0.6222932,-1.399388,0.5199066,Nothing
29.35976,24,2,3,0,0.7669383,1.041274,0.2998827,41.86545,56.79167,80.43273,0.8205916,0.9455784,0.1861895,-0.6224792,-1.393075,0.5195265,Nothing
29.36787,24,2,3,0,0.7669838,1.041336,0.2998323,41.76889,57.2692,80.75874,0.8201075,0.9462019,0.1863771,-0.6227714,-1.384692,0.5197767,Nothing
29.37585,24,2,3,0,0.7668904,1.041565,0.2997858,41.64052,57.70173,81.06627,0.8197864,0.9468496,0.1865512,-0.6226979,-1.378231,0.5216393,Nothing
29.38451,24,2,3,0,0.7667919,1.041839,0.2996522,41.41816,58.42756,81.57692,0.8191075,0.9480016,0.1869496,-0.6221075,-1.364876,0.5228668,Nothing
29.39232,24,2,3,0,0.7666979,1.042067,0.2995135,41.26884,58.88397,81.89451,0.8186964,0.948777,0.1872887,-0.6211296,-1.355432,0.5244104,Nothing
29.40086,24,2,3,0,0.7666281,1.042411,0.2992709,41.05225,59.47863,82.28094,0.8182895,0.9498262,0.1876614,-0.6189987,-1.343839,0.5266299,Nothing
29.40919,24,2,3,0,0.7665588,1.042718,0.2990319,40.85026,60.04491,82.64196,0.8178713,0.9507349,0.1879758,-0.6175482,-1.333086,0.5289458,Nothing
29.41827,24,2,3,0,0.7664856,1.043125,0.2986273,40.58295,60.77455,83.07242,0.8175154,0.9518853,0.1883825,-0.6139359,-1.319397,0.5335379,Nothing
29.42619,24,2,3,0,0.7664809,1.043723,0.2978948,40.19202,61.80189,83.63374,0.8172131,0.9530656,0.1887872,-0.6110361,-1.301335,0.5435328,Nothing
29.43528,24,2,3,0,0.766426,1.044296,0.2974174,39.84277,62.67925,84.12396,0.8170254,0.95437,0.1892362,-0.6065894,-1.286324,0.5509772,Nothing
29.44276,24,2,3,0,0.7661867,1.045268,0.2963476,39.241,64.04395,84.8056,0.8168169,0.9557522,0.189732,-0.6027026,-1.263792,0.5686786,Nothing
29.45102,24,2,3,0,0.7659946,1.046471,0.2951265,38.47813,65.79533,85.66649,0.8164847,0.9578599,0.1905698,-0.5960463,-1.232648,0.5879066,Nothing
29.45949,24,2,3,0,0.765933,1.047295,0.2940897,37.87857,67.23913,86.34398,0.816379,0.9594871,0.1912235,-0.5892243,-1.206842,0.6041324,Nothing
29.46781,24,2,3,0,0.7659951,1.047872,0.2931611,37.31589,68.70952,87.05457,0.8163887,0.961172,0.1918518,-0.5806355,-1.181073,0.6187014,Nothing
29.47671,24,2,3,0,0.7662274,1.048263,0.2927141,36.76858,70.183,87.7916,0.8164176,0.9629955,0.1925723,-0.5716215,-1.157607,0.6291308,Nothing
29.48399,24,2,3,0,0.7663211,1.048636,0.2923028,36.23903,71.57716,88.5274,0.8165103,0.9649103,0.1932641,-0.5615236,-1.135217,0.6392085,Nothing
29.49305,24,2,3,0,0.7663306,1.049004,0.2918788,35.69653,72.84319,89.22536,0.8167429,0.9668875,0.1939757,-0.5505229,-1.113606,0.6486273,Nothing
29.50135,24,2,3,0,0.7661785,1.04948,0.2915499,34.88953,74.54459,90.17162,0.8170207,0.9698883,0.1949859,-0.5335009,-1.086139,0.6591847,Nothing
29.51064,24,2,3,0,0.7653291,1.049867,0.2914177,34.33521,75.48214,90.72798,0.8173073,0.9720461,0.1956478,-0.5178468,-1.072271,0.6694428,Nothing
29.52707,24,2,3,0,0.7647405,1.050371,0.291218,33.43152,76.70579,91.46445,0.8180462,0.9766266,0.1968087,-0.4852931,-1.050333,0.6713335,Nothing
29.53551,24,2,3,0,0.7644031,1.050477,0.2909914,32.94836,77.40236,91.84415,0.8185595,0.9788554,0.1972728,-0.4669934,-1.039099,0.6748856,Nothing
29.55103,24,2,3,0,0.7630855,1.051281,0.2907128,32.04002,78.54654,92.42136,0.8193594,0.983291,0.1981083,-0.432577,-1.022563,0.6859102,Nothing
29.55951,24,2,3,0,0.7626086,1.051639,0.2906023,31.52624,79.13629,92.7235,0.8197203,0.9854819,0.1984722,-0.417399,-1.01418,0.6896608,Nothing
29.56789,24,2,3,0,0.7618813,1.052202,0.2902664,30.69991,80.09078,93.22085,0.8200704,0.9885627,0.1989242,-0.3983406,-0.9993147,0.6964018,Nothing
29.57597,24,2,3,0,0.7614049,1.052485,0.2901997,30.14307,80.773,93.5573,0.8203086,0.990608,0.1990347,-0.3852433,-0.9923841,0.7009727,Nothing
29.58484,24,2,3,0,0.7610524,1.05265,0.2902267,29.61771,81.48743,93.92159,0.8205122,0.9926217,0.1991702,-0.3721175,-0.9853622,0.7046466,Nothing
29.59252,24,2,3,0,0.7608464,1.052789,0.2902125,29.12043,82.198,94.31897,0.8206701,0.994671,0.1992628,-0.3596675,-0.9778087,0.7067387,Nothing
29.60155,24,2,3,0,0.7604455,1.052804,0.2905884,28.58111,83.00214,94.8066,0.8207732,0.9965315,0.1992678,-0.3490138,-0.9738623,0.7113997,Nothing
29.60985,24,2,3,0,0.759927,1.052948,0.2909604,28.00904,83.69217,95.19198,0.8209248,0.9984285,0.1992927,-0.3381212,-0.9712782,0.7165613,Nothing
29.61803,24,2,3,0,0.7591407,1.053133,0.2911445,27.35248,84.41932,95.58068,0.8208316,1.000063,0.1991027,-0.3307587,-0.9681752,0.7240008,Nothing
29.62606,24,2,3,0,0.7582885,1.053357,0.2911504,26.67429,85.11143,95.89683,0.8207018,1.001764,0.1990167,-0.3221003,-0.9627806,0.7316067,Nothing
29.63454,24,2,3,0,0.7572591,1.053596,0.2911391,25.72267,86.05824,96.27391,0.8205489,1.004158,0.1987628,-0.3093083,-0.9564932,0.7408515,Nothing
29.64275,24,2,3,0,0.7566213,1.053852,0.2909717,25.14417,86.59543,96.43021,0.8202995,1.005605,0.1985568,-0.3023132,-0.9518508,0.7454923,Nothing
29.65112,24,2,3,0,0.7561319,1.053881,0.2909645,24.58021,87.16243,96.64307,0.8200719,1.006879,0.1983002,-0.2962359,-0.9485808,0.7493662,Nothing
29.65916,24,2,3,0,0.7559155,1.053945,0.2908241,24.16948,87.56604,96.72913,0.8197297,1.008149,0.1981029,-0.2891517,-0.9453546,0.7480606,Nothing
29.66826,24,2,3,0,0.7559637,1.05396,0.2907251,23.82335,87.97806,96.837,0.8186447,1.009044,0.1980302,-0.2884823,-0.9399757,0.7391777,Nothing
29.67633,24,2,3,0,0.7563646,1.053738,0.290754,23.62033,88.35292,96.95496,0.8181587,1.010139,0.197886,-0.2815977,-0.9379587,0.7306251,Nothing
29.68535,24,2,3,0,0.7568091,1.053468,0.2907691,23.31554,88.89671,97.14764,0.8175218,1.011729,0.197769,-0.2714981,-0.934002,0.7204574,Nothing
29.70113,24,2,3,0,0.7582409,1.052571,0.2913427,23.25568,89.38889,97.44372,0.8161443,1.013289,0.1977524,-0.2623271,-0.9349357,0.6915741,Nothing
29.70991,24,2,3,0,0.7581826,1.052404,0.2915533,23.09361,89.58518,97.58211,0.8156194,1.014106,0.1977171,-0.2580029,-0.9356594,0.6858671,Nothing
29.71748,24,2,3,0,0.7581046,1.052232,0.2916958,22.93099,89.6685,97.65337,0.8152357,1.015065,0.1979104,-0.2510391,-0.935038,0.6794101,Nothing
29.72639,24,2,3,0,0.7582183,1.052051,0.291788,22.76658,89.84461,97.73409,0.8148219,1.015827,0.1979105,-0.2463194,-0.9346423,0.6730818,Nothing
29.7341,24,2,3,0,0.7584953,1.051981,0.2914751,22.64552,89.94878,97.74535,0.8144475,1.016553,0.1979354,-0.2417503,-0.9306991,0.6651828,Nothing
29.74252,24,2,3,0,0.7588199,1.051805,0.2913996,22.58432,90.04852,97.76559,0.8141202,1.017254,0.1979648,-0.2362143,-0.929336,0.6570156,Nothing
29.75069,24,2,3,0,0.7594274,1.051411,0.2914304,22.61658,90.14472,97.81683,0.8148811,1.018329,0.1977274,-0.2220054,-0.9329882,0.6542395,Nothing
29.76002,24,2,3,0,0.7605426,1.050881,0.2914927,22.74295,90.34554,97.92683,0.8146577,1.01932,0.1977796,-0.211898,-0.9323889,0.6389353,Nothing
29.7674,24,2,3,0,0.7612361,1.050619,0.2914767,22.79252,90.47675,97.98038,0.8144658,1.019979,0.1977895,-0.206071,-0.9316461,0.6290457,Nothing
29.77682,24,2,3,0,0.761737,1.050368,0.291498,22.80459,90.61324,98.04906,0.8143941,1.020606,0.1978888,-0.1999707,-0.93035,0.622286,Nothing
29.78501,24,2,3,0,0.7620295,1.050261,0.2914393,22.78008,90.7277,98.09476,0.8143231,1.021153,0.1979656,-0.1952481,-0.9285119,0.6179869,Nothing
29.79281,24,2,3,0,0.7620363,1.050207,0.2915,22.67424,90.77953,98.11537,0.8142824,1.021649,0.198056,-0.1913254,-0.9282504,0.6160426,Nothing
29.80135,24,2,3,0,0.7615186,1.050485,0.2914417,22.44178,90.86869,98.14764,0.8142316,1.022052,0.1981232,-0.1904985,-0.9261108,0.6210597,Nothing
29.80925,24,2,3,0,0.7614529,1.050595,0.2912475,22.24735,90.98384,98.19402,0.8141507,1.022458,0.1981632,-0.1894315,-0.9226835,0.621291,Nothing
29.81796,24,2,3,0,0.7610177,1.050812,0.2911902,21.9566,91.18183,98.28109,0.8140112,1.022967,0.1982481,-0.1884179,-0.9192774,0.6256645,Nothing
29.82569,24,2,3,0,0.7609524,1.050827,0.2910836,21.78051,91.30138,98.32519,0.8139107,1.023266,0.1982628,-0.1874373,-0.9169537,0.6258729,Nothing
29.8352,24,2,3,0,0.760713,1.051021,0.290902,21.5942,91.45078,98.35123,0.8135987,1.023362,0.1982906,-0.1896842,-0.9129773,0.6275976,Nothing
29.84342,24,2,3,0,0.7604962,1.05126,0.2906788,21.41391,91.59753,98.36237,0.8134881,1.023587,0.1983117,-0.1901375,-0.9088895,0.6306325,Nothing
29.85197,24,2,3,0,0.7603503,1.051588,0.2904787,21.22823,91.71339,98.36294,0.8134031,1.023854,0.1982876,-0.1914395,-0.9057044,0.6329496,Nothing
29.86764,24,2,3,0,0.7595758,1.052224,0.2901887,20.78462,91.97665,98.40188,0.8130994,1.024205,0.198341,-0.1955381,-0.8987004,0.6418529,Nothing
29.87605,24,2,3,0,0.7590582,1.052582,0.290169,20.50999,92.09029,98.43415,0.812859,1.024529,0.1986102,-0.1972181,-0.8941739,0.645917,Nothing
29.88435,24,2,3,0,0.7580377,1.0532,0.2900222,20.04902,92.28942,98.46742,0.8125943,1.024744,0.1987388,-0.2022869,-0.8881793,0.6569023,Nothing
29.89291,24,2,3,0,0.7567548,1.053805,0.2896674,19.62583,92.40708,98.46162,0.8126042,1.024741,0.1986572,-0.2071439,-0.8828546,0.6725137,Nothing
29.90171,24,2,3,0,0.7549819,1.054617,0.2895172,18.98392,92.56239,98.45398,0.8124345,1.024772,0.1987293,-0.2152253,-0.8769634,0.6918896,Nothing
29.9097,24,2,3,0,0.7534054,1.055319,0.2891216,18.4008,92.71534,98.41061,0.8122478,1.024933,0.1987259,-0.2206696,-0.8698088,0.7082782,Nothing
29.9177,24,2,3,0,0.7518966,1.056046,0.2886235,17.80527,92.89417,98.32063,0.8119371,1.025017,0.1987961,-0.2270982,-0.8605056,0.723293,Nothing
29.92699,24,2,3,0,0.7507195,1.056734,0.2880226,17.28698,93.10064,98.20138,0.8117878,1.025079,0.1989067,-0.2324607,-0.8496472,0.736917,Nothing
29.9352,24,2,3,0,0.7499924,1.057266,0.2874861,16.87555,93.32264,98.11331,0.8117511,1.024987,0.1989236,-0.2382987,-0.8402466,0.7476143,Nothing
29.94257,24,2,3,0,0.7495729,1.05775,0.2868685,16.54739,93.56395,98.01167,0.8116053,1.025038,0.1990053,-0.2421322,-0.8296461,0.7539221,Nothing
29.951,24,2,3,0,0.7489352,1.058578,0.285717,16.08528,93.87606,97.78555,0.8114827,1.024981,0.1992702,-0.2485109,-0.810573,0.7639638,Nothing
29.95943,24,2,3,0,0.7496225,1.059125,0.2842588,16.03616,94.1138,97.46367,0.8113194,1.025033,0.1994036,-0.2487671,-0.792699,0.7591367,Nothing
29.96785,24,2,3,0,0.7495965,1.059885,0.2831042,15.79336,94.33442,97.23692,0.8111677,1.025092,0.1995377,-0.2534265,-0.7768865,0.7613071,Nothing
29.97659,24,2,3,0,0.7500696,1.060472,0.2818649,15.67805,94.5854,96.97762,0.8110511,1.025115,0.1999029,-0.2556613,-0.7583118,0.7588971,Nothing
29.98445,24,2,3,0,0.7502133,1.060986,0.2809559,15.43431,94.91602,96.81934,0.810886,1.025181,0.2000774,-0.2592791,-0.7435065,0.7598279,Nothing
29.99281,24,2,3,0,0.7498768,1.061507,0.2803985,15.06533,95.27508,96.74902,0.8105853,1.025351,0.200043,-0.2643121,-0.7333837,0.7641714,Nothing
30.00184,24,2,3,0,0.7491427,1.062231,0.279655,14.41529,95.8352,96.6845,0.8102518,1.025208,0.2000733,-0.2762074,-0.7170158,0.7746433,Nothing
30.01007,24,2,3,0,0.7479613,1.062732,0.2793616,13.77772,96.26694,96.70837,0.8099799,1.025308,0.2001546,-0.2844119,-0.7057722,0.7874255,Nothing
30.01814,24,2,3,0,0.7466817,1.063109,0.2794112,13.05549,96.74607,96.80396,0.8096505,1.025327,0.2001219,-0.2946659,-0.6978411,0.8010986,Nothing
30.02657,24,2,3,0,0.7453399,1.06333,0.2794377,12.30227,97.21638,96.91437,0.8092992,1.025336,0.2000286,-0.3043888,-0.6901128,0.8144864,Nothing
30.03485,24,2,3,0,0.7437717,1.063588,0.2798165,11.47226,97.71098,97.07514,0.8088289,1.025679,0.1998987,-0.3132612,-0.6855205,0.8286928,Nothing
30.04293,24,2,3,0,0.7417004,1.063751,0.280441,10.47668,98.20951,97.26007,0.8085993,1.025635,0.1999228,-0.3267226,-0.6797231,0.8502849,Nothing
30.05099,24,2,3,0,0.7400533,1.063689,0.2806388,9.626326,98.67037,97.36826,0.8082426,1.025539,0.1996023,-0.3371876,-0.6747332,0.8659794,Nothing
30.05928,24,2,3,0,0.7376378,1.063774,0.2811987,8.522676,99.15391,97.49675,0.8079498,1.025646,0.1994224,-0.3504142,-0.6695352,0.8892629,Nothing
30.06858,24,2,3,0,0.7344877,1.063836,0.2817658,7.035394,99.89303,97.64786,0.8077908,1.025671,0.1992331,-0.3692794,-0.6576879,0.9224231,Nothing
30.08524,24,2,3,0,0.7309979,1.063776,0.2823624,5.237176,100.7737,97.72982,0.8072966,1.026082,0.1988235,-0.3889327,-0.6452773,0.9552247,Nothing
30.09431,24,2,3,0,0.7296813,1.063639,0.2827516,4.44938,101.227,97.8003,0.8070574,1.026194,0.1984947,-0.3985269,-0.641283,0.9684305,Nothing
30.11054,24,2,3,0,0.728205,1.063199,0.2832128,3.159156,102.064,97.84197,0.8067763,1.026757,0.1979866,-0.4081808,-0.6329578,0.9846151,Nothing
30.12637,24,2,3,0,0.7276024,1.062557,0.2835234,2.214279,102.769,97.90904,0.8061368,1.027783,0.1974271,-0.4072937,-0.6294831,0.9884928,Nothing
30.13426,24,2,3,0,0.7271273,1.062223,0.2842091,1.52635,103.2258,98.01814,0.8058968,1.028368,0.1969707,-0.411088,-0.6313651,0.994754,Nothing
30.14439,24,2,3,0,0.7274834,1.061752,0.2845124,1.268121,103.4606,98.0988,0.8059289,1.028813,0.1967679,-0.4073876,-0.6332011,0.9938741,Nothing
30.15958,24,2,3,0,0.7288751,1.06085,0.2849554,1.071501,103.8555,98.34032,0.805924,1.029637,0.1959612,-0.3974213,-0.6423992,0.9863743,Nothing
30.16907,24,2,3,0,0.7294463,1.060181,0.2852492,0.9428461,104.0609,98.44229,0.8062052,1.029949,0.1959757,-0.3908508,-0.642799,0.9858349,Nothing
30.1843,24,2,3,0,0.7310202,1.059035,0.2860128,0.810446,104.3942,98.7136,0.806604,1.03098,0.195925,-0.3750618,-0.6491967,0.9793124,Nothing
30.19513,24,2,3,0,0.7319833,1.057954,0.2864888,0.7047294,104.6165,98.89736,0.8070316,1.03196,0.1959177,-0.3585392,-0.6532923,0.9772099,Nothing
30.20855,24,2,3,0,0.7327631,1.057039,0.2869949,0.5525213,104.8345,99.06213,0.8076153,1.033151,0.1961022,-0.3417476,-0.6552088,0.9778919,Nothing
30.21738,24,2,3,0,0.7334152,1.056241,0.2875847,0.3539563,105.0202,99.23478,0.8082354,1.034216,0.1961945,-0.3285822,-0.6584824,0.9802235,Nothing
30.22594,24,2,3,0,0.7336812,1.055729,0.2879355,0.2135344,105.1464,99.30237,0.808731,1.034795,0.1962985,-0.3206657,-0.6591738,0.984108,Nothing
30.23421,24,2,3,0,0.7343212,1.055122,0.2881517,0.1706337,105.2345,99.34917,0.8090675,1.035522,0.196374,-0.3086201,-0.6616788,0.9823776,Nothing
30.24168,24,2,3,0,0.7349246,1.054764,0.288123,0.1633715,105.3307,99.35541,0.8094931,1.036144,0.1964319,-0.2986152,-0.6612565,0.9815206,Nothing
30.25022,24,2,3,0,0.7360529,1.054446,0.2878984,0.285959,105.3985,99.35411,0.8100566,1.036648,0.1964226,-0.2880032,-0.6612347,0.9765682,Nothing
30.25838,24,2,3,0,0.7377408,1.05429,0.2873736,0.6628693,105.4415,99.30641,0.8104887,1.037188,0.1964267,-0.2738461,-0.6611494,0.9643669,Nothing
30.26669,24,2,3,0,0.7388015,1.054134,0.2869841,0.8755654,105.5104,99.30051,0.8109491,1.037562,0.196457,-0.2644154,-0.6590148,0.958676,Nothing
30.27516,24,2,3,0,0.7413312,1.053816,0.2864356,1.364659,105.5306,99.26728,0.8115711,1.038248,0.196401,-0.2463227,-0.6620913,0.939868,Nothing
30.28328,24,2,3,0,0.7426386,1.053817,0.2857741,1.750124,105.4723,99.22492,0.8119828,1.038616,0.1963468,-0.2358151,-0.6612856,0.9294896,Nothing
30.29224,24,2,3,0,0.7441645,1.053987,0.2851369,2.215699,105.2933,99.12917,0.8127023,1.038926,0.1961041,-0.2264416,-0.6641977,0.9192833,Nothing
30.30021,24,2,3,0,0.7453961,1.05391,0.2846569,2.594371,105.1506,99.06304,0.8130968,1.039179,0.196032,-0.2169258,-0.6663505,0.9088464,Nothing
30.30877,24,2,3,0,0.7467247,1.053936,0.2840662,2.988923,105.0549,98.99313,0.8135306,1.039319,0.1958983,-0.2092581,-0.6670669,0.8983486,Nothing
30.31736,24,2,3,0,0.7478189,1.053908,0.2837399,3.417077,104.8288,98.94754,0.813897,1.039382,0.1957982,-0.2022942,-0.6714697,0.8885478,Nothing
30.32537,24,2,3,0,0.7487944,1.053647,0.2835557,3.758284,104.6638,98.9229,0.8144333,1.039481,0.1957976,-0.1938887,-0.6747091,0.8820614,Nothing
30.33342,24,2,3,0,0.7500696,1.053461,0.283237,4.237137,104.3833,98.8737,0.8151996,1.039752,0.1957658,-0.1825195,-0.6793218,0.8732598,Nothing
30.3419,24,2,3,0,0.7506227,1.05338,0.2830549,4.520675,104.1486,98.82248,0.8156392,1.039718,0.1955871,-0.1780653,-0.6839143,0.8695952,Nothing
30.35003,24,2,3,0,0.7507054,1.053317,0.2831383,4.781959,103.929,98.80058,0.8159767,1.039542,0.1954395,-0.1757394,-0.6893185,0.8703929,Nothing
30.35862,24,2,3,0,0.7509359,1.053306,0.283006,5.012601,103.715,98.73518,0.8164031,1.039459,0.1953605,-0.17262,-0.6921135,0.8698906,Nothing
30.36647,24,2,3,0,0.7518587,1.053069,0.2827612,5.305326,103.5396,98.70634,0.816929,1.039211,0.1952235,-0.1689481,-0.6952495,0.8638791,Nothing
30.37569,24,2,3,0,0.7522618,1.053009,0.2826586,5.553096,103.3541,98.66744,0.8173813,1.039079,0.1951892,-0.1659934,-0.6977356,0.8622324,Nothing
30.38381,24,2,3,0,0.7526592,1.052939,0.2825902,5.807493,103.1616,98.63831,0.8179188,1.038914,0.1951878,-0.1632087,-0.7000785,0.8614219,Nothing
30.3922,24,2,3,0,0.7535778,1.05254,0.2824886,6.1806,102.8625,98.6237,0.8184881,1.038604,0.1952,-0.1580015,-0.705026,0.8542292,Nothing
30.40066,24,2,3,0,0.7538286,1.05245,0.2825623,6.392963,102.6763,98.62141,0.8189763,1.03839,0.1952212,-0.1564746,-0.7080193,0.8546836,Nothing
30.40884,24,2,3,0,0.7541096,1.052483,0.2826292,6.611031,102.5057,98.63524,0.819614,1.038108,0.1951987,-0.1567969,-0.7106009,0.8568143,Nothing
30.41724,24,2,3,0,0.7540332,1.052454,0.2827841,6.760524,102.3016,98.637,0.8201532,1.037817,0.1952564,-0.1571942,-0.7132071,0.8609816,Nothing
30.42532,24,2,3,0,0.7542835,1.052145,0.28282,6.941715,102.0609,98.60786,0.8208677,1.037699,0.1952929,-0.1524278,-0.7165499,0.862444,Nothing
30.43356,24,2,3,0,0.7541753,1.052177,0.2828322,7.072587,101.8585,98.57018,0.821458,1.037464,0.195347,-0.1523226,-0.7177253,0.8671425,Nothing
30.44164,24,2,3,0,0.7540366,1.052216,0.2828745,7.192483,101.6673,98.54269,0.8220455,1.037245,0.1954027,-0.1523594,-0.7189723,0.8723021,Nothing
30.45045,24,2,3,0,0.7542118,1.052187,0.282684,7.320539,101.4671,98.49128,0.8230743,1.037104,0.1955166,-0.1499581,-0.7175768,0.8778473,Nothing
30.45844,24,2,3,0,0.7540487,1.052275,0.2826447,7.471767,101.2268,98.43669,0.8241999,1.036855,0.1956147,-0.1490895,-0.7174321,0.8878683,Nothing
30.4676,24,2,3,0,0.753882,1.052637,0.2822675,7.581654,101.0918,98.36344,0.8250825,1.036577,0.1955821,-0.1513378,-0.7136688,0.8968418,Nothing
30.47517,24,2,3,0,0.7538677,1.052842,0.2820281,7.683697,100.9939,98.29672,0.8260066,1.036467,0.1956389,-0.150594,-0.7105132,0.9048591,Nothing
30.48377,24,2,3,0,0.7539208,1.052952,0.2819076,7.806941,100.8676,98.24505,0.8270636,1.036325,0.1957709,-0.1491147,-0.708244,0.9132048,Nothing
30.49216,24,2,3,0,0.753848,1.053185,0.2816762,7.954985,100.7733,98.16126,0.8279337,1.036159,0.1958338,-0.1482141,-0.7051393,0.9215083,Nothing
30.50013,24,2,3,0,0.7541071,1.053435,0.2812597,8.126098,100.6842,98.06131,0.8289395,1.03604,0.1958767,-0.1465316,-0.7008052,0.9276182,Nothing
30.50889,24,2,3,0,0.7542312,1.053671,0.2809825,8.28531,100.5573,97.9693,0.8300261,1.035951,0.1959701,-0.1445723,-0.6976236,0.935522,Nothing
30.51666,24,2,3,0,0.7543928,1.053903,0.2806314,8.448388,100.4288,97.86978,0.831016,1.035809,0.1960441,-0.1430801,-0.6941411,0.9420739,Nothing
30.52622,24,2,3,0,0.7546092,1.054326,0.2799144,8.709663,100.206,97.68678,0.8324894,1.035516,0.19626,-0.1414569,-0.6863943,0.951467,Nothing
30.53381,24,2,3,0,0.7548277,1.054554,0.2794246,8.947826,99.98397,97.52607,0.8334386,1.035359,0.1963791,-0.1384104,-0.6831042,0.955775,Nothing
30.54298,24,2,3,0,0.7550203,1.054881,0.2788511,9.160988,99.77842,97.37668,0.8343909,1.035211,0.1964875,-0.1366041,-0.6786104,0.960623,Nothing
30.55136,24,2,3,0,0.7553291,1.055243,0.2782878,9.386832,99.57211,97.23434,0.8351519,1.035177,0.1967187,-0.1343217,-0.6736029,0.9621636,Nothing
30.55924,24,2,3,0,0.7555031,1.055546,0.2777139,9.587704,99.38367,97.08961,0.8360637,1.035055,0.1968237,-0.1322335,-0.6689812,0.9670319,Nothing
30.56773,24,2,3,0,0.7557666,1.055732,0.2772356,9.782248,99.21978,96.95957,0.8370553,1.034948,0.196907,-0.1291287,-0.6652982,0.9721001,Nothing
30.57574,24,2,3,0,0.7559282,1.056089,0.2766605,9.995475,99.00013,96.78584,0.838698,1.034603,0.1969319,-0.1280002,-0.6607746,0.9847081,Nothing
30.58429,24,2,3,0,0.7560104,1.056339,0.2762283,10.13824,98.84602,96.66517,0.8396674,1.034514,0.1969508,-0.1260384,-0.6577299,0.9917628,Nothing
30.59262,24,2,3,0,0.7562002,1.05663,0.2758624,10.23855,98.7507,96.57434,0.8406091,1.034442,0.1969888,-0.1254402,-0.6542228,0.9982533,Nothing
30.60098,24,2,3,0,0.7564204,1.056728,0.2756448,10.37291,98.63227,96.48756,0.8416024,1.034458,0.1972245,-0.1214955,-0.6509796,1.004153,Nothing
30.6095,24,2,3,0,0.7566288,1.056814,0.2753782,10.51923,98.48855,96.40076,0.842485,1.034409,0.1972872,-0.1182498,-0.6495212,1.00909,Nothing
30.61829,24,2,3,0,0.7570458,1.056814,0.2751902,10.70674,98.37996,96.34053,0.8433395,1.034365,0.1973459,-0.1140729,-0.6487471,1.012068,Nothing
30.62766,24,2,3,0,0.7577012,1.056839,0.2748053,11.0056,98.17509,96.2037,0.844588,1.034302,0.1974702,-0.1073297,-0.6470902,1.015283,Nothing
30.64271,24,2,3,0,0.7591456,1.056779,0.273825,11.59284,97.82185,95.92991,0.8461049,1.034135,0.1975338,-0.09543291,-0.6439223,1.011151,Nothing
30.65103,24,2,3,0,0.759982,1.056719,0.2731738,11.95937,97.59725,95.74232,0.846798,1.034068,0.1975488,-0.08769998,-0.6420954,1.006527,Nothing
30.65948,24,2,3,0,0.7610664,1.056697,0.2723481,12.40345,97.30738,95.49303,0.8475011,1.033937,0.1975057,-0.07971834,-0.6404836,0.9989402,Nothing
30.66753,24,2,3,0,0.7622594,1.056587,0.2715093,12.91729,96.95818,95.22266,0.8481978,1.033855,0.1974942,-0.06956404,-0.6396426,0.9892556,Nothing
30.67622,24,2,3,0,0.7640163,1.056501,0.2703809,13.63416,96.47065,94.86064,0.8488385,1.033753,0.1974062,-0.05747847,-0.6396459,0.9718416,Nothing
30.68391,24,2,3,0,0.765366,1.056419,0.2694876,14.18901,96.07602,94.56973,0.8496028,1.033668,0.1973186,-0.04754277,-0.6394044,0.9609215,Nothing
30.69312,24,2,3,0,0.7677953,1.056401,0.2678657,15.20463,95.23479,93.97677,0.8506302,1.033489,0.1971639,-0.03209089,-0.6404964,0.9368975,Nothing
30.70078,24,2,3,0,0.7690729,1.056354,0.2667736,15.86525,94.59921,93.52359,0.8513929,1.033341,0.1969769,-0.02089616,-0.6423532,0.9243291,Nothing
30.70973,24,2,3,0,0.7704513,1.056302,0.2655308,16.53692,93.89211,93.01307,0.8518163,1.033297,0.1967208,-0.009594112,-0.6444138,0.9063867,Nothing
30.7178,24,2,3,0,0.7718963,1.056235,0.2641652,17.2365,93.12861,92.44235,0.8526352,1.033105,0.1964182,0.001995106,-0.6458327,0.8914713,Nothing
30.72704,24,2,3,0,0.7736197,1.056247,0.2624348,17.99357,92.32386,91.82496,0.853572,1.032918,0.1959946,0.01336465,-0.6449353,0.8747894,Nothing
30.73482,24,2,3,0,0.7756438,1.055985,0.2607424,18.89456,91.38681,91.09276,0.854508,1.032644,0.1956232,0.0280721,-0.6453224,0.8533109,Nothing
30.74303,24,2,3,0,0.7777427,1.055555,0.259158,19.70265,90.51921,90.42168,0.8556264,1.032158,0.1953173,0.04038599,-0.6443825,0.8340428,Nothing
30.75091,24,2,3,0,0.7798275,1.055207,0.2574594,20.5997,89.51503,89.6253,0.8567156,1.031751,0.1949021,0.05428788,-0.6444765,0.8133604,Nothing
30.75939,24,2,3,0,0.7830959,1.054629,0.2549531,21.99526,87.842,88.34239,0.8584454,1.030906,0.1942524,0.07327666,-0.6459182,0.7812721,Nothing
30.76765,24,2,3,0,0.7851822,1.054178,0.2533662,22.8635,86.75133,87.47204,0.8597131,1.030324,0.1937588,0.08594795,-0.6470573,0.7622891,Nothing
30.77689,24,2,3,0,0.787242,1.053735,0.2515476,23.77264,85.48412,86.4256,0.8610637,1.029663,0.1932202,0.099587,-0.6475491,0.7431965,Nothing
30.78487,24,2,3,0,0.7895282,1.053224,0.2496704,24.59363,84.29543,85.41527,0.8625343,1.028966,0.1927667,0.111293,-0.6448489,0.7244051,Nothing
30.79271,24,2,3,0,0.7913991,1.052776,0.2482439,25.35777,83.13033,84.47746,0.8639908,1.028174,0.1922137,0.1216759,-0.6473845,0.7101169,Nothing
30.80108,24,2,3,0,0.7926219,1.052587,0.2473052,25.99659,82.02489,83.66821,0.8657489,1.027376,0.1915683,0.1312411,-0.6561561,0.7058915,Nothing
30.80981,24,2,3,0,0.7938573,1.052133,0.2464448,26.63723,80.89714,82.80885,0.8672647,1.026334,0.1909058,0.1405013,-0.6655929,0.698854,Nothing
30.81776,24,2,3,0,0.7958401,1.051537,0.2448976,27.53424,79.1918,81.45361,0.8693902,1.02491,0.1899128,0.1534336,-0.6764125,0.685859,Nothing
30.82622,24,2,3,0,0.7972243,1.051266,0.2436844,28.08443,78.04295,80.49166,0.8709109,1.023888,0.1892755,0.1604663,-0.6816298,0.6788679,Nothing
30.83449,24,2,3,0,0.7981744,1.050989,0.2424578,28.54744,76.94154,79.49277,0.8720859,1.022658,0.188558,0.1658746,-0.6873057,0.6742209,Nothing
30.84256,24,2,3,0,0.7996447,1.050415,0.2414742,29.06454,75.79366,78.49294,0.8731437,1.021286,0.187829,0.170108,-0.6945894,0.6623265,Nothing
30.85123,24,2,3,0,0.8010271,1.049777,0.2398728,29.51892,74.68439,77.42311,0.8739496,1.019864,0.1870331,0.1733918,-0.6953506,0.650844,Nothing
30.8595,24,2,3,0,0.8023481,1.049156,0.2385139,29.93295,73.63329,76.32487,0.8745636,1.018355,0.1861763,0.1753825,-0.6982343,0.6389955,Nothing
30.86807,24,2,3,0,0.8038422,1.048553,0.2370308,30.3659,72.51527,75.21946,0.8750896,1.016559,0.1852693,0.1732208,-0.7010568,0.6262762,Nothing
30.87614,24,2,3,0,0.8050829,1.047853,0.235653,30.76611,71.45099,74.10558,0.8754367,1.014808,0.1842293,0.1728006,-0.7053317,0.6137381,Nothing
30.88389,24,2,3,0,0.8065559,1.046993,0.2345161,31.16577,70.32413,72.99766,0.8756046,1.013124,0.183246,0.1717425,-0.7105264,0.5956861,Nothing
30.89304,24,2,3,0,0.8088955,1.045742,0.2327901,31.79157,68.65511,71.34989,0.8758927,1.010618,0.181821,0.1691582,-0.7166274,0.5690157,Nothing
30.90095,24,2,3,0,0.8103584,1.044833,0.2321652,32.20774,67.57759,70.36042,0.8758327,1.008853,0.1807996,0.1655535,-0.7257662,0.5489621,Nothing
30.90968,24,2,3,0,0.8116419,1.043832,0.2316417,32.60213,66.52094,69.40656,0.8756624,1.007114,0.179978,0.1623912,-0.7333885,0.5295926,Nothing
30.91787,24,2,3,0,0.8127176,1.043044,0.2312985,32.9342,65.53287,68.55254,0.8755972,1.005413,0.1792061,0.1582024,-0.7430068,0.514033,Nothing
30.92605,24,2,3,0,0.8136327,1.042315,0.230915,33.21091,64.61807,67.75935,0.8752732,1.003726,0.1785455,0.151782,-0.750648,0.4993684,Nothing
30.9342,24,2,3,0,0.8145654,1.041565,0.2305357,33.47604,63.70132,66.95261,0.874705,1.002036,0.1781704,0.1434345,-0.7548547,0.4838043,Nothing
30.94335,24,2,3,0,0.8155502,1.04067,0.2304997,33.76051,62.59924,66.07243,0.8741488,0.9995313,0.1773846,0.1306942,-0.769309,0.4671551,Nothing
30.95133,24,2,3,0,0.8157151,1.040379,0.230464,33.89379,61.91159,65.57141,0.8736158,0.9979907,0.1769466,0.1214728,-0.7793233,0.460339,Nothing
30.95955,24,2,3,0,0.8158533,1.04022,0.230626,33.9784,61.38759,65.24508,0.8731644,0.996449,0.1764928,0.1102614,-0.7913607,0.4558934,Nothing
30.96803,24,2,3,0,0.8159688,1.039968,0.2303652,34.0672,60.69617,64.71716,0.8727132,0.9949283,0.1759998,0.1015982,-0.800258,0.4507066,Nothing
30.97591,24,2,3,0,0.8157096,1.040099,0.2300562,34.00473,60.24878,64.38537,0.8722167,0.9933633,0.1755611,0.08919676,-0.8097592,0.4528501,Nothing
30.98466,24,2,3,0,0.8157341,1.040003,0.2297526,34.01208,59.71149,63.95528,0.8717701,0.992016,0.175234,0.07998072,-0.8163791,0.4505009,Nothing
30.99297,24,2,3,0,0.8158341,1.039902,0.2294173,34.02243,59.15738,63.50834,0.8713514,0.9906676,0.1749505,0.07060324,-0.8223019,0.447962,Nothing
31.00143,24,2,3,0,0.8162864,1.039585,0.2290735,34.06892,58.45034,62.91795,0.8706882,0.9887292,0.174545,0.0561027,-0.8299159,0.4413101,Nothing
31.01004,24,2,3,0,0.8167511,1.039556,0.228727,34.16588,57.99533,62.55602,0.8703365,0.987552,0.1744411,0.04516245,-0.8322107,0.4386578,Nothing
31.0181,24,2,3,0,0.8174596,1.039201,0.2287045,34.32698,57.56661,62.20398,0.8699602,0.9864789,0.1745019,0.03622856,-0.8332155,0.4317196,Nothing
31.02647,24,2,3,0,0.8178915,1.039173,0.2286038,34.46872,57.16597,61.89037,0.8696679,0.9854635,0.1745642,0.02708184,-0.8354119,0.429576,Nothing
31.03442,24,2,3,0,0.8185514,1.038907,0.2284518,34.61424,56.78957,61.5579,0.8693992,0.9846312,0.1748181,0.01974355,-0.8330641,0.4250854,Nothing
31.04286,24,2,3,0,0.8190281,1.038822,0.2282884,34.71173,56.4749,61.2771,0.8679612,0.983661,0.1754512,0.00193369,-0.8257567,0.4178239,Nothing
31.05072,24,2,3,0,0.8194753,1.038767,0.2279301,34.76718,56.2016,60.99179,0.8677068,0.9828951,0.1757006,-0.005941992,-0.8225763,0.417447,Nothing
31.05946,24,2,3,0,0.8198776,1.038735,0.2275806,34.78267,56.0135,60.75821,0.8674395,0.982096,0.1759101,-0.01450039,-0.8198866,0.4180557,Nothing
31.06744,24,2,3,0,0.8198555,1.03903,0.2269831,34.73248,55.88035,60.5773,0.8672687,0.9816828,0.1762058,-0.02030785,-0.8153108,0.4236245,Nothing
31.07642,24,2,3,0,0.820003,1.039389,0.2262786,34.66958,55.74975,60.36436,0.8669689,0.9808605,0.1765875,-0.03154301,-0.8102884,0.4307334,Nothing
31.08389,24,2,3,0,0.8196685,1.039874,0.2259308,34.56225,55.92717,60.46744,0.8665894,0.9803434,0.1769174,-0.04136682,-0.807694,0.4403611,Nothing
31.09921,24,2,3,0,0.8180758,1.041455,0.2254151,34.14787,56.87364,61.17193,0.8664545,0.980163,0.1773323,-0.05378379,-0.8063968,0.4712175,Nothing
31.1144,24,2,3,0,0.8152319,1.043914,0.2248009,33.53135,58.32031,62.30774,0.8661719,0.9798694,0.1779148,-0.07281345,-0.8061538,0.5201741,Nothing
31.12605,24,2,3,0,0.811799,1.046178,0.225182,32.83104,60.11395,63.84523,0.8658626,0.980159,0.1782341,-0.08722157,-0.8116429,0.566443,Nothing
31.13255,24,2,3,0,0.8086014,1.048215,0.2258973,32.17264,61.75332,65.32528,0.8656543,0.9803396,0.1785415,-0.102486,-0.8185777,0.6091822,Nothing
31.13898,24,2,3,0,0.8063381,1.049941,0.2266009,31.63852,62.95864,66.42802,0.8654785,0.9804255,0.1788273,-0.1182769,-0.8244953,0.6408768,Nothing
31.14738,24,2,3,0,0.8024518,1.052174,0.22783,30.7802,64.82762,68.1599,0.8652015,0.9807605,0.1791137,-0.1375731,-0.8330595,0.6889723,Nothing
31.15576,24,2,3,0,0.7988278,1.053598,0.2289268,29.91092,66.55598,69.7206,0.8648202,0.9812784,0.1793265,-0.1513891,-0.8364142,0.7287942,Nothing
31.16467,24,2,3,0,0.7941542,1.056228,0.2304364,28.85941,68.50643,71.49305,0.8646852,0.981625,0.1794472,-0.1755781,-0.8471957,0.7867874,Nothing
31.17197,24,2,3,0,0.7900964,1.058132,0.2317649,27.81691,70.28328,73.06731,0.8668291,0.9828941,0.1786778,-0.1766283,-0.8627799,0.8483499,Nothing
31.18014,24,2,3,0,0.7839597,1.060351,0.2339723,26.28016,72.70918,75.20306,0.8665143,0.9834405,0.1787676,-0.2063549,-0.8696031,0.9183471,Nothing
31.18867,24,2,3,0,0.7783242,1.062398,0.2362116,24.70759,74.94016,77.15315,0.8660012,0.9842652,0.1786484,-0.2384217,-0.8743906,0.9792379,Nothing
31.19702,24,2,3,0,0.7705505,1.064856,0.239575,22.39795,77.91216,79.73246,0.865027,0.9848075,0.1789042,-0.294321,-0.8735191,1.0627,Nothing
31.20486,24,2,3,0,0.7624914,1.066284,0.2436492,20.06234,80.51815,82.07362,0.8643805,0.9856024,0.1788032,-0.3408589,-0.8791514,1.143038,Nothing
31.21381,24,2,3,0,0.7554363,1.067335,0.2475219,17.79253,82.81345,84.11555,0.8635499,0.9865016,0.1786121,-0.3895222,-0.8800381,1.210203,Nothing
31.22218,24,2,3,0,0.7481792,1.067905,0.2517969,15.44522,85.01517,86.07368,0.8627428,0.9870205,0.178274,-0.4433437,-0.8812147,1.279228,Nothing
31.23071,24,2,3,0,0.7414072,1.067838,0.256402,13.03446,87.08486,87.94247,0.861841,0.9878702,0.1781103,-0.495993,-0.8785461,1.339868,Nothing
31.23848,24,2,3,0,0.7352476,1.06659,0.2611266,10.69401,89.02212,89.66831,0.8608798,0.9885967,0.1779504,-0.5416999,-0.8734539,1.392659,Nothing
31.24796,24,2,3,0,0.7277269,1.064546,0.268231,7.290324,91.72164,92.05978,0.8593472,0.9898651,0.1777462,-0.6132221,-0.8608707,1.455506,Nothing
31.25559,24,2,3,0,0.7230539,1.062873,0.2728105,5.072646,93.36901,93.46019,0.858162,0.9906838,0.1777206,-0.6593325,-0.8491716,1.492487,Nothing
31.26534,24,2,3,0,0.7199601,1.060543,0.2769211,3.282831,94.84168,94.60327,0.8568631,0.9915435,0.1776724,-0.6876929,-0.8385404,1.515028,Nothing
31.27219,24,2,3,0,0.7177011,1.058388,0.2806613,1.605689,96.24175,95.62328,0.8554969,0.9923974,0.1776712,-0.7149394,-0.8255386,1.529947,Nothing
31.28011,24,2,3,0,0.7147676,1.05669,0.2842384,359.7796,97.65647,96.60667,0.8540984,0.9932477,0.1777156,-0.7509904,-0.8066142,1.551049,Nothing
31.28883,24,2,3,0,0.7138065,1.054744,0.2871081,358.5269,98.79671,97.30692,0.8527104,0.9940727,0.177717,-0.7665021,-0.7951241,1.554647,Nothing
31.29678,24,2,3,0,0.7136447,1.053752,0.2889605,357.5644,99.84773,97.80848,0.8513094,0.9939532,0.1778038,-0.7894491,-0.7770447,1.550343,Nothing
31.30672,24,2,3,0,0.7142495,1.051442,0.2915283,356.2894,101.327,98.47034,0.8488733,0.9956715,0.177779,-0.7902424,-0.7599928,1.534463,Nothing
31.31334,24,2,3,0,0.7178309,1.051945,0.2897072,357.1328,101.3326,98.1226,0.8478917,0.9960628,0.1777838,-0.7605617,-0.7589843,1.494939,Nothing
31.32224,24,2,3,0,0.7188915,1.050761,0.291488,356.1108,102.6425,98.60423,0.8453381,0.9972485,0.1777471,-0.7671412,-0.7434959,1.472169,Nothing
31.33086,24,2,3,0,0.7216531,1.050964,0.2905454,356.5423,102.8671,98.47023,0.8434756,0.9980472,0.1776842,-0.7451378,-0.7440794,1.432781,Nothing
31.33862,24,2,3,0,0.7232294,1.050722,0.2900763,356.4804,103.2439,98.4693,0.8415639,0.9988508,0.1775818,-0.7335417,-0.7405977,1.402849,Nothing
31.34672,24,2,3,0,0.7247066,1.050189,0.2902833,356.3482,103.6636,98.57883,0.8396283,0.9996474,0.1774398,-0.7232397,-0.7421032,1.37547,Nothing
31.35574,24,2,3,0,0.725992,1.049976,0.2891975,356.3656,103.8089,98.44399,0.8374444,1.001053,0.1772125,-0.7020943,-0.743004,1.342437,Nothing
31.36333,24,2,3,0,0.7270372,1.049565,0.2890279,356.1441,104.1405,98.46936,0.8354675,1.001862,0.1770664,-0.6935028,-0.743329,1.315931,Nothing
31.37193,24,2,3,0,0.7285378,1.048528,0.2887312,355.8729,104.4967,98.47173,0.833362,1.002629,0.1768689,-0.6793187,-0.7452259,1.2839,Nothing
31.38012,24,2,3,0,0.7288512,1.047813,0.2889687,355.3502,105.0475,98.54098,0.831186,1.003466,0.1766161,-0.6747478,-0.7438983,1.264811,Nothing
31.38884,24,2,3,0,0.7302448,1.046481,0.2891459,354.5154,105.8156,98.69266,0.8282403,1.003922,0.1763323,-0.6739131,-0.7415365,1.228226,Nothing
31.39796,24,2,3,0,0.7300327,1.045496,0.2896703,353.7782,106.4486,98.80717,0.8260181,1.004883,0.1762523,-0.6701555,-0.738547,1.214422,Nothing
31.40599,24,2,3,0,0.7305557,1.044242,0.2902773,353.0472,107.0795,98.95354,0.8238017,1.005484,0.1762379,-0.6669085,-0.7379139,1.193959,Nothing
31.41444,24,2,3,0,0.7305989,1.042739,0.291505,352.3022,107.7308,99.15613,0.8216173,1.006087,0.1762212,-0.6634063,-0.7413354,1.181345,Nothing
31.42219,24,2,3,0,0.7308331,1.041455,0.2925786,351.5818,108.3617,99.39272,0.8187237,1.006921,0.1764645,-0.6580354,-0.7444012,1.159391,Nothing
31.43179,24,2,3,0,0.7321413,1.039575,0.2936859,350.6982,109.2155,99.70514,0.8152865,1.007698,0.1767996,-0.6492394,-0.7481095,1.125185,Nothing
31.43929,24,2,3,0,0.7332665,1.038293,0.2944652,350.3325,109.6853,99.94534,0.8128906,1.007982,0.1770918,-0.6409454,-0.754455,1.09968,Nothing
31.44798,24,2,3,0,0.7351238,1.037382,0.2945053,350.355,109.9894,100.0858,0.810199,1.007932,0.1775145,-0.6282226,-0.7615514,1.061489,Nothing
31.45657,24,2,3,0,0.7365283,1.03663,0.2947091,350.1444,110.4162,100.2205,0.8077129,1.007704,0.177905,-0.6240016,-0.7648503,1.029589,Nothing
31.46554,24,2,3,0,0.7387029,1.036049,0.2943709,350.2613,110.6608,100.2978,0.8054053,1.00766,0.1781449,-0.6118626,-0.7724252,0.9908918,Nothing
31.47337,24,2,3,0,0.7406781,1.036079,0.2933845,350.4979,110.8996,100.2055,0.8029835,1.007597,0.1784154,-0.6004683,-0.7748491,0.9503654,Nothing
31.48328,24,2,3,0,0.7431578,1.035635,0.2924702,350.5628,111.3382,100.148,0.7994034,1.007105,0.178862,-0.5903816,-0.7789357,0.8955445,Nothing
31.49068,24,2,3,0,0.7444853,1.035498,0.2916918,350.5684,111.6402,100.0322,0.7973043,1.006855,0.1790477,-0.5845324,-0.7795602,0.864278,Nothing
31.49866,24,2,3,0,0.7453192,1.035373,0.2910795,350.425,111.9859,99.92405,0.7950631,1.006016,0.1790645,-0.5879966,-0.7800015,0.8360647,Nothing
31.50764,24,2,3,0,0.7461087,1.035421,0.2905638,350.2257,112.3325,99.82334,0.7928647,1.005448,0.1794835,-0.5906851,-0.7776013,0.8072563,Nothing
31.51554,24,2,3,0,0.7465358,1.035159,0.2900943,349.9268,112.758,99.69925,0.7907429,1.004723,0.1798389,-0.5934231,-0.7738624,0.7835784,Nothing
31.52471,24,2,3,0,0.7469066,1.034872,0.289773,349.5684,113.2321,99.57281,0.7887781,1.003984,0.1805329,-0.5964498,-0.7670794,0.7613238,Nothing
31.53271,24,2,3,0,0.7476461,1.034449,0.2893053,349.0769,113.9449,99.4016,0.7858447,1.002983,0.1814273,-0.5995174,-0.7599521,0.7274535,Nothing
31.54307,24,2,3,0,0.7478434,1.034139,0.289042,348.6827,114.4817,99.25796,0.7840569,1.002283,0.1822167,-0.6020511,-0.7516708,0.7087567,Nothing
31.54976,24,2,3,0,0.7488481,1.033884,0.288498,348.4117,114.9435,99.12162,0.7823328,1.001716,0.1827962,-0.601217,-0.7478538,0.6830045,Nothing
31.55898,24,2,3,0,0.7487822,1.033697,0.2878909,348.0139,115.427,98.89518,0.7811641,1.001024,0.1840421,-0.6027057,-0.7305749,0.6675974,Nothing
31.56729,24,2,3,0,0.7494516,1.033583,0.2873014,347.8028,115.8233,98.73232,0.7798198,1.000431,0.1849611,-0.6021513,-0.7217994,0.645646,Nothing
31.57529,24,2,3,0,0.7499994,1.033559,0.2864946,347.643,116.265,98.52381,0.7785537,0.9997836,0.1859659,-0.6014175,-0.7094802,0.6247708,Nothing
31.58408,24,2,3,0,0.750906,1.033688,0.285121,347.4408,116.8842,98.16756,0.7767649,0.99893,0.1873283,-0.5998204,-0.6923572,0.5929003,Nothing
31.5922,24,2,3,0,0.7518075,1.034079,0.2838405,347.4388,117.2778,97.86449,0.775606,0.9983507,0.1882471,-0.5985822,-0.6800007,0.5676091,Nothing
31.60072,24,2,3,0,0.7525909,1.034591,0.2822401,347.5515,117.636,97.48333,0.7749122,0.9978316,0.1891766,-0.596104,-0.663492,0.5461946,Nothing
31.60943,24,2,3,0,0.7533892,1.034839,0.2808057,347.5937,117.9504,97.15179,0.7739742,0.9972815,0.1900541,-0.5929152,-0.6506543,0.522671,Nothing
31.61736,24,2,3,0,0.7538537,1.035248,0.2793944,347.6354,118.2758,96.79945,0.7732735,0.9967365,0.1907791,-0.5923843,-0.6366607,0.5046261,Nothing
31.62664,24,2,3,0,0.754723,1.035728,0.2774718,347.69,118.7828,96.3213,0.7722425,0.9959856,0.1918281,-0.5908973,-0.6184195,0.4776262,Nothing
31.6353,24,2,3,0,0.7552246,1.036026,0.2762785,347.7459,119.1088,96.00642,0.7719378,0.9956205,0.1921042,-0.590061,-0.6089275,0.466316,Nothing
31.65117,24,2,3,0,0.7565979,1.036257,0.2744719,347.8652,119.7286,95.56325,0.771189,0.9949545,0.192963,-0.5861704,-0.5942551,0.440944,Nothing
31.65929,24,2,3,0,0.7572941,1.036288,0.2736644,347.958,120.0484,95.39381,0.7710938,0.994853,0.1929735,-0.5828627,-0.5898902,0.4341209,Nothing
31.66719,24,2,3,0,0.7583334,1.036148,0.2730975,348.0798,120.3391,95.29373,0.7707843,0.9945972,0.193295,-0.5790133,-0.5875636,0.4220746,Nothing
31.67574,24,2,3,0,0.7591263,1.035854,0.272766,348.1907,120.5957,95.22201,0.7706525,0.9944768,0.1932521,-0.5743559,-0.588574,0.4168244,Nothing
31.68419,24,2,3,0,0.7599446,1.03554,0.2725334,348.2503,120.8105,95.1806,0.7705976,0.9944173,0.1932882,-0.5696375,-0.5896564,0.4113671,Nothing
31.69222,24,2,3,0,0.7603869,1.035038,0.2724663,348.2823,120.9825,95.16001,0.7706599,0.9944683,0.1931865,-0.5635167,-0.59117,0.4115971,Nothing
31.70084,24,2,3,0,0.7612093,1.034487,0.2722982,348.3376,121.2425,95.10071,0.770955,0.994292,0.1929747,-0.5585612,-0.5930103,0.4114191,Nothing
31.70935,24,2,3,0,0.7620287,1.033954,0.2723609,348.4159,121.3388,95.12438,0.7710241,0.9943051,0.192807,-0.5524223,-0.5985134,0.4090722,Nothing
31.71737,24,2,3,0,0.7627449,1.033465,0.2723426,348.5135,121.4834,95.11478,0.7711215,0.9943139,0.1925572,-0.5465266,-0.6031857,0.4084576,Nothing
31.72701,24,2,3,0,0.7638063,1.032971,0.2723721,348.7019,121.5462,95.17006,0.7712365,0.9942994,0.1922621,-0.5405235,-0.6106129,0.4053546,Nothing
31.7348,24,2,3,0,0.7645043,1.032644,0.2723764,348.8545,121.6199,95.2123,0.7713378,0.9942374,0.1918543,-0.5373978,-0.6167021,0.4050694,Nothing
31.74274,24,2,3,0,0.7652791,1.032141,0.2724744,348.9843,121.6141,95.25684,0.771341,0.9941692,0.1915231,-0.5325025,-0.6247182,0.4026082,Nothing
31.75032,24,2,3,0,0.7658667,1.031687,0.2725792,349.0941,121.65,95.28797,0.7714282,0.9940932,0.1911417,-0.5286624,-0.6314393,0.4029446,Nothing
31.75945,24,2,3,0,0.7663054,1.030967,0.2730445,349.1974,121.6236,95.38866,0.7714904,0.9939021,0.1905398,-0.5252441,-0.6424964,0.4068868,Nothing
31.76733,24,2,3,0,0.7667769,1.030365,0.2734563,349.211,121.5879,95.48269,0.7714723,0.9937701,0.1902511,-0.5221981,-0.6510746,0.4069716,Nothing
31.77589,24,2,3,0,0.7669463,1.029857,0.2742369,349.1919,121.557,95.6053,0.7714633,0.9935898,0.189803,-0.5224875,-0.6620162,0.4119945,Nothing
31.78391,24,2,3,0,0.7673141,1.029237,0.2748007,349.1456,121.5279,95.72058,0.7715104,0.9934877,0.1894701,-0.5202627,-0.671127,0.4142269,Nothing
31.79343,24,2,3,0,0.7672798,1.028656,0.2755366,349.094,121.4927,95.85085,0.7715178,0.9933874,0.1891948,-0.5192731,-0.6791217,0.419962,Nothing
31.81004,24,2,3,0,0.768061,1.027656,0.2766165,349.036,121.4605,96.10714,0.7718587,0.9933412,0.1886213,-0.5158996,-0.6945872,0.4258403,SelectionStart
31.81011,24,2,3,0,0.768061,1.027656,0.2766165,349.036,121.4605,96.10714,0.7718587,0.9933412,0.1886213,-0.5158996,-0.6945872,0.4258403,SelectionEnd
31.81374,24,2,3,0,0.768061,1.027656,0.2766165,349.036,121.4605,96.10714,0.7718587,0.9933412,0.1886213,-0.5158996,-0.6945872,0.4258403,GotSelection
31.82668,24,2,3,0,0.7691706,1.026756,0.2772652,349.1377,121.4801,96.33717,0.7725974,0.993149,0.1881019,-0.5128156,-0.7052017,0.4311713,SelectionStart
31.82671,24,2,3,0,0.7691706,1.026756,0.2772652,349.1377,121.4801,96.33717,0.7725974,0.993149,0.1881019,-0.5128156,-0.7052017,0.4311713,SelectionEnd
31.82999,24,2,3,0,0.7691706,1.026756,0.2772652,349.1377,121.4801,96.33717,0.7725974,0.993149,0.1881019,-0.5128156,-0.7052017,0.4311713,GotSelection
31.84269,24,2,3,0,0.7697334,1.026507,0.2772133,349.2893,121.5213,96.41104,0.773399,0.9930395,0.1879143,-0.5117706,-0.7043005,0.435864,SelectionStart
31.8427,24,2,3,0,0.7697334,1.026507,0.2772133,349.2893,121.5213,96.41104,0.773399,0.9930395,0.1879143,-0.5117706,-0.7043005,0.435864,SelectionEnd
31.84596,24,2,3,0,0.7697334,1.026507,0.2772133,349.2893,121.5213,96.41104,0.773399,0.9930395,0.1879143,-0.5117706,-0.7043005,0.435864,GotSelection
31.85588,24,2,3,0,0.7701516,1.026266,0.276918,349.3482,121.5239,96.42773,0.7738122,0.9926855,0.1875048,-0.5128787,-0.705053,0.4366829,SelectionStart
31.8559,24,2,3,0,0.7701516,1.026266,0.276918,349.3482,121.5239,96.42773,0.7738122,0.9926855,0.1875048,-0.5128787,-0.705053,0.4366829,SelectionEnd
31.85918,24,2,3,0,0.7701516,1.026266,0.276918,349.3482,121.5239,96.42773,0.7738122,0.9926855,0.1875048,-0.5128787,-0.705053,0.4366829,GotSelection
31.8689,24,2,3,0,0.770718,1.026171,0.2765476,349.3772,121.5235,96.39658,0.7743326,0.9923998,0.1878221,-0.5127904,-0.699531,0.4325365,SelectionStart
31.86892,24,2,3,0,0.770718,1.026171,0.2765476,349.3772,121.5235,96.39658,0.7743326,0.9923998,0.1878221,-0.5127904,-0.699531,0.4325365,SelectionEnd
31.87214,24,2,3,0,0.770718,1.026171,0.2765476,349.3772,121.5235,96.39658,0.7743326,0.9923998,0.1878221,-0.5127904,-0.699531,0.4325365,GotSelection
31.92152,24,2,3,0,0.7718617,1.026181,0.2758979,349.3798,121.8077,96.25124,0.7743818,0.9911791,0.1888966,-0.5192422,-0.688283,0.4154653,SelectionStart
31.92154,24,2,3,0,0.7718617,1.026181,0.2758979,349.3798,121.8077,96.25124,0.7743818,0.9911791,0.1888966,-0.5192422,-0.688283,0.4154653,SelectionEnd
31.92484,24,2,3,0,0.7718617,1.026181,0.2758979,349.3798,121.8077,96.25124,0.7743818,0.9911791,0.1888966,-0.5192422,-0.688283,0.4154653,GotSelection
31.97101,24,2,3,0,0.7730148,1.02577,0.2752528,349.3909,122.1384,96.0546,0.7742323,0.9906914,0.1902795,-0.5128722,-0.6771234,0.3977228,SelectionStart
31.97105,24,2,3,0,0.7730148,1.02577,0.2752528,349.3909,122.1384,96.0546,0.7742323,0.9906914,0.1902795,-0.5128722,-0.6771234,0.3977228,SelectionEnd
31.97428,24,2,3,0,0.7730148,1.02577,0.2752528,349.3909,122.1384,96.0546,0.7742323,0.9906914,0.1902795,-0.5128722,-0.6771234,0.3977228,GotSelection
32.03127,24,2,3,0,0.7748072,1.024271,0.2758866,349.6257,122.1559,96.3376,0.7735687,0.990772,0.1916695,-0.4950728,-0.68363,0.3777335,SelectionStart
32.03131,24,2,3,0,0.7748072,1.024271,0.2758866,349.6257,122.1559,96.3376,0.7735687,0.990772,0.1916695,-0.4950728,-0.68363,0.3777335,SelectionEnd
32.03503,24,2,3,0,0.7748072,1.024271,0.2758866,349.6257,122.1559,96.3376,0.7735687,0.990772,0.1916695,-0.4950728,-0.68363,0.3777335,GotSelection
32.04594,24,2,3,0,0.7753374,1.023833,0.2760754,349.6439,122.1628,96.41752,0.7734246,0.9910954,0.1918138,-0.4877819,-0.6878846,0.3738564,SelectionStart
32.04597,24,2,3,0,0.7753374,1.023833,0.2760754,349.6439,122.1628,96.41752,0.7734246,0.9910954,0.1918138,-0.4877819,-0.6878846,0.3738564,SelectionEnd
32.04936,24,2,3,0,0.7753374,1.023833,0.2760754,349.6439,122.1628,96.41752,0.7734246,0.9910954,0.1918138,-0.4877819,-0.6878846,0.3738564,GotSelection
32.06,24,2,3,0,0.7754067,1.023538,0.2762742,349.6425,122.1616,96.49378,0.7734267,0.9914777,0.1917113,-0.4824704,-0.6909384,0.3761136,SelectionStart
32.06001,24,2,3,0,0.7754067,1.023538,0.2762742,349.6425,122.1616,96.49378,0.7734267,0.9914777,0.1917113,-0.4824704,-0.6909384,0.3761136,SelectionEnd
32.06345,24,2,3,0,0.7754067,1.023538,0.2762742,349.6425,122.1616,96.49378,0.7734267,0.9914777,0.1917113,-0.4824704,-0.6909384,0.3761136,GotSelection
32.07313,24,2,3,0,0.7768029,1.023314,0.276053,349.7133,122.0626,96.58118,0.7735654,0.9923442,0.1920437,-0.4698175,-0.6945894,0.3636886,SelectionStart
32.07314,24,2,3,0,0.7768029,1.023314,0.276053,349.7133,122.0626,96.58118,0.7735654,0.9923442,0.1920437,-0.4698175,-0.6945894,0.3636886,SelectionEnd
32.07656,24,2,3,0,0.7768029,1.023314,0.276053,349.7133,122.0626,96.58118,0.7735654,0.9923442,0.1920437,-0.4698175,-0.6945894,0.3636886,GotSelection
32.08623,24,2,3,0,0.7768515,1.023158,0.2762297,349.7329,122.0681,96.61761,0.7737229,0.9933361,0.1925336,-0.4581823,-0.6923296,0.3652372,SelectionStart
32.08625,24,2,3,0,0.7768515,1.023158,0.2762297,349.7329,122.0681,96.61761,0.7737229,0.9933361,0.1925336,-0.4581823,-0.6923296,0.3652372,SelectionEnd
32.08973,24,2,3,0,0.7768515,1.023158,0.2762297,349.7329,122.0681,96.61761,0.7737229,0.9933361,0.1925336,-0.4581823,-0.6923296,0.3652372,GotSelection
32.10218,24,2,3,0,0.7769015,1.023116,0.2762095,349.744,122.1071,96.60451,0.7742283,0.9948788,0.1931946,-0.441292,-0.6856683,0.3689197,SelectionStart
32.10223,24,2,3,0,0.7769015,1.023116,0.2762095,349.744,122.1071,96.60451,0.7742283,0.9948788,0.1931946,-0.441292,-0.6856683,0.3689197,SelectionEnd
32.10855,24,2,3,0,0.7769015,1.023116,0.2762095,349.744,122.1071,96.60451,0.7742283,0.9948788,0.1931946,-0.441292,-0.6856683,0.3689197,GotSelection
32.12287,24,2,3,0,0.7768957,1.023113,0.2760609,349.779,122.1471,96.55489,0.7752901,0.997901,0.1946129,-0.4082769,-0.6700179,0.3758236,SelectionStart
32.1229,24,2,3,0,0.7768957,1.023113,0.2760609,349.779,122.1471,96.55489,0.7752901,0.997901,0.1946129,-0.4082769,-0.6700179,0.3758236,SelectionEnd
32.12654,24,2,3,0,0.7768957,1.023113,0.2760609,349.779,122.1471,96.55489,0.7752901,0.997901,0.1946129,-0.4082769,-0.6700179,0.3758236,GotSelection
32.13644,24,2,3,0,0.7768873,1.023361,0.2756571,349.8492,122.2076,96.484,0.7762362,1.000425,0.1957123,-0.3823225,-0.65464,0.3811222,SelectionStart
32.13646,24,2,3,0,0.7768873,1.023361,0.2756571,349.8492,122.2076,96.484,0.7762362,1.000425,0.1957123,-0.3823225,-0.65464,0.3811222,SelectionEnd
32.13987,24,2,3,0,0.7768873,1.023361,0.2756571,349.8492,122.2076,96.484,0.7762362,1.000425,0.1957123,-0.3823225,-0.65464,0.3811222,GotSelection
32.15038,24,2,3,0,0.7770694,1.023545,0.2753384,349.9046,122.2645,96.43009,0.7774964,1.00339,0.19687,-0.3517836,-0.6392159,0.3883106,SelectionStart
32.1504,24,2,3,0,0.7770694,1.023545,0.2753384,349.9046,122.2645,96.43009,0.7774964,1.00339,0.19687,-0.3517836,-0.6392159,0.3883106,SelectionEnd
32.15375,24,2,3,0,0.7770694,1.023545,0.2753384,349.9046,122.2645,96.43009,0.7774964,1.00339,0.19687,-0.3517836,-0.6392159,0.3883106,GotSelection
32.1639,24,2,3,0,0.7768645,1.023787,0.2751607,349.9193,122.2788,96.40333,0.7786556,1.006097,0.1978227,-0.3258538,-0.6248586,0.3984716,SelectionStart
32.16393,24,2,3,0,0.7768645,1.023787,0.2751607,349.9193,122.2788,96.40333,0.7786556,1.006097,0.1978227,-0.3258538,-0.6248586,0.3984716,SelectionEnd
32.16744,24,2,3,0,0.7768645,1.023787,0.2751607,349.9193,122.2788,96.40333,0.7786556,1.006097,0.1978227,-0.3258538,-0.6248586,0.3984716,GotSelection
32.17746,24,2,3,0,0.7765835,1.023933,0.2750837,349.8978,122.2831,96.37925,0.7799584,1.008947,0.1988266,-0.2981256,-0.6099686,0.410911,SelectionStart
32.1775,24,2,3,0,0.7765835,1.023933,0.2750837,349.8978,122.2831,96.37925,0.7799584,1.008947,0.1988266,-0.2981256,-0.6099686,0.410911,SelectionEnd
32.18106,24,2,3,0,0.7765835,1.023933,0.2750837,349.8978,122.2831,96.37925,0.7799584,1.008947,0.1988266,-0.2981256,-0.6099686,0.410911,GotSelection
32.22115,24,2,3,0,0.7765256,1.024819,0.2738435,350.0695,122.4074,96.10206,0.7856175,1.020798,0.2031054,-0.1794004,-0.5435672,0.4510301,SelectionStart
32.22117,24,2,3,0,0.7765256,1.024819,0.2738435,350.0695,122.4074,96.10206,0.7856175,1.020798,0.2031054,-0.1794004,-0.5435672,0.4510301,SelectionEnd
32.22471,24,2,3,0,0.7765256,1.024819,0.2738435,350.0695,122.4074,96.10206,0.7856175,1.020798,0.2031054,-0.1794004,-0.5435672,0.4510301,GotSelection
32.23412,24,2,3,0,0.7763176,1.024984,0.2736374,350.1235,122.4002,96.03393,0.7869855,1.023705,0.204255,-0.1498471,-0.5264891,0.4619449,SelectionStart
32.23415,24,2,3,0,0.7763176,1.024984,0.2736374,350.1235,122.4002,96.03393,0.7869855,1.023705,0.204255,-0.1498471,-0.5264891,0.4619449,SelectionEnd
32.23753,24,2,3,0,0.7763176,1.024984,0.2736374,350.1235,122.4002,96.03393,0.7869855,1.023705,0.204255,-0.1498471,-0.5264891,0.4619449,GotSelection
32.24778,24,2,3,0,0.7773916,1.024915,0.2730876,350.2127,122.2746,95.98857,0.7887406,1.027594,0.2057532,-0.1059174,-0.5107156,0.4625852,SelectionStart
32.2478,24,2,3,0,0.7773916,1.024915,0.2730876,350.2127,122.2746,95.98857,0.7887406,1.027594,0.2057532,-0.1059174,-0.5107156,0.4625852,SelectionEnd
32.25112,24,2,3,0,0.7773916,1.024915,0.2730876,350.2127,122.2746,95.98857,0.7887406,1.027594,0.2057532,-0.1059174,-0.5107156,0.4625852,GotSelection
32.26069,24,2,3,0,0.7772559,1.024886,0.2733771,350.2192,122.2159,96.02272,0.7901379,1.030437,0.2067372,-0.07750584,-0.4997496,0.4763623,SelectionStart
32.26071,24,2,3,0,0.7772559,1.024886,0.2733771,350.2192,122.2159,96.02272,0.7901379,1.030437,0.2067372,-0.07750584,-0.4997496,0.4763623,SelectionEnd
32.2642,24,2,3,0,0.7772559,1.024886,0.2733771,350.2192,122.2159,96.02272,0.7901379,1.030437,0.2067372,-0.07750584,-0.4997496,0.4763623,GotSelection
32.27584,24,2,3,0,0.7770241,1.0248,0.2738156,350.2022,122.1566,96.10854,0.7922953,1.034248,0.2080246,-0.03996763,-0.4838028,0.4983939,SelectionStart
32.27586,24,2,3,0,0.7770241,1.0248,0.2738156,350.2022,122.1566,96.10854,0.7922953,1.034248,0.2080246,-0.03996763,-0.4838028,0.4983939,SelectionEnd
32.2792,24,2,3,0,0.7770241,1.0248,0.2738156,350.2022,122.1566,96.10854,0.7922953,1.034248,0.2080246,-0.03996763,-0.4838028,0.4983939,GotSelection
32.28919,24,2,3,0,0.7770398,1.02475,0.2739695,350.2061,122.1311,96.14521,0.7938128,1.037215,0.2090779,-0.009735489,-0.4712728,0.5113935,SelectionStart
32.28922,24,2,3,0,0.7770398,1.02475,0.2739695,350.2061,122.1311,96.14521,0.7938128,1.037215,0.2090779,-0.009735489,-0.4712728,0.5113935,SelectionEnd
32.29259,24,2,3,0,0.7770398,1.02475,0.2739695,350.2061,122.1311,96.14521,0.7938128,1.037215,0.2090779,-0.009735489,-0.4712728,0.5113935,GotSelection
32.30164,24,2,3,0,0.7768438,1.024698,0.2740306,350.2376,122.096,96.14795,0.7953656,1.040073,0.2102658,0.02016647,-0.4554736,0.5249955,SelectionStart
32.30167,24,2,3,0,0.7768438,1.024698,0.2740306,350.2376,122.096,96.14795,0.7953656,1.040073,0.2102658,0.02016647,-0.4554736,0.5249955,SelectionEnd
32.305,24,2,3,0,0.7768438,1.024698,0.2740306,350.2376,122.096,96.14795,0.7953656,1.040073,0.2102658,0.02016647,-0.4554736,0.5249955,GotSelection
32.31712,24,2,3,0,0.7767748,1.024879,0.2738365,350.2946,122.0753,96.12036,0.7974881,1.04401,0.211757,0.05964977,-0.4332654,0.5409023,SelectionStart
32.31715,24,2,3,0,0.7767748,1.024879,0.2738365,350.2946,122.0753,96.12036,0.7974881,1.04401,0.211757,0.05964977,-0.4332654,0.5409023,SelectionEnd
32.32047,24,2,3,0,0.7767748,1.024879,0.2738365,350.2946,122.0753,96.12036,0.7974881,1.04401,0.211757,0.05964977,-0.4332654,0.5409023,GotSelection
32.33023,24,2,3,0,0.7756675,1.025024,0.273888,350.3507,121.9409,96.05226,0.799938,1.047966,0.213209,0.09826428,-0.4069484,0.5692382,SelectionStart
32.33025,24,2,3,0,0.7756675,1.025024,0.273888,350.3507,121.9409,96.05226,0.799938,1.047966,0.213209,0.09826428,-0.4069484,0.5692382,SelectionEnd
32.33387,24,2,3,0,0.7756675,1.025024,0.273888,350.3507,121.9409,96.05226,0.799938,1.047966,0.213209,0.09826428,-0.4069484,0.5692382,GotSelection
32.34376,24,2,3,0,0.7747608,1.025364,0.274112,350.3568,121.8409,96.01063,0.8013925,1.05086,0.2144256,0.1238974,-0.3890589,0.587817,SelectionStart
32.34377,24,2,3,0,0.7747608,1.025364,0.274112,350.3568,121.8409,96.01063,0.8013925,1.05086,0.2144256,0.1238974,-0.3890589,0.587817,SelectionEnd
32.3473,24,2,3,0,0.7747608,1.025364,0.274112,350.3568,121.8409,96.01063,0.8013925,1.05086,0.2144256,0.1238974,-0.3890589,0.587817,GotSelection
32.35889,24,2,3,0,0.7743627,1.025371,0.2741958,350.331,121.8149,96.00625,0.8036372,1.054623,0.2161144,0.1617898,-0.3650027,0.6082354,SelectionStart
32.35892,24,2,3,0,0.7743627,1.025371,0.2741958,350.331,121.8149,96.00625,0.8036372,1.054623,0.2161144,0.1617898,-0.3650027,0.6082354,SelectionEnd
32.36247,24,2,3,0,0.7743627,1.025371,0.2741958,350.331,121.8149,96.00625,0.8036372,1.054623,0.2161144,0.1617898,-0.3650027,0.6082354,GotSelection
32.40068,24,2,3,0,0.7757154,1.025225,0.27365,350.2863,121.7681,96.02819,0.8088422,1.06404,0.2200395,0.2614814,-0.3162707,0.6338384,SelectionStart
32.4007,24,2,3,0,0.7757154,1.025225,0.27365,350.2863,121.7681,96.02819,0.8088422,1.06404,0.2200395,0.2614814,-0.3162707,0.6338384,SelectionEnd
32.40405,24,2,3,0,0.7757154,1.025225,0.27365,350.2863,121.7681,96.02819,0.8088422,1.06404,0.2200395,0.2614814,-0.3162707,0.6338384,GotSelection
32.41451,24,2,3,0,0.7759641,1.02514,0.2737567,350.2925,121.77,96.03281,0.8101886,1.066376,0.221139,0.2865537,-0.3043371,0.6421077,SelectionStart
32.41454,24,2,3,0,0.7759641,1.02514,0.2737567,350.2925,121.77,96.03281,0.8101886,1.066376,0.221139,0.2865537,-0.3043371,0.6421077,SelectionEnd
32.41783,24,2,3,0,0.7759641,1.02514,0.2737567,350.2925,121.77,96.03281,0.8101886,1.066376,0.221139,0.2865537,-0.3043371,0.6421077,GotSelection
32.42786,24,2,3,0,0.7760775,1.02522,0.2735722,350.3083,121.7809,95.99925,0.8118746,1.069209,0.222525,0.315883,-0.2849315,0.651926,SelectionStart
32.42789,24,2,3,0,0.7760775,1.02522,0.2735722,350.3083,121.7809,95.99925,0.8118746,1.069209,0.222525,0.315883,-0.2849315,0.651926,SelectionEnd
32.43137,24,2,3,0,0.7760775,1.02522,0.2735722,350.3083,121.7809,95.99925,0.8118746,1.069209,0.222525,0.315883,-0.2849315,0.651926,GotSelection
32.44349,24,2,3,0,0.7757333,1.025064,0.2736689,350.3177,121.8245,95.95248,0.8131075,1.071494,0.2237478,0.3412594,-0.2685023,0.6637471,SelectionStart
32.44351,24,2,3,0,0.7757333,1.025064,0.2736689,350.3177,121.8245,95.95248,0.8131075,1.071494,0.2237478,0.3412594,-0.2685023,0.6637471,SelectionEnd
32.44677,24,2,3,0,0.7757333,1.025064,0.2736689,350.3177,121.8245,95.95248,0.8131075,1.071494,0.2237478,0.3412594,-0.2685023,0.6637471,GotSelection
32.4588,24,2,3,0,0.7760283,1.025103,0.2735538,350.389,121.8281,95.94791,0.813936,1.073233,0.2248656,0.3608521,-0.2568479,0.6642199,SelectionStart
32.45882,24,2,3,0,0.7760283,1.025103,0.2735538,350.389,121.8281,95.94791,0.813936,1.073233,0.2248656,0.3608521,-0.2568479,0.6642199,SelectionEnd
32.46211,24,2,3,0,0.7760283,1.025103,0.2735538,350.389,121.8281,95.94791,0.813936,1.073233,0.2248656,0.3608521,-0.2568479,0.6642199,GotSelection
32.47135,24,2,3,0,0.775898,1.025015,0.2737189,350.3954,121.7926,95.98416,0.8140619,1.073972,0.2254497,0.3695508,-0.2533348,0.6654205,SelectionStart
32.47137,24,2,3,0,0.775898,1.025015,0.2737189,350.3954,121.7926,95.98416,0.8140619,1.073972,0.2254497,0.3695508,-0.2533348,0.6654205,SelectionEnd
32.47462,24,2,3,0,0.775898,1.025015,0.2737189,350.3954,121.7926,95.98416,0.8140619,1.073972,0.2254497,0.3695508,-0.2533348,0.6654205,GotSelection
32.48386,24,2,3,0,0.7760504,1.024896,0.2739557,350.3881,121.7725,96.05336,0.8145418,1.074738,0.2259526,0.3781975,-0.2508486,0.6682958,SelectionStart
32.48388,24,2,3,0,0.7760504,1.024896,0.2739557,350.3881,121.7725,96.05336,0.8145418,1.074738,0.2259526,0.3781975,-0.2508486,0.6682958,SelectionEnd
32.4873,24,2,3,0,0.7760504,1.024896,0.2739557,350.3881,121.7725,96.05336,0.8145418,1.074738,0.2259526,0.3781975,-0.2508486,0.6682958,GotSelection
32.49815,24,2,3,0,0.776143,1.024838,0.2740618,350.3718,121.7841,96.11005,0.8139818,1.074712,0.2263143,0.3791203,-0.2525255,0.6615732,SelectionStart
32.49817,24,2,3,0,0.776143,1.024838,0.2740618,350.3718,121.7841,96.11005,0.8139818,1.074712,0.2263143,0.3791203,-0.2525255,0.6615732,SelectionEnd
32.50179,24,2,3,0,0.776143,1.024838,0.2740618,350.3718,121.7841,96.11005,0.8139818,1.074712,0.2263143,0.3791203,-0.2525255,0.6615732,GotSelection
32.5114,24,2,3,0,0.7761009,1.024821,0.2740298,350.3861,121.8233,96.11295,0.8130113,1.074147,0.2263986,0.374824,-0.2556916,0.6521294,SelectionStart
32.51141,24,2,3,0,0.7761009,1.024821,0.2740298,350.3861,121.8233,96.11295,0.8130113,1.074147,0.2263986,0.374824,-0.2556916,0.6521294,SelectionEnd
32.51472,24,2,3,0,0.7761009,1.024821,0.2740298,350.3861,121.8233,96.11295,0.8130113,1.074147,0.2263986,0.374824,-0.2556916,0.6521294,GotSelection
32.52602,24,2,3,0,0.7763811,1.024964,0.2738151,350.4076,121.9209,96.06626,0.8112429,1.072981,0.2262463,0.3641059,-0.2638084,0.6322905,SelectionStart
32.52604,24,2,3,0,0.7763811,1.024964,0.2738151,350.4076,121.9209,96.06626,0.8112429,1.072981,0.2262463,0.3641059,-0.2638084,0.6322905,SelectionEnd
32.52936,24,2,3,0,0.7763811,1.024964,0.2738151,350.4076,121.9209,96.06626,0.8112429,1.072981,0.2262463,0.3641059,-0.2638084,0.6322905,GotSelection
32.53922,24,2,3,0,0.7763818,1.025055,0.2736673,350.4215,121.9312,96.01865,0.808103,1.070477,0.2256004,0.3403542,-0.2822528,0.6036677,SelectionStart
32.53924,24,2,3,0,0.7763818,1.025055,0.2736673,350.4215,121.9312,96.01865,0.808103,1.070477,0.2256004,0.3403542,-0.2822528,0.6036677,SelectionEnd
32.54252,24,2,3,0,0.7763818,1.025055,0.2736673,350.4215,121.9312,96.01865,0.808103,1.070477,0.2256004,0.3403542,-0.2822528,0.6036677,GotSelection
32.5515,24,2,3,0,0.7762881,1.025108,0.2736002,350.4504,121.9321,95.99381,0.806123,1.06849,0.2249052,0.3208641,-0.2957395,0.587269,SelectionStart
32.55151,24,2,3,0,0.7762881,1.025108,0.2736002,350.4504,121.9321,95.99381,0.806123,1.06849,0.2249052,0.3208641,-0.2957395,0.587269,SelectionEnd
32.55476,24,2,3,0,0.7762881,1.025108,0.2736002,350.4504,121.9321,95.99381,0.806123,1.06849,0.2249052,0.3208641,-0.2957395,0.587269,GotSelection
32.59647,24,2,3,0,0.7763894,1.025093,0.2739052,350.5229,121.8622,96.07317,0.7943097,1.055854,0.2198626,0.1953931,-0.3946396,0.4918922,SelectionStart
32.5965,24,2,3,0,0.7763894,1.025093,0.2739052,350.5229,121.8622,96.07317,0.7943097,1.055854,0.2198626,0.1953931,-0.3946396,0.4918922,SelectionEnd
32.59993,24,2,3,0,0.7763894,1.025093,0.2739052,350.5229,121.8622,96.07317,0.7943097,1.055854,0.2198626,0.1953931,-0.3946396,0.4918922,GotSelection
32.60957,24,2,3,0,0.7764599,1.025005,0.2738936,350.5549,121.8481,96.09277,0.7908806,1.052436,0.2182121,0.1622136,-0.4245203,0.4648806,SelectionStart
32.60958,24,2,3,0,0.7764599,1.025005,0.2738936,350.5549,121.8481,96.09277,0.7908806,1.052436,0.2182121,0.1622136,-0.4245203,0.4648806,SelectionEnd
32.61301,24,2,3,0,0.7764599,1.025005,0.2738936,350.5549,121.8481,96.09277,0.7908806,1.052436,0.2182121,0.1622136,-0.4245203,0.4648806,GotSelection
32.6228,24,2,3,0,0.7765312,1.025037,0.2738273,350.5971,121.8143,96.10078,0.7880521,1.04893,0.216548,0.1266571,-0.4506148,0.4422729,SelectionStart
32.62283,24,2,3,0,0.7765312,1.025037,0.2738273,350.5971,121.8143,96.10078,0.7880521,1.04893,0.216548,0.1266571,-0.4506148,0.4422729,SelectionEnd
32.6261,24,2,3,0,0.7765312,1.025037,0.2738273,350.5971,121.8143,96.10078,0.7880521,1.04893,0.216548,0.1266571,-0.4506148,0.4422729,GotSelection
32.63503,24,2,3,0,0.7764668,1.0251,0.2737599,350.652,121.7481,96.08315,0.7845303,1.04422,0.2143357,0.07852331,-0.4832827,0.4154661,SelectionStart
32.63505,24,2,3,0,0.7764668,1.0251,0.2737599,350.652,121.7481,96.08315,0.7845303,1.04422,0.2143357,0.07852331,-0.4832827,0.4154661,SelectionEnd
32.63915,24,2,3,0,0.7764668,1.0251,0.2737599,350.652,121.7481,96.08315,0.7845303,1.04422,0.2143357,0.07852331,-0.4832827,0.4154661,GotSelection
32.65089,24,2,3,0,0.776397,1.025123,0.2737395,350.7083,121.6871,96.07567,0.7805917,1.039385,0.2120446,0.02955323,-0.5191431,0.3857059,SelectionStart
32.65091,24,2,3,0,0.776397,1.025123,0.2737395,350.7083,121.6871,96.07567,0.7805917,1.039385,0.2120446,0.02955323,-0.5191431,0.3857059,SelectionEnd
32.65431,24,2,3,0,0.776397,1.025123,0.2737395,350.7083,121.6871,96.07567,0.7805917,1.039385,0.2120446,0.02955323,-0.5191431,0.3857059,GotSelection
32.66537,24,2,3,0,0.7776696,1.024794,0.2737383,350.7864,121.8634,96.15509,0.777892,1.035845,0.2101753,-0.003080222,-0.5523995,0.3578572,SelectionStart
32.66539,24,2,3,0,0.7776696,1.024794,0.2737383,350.7864,121.8634,96.15509,0.777892,1.035845,0.2101753,-0.003080222,-0.5523995,0.3578572,SelectionEnd
32.66912,24,2,3,0,0.7776696,1.024794,0.2737383,350.7864,121.8634,96.15509,0.777892,1.035845,0.2101753,-0.003080222,-0.5523995,0.3578572,GotSelection
32.67979,24,2,3,0,0.7776019,1.024701,0.2739878,350.7601,121.8078,96.20202,0.7744855,1.031184,0.2073936,-0.05213559,-0.5919451,0.3373904,SelectionStart
32.67981,24,2,3,0,0.7776019,1.024701,0.2739878,350.7601,121.8078,96.20202,0.7744855,1.031184,0.2073936,-0.05213559,-0.5919451,0.3373904,SelectionEnd
32.68324,24,2,3,0,0.7776019,1.024701,0.2739878,350.7601,121.8078,96.20202,0.7744855,1.031184,0.2073936,-0.05213559,-0.5919451,0.3373904,GotSelection
32.69273,24,2,3,0,0.777519,1.024916,0.2741044,350.7491,121.7816,96.23277,0.7722162,1.027495,0.2054995,-0.09343766,-0.6169514,0.3226694,SelectionStart
32.69274,24,2,3,0,0.777519,1.024916,0.2741044,350.7491,121.7816,96.23277,0.7722162,1.027495,0.2054995,-0.09343766,-0.6169514,0.3226694,SelectionEnd
32.69607,24,2,3,0,0.777519,1.024916,0.2741044,350.7491,121.7816,96.23277,0.7722162,1.027495,0.2054995,-0.09343766,-0.6169514,0.3226694,GotSelection
32.70567,24,2,3,0,0.7767113,1.025085,0.2743296,350.738,121.7628,96.23484,0.7692192,1.022776,0.2027354,-0.1460375,-0.6492216,0.3115404,SelectionStart
32.70569,24,2,3,0,0.7767113,1.025085,0.2743296,350.738,121.7628,96.23484,0.7692192,1.022776,0.2027354,-0.1460375,-0.6492216,0.3115404,SelectionEnd
32.70898,24,2,3,0,0.7767113,1.025085,0.2743296,350.738,121.7628,96.23484,0.7692192,1.022776,0.2027354,-0.1460375,-0.6492216,0.3115404,GotSelection
32.71884,24,2,3,0,0.7766256,1.025298,0.2741106,350.7703,121.7579,96.17818,0.7671103,1.0192,0.2006884,-0.1847951,-0.6720049,0.2976921,SelectionStart
32.71886,24,2,3,0,0.7766256,1.025298,0.2741106,350.7703,121.7579,96.17818,0.7671103,1.0192,0.2006884,-0.1847951,-0.6720049,0.2976921,SelectionEnd
32.72212,24,2,3,0,0.7766256,1.025298,0.2741106,350.7703,121.7579,96.17818,0.7671103,1.0192,0.2006884,-0.1847951,-0.6720049,0.2976921,GotSelection
32.73524,24,2,3,0,0.7750236,1.025286,0.2744436,350.9284,121.4835,96.16394,0.7641212,1.014403,0.1981506,-0.2353626,-0.7006195,0.2902312,SelectionStart
32.73527,24,2,3,0,0.7750236,1.025286,0.2744436,350.9284,121.4835,96.16394,0.7641212,1.014403,0.1981506,-0.2353626,-0.7006195,0.2902312,SelectionEnd
32.73904,24,2,3,0,0.7750236,1.025286,0.2744436,350.9284,121.4835,96.16394,0.7641212,1.014403,0.1981506,-0.2353626,-0.7006195,0.2902312,GotSelection
32.77802,24,2,3,0,0.7745007,1.026676,0.2732024,350.8712,121.3159,95.94575,0.7570907,1.001382,0.1913385,-0.3814317,-0.7704429,0.2378273,SelectionStart
32.77805,24,2,3,0,0.7745007,1.026676,0.2732024,350.8712,121.3159,95.94575,0.7570907,1.001382,0.1913385,-0.3814317,-0.7704429,0.2378273,SelectionEnd
32.78147,24,2,3,0,0.7745007,1.026676,0.2732024,350.8712,121.3159,95.94575,0.7570907,1.001382,0.1913385,-0.3814317,-0.7704429,0.2378273,GotSelection
32.79374,24,2,3,0,0.7754084,1.026564,0.2727928,350.8851,121.3626,95.94527,0.7549445,0.9969673,0.1892627,-0.4249463,-0.7965783,0.2140614,SelectionStart
32.79377,24,2,3,0,0.7754084,1.026564,0.2727928,350.8851,121.3626,95.94527,0.7549445,0.9969673,0.1892627,-0.4249463,-0.7965783,0.2140614,SelectionEnd
32.7972,24,2,3,0,0.7754084,1.026564,0.2727928,350.8851,121.3626,95.94527,0.7549445,0.9969673,0.1892627,-0.4249463,-0.7965783,0.2140614,GotSelection
32.80987,24,2,3,0,0.7755334,1.026625,0.272652,350.8657,121.4288,95.88651,0.7531219,0.9931408,0.1875767,-0.4643259,-0.8164985,0.1999833,SelectionStart
32.80989,24,2,3,0,0.7755334,1.026625,0.272652,350.8657,121.4288,95.88651,0.7531219,0.9931408,0.1875767,-0.4643259,-0.8164985,0.1999833,SelectionEnd
32.81373,24,2,3,0,0.7755334,1.026625,0.272652,350.8657,121.4288,95.88651,0.7531219,0.9931408,0.1875767,-0.4643259,-0.8164985,0.1999833,GotSelection
32.82388,24,2,3,0,0.7751938,1.026653,0.2724597,350.8304,121.468,95.78571,0.7516261,0.990016,0.1862069,-0.4957321,-0.830296,0.1914621,SelectionStart
32.82391,24,2,3,0,0.7751938,1.026653,0.2724597,350.8304,121.468,95.78571,0.7516261,0.990016,0.1862069,-0.4957321,-0.830296,0.1914621,SelectionEnd
32.82718,24,2,3,0,0.7751938,1.026653,0.2724597,350.8304,121.468,95.78571,0.7516261,0.990016,0.1862069,-0.4957321,-0.830296,0.1914621,GotSelection
32.83702,24,2,3,0,0.7753649,1.026837,0.2720831,350.8895,121.4819,95.71647,0.7507762,0.9882231,0.1853327,-0.5143638,-0.8386848,0.1827494,SelectionStart
32.83704,24,2,3,0,0.7753649,1.026837,0.2720831,350.8895,121.4819,95.71647,0.7507762,0.9882231,0.1853327,-0.5143638,-0.8386848,0.1827494,SelectionEnd
32.84042,24,2,3,0,0.7753649,1.026837,0.2720831,350.8895,121.4819,95.71647,0.7507762,0.9882231,0.1853327,-0.5143638,-0.8386848,0.1827494,GotSelection
32.85064,24,2,3,0,0.7736732,1.026695,0.2725337,350.8429,121.5345,95.63057,0.7498131,0.9861225,0.1841937,-0.53632,-0.8469197,0.1946504,SelectionStart
32.85066,24,2,3,0,0.7736732,1.026695,0.2725337,350.8429,121.5345,95.63057,0.7498131,0.9861225,0.1841937,-0.53632,-0.8469197,0.1946504,SelectionEnd
32.85404,24,2,3,0,0.7736732,1.026695,0.2725337,350.8429,121.5345,95.63057,0.7498131,0.9861225,0.1841937,-0.53632,-0.8469197,0.1946504,GotSelection
32.8633,24,2,3,0,0.7736174,1.027038,0.2723367,350.8658,121.5486,95.60208,0.7494417,0.9857502,0.1838177,-0.5430544,-0.8496752,0.1921237,SelectionStart
32.86333,24,2,3,0,0.7736174,1.027038,0.2723367,350.8658,121.5486,95.60208,0.7494417,0.9857502,0.1838177,-0.5430544,-0.8496752,0.1921237,SelectionEnd
32.86681,24,2,3,0,0.7736174,1.027038,0.2723367,350.8658,121.5486,95.60208,0.7494417,0.9857502,0.1838177,-0.5430544,-0.8496752,0.1921237,GotSelection
32.87685,24,2,3,0,0.7735466,1.026981,0.2724781,350.8666,121.5372,95.63383,0.7491065,0.9855277,0.183425,-0.5458379,-0.8552831,0.1922292,SelectionStart
32.87687,24,2,3,0,0.7735466,1.026981,0.2724781,350.8666,121.5372,95.63383,0.7491065,0.9855277,0.183425,-0.5458379,-0.8552831,0.1922292,SelectionEnd
32.88055,24,2,3,0,0.7735466,1.026981,0.2724781,350.8666,121.5372,95.63383,0.7491065,0.9855277,0.183425,-0.5458379,-0.8552831,0.1922292,GotSelection
32.8928,24,2,3,0,0.77395,1.026952,0.2724123,350.8873,121.5448,95.68824,0.7492885,0.9866807,0.1834582,-0.5343951,-0.8562723,0.1920001,SelectionStart
32.89281,24,2,3,0,0.77395,1.026952,0.2724123,350.8873,121.5448,95.68824,0.7492885,0.9866807,0.1834582,-0.5343951,-0.8562723,0.1920001,SelectionEnd
32.89617,24,2,3,0,0.77395,1.026952,0.2724123,350.8873,121.5448,95.68824,0.7492885,0.9866807,0.1834582,-0.5343951,-0.8562723,0.1920001,GotSelection
32.90533,24,2,3,0,0.7743585,1.027014,0.2722756,350.9164,121.5593,95.7086,0.749441,0.9884146,0.1838405,-0.5167702,-0.8546481,0.1902137,SelectionStart
32.90536,24,2,3,0,0.7743585,1.027014,0.2722756,350.9164,121.5593,95.7086,0.749441,0.9884146,0.1838405,-0.5167702,-0.8546481,0.1902137,SelectionEnd
32.90898,24,2,3,0,0.7743585,1.027014,0.2722756,350.9164,121.5593,95.7086,0.749441,0.9884146,0.1838405,-0.5167702,-0.8546481,0.1902137,GotSelection
32.91937,24,2,3,0,0.7744681,1.026978,0.2722559,350.9452,121.5537,95.72011,0.750001,0.9909537,0.1844393,-0.4903447,-0.8494129,0.1950828,SelectionStart
32.9194,24,2,3,0,0.7744681,1.026978,0.2722559,350.9452,121.5537,95.72011,0.750001,0.9909537,0.1844393,-0.4903447,-0.8494129,0.1950828,SelectionEnd
32.92274,24,2,3,0,0.7744681,1.026978,0.2722559,350.9452,121.5537,95.72011,0.750001,0.9909537,0.1844393,-0.4903447,-0.8494129,0.1950828,GotSelection
32.96188,24,2,3,0,0.7756351,1.02669,0.2717445,351.0819,121.5646,95.70086,0.7534963,1.004249,0.1884984,-0.3475718,-0.8113312,0.2135752,SelectionStart
32.9619,24,2,3,0,0.7756351,1.02669,0.2717445,351.0819,121.5646,95.70086,0.7534963,1.004249,0.1884984,-0.3475718,-0.8113312,0.2135752,SelectionEnd
32.9652,24,2,3,0,0.7756351,1.02669,0.2717445,351.0819,121.5646,95.70086,0.7534963,1.004249,0.1884984,-0.3475718,-0.8113312,0.2135752,GotSelection
32.97816,24,2,3,0,0.7762945,1.026862,0.2716193,351.0773,121.5974,95.72663,0.7556649,1.010039,0.1906402,-0.2890579,-0.7890286,0.2239046,SelectionStart
32.9782,24,2,3,0,0.7762945,1.026862,0.2716193,351.0773,121.5974,95.72663,0.7556649,1.010039,0.1906402,-0.2890579,-0.7890286,0.2239046,SelectionEnd
32.98161,24,2,3,0,0.7762945,1.026862,0.2716193,351.0773,121.5974,95.72663,0.7556649,1.010039,0.1906402,-0.2890579,-0.7890286,0.2239046,GotSelection
32.99355,24,2,3,0,0.7765706,1.026597,0.271771,351.0895,121.5977,95.76738,0.7575602,1.015739,0.1927411,-0.2277508,-0.7693477,0.236985,SelectionStart
32.99357,24,2,3,0,0.7765706,1.026597,0.271771,351.0895,121.5977,95.76738,0.7575602,1.015739,0.1927411,-0.2277508,-0.7693477,0.236985,SelectionEnd
32.99686,24,2,3,0,0.7765706,1.026597,0.271771,351.0895,121.5977,95.76738,0.7575602,1.015739,0.1927411,-0.2277508,-0.7693477,0.236985,GotSelection
33.00639,24,2,3,0,0.775687,1.026371,0.2724131,351.0688,121.4715,95.83653,0.7597281,1.022037,0.1952066,-0.1624724,-0.7441206,0.2621854,SelectionStart
33.00641,24,2,3,0,0.775687,1.026371,0.2724131,351.0688,121.4715,95.83653,0.7597281,1.022037,0.1952066,-0.1624724,-0.7441206,0.2621854,SelectionEnd
33.00965,24,2,3,0,0.775687,1.026371,0.2724131,351.0688,121.4715,95.83653,0.7597281,1.022037,0.1952066,-0.1624724,-0.7441206,0.2621854,GotSelection
33.01865,24,2,3,0,0.7758775,1.026271,0.2724415,351.0928,121.476,95.86412,0.7618222,1.026804,0.1970283,-0.1123816,-0.7233254,0.2768931,SelectionStart
33.01868,24,2,3,0,0.7758775,1.026271,0.2724415,351.0928,121.476,95.86412,0.7618222,1.026804,0.1970283,-0.1123816,-0.7233254,0.2768931,SelectionEnd
33.0221,24,2,3,0,0.7758775,1.026271,0.2724415,351.0928,121.476,95.86412,0.7618222,1.026804,0.1970283,-0.1123816,-0.7233254,0.2768931,GotSelection
33.03433,24,2,3,0,0.7762078,1.026277,0.2722458,351.1199,121.4829,95.86144,0.7639734,1.033691,0.1997616,-0.03967104,-0.6953878,0.2880686,SelectionStart
33.03436,24,2,3,0,0.7762078,1.026277,0.2722458,351.1199,121.4829,95.86144,0.7639734,1.033691,0.1997616,-0.03967104,-0.6953878,0.2880686,SelectionEnd
33.03825,24,2,3,0,0.7762078,1.026277,0.2722458,351.1199,121.4829,95.86144,0.7639734,1.033691,0.1997616,-0.03967104,-0.6953878,0.2880686,GotSelection
33.04859,24,2,3,0,0.7765529,1.026129,0.2719422,351.149,121.5143,95.8546,0.7666556,1.040544,0.2024152,0.03391528,-0.6643924,0.3039215,SelectionStart
33.04861,24,2,3,0,0.7765529,1.026129,0.2719422,351.149,121.5143,95.8546,0.7666556,1.040544,0.2024152,0.03391528,-0.6643924,0.3039215,SelectionEnd
33.05196,24,2,3,0,0.7765529,1.026129,0.2719422,351.149,121.5143,95.8546,0.7666556,1.040544,0.2024152,0.03391528,-0.6643924,0.3039215,GotSelection
33.06246,24,2,3,0,0.7768373,1.02601,0.2718298,351.1717,121.5501,95.8494,0.7687203,1.045852,0.2044679,0.09075587,-0.6415533,0.3166564,SelectionStart
33.06248,24,2,3,0,0.7768373,1.02601,0.2718298,351.1717,121.5501,95.8494,0.7687203,1.045852,0.2044679,0.09075587,-0.6415533,0.3166564,SelectionEnd
33.06633,24,2,3,0,0.7768373,1.02601,0.2718298,351.1717,121.5501,95.8494,0.7687203,1.045852,0.2044679,0.09075587,-0.6415533,0.3166564,GotSelection
33.07739,24,2,3,0,0.7771397,1.025977,0.2716973,351.2044,121.5832,95.84303,0.7717802,1.052732,0.2072051,0.1630432,-0.6088849,0.336242,SelectionStart
33.07742,24,2,3,0,0.7771397,1.025977,0.2716973,351.2044,121.5832,95.84303,0.7717802,1.052732,0.2072051,0.1630432,-0.6088849,0.336242,SelectionEnd
33.08106,24,2,3,0,0.7771397,1.025977,0.2716973,351.2044,121.5832,95.84303,0.7717802,1.052732,0.2072051,0.1630432,-0.6088849,0.336242,GotSelection
33.09383,24,2,3,0,0.777619,1.025842,0.2717226,351.2556,121.5981,95.8683,0.7743521,1.059371,0.2101794,0.2343965,-0.5792354,0.349091,SelectionStart
33.09385,24,2,3,0,0.777619,1.025842,0.2717226,351.2556,121.5981,95.8683,0.7743521,1.059371,0.2101794,0.2343965,-0.5792354,0.349091,SelectionEnd
33.09727,24,2,3,0,0.777619,1.025842,0.2717226,351.2556,121.5981,95.8683,0.7743521,1.059371,0.2101794,0.2343965,-0.5792354,0.349091,GotSelection
33.11607,24,2,3,0,0.7782114,1.025547,0.2717457,351.3438,121.6125,95.91986,0.7782106,1.067647,0.213459,0.3234555,-0.5426557,0.3727757,SelectionStart
33.11617,24,2,3,0,0.7782114,1.025547,0.2717457,351.3438,121.6125,95.91986,0.7782106,1.067647,0.213459,0.3234555,-0.5426557,0.3727757,SelectionEnd
33.12409,24,2,3,0,0.7782114,1.025547,0.2717457,351.3438,121.6125,95.91986,0.7782106,1.067647,0.213459,0.3234555,-0.5426557,0.3727757,GotSelection
33.16785,24,2,3,0,0.7796239,1.024556,0.272045,351.576,121.5965,96.10555,0.7880572,1.088738,0.2212716,0.5517035,-0.4573939,0.4368765,SelectionStart
33.16788,24,2,3,0,0.7796239,1.024556,0.272045,351.576,121.5965,96.10555,0.7880572,1.088738,0.2212716,0.5517035,-0.4573939,0.4368765,SelectionEnd
33.17124,24,2,3,0,0.7796239,1.024556,0.272045,351.576,121.5965,96.10555,0.7880572,1.088738,0.2212716,0.5517035,-0.4573939,0.4368765,GotSelection
33.1808,24,2,3,0,0.7798539,1.024314,0.2722435,351.5981,121.5866,96.15469,0.7896149,1.092637,0.2226091,0.5940604,-0.4454455,0.4481439,SelectionStart
33.18082,24,2,3,0,0.7798539,1.024314,0.2722435,351.5981,121.5866,96.15469,0.7896149,1.092637,0.2226091,0.5940604,-0.4454455,0.4481439,SelectionEnd
33.18415,24,2,3,0,0.7798539,1.024314,0.2722435,351.5981,121.5866,96.15469,0.7896149,1.092637,0.2226091,0.5940604,-0.4454455,0.4481439,GotSelection
33.1944,24,2,3,0,0.7801569,1.02399,0.2723875,351.6198,121.5761,96.21047,0.7919176,1.09735,0.2239533,0.6450332,-0.4304433,0.4661731,SelectionStart
33.19443,24,2,3,0,0.7801569,1.02399,0.2723875,351.6198,121.5761,96.21047,0.7919176,1.09735,0.2239533,0.6450332,-0.4304433,0.4661731,SelectionEnd
33.19778,24,2,3,0,0.7801569,1.02399,0.2723875,351.6198,121.5761,96.21047,0.7919176,1.09735,0.2239533,0.6450332,-0.4304433,0.4661731,GotSelection
33.20926,24,2,3,0,0.7804363,1.023651,0.2726811,351.6449,121.5681,96.26836,0.7940254,1.101429,0.2250952,0.6893575,-0.4188201,0.4836129,SelectionStart
33.20929,24,2,3,0,0.7804363,1.023651,0.2726811,351.6449,121.5681,96.26836,0.7940254,1.101429,0.2250952,0.6893575,-0.4188201,0.4836129,SelectionEnd
33.21292,24,2,3,0,0.7804363,1.023651,0.2726811,351.6449,121.5681,96.26836,0.7940254,1.101429,0.2250952,0.6893575,-0.4188201,0.4836129,GotSelection
33.22285,24,2,3,0,0.7806208,1.023421,0.2729068,351.6629,121.5516,96.32422,0.7949556,1.10401,0.2257103,0.7174784,-0.4153513,0.4918007,SelectionStart
33.22287,24,2,3,0,0.7806208,1.023421,0.2729068,351.6629,121.5516,96.32422,0.7949556,1.10401,0.2257103,0.7174784,-0.4153513,0.4918007,SelectionEnd
33.2263,24,2,3,0,0.7806208,1.023421,0.2729068,351.6629,121.5516,96.32422,0.7949556,1.10401,0.2257103,0.7174784,-0.4153513,0.4918007,GotSelection
33.23613,24,2,3,0,0.7809031,1.023071,0.2733766,351.6862,121.511,96.41842,0.7955276,1.106172,0.226335,0.7422774,-0.4167549,0.496641,SelectionStart
33.23615,24,2,3,0,0.7809031,1.023071,0.2733766,351.6862,121.511,96.41842,0.7955276,1.106172,0.226335,0.7422774,-0.4167549,0.496641,SelectionEnd
33.23947,24,2,3,0,0.7809031,1.023071,0.2733766,351.6862,121.511,96.41842,0.7955276,1.106172,0.226335,0.7422774,-0.4167549,0.496641,GotSelection
33.25037,24,2,3,0,0.7810764,1.022788,0.2735244,351.7134,121.4952,96.49067,0.7954193,1.107291,0.2265522,0.7563532,-0.42036,0.4954491,SelectionStart
33.25039,24,2,3,0,0.7810764,1.022788,0.2735244,351.7134,121.4952,96.49067,0.7954193,1.107291,0.2265522,0.7563532,-0.42036,0.4954491,SelectionEnd
33.25381,24,2,3,0,0.7810764,1.022788,0.2735244,351.7134,121.4952,96.49067,0.7954193,1.107291,0.2265522,0.7563532,-0.42036,0.4954491,GotSelection
33.26324,24,2,3,0,0.7811449,1.022705,0.2736405,351.7359,121.4806,96.53797,0.7954258,1.108322,0.2264158,0.7669754,-0.4248805,0.4974829,SelectionStart
33.26325,24,2,3,0,0.7811449,1.022705,0.2736405,351.7359,121.4806,96.53797,0.7954258,1.108322,0.2264158,0.7669754,-0.4248805,0.4974829,SelectionEnd
33.26742,24,2,3,0,0.7811449,1.022705,0.2736405,351.7359,121.4806,96.53797,0.7954258,1.108322,0.2264158,0.7669754,-0.4248805,0.4974829,GotSelection
33.27785,24,2,3,0,0.7812815,1.022495,0.273708,351.7556,121.4621,96.58247,0.7946504,1.108737,0.225936,0.7726995,-0.4359798,0.493043,SelectionStart
33.27786,24,2,3,0,0.7812815,1.022495,0.273708,351.7556,121.4621,96.58247,0.7946504,1.108737,0.225936,0.7726995,-0.4359798,0.493043,SelectionEnd
33.28127,24,2,3,0,0.7812815,1.022495,0.273708,351.7556,121.4621,96.58247,0.7946504,1.108737,0.225936,0.7726995,-0.4359798,0.493043,GotSelection
33.29279,24,2,3,0,0.78146,1.022452,0.2736482,351.7798,121.4721,96.5836,0.7932836,1.10797,0.2250747,0.7651849,-0.4503682,0.4826159,SelectionStart
33.2928,24,2,3,0,0.78146,1.022452,0.2736482,351.7798,121.4721,96.5836,0.7932836,1.10797,0.2250747,0.7651849,-0.4503682,0.4826159,SelectionEnd
33.29623,24,2,3,0,0.78146,1.022452,0.2736482,351.7798,121.4721,96.5836,0.7932836,1.10797,0.2250747,0.7651849,-0.4503682,0.4826159,GotSelection
33.30557,24,2,3,0,0.781592,1.022434,0.273689,351.8093,121.4879,96.58367,0.792008,1.106857,0.2241691,0.753664,-0.4647786,0.4735771,SelectionStart
33.3056,24,2,3,0,0.781592,1.022434,0.273689,351.8093,121.4879,96.58367,0.792008,1.106857,0.2241691,0.753664,-0.4647786,0.4735771,SelectionEnd
33.30895,24,2,3,0,0.781592,1.022434,0.273689,351.8093,121.4879,96.58367,0.792008,1.106857,0.2241691,0.753664,-0.4647786,0.4735771,GotSelection
33.31796,24,2,3,0,0.7816406,1.022511,0.2735747,351.8239,121.512,96.55266,0.78933,1.104916,0.2229285,0.7335122,-0.4863719,0.4530731,SelectionStart
33.31799,24,2,3,0,0.7816406,1.022511,0.2735747,351.8239,121.512,96.55266,0.78933,1.104916,0.2229285,0.7335122,-0.4863719,0.4530731,SelectionEnd
33.32132,24,2,3,0,0.7816406,1.022511,0.2735747,351.8239,121.512,96.55266,0.78933,1.104916,0.2229285,0.7335122,-0.4863719,0.4530731,GotSelection
33.36497,24,2,3,0,0.7818447,1.02263,0.2734426,351.8904,121.4973,96.54348,0.7800572,1.092309,0.21725,0.6025768,-0.5707203,0.3813985,SelectionStart
33.365,24,2,3,0,0.7818447,1.02263,0.2734426,351.8904,121.4973,96.54348,0.7800572,1.092309,0.21725,0.6025768,-0.5707203,0.3813985,SelectionEnd
33.36841,24,2,3,0,0.7818447,1.02263,0.2734426,351.8904,121.4973,96.54348,0.7800572,1.092309,0.21725,0.6025768,-0.5707203,0.3813985,GotSelection
33.37793,24,2,3,0,0.7818747,1.022709,0.2733582,351.9258,121.4803,96.52571,0.7754125,1.085905,0.2146395,0.5364072,-0.6102163,0.3446089,SelectionStart
33.37795,24,2,3,0,0.7818747,1.022709,0.2733582,351.9258,121.4803,96.52571,0.7754125,1.085905,0.2146395,0.5364072,-0.6102163,0.3446089,SelectionEnd
33.38125,24,2,3,0,0.7818747,1.022709,0.2733582,351.9258,121.4803,96.52571,0.7754125,1.085905,0.2146395,0.5364072,-0.6102163,0.3446089,GotSelection
33.39313,24,2,3,0,0.7818227,1.02277,0.2731931,351.9511,121.4698,96.51611,0.7712871,1.079039,0.2116656,0.4647684,-0.6484138,0.3140682,SelectionStart
33.39315,24,2,3,0,0.7818227,1.02277,0.2731931,351.9511,121.4698,96.51611,0.7712871,1.079039,0.2116656,0.4647684,-0.6484138,0.3140682,SelectionEnd
33.39661,24,2,3,0,0.7818227,1.02277,0.2731931,351.9511,121.4698,96.51611,0.7712871,1.079039,0.2116656,0.4647684,-0.6484138,0.3140682,GotSelection
33.40646,24,2,3,0,0.7817281,1.022752,0.2732508,351.9579,121.4595,96.51553,0.767861,1.073741,0.2094457,0.4099152,-0.6799886,0.2896632,SelectionStart
33.40647,24,2,3,0,0.7817281,1.022752,0.2732508,351.9579,121.4595,96.51553,0.767861,1.073741,0.2094457,0.4099152,-0.6799886,0.2896632,SelectionEnd
33.40981,24,2,3,0,0.7817281,1.022752,0.2732508,351.9579,121.4595,96.51553,0.767861,1.073741,0.2094457,0.4099152,-0.6799886,0.2896632,GotSelection
33.41933,24,2,3,0,0.7818509,1.022698,0.2732783,351.9866,121.4579,96.53134,0.7648734,1.068314,0.2072689,0.3539979,-0.7097038,0.2665784,SelectionStart
33.41936,24,2,3,0,0.7818509,1.022698,0.2732783,351.9866,121.4579,96.53134,0.7648734,1.068314,0.2072689,0.3539979,-0.7097038,0.2665784,SelectionEnd
33.42284,24,2,3,0,0.7818509,1.022698,0.2732783,351.9866,121.4579,96.53134,0.7648734,1.068314,0.2072689,0.3539979,-0.7097038,0.2665784,GotSelection
33.43379,24,2,3,0,0.7819266,1.02274,0.2732791,352.0131,121.4548,96.54894,0.7618439,1.060562,0.2039998,0.2718813,-0.7457049,0.2457743,SelectionStart
33.43381,24,2,3,0,0.7819266,1.02274,0.2732791,352.0131,121.4548,96.54894,0.7618439,1.060562,0.2039998,0.2718813,-0.7457049,0.2457743,SelectionEnd
33.43748,24,2,3,0,0.7819266,1.02274,0.2732791,352.0131,121.4548,96.54894,0.7618439,1.060562,0.2039998,0.2718813,-0.7457049,0.2457743,GotSelection
33.44935,24,2,3,0,0.7820045,1.022728,0.2731784,352.0337,121.4429,96.56316,0.7587731,1.052611,0.2009234,0.1888231,-0.7792167,0.2228156,SelectionStart
33.44939,24,2,3,0,0.7820045,1.022728,0.2731784,352.0337,121.4429,96.56316,0.7587731,1.052611,0.2009234,0.1888231,-0.7792167,0.2228156,SelectionEnd
33.45292,24,2,3,0,0.7820045,1.022728,0.2731784,352.0337,121.4429,96.56316,0.7587731,1.052611,0.2009234,0.1888231,-0.7792167,0.2228156,GotSelection
33.46301,24,2,3,0,0.7820327,1.022783,0.2730609,352.0609,121.4224,96.56974,0.7560103,1.045051,0.1978989,0.1090499,-0.810544,0.2029354,SelectionStart
33.46303,24,2,3,0,0.7820327,1.022783,0.2730609,352.0609,121.4224,96.56974,0.7560103,1.045051,0.1978989,0.1090499,-0.810544,0.2029354,SelectionEnd
33.46646,24,2,3,0,0.7820327,1.022783,0.2730609,352.0609,121.4224,96.56974,0.7560103,1.045051,0.1978989,0.1090499,-0.810544,0.2029354,GotSelection
33.47586,24,2,3,0,0.7820265,1.022898,0.272885,352.0781,121.4143,96.54977,0.7541959,1.039626,0.1957552,0.05146093,-0.8308088,0.1897452,SelectionStart
33.47588,24,2,3,0,0.7820265,1.022898,0.272885,352.0781,121.4143,96.54977,0.7541959,1.039626,0.1957552,0.05146093,-0.8308088,0.1897452,SelectionEnd
33.47919,24,2,3,0,0.7820265,1.022898,0.272885,352.0781,121.4143,96.54977,0.7541959,1.039626,0.1957552,0.05146093,-0.8308088,0.1897452,GotSelection
33.48831,24,2,3,0,0.7820712,1.023039,0.2726536,352.1178,121.4136,96.51907,0.7528155,1.034186,0.1936274,-0.006413253,-0.8483652,0.1795243,SelectionStart
33.48833,24,2,3,0,0.7820712,1.023039,0.2726536,352.1178,121.4136,96.51907,0.7528155,1.034186,0.1936274,-0.006413253,-0.8483652,0.1795243,SelectionEnd
33.49157,24,2,3,0,0.7820712,1.023039,0.2726536,352.1178,121.4136,96.51907,0.7528155,1.034186,0.1936274,-0.006413253,-0.8483652,0.1795243,GotSelection
33.50163,24,2,3,0,0.7820557,1.023298,0.2722621,352.1684,121.4033,96.46224,0.7507977,1.027304,0.191164,-0.07946477,-0.8688992,0.1630068,SelectionStart
33.50164,24,2,3,0,0.7820557,1.023298,0.2722621,352.1684,121.4033,96.46224,0.7507977,1.027304,0.191164,-0.07946477,-0.8688992,0.1630068,SelectionEnd
33.50495,24,2,3,0,0.7820557,1.023298,0.2722621,352.1684,121.4033,96.46224,0.7507977,1.027304,0.191164,-0.07946477,-0.8688992,0.1630068,GotSelection
33.54549,24,2,3,0,0.78205,1.023815,0.2715476,352.2325,121.3985,96.35235,0.7476788,1.010945,0.1848873,-0.2546723,-0.9147564,0.1420749,SelectionStart
33.5455,24,2,3,0,0.78205,1.023815,0.2715476,352.2325,121.3985,96.35235,0.7476788,1.010945,0.1848873,-0.2546723,-0.9147564,0.1420749,SelectionEnd
33.54874,24,2,3,0,0.78205,1.023815,0.2715476,352.2325,121.3985,96.35235,0.7476788,1.010945,0.1848873,-0.2546723,-0.9147564,0.1420749,GotSelection
33.55976,24,2,3,0,0.7805669,1.024568,0.2715852,352.2076,121.2126,96.28003,0.7473837,1.007054,0.1832847,-0.3033237,-0.9181973,0.1514334,SelectionStart
33.55978,24,2,3,0,0.7805669,1.024568,0.2715852,352.2076,121.2126,96.28003,0.7473837,1.007054,0.1832847,-0.3033237,-0.9181973,0.1514334,SelectionEnd
33.56303,24,2,3,0,0.7805669,1.024568,0.2715852,352.2076,121.2126,96.28003,0.7473837,1.007054,0.1832847,-0.3033237,-0.9181973,0.1514334,GotSelection
33.57639,24,2,3,0,0.7806758,1.024863,0.2712099,352.2488,121.251,96.22584,0.7468362,1.001417,0.1808842,-0.3649905,-0.932804,0.1489909,SelectionStart
33.57642,24,2,3,0,0.7806758,1.024863,0.2712099,352.2488,121.251,96.22584,0.7468362,1.001417,0.1808842,-0.3649905,-0.932804,0.1489909,SelectionEnd
33.57993,24,2,3,0,0.7806758,1.024863,0.2712099,352.2488,121.251,96.22584,0.7468362,1.001417,0.1808842,-0.3649905,-0.932804,0.1489909,GotSelection
33.58967,24,2,3,0,0.7809833,1.024654,0.2709202,352.2509,121.2658,96.20069,0.7465176,0.9987809,0.1795427,-0.3903626,-0.9426769,0.1460178,SelectionStart
33.5897,24,2,3,0,0.7809833,1.024654,0.2709202,352.2509,121.2658,96.20069,0.7465176,0.9987809,0.1795427,-0.3903626,-0.9426769,0.1460178,SelectionEnd
33.59321,24,2,3,0,0.7809833,1.024654,0.2709202,352.2509,121.2658,96.20069,0.7465176,0.9987809,0.1795427,-0.3903626,-0.9426769,0.1460178,GotSelection
33.60563,24,2,3,0,0.7815502,1.024453,0.2706868,352.2404,121.2848,96.16861,0.7462424,0.9958216,0.1779361,-0.419376,-0.9561701,0.142421,SelectionStart
33.60565,24,2,3,0,0.7815502,1.024453,0.2706868,352.2404,121.2848,96.16861,0.7462424,0.9958216,0.1779361,-0.419376,-0.9561701,0.142421,SelectionEnd
33.60929,24,2,3,0,0.7815502,1.024453,0.2706868,352.2404,121.2848,96.16861,0.7462424,0.9958216,0.1779361,-0.419376,-0.9561701,0.142421,GotSelection
33.61894,24,2,3,0,0.7818092,1.024439,0.2705731,352.222,121.3268,96.15662,0.7460497,0.9935482,0.1765502,-0.44383,-0.9670237,0.1427116,SelectionStart
33.61897,24,2,3,0,0.7818092,1.024439,0.2705731,352.222,121.3268,96.15662,0.7460497,0.9935482,0.1765502,-0.44383,-0.9670237,0.1427116,SelectionEnd
33.62228,24,2,3,0,0.7818092,1.024439,0.2705731,352.222,121.3268,96.15662,0.7460497,0.9935482,0.1765502,-0.44383,-0.9670237,0.1427116,GotSelection
33.63375,24,2,3,0,0.7821324,1.024313,0.2704567,352.2532,121.3582,96.17369,0.7459401,0.993421,0.1760024,-0.4445706,-0.9728292,0.1419734,SelectionStart
33.63377,24,2,3,0,0.7821324,1.024313,0.2704567,352.2532,121.3582,96.17369,0.7459401,0.993421,0.1760024,-0.4445706,-0.9728292,0.1419734,SelectionEnd
33.6371,24,2,3,0,0.7821324,1.024313,0.2704567,352.2532,121.3582,96.17369,0.7459401,0.993421,0.1760024,-0.4445706,-0.9728292,0.1419734,GotSelection
33.64645,24,2,3,0,0.7825083,1.024297,0.270207,352.3061,121.3829,96.1627,0.7455819,0.9922704,0.1751396,-0.4562862,-0.9808424,0.1380597,SelectionStart
33.64646,24,2,3,0,0.7825083,1.024297,0.270207,352.3061,121.3829,96.1627,0.7455819,0.9922704,0.1751396,-0.4562862,-0.9808424,0.1380597,SelectionEnd
33.64979,24,2,3,0,0.7825083,1.024297,0.270207,352.3061,121.3829,96.1627,0.7455819,0.9922704,0.1751396,-0.4562862,-0.9808424,0.1380597,GotSelection
33.65919,24,2,3,0,0.7833725,1.024387,0.2697729,352.3616,121.4688,96.15223,0.7453727,0.9928611,0.1750507,-0.4499264,-0.9840434,0.1295194,SelectionStart
33.65922,24,2,3,0,0.7833725,1.024387,0.2697729,352.3616,121.4688,96.15223,0.7453727,0.9928611,0.1750507,-0.4499264,-0.9840434,0.1295194,SelectionEnd
33.6629,24,2,3,0,0.7833725,1.024387,0.2697729,352.3616,121.4688,96.15223,0.7453727,0.9928611,0.1750507,-0.4499264,-0.9840434,0.1295194,GotSelection
33.67296,24,2,3,0,0.7833443,1.024187,0.2698774,352.3813,121.5315,96.14648,0.7451875,0.9947646,0.1755726,-0.4279845,-0.9834403,0.1300355,SelectionStart
33.67298,24,2,3,0,0.7833443,1.024187,0.2698774,352.3813,121.5315,96.14648,0.7451875,0.9947646,0.1755726,-0.4279845,-0.9834403,0.1300355,SelectionEnd
33.67628,24,2,3,0,0.7833443,1.024187,0.2698774,352.3813,121.5315,96.14648,0.7451875,0.9947646,0.1755726,-0.4279845,-0.9834403,0.1300355,GotSelection
33.68555,24,2,3,0,0.7837057,1.024053,0.269785,352.4035,121.559,96.15297,0.7448838,0.9969624,0.1763597,-0.40284,-0.9819134,0.1234067,SelectionStart
33.68558,24,2,3,0,0.7837057,1.024053,0.269785,352.4035,121.559,96.15297,0.7448838,0.9969624,0.1763597,-0.40284,-0.9819134,0.1234067,SelectionEnd
33.68899,24,2,3,0,0.7837057,1.024053,0.269785,352.4035,121.559,96.15297,0.7448838,0.9969624,0.1763597,-0.40284,-0.9819134,0.1234067,GotSelection
33.72958,24,2,3,0,0.784404,1.023713,0.270009,352.4565,121.6262,96.26698,0.7444116,1.010633,0.1826641,-0.2533153,-0.950717,0.1013011,SelectionStart
33.7296,24,2,3,0,0.784404,1.023713,0.270009,352.4565,121.6262,96.26698,0.7444116,1.010633,0.1826641,-0.2533153,-0.950717,0.1013011,SelectionEnd
33.7329,24,2,3,0,0.784404,1.023713,0.270009,352.4565,121.6262,96.26698,0.7444116,1.010633,0.1826641,-0.2533153,-0.950717,0.1013011,GotSelection
33.74295,24,2,3,0,0.7848628,1.023471,0.2698839,352.5054,121.6575,96.30508,0.7443347,1.015526,0.1851313,-0.197738,-0.9369304,0.09041345,SelectionStart
33.74297,24,2,3,0,0.7848628,1.023471,0.2698839,352.5054,121.6575,96.30508,0.7443347,1.015526,0.1851313,-0.197738,-0.9369304,0.09041345,SelectionEnd
33.74648,24,2,3,0,0.7848628,1.023471,0.2698839,352.5054,121.6575,96.30508,0.7443347,1.015526,0.1851313,-0.197738,-0.9369304,0.09041345,GotSelection
33.75632,24,2,3,0,0.7854517,1.023208,0.2698213,352.5616,121.6997,96.35764,0.744329,1.02281,0.1884291,-0.1168555,-0.9196392,0.07818955,SelectionStart
33.75634,24,2,3,0,0.7854517,1.023208,0.2698213,352.5616,121.6997,96.35764,0.744329,1.02281,0.1884291,-0.1168555,-0.9196392,0.07818955,SelectionEnd
33.75972,24,2,3,0,0.7854517,1.023208,0.2698213,352.5616,121.6997,96.35764,0.744329,1.02281,0.1884291,-0.1168555,-0.9196392,0.07818955,GotSelection
33.76893,24,2,3,0,0.7860831,1.023057,0.269712,352.6156,121.7529,96.40248,0.7444351,1.028972,0.1915784,-0.04847496,-0.90162,0.06546642,SelectionStart
33.76894,24,2,3,0,0.7860831,1.023057,0.269712,352.6156,121.7529,96.40248,0.7444351,1.028972,0.1915784,-0.04847496,-0.90162,0.06546642,SelectionEnd
33.77233,24,2,3,0,0.7860831,1.023057,0.269712,352.6156,121.7529,96.40248,0.7444351,1.028972,0.1915784,-0.04847496,-0.90162,0.06546642,GotSelection
33.78378,24,2,3,0,0.786696,1.022837,0.2695432,352.6983,121.794,96.43241,0.7447698,1.037187,0.1953874,0.04258389,-0.8786662,0.05336627,SelectionStart
33.78379,24,2,3,0,0.786696,1.022837,0.2695432,352.6983,121.794,96.43241,0.7447698,1.037187,0.1953874,0.04258389,-0.8786662,0.05336627,SelectionEnd
33.78756,24,2,3,0,0.786696,1.022837,0.2695432,352.6983,121.794,96.43241,0.7447698,1.037187,0.1953874,0.04258389,-0.8786662,0.05336627,GotSelection
33.79725,24,2,3,0,0.7872404,1.022672,0.2693243,352.7867,121.8107,96.43784,0.7452339,1.043743,0.1984984,0.1156562,-0.858297,0.04355431,SelectionStart
33.79726,24,2,3,0,0.7872404,1.022672,0.2693243,352.7867,121.8107,96.43784,0.7452339,1.043743,0.1984984,0.1156562,-0.858297,0.04355431,SelectionEnd
33.80082,24,2,3,0,0.7872404,1.022672,0.2693243,352.7867,121.8107,96.43784,0.7452339,1.043743,0.1984984,0.1156562,-0.858297,0.04355431,GotSelection
33.81014,24,2,3,0,0.7878044,1.022496,0.2691123,352.8639,121.8362,96.45647,0.746004,1.052757,0.2024156,0.2145017,-0.8324119,0.03501233,SelectionStart
33.81016,24,2,3,0,0.7878044,1.022496,0.2691123,352.8639,121.8362,96.45647,0.746004,1.052757,0.2024156,0.2145017,-0.8324119,0.03501233,SelectionEnd
33.81373,24,2,3,0,0.7878044,1.022496,0.2691123,352.8639,121.8362,96.45647,0.746004,1.052757,0.2024156,0.2145017,-0.8324119,0.03501233,GotSelection
33.82591,24,2,3,0,0.7883453,1.022196,0.2689996,352.9152,121.8697,96.50474,0.7468271,1.061817,0.2061154,0.3140543,-0.8092499,0.02902701,SelectionStart
33.82593,24,2,3,0,0.7883453,1.022196,0.2689996,352.9152,121.8697,96.50474,0.7468271,1.061817,0.2061154,0.3140543,-0.8092499,0.02902701,SelectionEnd
33.82951,24,2,3,0,0.7883453,1.022196,0.2689996,352.9152,121.8697,96.50474,0.7468271,1.061817,0.2061154,0.3140543,-0.8092499,0.02902701,GotSelection
33.83993,24,2,3,0,0.7886392,1.022064,0.2689195,352.9482,121.9082,96.53172,0.7478626,1.068295,0.208877,0.3844571,-0.7887205,0.02875307,SelectionStart
33.83995,24,2,3,0,0.7886392,1.022064,0.2689195,352.9482,121.9082,96.53172,0.7478626,1.068295,0.208877,0.3844571,-0.7887205,0.02875307,SelectionEnd
33.84335,24,2,3,0,0.7886392,1.022064,0.2689195,352.9482,121.9082,96.53172,0.7478626,1.068295,0.208877,0.3844571,-0.7887205,0.02875307,GotSelection
33.85281,24,2,3,0,0.7890075,1.021923,0.2687773,352.9852,121.9486,96.5507,0.7490953,1.074693,0.2114406,0.4539949,-0.7686101,0.03004098,SelectionStart
33.85284,24,2,3,0,0.7890075,1.021923,0.2687773,352.9852,121.9486,96.5507,0.7490953,1.074693,0.2114406,0.4539949,-0.7686101,0.03004098,SelectionEnd
33.85623,24,2,3,0,0.7890075,1.021923,0.2687773,352.9852,121.9486,96.5507,0.7490953,1.074693,0.2114406,0.4539949,-0.7686101,0.03004098,GotSelection
33.86732,24,2,3,0,0.7895456,1.021751,0.2685675,353.0616,122.0058,96.56155,0.7504906,1.083187,0.2147947,0.5464618,-0.7436835,0.02894127,SelectionStart
33.86734,24,2,3,0,0.7895456,1.021751,0.2685675,353.0616,122.0058,96.56155,0.7504906,1.083187,0.2147947,0.5464618,-0.7436835,0.02894127,SelectionEnd
33.87104,24,2,3,0,0.7895456,1.021751,0.2685675,353.0616,122.0058,96.56155,0.7504906,1.083187,0.2147947,0.5464618,-0.7436835,0.02894127,GotSelection
33.88168,24,2,3,0,0.7900481,1.021737,0.2682206,353.1614,122.0477,96.55515,0.752289,1.091507,0.2177441,0.635231,-0.7180948,0.03187069,SelectionStart
33.8817,24,2,3,0,0.7900481,1.021737,0.2682206,353.1614,122.0477,96.55515,0.752289,1.091507,0.2177441,0.635231,-0.7180948,0.03187069,SelectionEnd
33.88503,24,2,3,0,0.7900481,1.021737,0.2682206,353.1614,122.0477,96.55515,0.752289,1.091507,0.2177441,0.635231,-0.7180948,0.03187069,GotSelection
33.92793,24,2,3,0,0.7911395,1.021026,0.2684985,353.1964,122.1116,96.72958,0.7590795,1.113646,0.2248607,0.8719665,-0.657653,0.07183605,SelectionStart
33.92795,24,2,3,0,0.7911395,1.021026,0.2684985,353.1964,122.1116,96.72958,0.7590795,1.113646,0.2248607,0.8719665,-0.657653,0.07183605,SelectionEnd
33.93134,24,2,3,0,0.7911395,1.021026,0.2684985,353.1964,122.1116,96.72958,0.7590795,1.113646,0.2248607,0.8719665,-0.657653,0.07183605,GotSelection
33.94262,24,2,3,0,0.7913429,1.020906,0.2686111,353.1811,122.1604,96.77896,0.7610425,1.117795,0.2260056,0.9153125,-0.6450571,0.0872484,SelectionStart
33.94264,24,2,3,0,0.7913429,1.020906,0.2686111,353.1811,122.1604,96.77896,0.7610425,1.117795,0.2260056,0.9153125,-0.6450571,0.0872484,SelectionEnd
33.94596,24,2,3,0,0.7913429,1.020906,0.2686111,353.1811,122.1604,96.77896,0.7610425,1.117795,0.2260056,0.9153125,-0.6450571,0.0872484,GotSelection
33.95528,24,2,3,0,0.7917014,1.020724,0.2686106,353.2146,122.2153,96.80463,0.7633336,1.123376,0.2275023,0.9747571,-0.629024,0.102603,SelectionStart
33.9553,24,2,3,0,0.7917014,1.020724,0.2686106,353.2146,122.2153,96.80463,0.7633336,1.123376,0.2275023,0.9747571,-0.629024,0.102603,SelectionEnd
33.95862,24,2,3,0,0.7917014,1.020724,0.2686106,353.2146,122.2153,96.80463,0.7633336,1.123376,0.2275023,0.9747571,-0.629024,0.102603,GotSelection
33.96753,24,2,3,0,0.7919781,1.020703,0.268377,353.2725,122.2316,96.77901,0.7651215,1.126597,0.228302,1.008904,-0.6153595,0.1129373,SelectionStart
33.96754,24,2,3,0,0.7919781,1.020703,0.268377,353.2725,122.2316,96.77901,0.7651215,1.126597,0.228302,1.008904,-0.6153595,0.1129373,SelectionEnd
33.97117,24,2,3,0,0.7919781,1.020703,0.268377,353.2725,122.2316,96.77901,0.7651215,1.126597,0.228302,1.008904,-0.6153595,0.1129373,GotSelection
33.98159,24,2,3,0,0.7923282,1.020574,0.2680852,353.3543,122.2223,96.74146,0.7666248,1.128912,0.2288652,1.035063,-0.603994,0.1194757,SelectionStart
33.98161,24,2,3,0,0.7923282,1.020574,0.2680852,353.3543,122.2223,96.74146,0.7666248,1.128912,0.2288652,1.035063,-0.603994,0.1194757,SelectionEnd
33.9851,24,2,3,0,0.7923282,1.020574,0.2680852,353.3543,122.2223,96.74146,0.7666248,1.128912,0.2288652,1.035063,-0.603994,0.1194757,GotSelection
33.99502,24,2,3,0,0.7926642,1.020469,0.26794,353.4306,122.2166,96.7281,0.7683271,1.132075,0.2295687,1.069164,-0.5928996,0.1289085,SelectionStart
33.99504,24,2,3,0,0.7926642,1.020469,0.26794,353.4306,122.2166,96.7281,0.7683271,1.132075,0.2295687,1.069164,-0.5928996,0.1289085,SelectionEnd
33.99855,24,2,3,0,0.7926642,1.020469,0.26794,353.4306,122.2166,96.7281,0.7683271,1.132075,0.2295687,1.069164,-0.5928996,0.1289085,GotSelection
34.0093,24,2,3,0,0.7929185,1.020279,0.2679373,353.4665,122.2181,96.75142,0.7693042,1.134007,0.2297604,1.09044,-0.5902333,0.1358236,SelectionStart
34.00932,24,2,3,0,0.7929185,1.020279,0.2679373,353.4665,122.2181,96.75142,0.7693042,1.134007,0.2297604,1.09044,-0.5902333,0.1358236,SelectionEnd
34.01282,24,2,3,0,0.7929185,1.020279,0.2679373,353.4665,122.2181,96.75142,0.7693042,1.134007,0.2297604,1.09044,-0.5902333,0.1358236,GotSelection
34.0221,24,2,3,0,0.7930858,1.020156,0.2679143,353.4997,122.2413,96.77311,0.7701579,1.134669,0.2296285,1.097772,-0.5887256,0.1427204,SelectionStart
34.02213,24,2,3,0,0.7930858,1.020156,0.2679143,353.4997,122.2413,96.77311,0.7701579,1.134669,0.2296285,1.097772,-0.5887256,0.1427204,SelectionEnd
34.02554,24,2,3,0,0.7930858,1.020156,0.2679143,353.4997,122.2413,96.77311,0.7701579,1.134669,0.2296285,1.097772,-0.5887256,0.1427204,GotSelection
34.03487,24,2,3,0,0.7932565,1.019988,0.26802,353.5058,122.259,96.81049,0.7706271,1.134625,0.2292469,1.097743,-0.5920776,0.1480739,SelectionStart
34.03489,24,2,3,0,0.7932565,1.019988,0.26802,353.5058,122.259,96.81049,0.7706271,1.134625,0.2292469,1.097743,-0.5920776,0.1480739,SelectionEnd
34.03822,24,2,3,0,0.7932565,1.019988,0.26802,353.5058,122.259,96.81049,0.7706271,1.134625,0.2292469,1.097743,-0.5920776,0.1480739,GotSelection
34.05083,24,2,3,0,0.7934285,1.019721,0.2681057,353.518,122.2608,96.84327,0.7706951,1.132902,0.2282029,1.080958,-0.601118,0.1513855,SelectionStart
34.05084,24,2,3,0,0.7934285,1.019721,0.2681057,353.518,122.2608,96.84327,0.7706951,1.132902,0.2282029,1.080958,-0.601118,0.1513855,SelectionEnd
34.05432,24,2,3,0,0.7934285,1.019721,0.2681057,353.518,122.2608,96.84327,0.7706951,1.132902,0.2282029,1.080958,-0.601118,0.1513855,GotSelection
34.06429,24,2,3,0,0.7936512,1.019565,0.2680808,353.5593,122.2579,96.86629,0.7703312,1.130808,0.2272418,1.059971,-0.6104074,0.1483552,SelectionStart
34.06431,24,2,3,0,0.7936512,1.019565,0.2680808,353.5593,122.2579,96.86629,0.7703312,1.130808,0.2272418,1.059971,-0.6104074,0.1483552,SelectionEnd
34.06816,24,2,3,0,0.7936512,1.019565,0.2680808,353.5593,122.2579,96.86629,0.7703312,1.130808,0.2272418,1.059971,-0.6104074,0.1483552,GotSelection
34.1139,24,2,3,0,0.7944709,1.019349,0.2679385,353.725,122.221,96.911,0.7662987,1.11545,0.2210479,0.8990242,-0.6709968,0.119001,SelectionStart
34.11393,24,2,3,0,0.7944709,1.019349,0.2679385,353.725,122.221,96.911,0.7662987,1.11545,0.2210479,0.8990242,-0.6709968,0.119001,SelectionEnd
34.11769,24,2,3,0,0.7944709,1.019349,0.2679385,353.725,122.221,96.911,0.7662987,1.11545,0.2210479,0.8990242,-0.6709968,0.119001,GotSelection
34.12822,24,2,3,0,0.7947209,1.01931,0.2677904,353.7655,122.228,96.90618,0.7642815,1.108674,0.218171,0.8275242,-0.6984,0.1062256,SelectionStart
34.12824,24,2,3,0,0.7947209,1.01931,0.2677904,353.7655,122.228,96.90618,0.7642815,1.108674,0.218171,0.8275242,-0.6984,0.1062256,SelectionEnd
34.13163,24,2,3,0,0.7947209,1.01931,0.2677904,353.7655,122.228,96.90618,0.7642815,1.108674,0.218171,0.8275242,-0.6984,0.1062256,GotSelection
34.14373,24,2,3,0,0.7949309,1.019318,0.2676984,353.8106,122.2368,96.88395,0.7622314,1.100977,0.2152919,0.7463904,-0.7248632,0.09281719,SelectionStart
34.14376,24,2,3,0,0.7949309,1.019318,0.2676984,353.8106,122.2368,96.88395,0.7622314,1.100977,0.2152919,0.7463904,-0.7248632,0.09281719,SelectionEnd
34.14763,24,2,3,0,0.7949309,1.019318,0.2676984,353.8106,122.2368,96.88395,0.7622314,1.100977,0.2152919,0.7463904,-0.7248632,0.09281719,GotSelection
34.15919,24,2,3,0,0.7951515,1.019311,0.2674814,353.8683,122.2596,96.82996,0.7600226,1.091547,0.2122673,0.6483843,-0.7500553,0.07632823,SelectionStart
34.15921,24,2,3,0,0.7951515,1.019311,0.2674814,353.8683,122.2596,96.82996,0.7600226,1.091547,0.2122673,0.6483843,-0.7500553,0.07632823,SelectionEnd
34.16257,24,2,3,0,0.7951515,1.019311,0.2674814,353.8683,122.2596,96.82996,0.7600226,1.091547,0.2122673,0.6483843,-0.7500553,0.07632823,GotSelection
34.17202,24,2,3,0,0.7954244,1.019309,0.2672524,353.9366,122.2571,96.80206,0.7585464,1.084695,0.2097797,0.5766921,-0.7703604,0.06526484,SelectionStart
34.17204,24,2,3,0,0.7954244,1.019309,0.2672524,353.9366,122.2571,96.80206,0.7585464,1.084695,0.2097797,0.5766921,-0.7703604,0.06526484,SelectionEnd
34.17536,24,2,3,0,0.7954244,1.019309,0.2672524,353.9366,122.2571,96.80206,0.7585464,1.084695,0.2097797,0.5766921,-0.7703604,0.06526484,GotSelection
34.18453,24,2,3,0,0.7956473,1.019216,0.2670839,354.0184,122.2504,96.79247,0.7565999,1.077906,0.2073205,0.5063705,-0.7936687,0.05090719,SelectionStart
34.18455,24,2,3,0,0.7956473,1.019216,0.2670839,354.0184,122.2504,96.79247,0.7565999,1.077906,0.2073205,0.5063705,-0.7936687,0.05090719,SelectionEnd
34.18805,24,2,3,0,0.7956473,1.019216,0.2670839,354.0184,122.2504,96.79247,0.7565999,1.077906,0.2073205,0.5063705,-0.7936687,0.05090719,GotSelection
34.19775,24,2,3,0,0.7960801,1.01913,0.2668323,354.1148,122.2247,96.80328,0.7550257,1.068366,0.2040195,0.4067437,-0.8193911,0.03895906,SelectionStart
34.19776,24,2,3,0,0.7960801,1.01913,0.2668323,354.1148,122.2247,96.80328,0.7550257,1.068366,0.2040195,0.4067437,-0.8193911,0.03895906,SelectionEnd
34.20113,24,2,3,0,0.7960801,1.01913,0.2668323,354.1148,122.2247,96.80328,0.7550257,1.068366,0.2040195,0.4067437,-0.8193911,0.03895906,GotSelection
34.21179,24,2,3,0,0.7964446,1.018995,0.2667562,354.1844,122.2052,96.83258,0.7541162,1.061279,0.2010505,0.3320658,-0.8428233,0.0356122,SelectionStart
34.21181,24,2,3,0,0.7964446,1.018995,0.2667562,354.1844,122.2052,96.83258,0.7541162,1.061279,0.2010505,0.3320658,-0.8428233,0.0356122,SelectionEnd
34.21529,24,2,3,0,0.7964446,1.018995,0.2667562,354.1844,122.2052,96.83258,0.7541162,1.061279,0.2010505,0.3320658,-0.8428233,0.0356122,GotSelection
34.22597,24,2,3,0,0.7970319,1.018796,0.266507,354.3203,122.1749,96.86319,0.7531538,1.052114,0.1974934,0.2364988,-0.8687984,0.02968495,SelectionStart
34.22598,24,2,3,0,0.7970319,1.018796,0.266507,354.3203,122.1749,96.86319,0.7531538,1.052114,0.1974934,0.2364988,-0.8687984,0.02968495,SelectionEnd
34.22957,24,2,3,0,0.7970319,1.018796,0.266507,354.3203,122.1749,96.86319,0.7531538,1.052114,0.1974934,0.2364988,-0.8687984,0.02968495,GotSelection
34.23935,24,2,3,0,0.7974382,1.018758,0.266205,354.4563,122.1275,96.85793,0.7520792,1.045708,0.1952232,0.1697356,-0.8859527,0.01981188,SelectionStart
34.23937,24,2,3,0,0.7974382,1.018758,0.266205,354.4563,122.1275,96.85793,0.7520792,1.045708,0.1952232,0.1697356,-0.8859527,0.01981188,SelectionEnd
34.24271,24,2,3,0,0.7974382,1.018758,0.266205,354.4563,122.1275,96.85793,0.7520792,1.045708,0.1952232,0.1697356,-0.8859527,0.01981188,GotSelection
34.25204,24,2,3,0,0.7980727,1.018782,0.2655155,354.6883,122.0452,96.80627,0.7516866,1.0373,0.1925242,0.08277637,-0.8984143,0.0114955,SelectionStart
34.25206,24,2,3,0,0.7980727,1.018782,0.2655155,354.6883,122.0452,96.80627,0.7516866,1.0373,0.1925242,0.08277637,-0.8984143,0.0114955,SelectionEnd
34.25535,24,2,3,0,0.7980727,1.018782,0.2655155,354.6883,122.0452,96.80627,0.7516866,1.0373,0.1925242,0.08277637,-0.8984143,0.0114955,GotSelection
34.29633,24,2,3,0,0.7994711,1.019172,0.2634771,355.2811,121.9664,96.57964,0.7526546,1.01765,0.1839795,-0.1251608,-0.9327018,0.02282552,SelectionStart
34.29635,24,2,3,0,0.7994711,1.019172,0.2634771,355.2811,121.9664,96.57964,0.7526546,1.01765,0.1839795,-0.1251608,-0.9327018,0.02282552,SelectionEnd
34.29971,24,2,3,0,0.7994711,1.019172,0.2634771,355.2811,121.9664,96.57964,0.7526546,1.01765,0.1839795,-0.1251608,-0.9327018,0.02282552,GotSelection
34.30909,24,2,3,0,0.7996547,1.019205,0.2633227,355.2854,122.0283,96.55804,0.7531285,1.013991,0.1816937,-0.1652528,-0.9450465,0.03473869,SelectionStart
34.30911,24,2,3,0,0.7996547,1.019205,0.2633227,355.2854,122.0283,96.55804,0.7531285,1.013991,0.1816937,-0.1652528,-0.9450465,0.03473869,SelectionEnd
34.31257,24,2,3,0,0.7996547,1.019205,0.2633227,355.2854,122.0283,96.55804,0.7531285,1.013991,0.1816937,-0.1652528,-0.9450465,0.03473869,GotSelection
34.32198,24,2,3,0,0.7999748,1.019233,0.2630899,355.3331,122.0723,96.53539,0.7536232,1.008614,0.1787724,-0.2233419,-0.9608265,0.04705206,SelectionStart
34.322,24,2,3,0,0.7999748,1.019233,0.2630899,355.3331,122.0723,96.53539,0.7536232,1.008614,0.1787724,-0.2233419,-0.9608265,0.04705206,SelectionEnd
34.32537,24,2,3,0,0.7999748,1.019233,0.2630899,355.3331,122.0723,96.53539,0.7536232,1.008614,0.1787724,-0.2233419,-0.9608265,0.04705206,GotSelection
34.33443,24,2,3,0,0.8001562,1.019182,0.2629462,355.3387,122.1027,96.5078,0.7536603,1.005955,0.1771413,-0.2513668,-0.9713789,0.05221464,SelectionStart
34.33446,24,2,3,0,0.8001562,1.019182,0.2629462,355.3387,122.1027,96.5078,0.7536603,1.005955,0.1771413,-0.2513668,-0.9713789,0.05221464,SelectionEnd
34.33787,24,2,3,0,0.8001562,1.019182,0.2629462,355.3387,122.1027,96.5078,0.7536603,1.005955,0.1771413,-0.2513668,-0.9713789,0.05221464,GotSelection
34.35047,24,2,3,0,0.8003837,1.01927,0.2624508,355.4008,122.1203,96.4062,0.7541113,1.003466,0.1751935,-0.2776956,-0.9800617,0.06033918,SelectionStart
34.35049,24,2,3,0,0.8003837,1.01927,0.2624508,355.4008,122.1203,96.4062,0.7541113,1.003466,0.1751935,-0.2776956,-0.9800617,0.06033918,SelectionEnd
34.35412,24,2,3,0,0.8003837,1.01927,0.2624508,355.4008,122.1203,96.4062,0.7541113,1.003466,0.1751935,-0.2776956,-0.9800617,0.06033918,GotSelection
34.36438,24,2,3,0,0.8005711,1.019399,0.2619067,355.5091,122.1493,96.2815,0.7543956,1.002203,0.1742424,-0.2901105,-0.9820315,0.06308617,SelectionStart
34.3644,24,2,3,0,0.8005711,1.019399,0.2619067,355.5091,122.1493,96.2815,0.7543956,1.002203,0.1742424,-0.2901105,-0.9820315,0.06308617,SelectionEnd
34.36768,24,2,3,0,0.8005711,1.019399,0.2619067,355.5091,122.1493,96.2815,0.7543956,1.002203,0.1742424,-0.2901105,-0.9820315,0.06308617,GotSelection
34.37726,24,2,3,0,0.8011057,1.019722,0.2610247,355.6748,122.1937,96.1031,0.7548122,1.002044,0.1734621,-0.2916647,-0.982139,0.06244921,SelectionStart
34.37727,24,2,3,0,0.8011057,1.019722,0.2610247,355.6748,122.1937,96.1031,0.7548122,1.002044,0.1734621,-0.2916647,-0.982139,0.06244921,SelectionEnd
34.38073,24,2,3,0,0.8011057,1.019722,0.2610247,355.6748,122.1937,96.1031,0.7548122,1.002044,0.1734621,-0.2916647,-0.982139,0.06244921,GotSelection
34.39249,24,2,3,0,0.8017471,1.019977,0.2599273,355.9441,122.2134,95.89321,0.7549177,1.003471,0.1732521,-0.274777,-0.9797754,0.05508417,SelectionStart
34.39251,24,2,3,0,0.8017471,1.019977,0.2599273,355.9441,122.2134,95.89321,0.7549177,1.003471,0.1732521,-0.274777,-0.9797754,0.05508417,SelectionEnd
34.39578,24,2,3,0,0.8017471,1.019977,0.2599273,355.9441,122.2134,95.89321,0.7549177,1.003471,0.1732521,-0.274777,-0.9797754,0.05508417,GotSelection
34.40612,24,2,3,0,0.8021564,1.020084,0.2592044,356.135,122.2571,95.75771,0.7550951,1.005374,0.1736344,-0.2527522,-0.9740443,0.04965797,SelectionStart
34.40614,24,2,3,0,0.8021564,1.020084,0.2592044,356.135,122.2571,95.75771,0.7550951,1.005374,0.1736344,-0.2527522,-0.9740443,0.04965797,SelectionEnd
34.40941,24,2,3,0,0.8021564,1.020084,0.2592044,356.135,122.2571,95.75771,0.7550951,1.005374,0.1736344,-0.2527522,-0.9740443,0.04965797,GotSelection
34.41876,24,2,3,0,0.8024149,1.020147,0.2587345,356.2481,122.2793,95.66157,0.7549345,1.008391,0.1745665,-0.2194239,-0.9677277,0.04108863,SelectionStart
34.41878,24,2,3,0,0.8024149,1.020147,0.2587345,356.2481,122.2793,95.66157,0.7549345,1.008391,0.1745665,-0.2194239,-0.9677277,0.04108863,SelectionEnd
34.42206,24,2,3,0,0.8024149,1.020147,0.2587345,356.2481,122.2793,95.66157,0.7549345,1.008391,0.1745665,-0.2194239,-0.9677277,0.04108863,GotSelection
34.43487,24,2,3,0,0.8025064,1.020076,0.2583943,356.2953,122.2867,95.56354,0.7547149,1.013336,0.1764289,-0.1642878,-0.9559213,0.0299674,SelectionStart
34.4349,24,2,3,0,0.8025064,1.020076,0.2583943,356.2953,122.2867,95.56354,0.7547149,1.013336,0.1764289,-0.1642878,-0.9559213,0.0299674,SelectionEnd
34.43864,24,2,3,0,0.8025064,1.020076,0.2583943,356.2953,122.2867,95.56354,0.7547149,1.013336,0.1764289,-0.1642878,-0.9559213,0.0299674,GotSelection
34.45072,24,2,3,0,0.8025265,1.01994,0.2582057,356.3145,122.3003,95.48605,0.7548263,1.019481,0.1789177,-0.09620851,-0.9388542,0.02055982,SelectionStart
34.45074,24,2,3,0,0.8025265,1.01994,0.2582057,356.3145,122.3003,95.48605,0.7548263,1.019481,0.1789177,-0.09620851,-0.9388542,0.02055982,SelectionEnd
34.45413,24,2,3,0,0.8025265,1.01994,0.2582057,356.3145,122.3003,95.48605,0.7548263,1.019481,0.1789177,-0.09620851,-0.9388542,0.02055982,GotSelection
34.49712,24,2,3,0,0.8036425,1.019398,0.2574121,356.668,122.2609,95.38327,0.7555797,1.04032,0.1884604,0.1340435,-0.8729973,-0.02668758,SelectionStart
34.49715,24,2,3,0,0.8036425,1.019398,0.2574121,356.668,122.2609,95.38327,0.7555797,1.04032,0.1884604,0.1340435,-0.8729973,-0.02668758,SelectionEnd
34.50039,24,2,3,0,0.8036425,1.019398,0.2574121,356.668,122.2609,95.38327,0.7555797,1.04032,0.1884604,0.1340435,-0.8729973,-0.02668758,GotSelection
34.51079,24,2,3,0,0.8040343,1.019224,0.2571375,356.8074,122.1937,95.35465,0.7560696,1.048141,0.192127,0.219932,-0.846182,-0.04421392,SelectionStart
34.5108,24,2,3,0,0.8040343,1.019224,0.2571375,356.8074,122.1937,95.35465,0.7560696,1.048141,0.192127,0.219932,-0.846182,-0.04421392,SelectionEnd
34.5144,24,2,3,0,0.8040343,1.019224,0.2571375,356.8074,122.1937,95.35465,0.7560696,1.048141,0.192127,0.219932,-0.846182,-0.04421392,GotSelection
34.52663,24,2,3,0,0.8043753,1.019083,0.2568472,356.9357,122.1277,95.32497,0.7566595,1.056405,0.1962075,0.3103495,-0.8151013,-0.06277643,SelectionStart
34.52666,24,2,3,0,0.8043753,1.019083,0.2568472,356.9357,122.1277,95.32497,0.7566595,1.056405,0.1962075,0.3103495,-0.8151013,-0.06277643,SelectionEnd
34.53074,24,2,3,0,0.8043753,1.019083,0.2568472,356.9357,122.1277,95.32497,0.7566595,1.056405,0.1962075,0.3103495,-0.8151013,-0.06277643,GotSelection
34.54295,24,2,3,0,0.8047098,1.018943,0.2565466,357.0729,122.0961,95.30144,0.757463,1.06502,0.200739,0.4046019,-0.7791476,-0.08167855,SelectionStart
34.54297,24,2,3,0,0.8047098,1.018943,0.2565466,357.0729,122.0961,95.30144,0.757463,1.06502,0.200739,0.4046019,-0.7791476,-0.08167855,SelectionEnd
34.54661,24,2,3,0,0.8047098,1.018943,0.2565466,357.0729,122.0961,95.30144,0.757463,1.06502,0.200739,0.4046019,-0.7791476,-0.08167855,GotSelection
34.55657,24,2,3,0,0.8052058,1.018881,0.2562175,357.2229,122.0799,95.28152,0.7588052,1.072966,0.205472,0.491344,-0.7384226,-0.09926115,SelectionStart
34.55659,24,2,3,0,0.8052058,1.018881,0.2562175,357.2229,122.0799,95.28152,0.7588052,1.072966,0.205472,0.491344,-0.7384226,-0.09926115,SelectionEnd
34.55997,24,2,3,0,0.8052058,1.018881,0.2562175,357.2229,122.0799,95.28152,0.7588052,1.072966,0.205472,0.491344,-0.7384226,-0.09926115,GotSelection
34.56971,24,2,3,0,0.805378,1.018859,0.2559415,357.2959,122.0842,95.22488,0.7596037,1.078538,0.2092685,0.5530111,-0.7047617,-0.1138632,SelectionStart
34.56973,24,2,3,0,0.805378,1.018859,0.2559415,357.2959,122.0842,95.22488,0.7596037,1.078538,0.2092685,0.5530111,-0.7047617,-0.1138632,SelectionEnd
34.57318,24,2,3,0,0.805378,1.018859,0.2559415,357.2959,122.0842,95.22488,0.7596037,1.078538,0.2092685,0.5530111,-0.7047617,-0.1138632,GotSelection
34.58498,24,2,3,0,0.8056135,1.018844,0.2555981,357.38,122.0865,95.15552,0.7608227,1.085675,0.2141775,0.631753,-0.6601897,-0.1313452,SelectionStart
34.58501,24,2,3,0,0.8056135,1.018844,0.2555981,357.38,122.0865,95.15552,0.7608227,1.085675,0.2141775,0.631753,-0.6601897,-0.1313452,SelectionEnd
34.58864,24,2,3,0,0.8056135,1.018844,0.2555981,357.38,122.0865,95.15552,0.7608227,1.085675,0.2141775,0.631753,-0.6601897,-0.1313452,GotSelection
34.5995,24,2,3,0,0.8057544,1.018875,0.2553051,357.4394,122.083,95.10522,0.7615021,1.090409,0.2177824,0.6839374,-0.6274785,-0.1464006,SelectionStart
34.59953,24,2,3,0,0.8057544,1.018875,0.2553051,357.4394,122.083,95.10522,0.7615021,1.090409,0.2177824,0.6839374,-0.6274785,-0.1464006,SelectionEnd
34.60351,24,2,3,0,0.8057544,1.018875,0.2553051,357.4394,122.083,95.10522,0.7615021,1.090409,0.2177824,0.6839374,-0.6274785,-0.1464006,GotSelection
34.6138,24,2,3,0,0.8059486,1.019095,0.2546864,357.5601,122.1084,94.97511,0.7626148,1.096763,0.2225974,0.7527318,-0.5797367,-0.1665487,SelectionStart
34.61382,24,2,3,0,0.8059486,1.019095,0.2546864,357.5601,122.1084,94.97511,0.7626148,1.096763,0.2225974,0.7527318,-0.5797367,-0.1665487,SelectionEnd
34.6172,24,2,3,0,0.8059486,1.019095,0.2546864,357.5601,122.1084,94.97511,0.7626148,1.096763,0.2225974,0.7527318,-0.5797367,-0.1665487,GotSelection
34.62669,24,2,3,0,0.8063659,1.019271,0.2539296,357.7194,122.1197,94.87794,0.7639283,1.102875,0.2274966,0.8190135,-0.5301455,-0.1891811,SelectionStart
34.62671,24,2,3,0,0.8063659,1.019271,0.2539296,357.7194,122.1197,94.87794,0.7639283,1.102875,0.2274966,0.8190135,-0.5301455,-0.1891811,SelectionEnd
34.63017,24,2,3,0,0.8063659,1.019271,0.2539296,357.7194,122.1197,94.87794,0.7639283,1.102875,0.2274966,0.8190135,-0.5301455,-0.1891811,GotSelection
34.64218,24,2,3,0,0.8069541,1.019281,0.2534899,357.9067,122.1031,94.86094,0.7655276,1.108491,0.2322665,0.8804985,-0.484367,-0.2095323,SelectionStart
34.6422,24,2,3,0,0.8069541,1.019281,0.2534899,357.9067,122.1031,94.86094,0.7655276,1.108491,0.2322665,0.8804985,-0.484367,-0.2095323,SelectionEnd
34.64572,24,2,3,0,0.8069541,1.019281,0.2534899,357.9067,122.1031,94.86094,0.7655276,1.108491,0.2322665,0.8804985,-0.484367,-0.2095323,GotSelection
34.6895,24,2,3,0,0.808443,1.019315,0.2524058,358.2835,122.1371,94.84034,0.770636,1.122531,0.2464644,1.035917,-0.3451401,-0.2626863,SelectionStart
34.68952,24,2,3,0,0.808443,1.019315,0.2524058,358.2835,122.1371,94.84034,0.770636,1.122531,0.2464644,1.035917,-0.3451401,-0.2626863,SelectionEnd
34.69305,24,2,3,0,0.808443,1.019315,0.2524058,358.2835,122.1371,94.84034,0.770636,1.122531,0.2464644,1.035917,-0.3451401,-0.2626863,GotSelection
34.70411,24,2,3,0,0.808217,1.019299,0.2524736,358.183,122.1768,94.83717,0.771497,1.125336,0.2497666,1.068139,-0.3140574,-0.2679158,SelectionStart
34.70413,24,2,3,0,0.808217,1.019299,0.2524736,358.183,122.1768,94.83717,0.771497,1.125336,0.2497666,1.068139,-0.3140574,-0.2679158,SelectionEnd
34.70762,24,2,3,0,0.808217,1.019299,0.2524736,358.183,122.1768,94.83717,0.771497,1.125336,0.2497666,1.068139,-0.3140574,-0.2679158,GotSelection
34.71779,24,2,3,0,0.8082018,1.019268,0.2523717,358.1454,122.2151,94.81568,0.7731449,1.128708,0.2540242,1.107206,-0.2703024,-0.2752787,SelectionStart
34.7178,24,2,3,0,0.8082018,1.019268,0.2523717,358.1454,122.2151,94.81568,0.7731449,1.128708,0.2540242,1.107206,-0.2703024,-0.2752787,SelectionEnd
34.72108,24,2,3,0,0.8082018,1.019268,0.2523717,358.1454,122.2151,94.81568,0.7731449,1.128708,0.2540242,1.107206,-0.2703024,-0.2752787,GotSelection
34.73373,24,2,3,0,0.8081371,1.019388,0.2521772,358.1109,122.2817,94.76231,0.7744871,1.131703,0.2576013,1.140416,-0.2320445,-0.2818393,SelectionStart
34.73375,24,2,3,0,0.8081371,1.019388,0.2521772,358.1109,122.2817,94.76231,0.7744871,1.131703,0.2576013,1.140416,-0.2320445,-0.2818393,SelectionEnd
34.73702,24,2,3,0,0.8081371,1.019388,0.2521772,358.1109,122.2817,94.76231,0.7744871,1.131703,0.2576013,1.140416,-0.2320445,-0.2818393,GotSelection
34.74709,24,2,3,0,0.8082729,1.019529,0.2518746,358.1561,122.312,94.70509,0.7752886,1.133151,0.2597992,1.156001,-0.2070643,-0.2901417,SelectionStart
34.74712,24,2,3,0,0.8082729,1.019529,0.2518746,358.1561,122.312,94.70509,0.7752886,1.133151,0.2597992,1.156001,-0.2070643,-0.2901417,SelectionEnd
34.75081,24,2,3,0,0.8082729,1.019529,0.2518746,358.1561,122.312,94.70509,0.7752886,1.133151,0.2597992,1.156001,-0.2070643,-0.2901417,GotSelection
34.76186,24,2,3,0,0.8083603,1.019703,0.2514318,358.2149,122.3479,94.62762,0.7756774,1.13437,0.2622773,1.169166,-0.1798433,-0.3042789,SelectionStart
34.76188,24,2,3,0,0.8083603,1.019703,0.2514318,358.2149,122.3479,94.62762,0.7756774,1.13437,0.2622773,1.169166,-0.1798433,-0.3042789,SelectionEnd
34.76517,24,2,3,0,0.8083603,1.019703,0.2514318,358.2149,122.3479,94.62762,0.7756774,1.13437,0.2622773,1.169166,-0.1798433,-0.3042789,GotSelection
34.77629,24,2,3,0,0.8084177,1.019757,0.2512727,358.2705,122.3215,94.59737,0.7763845,1.135261,0.264103,1.179305,-0.1591529,-0.3104275,SelectionStart
34.77631,24,2,3,0,0.8084177,1.019757,0.2512727,358.2705,122.3215,94.59737,0.7763845,1.135261,0.264103,1.179305,-0.1591529,-0.3104275,SelectionEnd
34.7797,24,2,3,0,0.8084177,1.019757,0.2512727,358.2705,122.3215,94.59737,0.7763845,1.135261,0.264103,1.179305,-0.1591529,-0.3104275,GotSelection
34.78992,24,2,3,0,0.8083342,1.01984,0.25124,358.2693,122.3053,94.58715,0.7765676,1.135133,0.2647555,1.177836,-0.1513394,-0.3119227,SelectionStart
34.78993,24,2,3,0,0.8083342,1.01984,0.25124,358.2693,122.3053,94.58715,0.7765676,1.135133,0.2647555,1.177836,-0.1513394,-0.3119227,SelectionEnd
34.79322,24,2,3,0,0.8083342,1.01984,0.25124,358.2693,122.3053,94.58715,0.7765676,1.135133,0.2647555,1.177836,-0.1513394,-0.3119227,GotSelection
34.80309,24,2,3,0,0.8082317,1.019948,0.2513816,358.2611,122.2939,94.60409,0.776016,1.134304,0.2641852,1.167624,-0.1594146,-0.3120468,SelectionStart
34.80313,24,2,3,0,0.8082317,1.019948,0.2513816,358.2611,122.2939,94.60409,0.776016,1.134304,0.2641852,1.167624,-0.1594146,-0.3120468,SelectionEnd
34.80653,24,2,3,0,0.8082317,1.019948,0.2513816,358.2611,122.2939,94.60409,0.776016,1.134304,0.2641852,1.167624,-0.1594146,-0.3120468,GotSelection
34.81702,24,2,3,0,0.8082566,1.019863,0.2514994,358.249,122.2936,94.63328,0.7756149,1.133408,0.262741,1.157947,-0.175074,-0.3072132,SelectionStart
34.81704,24,2,3,0,0.8082566,1.019863,0.2514994,358.249,122.2936,94.63328,0.7756149,1.133408,0.262741,1.157947,-0.175074,-0.3072132,SelectionEnd
34.82034,24,2,3,0,0.8082566,1.019863,0.2514994,358.249,122.2936,94.63328,0.7756149,1.133408,0.262741,1.157947,-0.175074,-0.3072132,GotSelection
34.82997,24,2,3,0,0.8079702,1.019885,0.2517009,358.1944,122.2726,94.64267,0.774699,1.131666,0.2601194,1.137731,-0.2013706,-0.2967533,SelectionStart
34.82999,24,2,3,0,0.8079702,1.019885,0.2517009,358.1944,122.2726,94.64267,0.774699,1.131666,0.2601194,1.137731,-0.2013706,-0.2967533,SelectionEnd
34.83322,24,2,3,0,0.8079702,1.019885,0.2517009,358.1944,122.2726,94.64267,0.774699,1.131666,0.2601194,1.137731,-0.2013706,-0.2967533,GotSelection
34.84446,24,2,3,0,0.8077478,1.019909,0.2518105,358.1651,122.2185,94.62489,0.773083,1.129132,0.2559648,1.108039,-0.242825,-0.2859444,SelectionStart
34.84447,24,2,3,0,0.8077478,1.019909,0.2518105,358.1651,122.2185,94.62489,0.773083,1.129132,0.2559648,1.108039,-0.242825,-0.2859444,SelectionEnd
34.84779,24,2,3,0,0.8077478,1.019909,0.2518105,358.1651,122.2185,94.62489,0.773083,1.129132,0.2559648,1.108039,-0.242825,-0.2859444,GotSelection
34.89303,24,2,3,0,0.8073034,1.02007,0.2520839,358.2871,122.081,94.57584,0.7659582,1.114282,0.2359738,0.9367126,-0.4394108,-0.2412476,SelectionStart
34.89304,24,2,3,0,0.8073034,1.02007,0.2520839,358.2871,122.081,94.57584,0.7659582,1.114282,0.2359738,0.9367126,-0.4394108,-0.2412476,SelectionEnd
34.89633,24,2,3,0,0.8073034,1.02007,0.2520839,358.2871,122.081,94.57584,0.7659582,1.114282,0.2359738,0.9367126,-0.4394108,-0.2412476,GotSelection
34.9061,24,2,3,0,0.8070975,1.019969,0.2524767,358.2311,122.032,94.6078,0.7638278,1.109861,0.2300992,0.8870974,-0.5005498,-0.2247111,SelectionStart
34.90612,24,2,3,0,0.8070975,1.019969,0.2524767,358.2311,122.032,94.6078,0.7638278,1.109861,0.2300992,0.8870974,-0.5005498,-0.2247111,SelectionEnd
34.90936,24,2,3,0,0.8070975,1.019969,0.2524767,358.2311,122.032,94.6078,0.7638278,1.109861,0.2300992,0.8870974,-0.5005498,-0.2247111,GotSelection
34.92024,24,2,3,0,0.8069376,1.019815,0.252816,358.1827,121.9837,94.6171,0.760807,1.103625,0.2221001,0.8177274,-0.5827826,-0.2059647,SelectionStart
34.92027,24,2,3,0,0.8069376,1.019815,0.252816,358.1827,121.9837,94.6171,0.760807,1.103625,0.2221001,0.8177274,-0.5827826,-0.2059647,SelectionEnd
34.92359,24,2,3,0,0.8069376,1.019815,0.252816,358.1827,121.9837,94.6171,0.760807,1.103625,0.2221001,0.8177274,-0.5827826,-0.2059647,GotSelection
34.93546,24,2,3,0,0.8068011,1.01962,0.2530668,358.1548,121.9655,94.63363,0.7578632,1.097591,0.2154584,0.7518719,-0.6526824,-0.1947045,SelectionStart
34.9355,24,2,3,0,0.8068011,1.01962,0.2530668,358.1548,121.9655,94.63363,0.7578632,1.097591,0.2154584,0.7518719,-0.6526824,-0.1947045,SelectionEnd
34.9391,24,2,3,0,0.8068011,1.01962,0.2530668,358.1548,121.9655,94.63363,0.7578632,1.097591,0.2154584,0.7518719,-0.6526824,-0.1947045,GotSelection
34.95049,24,2,3,0,0.8067651,1.019469,0.2532732,358.1444,121.9485,94.65143,0.7549245,1.089687,0.2071882,0.6650307,-0.7351426,-0.1766729,SelectionStart
34.95051,24,2,3,0,0.8067651,1.019469,0.2532732,358.1444,121.9485,94.65143,0.7549245,1.089687,0.2071882,0.6650307,-0.7351426,-0.1766729,SelectionEnd
34.95377,24,2,3,0,0.8067651,1.019469,0.2532732,358.1444,121.9485,94.65143,0.7549245,1.089687,0.2071882,0.6650307,-0.7351426,-0.1766729,GotSelection
34.96378,24,2,3,0,0.8067334,1.019253,0.2535281,358.1293,121.9048,94.69929,0.7527267,1.081538,0.1985927,0.575694,-0.8168785,-0.1506982,SelectionStart
34.96379,24,2,3,0,0.8067334,1.019253,0.2535281,358.1293,121.9048,94.69929,0.7527267,1.081538,0.1985927,0.575694,-0.8168785,-0.1506982,SelectionEnd
34.967,24,2,3,0,0.8067334,1.019253,0.2535281,358.1293,121.9048,94.69929,0.7527267,1.081538,0.1985927,0.575694,-0.8168785,-0.1506982,GotSelection
34.97657,24,2,3,0,0.8065896,1.019152,0.2537939,358.1103,121.8608,94.73305,0.7506422,1.075596,0.1926471,0.5100911,-0.8761855,-0.136415,SelectionStart
34.97659,24,2,3,0,0.8065896,1.019152,0.2537939,358.1103,121.8608,94.73305,0.7506422,1.075596,0.1926471,0.5100911,-0.8761855,-0.136415,SelectionEnd
34.97999,24,2,3,0,0.8065896,1.019152,0.2537939,358.1103,121.8608,94.73305,0.7506422,1.075596,0.1926471,0.5100911,-0.8761855,-0.136415,GotSelection
34.99232,24,2,3,0,0.8067287,1.018909,0.2539082,358.132,121.8475,94.80446,0.7486996,1.067401,0.184762,0.4206063,-0.950168,-0.1144634,SelectionStart
34.99234,24,2,3,0,0.8067287,1.018909,0.2539082,358.132,121.8475,94.80446,0.7486996,1.067401,0.184762,0.4206063,-0.950168,-0.1144634,SelectionEnd
34.99567,24,2,3,0,0.8067287,1.018909,0.2539082,358.132,121.8475,94.80446,0.7486996,1.067401,0.184762,0.4206063,-0.950168,-0.1144634,GotSelection
35.005,24,2,3,0,0.8068806,1.018832,0.2539117,358.1569,121.8598,94.83349,0.7472213,1.061519,0.1790572,0.3556434,-1.003404,-0.09978493,SelectionStart
35.00502,24,2,3,0,0.8068806,1.018832,0.2539117,358.1569,121.8598,94.83349,0.7472213,1.061519,0.1790572,0.3556434,-1.003404,-0.09978493,SelectionEnd
35.00834,24,2,3,0,0.8068806,1.018832,0.2539117,358.1569,121.8598,94.83349,0.7472213,1.061519,0.1790572,0.3556434,-1.003404,-0.09978493,GotSelection
35.01833,24,2,3,0,0.8068569,1.018794,0.2540372,358.1504,121.8412,94.85994,0.7456456,1.05372,0.1721105,0.2696582,-1.066156,-0.07800629,SelectionStart
35.01835,24,2,3,0,0.8068569,1.018794,0.2540372,358.1504,121.8412,94.85994,0.7456456,1.05372,0.1721105,0.2696582,-1.066156,-0.07800629,SelectionEnd
35.02194,24,2,3,0,0.8068569,1.018794,0.2540372,358.1504,121.8412,94.85994,0.7456456,1.05372,0.1721105,0.2696582,-1.066156,-0.07800629,GotSelection
35.03369,24,2,3,0,0.8067998,1.018774,0.2540679,358.1339,121.814,94.86224,0.7444105,1.046265,0.1656531,0.188008,-1.121989,-0.05619695,SelectionStart
35.03371,24,2,3,0,0.8067998,1.018774,0.2540679,358.1339,121.814,94.86224,0.7444105,1.046265,0.1656531,0.188008,-1.121989,-0.05619695,SelectionEnd
35.03699,24,2,3,0,0.8067998,1.018774,0.2540679,358.1339,121.814,94.86224,0.7444105,1.046265,0.1656531,0.188008,-1.121989,-0.05619695,GotSelection
35.08096,24,2,3,0,0.806778,1.01905,0.2535371,358.1409,121.8618,94.77795,0.7421257,1.029446,0.1533929,0.005025161,-1.220548,-0.01743589,SelectionStart
35.08097,24,2,3,0,0.806778,1.01905,0.2535371,358.1409,121.8618,94.77795,0.7421257,1.029446,0.1533929,0.005025161,-1.220548,-0.01743589,SelectionEnd
35.08418,24,2,3,0,0.806778,1.01905,0.2535371,358.1409,121.8618,94.77795,0.7421257,1.029446,0.1533929,0.005025161,-1.220548,-0.01743589,GotSelection
35.09526,24,2,3,0,0.8068289,1.019084,0.2535191,358.1321,121.8815,94.77846,0.7418289,1.026682,0.1516791,-0.02499917,-1.23467,-0.01180934,SelectionStart
35.09528,24,2,3,0,0.8068289,1.019084,0.2535191,358.1321,121.8815,94.77846,0.7418289,1.026682,0.1516791,-0.02499917,-1.23467,-0.01180934,SelectionEnd
35.09865,24,2,3,0,0.8068289,1.019084,0.2535191,358.1321,121.8815,94.77846,0.7418289,1.026682,0.1516791,-0.02499917,-1.23467,-0.01180934,GotSelection
35.12336,24,2,3,0,0.8069541,1.019064,0.253442,358.0807,121.9286,94.79393,0.7412891,1.023475,0.1496596,-0.05960264,-1.252278,-0.007095821,SelectionStart
35.1234,24,2,3,0,0.8069541,1.019064,0.253442,358.0807,121.9286,94.79393,0.7412891,1.023475,0.1496596,-0.05960264,-1.252278,-0.007095821,SelectionEnd
35.12798,24,2,3,0,0.8069541,1.019064,0.253442,358.0807,121.9286,94.79393,0.7412891,1.023475,0.1496596,-0.05960264,-1.252278,-0.007095821,GotSelection
35.13879,24,2,3,0,0.8071921,1.019182,0.2530811,358.1113,121.9693,94.7471,0.7408642,1.023083,0.1495586,-0.06366826,-1.253245,-0.01353933,SelectionStart
35.13882,24,2,3,0,0.8071921,1.019182,0.2530811,358.1113,121.9693,94.7471,0.7408642,1.023083,0.1495586,-0.06366826,-1.253245,-0.01353933,SelectionEnd
35.14228,24,2,3,0,0.8071921,1.019182,0.2530811,358.1113,121.9693,94.7471,0.7408642,1.023083,0.1495586,-0.06366826,-1.253245,-0.01353933,GotSelection
35.15224,24,2,3,0,0.8073474,1.019213,0.2528812,358.1543,121.9945,94.7215,0.7407377,1.024536,0.1505191,-0.04770087,-1.246005,-0.02125736,SelectionStart
35.15226,24,2,3,0,0.8073474,1.019213,0.2528812,358.1543,121.9945,94.7215,0.7407377,1.024536,0.1505191,-0.04770087,-1.246005,-0.02125736,SelectionEnd
35.15562,24,2,3,0,0.8073474,1.019213,0.2528812,358.1543,121.9945,94.7215,0.7407377,1.024536,0.1505191,-0.04770087,-1.246005,-0.02125736,GotSelection
35.1677,24,2,3,0,0.8075826,1.019252,0.2526504,358.1937,122.0041,94.70485,0.7404404,1.027009,0.1519243,-0.02128473,-1.236856,-0.03374973,SelectionStart
35.16773,24,2,3,0,0.8075826,1.019252,0.2526504,358.1937,122.0041,94.70485,0.7404404,1.027009,0.1519243,-0.02128473,-1.236856,-0.03374973,SelectionEnd
35.17108,24,2,3,0,0.8075826,1.019252,0.2526504,358.1937,122.0041,94.70485,0.7404404,1.027009,0.1519243,-0.02128473,-1.236856,-0.03374973,GotSelection
35.18084,24,2,3,0,0.8077126,1.01918,0.2525881,358.1814,122.0284,94.72217,0.7406144,1.029494,0.1538892,0.00611651,-1.221326,-0.04296425,SelectionStart
35.18085,24,2,3,0,0.8077126,1.01918,0.2525881,358.1814,122.0284,94.72217,0.7406144,1.029494,0.1538892,0.00611651,-1.221326,-0.04296425,SelectionEnd
35.18411,24,2,3,0,0.8077126,1.01918,0.2525881,358.1814,122.0284,94.72217,0.7406144,1.029494,0.1538892,0.00611651,-1.221326,-0.04296425,GotSelection
35.19361,24,2,3,0,0.8079704,1.019144,0.2524922,358.1689,122.076,94.74821,0.7405911,1.033576,0.1563399,0.04959276,-1.204465,-0.05680472,SelectionStart
35.19363,24,2,3,0,0.8079704,1.019144,0.2524922,358.1689,122.076,94.74821,0.7405911,1.033576,0.1563399,0.04959276,-1.204465,-0.05680472,SelectionEnd
35.19702,24,2,3,0,0.8079704,1.019144,0.2524922,358.1689,122.076,94.74821,0.7405911,1.033576,0.1563399,0.04959276,-1.204465,-0.05680472,GotSelection
35.20805,24,2,3,0,0.8081648,1.019114,0.2524208,358.1662,122.1053,94.76624,0.740585,1.038374,0.1588552,0.1005292,-1.187449,-0.0703594,SelectionStart
35.20806,24,2,3,0,0.8081648,1.019114,0.2524208,358.1662,122.1053,94.76624,0.740585,1.038374,0.1588552,0.1005292,-1.187449,-0.0703594,SelectionEnd
35.21145,24,2,3,0,0.8081648,1.019114,0.2524208,358.1662,122.1053,94.76624,0.740585,1.038374,0.1588552,0.1005292,-1.187449,-0.0703594,GotSelection
35.22092,24,2,3,0,0.8085405,1.019118,0.252149,358.2028,122.154,94.75959,0.7402869,1.04411,0.1624622,0.1621437,-1.162673,-0.09452171,SelectionStart
35.22094,24,2,3,0,0.8085405,1.019118,0.252149,358.2028,122.154,94.75959,0.7402869,1.04411,0.1624622,0.1621437,-1.162673,-0.09452171,SelectionEnd
35.22434,24,2,3,0,0.8085405,1.019118,0.252149,358.2028,122.154,94.75959,0.7402869,1.04411,0.1624622,0.1621437,-1.162673,-0.09452171,GotSelection
35.23372,24,2,3,0,0.8087574,1.019176,0.2518354,358.2482,122.1879,94.7343,0.7403736,1.049395,0.1655056,0.2185986,-1.138924,-0.1117762,SelectionStart
35.23373,24,2,3,0,0.8087574,1.019176,0.2518354,358.2482,122.1879,94.7343,0.7403736,1.049395,0.1655056,0.2185986,-1.138924,-0.1117762,SelectionEnd
35.23716,24,2,3,0,0.8087574,1.019176,0.2518354,358.2482,122.1879,94.7343,0.7403736,1.049395,0.1655056,0.2185986,-1.138924,-0.1117762,GotSelection
35.24741,24,2,3,0,0.8090649,1.019228,0.2514935,358.3148,122.2072,94.70773,0.7404479,1.05502,0.1689343,0.2788552,-1.112395,-0.1325969,SelectionStart
35.24742,24,2,3,0,0.8090649,1.019228,0.2514935,358.3148,122.2072,94.70773,0.7404479,1.05502,0.1689343,0.2788552,-1.112395,-0.1325969,SelectionEnd
35.2508,24,2,3,0,0.8090649,1.019228,0.2514935,358.3148,122.2072,94.70773,0.7404479,1.05502,0.1689343,0.2788552,-1.112395,-0.1325969,GotSelection
35.29139,24,2,3,0,0.8105567,1.019016,0.2507437,358.6558,122.2287,94.71969,0.7415099,1.078624,0.1845649,0.5334957,-0.9940525,-0.2214891,SelectionStart
35.29141,24,2,3,0,0.8105567,1.019016,0.2507437,358.6558,122.2287,94.71969,0.7415099,1.078624,0.1845649,0.5334957,-0.9940525,-0.2214891,SelectionEnd
35.29491,24,2,3,0,0.8105567,1.019016,0.2507437,358.6558,122.2287,94.71969,0.7415099,1.078624,0.1845649,0.5334957,-0.9940525,-0.2214891,GotSelection
35.30469,24,2,3,0,0.8109074,1.018829,0.2508043,358.6927,122.2464,94.77658,0.7422261,1.084576,0.1890669,0.5985848,-0.9597234,-0.2411796,SelectionStart
35.3047,24,2,3,0,0.8109074,1.018829,0.2508043,358.6927,122.2464,94.77658,0.7422261,1.084576,0.1890669,0.5985848,-0.9597234,-0.2411796,SelectionEnd
35.30808,24,2,3,0,0.8109074,1.018829,0.2508043,358.6927,122.2464,94.77658,0.7422261,1.084576,0.1890669,0.5985848,-0.9597234,-0.2411796,GotSelection
35.31787,24,2,3,0,0.8112384,1.018456,0.250998,358.6802,122.249,94.83301,0.743022,1.090304,0.1935019,0.6634196,-0.9266211,-0.2586307,SelectionStart
35.31789,24,2,3,0,0.8112384,1.018456,0.250998,358.6802,122.249,94.83301,0.743022,1.090304,0.1935019,0.6634196,-0.9266211,-0.2586307,SelectionEnd
35.32143,24,2,3,0,0.8112384,1.018456,0.250998,358.6802,122.249,94.83301,0.743022,1.090304,0.1935019,0.6634196,-0.9266211,-0.2586307,GotSelection
35.33116,24,2,3,0,0.8114027,1.018222,0.251157,358.6441,122.2734,94.9007,0.7439042,1.097963,0.1993462,0.7477884,-0.8817052,-0.2806607,SelectionStart
35.33118,24,2,3,0,0.8114027,1.018222,0.251157,358.6441,122.2734,94.9007,0.7439042,1.097963,0.1993462,0.7477884,-0.8817052,-0.2806607,SelectionEnd
35.33476,24,2,3,0,0.8114027,1.018222,0.251157,358.6441,122.2734,94.9007,0.7439042,1.097963,0.1993462,0.7477884,-0.8817052,-0.2806607,GotSelection
35.34396,24,2,3,0,0.8117226,1.0179,0.2513101,358.6435,122.2763,94.97009,0.744434,1.103422,0.2039272,0.8093998,-0.8485925,-0.3015197,SelectionStart
35.34398,24,2,3,0,0.8117226,1.0179,0.2513101,358.6435,122.2763,94.97009,0.744434,1.103422,0.2039272,0.8093998,-0.8485925,-0.3015197,SelectionEnd
35.34743,24,2,3,0,0.8117226,1.0179,0.2513101,358.6435,122.2763,94.97009,0.744434,1.103422,0.2039272,0.8093998,-0.8485925,-0.3015197,GotSelection
35.35864,24,2,3,0,0.8123432,1.017599,0.251432,358.7325,122.2665,95.06908,0.7456619,1.110115,0.2095903,0.8835878,-0.8053348,-0.3263749,SelectionStart
35.35866,24,2,3,0,0.8123432,1.017599,0.251432,358.7325,122.2665,95.06908,0.7456619,1.110115,0.2095903,0.8835878,-0.8053348,-0.3263749,SelectionEnd
35.36205,24,2,3,0,0.8123432,1.017599,0.251432,358.7325,122.2665,95.06908,0.7456619,1.110115,0.2095903,0.8835878,-0.8053348,-0.3263749,GotSelection
35.37134,24,2,3,0,0.812706,1.017433,0.2514092,358.801,122.2616,95.11932,0.7468908,1.114786,0.2134971,0.9353657,-0.7720106,-0.3404647,SelectionStart
35.37135,24,2,3,0,0.812706,1.017433,0.2514092,358.801,122.2616,95.11932,0.7468908,1.114786,0.2134971,0.9353657,-0.7720106,-0.3404647,SelectionEnd
35.37473,24,2,3,0,0.812706,1.017433,0.2514092,358.801,122.2616,95.11932,0.7468908,1.114786,0.2134971,0.9353657,-0.7720106,-0.3404647,GotSelection
35.38389,24,2,3,0,0.8130695,1.017357,0.2514625,358.8867,122.2291,95.16592,0.7477734,1.118879,0.2171505,0.9799549,-0.7426211,-0.3566268,SelectionStart
35.38391,24,2,3,0,0.8130695,1.017357,0.2514625,358.8867,122.2291,95.16592,0.7477734,1.118879,0.2171505,0.9799549,-0.7426211,-0.3566268,SelectionEnd
35.38728,24,2,3,0,0.8130695,1.017357,0.2514625,358.8867,122.2291,95.16592,0.7477734,1.118879,0.2171505,0.9799549,-0.7426211,-0.3566268,GotSelection
35.39797,24,2,3,0,0.8132272,1.017166,0.2515054,358.9732,122.2062,95.20948,0.7487169,1.124244,0.221752,1.039592,-0.7048988,-0.3754471,SelectionStart
35.39799,24,2,3,0,0.8132272,1.017166,0.2515054,358.9732,122.2062,95.20948,0.7487169,1.124244,0.221752,1.039592,-0.7048988,-0.3754471,SelectionEnd
35.40131,24,2,3,0,0.8132272,1.017166,0.2515054,358.9732,122.2062,95.20948,0.7487169,1.124244,0.221752,1.039592,-0.7048988,-0.3754471,GotSelection
35.41129,24,2,3,0,0.813415,1.017136,0.2514381,359.042,122.2044,95.22118,0.7496207,1.127973,0.2249241,1.080281,-0.676842,-0.3875743,SelectionStart
35.41132,24,2,3,0,0.813415,1.017136,0.2514381,359.042,122.2044,95.22118,0.7496207,1.127973,0.2249241,1.080281,-0.676842,-0.3875743,SelectionEnd
35.41487,24,2,3,0,0.813415,1.017136,0.2514381,359.042,122.2044,95.22118,0.7496207,1.127973,0.2249241,1.080281,-0.676842,-0.3875743,GotSelection
35.42603,24,2,3,0,0.8135529,1.017083,0.2514356,359.0768,122.2113,95.24818,0.7506779,1.131786,0.2281459,1.122136,-0.6483049,-0.3971576,SelectionStart
35.42606,24,2,3,0,0.8135529,1.017083,0.2514356,359.0768,122.2113,95.24818,0.7506779,1.131786,0.2281459,1.122136,-0.6483049,-0.3971576,SelectionEnd
35.42937,24,2,3,0,0.8135529,1.017083,0.2514356,359.0768,122.2113,95.24818,0.7506779,1.131786,0.2281459,1.122136,-0.6483049,-0.3971576,GotSelection
35.46915,24,2,3,0,0.8132305,1.017152,0.2519811,359.0204,122.1785,95.34526,0.7526062,1.138282,0.2336097,1.191953,-0.6016659,-0.4024777,SelectionStart
35.46917,24,2,3,0,0.8132305,1.017152,0.2519811,359.0204,122.1785,95.34526,0.7526062,1.138282,0.2336097,1.191953,-0.6016659,-0.4024777,SelectionEnd
35.47264,24,2,3,0,0.8132305,1.017152,0.2519811,359.0204,122.1785,95.34526,0.7526062,1.138282,0.2336097,1.191953,-0.6016659,-0.4024777,GotSelection
35.4834,24,2,3,0,0.8130986,1.017383,0.2519916,359.071,122.145,95.32219,0.7528141,1.139008,0.2338973,1.19726,-0.5971525,-0.4023455,SelectionStart
35.48341,24,2,3,0,0.8130986,1.017383,0.2519916,359.071,122.145,95.32219,0.7528141,1.139008,0.2338973,1.19726,-0.5971525,-0.4023455,SelectionEnd
35.48697,24,2,3,0,0.8130986,1.017383,0.2519916,359.071,122.145,95.32219,0.7528141,1.139008,0.2338973,1.19726,-0.5971525,-0.4023455,GotSelection
35.49747,24,2,3,0,0.8129084,1.017443,0.2520391,359.1008,122.1349,95.29705,0.7522606,1.137555,0.2328719,1.180874,-0.6062974,-0.4006386,SelectionStart
35.4975,24,2,3,0,0.8129084,1.017443,0.2520391,359.1008,122.1349,95.29705,0.7522606,1.137555,0.2328719,1.180874,-0.6062974,-0.4006386,SelectionEnd
35.50102,24,2,3,0,0.8129084,1.017443,0.2520391,359.1008,122.1349,95.29705,0.7522606,1.137555,0.2328719,1.180874,-0.6062974,-0.4006386,GotSelection
35.51082,24,2,3,0,0.8127216,1.017617,0.2520929,359.1426,122.0773,95.28468,0.7514445,1.136249,0.2316476,1.164369,-0.6185985,-0.400776,SelectionStart
35.51084,24,2,3,0,0.8127216,1.017617,0.2520929,359.1426,122.0773,95.28468,0.7514445,1.136249,0.2316476,1.164369,-0.6185985,-0.400776,SelectionEnd
35.51416,24,2,3,0,0.8127216,1.017617,0.2520929,359.1426,122.0773,95.28468,0.7514445,1.136249,0.2316476,1.164369,-0.6185985,-0.400776,GotSelection
35.52593,24,2,3,0,0.8126036,1.017565,0.2524759,359.1527,122.0032,95.34215,0.7501516,1.132697,0.2290505,1.125111,-0.6478825,-0.3962291,SelectionStart
35.52596,24,2,3,0,0.8126036,1.017565,0.2524759,359.1527,122.0032,95.34215,0.7501516,1.132697,0.2290505,1.125111,-0.6478825,-0.3962291,SelectionEnd
35.52927,24,2,3,0,0.8126036,1.017565,0.2524759,359.1527,122.0032,95.34215,0.7501516,1.132697,0.2290505,1.125111,-0.6478825,-0.3962291,GotSelection
35.53848,24,2,3,0,0.8125141,1.017413,0.2530714,359.1631,121.9216,95.45804,0.748655,1.128685,0.2257634,1.080554,-0.6868309,-0.3890298,SelectionStart
35.5385,24,2,3,0,0.8125141,1.017413,0.2530714,359.1631,121.9216,95.45804,0.748655,1.128685,0.2257634,1.080554,-0.6868309,-0.3890298,SelectionEnd
35.54194,24,2,3,0,0.8125141,1.017413,0.2530714,359.1631,121.9216,95.45804,0.748655,1.128685,0.2257634,1.080554,-0.6868309,-0.3890298,GotSelection
35.55177,24,2,3,0,0.812306,1.017437,0.2535671,359.1785,121.8295,95.56348,0.7473876,1.1248,0.2230166,1.036187,-0.7179281,-0.3825765,SelectionStart
35.55179,24,2,3,0,0.812306,1.017437,0.2535671,359.1785,121.8295,95.56348,0.7473876,1.1248,0.2230166,1.036187,-0.7179281,-0.3825765,SelectionEnd
35.55518,24,2,3,0,0.812306,1.017437,0.2535671,359.1785,121.8295,95.56348,0.7473876,1.1248,0.2230166,1.036187,-0.7179281,-0.3825765,GotSelection
35.56779,24,2,3,0,0.8123783,1.017119,0.2545766,359.2334,121.6509,95.82742,0.7450057,1.117808,0.2187039,0.9587992,-0.7735515,-0.3792771,SelectionStart
35.56782,24,2,3,0,0.8123783,1.017119,0.2545766,359.2334,121.6509,95.82742,0.7450057,1.117808,0.2187039,0.9587992,-0.7735515,-0.3792771,SelectionEnd
35.57118,24,2,3,0,0.8123783,1.017119,0.2545766,359.2334,121.6509,95.82742,0.7450057,1.117808,0.2187039,0.9587992,-0.7735515,-0.3792771,GotSelection
35.58353,24,2,3,0,0.8124837,1.016782,0.255571,359.3039,121.4557,96.0924,0.7415299,1.108503,0.2128759,0.8555588,-0.8448728,-0.3787915,SelectionStart
35.58354,24,2,3,0,0.8124837,1.016782,0.255571,359.3039,121.4557,96.0924,0.7415299,1.108503,0.2128759,0.8555588,-0.8448728,-0.3787915,SelectionEnd
35.5868,24,2,3,0,0.8124837,1.016782,0.255571,359.3039,121.4557,96.0924,0.7415299,1.108503,0.2128759,0.8555588,-0.8448728,-0.3787915,GotSelection
35.59627,24,2,3,0,0.812591,1.016652,0.2557873,359.3956,121.3766,96.16698,0.7395732,1.101554,0.2092186,0.7799253,-0.882353,-0.3794662,SelectionStart
35.5963,24,2,3,0,0.812591,1.016652,0.2557873,359.3956,121.3766,96.16698,0.7395732,1.101554,0.2092186,0.7799253,-0.882353,-0.3794662,SelectionEnd
35.59972,24,2,3,0,0.812591,1.016652,0.2557873,359.3956,121.3766,96.16698,0.7395732,1.101554,0.2092186,0.7799253,-0.882353,-0.3794662,GotSelection
35.60903,24,2,3,0,0.8126256,1.016615,0.2559382,359.4862,121.2934,96.20464,0.7373784,1.094841,0.2056428,0.7063326,-0.9189216,-0.382291,SelectionStart
35.60905,24,2,3,0,0.8126256,1.016615,0.2559382,359.4862,121.2934,96.20464,0.7373784,1.094841,0.2056428,0.7063326,-0.9189216,-0.382291,SelectionEnd
35.61237,24,2,3,0,0.8126256,1.016615,0.2559382,359.4862,121.2934,96.20464,0.7373784,1.094841,0.2056428,0.7063326,-0.9189216,-0.382291,GotSelection
35.62161,24,2,3,0,0.8126373,1.016613,0.256153,359.5633,121.2013,96.24109,0.7354801,1.087705,0.2019966,0.6281739,-0.9543043,-0.3815312,SelectionStart
35.62164,24,2,3,0,0.8126373,1.016613,0.256153,359.5633,121.2013,96.24109,0.7354801,1.087705,0.2019966,0.6281739,-0.9543043,-0.3815312,SelectionEnd
35.62511,24,2,3,0,0.8126373,1.016613,0.256153,359.5633,121.2013,96.24109,0.7354801,1.087705,0.2019966,0.6281739,-0.9543043,-0.3815312,GotSelection
35.6665,24,2,3,0,0.8129486,1.016467,0.2568269,359.8594,120.7027,96.46481,0.7297769,1.056588,0.188443,0.2913008,-1.072707,-0.3723592,SelectionStart
35.66652,24,2,3,0,0.8129486,1.016467,0.2568269,359.8594,120.7027,96.46481,0.7297769,1.056588,0.188443,0.2913008,-1.072707,-0.3723592,SelectionEnd
35.66989,24,2,3,0,0.8129486,1.016467,0.2568269,359.8594,120.7027,96.46481,0.7297769,1.056588,0.188443,0.2913008,-1.072707,-0.3723592,GotSelection
35.6795,24,2,3,0,0.8129382,1.01637,0.2571329,359.8779,120.6097,96.56186,0.7287835,1.049408,0.1852047,0.2134868,-1.10031,-0.3645411,SelectionStart
35.67953,24,2,3,0,0.8129382,1.01637,0.2571329,359.8779,120.6097,96.56186,0.7287835,1.049408,0.1852047,0.2134868,-1.10031,-0.3645411,SelectionEnd
35.68294,24,2,3,0,0.8129382,1.01637,0.2571329,359.8779,120.6097,96.56186,0.7287835,1.049408,0.1852047,0.2134868,-1.10031,-0.3645411,GotSelection
35.69207,24,2,3,0,0.8131234,1.016304,0.2574131,359.9343,120.526,96.66637,0.7280502,1.042302,0.1823822,0.1361228,-1.123596,-0.3585108,SelectionStart
35.69209,24,2,3,0,0.8131234,1.016304,0.2574131,359.9343,120.526,96.66637,0.7280502,1.042302,0.1823822,0.1361228,-1.123596,-0.3585108,SelectionEnd
35.69547,24,2,3,0,0.8131234,1.016304,0.2574131,359.9343,120.526,96.66637,0.7280502,1.042302,0.1823822,0.1361228,-1.123596,-0.3585108,GotSelection
35.70509,24,2,3,0,0.8134565,1.01614,0.2577428,0.02397055,120.4165,96.81512,0.7271389,1.032958,0.1786701,0.03475367,-1.153771,-0.3510609,SelectionStart
35.70512,24,2,3,0,0.8134565,1.01614,0.2577428,0.02397055,120.4165,96.81512,0.7271389,1.032958,0.1786701,0.03475367,-1.153771,-0.3510609,SelectionEnd
35.70874,24,2,3,0,0.8134565,1.01614,0.2577428,0.02397055,120.4165,96.81512,0.7271389,1.032958,0.1786701,0.03475367,-1.153771,-0.3510609,GotSelection
35.71888,24,2,3,0,0.813813,1.016,0.2578396,0.1026356,120.3446,96.90723,0.7266501,1.026814,0.1768457,-0.0308799,-1.167082,-0.3501594,SelectionStart
35.7189,24,2,3,0,0.813813,1.016,0.2578396,0.1026356,120.3446,96.90723,0.7266501,1.026814,0.1768457,-0.0308799,-1.167082,-0.3501594,SelectionEnd
35.72265,24,2,3,0,0.813813,1.016,0.2578396,0.1026356,120.3446,96.90723,0.7266501,1.026814,0.1768457,-0.0308799,-1.167082,-0.3501594,GotSelection
35.73402,24,2,3,0,0.8140851,1.01591,0.2579443,0.1922617,120.2414,96.99509,0.7262006,1.018906,0.174358,-0.1155298,-1.182985,-0.3451948,SelectionStart
35.73404,24,2,3,0,0.8140851,1.01591,0.2579443,0.1922617,120.2414,96.99509,0.7262006,1.018906,0.174358,-0.1155298,-1.182985,-0.3451948,SelectionEnd
35.73731,24,2,3,0,0.8140851,1.01591,0.2579443,0.1922617,120.2414,96.99509,0.7262006,1.018906,0.174358,-0.1155298,-1.182985,-0.3451948,GotSelection
35.74702,24,2,3,0,0.8143471,1.015833,0.2579515,0.2594764,120.1795,97.06027,0.7260446,1.013991,0.1731931,-0.1677309,-1.188753,-0.3439665,SelectionStart
35.74704,24,2,3,0,0.8143471,1.015833,0.2579515,0.2594764,120.1795,97.06027,0.7260446,1.013991,0.1731931,-0.1677309,-1.188753,-0.3439665,SelectionEnd
35.75043,24,2,3,0,0.8143471,1.015833,0.2579515,0.2594764,120.1795,97.06027,0.7260446,1.013991,0.1731931,-0.1677309,-1.188753,-0.3439665,GotSelection
35.76013,24,2,3,0,0.8147902,1.01579,0.2578691,0.3653271,120.1257,97.12118,0.7259778,1.007597,0.1717861,-0.2356434,-1.194332,-0.3423587,SelectionStart
35.76015,24,2,3,0,0.8147902,1.01579,0.2578691,0.3653271,120.1257,97.12118,0.7259778,1.007597,0.1717861,-0.2356434,-1.194332,-0.3423587,SelectionEnd
35.7634,24,2,3,0,0.8147902,1.01579,0.2578691,0.3653271,120.1257,97.12118,0.7259778,1.007597,0.1717861,-0.2356434,-1.194332,-0.3423587,GotSelection
35.77566,24,2,3,0,0.8151059,1.015599,0.2580032,0.4068129,120.0952,97.20837,0.726063,1.002235,0.1708012,-0.2913914,-1.198112,-0.3388768,SelectionStart
35.77569,24,2,3,0,0.8151059,1.015599,0.2580032,0.4068129,120.0952,97.20837,0.726063,1.002235,0.1708012,-0.2913914,-1.198112,-0.3388768,SelectionEnd
35.77921,24,2,3,0,0.8151059,1.015599,0.2580032,0.4068129,120.0952,97.20837,0.726063,1.002235,0.1708012,-0.2913914,-1.198112,-0.3388768,GotSelection
35.78948,24,2,3,0,0.8152829,1.015534,0.2581438,0.399933,120.0861,97.28133,0.7260621,0.9999024,0.1704442,-0.3164777,-1.20002,-0.3379523,SelectionStart
35.78951,24,2,3,0,0.8152829,1.015534,0.2581438,0.399933,120.0861,97.28133,0.7260621,0.9999024,0.1704442,-0.3164777,-1.20002,-0.3379523,SelectionEnd
35.79292,24,2,3,0,0.8152829,1.015534,0.2581438,0.399933,120.0861,97.28133,0.7260621,0.9999024,0.1704442,-0.3164777,-1.20002,-0.3379523,GotSelection
35.80355,24,2,3,0,0.8156565,1.015342,0.258278,0.4126136,120.0781,97.38124,0.7262341,0.9962845,0.1704707,-0.3535616,-1.196882,-0.3390672,SelectionStart
35.80357,24,2,3,0,0.8156565,1.015342,0.258278,0.4126136,120.0781,97.38124,0.7262341,0.9962845,0.1704707,-0.3535616,-1.196882,-0.3390672,SelectionEnd
35.80689,24,2,3,0,0.8156565,1.015342,0.258278,0.4126136,120.0781,97.38124,0.7262341,0.9962845,0.1704707,-0.3535616,-1.196882,-0.3390672,GotSelection
35.83916,24,2,3,0,0.8165223,1.015383,0.2580966,0.5068818,120.0803,97.4776,0.7267414,0.9942777,0.1723495,-0.3748313,-1.177278,-0.3522076,SelectionStart
35.83922,24,2,3,0,0.8165223,1.015383,0.2580966,0.5068818,120.0803,97.4776,0.7267414,0.9942777,0.1723495,-0.3748313,-1.177278,-0.3522076,SelectionEnd
35.84274,24,2,3,0,0.8165223,1.015383,0.2580966,0.5068818,120.0803,97.4776,0.7267414,0.9942777,0.1723495,-0.3748313,-1.177278,-0.3522076,GotSelection
35.89371,24,2,3,0,0.8169766,1.014999,0.2588402,0.5658545,119.9881,97.77223,0.7265621,1.004849,0.1793329,-0.2638041,-1.138352,-0.3924581,SelectionStart
35.89375,24,2,3,0,0.8169766,1.014999,0.2588402,0.5658545,119.9881,97.77223,0.7265621,1.004849,0.1793329,-0.2638041,-1.138352,-0.3924581,SelectionEnd
35.89706,24,2,3,0,0.8169766,1.014999,0.2588402,0.5658545,119.9881,97.77223,0.7265621,1.004849,0.1793329,-0.2638041,-1.138352,-0.3924581,GotSelection
35.96788,24,2,3,0,0.8176683,1.014813,0.2595479,0.7232935,119.769,98.12592,0.7277078,1.043583,0.1923926,0.1363645,-1.080497,-0.46016,SelectionStart
35.9679,24,2,3,0,0.8176683,1.014813,0.2595479,0.7232935,119.769,98.12592,0.7277078,1.043583,0.1923926,0.1363645,-1.080497,-0.46016,SelectionEnd
35.97117,24,2,3,0,0.8176683,1.014813,0.2595479,0.7232935,119.769,98.12592,0.7277078,1.043583,0.1923926,0.1363645,-1.080497,-0.46016,GotSelection
35.98107,24,2,3,0,0.8177501,1.014755,0.2597172,0.744252,119.7123,98.18794,0.7284098,1.050097,0.1941688,0.2038722,-1.072515,-0.4648051,SelectionStart
35.98109,24,2,3,0,0.8177501,1.014755,0.2597172,0.744252,119.7123,98.18794,0.7284098,1.050097,0.1941688,0.2038722,-1.072515,-0.4648051,SelectionEnd
35.98448,24,2,3,0,0.8177501,1.014755,0.2597172,0.744252,119.7123,98.18794,0.7284098,1.050097,0.1941688,0.2038722,-1.072515,-0.4648051,GotSelection
35.99391,24,2,3,0,0.8178632,1.014678,0.2599921,0.7859045,119.6528,98.28217,0.7293379,1.05888,0.1964004,0.2943284,-1.064102,-0.4700239,SelectionStart
35.99393,24,2,3,0,0.8178632,1.014678,0.2599921,0.7859045,119.6528,98.28217,0.7293379,1.05888,0.1964004,0.2943284,-1.064102,-0.4700239,SelectionEnd
35.99718,24,2,3,0,0.8178632,1.014678,0.2599921,0.7859045,119.6528,98.28217,0.7293379,1.05888,0.1964004,0.2943284,-1.064102,-0.4700239,GotSelection
36.00854,24,2,3,0,0.8180506,1.014539,0.2602034,0.825544,119.6152,98.3682,0.7300358,1.06533,0.1979905,0.361062,-1.059325,-0.4743869,SelectionStart
36.00856,24,2,3,0,0.8180506,1.014539,0.2602034,0.825544,119.6152,98.3682,0.7300358,1.06533,0.1979905,0.361062,-1.059325,-0.4743869,SelectionEnd
36.0118,24,2,3,0,0.8180506,1.014539,0.2602034,0.825544,119.6152,98.3682,0.7300358,1.06533,0.1979905,0.361062,-1.059325,-0.4743869,GotSelection
36.02142,24,2,3,0,0.8183668,1.014226,0.2606328,0.8844046,119.5464,98.52602,0.7310485,1.073599,0.1998355,0.4466711,-1.056773,-0.4783987,SelectionStart
36.02145,24,2,3,0,0.8183668,1.014226,0.2606328,0.8844046,119.5464,98.52602,0.7310485,1.073599,0.1998355,0.4466711,-1.056773,-0.4783987,SelectionEnd
36.02471,24,2,3,0,0.8183668,1.014226,0.2606328,0.8844046,119.5464,98.52602,0.7310485,1.073599,0.1998355,0.4466711,-1.056773,-0.4783987,GotSelection
36.03543,24,2,3,0,0.8186854,1.013888,0.2612107,0.947481,119.4425,98.71476,0.7319511,1.079266,0.2007942,0.5043157,-1.060361,-0.4785644,SelectionStart
36.03545,24,2,3,0,0.8186854,1.013888,0.2612107,0.947481,119.4425,98.71476,0.7319511,1.079266,0.2007942,0.5043157,-1.060361,-0.4785644,SelectionEnd
36.03896,24,2,3,0,0.8186854,1.013888,0.2612107,0.947481,119.4425,98.71476,0.7319511,1.079266,0.2007942,0.5043157,-1.060361,-0.4785644,GotSelection
36.05019,24,2,3,0,0.8191712,1.013391,0.2620593,1.02675,119.3027,98.97485,0.733101,1.086439,0.2022137,0.577624,-1.06532,-0.4801913,SelectionStart
36.05021,24,2,3,0,0.8191712,1.013391,0.2620593,1.02675,119.3027,98.97485,0.733101,1.086439,0.2022137,0.577624,-1.06532,-0.4801913,SelectionEnd
36.05347,24,2,3,0,0.8191712,1.013391,0.2620593,1.02675,119.3027,98.97485,0.733101,1.086439,0.2022137,0.577624,-1.06532,-0.4801913,GotSelection
36.06323,24,2,3,0,0.8194493,1.012909,0.2628777,1.081355,119.1412,99.22635,0.7338605,1.090892,0.2031622,0.6229787,-1.071039,-0.480911,SelectionStart
36.06325,24,2,3,0,0.8194493,1.012909,0.2628777,1.081355,119.1412,99.22635,0.7338605,1.090892,0.2031622,0.6229787,-1.071039,-0.480911,SelectionEnd
36.06662,24,2,3,0,0.8194493,1.012909,0.2628777,1.081355,119.1412,99.22635,0.7338605,1.090892,0.2031622,0.6229787,-1.071039,-0.480911,GotSelection
36.07671,24,2,3,0,0.8198205,1.012178,0.2640914,1.150952,118.9182,99.57233,0.7349961,1.096988,0.2044095,0.6856212,-1.080463,-0.4803267,SelectionStart
36.07673,24,2,3,0,0.8198205,1.012178,0.2640914,1.150952,118.9182,99.57233,0.7349961,1.096988,0.2044095,0.6856212,-1.080463,-0.4803267,SelectionEnd
36.08015,24,2,3,0,0.8198205,1.012178,0.2640914,1.150952,118.9182,99.57233,0.7349961,1.096988,0.2044095,0.6856212,-1.080463,-0.4803267,GotSelection
36.09316,24,2,3,0,0.8204626,1.011223,0.2655448,1.26378,118.6749,100.0092,0.7357742,1.101363,0.2053627,0.7296336,-1.09675,-0.4835808,SelectionStart
36.0932,24,2,3,0,0.8204626,1.011223,0.2655448,1.26378,118.6749,100.0092,0.7357742,1.101363,0.2053627,0.7296336,-1.09675,-0.4835808,SelectionEnd
36.09705,24,2,3,0,0.8204626,1.011223,0.2655448,1.26378,118.6749,100.0092,0.7357742,1.101363,0.2053627,0.7296336,-1.09675,-0.4835808,GotSelection
36.11416,24,2,3,0,0.8213722,1.009863,0.2672015,1.462976,118.492,100.5335,0.7364254,1.105723,0.2066331,0.7745801,-1.116902,-0.4917053,SelectionStart
36.11419,24,2,3,0,0.8213722,1.009863,0.2672015,1.462976,118.492,100.5335,0.7364254,1.105723,0.2066331,0.7745801,-1.116902,-0.4917053,SelectionEnd
36.11781,24,2,3,0,0.8213722,1.009863,0.2672015,1.462976,118.492,100.5335,0.7364254,1.105723,0.2066331,0.7745801,-1.116902,-0.4917053,GotSelection
36.12835,24,2,3,0,0.8221058,1.009105,0.2680613,1.603485,118.4486,100.8139,0.7367119,1.108074,0.2076842,0.7988946,-1.126475,-0.5006207,SelectionStart
36.12837,24,2,3,0,0.8221058,1.009105,0.2680613,1.603485,118.4486,100.8139,0.7367119,1.108074,0.2076842,0.7988946,-1.126475,-0.5006207,SelectionEnd
36.13173,24,2,3,0,0.8221058,1.009105,0.2680613,1.603485,118.4486,100.8139,0.7367119,1.108074,0.2076842,0.7988946,-1.126475,-0.5006207,GotSelection
36.17115,24,2,3,0,0.822189,1.007933,0.2698434,1.690743,118.1485,101.2084,0.7350764,1.106319,0.2100314,0.7837237,-1.131196,-0.525135,SelectionStart
36.17117,24,2,3,0,0.822189,1.007933,0.2698434,1.690743,118.1485,101.2084,0.7350764,1.106319,0.2100314,0.7837237,-1.131196,-0.525135,SelectionEnd
36.17464,24,2,3,0,0.822189,1.007933,0.2698434,1.690743,118.1485,101.2084,0.7350764,1.106319,0.2100314,0.7837237,-1.131196,-0.525135,GotSelection
36.1851,24,2,3,0,0.8222159,1.0079,0.2700854,1.747515,118.0761,101.2658,0.7335832,1.101796,0.2102282,0.7353517,-1.129787,-0.539386,SelectionStart
36.18513,24,2,3,0,0.8222159,1.0079,0.2700854,1.747515,118.0761,101.2658,0.7335832,1.101796,0.2102282,0.7353517,-1.129787,-0.539386,SelectionEnd
36.18845,24,2,3,0,0.8222159,1.0079,0.2700854,1.747515,118.0761,101.2658,0.7335832,1.101796,0.2102282,0.7353517,-1.129787,-0.539386,GotSelection
36.19977,24,2,3,0,0.822486,1.007644,0.2704249,1.828023,117.9767,101.3805,0.7318425,1.097135,0.2105552,0.6859577,-1.130798,-0.5589947,SelectionStart
36.19979,24,2,3,0,0.822486,1.007644,0.2704249,1.828023,117.9767,101.3805,0.7318425,1.097135,0.2105552,0.6859577,-1.130798,-0.5589947,SelectionEnd
36.20311,24,2,3,0,0.822486,1.007644,0.2704249,1.828023,117.9767,101.3805,0.7318425,1.097135,0.2105552,0.6859577,-1.130798,-0.5589947,GotSelection
36.21247,24,2,3,0,0.8227102,1.007367,0.2708502,1.878799,117.9071,101.5288,0.7298799,1.09039,0.2104563,0.6144219,-1.133398,-0.576009,SelectionStart
36.21249,24,2,3,0,0.8227102,1.007367,0.2708502,1.878799,117.9071,101.5288,0.7298799,1.09039,0.2104563,0.6144219,-1.133398,-0.576009,SelectionEnd
36.21577,24,2,3,0,0.8227102,1.007367,0.2708502,1.878799,117.9071,101.5288,0.7298799,1.09039,0.2104563,0.6144219,-1.133398,-0.576009,GotSelection
36.22525,24,2,3,0,0.8227051,1.007191,0.2711163,1.865352,117.8804,101.6322,0.7285497,1.084356,0.2102807,0.5516585,-1.132266,-0.5841664,SelectionStart
36.22527,24,2,3,0,0.8227051,1.007191,0.2711163,1.865352,117.8804,101.6322,0.7285497,1.084356,0.2102807,0.5516585,-1.132266,-0.5841664,SelectionEnd
36.22873,24,2,3,0,0.8227051,1.007191,0.2711163,1.865352,117.8804,101.6322,0.7285497,1.084356,0.2102807,0.5516585,-1.132266,-0.5841664,GotSelection
36.23804,24,2,3,0,0.8225399,1.007012,0.271446,1.784778,117.8859,101.7057,0.7269629,1.078639,0.2100774,0.4930357,-1.133018,-0.5914995,SelectionStart
36.23806,24,2,3,0,0.8225399,1.007012,0.271446,1.784778,117.8859,101.7057,0.7269629,1.078639,0.2100774,0.4930357,-1.133018,-0.5914995,SelectionEnd
36.24135,24,2,3,0,0.8225399,1.007012,0.271446,1.784778,117.8859,101.7057,0.7269629,1.078639,0.2100774,0.4930357,-1.133018,-0.5914995,GotSelection
36.25085,24,2,3,0,0.8223411,1.006997,0.2716396,1.720652,117.9037,101.7542,0.7256009,1.071423,0.2095733,0.4181846,-1.130337,-0.5953356,SelectionStart
36.25086,24,2,3,0,0.8223411,1.006997,0.2716396,1.720652,117.9037,101.7542,0.7256009,1.071423,0.2095733,0.4181846,-1.130337,-0.5953356,SelectionEnd
36.25418,24,2,3,0,0.8223411,1.006997,0.2716396,1.720652,117.9037,101.7542,0.7256009,1.071423,0.2095733,0.4181846,-1.130337,-0.5953356,GotSelection
36.26739,24,2,3,0,0.8221056,1.006992,0.2720178,1.637816,117.8959,101.8349,0.7236562,1.059621,0.2085408,0.2951739,-1.126734,-0.5997819,SelectionStart
36.26741,24,2,3,0,0.8221056,1.006992,0.2720178,1.637816,117.8959,101.8349,0.7236562,1.059621,0.2085408,0.2951739,-1.126734,-0.5997819,SelectionEnd
36.2708,24,2,3,0,0.8221056,1.006992,0.2720178,1.637816,117.8959,101.8349,0.7236562,1.059621,0.2085408,0.2951739,-1.126734,-0.5997819,GotSelection
36.28076,24,2,3,0,0.8216232,1.007262,0.2721754,1.569958,117.8779,101.8308,0.7223821,1.051766,0.207658,0.2121204,-1.122554,-0.5993991,SelectionStart
36.28078,24,2,3,0,0.8216232,1.007262,0.2721754,1.569958,117.8779,101.8308,0.7223821,1.051766,0.207658,0.2121204,-1.122554,-0.5993991,SelectionEnd
36.2841,24,2,3,0,0.8216232,1.007262,0.2721754,1.569958,117.8779,101.8308,0.7223821,1.051766,0.207658,0.2121204,-1.122554,-0.5993991,GotSelection
36.29453,24,2,3,0,0.8210889,1.007488,0.2723771,1.501249,117.8478,101.8439,0.7215505,1.044241,0.2066247,0.1327504,-1.118527,-0.5941532,SelectionStart
36.29454,24,2,3,0,0.8210889,1.007488,0.2723771,1.501249,117.8478,101.8439,0.7215505,1.044241,0.2066247,0.1327504,-1.118527,-0.5941532,SelectionEnd
36.29789,24,2,3,0,0.8210889,1.007488,0.2723771,1.501249,117.8478,101.8439,0.7215505,1.044241,0.2066247,0.1327504,-1.118527,-0.5941532,GotSelection
36.30857,24,2,3,0,0.8208838,1.007771,0.2724583,1.466405,117.826,101.8353,0.7207122,1.033903,0.2052798,0.02407824,-1.111698,-0.5904913,SelectionStart
36.30859,24,2,3,0,0.8208838,1.007771,0.2724583,1.466405,117.826,101.8353,0.7207122,1.033903,0.2052798,0.02407824,-1.111698,-0.5904913,SelectionEnd
36.31195,24,2,3,0,0.8208838,1.007771,0.2724583,1.466405,117.826,101.8353,0.7207122,1.033903,0.2052798,0.02407824,-1.111698,-0.5904913,GotSelection
36.35142,24,2,3,0,0.8198974,1.009004,0.2719854,1.408891,117.7336,101.7185,0.7197729,1.006351,0.2014677,-0.2660759,-1.080596,-0.5684882,SelectionStart
36.35144,24,2,3,0,0.8198974,1.009004,0.2719854,1.408891,117.7336,101.7185,0.7197729,1.006351,0.2014677,-0.2660759,-1.080596,-0.5684882,SelectionEnd
36.35499,24,2,3,0,0.8198974,1.009004,0.2719854,1.408891,117.7336,101.7185,0.7197729,1.006351,0.2014677,-0.2660759,-1.080596,-0.5684882,GotSelection
36.36431,24,2,3,0,0.8197166,1.009236,0.2718354,1.399865,117.7225,101.6767,0.7199785,0.9994524,0.2003984,-0.3375224,-1.072352,-0.5590853,SelectionStart
36.36433,24,2,3,0,0.8197166,1.009236,0.2718354,1.399865,117.7225,101.6767,0.7199785,0.9994524,0.2003984,-0.3375224,-1.072352,-0.5590853,SelectionEnd
36.36778,24,2,3,0,0.8197166,1.009236,0.2718354,1.399865,117.7225,101.6767,0.7199785,0.9994524,0.2003984,-0.3375224,-1.072352,-0.5590853,GotSelection
36.37713,24,2,3,0,0.8195704,1.009603,0.2715694,1.370241,117.7081,101.6145,0.720414,0.9904559,0.1989972,-0.4308527,-1.060803,-0.5465016,SelectionStart
36.37714,24,2,3,0,0.8195704,1.009603,0.2715694,1.370241,117.7081,101.6145,0.720414,0.9904559,0.1989972,-0.4308527,-1.060803,-0.5465016,SelectionEnd
36.38047,24,2,3,0,0.8195704,1.009603,0.2715694,1.370241,117.7081,101.6145,0.720414,0.9904559,0.1989972,-0.4308527,-1.060803,-0.5465016,GotSelection
36.39144,24,2,3,0,0.8190199,1.009955,0.2715594,1.341435,117.6852,101.5778,0.7207667,0.9844165,0.1981154,-0.4941661,-1.051414,-0.5332422,SelectionStart
36.39146,24,2,3,0,0.8190199,1.009955,0.2715594,1.341435,117.6852,101.5778,0.7207667,0.9844165,0.1981154,-0.4941661,-1.051414,-0.5332422,SelectionEnd
36.39478,24,2,3,0,0.8190199,1.009955,0.2715594,1.341435,117.6852,101.5778,0.7207667,0.9844165,0.1981154,-0.4941661,-1.051414,-0.5332422,GotSelection
36.40469,24,2,3,0,0.818601,1.010296,0.2714653,1.295644,117.6584,101.5348,0.7214196,0.9766596,0.1967884,-0.5747144,-1.041115,-0.5166005,SelectionStart
36.4047,24,2,3,0,0.818601,1.010296,0.2714653,1.295644,117.6584,101.5348,0.7214196,0.9766596,0.1967884,-0.5747144,-1.041115,-0.5166005,SelectionEnd
36.4081,24,2,3,0,0.818601,1.010296,0.2714653,1.295644,117.6584,101.5348,0.7214196,0.9766596,0.1967884,-0.5747144,-1.041115,-0.5166005,GotSelection
36.42152,24,2,3,0,0.8181967,1.010584,0.2714763,1.265804,117.6032,101.514,0.7223991,0.9694219,0.1956639,-0.6495695,-1.029284,-0.4983098,SelectionStart
36.42154,24,2,3,0,0.8181967,1.010584,0.2714763,1.265804,117.6032,101.514,0.7223991,0.9694219,0.1956639,-0.6495695,-1.029284,-0.4983098,SelectionEnd
36.42496,24,2,3,0,0.8181967,1.010584,0.2714763,1.265804,117.6032,101.514,0.7223991,0.9694219,0.1956639,-0.6495695,-1.029284,-0.4983098,GotSelection
36.43523,24,2,3,0,0.8180158,1.010802,0.2714626,1.276622,117.5543,101.515,0.7230995,0.9642627,0.1949632,-0.7035209,-1.019939,-0.4867659,SelectionStart
36.43524,24,2,3,0,0.8180158,1.010802,0.2714626,1.276622,117.5543,101.515,0.7230995,0.9642627,0.1949632,-0.7035209,-1.019939,-0.4867659,SelectionEnd
36.43865,24,2,3,0,0.8180158,1.010802,0.2714626,1.276622,117.5543,101.515,0.7230995,0.9642627,0.1949632,-0.7035209,-1.019939,-0.4867659,GotSelection
36.45006,24,2,3,0,0.8178849,1.010978,0.2714912,1.246381,117.5495,101.513,0.724248,0.9575154,0.1938899,-0.7728411,-1.009804,-0.4688137,SelectionStart
36.45007,24,2,3,0,0.8178849,1.010978,0.2714912,1.246381,117.5495,101.513,0.724248,0.9575154,0.1938899,-0.7728411,-1.009804,-0.4688137,SelectionEnd
36.45339,24,2,3,0,0.8178849,1.010978,0.2714912,1.246381,117.5495,101.513,0.724248,0.9575154,0.1938899,-0.7728411,-1.009804,-0.4688137,GotSelection
36.46333,24,2,3,0,0.8178933,1.011068,0.27133,1.292318,117.5195,101.5117,0.7253432,0.9514948,0.1930851,-0.8340819,-0.9978011,-0.4546975,SelectionStart
36.46335,24,2,3,0,0.8178933,1.011068,0.27133,1.292318,117.5195,101.5117,0.7253432,0.9514948,0.1930851,-0.8340819,-0.9978011,-0.4546975,SelectionEnd
36.46664,24,2,3,0,0.8178933,1.011068,0.27133,1.292318,117.5195,101.5117,0.7253432,0.9514948,0.1930851,-0.8340819,-0.9978011,-0.4546975,GotSelection
36.47699,24,2,3,0,0.8178683,1.011226,0.2712274,1.320244,117.508,101.4987,0.7262048,0.947272,0.1925367,-0.8775831,-0.9888534,-0.443476,SelectionStart
36.47702,24,2,3,0,0.8178683,1.011226,0.2712274,1.320244,117.508,101.4987,0.7262048,0.947272,0.1925367,-0.8775831,-0.9888534,-0.443476,SelectionEnd
36.48092,24,2,3,0,0.8178683,1.011226,0.2712274,1.320244,117.508,101.4987,0.7262048,0.947272,0.1925367,-0.8775831,-0.9888534,-0.443476,GotSelection
36.49173,24,2,3,0,0.8175656,1.011605,0.2710943,1.298197,117.5125,101.4558,0.7275079,0.9420359,0.191581,-0.9323757,-0.9781659,-0.423941,SelectionStart
36.49175,24,2,3,0,0.8175656,1.011605,0.2710943,1.298197,117.5125,101.4558,0.7275079,0.9420359,0.191581,-0.9323757,-0.9781659,-0.423941,SelectionEnd
36.49507,24,2,3,0,0.8175656,1.011605,0.2710943,1.298197,117.5125,101.4558,0.7275079,0.9420359,0.191581,-0.9323757,-0.9781659,-0.423941,GotSelection
36.53492,24,2,3,0,0.8173198,1.011899,0.2709589,1.154267,117.5902,101.3619,0.7303711,0.9323006,0.1898534,-1.029338,-0.9601933,-0.3865072,SelectionStart
36.53494,24,2,3,0,0.8173198,1.011899,0.2709589,1.154267,117.5902,101.3619,0.7303711,0.9323006,0.1898534,-1.029338,-0.9601933,-0.3865072,SelectionEnd
36.53837,24,2,3,0,0.8173198,1.011899,0.2709589,1.154267,117.5902,101.3619,0.7303711,0.9323006,0.1898534,-1.029338,-0.9601933,-0.3865072,GotSelection
36.5498,24,2,3,0,0.8174048,1.011836,0.2710986,1.11479,117.6166,101.414,0.7312608,0.9305109,0.189011,-1.048017,-0.961028,-0.3742862,SelectionStart
36.54982,24,2,3,0,0.8174048,1.011836,0.2710986,1.11479,117.6166,101.414,0.7312608,0.9305109,0.189011,-1.048017,-0.961028,-0.3742862,SelectionEnd
36.55317,24,2,3,0,0.8174048,1.011836,0.2710986,1.11479,117.6166,101.414,0.7312608,0.9305109,0.189011,-1.048017,-0.961028,-0.3742862,GotSelection
36.5636,24,2,3,0,0.8175161,1.011669,0.2712081,1.084268,117.6413,101.4573,0.7314567,0.9304447,0.1884808,-1.048566,-0.9659328,-0.3704669,SelectionStart
36.56362,24,2,3,0,0.8175161,1.011669,0.2712081,1.084268,117.6413,101.4573,0.7314567,0.9304447,0.1884808,-1.048566,-0.9659328,-0.3704669,SelectionEnd
36.56699,24,2,3,0,0.8175161,1.011669,0.2712081,1.084268,117.6413,101.4573,0.7314567,0.9304447,0.1884808,-1.048566,-0.9659328,-0.3704669,GotSelection
36.57671,24,2,3,0,0.8174863,1.011603,0.271304,1.037031,117.6654,101.479,0.7320021,0.9295651,0.1878102,-1.057468,-0.9682553,-0.3616908,SelectionStart
36.57673,24,2,3,0,0.8174863,1.011603,0.271304,1.037031,117.6654,101.479,0.7320021,0.9295651,0.1878102,-1.057468,-0.9682553,-0.3616908,SelectionEnd
36.58002,24,2,3,0,0.8174863,1.011603,0.271304,1.037031,117.6654,101.479,0.7320021,0.9295651,0.1878102,-1.057468,-0.9682553,-0.3616908,GotSelection
36.5916,24,2,3,0,0.8176588,1.011467,0.2712151,1.011076,117.7338,101.491,0.7320415,0.9307346,0.1870836,-1.045768,-0.9774314,-0.3591005,SelectionStart
36.59162,24,2,3,0,0.8176588,1.011467,0.2712151,1.011076,117.7338,101.491,0.7320415,0.9307346,0.1870836,-1.045768,-0.9774314,-0.3591005,SelectionEnd
36.59486,24,2,3,0,0.8176588,1.011467,0.2712151,1.011076,117.7338,101.491,0.7320415,0.9307346,0.1870836,-1.045768,-0.9774314,-0.3591005,GotSelection
36.60435,24,2,3,0,0.8178659,1.011417,0.2712025,0.9949422,117.7933,101.5014,0.731914,0.9322915,0.1867359,-1.03078,-0.9854334,-0.3598333,SelectionStart
36.60436,24,2,3,0,0.8178659,1.011417,0.2712025,0.9949422,117.7933,101.5014,0.731914,0.9322915,0.1867359,-1.03078,-0.9854334,-0.3598333,SelectionEnd
36.60765,24,2,3,0,0.8178659,1.011417,0.2712025,0.9949422,117.7933,101.5014,0.731914,0.9322915,0.1867359,-1.03078,-0.9854334,-0.3598333,GotSelection
36.61755,24,2,3,0,0.8179494,1.011274,0.2712815,0.949368,117.8266,101.5192,0.7315298,0.9343992,0.1864124,-1.009549,-0.9957034,-0.3624822,SelectionStart
36.61758,24,2,3,0,0.8179494,1.011274,0.2712815,0.949368,117.8266,101.5192,0.7315298,0.9343992,0.1864124,-1.009549,-0.9957034,-0.3624822,SelectionEnd
36.6209,24,2,3,0,0.8179494,1.011274,0.2712815,0.949368,117.8266,101.5192,0.7315298,0.9343992,0.1864124,-1.009549,-0.9957034,-0.3624822,GotSelection
36.6305,24,2,3,0,0.8179702,1.011168,0.2713715,0.9129378,117.8422,101.5338,0.7310865,0.9372587,0.1861134,-0.9811428,-1.007237,-0.3654792,SelectionStart
36.63052,24,2,3,0,0.8179702,1.011168,0.2713715,0.9129378,117.8422,101.5338,0.7310865,0.9372587,0.1861134,-0.9811428,-1.007237,-0.3654792,SelectionEnd
36.6339,24,2,3,0,0.8179702,1.011168,0.2713715,0.9129378,117.8422,101.5338,0.7310865,0.9372587,0.1861134,-0.9811428,-1.007237,-0.3654792,GotSelection
36.6429,24,2,3,0,0.818113,1.010993,0.2714953,0.8726707,117.8657,101.5752,0.7303577,0.9411876,0.1856493,-0.9426047,-1.024383,-0.3712218,SelectionStart
36.64292,24,2,3,0,0.818113,1.010993,0.2714953,0.8726707,117.8657,101.5752,0.7303577,0.9411876,0.1856493,-0.9426047,-1.024383,-0.3712218,SelectionEnd
36.64657,24,2,3,0,0.818113,1.010993,0.2714953,0.8726707,117.8657,101.5752,0.7303577,0.9411876,0.1856493,-0.9426047,-1.024383,-0.3712218,GotSelection
36.65913,24,2,3,0,0.8186045,1.010651,0.2715022,0.8657048,117.8982,101.6291,0.7292006,0.9476504,0.1854112,-0.8777969,-1.047542,-0.385375,SelectionStart
36.65915,24,2,3,0,0.8186045,1.010651,0.2715022,0.8657048,117.8982,101.6291,0.7292006,0.9476504,0.1854112,-0.8777969,-1.047542,-0.385375,SelectionEnd
36.66274,24,2,3,0,0.8186045,1.010651,0.2715022,0.8657048,117.8982,101.6291,0.7292006,0.9476504,0.1854112,-0.8777969,-1.047542,-0.385375,GotSelection
36.67216,24,2,3,0,0.818612,1.010452,0.2716437,0.8319856,117.9281,101.6568,0.7285262,0.9523223,0.1851159,-0.8309596,-1.064442,-0.3899082,SelectionStart
36.67219,24,2,3,0,0.818612,1.010452,0.2716437,0.8319856,117.9281,101.6568,0.7285262,0.9523223,0.1851159,-0.8309596,-1.064442,-0.3899082,SelectionEnd
36.67539,24,2,3,0,0.818612,1.010452,0.2716437,0.8319856,117.9281,101.6568,0.7285262,0.9523223,0.1851159,-0.8309596,-1.064442,-0.3899082,GotSelection
36.71545,24,2,3,0,0.8185537,1.010619,0.2715773,0.6663837,118.1167,101.6371,0.7249937,0.9752067,0.1851736,-0.6062384,-1.12818,-0.4222025,SelectionStart
36.71546,24,2,3,0,0.8185537,1.010619,0.2715773,0.6663837,118.1167,101.6371,0.7249937,0.9752067,0.1851736,-0.6062384,-1.12818,-0.4222025,SelectionEnd
36.71878,24,2,3,0,0.8185537,1.010619,0.2715773,0.6663837,118.1167,101.6371,0.7249937,0.9752067,0.1851736,-0.6062384,-1.12818,-0.4222025,GotSelection
36.72934,24,2,3,0,0.8186688,1.010699,0.271439,0.6484532,118.1715,101.6352,0.7239262,0.9842849,0.1849625,-0.5176222,-1.153338,-0.4324667,SelectionStart
36.72936,24,2,3,0,0.8186688,1.010699,0.271439,0.6484532,118.1715,101.6352,0.7239262,0.9842849,0.1849625,-0.5176222,-1.153338,-0.4324667,SelectionEnd
36.73269,24,2,3,0,0.8186688,1.010699,0.271439,0.6484532,118.1715,101.6352,0.7239262,0.9842849,0.1849625,-0.5176222,-1.153338,-0.4324667,GotSelection
36.74394,24,2,3,0,0.8186715,1.010658,0.2713459,0.623612,118.1904,101.6356,0.7232271,0.9914872,0.184896,-0.4458008,-1.171482,-0.4394216,SelectionStart
36.74397,24,2,3,0,0.8186715,1.010658,0.2713459,0.623612,118.1904,101.6356,0.7232271,0.9914872,0.184896,-0.4458008,-1.171482,-0.4394216,SelectionEnd
36.74747,24,2,3,0,0.8186715,1.010658,0.2713459,0.623612,118.1904,101.6356,0.7232271,0.9914872,0.184896,-0.4458008,-1.171482,-0.4394216,GotSelection
36.75929,24,2,3,0,0.8189105,1.010754,0.2712123,0.5796692,118.213,101.6358,0.7227625,1.000883,0.1846159,-0.3535945,-1.195455,-0.4456658,SelectionStart
36.75931,24,2,3,0,0.8189105,1.010754,0.2712123,0.5796692,118.213,101.6358,0.7227625,1.000883,0.1846159,-0.3535945,-1.195455,-0.4456658,SelectionEnd
36.76273,24,2,3,0,0.8189105,1.010754,0.2712123,0.5796692,118.213,101.6358,0.7227625,1.000883,0.1846159,-0.3535945,-1.195455,-0.4456658,GotSelection
36.77233,24,2,3,0,0.8188205,1.010842,0.2711614,0.5357166,118.2437,101.6363,0.7224246,1.010046,0.1842442,-0.2634666,-1.218424,-0.4466246,SelectionStart
36.77235,24,2,3,0,0.8188205,1.010842,0.2711614,0.5357166,118.2437,101.6363,0.7224246,1.010046,0.1842442,-0.2634666,-1.218424,-0.4466246,SelectionEnd
36.77562,24,2,3,0,0.8188205,1.010842,0.2711614,0.5357166,118.2437,101.6363,0.7224246,1.010046,0.1842442,-0.2634666,-1.218424,-0.4466246,GotSelection
36.78482,24,2,3,0,0.8188451,1.010893,0.271034,0.509392,118.2754,101.637,0.7222575,1.016822,0.1838253,-0.1968527,-1.236014,-0.4468652,SelectionStart
36.78484,24,2,3,0,0.8188451,1.010893,0.271034,0.509392,118.2754,101.637,0.7222575,1.016822,0.1838253,-0.1968527,-1.236014,-0.4468652,SelectionEnd
36.78857,24,2,3,0,0.8188451,1.010893,0.271034,0.509392,118.2754,101.637,0.7222575,1.016822,0.1838253,-0.1968527,-1.236014,-0.4468652,GotSelection
36.79999,24,2,3,0,0.818767,1.011,0.270929,0.4943633,118.2951,101.6194,0.722376,1.025015,0.1833875,-0.1159644,-1.254868,-0.4437561,SelectionStart
36.8,24,2,3,0,0.818767,1.011,0.270929,0.4943633,118.2951,101.6194,0.722376,1.025015,0.1833875,-0.1159644,-1.254868,-0.4437561,SelectionEnd
36.80402,24,2,3,0,0.818767,1.011,0.270929,0.4943633,118.2951,101.6194,0.722376,1.025015,0.1833875,-0.1159644,-1.254868,-0.4437561,GotSelection
36.81482,24,2,3,0,0.8184383,1.011281,0.270869,0.475209,118.2987,101.6056,0.722391,1.032831,0.1829311,-0.04056811,-1.272284,-0.4392633,SelectionStart
36.81483,24,2,3,0,0.8184383,1.011281,0.270869,0.475209,118.2987,101.6056,0.722391,1.032831,0.1829311,-0.04056811,-1.272284,-0.4392633,SelectionEnd
36.81854,24,2,3,0,0.8184383,1.011281,0.270869,0.475209,118.2987,101.6056,0.722391,1.032831,0.1829311,-0.04056811,-1.272284,-0.4392633,GotSelection
36.82816,24,2,3,0,0.8184699,1.011394,0.270647,0.4684674,118.2936,101.5683,0.7227435,1.037538,0.1824828,0.006176862,-1.282161,-0.4357572,SelectionStart
36.82817,24,2,3,0,0.8184699,1.011394,0.270647,0.4684674,118.2936,101.5683,0.7227435,1.037538,0.1824828,0.006176862,-1.282161,-0.4357572,SelectionEnd
36.83199,24,2,3,0,0.8184699,1.011394,0.270647,0.4684674,118.2936,101.5683,0.7227435,1.037538,0.1824828,0.006176862,-1.282161,-0.4357572,GotSelection
36.84208,24,2,3,0,0.818413,1.011661,0.2705378,0.4541031,118.3044,101.5284,0.723048,1.043364,0.1820908,0.0625985,-1.294373,-0.4312896,SelectionStart
36.8421,24,2,3,0,0.818413,1.011661,0.2705378,0.4541031,118.3044,101.5284,0.723048,1.043364,0.1820908,0.0625985,-1.294373,-0.4312896,SelectionEnd
36.84538,24,2,3,0,0.818413,1.011661,0.2705378,0.4541031,118.3044,101.5284,0.723048,1.043364,0.1820908,0.0625985,-1.294373,-0.4312896,GotSelection
36.85469,24,2,3,0,0.8184893,1.011662,0.2704459,0.4300754,118.3184,101.5253,0.7231137,1.046781,0.1819143,0.09681781,-1.302269,-0.4307946,SelectionStart
36.85471,24,2,3,0,0.8184893,1.011662,0.2704459,0.4300754,118.3184,101.5253,0.7231137,1.046781,0.1819143,0.09681781,-1.302269,-0.4307946,SelectionEnd
36.85794,24,2,3,0,0.8184893,1.011662,0.2704459,0.4300754,118.3184,101.5253,0.7231137,1.046781,0.1819143,0.09681781,-1.302269,-0.4307946,GotSelection
36.8988,24,2,3,0,0.8174529,1.012203,0.270782,0.1727819,118.3411,101.5617,0.7232738,1.052059,0.1812715,0.1446435,-1.315512,-0.413361,SelectionStart
36.89883,24,2,3,0,0.8174529,1.012203,0.270782,0.1727819,118.3411,101.5617,0.7232738,1.052059,0.1812715,0.1446435,-1.315512,-0.413361,SelectionEnd
36.90234,24,2,3,0,0.8174529,1.012203,0.270782,0.1727819,118.3411,101.5617,0.7232738,1.052059,0.1812715,0.1446435,-1.315512,-0.413361,GotSelection
36.91339,24,2,3,0,0.8171328,1.012424,0.2708263,0.1009656,118.3674,101.5617,0.7228701,1.051206,0.1815313,0.1346818,-1.312106,-0.4140497,SelectionStart
36.91342,24,2,3,0,0.8171328,1.012424,0.2708263,0.1009656,118.3674,101.5617,0.7228701,1.051206,0.1815313,0.1346818,-1.312106,-0.4140497,SelectionEnd
36.9172,24,2,3,0,0.8171328,1.012424,0.2708263,0.1009656,118.3674,101.5617,0.7228701,1.051206,0.1815313,0.1346818,-1.312106,-0.4140497,GotSelection
36.92868,24,2,3,0,0.816856,1.01266,0.2707288,0.05087809,118.3863,101.545,0.7224094,1.048925,0.1818811,0.110845,-1.304072,-0.4170867,SelectionStart
36.9287,24,2,3,0,0.816856,1.01266,0.2707288,0.05087809,118.3863,101.545,0.7224094,1.048925,0.1818811,0.110845,-1.304072,-0.4170867,SelectionEnd
36.93201,24,2,3,0,0.816856,1.01266,0.2707288,0.05087809,118.3863,101.545,0.7224094,1.048925,0.1818811,0.110845,-1.304072,-0.4170867,GotSelection
36.94268,24,2,3,0,0.8166286,1.012919,0.2706859,0.01013942,118.3756,101.5226,0.7217343,1.045208,0.1825602,0.07278168,-1.291687,-0.4245691,SelectionStart
36.9427,24,2,3,0,0.8166286,1.012919,0.2706859,0.01013942,118.3756,101.5226,0.7217343,1.045208,0.1825602,0.07278168,-1.291687,-0.4245691,SelectionEnd
36.94644,24,2,3,0,0.8166286,1.012919,0.2706859,0.01013942,118.3756,101.5226,0.7217343,1.045208,0.1825602,0.07278168,-1.291687,-0.4245691,GotSelection
36.95599,24,2,3,0,0.8161413,1.013252,0.2706981,359.9663,118.3488,101.5166,0.7207868,1.04066,0.1833414,0.02541936,-1.277027,-0.43279,SelectionStart
36.95602,24,2,3,0,0.8161413,1.013252,0.2706981,359.9663,118.3488,101.5166,0.7207868,1.04066,0.1833414,0.02541936,-1.277027,-0.43279,SelectionEnd
36.95966,24,2,3,0,0.8161413,1.013252,0.2706981,359.9663,118.3488,101.5166,0.7207868,1.04066,0.1833414,0.02541936,-1.277027,-0.43279,GotSelection
36.96983,24,2,3,0,0.8157428,1.013494,0.2708026,359.9207,118.3359,101.5357,0.7202046,1.034741,0.1841482,-0.03513615,-1.259135,-0.4379836,SelectionStart
36.96985,24,2,3,0,0.8157428,1.013494,0.2708026,359.9207,118.3359,101.5357,0.7202046,1.034741,0.1841482,-0.03513615,-1.259135,-0.4379836,SelectionEnd
36.97356,24,2,3,0,0.8157428,1.013494,0.2708026,359.9207,118.3359,101.5357,0.7202046,1.034741,0.1841482,-0.03513615,-1.259135,-0.4379836,GotSelection
36.98398,24,2,3,0,0.8155391,1.013579,0.2708196,359.8687,118.3256,101.5866,0.7194754,1.028218,0.1852089,-0.1005049,-1.238878,-0.4479361,SelectionStart
36.984,24,2,3,0,0.8155391,1.013579,0.2708196,359.8687,118.3256,101.5866,0.7194754,1.028218,0.1852089,-0.1005049,-1.238878,-0.4479361,SelectionEnd
36.98743,24,2,3,0,0.8155391,1.013579,0.2708196,359.8687,118.3256,101.5866,0.7194754,1.028218,0.1852089,-0.1005049,-1.238878,-0.4479361,GotSelection
36.9979,24,2,3,0,0.8156163,1.013636,0.2707623,359.827,118.2877,101.6134,0.7187764,1.023056,0.1861679,-0.1517361,-1.222629,-0.4606887,SelectionStart
36.99792,24,2,3,0,0.8156163,1.013636,0.2707623,359.827,118.2877,101.6134,0.7187764,1.023056,0.1861679,-0.1517361,-1.222629,-0.4606887,SelectionEnd
37.00143,24,2,3,0,0.8156163,1.013636,0.2707623,359.827,118.2877,101.6134,0.7187764,1.023056,0.1861679,-0.1517361,-1.222629,-0.4606887,GotSelection
37.0123,24,2,3,0,0.8154225,1.013873,0.2708437,359.7666,118.1845,101.6741,0.7181609,1.014751,0.187635,-0.2355689,-1.193916,-0.4736222,SelectionStart
37.01231,24,2,3,0,0.8154225,1.013873,0.2708437,359.7666,118.1845,101.6741,0.7181609,1.014751,0.187635,-0.2355689,-1.193916,-0.4736222,SelectionEnd
37.01554,24,2,3,0,0.8154225,1.013873,0.2708437,359.7666,118.1845,101.6741,0.7181609,1.014751,0.187635,-0.2355689,-1.193916,-0.4736222,GotSelection
37.02599,24,2,3,0,0.8150588,1.014153,0.2709221,359.73,118.0746,101.7346,0.7177559,1.006485,0.188989,-0.3193788,-1.164064,-0.4828535,SelectionStart
37.026,24,2,3,0,0.8150588,1.014153,0.2709221,359.73,118.0746,101.7346,0.7177559,1.006485,0.188989,-0.3193788,-1.164064,-0.4828535,SelectionEnd
37.02939,24,2,3,0,0.8150588,1.014153,0.2709221,359.73,118.0746,101.7346,0.7177559,1.006485,0.188989,-0.3193788,-1.164064,-0.4828535,GotSelection
37.04012,24,2,3,0,0.8149131,1.014302,0.2709509,359.7074,118.0151,101.7805,0.717616,1.000438,0.190105,-0.379865,-1.140845,-0.4896155,SelectionStart
37.04014,24,2,3,0,0.8149131,1.014302,0.2709509,359.7074,118.0151,101.7805,0.717616,1.000438,0.190105,-0.379865,-1.140845,-0.4896155,SelectionEnd
37.04367,24,2,3,0,0.8149131,1.014302,0.2709509,359.7074,118.0151,101.7805,0.717616,1.000438,0.190105,-0.379865,-1.140845,-0.4896155,GotSelection
37.05492,24,2,3,0,0.8146763,1.01465,0.2708573,359.6978,117.9469,101.8182,0.7176766,0.9923965,0.1918126,-0.4605278,-1.105241,-0.4974421,SelectionStart
37.05493,24,2,3,0,0.8146763,1.01465,0.2708573,359.6978,117.9469,101.8182,0.7176766,0.9923965,0.1918126,-0.4605278,-1.105241,-0.4974421,SelectionEnd
37.05824,24,2,3,0,0.8146763,1.01465,0.2708573,359.6978,117.9469,101.8182,0.7176766,0.9923965,0.1918126,-0.4605278,-1.105241,-0.4974421,GotSelection
37.1041,24,2,3,0,0.8135182,1.017076,0.2692035,359.5526,118.0063,101.5115,0.7181692,0.9698381,0.1977497,-0.6878466,-0.9828661,-0.5202757,SelectionStart
37.10415,24,2,3,0,0.8135182,1.017076,0.2692035,359.5526,118.0063,101.5115,0.7181692,0.9698381,0.1977497,-0.6878466,-0.9828661,-0.5202757,SelectionEnd
37.11051,24,2,3,0,0.8135182,1.017076,0.2692035,359.5526,118.0063,101.5115,0.7181692,0.9698381,0.1977497,-0.6878466,-0.9828661,-0.5202757,GotSelection
37.12951,24,2,3,0,0.8127768,1.018381,0.2683063,359.4174,118.0858,101.3186,0.7189675,0.9584107,0.2017475,-0.8006535,-0.9101905,-0.5308471,SelectionStart
37.12955,24,2,3,0,0.8127768,1.018381,0.2683063,359.4174,118.0858,101.3186,0.7189675,0.9584107,0.2017475,-0.8006535,-0.9101905,-0.5308471,SelectionEnd
37.13339,24,2,3,0,0.8127768,1.018381,0.2683063,359.4174,118.0858,101.3186,0.7189675,0.9584107,0.2017475,-0.8006535,-0.9101905,-0.5308471,GotSelection
37.14388,24,2,3,0,0.8124446,1.019037,0.2677784,359.3459,118.1391,101.2291,0.7195749,0.9524734,0.2042326,-0.8584291,-0.8679398,-0.5374396,SelectionStart
37.14391,24,2,3,0,0.8124446,1.019037,0.2677784,359.3459,118.1391,101.2291,0.7195749,0.9524734,0.2042326,-0.8584291,-0.8679398,-0.5374396,SelectionEnd
37.14738,24,2,3,0,0.8124446,1.019037,0.2677784,359.3459,118.1391,101.2291,0.7195749,0.9524734,0.2042326,-0.8584291,-0.8679398,-0.5374396,GotSelection
37.15952,24,2,3,0,0.8121222,1.019732,0.2672051,359.2858,118.1976,101.1254,0.7204176,0.946983,0.206754,-0.9118289,-0.8251518,-0.5423332,SelectionStart
37.15955,24,2,3,0,0.8121222,1.019732,0.2672051,359.2858,118.1976,101.1254,0.7204176,0.946983,0.206754,-0.9118289,-0.8251518,-0.5423332,SelectionEnd
37.16298,24,2,3,0,0.8121222,1.019732,0.2672051,359.2858,118.1976,101.1254,0.7204176,0.946983,0.206754,-0.9118289,-0.8251518,-0.5423332,GotSelection
37.17285,24,2,3,0,0.8118025,1.020154,0.2668316,359.2625,118.2304,101.0543,0.7210101,0.9430037,0.2086631,-0.949905,-0.7935653,-0.5454615,SelectionStart
37.17287,24,2,3,0,0.8118025,1.020154,0.2668316,359.2625,118.2304,101.0543,0.7210101,0.9430037,0.2086631,-0.949905,-0.7935653,-0.5454615,SelectionEnd
37.17612,24,2,3,0,0.8118025,1.020154,0.2668316,359.2625,118.2304,101.0543,0.7210101,0.9430037,0.2086631,-0.949905,-0.7935653,-0.5454615,GotSelection
37.18559,24,2,3,0,0.8114838,1.020699,0.266436,359.2179,118.2584,100.9701,0.7219948,0.9380413,0.2109829,-0.9976714,-0.7544734,-0.5477696,SelectionStart
37.18561,24,2,3,0,0.8114838,1.020699,0.266436,359.2179,118.2584,100.9701,0.7219948,0.9380413,0.2109829,-0.9976714,-0.7544734,-0.5477696,SelectionEnd
37.18894,24,2,3,0,0.8114838,1.020699,0.266436,359.2179,118.2584,100.9701,0.7219948,0.9380413,0.2109829,-0.9976714,-0.7544734,-0.5477696,GotSelection
37.19972,24,2,3,0,0.8111125,1.021042,0.2663008,359.1672,118.2615,100.91,0.7229297,0.9347817,0.2125949,-1.028367,-0.7270654,-0.5456953,SelectionStart
37.19974,24,2,3,0,0.8111125,1.021042,0.2663008,359.1672,118.2615,100.91,0.7229297,0.9347817,0.2125949,-1.028367,-0.7270654,-0.5456953,SelectionEnd
37.20307,24,2,3,0,0.8111125,1.021042,0.2663008,359.1672,118.2615,100.91,0.7229297,0.9347817,0.2125949,-1.028367,-0.7270654,-0.5456953,GotSelection
37.21364,24,2,3,0,0.8106778,1.021425,0.2661439,359.1125,118.2738,100.8378,0.7240907,0.9305044,0.2147994,-1.068265,-0.6912105,-0.544144,SelectionStart
37.21366,24,2,3,0,0.8106778,1.021425,0.2661439,359.1125,118.2738,100.8378,0.7240907,0.9305044,0.2147994,-1.068265,-0.6912105,-0.544144,SelectionEnd
37.21706,24,2,3,0,0.8106778,1.021425,0.2661439,359.1125,118.2738,100.8378,0.7240907,0.9305044,0.2147994,-1.068265,-0.6912105,-0.544144,GotSelection
37.22745,24,2,3,0,0.8104359,1.021677,0.26605,359.0807,118.2823,100.79,0.7249966,0.9279723,0.2163578,-1.091528,-0.6668784,-0.5426545,SelectionStart
37.22747,24,2,3,0,0.8104359,1.021677,0.26605,359.0807,118.2823,100.79,0.7249966,0.9279723,0.2163578,-1.091528,-0.6668784,-0.5426545,SelectionEnd
37.2308,24,2,3,0,0.8104359,1.021677,0.26605,359.0807,118.2823,100.79,0.7249966,0.9279723,0.2163578,-1.091528,-0.6668784,-0.5426545,GotSelection
37.24196,24,2,3,0,0.8085005,1.022029,0.2664749,359.0649,117.9502,100.7039,0.7262204,0.925333,0.2182845,-1.114724,-0.6316715,-0.5270986,SelectionStart
37.24197,24,2,3,0,0.8085005,1.022029,0.2664749,359.0649,117.9502,100.7039,0.7262204,0.925333,0.2182845,-1.114724,-0.6316715,-0.5270986,SelectionEnd
37.24525,24,2,3,0,0.8085005,1.022029,0.2664749,359.0649,117.9502,100.7039,0.7262204,0.925333,0.2182845,-1.114724,-0.6316715,-0.5270986,GotSelection
37.25516,24,2,3,0,0.8093364,1.021791,0.2663332,359.103,117.9555,100.727,0.7269181,0.9237615,0.2195804,-1.126284,-0.6166154,-0.5347052,SelectionStart
37.25519,24,2,3,0,0.8093364,1.021791,0.2663332,359.103,117.9555,100.727,0.7269181,0.9237615,0.2195804,-1.126284,-0.6166154,-0.5347052,SelectionEnd
37.25849,24,2,3,0,0.8093364,1.021791,0.2663332,359.103,117.9555,100.727,0.7269181,0.9237615,0.2195804,-1.126284,-0.6166154,-0.5347052,GotSelection
37.30351,24,2,3,0,0.8088152,1.021923,0.266977,359.1158,117.8315,100.7275,0.7298558,0.9206683,0.2238998,-1.149465,-0.5605504,-0.5230579,SelectionStart
37.30354,24,2,3,0,0.8088152,1.021923,0.266977,359.1158,117.8315,100.7275,0.7298558,0.9206683,0.2238998,-1.149465,-0.5605504,-0.5230579,SelectionEnd
37.30685,24,2,3,0,0.8088152,1.021923,0.266977,359.1158,117.8315,100.7275,0.7298558,0.9206683,0.2238998,-1.149465,-0.5605504,-0.5230579,GotSelection
37.31651,24,2,3,0,0.8088397,1.021752,0.2671497,359.135,117.8041,100.7434,0.7302153,0.9210825,0.2243968,-1.143058,-0.5566284,-0.5215092,SelectionStart
37.31653,24,2,3,0,0.8088397,1.021752,0.2671497,359.135,117.8041,100.7434,0.7302153,0.9210825,0.2243968,-1.143058,-0.5566284,-0.5215092,SelectionEnd
37.31982,24,2,3,0,0.8088397,1.021752,0.2671497,359.135,117.8041,100.7434,0.7302153,0.9210825,0.2243968,-1.143058,-0.5566284,-0.5215092,GotSelection
37.32966,24,2,3,0,0.8087484,1.021606,0.2674607,359.1412,117.7671,100.772,0.7309338,0.9213771,0.2250084,-1.13777,-0.5501046,-0.5159416,SelectionStart
37.32967,24,2,3,0,0.8087484,1.021606,0.2674607,359.1412,117.7671,100.772,0.7309338,0.9213771,0.2250084,-1.13777,-0.5501046,-0.5159416,SelectionEnd
37.33302,24,2,3,0,0.8087484,1.021606,0.2674607,359.1412,117.7671,100.772,0.7309338,0.9213771,0.2250084,-1.13777,-0.5501046,-0.5159416,GotSelection
37.34247,24,2,3,0,0.8086274,1.021472,0.2677572,359.1321,117.7556,100.8239,0.7313201,0.9219691,0.2252366,-1.130626,-0.5486071,-0.5112378,SelectionStart
37.34248,24,2,3,0,0.8086274,1.021472,0.2677572,359.1321,117.7556,100.8239,0.7313201,0.9219691,0.2252366,-1.130626,-0.5486071,-0.5112378,SelectionEnd
37.34589,24,2,3,0,0.8086274,1.021472,0.2677572,359.1321,117.7556,100.8239,0.7313201,0.9219691,0.2252366,-1.130626,-0.5486071,-0.5112378,GotSelection
37.3558,24,2,3,0,0.808606,1.021181,0.2681295,359.1209,117.7304,100.8623,0.7314948,0.9228898,0.2253218,-1.119074,-0.5516047,-0.508442,SelectionStart
37.35582,24,2,3,0,0.808606,1.021181,0.2681295,359.1209,117.7304,100.8623,0.7314948,0.9228898,0.2253218,-1.119074,-0.5516047,-0.508442,SelectionEnd
37.35922,24,2,3,0,0.808606,1.021181,0.2681295,359.1209,117.7304,100.8623,0.7314948,0.9228898,0.2253218,-1.119074,-0.5516047,-0.508442,GotSelection
37.36901,24,2,3,0,0.808464,1.020958,0.2685367,359.1126,117.6839,100.9103,0.7317557,0.9238166,0.2255466,-1.107878,-0.5522396,-0.5045117,SelectionStart
37.36903,24,2,3,0,0.808464,1.020958,0.2685367,359.1126,117.6839,100.9103,0.7317557,0.9238166,0.2255466,-1.107878,-0.5522396,-0.5045117,SelectionEnd
37.37235,24,2,3,0,0.808464,1.020958,0.2685367,359.1126,117.6839,100.9103,0.7317557,0.9238166,0.2255466,-1.107878,-0.5522396,-0.5045117,GotSelection
37.3848,24,2,3,0,0.8085284,1.020749,0.2686954,359.1068,117.6833,100.9323,0.7317601,0.9247939,0.2255189,-1.096538,-0.5560451,-0.5040892,SelectionStart
37.38487,24,2,3,0,0.8085284,1.020749,0.2686954,359.1068,117.6833,100.9323,0.7317601,0.9247939,0.2255189,-1.096538,-0.5560451,-0.5040892,SelectionEnd
37.38873,24,2,3,0,0.8085284,1.020749,0.2686954,359.1068,117.6833,100.9323,0.7317601,0.9247939,0.2255189,-1.096538,-0.5560451,-0.5040892,GotSelection
37.4002,24,2,3,0,0.8085442,1.020431,0.2690881,359.0914,117.6717,100.9759,0.7317806,0.9260592,0.2255285,-1.081628,-0.5615869,-0.5023886,SelectionStart
37.40022,24,2,3,0,0.8085442,1.020431,0.2690881,359.0914,117.6717,100.9759,0.7317806,0.9260592,0.2255285,-1.081628,-0.5615869,-0.5023886,SelectionEnd
37.40348,24,2,3,0,0.8085442,1.020431,0.2690881,359.0914,117.6717,100.9759,0.7317806,0.9260592,0.2255285,-1.081628,-0.5615869,-0.5023886,GotSelection
37.41316,24,2,3,0,0.808626,1.020234,0.2692438,359.0898,117.657,101.0065,0.7317591,0.9266459,0.225235,-1.074933,-0.5668749,-0.5012888,SelectionStart
37.41319,24,2,3,0,0.808626,1.020234,0.2692438,359.0898,117.657,101.0065,0.7317591,0.9266459,0.225235,-1.074933,-0.5668749,-0.5012888,SelectionEnd
37.41643,24,2,3,0,0.808626,1.020234,0.2692438,359.0898,117.657,101.0065,0.7317591,0.9266459,0.225235,-1.074933,-0.5668749,-0.5012888,GotSelection
37.42631,24,2,3,0,0.808718,1.020048,0.269429,359.0914,117.6276,101.0488,0.731662,0.9271831,0.2249406,-1.069082,-0.5723804,-0.500976,SelectionStart
37.42632,24,2,3,0,0.808718,1.020048,0.269429,359.0914,117.6276,101.0488,0.731662,0.9271831,0.2249406,-1.069082,-0.5723804,-0.500976,SelectionEnd
37.42963,24,2,3,0,0.808718,1.020048,0.269429,359.0914,117.6276,101.0488,0.731662,0.9271831,0.2249406,-1.069082,-0.5723804,-0.500976,GotSelection
37.44206,24,2,3,0,0.8090233,1.019803,0.2695698,359.0297,117.6606,101.1087,0.7316344,0.9278168,0.2246149,-1.061517,-0.5790528,-0.5021943,SelectionStart
37.44209,24,2,3,0,0.8090233,1.019803,0.2695698,359.0297,117.6606,101.1087,0.7316344,0.9278168,0.2246149,-1.061517,-0.5790528,-0.5021943,SelectionEnd
37.44553,24,2,3,0,0.8090233,1.019803,0.2695698,359.0297,117.6606,101.1087,0.7316344,0.9278168,0.2246149,-1.061517,-0.5790528,-0.5021943,GotSelection
37.48616,24,2,3,0,0.8092524,1.019509,0.269871,358.9632,117.7825,101.154,0.7315514,0.9291346,0.223621,-1.048105,-0.5954276,-0.4979884,SelectionStart
37.48618,24,2,3,0,0.8092524,1.019509,0.269871,358.9632,117.7825,101.154,0.7315514,0.9291346,0.223621,-1.048105,-0.5954276,-0.4979884,SelectionEnd
37.48946,24,2,3,0,0.8092524,1.019509,0.269871,358.9632,117.7825,101.154,0.7315514,0.9291346,0.223621,-1.048105,-0.5954276,-0.4979884,GotSelection
37.49974,24,2,3,0,0.8093638,1.019495,0.2697549,358.9758,117.7958,101.1376,0.7314668,0.9293707,0.2232319,-1.046216,-0.5996416,-0.4980306,SelectionStart
37.49976,24,2,3,0,0.8093638,1.019495,0.2697549,358.9758,117.7958,101.1376,0.7314668,0.9293707,0.2232319,-1.046216,-0.5996416,-0.4980306,SelectionEnd
37.50301,24,2,3,0,0.8093638,1.019495,0.2697549,358.9758,117.7958,101.1376,0.7314668,0.9293707,0.2232319,-1.046216,-0.5996416,-0.4980306,GotSelection
37.51362,24,2,3,0,0.8094844,1.019454,0.2695742,358.9976,117.7957,101.1227,0.7314633,0.9293602,0.2229714,-1.046174,-0.6012254,-0.498419,SelectionStart
37.51364,24,2,3,0,0.8094844,1.019454,0.2695742,358.9976,117.7957,101.1227,0.7314633,0.9293602,0.2229714,-1.046174,-0.6012254,-0.498419,SelectionEnd
37.51693,24,2,3,0,0.8094844,1.019454,0.2695742,358.9976,117.7957,101.1227,0.7314633,0.9293602,0.2229714,-1.046174,-0.6012254,-0.498419,GotSelection
37.52643,24,2,3,0,0.8096551,1.019454,0.2694238,359.0274,117.8023,101.1071,0.7313829,0.9296166,0.2223858,-1.0447,-0.6070445,-0.4980061,SelectionStart
37.52646,24,2,3,0,0.8096551,1.019454,0.2694238,359.0274,117.8023,101.1071,0.7313829,0.9296166,0.2223858,-1.0447,-0.6070445,-0.4980061,SelectionEnd
37.52991,24,2,3,0,0.8096551,1.019454,0.2694238,359.0274,117.8023,101.1071,0.7313829,0.9296166,0.2223858,-1.0447,-0.6070445,-0.4980061,GotSelection
37.54162,24,2,3,0,0.809697,1.019298,0.2694263,359.0591,117.7703,101.1117,0.7313783,0.9296966,0.222005,-1.043331,-0.6107153,-0.496508,SelectionStart
37.54163,24,2,3,0,0.809697,1.019298,0.2694263,359.0591,117.7703,101.1117,0.7313783,0.9296966,0.222005,-1.043331,-0.6107153,-0.496508,SelectionEnd
37.54491,24,2,3,0,0.809697,1.019298,0.2694263,359.0591,117.7703,101.1117,0.7313783,0.9296966,0.222005,-1.043331,-0.6107153,-0.496508,GotSelection
37.55441,24,2,3,0,0.8095581,1.019195,0.2694796,359.0647,117.7557,101.1155,0.7314242,0.9296858,0.2216581,-1.043046,-0.6133739,-0.4930368,SelectionStart
37.55442,24,2,3,0,0.8095581,1.019195,0.2694796,359.0647,117.7557,101.1155,0.7314242,0.9296858,0.2216581,-1.043046,-0.6133739,-0.4930368,SelectionEnd
37.5577,24,2,3,0,0.8095581,1.019195,0.2694796,359.0647,117.7557,101.1155,0.7314242,0.9296858,0.2216581,-1.043046,-0.6133739,-0.4930368,GotSelection
37.56686,24,2,3,0,0.8095637,1.019102,0.2694866,359.039,117.7449,101.1195,0.731449,0.9297901,0.2212417,-1.041638,-0.6172964,-0.4913773,SelectionStart
37.56687,24,2,3,0,0.8095637,1.019102,0.2694866,359.039,117.7449,101.1195,0.731449,0.9297901,0.2212417,-1.041638,-0.6172964,-0.4913773,SelectionEnd
37.57021,24,2,3,0,0.8095637,1.019102,0.2694866,359.039,117.7449,101.1195,0.731449,0.9297901,0.2212417,-1.041638,-0.6172964,-0.4913773,GotSelection
37.57999,24,2,3,0,0.8096137,1.019037,0.2695339,359.0265,117.7269,101.1495,0.7314243,0.9297246,0.2210301,-1.042353,-0.6192657,-0.4912717,SelectionStart
37.58001,24,2,3,0,0.8096137,1.019037,0.2695339,359.0265,117.7269,101.1495,0.7314243,0.9297246,0.2210301,-1.042353,-0.6192657,-0.4912717,SelectionEnd
37.58331,24,2,3,0,0.8096137,1.019037,0.2695339,359.0265,117.7269,101.1495,0.7314243,0.9297246,0.2210301,-1.042353,-0.6192657,-0.4912717,GotSelection
37.60858,24,2,3,0,0.809902,1.019022,0.2693501,359.0627,117.7143,101.1493,0.7315887,0.9293937,0.2206969,-1.046164,-0.6203836,-0.4913439,Nothing
37.61604,24,2,3,0,0.81019,1.019168,0.269214,359.0934,117.7207,101.1415,0.7316041,0.9293265,0.2205366,-1.048737,-0.6215993,-0.4931468,Nothing
37.62485,24,2,3,0,0.8101893,1.019208,0.2691498,359.1091,117.7132,101.1302,0.7315947,0.9294998,0.2204228,-1.047499,-0.622461,-0.4928267,Nothing
37.63319,24,2,3,0,0.8103443,1.019154,0.2691971,359.1202,117.7132,101.128,0.7315945,0.9294894,0.2204047,-1.047369,-0.6238749,-0.4937361,Nothing
37.64123,24,2,3,0,0.8103327,1.019144,0.2692318,359.125,117.6968,101.1368,0.731573,0.9296191,0.2202508,-1.046433,-0.6255608,-0.4930667,Nothing
37.65009,24,2,3,0,0.81032,1.019037,0.2692699,359.1212,117.6797,101.1438,0.7315316,0.9296467,0.2200916,-1.04548,-0.6274446,-0.4926727,Nothing
37.65775,24,2,3,0,0.81032,1.018989,0.2693377,359.1124,117.6678,101.1581,0.7315845,0.9299055,0.2198309,-1.043025,-0.630367,-0.4908997,Nothing
37.66785,24,2,3,0,0.8101861,1.01898,0.2694749,359.0892,117.658,101.1797,0.7316549,0.9300309,0.2196304,-1.042157,-0.6322339,-0.4879365,Nothing
37.67468,24,2,3,0,0.8101564,1.018868,0.269522,359.0786,117.662,101.1947,0.7316542,0.9300273,0.2195122,-1.041447,-0.6335496,-0.4869849,Nothing
37.68742,24,2,3,0,0.8100588,1.018777,0.269576,359.0635,117.676,101.2117,0.7317241,0.9301408,0.2193191,-1.039805,-0.6351885,-0.484301,Nothing
37.70044,24,2,3,0,0.8100669,1.018743,0.2695736,359.0629,117.6753,101.2127,0.7316775,0.930124,0.2191223,-1.040035,-0.6371763,-0.4838926,Nothing
37.70805,24,2,3,0,0.8100318,1.01872,0.2695893,359.0713,117.6834,101.2056,0.731708,0.9302124,0.2190199,-1.039091,-0.6383153,-0.4824729,Nothing
37.7163,24,2,3,0,0.8100461,1.018737,0.2694957,359.0923,117.6726,101.1858,0.7317374,0.9302562,0.2188513,-1.038881,-0.6391997,-0.4818039,Nothing
37.72498,24,2,3,0,0.8099797,1.018833,0.2694123,359.1193,117.6532,101.1626,0.7317703,0.9303257,0.2188145,-1.038912,-0.6384926,-0.4809921,Nothing
37.73298,24,2,3,0,0.8100798,1.018835,0.2693837,359.1377,117.6499,101.1632,0.7318166,0.9302699,0.218747,-1.039757,-0.6389071,-0.4810605,Nothing
37.74139,24,2,3,0,0.8100841,1.018834,0.2693954,359.145,117.6347,101.1683,0.7318294,0.9303349,0.2187191,-1.039256,-0.6391225,-0.4808942,Nothing
37.74961,24,2,3,0,0.8099987,1.018874,0.2694033,359.1472,117.6221,101.1657,0.7319278,0.9302617,0.218717,-1.040226,-0.6380722,-0.4793499,Nothing
37.7579,24,2,3,0,0.8100685,1.018818,0.2695115,359.1251,117.6557,101.1822,0.7319284,0.9303059,0.2187231,-1.039526,-0.6395025,-0.4793372,Nothing
37.76742,24,2,3,0,0.8100343,1.018824,0.2695068,359.1146,117.6731,101.1794,0.7319115,0.9304034,0.2187096,-1.038524,-0.6398858,-0.4790367,Nothing
37.77548,24,2,3,0,0.8099955,1.018847,0.2694942,359.1072,117.6679,101.1775,0.7319033,0.9304491,0.2187553,-1.038082,-0.6392751,-0.479223,Nothing
37.78266,24,2,3,0,0.8099213,1.018877,0.2695428,359.1024,117.6664,101.1787,0.7318667,0.9305925,0.2186998,-1.037079,-0.6402193,-0.4784677,Nothing
37.79175,24,2,3,0,0.8099131,1.018876,0.2694665,359.0952,117.6856,101.163,0.7318566,0.9306076,0.2186667,-1.036638,-0.640326,-0.4785229,Nothing
37.79969,24,2,3,0,0.8098949,1.018925,0.2693994,359.092,117.6905,101.1466,0.731826,0.9307639,0.2186179,-1.035336,-0.6407745,-0.478684,Nothing
37.80777,24,2,3,0,0.8099197,1.019006,0.269328,359.1065,117.6919,101.1325,0.7318245,0.9309011,0.2185611,-1.034739,-0.6411212,-0.4787345,Nothing
37.81632,24,2,3,0,0.8100029,1.019093,0.2691169,359.099,117.7193,101.1061,0.73176,0.9310529,0.2184391,-1.033728,-0.6418581,-0.480201,Nothing
37.8244,24,2,3,0,0.8099712,1.019172,0.2691275,359.1055,117.7166,101.0903,0.7317258,0.9311883,0.218399,-1.033136,-0.6426814,-0.4799123,Nothing
37.83356,24,2,3,0,0.8099931,1.019216,0.2690627,359.1172,117.7078,101.0775,0.7317041,0.9313334,0.2183667,-1.032031,-0.6429386,-0.4803909,Nothing
37.84145,24,2,3,0,0.8098819,1.019313,0.2690416,359.1143,117.697,101.0658,0.7316527,0.9314608,0.2183355,-1.031519,-0.642938,-0.4799978,Nothing
37.85094,24,2,3,0,0.8098938,1.019221,0.2691023,359.1147,117.7029,101.065,0.7316705,0.9312968,0.2183813,-1.032271,-0.6429616,-0.4797956,Nothing
37.85789,24,2,3,0,0.8098697,1.019228,0.2691144,359.1068,117.6998,101.0661,0.731635,0.9312438,0.2183691,-1.032867,-0.6430791,-0.4799601,Nothing
37.8667,24,2,3,0,0.8098975,1.019123,0.2691503,359.0952,117.7144,101.0833,0.7316099,0.9312174,0.218331,-1.032383,-0.6439593,-0.4800429,Nothing
37.87448,24,2,3,0,0.8099316,1.019105,0.26915,359.0945,117.7261,101.0874,0.7315674,0.9310837,0.2182688,-1.033768,-0.6446621,-0.4803,Nothing
37.88294,24,2,3,0,0.809978,1.019113,0.2691202,359.1087,117.732,101.0853,0.7315527,0.930962,0.2181875,-1.035308,-0.6452112,-0.4803213,Nothing
37.89094,24,2,3,0,0.8100609,1.019154,0.2690166,359.1329,117.742,101.0792,0.7314761,0.9307918,0.2180904,-1.037683,-0.6456372,-0.4813032,Nothing
37.89944,24,2,3,0,0.8101172,1.019178,0.2689224,359.1667,117.7314,101.0599,0.7314482,0.9307397,0.217963,-1.03862,-0.6463869,-0.4815443,Nothing
37.90762,24,2,3,0,0.8102385,1.019216,0.2688338,359.1942,117.7388,101.0496,0.7313734,0.9307367,0.2177637,-1.039498,-0.6484078,-0.4822554,Nothing
37.91674,24,2,3,0,0.8102296,1.019233,0.2687972,359.2118,117.7166,101.0358,0.7313851,0.9306927,0.2175604,-1.040341,-0.6497126,-0.4813367,Nothing
37.92441,24,2,3,0,0.810224,1.019219,0.2688295,359.2289,117.714,101.0321,0.7314592,0.9307351,0.2172923,-1.040352,-0.6521258,-0.4789543,Nothing
37.93395,24,2,3,0,0.8102283,1.019216,0.2688147,359.2425,117.7036,101.0249,0.7314962,0.9307949,0.217058,-1.0401,-0.6540654,-0.477549,Nothing
37.94151,24,2,3,0,0.8102273,1.019191,0.2688189,359.2636,117.6886,101.0198,0.7315437,0.9309413,0.2167849,-1.038934,-0.6565664,-0.4756644,Nothing
37.94987,24,2,3,0,0.8102295,1.019144,0.2688605,359.2956,117.6754,101.0163,0.7316942,0.9310873,0.2165317,-1.037598,-0.6587715,-0.4725985,Nothing
37.95867,24,2,3,0,0.8102019,1.019104,0.2688712,359.335,117.6262,101.005,0.7317829,0.9312839,0.2162369,-1.035793,-0.6611508,-0.4701861,Nothing
37.96613,24,2,3,0,0.8101051,1.019134,0.2689229,359.361,117.582,100.9975,0.7318473,0.9315072,0.2159714,-1.03434,-0.6633371,-0.4674584,Nothing
37.97437,24,2,3,0,0.8099936,1.019078,0.2689298,359.4382,117.463,100.9704,0.732023,0.9318859,0.2154405,-1.030807,-0.6670608,-0.4628461,Nothing
37.9832,24,2,3,0,0.8099617,1.01905,0.2689185,359.5159,117.3853,100.9501,0.7321897,0.9322581,0.2149823,-1.027676,-0.6705326,-0.4588699,Nothing
37.99194,24,2,3,0,0.809993,1.018979,0.2687896,359.6042,117.3257,100.9302,0.7323269,0.9327566,0.2143999,-1.023041,-0.6749427,-0.4552745,Nothing
38.00148,24,2,3,0,0.8102815,1.018933,0.2685917,359.7904,117.258,100.8966,0.7325437,0.9333673,0.2138096,-1.018154,-0.6798314,-0.4522274,Nothing
38.01649,24,2,3,0,0.8107564,1.018863,0.2682365,0.1181316,117.1481,100.8216,0.7331415,0.9348053,0.2125482,-1.005946,-0.6902409,-0.4435838,Nothing
38.02507,24,2,3,0,0.8111563,1.018792,0.2679987,0.3930549,117.0402,100.7697,0.7337315,0.9364228,0.2113326,-0.9917816,-0.7010179,-0.4349465,Nothing
38.03331,24,2,3,0,0.8114743,1.018724,0.2678706,0.6258302,116.9214,100.7259,0.7341045,0.9377165,0.2105262,-0.9802458,-0.7089494,-0.4298446,Nothing
38.04146,24,2,3,0,0.8116648,1.018658,0.2678314,0.8292379,116.7847,100.6924,0.7345495,0.9392008,0.2095715,-0.9668569,-0.7181988,-0.4226903,Nothing
38.0499,24,2,3,0,0.8118511,1.018565,0.2678009,1.029729,116.6576,100.6641,0.7349289,0.9407718,0.2085693,-0.9524869,-0.7284467,-0.4158904,Nothing
38.05827,24,2,3,0,0.8120574,1.018392,0.2679355,1.294299,116.4017,100.6613,0.7355539,0.942755,0.2073397,-0.9341871,-0.7407203,-0.4066502,Nothing
38.06695,24,2,3,0,0.8122383,1.018275,0.2680439,1.577657,116.1305,100.649,0.7362707,0.9442641,0.206212,-0.9208041,-0.7504243,-0.3970368,Nothing
38.07479,24,2,3,0,0.8125315,1.018082,0.2681081,1.937457,115.7697,100.6379,0.7369832,0.9462777,0.2050169,-0.9021621,-0.7612602,-0.3892511,Nothing
38.08463,24,2,3,0,0.813042,1.017724,0.2681415,2.532757,115.1873,100.6293,0.7382466,0.949311,0.202904,-0.8739673,-0.7791677,-0.3760199,Nothing
38.10133,24,2,3,0,0.8144812,1.017062,0.2679875,3.894993,113.8832,100.5731,0.7400632,0.9536647,0.2000257,-0.8346644,-0.8018106,-0.3685904,Nothing
38.11048,24,2,3,0,0.815696,1.016722,0.2674464,4.901211,113.078,100.433,0.741223,0.9560067,0.1984644,-0.8136584,-0.8113118,-0.3686369,Nothing
38.12601,24,2,3,0,0.818182,1.016114,0.2664398,6.776917,111.6822,100.103,0.7439633,0.9605548,0.1955973,-0.7717175,-0.8288109,-0.3666453,Nothing
38.13382,24,2,3,0,0.8198693,1.015721,0.265666,7.972636,110.878,99.84221,0.7453269,0.9628549,0.1942162,-0.7506088,-0.8360776,-0.3716059,Nothing
38.14264,24,2,3,0,0.8211846,1.015351,0.2652807,8.989164,110.1155,99.62366,0.7467342,0.9651618,0.1928054,-0.7290496,-0.8455147,-0.3732799,Nothing
38.14987,24,2,3,0,0.8229466,1.014643,0.2649129,10.46297,108.9448,99.28954,0.7489253,0.9685467,0.1907944,-0.6954169,-0.8593682,-0.3755666,Nothing
38.15839,24,2,3,0,0.8237484,1.014115,0.2650589,11.36859,108.1367,99.08955,0.7507722,0.9708038,0.1890797,-0.6714753,-0.8732556,-0.3699715,Nothing
38.16786,24,2,3,0,0.8242998,1.01348,0.2655866,12.1603,107.308,98.92382,0.7524498,0.9730084,0.1874984,-0.646851,-0.8890688,-0.3654473,Nothing
38.18339,24,2,3,0,0.8243821,1.012308,0.2672772,13.4687,105.7549,98.70158,0.756179,0.9770095,0.1839711,-0.5995538,-0.9268373,-0.3429517,Nothing
38.19176,24,2,3,0,0.824042,1.011824,0.2681966,14.01719,104.9857,98.58794,0.7579795,0.9787051,0.1820635,-0.5784241,-0.9473535,-0.3293634,Nothing
38.2002,24,2,3,0,0.8235832,1.011323,0.2690742,14.52431,104.2281,98.42409,0.7601673,0.9802687,0.1801643,-0.5557505,-0.9672542,-0.3118073,Nothing
38.20837,24,2,3,0,0.8233423,1.01079,0.2695954,15.15871,103.4314,98.20342,0.7620689,0.9819348,0.1784143,-0.5324838,-0.9840652,-0.3013184,Nothing
38.21733,24,2,3,0,0.8230886,1.010179,0.2703963,16.14508,102.2042,97.79308,0.7649513,0.9841295,0.1758613,-0.5012706,-1.009371,-0.2871078,Nothing
38.22664,24,2,3,0,0.8235215,1.009995,0.2702909,17.08603,101.2586,97.2873,0.7667245,0.9853688,0.1742775,-0.4842946,-1.020608,-0.2865905,Nothing
38.24322,24,2,3,0,0.8255941,1.008963,0.26974,19.2294,99.26006,96.19012,0.770753,0.9881823,0.1712908,-0.4434884,-1.039547,-0.2989576,Nothing
38.25925,24,2,3,0,0.8288684,1.008271,0.2691833,21.60426,97.0144,94.93403,0.7751111,0.9910665,0.1683668,-0.4097414,-1.056465,-0.324679,Nothing
38.26741,24,2,3,0,0.8303614,1.007438,0.2692625,23.36539,95.17193,93.89381,0.7783195,0.9931403,0.1660365,-0.3797245,-1.073362,-0.3404065,Nothing
38.27596,24,2,3,0,0.8314927,1.006382,0.2694147,24.67831,93.67805,93.06272,0.7803593,0.9941885,0.1643501,-0.3601911,-1.085417,-0.3586155,Nothing
38.29279,24,2,3,0,0.8339473,1.00468,0.2692209,27.13604,90.7259,91.26901,0.7845344,0.9962361,0.1610107,-0.3247021,-1.103324,-0.3968424,Nothing
38.3009,24,2,3,0,0.8352746,1.003763,0.2691032,28.39318,89.09063,90.21913,0.7865091,0.9970224,0.1594036,-0.3097275,-1.109927,-0.4205234,Nothing
38.30818,24,2,3,0,0.8365706,1.002575,0.2687166,29.6741,87.44212,89.05489,0.7885943,0.997884,0.1577925,-0.2903236,-1.113603,-0.4450217,Nothing
38.31673,24,2,3,0,0.8381608,1.001481,0.2685019,30.98599,85.66486,87.80123,0.7904651,0.9986386,0.1564929,-0.2765812,-1.114082,-0.475074,Nothing
38.32574,24,2,3,0,0.8404348,0.9998961,0.2682481,32.25125,83.87469,86.52143,0.7925949,0.9992734,0.1552026,-0.2629727,-1.11262,-0.5110832,Nothing
38.33335,24,2,3,0,0.8424497,0.9992534,0.2677367,33.50683,82.02637,85.14514,0.7945269,1.000024,0.1540226,-0.2568173,-1.106767,-0.5422376,Nothing
38.34238,24,2,3,0,0.8452914,0.9974626,0.267407,35.25835,79.17995,82.97325,0.7974854,1.00112,0.1522154,-0.2406039,-1.100421,-0.5928425,Nothing
38.35806,24,2,3,0,0.848717,0.9949379,0.2667028,37.43091,75.17099,79.7048,0.8014099,1.00237,0.1500298,-0.2183724,-1.083592,-0.6584724,Nothing
38.3672,24,2,3,0,0.8510702,0.9931118,0.2663709,38.53174,72.99178,77.87012,0.8032563,1.002943,0.148944,-0.2100651,-1.070945,-0.7014903,Nothing
38.37527,24,2,3,0,0.8530871,0.991529,0.2659123,39.55701,70.75339,75.92616,0.8051425,1.00355,0.1478917,-0.2015005,-1.056206,-0.740133,Nothing
38.38364,24,2,3,0,0.8554473,0.9897912,0.2654586,40.54433,68.37462,73.83805,0.8069288,1.004168,0.1467847,-0.1963043,-1.038756,-0.7840604,Nothing
38.39147,24,2,3,0,0.8576365,0.9880346,0.2649022,41.4777,65.94875,71.69196,0.8088102,1.004792,0.1458442,-0.1910472,-1.017679,-0.8249033,Nothing
38.40117,24,2,3,0,0.8610882,0.9850558,0.2643771,42.77385,62.17614,68.30796,0.811636,1.005734,0.1445097,-0.1851278,-0.9841303,-0.8897534,Nothing
38.41672,24,2,3,0,0.8652192,0.980731,0.2640539,44.24106,57.034,63.68609,0.8151405,1.007216,0.1433343,-0.1788461,-0.9310303,-0.9756886,Nothing
38.42493,24,2,3,0,0.8672569,0.9786808,0.2640941,44.84008,54.47577,61.39305,0.8169734,1.008027,0.1428426,-0.1777108,-0.904143,-1.016799,Nothing
38.43326,24,2,3,0,0.8689104,0.9767255,0.2640285,45.33673,52.15369,59.23825,0.8187,1.008767,0.142395,-0.1746513,-0.8785341,-1.05201,Nothing
38.44247,24,2,3,0,0.8706347,0.9748412,0.2640039,45.72651,49.75845,57.03284,0.8204694,1.00948,0.1419073,-0.1736133,-0.8518288,-1.087473,Nothing
38.44985,24,2,3,0,0.8723233,0.9726532,0.263959,46.05979,47.3126,54.7524,0.8220706,1.010174,0.1416456,-0.1734433,-0.8200862,-1.124189,Nothing
38.4592,24,2,3,0,0.8743924,0.9699535,0.2637952,46.37624,43.90357,51.51661,0.8245447,1.011356,0.1412524,-0.170661,-0.7750703,-1.1705,Nothing
38.47593,24,2,3,0,0.8770909,0.9660788,0.2634292,46.56901,39.51406,47.2564,0.8278646,1.012836,0.1409306,-0.1670377,-0.7095513,-1.228886,Nothing
38.48357,24,2,3,0,0.8785992,0.9640537,0.2635541,46.58721,37.20126,45.06541,0.8295604,1.013766,0.140658,-0.1683984,-0.6759332,-1.262615,Nothing
38.49174,24,2,3,0,0.8799752,0.9620882,0.2633384,46.54797,35.0994,43.0253,0.831027,1.014667,0.1406193,-0.1702904,-0.6387166,-1.291334,Nothing
38.49986,24,2,3,0,0.8810976,0.9602503,0.2635638,46.49601,32.98921,40.97541,0.8324459,1.015594,0.1405967,-0.172748,-0.6056653,-1.319933,Nothing
38.50832,24,2,3,0,0.8820995,0.9578623,0.2637107,46.42259,30.98188,39.0363,0.8341348,1.016488,0.1404586,-0.1702178,-0.5715474,-1.350026,Nothing
38.51685,24,2,3,0,0.8831369,0.9557915,0.2642411,46.40897,29.14536,37.30468,0.8354129,1.017481,0.140436,-0.1742583,-0.5420573,-1.379931,Nothing
38.5249,24,2,3,0,0.8845196,0.9536757,0.2645455,46.30745,27.22233,35.47247,0.8369373,1.018406,0.1403262,-0.1807293,-0.5087421,-1.409333,Nothing
38.53395,24,2,3,0,0.8857992,0.950826,0.2655343,46.19881,24.72378,33.15977,0.8389755,1.019778,0.1402574,-0.1866021,-0.4695884,-1.449524,Nothing
38.54183,24,2,3,0,0.8865834,0.9489903,0.266154,46.05916,23.08397,31.63935,0.8401012,1.020713,0.1402858,-0.1928377,-0.4411339,-1.475588,Nothing
38.55076,24,2,3,0,0.8874446,0.9479801,0.2665437,46.07185,22.21709,30.84933,0.8403625,1.021375,0.1405542,-0.2046586,-0.4232646,-1.490767,Nothing
38.56628,24,2,3,0,0.8881805,0.9463914,0.2670275,45.90486,20.45038,29.09821,0.8418139,1.022928,0.140786,-0.2090408,-0.3895275,-1.515479,Nothing
38.57462,24,2,3,0,0.8881423,0.9466006,0.2666278,45.86157,20.3675,28.88884,0.8427406,1.024045,0.1407986,-0.1963317,-0.3818028,-1.517338,Nothing
38.58298,24,2,3,0,0.8882842,0.9464726,0.2662617,45.8077,20.14572,28.52972,0.8432933,1.02495,0.1406312,-0.1904095,-0.3722575,-1.52299,Nothing
38.59148,24,2,3,0,0.888486,0.9463251,0.2657349,45.65832,19.69969,27.91723,0.844292,1.026039,0.1406016,-0.1820406,-0.3560685,-1.527871,Nothing
38.60029,24,2,3,0,0.888847,0.9462984,0.265133,45.57653,19.56106,27.63213,0.8448901,1.026718,0.1404857,-0.1774603,-0.3458789,-1.52975,Nothing
38.60838,24,2,3,0,0.8889463,0.9466767,0.2645249,45.56565,19.79674,27.67196,0.8456486,1.027822,0.1404451,-0.1638104,-0.3406141,-1.529684,Nothing
38.61706,24,2,3,0,0.8891048,0.9467467,0.2641428,45.51403,19.69606,27.44777,0.846405,1.028509,0.1401076,-0.1561255,-0.3360417,-1.532792,Nothing
38.62445,24,2,3,0,0.8889074,0.9470497,0.2637194,45.46046,19.60874,27.20459,0.847312,1.029114,0.1398039,-0.1441941,-0.3341255,-1.531892,Nothing
38.63432,24,2,3,0,0.8889231,0.9473307,0.2634225,45.36309,19.51161,27.05105,0.8482114,1.029798,0.1393995,-0.1342925,-0.3313943,-1.534068,Nothing
38.64952,24,2,3,0,0.8889198,0.9478668,0.2626072,45.16216,19.23395,26.63211,0.8501406,1.031193,0.1384694,-0.1137987,-0.3243313,-1.537814,Nothing
38.65834,24,2,3,0,0.8891591,0.9478422,0.2622554,44.9354,18.78696,26.15228,0.8517326,1.03222,0.1377162,-0.101338,-0.314596,-1.546546,Nothing
38.66647,24,2,3,0,0.8892749,0.9477279,0.2620074,44.77373,18.40329,25.75571,0.8528445,1.032807,0.1371396,-0.09349375,-0.307744,-1.552686,Nothing
38.67427,24,2,3,0,0.8895712,0.9472677,0.2620238,44.59264,17.80525,25.18212,0.8541028,1.033486,0.136502,-0.08815908,-0.298099,-1.564543,Nothing
38.68274,24,2,3,0,0.8895437,0.9470218,0.2619336,44.41137,17.20853,24.56916,0.8553292,1.034149,0.1358636,-0.08070814,-0.289766,-1.573406,Nothing
38.69144,24,2,3,0,0.8900313,0.9460505,0.2621694,44.13506,16.23032,23.66023,0.8567004,1.034746,0.1350969,-0.08094361,-0.2740754,-1.591641,Nothing
38.70084,24,2,3,0,0.8901906,0.9457555,0.2625569,43.918,15.53849,22.98424,0.8581651,1.03547,0.134312,-0.07480355,-0.2678043,-1.605884,Nothing
38.70818,24,2,3,0,0.8905382,0.9448662,0.2621782,43.58325,14.5979,22.0844,0.8595769,1.036162,0.1335852,-0.07289676,-0.2460889,-1.619392,Nothing
38.71637,24,2,3,0,0.8911973,0.9432821,0.2624007,42.97919,13.03214,20.58971,0.861412,1.037012,0.1326345,-0.07729378,-0.2128216,-1.64561,Nothing
38.72451,24,2,3,0,0.8920743,0.9419366,0.2623305,42.50014,11.92502,19.54008,0.8628713,1.037703,0.1319391,-0.08275478,-0.183464,-1.665022,Nothing
38.73291,24,2,3,0,0.8924912,0.9407657,0.2626751,41.94741,10.72981,18.46333,0.8643129,1.038393,0.1312629,-0.0867348,-0.1560606,-1.685252,Nothing
38.74126,24,2,3,0,0.8929867,0.9396192,0.2629879,41.41719,9.634223,17.48233,0.8653296,1.039108,0.1307575,-0.09502763,-0.1272532,-1.704215,Nothing
38.75018,24,2,3,0,0.8932528,0.9381559,0.2637513,40.58962,8.204268,16.25187,0.8667156,1.039844,0.1302322,-0.1026897,-0.08936444,-1.728123,Nothing
38.75861,24,2,3,0,0.8934521,0.9374074,0.2641246,39.84932,6.999774,15.20271,0.8677106,1.040609,0.1299255,-0.112274,-0.05542651,-1.742458,Nothing
38.76727,24,2,3,0,0.8938279,0.9356775,0.264811,38.67041,5.212342,13.65476,0.8697278,1.041761,0.1293349,-0.1227665,-3.32923E-05,-1.768294,Nothing
38.784,24,2,3,0,0.894097,0.933862,0.2655654,36.97031,3.079092,11.79116,0.8728491,1.043625,0.1288731,-0.128305,0.07806376,-1.795283,Nothing
38.79222,24,2,3,0,0.8942057,0.9330486,0.2657288,36.1777,2.200637,10.987,0.8740214,1.044575,0.1292047,-0.1319239,0.1195142,-1.801427,Nothing
38.80762,24,2,3,0,0.8950704,0.9305847,0.265728,34.55831,0.6725438,9.467672,0.8764533,1.046326,0.1298195,-0.140892,0.2107646,-1.813413,Nothing
38.81615,24,2,3,0,0.895207,0.9301161,0.2651847,33.76516,0.1880668,8.887261,0.8774342,1.04725,0.1304731,-0.1392631,0.2538214,-1.807142,Nothing
38.82433,24,2,3,0,0.8954738,0.9298717,0.2645408,32.94099,359.7895,8.370106,0.87839,1.048135,0.1312349,-0.1375799,0.296559,-1.796851,Nothing
38.83288,24,2,3,0,0.8956597,0.9296149,0.2635771,32.10928,359.5001,7.897403,0.8790745,1.04903,0.1322677,-0.1351059,0.3424884,-1.780945,Nothing
38.8419,24,2,3,0,0.8961158,0.9289387,0.2621657,30.87121,359.0219,7.17241,0.8800161,1.050276,0.1339904,-0.1360088,0.4132809,-1.754956,Nothing
38.84939,24,2,3,0,0.8966071,0.9286585,0.2612464,30.01469,358.8412,6.79223,0.8770499,1.050642,0.1365329,-0.1712016,0.4668106,-1.720479,Nothing
38.85845,24,2,3,0,0.8968127,0.928752,0.2600595,29.24491,358.7663,6.508575,0.8768353,1.05141,0.1387129,-0.1734611,0.5122957,-1.687428,Nothing
38.86665,24,2,3,0,0.8973209,0.9290169,0.2590115,28.52501,358.7024,6.287735,0.8767477,1.052813,0.1406086,-0.1771392,0.5579783,-1.659964,Nothing
38.87489,24,2,3,0,0.8974033,0.9298776,0.2577355,28.00081,358.8913,6.298945,0.8764219,1.053541,0.142828,-0.1732071,0.5881585,-1.623496,Nothing
38.88345,24,2,3,0,0.8974094,0.9304885,0.2565851,27.42145,359.025,6.260316,0.8762141,1.054259,0.1448626,-0.1690154,0.6198097,-1.589812,Nothing
38.8912,24,2,3,0,0.8974677,0.931404,0.2551107,26.90484,359.2912,6.314027,0.8756044,1.055081,0.1474897,-0.1659322,0.6518269,-1.547506,Nothing
38.8998,24,2,3,0,0.8975403,0.9327705,0.2528302,26.11511,359.7029,6.396897,0.8748974,1.055603,0.1516825,-0.1600584,0.6936645,-1.477058,Nothing
38.90825,24,2,3,0,0.8975083,0.9339213,0.2511691,25.62479,0.1002223,6.548677,0.8733989,1.055615,0.1539995,-0.163884,0.713836,-1.431116,Nothing
38.91679,24,2,3,0,0.8977289,0.9354107,0.2492321,25.20167,0.5381941,6.772308,0.8721815,1.055921,0.156557,-0.1663983,0.7335432,-1.381142,Nothing
38.92403,24,2,3,0,0.8977093,0.9366705,0.2473824,24.74813,0.9861485,6.971299,0.8710179,1.056034,0.1589639,-0.1666777,0.7521601,-1.333103,Nothing
38.93419,24,2,3,0,0.8976948,0.9378786,0.2457257,24.33929,1.409498,7.178195,0.8696692,1.056299,0.1613237,-0.169722,0.770309,-1.288606,Nothing
38.94979,24,2,3,0,0.8967944,0.9401765,0.243235,23.4216,1.966498,7.487379,0.8677042,1.056408,0.1661809,-0.1667614,0.8003009,-1.201586,Nothing
38.95855,24,2,3,0,0.8967268,0.9409225,0.2424086,22.97051,2.080869,7.568975,0.8665434,1.056576,0.1685688,-0.1741111,0.8182318,-1.163864,Nothing
38.96645,24,2,3,0,0.8964326,0.9420024,0.2411071,22.29436,2.198526,7.654781,0.8647381,1.056891,0.1720142,-0.1851915,0.8447472,-1.107829,Nothing
38.9745,24,2,3,0,0.896548,0.9420366,0.2413962,21.93193,1.96683,7.55722,0.8631745,1.057266,0.1744782,-0.2047635,0.8657212,-1.082822,Nothing
38.98373,24,2,3,0,0.8966263,0.9420875,0.2411281,21.56698,1.813837,7.429665,0.8617167,1.057263,0.176979,-0.222762,0.8843813,-1.050719,Nothing
39.0015,24,2,3,0,0.8968335,0.9423936,0.24046,20.84433,1.684124,7.231736,0.859278,1.057336,0.182018,-0.2517889,0.9188129,-0.9847329,Nothing
39.01846,24,2,3,0,0.89746,0.9419217,0.2394792,19.9031,1.515082,6.85219,0.8557116,1.057509,0.1891044,-0.2982685,0.9725795,-0.8950773,Nothing
39.03256,24,2,3,0,0.8979698,0.9415464,0.2383173,19.13564,1.496657,6.565423,0.8531309,1.057609,0.1948208,-0.3319437,1.013901,-0.8185101,Nothing
39.0416,24,2,3,0,0.898313,0.9415485,0.2376633,18.74959,1.552393,6.475932,0.8518986,1.057716,0.1978468,-0.348,1.033432,-0.77759,Nothing
39.04941,24,2,3,0,0.8985483,0.941542,0.2367873,18.37323,1.642643,6.399509,0.8508284,1.058045,0.2006734,-0.3608105,1.054262,-0.7373846,Nothing
39.05792,24,2,3,0,0.8987708,0.941589,0.2359553,18.02645,1.74228,6.353261,0.8499728,1.058669,0.2034701,-0.3707057,1.076245,-0.6990149,Nothing
39.06621,24,2,3,0,0.8993357,0.9418683,0.2350805,17.75358,1.850656,6.349863,0.8492318,1.059328,0.2061861,-0.3825635,1.095401,-0.6617059,Nothing
39.07465,24,2,3,0,0.8995424,0.9420411,0.2343957,17.49517,1.949391,6.332399,0.8486091,1.060119,0.2089085,-0.3898388,1.115258,-0.6268415,Nothing
39.08334,24,2,3,0,0.8998527,0.9421051,0.2340007,17.28077,2.001297,6.334627,0.8475304,1.060987,0.2116311,-0.402591,1.136145,-0.5958516,Nothing
39.09214,24,2,3,0,0.9001234,0.9424685,0.233442,17.01309,2.077154,6.357609,0.8468996,1.06257,0.2157373,-0.4095277,1.165581,-0.5499197,Nothing
39.10124,24,2,3,0,0.900218,0.9426847,0.2330805,16.81278,2.14143,6.365729,0.8462972,1.063755,0.2185346,-0.4151313,1.186855,-0.5188891,Nothing
39.11338,24,2,3,0,0.9004383,0.9431909,0.2326023,16.57504,2.212951,6.428661,0.8457687,1.065648,0.2228365,-0.4197907,1.217492,-0.4724456,Nothing
39.12656,24,2,3,0,0.9008639,0.9438141,0.2316795,16.30177,2.35377,6.509534,0.8451915,1.067546,0.2272101,-0.4268034,1.248652,-0.4204375,Nothing
39.1415,24,2,3,0,0.9009653,0.9446229,0.2304514,15.96405,2.600033,6.620115,0.8443273,1.070091,0.2331454,-0.4326932,1.289472,-0.3508511,Nothing
39.15015,24,2,3,0,0.9012577,0.9451382,0.2293657,15.71811,2.803903,6.684977,0.8436684,1.071972,0.2376647,-0.4401829,1.320899,-0.2967978,Nothing
39.15768,24,2,3,0,0.9013995,0.9455352,0.2287985,15.54896,2.911643,6.739852,0.8432786,1.073313,0.240753,-0.4439614,1.341822,-0.2611132,Nothing
39.16868,24,2,3,0,0.9016109,0.9458041,0.2281509,15.39216,3.022776,6.772974,0.8427632,1.074567,0.2438986,-0.4503515,1.363313,-0.2245129,Nothing
39.18291,24,2,3,0,0.9020441,0.9462709,0.2268909,15.07983,3.22658,6.806475,0.8415359,1.076932,0.2506029,-0.4665768,1.40609,-0.1471387,Nothing
39.19093,24,2,3,0,0.9023314,0.9463371,0.2262448,14.94438,3.328352,6.788558,0.8411305,1.078321,0.2538678,-0.4739376,1.430186,-0.1104397,Nothing
39.19936,24,2,3,0,0.9026381,0.9464071,0.2255808,14.81294,3.431424,6.772268,0.8407121,1.079912,0.2570455,-0.4815142,1.455924,-0.07499585,Nothing
39.20779,24,2,3,0,0.902963,0.9463593,0.2250437,14.69403,3.503422,6.729342,0.8405221,1.081447,0.2603381,-0.4875609,1.4817,-0.0395885,Nothing
39.21603,24,2,3,0,0.9032547,0.9463176,0.2244966,14.55824,3.548186,6.674932,0.8404552,1.083036,0.2636276,-0.4922473,1.50762,-0.003322997,Nothing
39.22419,24,2,3,0,0.9038078,0.9461626,0.2238186,14.36863,3.603417,6.585738,0.8403282,1.085397,0.2686729,-0.5009803,1.546914,0.0504801,Nothing
39.23341,24,2,3,0,0.9041833,0.9459205,0.2235147,14.25378,3.595829,6.494787,0.840536,1.087231,0.272444,-0.5042023,1.57704,0.08842557,Nothing
39.24218,24,2,3,0,0.9046857,0.9455706,0.2232627,14.13648,3.578092,6.375768,0.8405359,1.088807,0.276048,-0.5117049,1.605067,0.1246847,Nothing
39.26328,24,2,3,0,0.9054345,0.9449814,0.2224943,13.89952,3.613656,6.187494,0.8402598,1.091717,0.283357,-0.5270411,1.658401,0.2012491,Nothing
39.26785,24,2,3,0,0.9059684,0.9446084,0.2218805,13.7242,3.648816,6.059803,0.8400646,1.093889,0.2889308,-0.5383126,1.697574,0.2602801,Nothing
39.28287,24,2,3,0,0.9066366,0.9440966,0.220778,13.51107,3.757649,5.89667,0.8394976,1.096505,0.296753,-0.5575789,1.748563,0.345104,Nothing
39.29128,24,2,3,0,0.9069359,0.944013,0.2201279,13.45499,3.872844,5.837724,0.8391569,1.097793,0.3007494,-0.5680764,1.772828,0.3876258,Nothing
39.29976,24,2,3,0,0.9073369,0.9438023,0.2194643,13.40771,3.981146,5.762903,0.8386451,1.098976,0.3047409,-0.5819552,1.797398,0.42982,Nothing
39.30817,24,2,3,0,0.9076241,0.9435651,0.2188863,13.38373,4.085078,5.693173,0.8381585,1.100124,0.3088444,-0.5944457,1.821983,0.4717273,Nothing
39.31667,24,2,3,0,0.907935,0.9433176,0.2184747,13.38586,4.171142,5.638519,0.8375587,1.101373,0.3130175,-0.6076023,1.847902,0.5117253,Nothing
39.32455,24,2,3,0,0.9080186,0.9431438,0.2182664,13.44001,4.230121,5.606362,0.8370284,1.102404,0.3172487,-0.6168995,1.871123,0.5498795,Nothing
39.33394,24,2,3,0,0.9083714,0.942907,0.2178411,13.44882,4.29503,5.548981,0.8363375,1.103811,0.3236345,-0.6324905,1.904105,0.611438,Nothing
39.34123,24,2,3,0,0.9085549,0.9429312,0.2175953,13.48522,4.340129,5.55229,0.8358943,1.104711,0.3279043,-0.641106,1.924602,0.6517656,Nothing
39.34924,24,2,3,0,0.908677,0.9429211,0.2173853,13.49464,4.371848,5.549238,0.8354874,1.10555,0.3322389,-0.6488221,1.944512,0.6935481,Nothing
39.35786,24,2,3,0,0.908731,0.9429578,0.2171044,13.47804,4.410318,5.559088,0.8351032,1.106062,0.3366701,-0.6558462,1.960893,0.7386904,Nothing
39.36617,24,2,3,0,0.9087545,0.9431243,0.216878,13.44703,4.437479,5.599205,0.8347517,1.106664,0.3410614,-0.6610092,1.976746,0.7836825,Nothing
39.3746,24,2,3,0,0.9087346,0.9432956,0.2166811,13.42544,4.466444,5.647794,0.8344266,1.107183,0.3454444,-0.6652905,1.991772,0.8282307,Nothing
39.38351,24,2,3,0,0.9087048,0.9435423,0.2164106,13.37806,4.495131,5.701784,0.8334031,1.108305,0.3499684,-0.6760185,2.012756,0.8739964,Nothing
39.39178,24,2,3,0,0.9086751,0.9437826,0.2161573,13.336,4.513793,5.751432,0.8330398,1.1083,0.3545638,-0.6811256,2.022243,0.92344,Nothing
39.39919,24,2,3,0,0.9086419,0.943992,0.2158435,13.29923,4.541162,5.7868,0.8327552,1.108113,0.3593591,-0.6864325,2.030642,0.9755762,Nothing
39.4082,24,2,3,0,0.9086283,0.9442544,0.2153076,13.24867,4.587389,5.822331,0.8327006,1.108248,0.3656031,-0.6908441,2.045217,1.043977,Nothing
39.4174,24,2,3,0,0.908705,0.9445328,0.2148454,13.23216,4.628941,5.846167,0.8325475,1.107389,0.3700662,-0.6974418,2.045943,1.095135,Nothing
39.4246,24,2,3,0,0.9087495,0.9445778,0.214401,13.20289,4.663649,5.825483,0.8322897,1.106872,0.3743258,-0.7055668,2.05107,1.143238,Nothing
39.43264,24,2,3,0,0.9088061,0.9445748,0.213971,13.16978,4.696867,5.800517,0.8323472,1.106001,0.3786221,-0.7111241,2.052786,1.192672,Nothing
39.44173,24,2,3,0,0.908857,0.9446613,0.2135816,13.14112,4.723553,5.775655,0.8322064,1.105539,0.3827434,-0.7180433,2.057357,1.239019,Nothing
39.44943,24,2,3,0,0.9089292,0.9445547,0.2131648,13.12259,4.72925,5.707055,0.8320504,1.105044,0.3864266,-0.7258985,2.062198,1.280877,Nothing
39.45801,24,2,3,0,0.9090878,0.9444222,0.2128472,13.09442,4.719167,5.663129,0.8322003,1.104356,0.390186,-0.7303522,2.06522,1.32366,Nothing
39.46658,24,2,3,0,0.9091496,0.944371,0.2123562,13.05823,4.707415,5.60147,0.8324375,1.10353,0.3955584,-0.7348425,2.069686,1.385102,Nothing
39.47418,24,2,3,0,0.9091719,0.9443473,0.2120762,13.03523,4.685976,5.56491,0.8326517,1.102998,0.3989616,-0.7363179,2.072199,1.42405,Nothing
39.48367,24,2,3,0,0.9091729,0.9443113,0.211796,13.01399,4.662606,5.532402,0.8329182,1.102365,0.4021173,-0.7367483,2.073262,1.460783,Nothing
39.49127,24,2,3,0,0.9091594,0.9443334,0.2114694,12.98898,4.653948,5.507721,0.8331262,1.101698,0.4050953,-0.7378284,2.073098,1.496292,Nothing
39.49948,24,2,3,0,0.9090744,0.9444296,0.2111537,12.96436,4.657439,5.488546,0.8332697,1.101149,0.4079951,-0.7389466,2.073198,1.530617,Nothing
39.50776,24,2,3,0,0.9089859,0.9445882,0.2107255,12.9315,4.684186,5.496217,0.8333612,1.100448,0.4106071,-0.7405146,2.0709,1.56357,Nothing
39.51638,24,2,3,0,0.9090287,0.9447095,0.2103391,12.89867,4.707225,5.50036,0.8334791,1.099817,0.4131195,-0.7429882,2.069327,1.594848,Nothing
39.5341,24,2,3,0,0.9089075,0.9449224,0.2096874,12.83487,4.747914,5.506376,0.8334299,1.099114,0.415325,-0.746295,2.065153,1.62687,Undo
39.53487,24,2,3,0,0.9089075,0.9449224,0.2096874,12.83487,4.747914,5.506376,0.8334299,1.099114,0.415325,-0.746295,2.065153,1.62687,Nothing
39.54704,24,2,3,0,0.9086851,0.9452673,0.2089243,12.77628,4.801826,5.531916,0.8332779,1.097544,0.4201464,-0.7521113,2.057753,1.687779,Nothing
39.55815,24,2,3,0,0.9084001,0.9456952,0.208347,12.76119,4.807711,5.573082,0.8331169,1.096522,0.4231319,-0.7532889,2.051655,1.726899,Nothing
39.56847,24,2,3,0,0.9081604,0.9460319,0.2080484,12.75871,4.798026,5.618248,0.8330015,1.095774,0.4251908,-0.7526009,2.046796,1.753064,Nothing
39.58421,24,2,3,0,0.9077103,0.9465868,0.2077638,12.7691,4.791696,5.714471,0.8331482,1.095298,0.4269088,-0.7451155,2.04232,1.775485,Nothing
39.59158,24,2,3,0,0.9074752,0.9468742,0.2075502,12.77467,4.807331,5.77143,0.8332542,1.095208,0.4274001,-0.7410234,2.040847,1.783168,Nothing
39.5995,24,2,3,0,0.9074906,0.9474455,0.2071243,12.79345,4.858746,5.867664,0.8335444,1.095273,0.4276763,-0.737663,2.039072,1.790037,Nothing
39.60841,24,2,3,0,0.907251,0.9477366,0.20683,12.80025,4.905445,5.928037,0.833735,1.095341,0.4277391,-0.7333744,2.03833,1.793465,Nothing
39.61635,24,2,3,0,0.9070456,0.9479504,0.2066215,12.80203,4.944824,5.98376,0.8341734,1.095537,0.4276916,-0.7264906,2.038761,1.794961,Nothing
39.62535,24,2,3,0,0.9066638,0.9479908,0.2064385,12.82242,4.983387,6.01843,0.8343803,1.095682,0.4273907,-0.7205192,2.040097,1.792755,Nothing
39.6327,24,2,3,0,0.9064459,0.9481238,0.20626,12.82889,5.003566,6.046268,0.8346545,1.095784,0.4272848,-0.7153725,2.040087,1.793432,Nothing
39.64128,24,2,3,0,0.9061787,0.9481214,0.2063518,12.8334,4.977004,6.045049,0.834804,1.095839,0.4270974,-0.709927,2.039744,1.791161,Nothing
39.65022,24,2,3,0,0.905858,0.9482567,0.2063029,12.8284,4.943708,6.073997,0.8349487,1.09588,0.4269619,-0.702971,2.038394,1.791605,Nothing
39.65811,24,2,3,0,0.9057356,0.9483262,0.2063336,12.815,4.883214,6.089483,0.8351538,1.09609,0.4264112,-0.6963238,2.037872,1.7872,Nothing
39.66633,24,2,3,0,0.9055421,0.9483398,0.2065477,12.79513,4.786887,6.100049,0.8351769,1.096167,0.4259713,-0.6896807,2.036249,1.782916,Nothing
39.67467,24,2,3,0,0.9054082,0.9483885,0.2066351,12.78882,4.737429,6.114201,0.8351706,1.096278,0.4256055,-0.685687,2.03564,1.77936,Nothing
39.68303,24,2,3,0,0.9052416,0.9483826,0.2067694,12.79303,4.674708,6.120049,0.8350596,1.0963,0.4251194,-0.6821266,2.034586,1.774005,Nothing
39.69237,24,2,3,0,0.9050792,0.9483619,0.2068724,12.82176,4.626718,6.120891,0.8348142,1.096222,0.4244504,-0.6806395,2.033158,1.766167,Nothing
39.70831,24,2,3,0,0.9048488,0.9483425,0.207004,12.88422,4.575412,6.126615,0.8344129,1.096189,0.4230798,-0.6791868,2.031611,1.749823,Nothing
39.71694,24,2,3,0,0.9046643,0.9482901,0.2071541,12.94197,4.530671,6.125774,0.8339937,1.096295,0.4215391,-0.6786146,2.03114,1.731233,Nothing
39.72467,24,2,3,0,0.9045072,0.9482481,0.2072842,13.01276,4.516257,6.132319,0.8337451,1.096483,0.4202013,-0.6774881,2.032217,1.7139,Nothing
39.73292,24,2,3,0,0.904367,0.9482039,0.2074596,13.09631,4.49368,6.138513,0.8335978,1.096826,0.4185594,-0.6748317,2.034278,1.692496,Nothing
39.7412,24,2,3,0,0.9042054,0.9480981,0.2077062,13.16912,4.470051,6.132039,0.8334101,1.097213,0.4166486,-0.6725355,2.036069,1.667841,Nothing
39.74918,24,2,3,0,0.9040086,0.9480798,0.2080892,13.33191,4.441634,6.151885,0.8332383,1.097551,0.4148473,-0.6684933,2.039209,1.640276,Nothing
39.75892,24,2,3,0,0.9038405,0.9480864,0.20853,13.48175,4.393716,6.173583,0.8331277,1.098133,0.4120556,-0.6626548,2.04144,1.602574,Nothing
39.76614,24,2,3,0,0.9035935,0.9481515,0.2089511,13.63755,4.352361,6.211442,0.8329306,1.098631,0.4092962,-0.6567799,2.042566,1.565413,Nothing
39.77502,24,2,3,0,0.9031799,0.9482846,0.2096273,13.84742,4.26854,6.272815,0.8326417,1.099157,0.4062877,-0.6475602,2.043464,1.522201,Nothing
39.78308,24,2,3,0,0.9028281,0.9484344,0.2102563,14.00194,4.174699,6.332678,0.8322846,1.099805,0.4016468,-0.6388134,2.039785,1.465023,Nothing
39.79159,24,2,3,0,0.9024421,0.9486007,0.210993,14.17574,4.05628,6.39278,0.8316894,1.100287,0.3979293,-0.6320513,2.03677,1.415916,Nothing
39.79984,24,2,3,0,0.9020007,0.9487939,0.2121251,14.3927,3.851771,6.45963,0.831194,1.100611,0.3936212,-0.6206615,2.030067,1.357449,Nothing
39.80856,24,2,3,0,0.9015542,0.9490167,0.213172,14.61017,3.664311,6.529458,0.8306835,1.100893,0.3893321,-0.6103572,2.022578,1.299953,Nothing
39.81621,24,2,3,0,0.9011592,0.9492676,0.2142039,14.85172,3.47837,6.602711,0.8301729,1.101108,0.384885,-0.6009125,2.013993,1.240471,Nothing
39.82463,24,2,3,0,0.9006836,0.949522,0.2152137,15.07168,3.305304,6.678712,0.8296197,1.101244,0.3802433,-0.5918878,2.003221,1.180147,Nothing
39.83298,24,2,3,0,0.9000995,0.9498795,0.21629,15.31283,3.133838,6.777591,0.828958,1.10124,0.3753073,-0.5826797,1.989308,1.116276,Nothing
39.84245,24,2,3,0,0.8991926,0.9504964,0.2176235,15.68193,2.924583,6.924427,0.8282073,1.101183,0.3678397,-0.5684772,1.966643,1.022423,Nothing
39.85995,24,2,3,0,0.8980685,0.9510967,0.2197428,16.28487,2.669628,7.111199,0.827611,1.100896,0.3567002,-0.5481865,1.93163,0.8790339,Nothing
39.87496,24,2,3,0,0.8968607,0.9516611,0.2222636,17.05255,2.412731,7.264686,0.8262675,1.099857,0.3453293,-0.5380287,1.887556,0.7268972,Nothing
39.88292,24,2,3,0,0.8962404,0.9518083,0.2235547,17.50746,2.285683,7.317165,0.8258358,1.099257,0.339462,-0.5317357,1.864302,0.6469541,Nothing
39.89159,24,2,3,0,0.8956392,0.9518718,0.2249403,18.00863,2.150554,7.353207,0.8250929,1.098368,0.3333063,-0.5298754,1.837439,0.5629007,Nothing
39.90002,24,2,3,0,0.8944673,0.9521309,0.2272545,18.83433,1.941012,7.457493,0.824644,1.097277,0.3245548,-0.5167789,1.796224,0.4380834,Nothing
39.90788,24,2,3,0,0.8937747,0.9522494,0.2288258,19.39287,1.800526,7.52867,0.8245403,1.096269,0.3186048,-0.5079686,1.764278,0.3547261,Nothing
39.91634,24,2,3,0,0.8933547,0.952319,0.2303306,19.90786,1.654727,7.579111,0.8243039,1.095156,0.3127386,-0.5045266,1.731011,0.2748304,Nothing
39.92422,24,2,3,0,0.8925939,0.9526314,0.231895,20.43642,1.531311,7.711237,0.8244901,1.093923,0.307024,-0.4922875,1.693129,0.1972552,Nothing
39.93343,24,2,3,0,0.8917313,0.9531508,0.2333402,20.94603,1.46043,7.910869,0.8245047,1.092562,0.3015736,-0.4804698,1.652646,0.1251322,Nothing
39.94104,24,2,3,0,0.8907821,0.953926,0.2346835,21.46971,1.438275,8.162,0.8248984,1.091179,0.2962518,-0.4639711,1.608896,0.05614237,Nothing
39.9506,24,2,3,0,0.8897195,0.954866,0.2358472,21.98325,1.510051,8.507864,0.8253922,1.089738,0.291064,-0.4445001,1.563193,-0.008926441,Nothing
39.9589,24,2,3,0,0.8883756,0.9557175,0.2378837,22.77164,1.491464,8.86504,0.8254195,1.087494,0.2833394,-0.4286241,1.496475,-0.1083222,Nothing
39.97485,24,2,3,0,0.8862208,0.9572508,0.2407442,23.98008,1.632586,9.596578,0.8265778,1.084217,0.27331,-0.3904188,1.396036,-0.2388365,Nothing
39.98273,24,2,3,0,0.8849996,0.9582376,0.2426115,24.73346,1.68967,10.06094,0.8267666,1.082327,0.2685857,-0.3734415,1.339137,-0.3050076,Nothing
39.99154,24,2,3,0,0.8838626,0.9590451,0.2445432,25.51728,1.731146,10.4838,0.8272467,1.08051,0.2635611,-0.356134,1.280497,-0.3745474,Nothing
40.00008,24,2,3,0,0.8827958,0.9597059,0.2466732,26.39315,1.778089,10.90049,0.8277543,1.07861,0.2585973,-0.3405995,1.219314,-0.445923,Nothing
40.00893,24,2,3,0,0.8822925,0.960368,0.2490008,27.48792,1.869188,11.38633,0.8285059,1.076604,0.2535723,-0.3288308,1.152819,-0.5218586,Nothing
40.01604,24,2,3,0,0.881236,0.9610242,0.2511529,28.42849,1.975802,11.84115,0.8292234,1.074717,0.2489731,-0.3129269,1.088091,-0.5878084,Nothing
40.02456,24,2,3,0,0.880237,0.9617755,0.2534797,29.63456,2.248139,12.43579,0.8299984,1.072785,0.244384,-0.2965975,1.016291,-0.6580506,Nothing
40.03355,24,2,3,0,0.8787355,0.9628354,0.2565827,31.22317,2.700179,13.30515,0.8311933,1.070029,0.2375837,-0.2731934,0.9102764,-0.7519866,Nothing
40.0495,24,2,3,0,0.8768052,0.9646932,0.2596675,33.33591,3.786992,14.74923,0.8334461,1.066422,0.2294384,-0.2335324,0.7666171,-0.8518296,Nothing
40.05788,24,2,3,0,0.8751772,0.9668221,0.2605591,34.35195,4.870367,15.85942,0.8346146,1.064636,0.2255312,-0.2026271,0.6845279,-0.8860438,Nothing
40.06615,24,2,3,0,0.8741329,0.9685894,0.2607778,35.20316,5.961543,16.91607,0.8359833,1.06299,0.2219928,-0.1748443,0.6142117,-0.9097796,Nothing
40.07438,24,2,3,0,0.8732159,0.9701837,0.2614179,36.0727,6.971175,17.97061,0.8372186,1.061203,0.2182278,-0.1518605,0.5399647,-0.9362865,Nothing
40.08279,24,2,3,0,0.8717915,0.9733826,0.2597148,36.51276,8.768654,19.51472,0.8389075,1.059378,0.21533,-0.1110158,0.4726543,-0.9227878,Nothing
40.09165,24,2,3,0,0.8704261,0.9758577,0.2591408,37.09312,10.24871,20.88779,0.8402392,1.057552,0.2119761,-0.07972183,0.400958,-0.9240459,Nothing
40.10046,24,2,3,0,0.8681972,0.980527,0.257838,37.75531,12.83777,23.3123,0.8422458,1.054768,0.2074284,-0.03089617,0.2918405,-0.9066902,Nothing
40.11194,24,2,3,0,0.8646998,0.9867119,0.2555105,37.92469,16.05721,26.35762,0.8449652,1.052515,0.2046333,0.03907847,0.1912875,-0.8499941,Nothing
40.12556,24,2,3,0,0.8612167,0.9920108,0.2546356,38.28561,18.84388,29.23652,0.8465887,1.049515,0.2020804,0.08463739,0.08581797,-0.7996044,Nothing
40.1331,24,2,3,0,0.8591602,0.9949288,0.2545067,38.5383,20.63241,31.03795,0.8475077,1.047531,0.2004012,0.1083576,0.01861093,-0.771175,Nothing
40.14088,24,2,3,0,0.8567263,0.9975396,0.2545387,38.82802,22.37873,32.84971,0.8482621,1.04548,0.1988834,0.131457,-0.04772542,-0.7412694,Nothing
40.14924,24,2,3,0,0.8548741,0.9998055,0.2550116,39.16052,24.0342,34.55946,0.8489835,1.043414,0.1973888,0.1465598,-0.1125449,-0.7162176,Nothing
40.15765,24,2,3,0,0.8530022,1.001873,0.2554881,39.4749,25.63993,36.18833,0.8495884,1.041371,0.1960609,0.1592185,-0.1734984,-0.689704,Nothing
40.16631,24,2,3,0,0.851202,1.003939,0.2563738,39.98227,27.83768,38.31941,0.8506045,1.038342,0.194076,0.1703287,-0.2544312,-0.6583358,Nothing
40.17402,24,2,3,0,0.8503664,1.004939,0.2568182,40.27163,29.22807,39.57365,0.8512505,1.036368,0.1930375,0.1747957,-0.2995864,-0.6371617,Nothing
40.18237,24,2,3,0,0.849354,1.006124,0.2571756,40.50401,30.68528,40.90576,0.851958,1.034502,0.1925305,0.1803303,-0.3407254,-0.6089748,Nothing
40.19113,24,2,3,0,0.848788,1.006848,0.2568546,40.68794,31.93288,41.77997,0.8526652,1.032618,0.1923524,0.1839103,-0.3669377,-0.5789933,Nothing
40.19938,24,2,3,0,0.8485605,1.007404,0.2567865,40.87462,33.16085,42.70911,0.8534615,1.030749,0.1923533,0.1849942,-0.3914041,-0.5512656,Nothing
40.20802,24,2,3,0,0.8482755,1.008008,0.2566441,41.03659,34.33044,43.59336,0.8542283,1.029016,0.1925766,0.1859156,-0.4120338,-0.5220047,Nothing
40.21547,24,2,3,0,0.8484108,1.00843,0.2565145,41.17996,35.40023,44.34707,0.8550417,1.027226,0.1930441,0.1836724,-0.4275965,-0.4940161,Nothing
40.22383,24,2,3,0,0.848647,1.008651,0.2563706,41.34214,36.41631,45.05003,0.8539216,1.024648,0.1937457,0.1598442,-0.4375303,-0.4698156,Nothing
40.23237,24,2,3,0,0.8483247,1.009491,0.2563448,41.54835,38.17369,46.40985,0.8549575,1.021895,0.194469,0.1559709,-0.4636215,-0.4240228,Nothing
40.24096,24,2,3,0,0.8481522,1.010036,0.2564016,41.67099,39.37715,47.35118,0.8557196,1.020264,0.1951043,0.154119,-0.4785652,-0.3938667,Nothing
40.24893,24,2,3,0,0.8479269,1.010689,0.2563364,41.76137,40.68265,48.35878,0.8562845,1.018415,0.1955135,0.1491232,-0.4951825,-0.3620334,Nothing
40.25758,24,2,3,0,0.846947,1.012103,0.2563886,41.73824,42.29259,49.73635,0.8569465,1.016333,0.1959811,0.1446566,-0.5198249,-0.3176686,Nothing
40.26665,24,2,3,0,0.8457174,1.013677,0.256341,41.62121,44.03548,51.21968,0.8574151,1.014632,0.196363,0.140995,-0.5423728,-0.273304,Nothing
40.27396,24,2,3,0,0.8441956,1.015409,0.2564113,41.40998,45.92476,52.84158,0.8577399,1.013145,0.196654,0.1375855,-0.5658821,-0.228319,Nothing
40.28266,24,2,3,0,0.8422892,1.01751,0.2562322,41.09813,48.5378,55.0185,0.8586667,1.010446,0.1971969,0.1303413,-0.5946738,-0.1587842,Nothing
40.29098,24,2,3,0,0.8398912,1.019767,0.2563109,40.64474,50.72394,56.92717,0.8588129,1.008998,0.1973718,0.1246252,-0.6201307,-0.103875,Nothing
40.29912,24,2,3,0,0.8373407,1.021613,0.2568877,40.16217,52.88594,58.89219,0.8587061,1.00778,0.1976441,0.1192109,-0.6445931,-0.05485461,Nothing
40.30737,24,2,3,0,0.8352148,1.023291,0.257552,39.7365,54.79576,60.63816,0.8583365,1.006509,0.1978076,0.1077448,-0.6668461,-0.0125401,Nothing
40.31606,24,2,3,0,0.8334695,1.024316,0.2582645,39.3242,56.58142,62.22938,0.8578631,1.005283,0.1979942,0.09666898,-0.684016,0.02176739,Nothing
40.32385,24,2,3,0,0.8316506,1.025477,0.2588964,38.89059,58.2913,63.71684,0.8571838,1.004234,0.1980253,0.08432727,-0.7002715,0.05449828,Nothing
40.33292,24,2,3,0,0.8296294,1.026747,0.2593523,38.38803,60.02159,65.17276,0.8562288,1.003422,0.1979831,0.0715263,-0.7138553,0.08680831,Nothing
40.3403,24,2,3,0,0.828137,1.027576,0.2598677,37.94652,61.558,66.42787,0.8556714,1.002884,0.1979498,0.06319958,-0.7243908,0.1124338,Nothing
40.35023,24,2,3,0,0.826522,1.028278,0.2604994,37.38129,63.54876,67.96581,0.8546007,1.001883,0.1981837,0.04802544,-0.7322473,0.1422595,Nothing
40.35777,24,2,3,0,0.8256844,1.028769,0.2608285,36.99014,64.79624,68.93555,0.8535721,1.001161,0.1984913,0.03290876,-0.733771,0.1587633,Nothing
40.36559,24,2,3,0,0.8264376,1.028145,0.260856,36.9808,65.30003,69.15772,0.8528886,1.000756,0.1987834,0.02526916,-0.7266385,0.1525453,Nothing
40.37458,24,2,3,0,0.8267859,1.028037,0.2609496,36.99154,65.92323,69.4618,0.8525016,1.000737,0.1992652,0.0211099,-0.719929,0.1538387,Nothing
40.38242,24,2,3,0,0.8272758,1.027696,0.2612947,36.94487,66.51448,69.84647,0.8520023,1.000591,0.1996402,0.01503246,-0.7160779,0.150775,Nothing
40.39086,24,2,3,0,0.8296879,1.026509,0.2607837,37.29139,66.24955,69.44112,0.8516594,1.000463,0.200103,0.007697667,-0.6987001,0.1258599,Nothing
40.39884,24,2,3,0,0.8316132,1.025439,0.2604738,37.55015,66.07742,69.07371,0.8513961,1.000552,0.2005079,0.004743773,-0.6845042,0.1043277,Nothing
40.40797,24,2,3,0,0.8344302,1.023878,0.26001,37.91679,65.82116,68.52609,0.851182,1.000667,0.2009338,0.001055472,-0.6656322,0.07376396,Nothing
40.41683,24,2,3,0,0.8369645,1.022421,0.2595689,38.3161,65.23158,67.7946,0.8511607,1.001044,0.201006,0.001347958,-0.650933,0.04199839,Nothing
40.42425,24,2,3,0,0.8396854,1.020824,0.2591547,38.78556,64.52179,66.97064,0.8509901,1.001189,0.2010502,-0.001928977,-0.6361942,0.00786789,Nothing
40.43282,24,2,3,0,0.8423704,1.019219,0.2587618,39.29718,63.77308,66.14577,0.8509923,1.001327,0.2010721,-0.00490765,-0.6219363,-0.02461475,Nothing
40.44143,24,2,3,0,0.8459753,1.017591,0.2586146,39.82365,62.9539,65.26117,0.8509693,1.001446,0.2009593,-0.01513857,-0.6092873,-0.06507588,Nothing
40.44956,24,2,3,0,0.8488187,1.015773,0.2584223,40.36813,62.11844,64.36166,0.8507872,1.00155,0.2007362,-0.02086394,-0.5974312,-0.1021748,Nothing
40.45741,24,2,3,0,0.8511937,1.013447,0.2582791,40.8866,61.19561,63.34669,0.8506085,1.001555,0.2006238,-0.02091243,-0.5839739,-0.1387926,Nothing
40.46658,24,2,3,0,0.8547499,1.010955,0.2580982,41.59545,60.10341,62.14911,0.8502516,1.001624,0.2003384,-0.03073244,-0.5681356,-0.1862027,Nothing
40.47444,24,2,3,0,0.8569842,1.009129,0.25788,42.00737,59.40688,61.3705,0.8499762,1.001534,0.2000747,-0.03718598,-0.5571901,-0.2168943,Nothing
40.48325,24,2,3,0,0.8585014,1.008036,0.257712,42.278,58.94838,60.82359,0.8494597,1.00129,0.1997379,-0.04625334,-0.5516534,-0.237888,Nothing
40.49102,24,2,3,0,0.8601695,1.006883,0.2575549,42.57975,58.4355,60.24405,0.8491459,1.001116,0.199447,-0.05470624,-0.5452841,-0.2592391,Nothing
40.5003,24,2,3,0,0.861452,1.006115,0.257221,42.63327,58.18129,59.84039,0.8487577,1.000963,0.1992459,-0.06229841,-0.5384852,-0.2747791,Nothing
40.5083,24,2,3,0,0.8621387,1.00579,0.2569825,42.68674,58.04539,59.58627,0.8485016,1.000741,0.1990719,-0.06800447,-0.5357968,-0.281686,Nothing
40.51629,24,2,3,0,0.8631337,1.00555,0.2570216,42.74811,57.91582,59.39227,0.8482372,1.000534,0.1989976,-0.07698502,-0.5344875,-0.2907214,Nothing
40.52514,24,2,3,0,0.8632833,1.005714,0.2569509,42.69513,58.0052,59.39465,0.8480784,1.000289,0.1989726,-0.08114748,-0.5353395,-0.289497,Nothing
40.53284,24,2,3,0,0.8636147,1.005903,0.2568435,42.60891,58.14692,59.39342,0.8479642,0.9998958,0.1990921,-0.08712078,-0.535086,-0.2871681,Nothing
40.54129,24,2,3,0,0.8634152,1.006613,0.2567212,42.40451,58.46186,59.59898,0.8479531,0.9996101,0.199187,-0.0908705,-0.5376593,-0.2777941,Nothing
40.54952,24,2,3,0,0.8625848,1.007636,0.2564737,42.11073,58.99099,59.97306,0.84824,0.9991275,0.1996149,-0.09100762,-0.5397552,-0.2565323,Nothing
40.55818,24,2,3,0,0.8618435,1.008709,0.2563233,41.79847,59.54883,60.38044,0.8484181,0.9988865,0.1996899,-0.09116177,-0.5449187,-0.2395201,Nothing
40.56601,24,2,3,0,0.8605525,1.010156,0.2563218,41.41353,60.29567,60.98817,0.848487,0.9986283,0.1996728,-0.09077016,-0.5546021,-0.2171566,Nothing
40.57462,24,2,3,0,0.859694,1.011069,0.2563602,41.16641,60.75951,61.35982,0.8487349,0.9983634,0.1996935,-0.08953151,-0.5614359,-0.2007043,Nothing
40.5834,24,2,3,0,0.8587355,1.012128,0.2566485,40.90127,61.35075,61.8817,0.8488773,0.9980543,0.1997984,-0.09011405,-0.5705626,-0.182872,Nothing
40.59161,24,2,3,0,0.8573314,1.013647,0.2573847,40.56924,62.19831,62.64275,0.8491008,0.9976801,0.1999358,-0.0904564,-0.5864239,-0.1581305,Nothing
40.59951,24,2,3,0,0.8565971,1.014633,0.257758,40.36177,62.75408,63.16675,0.8492069,0.9973524,0.2001747,-0.09384856,-0.5940951,-0.1418284,Nothing
40.9493,24,2,3,0,0.8498093,1.030369,0.2666421,36.46477,72.47004,71.2504,0.847845,0.993864,0.2042598,-0.2091272,-0.7054826,0.05181088,Nothing
40.95806,24,2,3,0,0.8494303,1.030808,0.2663343,36.35216,72.93764,71.46416,0.8479443,0.9940246,0.2041206,-0.2078812,-0.7049666,0.06077433,Nothing
40.9659,24,2,3,0,0.8495155,1.030742,0.2659828,36.30812,73.30074,71.62491,0.8479727,0.9941938,0.203813,-0.2059485,-0.7037824,0.06176452,Nothing
40.97599,24,2,3,0,0.8490396,1.031407,0.265571,36.11074,73.75922,71.88316,0.848001,0.9944329,0.2035547,-0.2064729,-0.7035543,0.0711347,Nothing
40.99149,24,2,3,0,0.8495648,1.031675,0.2647019,36.07517,74.51984,72.15657,0.8481367,0.9948326,0.2031569,-0.206758,-0.6981443,0.07452861,Nothing
40.99933,24,2,3,0,0.8492815,1.032115,0.2640729,35.91972,74.914,72.28864,0.8481395,0.9950286,0.2029355,-0.2066033,-0.6949813,0.08138721,Nothing
41.00763,24,2,3,0,0.8490041,1.032604,0.2635635,35.74868,75.24775,72.40187,0.8481285,0.9952286,0.2027013,-0.2069831,-0.6931853,0.087436,Nothing
41.01565,24,2,3,0,0.8486515,1.033228,0.2629191,35.5708,75.509,72.48842,0.848102,0.9954212,0.2025614,-0.2087132,-0.6895263,0.09462325,Nothing
41.02437,24,2,3,0,0.8481362,1.033801,0.2624574,35.36186,75.72223,72.58308,0.8480555,0.9956303,0.2023191,-0.2090989,-0.6885245,0.1013253,Nothing
41.03264,24,2,3,0,0.8477173,1.034263,0.2620303,35.16525,75.94903,72.68438,0.8480172,0.9958012,0.2020937,-0.2094613,-0.6874092,0.1070557,Nothing
41.04156,24,2,3,0,0.8468811,1.035108,0.2615545,34.86756,76.14741,72.81349,0.8477812,0.9960195,0.201825,-0.211918,-0.6871276,0.1155833,Nothing
41.05064,24,2,3,0,0.8463374,1.035649,0.2611463,34.70787,76.25003,72.88864,0.8475875,0.9961713,0.2016414,-0.2138173,-0.6859717,0.120887,Nothing
41.05841,24,2,3,0,0.8458906,1.036074,0.2608599,34.57618,76.34044,72.94745,0.8472058,0.9962852,0.2015085,-0.2165695,-0.6851695,0.1233628,Nothing
41.07484,24,2,3,0,0.8458037,1.036528,0.2602565,34.50813,76.48576,72.99918,0.8468679,0.9967046,0.2011645,-0.2186354,-0.6824416,0.1227719,Nothing
41.08261,24,2,3,0,0.8457232,1.036659,0.2597755,34.45163,76.56487,73.01572,0.8467298,0.9968179,0.2011404,-0.2196909,-0.6779452,0.1235664,Nothing
41.09147,24,2,3,0,0.8459426,1.036689,0.259271,34.4733,76.58617,72.95559,0.846513,0.9969873,0.2009741,-0.2208704,-0.6742157,0.1201816,Nothing
41.10029,24,2,3,0,0.8462173,1.036696,0.2582613,34.48069,76.56242,72.77439,0.8461755,0.9972506,0.2007245,-0.2217878,-0.6663833,0.1150365,Nothing
41.11474,24,2,3,0,0.84615,1.036831,0.2569652,34.3699,76.41914,72.48251,0.8456724,0.9974527,0.2003192,-0.2230856,-0.6582682,0.1108748,Nothing
41.12826,24,2,3,0,0.8458968,1.037,0.2545826,34.14416,76.28725,71.9565,0.8448616,0.9977256,0.1995826,-0.2236933,-0.6435406,0.1063115,Nothing
41.14037,24,2,3,0,0.8459245,1.037041,0.2525452,33.98012,76.04382,71.41563,0.8443256,0.9978702,0.1989744,-0.2245303,-0.6309124,0.1009215,Nothing
41.14729,24,2,3,0,0.8460093,1.037083,0.2512837,33.89786,75.84864,71.03209,0.843955,0.9979889,0.198505,-0.2251786,-0.6240551,0.0963003,Nothing
41.1547,24,2,3,0,0.8461719,1.036994,0.2499588,33.84348,75.67439,70.64627,0.8436442,0.9980949,0.1981588,-0.2252402,-0.6150435,0.09165655,Nothing
41.16328,24,2,3,0,0.8462436,1.036975,0.2486876,33.77318,75.50789,70.27796,0.8434125,0.9982402,0.1978092,-0.2246706,-0.606718,0.08845973,Nothing
41.17175,24,2,3,0,0.846373,1.036855,0.2473511,33.70406,75.26473,69.84058,0.8431629,0.998394,0.1974984,-0.2236662,-0.5972028,0.08376362,Nothing
41.17982,24,2,3,0,0.8463726,1.036842,0.2460362,33.59829,75.0364,69.43656,0.8429827,0.9985468,0.1971835,-0.2226779,-0.5882545,0.08117145,Nothing
41.1881,24,2,3,0,0.8461787,1.036797,0.2446604,33.42628,74.5918,68.91616,0.842856,0.9987397,0.1969225,-0.219989,-0.5783606,0.07860688,Nothing
41.39656,24,2,3,0,0.8471985,1.030602,0.2471414,34.14194,73.32372,69.12109,0.8402243,1.001471,0.1929221,-0.1672297,-0.6090486,-0.02098798,Nothing
41.40495,24,2,3,0,0.8463944,1.031209,0.247347,33.94302,73.69545,69.52085,0.8399204,1.001329,0.1928059,-0.1714166,-0.6142977,-0.01197075,Nothing
41.41391,24,2,3,0,0.8453407,1.031795,0.2476147,33.70396,73.92686,69.86945,0.8395565,1.001297,0.1927179,-0.1737659,-0.6194658,-0.00351648,Nothing
41.42215,24,2,3,0,0.8444302,1.032284,0.2480029,33.48183,74.21688,70.26853,0.8392591,1.001242,0.1926156,-0.1760685,-0.6255751,0.004177234,Nothing
41.43045,24,2,3,0,0.8436466,1.032729,0.2484384,33.32426,74.56558,70.67163,0.8389102,1.001165,0.1925199,-0.1790028,-0.6319018,0.01112818,Nothing
41.43991,24,2,3,0,0.8427981,1.033213,0.2489168,33.18667,75.08472,71.18879,0.838552,1.00109,0.1923181,-0.1819816,-0.6396545,0.01996679,Nothing
41.44763,24,2,3,0,0.8426914,1.033254,0.2489141,33.20779,75.36685,71.42777,0.8381348,1.000984,0.1921642,-0.1857113,-0.6409602,0.02029424,Nothing
41.4554,24,2,3,0,0.8429891,1.033014,0.2486846,33.32545,75.44579,71.43649,0.8377334,1.000833,0.1920383,-0.1889247,-0.6392857,0.01566152,Nothing
41.46415,24,2,3,0,0.8431539,1.032884,0.2484492,33.3807,75.49686,71.43901,0.837269,1.000723,0.1918941,-0.1923933,-0.6379724,0.01133496,Nothing
41.47267,24,2,3,0,0.8433465,1.032923,0.2479207,33.38364,75.48762,71.35371,0.8366905,1.000638,0.1917592,-0.1978111,-0.634189,0.00645274,Nothing
41.48121,24,2,3,0,0.8434209,1.032918,0.2473433,33.38245,75.39301,71.19466,0.8361976,1.000515,0.1915889,-0.2017177,-0.6305119,0.00256879,Nothing
41.48923,24,2,3,0,0.8435076,1.032895,0.2468121,33.38703,75.2476,71.02821,0.8355399,1.000373,0.1913537,-0.2067253,-0.6277353,-0.003347206,Nothing
41.49786,24,2,3,0,0.8437471,1.032724,0.246385,33.46199,74.98486,70.83182,0.8346128,1.000174,0.1908768,-0.2132909,-0.6276401,-0.01438524,Nothing
41.50643,24,2,3,0,0.8439046,1.032501,0.246334,33.54348,74.86427,70.78197,0.8339772,0.9999732,0.1905094,-0.2175168,-0.6300223,-0.02205368,Nothing
41.51501,24,2,3,0,0.8441167,1.032306,0.2464266,33.65452,74.78642,70.79042,0.833215,0.9998655,0.1901167,-0.2224107,-0.6336046,-0.03140866,Nothing
41.52372,24,2,3,0,0.8441603,1.032172,0.2465946,33.75936,74.74493,70.87488,0.832498,0.9996932,0.1896284,-0.2273771,-0.6391526,-0.03842828,Nothing
41.53152,24,2,3,0,0.8440391,1.032006,0.2471525,33.84023,74.7841,71.04731,0.8318049,0.9995341,0.1892913,-0.2309052,-0.6469075,-0.04423813,Nothing
41.5402,24,2,3,0,0.8437825,1.031997,0.2476989,33.86969,74.90412,71.29649,0.8311046,0.9993688,0.1890169,-0.235459,-0.6543855,-0.04763285,Nothing
41.54879,24,2,3,0,0.8432233,1.03187,0.248375,33.87272,75.07454,71.64387,0.8299934,0.9990718,0.1885609,-0.2410674,-0.6645994,-0.05228449,Nothing
41.55704,24,2,3,0,0.8426147,1.031999,0.2490701,33.81874,75.29739,72.01,0.8293334,0.9989774,0.18841,-0.2444631,-0.6725789,-0.05187708,Nothing
41.56551,24,2,3,0,0.8417913,1.032143,0.2497244,33.69018,75.55965,72.4082,0.8286266,0.9987932,0.1882409,-0.2478663,-0.6806852,-0.0496376,Nothing
41.57402,24,2,3,0,0.841353,1.032193,0.2501689,33.63113,75.72582,72.68992,0.8279848,0.9986467,0.1880495,-0.2518198,-0.6865644,-0.05060183,Nothing
41.58264,24,2,3,0,0.8405113,1.032442,0.2506394,33.49441,75.94952,73.02425,0.8273447,0.9984096,0.1880267,-0.2561537,-0.6919842,-0.04639077,Nothing
41.59068,24,2,3,0,0.8397532,1.032641,0.2511048,33.36541,76.17002,73.34615,0.8265765,0.9982786,0.1878476,-0.2601857,-0.698359,-0.04505216,Nothing
41.59948,24,2,3,0,0.838758,1.032899,0.2517642,33.22137,76.47862,73.80257,0.8254671,0.9979469,0.1876284,-0.2676924,-0.7072105,-0.04290519,Nothing
41.60803,24,2,3,0,0.8382162,1.033092,0.252203,33.13876,76.72626,74.11536,0.8245859,0.9976513,0.1873957,-0.2747837,-0.7140397,-0.04278653,Nothing
41.61581,24,2,3,0,0.8377039,1.033311,0.2525563,33.06684,76.94332,74.41074,0.8236529,0.9973613,0.1872006,-0.2827472,-0.7195846,-0.0431507,Nothing
41.62391,24,2,3,0,0.8374159,1.033398,0.2528254,33.06324,77.1633,74.67272,0.8227285,0.9970789,0.1870096,-0.2905904,-0.7239335,-0.0453131,Nothing
41.63258,24,2,3,0,0.8370268,1.033483,0.2531629,33.02389,77.37956,74.94955,0.8216376,0.9967099,0.1868642,-0.2996797,-0.7285344,-0.04790694,Nothing
41.64048,24,2,3,0,0.8367904,1.033599,0.2534193,33.0164,77.53199,75.17735,0.8205137,0.9963918,0.186713,-0.3096681,-0.7322173,-0.05232455,Nothing
41.64906,24,2,3,0,0.8364841,1.03368,0.2536399,32.99031,77.6667,75.39275,0.8193142,0.996034,0.1865534,-0.3197271,-0.7356072,-0.057031,Nothing
41.65792,24,2,3,0,0.8360038,1.033885,0.2538683,32.91879,77.85873,75.70291,0.8175417,0.9955633,0.1862893,-0.3346802,-0.7399631,-0.06383244,Nothing
41.66642,24,2,3,0,0.8355699,1.03405,0.2538504,32.8487,77.9434,75.86518,0.8162134,0.9952323,0.1859367,-0.3449277,-0.743045,-0.06901486,Nothing
41.67436,24,2,3,0,0.835084,1.034309,0.2538088,32.74432,78.04841,76.03336,0.8148535,0.9949561,0.1856429,-0.3553769,-0.7454149,-0.07380363,Nothing
41.68235,24,2,3,0,0.8345001,1.034629,0.253777,32.61368,78.15459,76.21074,0.813274,0.9946385,0.1851523,-0.3671793,-0.7498703,-0.07968216,Nothing
41.69063,24,2,3,0,0.833896,1.034893,0.253782,32.47726,78.26304,76.39506,0.8117912,0.9943947,0.1847349,-0.3773378,-0.7537168,-0.08529168,Nothing
41.69917,24,2,3,0,0.8331491,1.035292,0.2537812,32.31261,78.41077,76.62949,0.8101959,0.9941396,0.1842375,-0.3887741,-0.7584292,-0.08991338,Nothing
41.70728,24,2,3,0,0.8325015,1.035515,0.2538293,32.1758,78.5974,76.89018,0.8085317,0.9938144,0.1837406,-0.4003241,-0.7632719,-0.09600207,Nothing
41.71606,24,2,3,0,0.831947,1.035725,0.2539727,32.06088,78.77512,77.14225,0.8068829,0.9935837,0.183304,-0.4113528,-0.768188,-0.1032805,Nothing
41.72388,24,2,3,0,0.8313819,1.036015,0.2541822,31.91846,79.03407,77.46637,0.8051475,0.9932899,0.1828354,-0.4242024,-0.7741756,-0.1100956,Nothing
41.73293,24,2,3,0,0.8304873,1.036391,0.254436,31.71927,79.35548,77.90211,0.8024889,0.9929747,0.1823093,-0.4420798,-0.780388,-0.1215361,Nothing
41.74077,24,2,3,0,0.8297532,1.036701,0.2547406,31.54524,79.65233,78.28664,0.8006665,0.9927143,0.1819671,-0.4548717,-0.7857588,-0.127655,Nothing
41.75014,24,2,3,0,0.8287967,1.037076,0.2550822,31.29737,80.01238,78.73361,0.7988452,0.9925456,0.181822,-0.4666086,-0.7894445,-0.1319049,Nothing
41.75854,24,2,3,0,0.8277874,1.03758,0.2554441,31.01576,80.3709,79.18198,0.7970208,0.9923881,0.1817161,-0.4790695,-0.7930757,-0.1354728,Nothing
41.76603,24,2,3,0,0.8266534,1.038097,0.2558906,30.70153,80.75024,79.66618,0.7951841,0.992296,0.1817095,-0.4907734,-0.7962944,-0.1384892,Nothing
41.77416,24,2,3,0,0.8254008,1.038727,0.2564075,30.34652,81.16522,80.19495,0.7933151,0.9923323,0.1817288,-0.5021371,-0.7997438,-0.1409805,Nothing
41.78242,24,2,3,0,0.8239344,1.039305,0.2568007,29.95323,81.58201,80.72253,0.7914796,0.9923248,0.1818586,-0.5122671,-0.800903,-0.1414582,Nothing
41.79102,24,2,3,0,0.8218124,1.040201,0.257528,29.34791,82.21952,81.50482,0.788761,0.9922363,0.1818307,-0.5281795,-0.8063704,-0.1425083,Nothing
41.79907,24,2,3,0,0.8202272,1.040903,0.2579028,28.87662,82.70163,82.04465,0.7869515,0.9923665,0.1818808,-0.537093,-0.8082702,-0.1420037,Nothing
41.80797,24,2,3,0,0.8185353,1.041603,0.2582839,28.3741,83.20895,82.61877,0.7851171,0.9923996,0.1819166,-0.5467628,-0.8102657,-0.140375,Nothing
41.81636,24,2,3,0,0.8170781,1.042184,0.2587048,27.92713,83.68185,83.16353,0.7833284,0.9923737,0.1819372,-0.5568542,-0.8125888,-0.1405208,Nothing
41.82401,24,2,3,0,0.8156651,1.042688,0.2590233,27.49751,84.13216,83.67886,0.7812303,0.9920349,0.1820502,-0.5707473,-0.8130231,-0.1426014,Nothing
41.83304,24,2,3,0,0.8144575,1.043099,0.2593265,27.11327,84.58618,84.16689,0.779429,0.991889,0.1821018,-0.581336,-0.8139024,-0.144727,Nothing
41.84187,24,2,3,0,0.8127126,1.043836,0.259752,26.54646,85.20902,84.85784,0.7766653,0.991679,0.1822304,-0.5987248,-0.8143266,-0.1491117,Nothing
41.85752,24,2,3,0,0.8107497,1.044709,0.2601402,25.88683,85.94402,85.69978,0.7732302,0.9916025,0.1822608,-0.6193475,-0.814185,-0.1575152,Nothing
41.86613,24,2,3,0,0.8098026,1.04507,0.2603388,25.55928,86.28585,86.09842,0.7714624,0.9914318,0.1823504,-0.6304086,-0.813398,-0.16253,Nothing
41.87418,24,2,3,0,0.809043,1.045417,0.2602743,25.29332,86.47582,86.36352,0.7697744,0.9912592,0.1825832,-0.6411929,-0.8087666,-0.16951,Nothing
41.88268,24,2,3,0,0.8079453,1.046032,0.2602804,24.96344,86.69363,86.6674,0.7680614,0.9910555,0.1825577,-0.6533651,-0.8074769,-0.1730167,Nothing
41.89133,24,2,3,0,0.8070858,1.046366,0.2600935,24.6888,86.86075,86.8811,0.7664526,0.9909423,0.1827893,-0.6620107,-0.8019696,-0.179146,Nothing
41.89953,24,2,3,0,0.8062227,1.046706,0.2601963,24.38796,87.04624,87.1674,0.7647914,0.9906666,0.182991,-0.6730864,-0.7990503,-0.185349,Nothing
41.90782,24,2,3,0,0.805028,1.047174,0.2601623,23.99731,87.24057,87.52264,0.7624926,0.990441,0.1832914,-0.6867539,-0.7928524,-0.1950789,Nothing
41.91595,24,2,3,0,0.8042179,1.047456,0.2601761,23.81378,87.34241,87.75867,0.7609956,0.9903521,0.1835508,-0.6951542,-0.7882246,-0.2009143,Nothing
41.92419,24,2,3,0,0.8035984,1.047652,0.2600945,23.62887,87.43594,87.986,0.7596919,0.9903043,0.1836795,-0.7022229,-0.7839196,-0.2074181,Nothing
41.93267,24,2,3,0,0.8031,1.047738,0.2602088,23.43806,87.5575,88.26455,0.7583264,0.9903182,0.1838088,-0.7088574,-0.7810739,-0.2161795,Nothing
41.94044,24,2,3,0,0.8023645,1.047776,0.2604726,23.22116,87.68542,88.55974,0.7569026,0.9900786,0.1839588,-0.7167212,-0.779476,-0.2227636,Nothing
41.94928,24,2,3,0,0.8018394,1.047812,0.2605623,22.98753,87.83615,88.86115,0.7555603,0.9901206,0.1839257,-0.7222772,-0.7779616,-0.2316583,Nothing
41.9574,24,2,3,0,0.8011849,1.047886,0.2606598,22.76037,87.99631,89.14598,0.754219,0.9900657,0.1839357,-0.728291,-0.7764385,-0.2385868,Nothing
41.96647,24,2,3,0,0.800226,1.04799,0.2608076,22.40615,88.26669,89.5741,0.7522021,0.9899719,0.1837261,-0.7371846,-0.7766977,-0.2491164,Nothing
41.97414,24,2,3,0,0.7996635,1.048088,0.2609314,22.15782,88.51053,89.89352,0.7516003,0.9900196,0.1835968,-0.7398151,-0.7773216,-0.2495321,Nothing
41.98324,24,2,3,0,0.7990022,1.048143,0.2611797,21.87908,88.79041,90.24323,0.7495943,0.9899112,0.1832597,-0.7486507,-0.7809407,-0.2618342,Nothing
41.99146,24,2,3,0,0.7979729,1.048204,0.2615485,21.49215,89.1245,90.63012,0.7481891,0.9898641,0.1832741,-0.7529714,-0.7824572,-0.2658124,Nothing
41.99949,24,2,3,0,0.7969159,1.048416,0.261773,21.09249,89.41396,90.96749,0.7465377,0.9895737,0.1833822,-0.7612817,-0.781691,-0.2710913,Nothing
42.00735,24,2,3,0,0.7957811,1.048622,0.26204,20.67155,89.71416,91.3191,0.7452035,0.9893795,0.1835148,-0.767212,-0.781065,-0.2731463,Nothing
42.01614,24,2,3,0,0.7944726,1.048852,0.2623763,20.20021,90.02155,91.68678,0.7439604,0.9893277,0.1836144,-0.7710792,-0.7813531,-0.2736497,Nothing
42.02458,24,2,3,0,0.7930704,1.049071,0.2628205,19.69252,90.31793,92.0617,0.742624,0.9890749,0.1838781,-0.7767822,-0.780763,-0.2740808,Nothing
42.03259,24,2,3,0,0.7911492,1.049233,0.2633314,18.9737,90.75649,92.59994,0.7405851,0.9887171,0.1842732,-0.7841999,-0.7785105,-0.276977,Nothing
42.04153,24,2,3,0,0.7899289,1.049257,0.2635088,18.5112,91.06384,92.92287,0.7393028,0.988327,0.1847428,-0.7891366,-0.7737778,-0.2781739,Nothing
42.04958,24,2,3,0,0.7890884,1.04913,0.2637971,18.15507,91.35343,93.24249,0.7380099,0.9880475,0.1849942,-0.7934964,-0.7723753,-0.2828035,Nothing
42.05733,24,2,3,0,0.7885239,1.049157,0.2637473,17.89462,91.64931,93.50664,0.7368073,0.9877834,0.1851984,-0.7993132,-0.7687486,-0.287538,Nothing
42.06618,24,2,3,0,0.7887743,1.048964,0.2637593,17.83493,91.94154,93.77183,0.7356985,0.9875504,0.1852538,-0.8060835,-0.7674228,-0.297434,Nothing
42.07465,24,2,3,0,0.7884308,1.048827,0.263899,17.61226,92.19955,94.05994,0.7347653,0.9876502,0.1852434,-0.8074538,-0.7676141,-0.303244,Nothing
42.08261,24,2,3,0,0.7882909,1.048925,0.2637695,17.47843,92.40236,94.25899,0.7337818,0.9875905,0.185425,-0.8126029,-0.763628,-0.3100637,Nothing
42.09132,24,2,3,0,0.7881522,1.048942,0.2635407,17.34462,92.55414,94.41731,0.7329301,0.9875717,0.1856731,-0.8156664,-0.7581412,-0.3167771,Nothing
42.1005,24,2,3,0,0.7877614,1.049176,0.2631752,17.068,92.76053,94.64577,0.7315146,0.9875653,0.1860398,-0.8213742,-0.7495832,-0.3272001,Nothing
42.11015,24,2,3,0,0.7872839,1.049486,0.2626097,16.88528,92.7822,94.66959,0.7308354,0.9876781,0.1864774,-0.8224043,-0.7392318,-0.3311793,Nothing
42.12462,24,2,3,0,0.7866945,1.050168,0.2613018,16.56649,92.91264,94.77485,0.7292544,0.9879293,0.1872798,-0.8271236,-0.7176031,-0.3431245,Nothing
42.1344,24,2,3,0,0.7864468,1.050429,0.2608405,16.44701,92.9951,94.84619,0.7285246,0.9880248,0.1876186,-0.829502,-0.7093137,-0.3482758,Nothing
42.14937,24,2,3,0,0.786181,1.050821,0.2598303,16.21636,93.17372,95.01643,0.7273327,0.9885992,0.1881754,-0.8294184,-0.6932606,-0.3594603,Nothing
42.15708,24,2,3,0,0.7860022,1.051017,0.259292,16.09329,93.27415,95.10308,0.7267183,0.9888959,0.1884215,-0.8290935,-0.685344,-0.3648039,Nothing
42.16631,24,2,3,0,0.7857509,1.051335,0.2585545,15.90314,93.44173,95.2291,0.7259489,0.9894766,0.1887842,-0.8270038,-0.6745647,-0.3716656,Nothing
42.1739,24,2,3,0,0.7855735,1.051612,0.2579846,15.76467,93.58442,95.29498,0.7254872,0.9899067,0.1889427,-0.8252498,-0.6679962,-0.3753726,Nothing
42.18259,24,2,3,0,0.7851649,1.051817,0.2574632,15.61609,93.72546,95.33784,0.7249789,0.9902583,0.1891395,-0.8227077,-0.6617863,-0.3774216,Nothing
42.19028,24,2,3,0,0.7851887,1.052073,0.2567061,15.48395,93.91286,95.35447,0.7244588,0.9905839,0.18935,-0.8216482,-0.6540146,-0.3830217,Nothing
42.20009,24,2,3,0,0.7850872,1.052489,0.2559757,15.34117,94.07177,95.36464,0.7238449,0.9908831,0.1894883,-0.8223191,-0.646899,-0.3882771,Nothing
42.20715,24,2,3,0,0.784814,1.052841,0.2553826,15.17463,94.22198,95.39938,0.7233034,0.9911606,0.1896648,-0.8221074,-0.6403064,-0.3916467,Nothing
42.21645,24,2,3,0,0.7847807,1.052966,0.2546812,15.02881,94.33019,95.41861,0.7228044,0.9913288,0.1897451,-0.8213232,-0.6335901,-0.3975403,Nothing
42.22477,24,2,3,0,0.7842922,1.053365,0.2539985,14.77113,94.53153,95.51641,0.7219957,0.9916469,0.1899996,-0.8210955,-0.6250416,-0.4022054,Nothing
42.23253,24,2,3,0,0.7837152,1.053534,0.2536603,14.60052,94.67248,95.60832,0.7215365,0.9917708,0.1901867,-0.8203287,-0.6198686,-0.4019352,Nothing
42.24033,24,2,3,0,0.7834744,1.053674,0.253364,14.48304,94.77374,95.70513,0.7210496,0.991873,0.1903365,-0.8210115,-0.6151985,-0.4049811,Nothing
42.24926,24,2,3,0,0.7833645,1.053764,0.2531119,14.41358,94.85753,95.80811,0.7205637,0.9919274,0.1906159,-0.8223598,-0.6094463,-0.4089699,Nothing
42.25713,24,2,3,0,0.7837794,1.053687,0.2524449,14.35474,94.94648,95.86349,0.7200521,0.9918932,0.1909403,-0.823528,-0.600192,-0.4187845,Nothing
42.26556,24,2,3,0,0.7837886,1.053673,0.2522519,14.3563,94.94105,95.96087,0.7196103,0.991845,0.1913757,-0.825544,-0.5926085,-0.4237168,Nothing
42.27351,24,2,3,0,0.783338,1.053928,0.2520854,14.30955,94.93034,96.03404,0.7191908,0.9919401,0.1916611,-0.8270791,-0.5867119,-0.4241336,Nothing
42.28268,24,2,3,0,0.7829425,1.054036,0.2515433,14.25206,94.88498,96.09133,0.7185763,0.9919477,0.1922393,-0.8279121,-0.5741212,-0.4282573,Nothing
42.29055,24,2,3,0,0.7828282,1.054126,0.2513021,14.26936,94.78406,96.05882,0.718456,0.9919293,0.1925009,-0.8285274,-0.5682865,-0.4293531,Nothing
42.29941,24,2,3,0,0.782664,1.054366,0.2507134,14.30254,94.62322,96.03909,0.7183638,0.9920941,0.1930929,-0.8283796,-0.5547259,-0.4307251,Nothing
42.30762,24,2,3,0,0.7827871,1.054398,0.2501937,14.35171,94.51547,96.00476,0.7181194,0.9921486,0.1935343,-0.8284907,-0.5444947,-0.4356558,Nothing
42.3157,24,2,3,0,0.7827647,1.054705,0.2496531,14.38226,94.43135,95.99026,0.7180145,0.9921843,0.1939557,-0.8307587,-0.5337745,-0.4370016,Nothing
42.32398,24,2,3,0,0.7829308,1.054829,0.2491255,14.49399,94.33316,95.92553,0.7178214,0.9922554,0.1943735,-0.8318052,-0.5240901,-0.440629,Nothing
42.33218,24,2,3,0,0.7831656,1.054967,0.2486134,14.57057,94.24181,95.88788,0.7175449,0.9923315,0.1947843,-0.8333435,-0.5143976,-0.4460827,Nothing
42.34051,24,2,3,0,0.7832515,1.055072,0.2481782,14.64202,94.17445,95.85006,0.7173492,0.9923863,0.1951205,-0.8342438,-0.5063984,-0.4489883,Nothing
42.34879,24,2,3,0,0.7832606,1.055144,0.2478669,14.69856,94.10917,95.83821,0.7171648,0.9923998,0.1953497,-0.8352948,-0.5003437,-0.4510047,Nothing
42.35835,24,2,3,0,0.7834129,1.05519,0.2474564,14.76003,94.01074,95.82737,0.7168338,0.9924176,0.1956906,-0.836745,-0.4919089,-0.4563359,Nothing
42.36599,24,2,3,0,0.7831817,1.055215,0.2473877,14.74177,93.97083,95.86507,0.7164713,0.992416,0.1957197,-0.8375022,-0.4899574,-0.4582622,Nothing
42.37409,24,2,3,0,0.7828601,1.055216,0.2472826,14.71213,93.90314,95.8975,0.716217,0.9923425,0.1957662,-0.8380592,-0.4870924,-0.4585677,Nothing
42.38268,24,2,3,0,0.7824996,1.055207,0.2472802,14.65855,93.87168,95.94491,0.7159699,0.9923,0.1957547,-0.8381175,-0.4860944,-0.4583935,Nothing
42.39056,24,2,3,0,0.7821602,1.055193,0.2472732,14.61118,93.84552,95.98636,0.7157593,0.9922181,0.195728,-0.8384735,-0.4853058,-0.4578364,Nothing
42.39944,24,2,3,0,0.7819279,1.055064,0.2472347,14.59534,93.83103,96.02229,0.7154732,0.9921961,0.1955023,-0.8379242,-0.4866605,-0.4588753,Nothing
42.4073,24,2,3,0,0.781722,1.055028,0.247208,14.57852,93.82107,96.05721,0.7151731,0.9920991,0.1953702,-0.8390424,-0.4870932,-0.4599028,Nothing
42.41651,24,2,3,0,0.7814716,1.054998,0.2470494,14.56484,93.80251,96.0994,0.7148299,0.9920451,0.1951949,-0.8398066,-0.4864563,-0.4611112,Nothing
42.43439,24,2,3,0,0.7811388,1.054919,0.2470474,14.53731,93.77199,96.14066,0.7142741,0.9918799,0.1949554,-0.8416246,-0.4879318,-0.4636055,Nothing
42.44982,24,2,3,0,0.7808005,1.054784,0.2470327,14.53249,93.70135,96.18873,0.713657,0.9916198,0.194743,-0.8442293,-0.4883951,-0.4666568,SelectionStart
42.44984,24,2,3,0,0.7808005,1.054784,0.2470327,14.53249,93.70135,96.18873,0.713657,0.9916198,0.194743,-0.8442293,-0.4883951,-0.4666568,SelectionEnd
42.45324,24,2,3,0,0.7808005,1.054784,0.2470327,14.53249,93.70135,96.18873,0.713657,0.9916198,0.194743,-0.8442293,-0.4883951,-0.4666568,GotSelection
42.50235,24,2,3,0,0.7795677,1.054869,0.2467506,14.54367,93.43932,96.2985,0.7122367,0.9905254,0.1946025,-0.8575169,-0.4810852,-0.467959,SelectionStart
42.50237,24,2,3,0,0.7795677,1.054869,0.2467506,14.54367,93.43932,96.2985,0.7122367,0.9905254,0.1946025,-0.8575169,-0.4810852,-0.467959,SelectionEnd
42.50559,24,2,3,0,0.7795677,1.054869,0.2467506,14.54367,93.43932,96.2985,0.7122367,0.9905254,0.1946025,-0.8575169,-0.4810852,-0.467959,GotSelection
42.51608,24,2,3,0,0.7794247,1.055038,0.2464755,14.53361,93.39952,96.28793,0.7116518,0.9901405,0.1943796,-0.8639315,-0.4798036,-0.4714543,SelectionStart
42.5161,24,2,3,0,0.7794247,1.055038,0.2464755,14.53361,93.39952,96.28793,0.7116518,0.9901405,0.1943796,-0.8639315,-0.4798036,-0.4714543,SelectionEnd
42.51937,24,2,3,0,0.7794247,1.055038,0.2464755,14.53361,93.39952,96.28793,0.7116518,0.9901405,0.1943796,-0.8639315,-0.4798036,-0.4714543,GotSelection
42.52889,24,2,3,0,0.7791979,1.055174,0.2462698,14.52787,93.35865,96.2791,0.7112359,0.9898939,0.1942965,-0.8679872,-0.4778674,-0.4728865,SelectionStart
42.52892,24,2,3,0,0.7791979,1.055174,0.2462698,14.52787,93.35865,96.2791,0.7112359,0.9898939,0.1942965,-0.8679872,-0.4778674,-0.4728865,SelectionEnd
42.53225,24,2,3,0,0.7791979,1.055174,0.2462698,14.52787,93.35865,96.2791,0.7112359,0.9898939,0.1942965,-0.8679872,-0.4778674,-0.4728865,GotSelection
42.54295,24,2,3,0,0.7787927,1.055387,0.2458727,14.49665,93.30603,96.2449,0.7105811,0.989543,0.1941157,-0.873489,-0.4750727,-0.4749783,SelectionStart
42.54296,24,2,3,0,0.7787927,1.055387,0.2458727,14.49665,93.30603,96.2449,0.7105811,0.989543,0.1941157,-0.873489,-0.4750727,-0.4749783,SelectionEnd
42.54626,24,2,3,0,0.7787927,1.055387,0.2458727,14.49665,93.30603,96.2449,0.7105811,0.989543,0.1941157,-0.873489,-0.4750727,-0.4749783,GotSelection
42.55836,24,2,3,0,0.7783658,1.055488,0.2456106,14.48028,93.22594,96.21777,0.7100697,0.9892514,0.1941476,-0.8770139,-0.4711797,-0.4759747,SelectionStart
42.55837,24,2,3,0,0.7783658,1.055488,0.2456106,14.48028,93.22594,96.21777,0.7100697,0.9892514,0.1941476,-0.8770139,-0.4711797,-0.4759747,SelectionEnd
42.56171,24,2,3,0,0.7783658,1.055488,0.2456106,14.48028,93.22594,96.21777,0.7100697,0.9892514,0.1941476,-0.8770139,-0.4711797,-0.4759747,GotSelection
42.57433,24,2,3,0,0.7782602,1.055728,0.2452407,14.51706,93.14942,96.20035,0.7095479,0.9893572,0.1938902,-0.8795654,-0.4693396,-0.4799958,SelectionStart
42.57434,24,2,3,0,0.7782602,1.055728,0.2452407,14.51706,93.14942,96.20035,0.7095479,0.9893572,0.1938902,-0.8795654,-0.4693396,-0.4799958,SelectionEnd
42.57772,24,2,3,0,0.7782602,1.055728,0.2452407,14.51706,93.14942,96.20035,0.7095479,0.9893572,0.1938902,-0.8795654,-0.4693396,-0.4799958,GotSelection
42.58807,24,2,3,0,0.7781436,1.05583,0.245072,14.54747,93.10047,96.19621,0.7094244,0.9894073,0.193835,-0.8802564,-0.4675885,-0.4800197,SelectionStart
42.58809,24,2,3,0,0.7781436,1.05583,0.245072,14.54747,93.10047,96.19621,0.7094244,0.9894073,0.193835,-0.8802564,-0.4675885,-0.4800197,SelectionEnd
42.59141,24,2,3,0,0.7781436,1.05583,0.245072,14.54747,93.10047,96.19621,0.7094244,0.9894073,0.193835,-0.8802564,-0.4675885,-0.4800197,GotSelection
42.6031,24,2,3,0,0.777926,1.055922,0.2448586,14.55094,93.04337,96.16714,0.7090535,0.989541,0.1934378,-0.8802844,-0.4692998,-0.4820312,SelectionStart
42.60313,24,2,3,0,0.777926,1.055922,0.2448586,14.55094,93.04337,96.16714,0.7090535,0.989541,0.1934378,-0.8802844,-0.4692998,-0.4820312,SelectionEnd
42.60649,24,2,3,0,0.777926,1.055922,0.2448586,14.55094,93.04337,96.16714,0.7090535,0.989541,0.1934378,-0.8802844,-0.4692998,-0.4820312,GotSelection
42.61629,24,2,3,0,0.7778392,1.056121,0.2445305,14.56222,93.00444,96.12669,0.7086091,0.9898907,0.1930093,-0.8796369,-0.4707146,-0.4860987,SelectionStart
42.61631,24,2,3,0,0.7778392,1.056121,0.2445305,14.56222,93.00444,96.12669,0.7086091,0.9898907,0.1930093,-0.8796369,-0.4707146,-0.4860987,SelectionEnd
42.61964,24,2,3,0,0.7778392,1.056121,0.2445305,14.56222,93.00444,96.12669,0.7086091,0.9898907,0.1930093,-0.8796369,-0.4707146,-0.4860987,GotSelection
42.62934,24,2,3,0,0.7778176,1.056217,0.2443276,14.59957,92.96992,96.08257,0.708354,0.9902676,0.1924561,-0.8778118,-0.4748518,-0.4887351,SelectionStart
42.62936,24,2,3,0,0.7778176,1.056217,0.2443276,14.59957,92.96992,96.08257,0.708354,0.9902676,0.1924561,-0.8778118,-0.4748518,-0.4887351,SelectionEnd
42.63261,24,2,3,0,0.7778176,1.056217,0.2443276,14.59957,92.96992,96.08257,0.708354,0.9902676,0.1924561,-0.8778118,-0.4748518,-0.4887351,GotSelection
42.64202,24,2,3,0,0.7778534,1.056318,0.2440964,14.66802,92.91659,96.01991,0.7082477,0.9908127,0.1915788,-0.8745597,-0.4821551,-0.4904826,SelectionStart
42.64204,24,2,3,0,0.7778534,1.056318,0.2440964,14.66802,92.91659,96.01991,0.7082477,0.9908127,0.1915788,-0.8745597,-0.4821551,-0.4904826,SelectionEnd
42.64548,24,2,3,0,0.7778534,1.056318,0.2440964,14.66802,92.91659,96.01991,0.7082477,0.9908127,0.1915788,-0.8745597,-0.4821551,-0.4904826,GotSelection
42.68894,24,2,3,0,0.7773275,1.055852,0.2447542,14.70922,92.75172,96.13474,0.7082493,0.9940115,0.1880287,-0.8428019,-0.5248091,-0.4937816,SelectionStart
42.68896,24,2,3,0,0.7773275,1.055852,0.2447542,14.70922,92.75172,96.13474,0.7082493,0.9940115,0.1880287,-0.8428019,-0.5248091,-0.4937816,SelectionEnd
42.69228,24,2,3,0,0.7773275,1.055852,0.2447542,14.70922,92.75172,96.13474,0.7082493,0.9940115,0.1880287,-0.8428019,-0.5248091,-0.4937816,GotSelection
42.7016,24,2,3,0,0.7770438,1.055696,0.2451502,14.6697,92.73347,96.2393,0.7084217,0.995603,0.1865766,-0.8269259,-0.5436152,-0.4936583,SelectionStart
42.70162,24,2,3,0,0.7770438,1.055696,0.2451502,14.6697,92.73347,96.2393,0.7084217,0.995603,0.1865766,-0.8269259,-0.5436152,-0.4936583,SelectionEnd
42.70488,24,2,3,0,0.7770438,1.055696,0.2451502,14.6697,92.73347,96.2393,0.7084217,0.995603,0.1865766,-0.8269259,-0.5436152,-0.4936583,GotSelection
42.71601,24,2,3,0,0.7768307,1.055558,0.2454601,14.64268,92.72404,96.29309,0.7084651,0.9969015,0.1855853,-0.813747,-0.5574519,-0.4946838,SelectionStart
42.71603,24,2,3,0,0.7768307,1.055558,0.2454601,14.64268,92.72404,96.29309,0.7084651,0.9969015,0.1855853,-0.813747,-0.5574519,-0.4946838,SelectionEnd
42.71931,24,2,3,0,0.7768307,1.055558,0.2454601,14.64268,92.72404,96.29309,0.7084651,0.9969015,0.1855853,-0.813747,-0.5574519,-0.4946838,GotSelection
42.72976,24,2,3,0,0.7766815,1.055368,0.24574,14.64005,92.71451,96.33504,0.7086138,0.9988282,0.1842675,-0.7942058,-0.5751955,-0.4965956,SelectionStart
42.72978,24,2,3,0,0.7766815,1.055368,0.24574,14.64005,92.71451,96.33504,0.7086138,0.9988282,0.1842675,-0.7942058,-0.5751955,-0.4965956,SelectionEnd
42.73305,24,2,3,0,0.7766815,1.055368,0.24574,14.64005,92.71451,96.33504,0.7086138,0.9988282,0.1842675,-0.7942058,-0.5751955,-0.4965956,GotSelection
42.74365,24,2,3,0,0.7769169,1.055152,0.2457744,14.73197,92.6996,96.31471,0.7088709,1.000654,0.1833425,-0.775702,-0.5871548,-0.5002312,SelectionStart
42.74368,24,2,3,0,0.7769169,1.055152,0.2457744,14.73197,92.6996,96.31471,0.7088709,1.000654,0.1833425,-0.775702,-0.5871548,-0.5002312,SelectionEnd
42.74815,24,2,3,0,0.7769169,1.055152,0.2457744,14.73197,92.6996,96.31471,0.7088709,1.000654,0.1833425,-0.775702,-0.5871548,-0.5002312,GotSelection
42.75845,24,2,3,0,0.7771431,1.054887,0.2460527,14.82938,92.65739,96.32346,0.7091891,1.003055,0.1821235,-0.7518315,-0.6045077,-0.5048777,SelectionStart
42.75847,24,2,3,0,0.7771431,1.054887,0.2460527,14.82938,92.65739,96.32346,0.7091891,1.003055,0.1821235,-0.7518315,-0.6045077,-0.5048777,SelectionEnd
42.76215,24,2,3,0,0.7771431,1.054887,0.2460527,14.82938,92.65739,96.32346,0.7091891,1.003055,0.1821235,-0.7518315,-0.6045077,-0.5048777,GotSelection
42.77454,24,2,3,0,0.7773903,1.054729,0.2462892,14.91315,92.61858,96.35307,0.7095813,1.005691,0.1810466,-0.7265049,-0.6199213,-0.5096459,SelectionStart
42.77456,24,2,3,0,0.7773903,1.054729,0.2462892,14.91315,92.61858,96.35307,0.7095813,1.005691,0.1810466,-0.7265049,-0.6199213,-0.5096459,SelectionEnd
42.7784,24,2,3,0,0.7773903,1.054729,0.2462892,14.91315,92.61858,96.35307,0.7095813,1.005691,0.1810466,-0.7265049,-0.6199213,-0.5096459,GotSelection
42.79099,24,2,3,0,0.7774596,1.05449,0.246628,14.94243,92.59347,96.40224,0.7100529,1.008381,0.1799129,-0.6990812,-0.6370577,-0.5126933,SelectionStart
42.79101,24,2,3,0,0.7774596,1.05449,0.246628,14.94243,92.59347,96.40224,0.7100529,1.008381,0.1799129,-0.6990812,-0.6370577,-0.5126933,SelectionEnd
42.79453,24,2,3,0,0.7774596,1.05449,0.246628,14.94243,92.59347,96.40224,0.7100529,1.008381,0.1799129,-0.6990812,-0.6370577,-0.5126933,GotSelection
42.80514,24,2,3,0,0.7774858,1.054368,0.2469057,14.93812,92.58176,96.47069,0.7105159,1.011015,0.1788171,-0.6730886,-0.6530083,-0.5152161,SelectionStart
42.80515,24,2,3,0,0.7774858,1.054368,0.2469057,14.93812,92.58176,96.47069,0.7105159,1.011015,0.1788171,-0.6730886,-0.6530083,-0.5152161,SelectionEnd
42.80849,24,2,3,0,0.7774858,1.054368,0.2469057,14.93812,92.58176,96.47069,0.7105159,1.011015,0.1788171,-0.6730886,-0.6530083,-0.5152161,GotSelection
42.82001,24,2,3,0,0.7774173,1.054146,0.2472571,14.92157,92.59837,96.54108,0.7109282,1.013546,0.1776967,-0.646996,-0.6703281,-0.5170264,SelectionStart
42.82005,24,2,3,0,0.7774173,1.054146,0.2472571,14.92157,92.59837,96.54108,0.7109282,1.013546,0.1776967,-0.646996,-0.6703281,-0.5170264,SelectionEnd
42.82404,24,2,3,0,0.7774173,1.054146,0.2472571,14.92157,92.59837,96.54108,0.7109282,1.013546,0.1776967,-0.646996,-0.6703281,-0.5170264,GotSelection
42.83504,24,2,3,0,0.777308,1.053817,0.2476046,14.84464,92.66327,96.64979,0.7116255,1.01601,0.1766084,-0.6194863,-0.687537,-0.5156698,SelectionStart
42.83508,24,2,3,0,0.777308,1.053817,0.2476046,14.84464,92.66327,96.64979,0.7116255,1.01601,0.1766084,-0.6194863,-0.687537,-0.5156698,SelectionEnd
42.83911,24,2,3,0,0.777308,1.053817,0.2476046,14.84464,92.66327,96.64979,0.7116255,1.01601,0.1766084,-0.6194863,-0.687537,-0.5156698,GotSelection
42.84977,24,2,3,0,0.7771053,1.053631,0.2479343,14.76595,92.72623,96.74242,0.7120742,1.018349,0.1754005,-0.5949637,-0.7057273,-0.5150278,SelectionStart
42.84979,24,2,3,0,0.7771053,1.053631,0.2479343,14.76595,92.72623,96.74242,0.7120742,1.018349,0.1754005,-0.5949637,-0.7057273,-0.5150278,SelectionEnd
42.85323,24,2,3,0,0.7771053,1.053631,0.2479343,14.76595,92.72623,96.74242,0.7120742,1.018349,0.1754005,-0.5949637,-0.7057273,-0.5150278,GotSelection
42.89176,24,2,3,0,0.7775679,1.053258,0.2483773,14.80639,92.88123,96.86351,0.7135438,1.023485,0.1731773,-0.5427738,-0.7394785,-0.5157722,SelectionStart
42.89178,24,2,3,0,0.7775679,1.053258,0.2483773,14.80639,92.88123,96.86351,0.7135438,1.023485,0.1731773,-0.5427738,-0.7394785,-0.5157722,SelectionEnd
42.89504,24,2,3,0,0.7775679,1.053258,0.2483773,14.80639,92.88123,96.86351,0.7135438,1.023485,0.1731773,-0.5427738,-0.7394785,-0.5157722,GotSelection
42.90723,24,2,3,0,0.7776123,1.053429,0.2481467,14.82057,92.86261,96.81536,0.7139408,1.024933,0.17264,-0.529212,-0.7442459,-0.5156209,SelectionStart
42.90725,24,2,3,0,0.7776123,1.053429,0.2481467,14.82057,92.86261,96.81536,0.7139408,1.024933,0.17264,-0.529212,-0.7442459,-0.5156209,SelectionEnd
42.91071,24,2,3,0,0.7776123,1.053429,0.2481467,14.82057,92.86261,96.81536,0.7139408,1.024933,0.17264,-0.529212,-0.7442459,-0.5156209,GotSelection
42.92184,24,2,3,0,0.7776937,1.053768,0.2479737,14.81475,92.86568,96.78569,0.7141007,1.02573,0.1724262,-0.5241149,-0.7454906,-0.5160261,SelectionStart
42.92185,24,2,3,0,0.7776937,1.053768,0.2479737,14.81475,92.86568,96.78569,0.7141007,1.02573,0.1724262,-0.5241149,-0.7454906,-0.5160261,SelectionEnd
42.92509,24,2,3,0,0.7776937,1.053768,0.2479737,14.81475,92.86568,96.78569,0.7141007,1.02573,0.1724262,-0.5241149,-0.7454906,-0.5160261,GotSelection
42.93492,24,2,3,0,0.7776681,1.053806,0.2478233,14.80982,92.87383,96.76988,0.714187,1.026082,0.1723577,-0.5203828,-0.745244,-0.5157107,SelectionStart
42.93494,24,2,3,0,0.7776681,1.053806,0.2478233,14.80982,92.87383,96.76988,0.714187,1.026082,0.1723577,-0.5203828,-0.745244,-0.5157107,SelectionEnd
42.93819,24,2,3,0,0.7776681,1.053806,0.2478233,14.80982,92.87383,96.76988,0.714187,1.026082,0.1723577,-0.5203828,-0.745244,-0.5157107,GotSelection
42.94894,24,2,3,0,0.7776927,1.053942,0.2476448,14.79865,92.89609,96.74004,0.7135396,1.025249,0.172822,-0.5304266,-0.7382746,-0.519909,SelectionStart
42.94897,24,2,3,0,0.7776927,1.053942,0.2476448,14.79865,92.89609,96.74004,0.7135396,1.025249,0.172822,-0.5304266,-0.7382746,-0.519909,SelectionEnd
42.95241,24,2,3,0,0.7776927,1.053942,0.2476448,14.79865,92.89609,96.74004,0.7135396,1.025249,0.172822,-0.5304266,-0.7382746,-0.519909,GotSelection
42.96201,24,2,3,0,0.7776463,1.054088,0.2475106,14.7889,92.91913,96.72278,0.7129096,1.024342,0.1733535,-0.5412186,-0.7308592,-0.5230149,SelectionStart
42.96204,24,2,3,0,0.7776463,1.054088,0.2475106,14.7889,92.91913,96.72278,0.7129096,1.024342,0.1733535,-0.5412186,-0.7308592,-0.5230149,SelectionEnd
42.96526,24,2,3,0,0.7776463,1.054088,0.2475106,14.7889,92.91913,96.72278,0.7129096,1.024342,0.1733535,-0.5412186,-0.7308592,-0.5230149,GotSelection
42.97506,24,2,3,0,0.7775842,1.05418,0.247273,14.7615,92.95522,96.7124,0.7120616,1.022808,0.1741752,-0.5576442,-0.7189521,-0.5268049,SelectionStart
42.97508,24,2,3,0,0.7775842,1.05418,0.247273,14.7615,92.95522,96.7124,0.7120616,1.022808,0.1741752,-0.5576442,-0.7189521,-0.5268049,SelectionEnd
42.97861,24,2,3,0,0.7775842,1.05418,0.247273,14.7615,92.95522,96.7124,0.7120616,1.022808,0.1741752,-0.5576442,-0.7189521,-0.5268049,GotSelection
42.98935,24,2,3,0,0.7774912,1.054265,0.2472295,14.74205,92.95763,96.71925,0.7110149,1.021019,0.1751365,-0.5773607,-0.7067978,-0.5319759,SelectionStart
42.98938,24,2,3,0,0.7774912,1.054265,0.2472295,14.74205,92.95763,96.71925,0.7110149,1.021019,0.1751365,-0.5773607,-0.7067978,-0.5319759,SelectionEnd
42.9932,24,2,3,0,0.7774912,1.054265,0.2472295,14.74205,92.95763,96.71925,0.7110149,1.021019,0.1751365,-0.5773607,-0.7067978,-0.5319759,GotSelection
43.00404,24,2,3,0,0.7775508,1.054398,0.2471976,14.75325,92.94791,96.7201,0.7094554,1.017946,0.1765874,-0.6116065,-0.6882898,-0.540381,SelectionStart
43.00406,24,2,3,0,0.7775508,1.054398,0.2471976,14.75325,92.94791,96.7201,0.7094554,1.017946,0.1765874,-0.6116065,-0.6882898,-0.540381,SelectionEnd
43.00752,24,2,3,0,0.7775508,1.054398,0.2471976,14.75325,92.94791,96.7201,0.7094554,1.017946,0.1765874,-0.6116065,-0.6882898,-0.540381,GotSelection
43.01804,24,2,3,0,0.7774918,1.054502,0.2470667,14.76338,92.94556,96.71697,0.7078118,1.014448,0.1781207,-0.6493821,-0.6676052,-0.5474077,SelectionStart
43.01807,24,2,3,0,0.7774918,1.054502,0.2470667,14.76338,92.94556,96.71697,0.7078118,1.014448,0.1781207,-0.6493821,-0.6676052,-0.5474077,SelectionEnd
43.02132,24,2,3,0,0.7774918,1.054502,0.2470667,14.76338,92.94556,96.71697,0.7078118,1.014448,0.1781207,-0.6493821,-0.6676052,-0.5474077,GotSelection
43.03285,24,2,3,0,0.7774555,1.054605,0.2469377,14.7439,92.96397,96.70855,0.7063259,1.011536,0.1795655,-0.6807564,-0.6488425,-0.5546311,SelectionStart
43.03288,24,2,3,0,0.7774555,1.054605,0.2469377,14.7439,92.96397,96.70855,0.7063259,1.011536,0.1795655,-0.6807564,-0.6488425,-0.5546311,SelectionEnd
43.03634,24,2,3,0,0.7774555,1.054605,0.2469377,14.7439,92.96397,96.70855,0.7063259,1.011536,0.1795655,-0.6807564,-0.6488425,-0.5546311,GotSelection
43.07655,24,2,3,0,0.7765297,1.055366,0.2465869,14.47526,93.05128,96.72474,0.7012081,0.9997434,0.1857654,-0.8052906,-0.5701389,-0.5691513,SelectionStart
43.07656,24,2,3,0,0.7765297,1.055366,0.2465869,14.47526,93.05128,96.72474,0.7012081,0.9997434,0.1857654,-0.8052906,-0.5701389,-0.5691513,SelectionEnd
43.08014,24,2,3,0,0.7765297,1.055366,0.2465869,14.47526,93.05128,96.72474,0.7012081,0.9997434,0.1857654,-0.8052906,-0.5701389,-0.5691513,GotSelection
43.092,24,2,3,0,0.7762912,1.055576,0.2464556,14.43605,93.05081,96.72257,0.7003642,0.9973056,0.1876809,-0.8302612,-0.5465528,-0.5699726,SelectionStart
43.09203,24,2,3,0,0.7762912,1.055576,0.2464556,14.43605,93.05081,96.72257,0.7003642,0.9973056,0.1876809,-0.8302612,-0.5465528,-0.5699726,SelectionEnd
43.09542,24,2,3,0,0.7762912,1.055576,0.2464556,14.43605,93.05081,96.72257,0.7003642,0.9973056,0.1876809,-0.8302612,-0.5465528,-0.5699726,GotSelection
43.11179,24,2,3,0,0.7762562,1.055548,0.2464817,14.49888,93.05862,96.7611,0.6990613,0.9934934,0.1913263,-0.8677951,-0.5052561,-0.5738013,SelectionStart
43.11182,24,2,3,0,0.7762562,1.055548,0.2464817,14.49888,93.05862,96.7611,0.6990613,0.9934934,0.1913263,-0.8677951,-0.5052561,-0.5738013,SelectionEnd
43.1175,24,2,3,0,0.7762562,1.055548,0.2464817,14.49888,93.05862,96.7611,0.6990613,0.9934934,0.1913263,-0.8677951,-0.5052561,-0.5738013,GotSelection
43.13235,24,2,3,0,0.7776724,1.054062,0.2486033,15.25338,92.70089,97.273,0.6976486,0.9895971,0.1960766,-0.9082525,-0.4624832,-0.5893714,SelectionStart
43.13237,24,2,3,0,0.7776724,1.054062,0.2486033,15.25338,92.70089,97.273,0.6976486,0.9895971,0.1960766,-0.9082525,-0.4624832,-0.5893714,SelectionEnd
43.13621,24,2,3,0,0.7776724,1.054062,0.2486033,15.25338,92.70089,97.273,0.6976486,0.9895971,0.1960766,-0.9082525,-0.4624832,-0.5893714,GotSelection
43.14698,24,2,3,0,0.7765312,1.05354,0.2489401,15.32187,92.46413,97.27223,0.6973252,0.9876733,0.1987652,-0.9178385,-0.4334479,-0.5798209,SelectionStart
43.14701,24,2,3,0,0.7765312,1.05354,0.2489401,15.32187,92.46413,97.27223,0.6973252,0.9876733,0.1987652,-0.9178385,-0.4334479,-0.5798209,SelectionEnd
43.15042,24,2,3,0,0.7765312,1.05354,0.2489401,15.32187,92.46413,97.27223,0.6973252,0.9876733,0.1987652,-0.9178385,-0.4334479,-0.5798209,GotSelection
43.1601,24,2,3,0,0.7732201,1.055246,0.247325,14.33983,92.56707,96.80102,0.6971521,0.9864089,0.2009965,-0.9210777,-0.4006641,-0.5566616,SelectionStart
43.16012,24,2,3,0,0.7732201,1.055246,0.247325,14.33983,92.56707,96.80102,0.6971521,0.9864089,0.2009965,-0.9210777,-0.4006641,-0.5566616,SelectionEnd
43.16366,24,2,3,0,0.7732201,1.055246,0.247325,14.33983,92.56707,96.80102,0.6971521,0.9864089,0.2009965,-0.9210777,-0.4006641,-0.5566616,GotSelection
43.17413,24,2,3,0,0.7728971,1.056358,0.2469563,14.07222,92.65076,96.71264,0.6961271,0.9841222,0.2041879,-0.9491589,-0.363618,-0.5601233,SelectionStart
43.17416,24,2,3,0,0.7728971,1.056358,0.2469563,14.07222,92.65076,96.71264,0.6961271,0.9841222,0.2041879,-0.9491589,-0.363618,-0.5601233,SelectionEnd
43.17772,24,2,3,0,0.7728971,1.056358,0.2469563,14.07222,92.65076,96.71264,0.6961271,0.9841222,0.2041879,-0.9491589,-0.363618,-0.5601233,GotSelection
43.18735,24,2,3,0,0.773243,1.05655,0.2469279,14.11421,92.837,96.78015,0.6957418,0.9825201,0.2064637,-0.9668894,-0.3396621,-0.561863,SelectionStart
43.18736,24,2,3,0,0.773243,1.05655,0.2469279,14.11421,92.837,96.78015,0.6957418,0.9825201,0.2064637,-0.9668894,-0.3396621,-0.561863,SelectionEnd
43.19083,24,2,3,0,0.773243,1.05655,0.2469279,14.11421,92.837,96.78015,0.6957418,0.9825201,0.2064637,-0.9668894,-0.3396621,-0.561863,GotSelection
43.20063,24,2,3,0,0.7743992,1.056523,0.247299,14.35575,92.94833,96.93586,0.695585,0.9812335,0.2081247,-0.9844336,-0.3239709,-0.5675572,SelectionStart
43.20065,24,2,3,0,0.7743992,1.056523,0.247299,14.35575,92.94833,96.93586,0.695585,0.9812335,0.2081247,-0.9844336,-0.3239709,-0.5675572,SelectionEnd
43.20416,24,2,3,0,0.7743992,1.056523,0.247299,14.35575,92.94833,96.93586,0.695585,0.9812335,0.2081247,-0.9844336,-0.3239709,-0.5675572,GotSelection
43.21555,24,2,3,0,0.7740718,1.056876,0.2471951,14.3132,92.86594,96.92337,0.6955733,0.9794409,0.2105577,-1.001413,-0.2947808,-0.5615915,SelectionStart
43.21556,24,2,3,0,0.7740718,1.056876,0.2471951,14.3132,92.86594,96.92337,0.6955733,0.9794409,0.2105577,-1.001413,-0.2947808,-0.5615915,SelectionEnd
43.21887,24,2,3,0,0.7740718,1.056876,0.2471951,14.3132,92.86594,96.92337,0.6955733,0.9794409,0.2105577,-1.001413,-0.2947808,-0.5615915,GotSelection
43.23013,24,2,3,0,0.7732708,1.057364,0.2465996,14.21274,92.65594,96.73805,0.6952713,0.9776423,0.2133248,-1.017063,-0.2584259,-0.5556194,SelectionStart
43.23015,24,2,3,0,0.7732708,1.057364,0.2465996,14.21274,92.65594,96.73805,0.6952713,0.9776423,0.2133248,-1.017063,-0.2584259,-0.5556194,SelectionEnd
43.23345,24,2,3,0,0.7732708,1.057364,0.2465996,14.21274,92.65594,96.73805,0.6952713,0.9776423,0.2133248,-1.017063,-0.2584259,-0.5556194,GotSelection
43.24379,24,2,3,0,0.7728609,1.05792,0.2459868,14.17305,92.55775,96.56357,0.6952131,0.976254,0.2157942,-1.03086,-0.2267184,-0.5499508,SelectionStart
43.24381,24,2,3,0,0.7728609,1.05792,0.2459868,14.17305,92.55775,96.56357,0.6952131,0.976254,0.2157942,-1.03086,-0.2267184,-0.5499508,SelectionEnd
43.24719,24,2,3,0,0.7728609,1.05792,0.2459868,14.17305,92.55775,96.56357,0.6952131,0.976254,0.2157942,-1.03086,-0.2267184,-0.5499508,GotSelection
43.28725,24,2,3,0,0.7704158,1.056423,0.2497245,13.84603,92.42325,97.54502,0.6959955,0.9748219,0.2229949,-1.01851,-0.1723044,-0.5260861,SelectionStart
43.28727,24,2,3,0,0.7704158,1.056423,0.2497245,13.84603,92.42325,97.54502,0.6959955,0.9748219,0.2229949,-1.01851,-0.1723044,-0.5260861,SelectionEnd
43.29062,24,2,3,0,0.7704158,1.056423,0.2497245,13.84603,92.42325,97.54502,0.6959955,0.9748219,0.2229949,-1.01851,-0.1723044,-0.5260861,GotSelection
43.30002,24,2,3,0,0.770935,1.057015,0.2481455,13.98075,92.47542,97.136,0.6962984,0.9745619,0.224875,-1.023386,-0.1440543,-0.5250139,SelectionStart
43.30003,24,2,3,0,0.770935,1.057015,0.2481455,13.98075,92.47542,97.136,0.6962984,0.9745619,0.224875,-1.023386,-0.1440543,-0.5250139,SelectionEnd
43.30344,24,2,3,0,0.770935,1.057015,0.2481455,13.98075,92.47542,97.136,0.6962984,0.9745619,0.224875,-1.023386,-0.1440543,-0.5250139,GotSelection
43.31525,24,2,3,0,0.7705932,1.05731,0.2479133,13.95395,92.55011,96.9809,0.6968553,0.9737687,0.2274497,-1.028066,-0.1179556,-0.5148082,SelectionStart
43.31528,24,2,3,0,0.7705932,1.05731,0.2479133,13.95395,92.55011,96.9809,0.6968553,0.9737687,0.2274497,-1.028066,-0.1179556,-0.5148082,SelectionEnd
43.31886,24,2,3,0,0.7705932,1.05731,0.2479133,13.95395,92.55011,96.9809,0.6968553,0.9737687,0.2274497,-1.028066,-0.1179556,-0.5148082,GotSelection
43.32859,24,2,3,0,0.7702104,1.057672,0.2478792,13.86413,92.49763,96.92501,0.6967511,0.9733909,0.2285987,-1.03237,-0.1054648,-0.5125449,SelectionStart
43.32861,24,2,3,0,0.7702104,1.057672,0.2478792,13.86413,92.49763,96.92501,0.6967511,0.9733909,0.2285987,-1.03237,-0.1054648,-0.5125449,SelectionEnd
43.33199,24,2,3,0,0.7702104,1.057672,0.2478792,13.86413,92.49763,96.92501,0.6967511,0.9733909,0.2285987,-1.03237,-0.1054648,-0.5125449,GotSelection
43.34216,24,2,3,0,0.7701386,1.058022,0.2476004,13.89416,92.44396,96.79739,0.6966522,0.9729498,0.2296313,-1.038774,-0.0928241,-0.5111057,SelectionStart
43.34217,24,2,3,0,0.7701386,1.058022,0.2476004,13.89416,92.44396,96.79739,0.6966522,0.9729498,0.2296313,-1.038774,-0.0928241,-0.5111057,SelectionEnd
43.3455,24,2,3,0,0.7701386,1.058022,0.2476004,13.89416,92.44396,96.79739,0.6966522,0.9729498,0.2296313,-1.038774,-0.0928241,-0.5111057,GotSelection
43.35703,24,2,3,0,0.7703934,1.058104,0.2473616,13.99738,92.36503,96.7056,0.6971219,0.9728951,0.2302347,-1.039374,-0.08463739,-0.5074359,SelectionStart
43.35705,24,2,3,0,0.7703934,1.058104,0.2473616,13.99738,92.36503,96.7056,0.6971219,0.9728951,0.2302347,-1.039374,-0.08463739,-0.5074359,SelectionEnd
43.36037,24,2,3,0,0.7703934,1.058104,0.2473616,13.99738,92.36503,96.7056,0.6971219,0.9728951,0.2302347,-1.039374,-0.08463739,-0.5074359,GotSelection
43.37013,24,2,3,0,0.7707828,1.057992,0.2473159,14.11828,92.27545,96.68475,0.697646,0.9733922,0.2306675,-1.033509,-0.07956944,-0.5059579,SelectionStart
43.37016,24,2,3,0,0.7707828,1.057992,0.2473159,14.11828,92.27545,96.68475,0.697646,0.9733922,0.2306675,-1.033509,-0.07956944,-0.5059579,SelectionEnd
43.37344,24,2,3,0,0.7707828,1.057992,0.2473159,14.11828,92.27545,96.68475,0.697646,0.9733922,0.2306675,-1.033509,-0.07956944,-0.5059579,GotSelection
43.3989,24,2,3,0,0.7732931,1.05949,0.2446864,14.19191,92.52599,96.53076,0.6997629,0.9754545,0.2300488,-1.027428,-0.06581762,-0.5099735,Nothing
43.40727,24,2,3,0,0.7733135,1.05956,0.2446635,14.15341,92.52882,96.56352,0.7002586,0.9760422,0.2297218,-1.021162,-0.06889674,-0.5071079,Nothing
43.41599,24,2,3,0,0.7716816,1.058303,0.2459838,14.1342,92.50087,96.55858,0.7009887,0.9770157,0.2293579,-0.9948569,-0.0878667,-0.4890187,Nothing
43.42461,24,2,3,0,0.7716678,1.058218,0.2460691,14.1285,92.48442,96.5625,0.7019823,0.9780526,0.2286706,-0.982064,-0.09654353,-0.4816754,Nothing
43.43213,24,2,3,0,0.7732542,1.058918,0.2446049,14.23659,92.68981,96.40106,0.7028124,0.9788277,0.2283043,-0.9828472,-0.09083025,-0.4872968,Nothing
43.44048,24,2,3,0,0.7736175,1.058919,0.2444347,14.3257,92.63628,96.35603,0.703519,0.9795675,0.2276846,-0.9758185,-0.09615618,-0.4842446,Nothing
43.44882,24,2,3,0,0.7739195,1.058912,0.2443004,14.40073,92.58282,96.32108,0.704508,0.980303,0.2271402,-0.9677231,-0.1008659,-0.47809,Nothing
43.45743,24,2,3,0,0.7728131,1.058504,0.2453316,14.55601,92.40349,96.29159,0.7055157,0.9810683,0.2263464,-0.9537242,-0.1185027,-0.4575298,Nothing
43.46543,24,2,3,0,0.7732036,1.058488,0.245095,14.73143,92.24139,96.16914,0.7066763,0.9817736,0.225486,-0.9463323,-0.1254695,-0.4493092,Nothing
43.47466,24,2,3,0,0.7717616,1.056833,0.24653,14.967,91.92302,96.05096,0.7084413,0.9828906,0.2243008,-0.9147271,-0.1527554,-0.4215473,Nothing
43.48269,24,2,3,0,0.7723308,1.056647,0.2462673,15.30849,91.58511,95.8373,0.7098375,0.9835566,0.2232226,-0.9068437,-0.1612515,-0.4115542,Nothing
43.49102,24,2,3,0,0.772796,1.056658,0.2461172,15.56049,91.3125,95.73846,0.711237,0.9841065,0.2222091,-0.9013692,-0.1689492,-0.4009048,Nothing
43.49889,24,2,3,0,0.773496,1.056473,0.2457803,15.95027,90.93782,95.49569,0.7124966,0.9847429,0.2213004,-0.8943452,-0.1750461,-0.3932444,Nothing
43.50748,24,2,3,0,0.7745853,1.056093,0.245253,16.37028,90.5214,95.2162,0.7141926,0.9853835,0.2204544,-0.8850459,-0.1788656,-0.3855942,Nothing
43.51588,24,2,3,0,0.7756889,1.05643,0.2448185,16.85674,90.02071,94.93178,0.7156146,0.9859297,0.2195195,-0.8850222,-0.1829113,-0.3778855,Nothing
43.52433,24,2,3,0,0.7769358,1.056156,0.2440766,17.37228,89.46378,94.51246,0.717082,0.9864399,0.2185313,-0.8792135,-0.1862876,-0.3727089,Nothing
43.53257,24,2,3,0,0.7781122,1.056433,0.2435753,17.8498,88.91678,94.17943,0.7187258,0.986701,0.2171937,-0.8808655,-0.1939577,-0.3633689,Nothing
43.54034,24,2,3,0,0.7794177,1.056286,0.2427119,18.52731,88.1376,93.58437,0.7211243,0.9872779,0.2154258,-0.873777,-0.204668,-0.3484543,Nothing
43.54944,24,2,3,0,0.7804312,1.056353,0.2423298,18.99223,87.55547,93.1914,0.7226897,0.9878847,0.2140714,-0.8693238,-0.2148372,-0.3408013,Nothing
43.55708,24,2,3,0,0.7812219,1.056238,0.2419044,19.44401,86.99721,92.78889,0.7244207,0.9881793,0.2127006,-0.8645504,-0.2253697,-0.3292637,Nothing
43.56695,24,2,3,0,0.7816932,1.055752,0.2422601,19.89749,86.33485,92.48692,0.7266786,0.9884467,0.2110853,-0.8546143,-0.2446607,-0.3120952,Nothing
43.5823,24,2,3,0,0.7827685,1.055365,0.2419586,20.66727,85.29227,91.81489,0.7302921,0.9889178,0.2084444,-0.8414579,-0.270302,-0.2862181,Nothing
43.59014,24,2,3,0,0.7833979,1.055391,0.2418079,20.98633,84.80965,91.56453,0.7323824,0.9891043,0.2071246,-0.8365176,-0.2825674,-0.2716278,Nothing
43.59925,24,2,3,0,0.7834289,1.055174,0.2420715,21.31428,84.26407,91.30475,0.734302,0.9892874,0.2059227,-0.8278499,-0.2980761,-0.2545829,Nothing
43.60777,24,2,3,0,0.7837732,1.055007,0.2420414,21.56996,83.8485,91.09875,0.7363614,0.9894861,0.2043541,-0.8197511,-0.3147748,-0.2398011,Nothing
43.61602,24,2,3,0,0.7834923,1.054925,0.2423266,21.67651,83.59599,91.01849,0.7382185,0.989621,0.2031604,-0.8111238,-0.3311926,-0.2218718,Nothing
43.62405,24,2,3,0,0.7831265,1.054916,0.2425678,21.74365,83.38141,90.95114,0.7400666,0.9897368,0.2019523,-0.8028609,-0.347681,-0.2033446,Nothing
43.63467,24,2,3,0,0.7828867,1.055018,0.242667,21.74562,83.23437,90.91336,0.7418724,0.9899027,0.200704,-0.7955381,-0.3631907,-0.1866729,Nothing
43.64906,24,2,3,0,0.7824787,1.055008,0.2428646,21.88038,82.83397,90.68336,0.7454914,0.9899279,0.1982109,-0.7815856,-0.3956275,-0.1527276,Nothing
43.65776,24,2,3,0,0.7825404,1.055153,0.2425846,21.97753,82.66772,90.50226,0.7472231,0.9898787,0.1970055,-0.7770861,-0.4084099,-0.1372031,Nothing
43.6659,24,2,3,0,0.7825804,1.055273,0.2424154,22.1391,82.34589,90.25162,0.7497948,0.9898062,0.19525,-0.7696142,-0.4289638,-0.1147188,Nothing
43.67419,24,2,3,0,0.7831764,1.05548,0.2417077,22.33067,82.13454,89.9395,0.7513841,0.9896569,0.1941067,-0.7680269,-0.4374762,-0.1035204,Nothing
43.68213,24,2,3,0,0.7837961,1.055619,0.2410826,22.5477,81.87256,89.62518,0.7528685,0.9895642,0.193042,-0.7658122,-0.4455931,-0.09406443,Nothing
43.69032,24,2,3,0,0.784622,1.055878,0.2403642,22.79052,81.56141,89.2766,0.7543632,0.9895076,0.1920497,-0.7648982,-0.4519532,-0.08591473,Nothing
43.69876,24,2,3,0,0.7857174,1.055989,0.2395047,23.12673,81.15034,88.83316,0.7558648,0.9894744,0.1909881,-0.7629809,-0.4578469,-0.08024774,Nothing
43.70727,24,2,3,0,0.786392,1.056274,0.2387589,23.37565,80.807,88.48176,0.7573466,0.9894465,0.1899213,-0.7613974,-0.4648322,-0.07107112,Nothing
43.71598,24,2,3,0,0.787474,1.056329,0.2379385,23.70602,80.37859,88.04009,0.7587555,0.9894698,0.188908,-0.7586316,-0.4704193,-0.06680845,Nothing
43.72424,24,2,3,0,0.7890971,1.056452,0.2364951,24.24961,79.68574,87.32596,0.7606003,0.9895892,0.1873537,-0.7548485,-0.476916,-0.06247023,Nothing
43.73259,24,2,3,0,0.7905989,1.056353,0.2355432,24.67717,79.16821,86.78991,0.7619541,0.9896502,0.1863587,-0.7518046,-0.4807693,-0.06238768,Nothing
43.74059,24,2,3,0,0.7922024,1.056273,0.2345121,25.14628,78.64532,86.24242,0.7631554,0.989761,0.1853983,-0.7495687,-0.4830649,-0.06396086,Nothing
43.74834,24,2,3,0,0.7938969,1.056042,0.2337003,25.63754,78.10667,85.68047,0.7639821,0.9898995,0.1845284,-0.7478355,-0.485686,-0.07047832,Nothing
43.75674,24,2,3,0,0.7958515,1.055701,0.2328736,26.17761,77.52891,85.09395,0.7650341,0.9900371,0.1835541,-0.7454624,-0.488932,-0.07746951,Nothing
43.7656,24,2,3,0,0.7974553,1.055459,0.2320152,26.60721,76.99619,84.55684,0.766142,0.9901192,0.1826756,-0.7428742,-0.4912482,-0.08102263,Nothing
43.77367,24,2,3,0,0.7991779,1.055131,0.2311614,27.06536,76.42952,83.97153,0.7671406,0.9903102,0.1816369,-0.7394961,-0.4948465,-0.08759759,Nothing
43.78201,24,2,3,0,0.8009264,1.054801,0.2302104,27.51176,75.85646,83.34882,0.7680054,0.9904249,0.1806149,-0.7374018,-0.4973186,-0.09512169,Nothing
43.79063,24,2,3,0,0.8036936,1.054192,0.2286811,28.17544,74.99286,82.39694,0.7688763,0.9904231,0.1795302,-0.7378649,-0.4943247,-0.1097081,Nothing
43.80003,24,2,3,0,0.8057256,1.053727,0.2276016,28.66487,74.39388,81.69347,0.7698923,0.9904977,0.1779836,-0.7355903,-0.5007115,-0.1190035,Nothing
43.8158,24,2,3,0,0.8108346,1.05231,0.2253734,29.87119,73.12409,80.1464,0.7707047,0.990481,0.175937,-0.7407408,-0.4978839,-0.152523,Nothing
43.82403,24,2,3,0,0.8132123,1.051614,0.2243762,30.42833,72.47503,79.3923,0.771035,0.9905496,0.1749172,-0.7431551,-0.49688,-0.1693019,Nothing
43.83217,24,2,3,0,0.8157406,1.050815,0.2232996,31.02531,71.77575,78.57495,0.7713125,0.9904913,0.1739082,-0.7473053,-0.4946954,-0.1867691,Nothing
43.84035,24,2,3,0,0.8181809,1.050025,0.2223191,31.59256,71.00848,77.71528,0.7715468,0.990425,0.172907,-0.7518319,-0.4930898,-0.2043863,Nothing
43.84877,24,2,3,0,0.8204963,1.049304,0.2211572,32.09519,70.22119,76.82586,0.7718673,0.9904103,0.1718613,-0.7555624,-0.4904738,-0.2204267,Nothing
43.85738,24,2,3,0,0.8238382,1.048214,0.2194529,32.82891,68.99538,75.44646,0.7720608,0.9902858,0.1704161,-0.7637348,-0.4851683,-0.2446645,Nothing
43.86606,24,2,3,0,0.8262632,1.047378,0.2181352,33.3087,68.08647,74.43308,0.7718744,0.9901364,0.1695503,-0.772478,-0.4775877,-0.2641205,Nothing
43.87356,24,2,3,0,0.8285417,1.04662,0.2167941,33.76954,67.14781,73.36018,0.7718136,0.989965,0.16864,-0.780713,-0.4712428,-0.2806443,Nothing
43.88286,24,2,3,0,0.830859,1.045796,0.2154639,34.22011,66.22413,72.28734,0.7719702,0.9898832,0.1676649,-0.7870758,-0.465578,-0.2963867,Nothing
43.89098,24,2,3,0,0.8335093,1.044813,0.2134601,34.68097,65.2315,70.99817,0.7719054,0.9896685,0.1667731,-0.7966993,-0.4532819,-0.3132578,Nothing
43.89866,24,2,3,0,0.8359512,1.043996,0.2116434,35.09061,64.29784,69.76527,0.7718055,0.9894149,0.1659127,-0.8074607,-0.4431942,-0.3279405,Nothing
43.90701,24,2,3,0,0.8382013,1.042999,0.2096745,35.49938,63.34995,68.47452,0.7718288,0.9890757,0.1649889,-0.8159415,-0.4333324,-0.3397193,Nothing
43.91609,24,2,3,0,0.8414008,1.041877,0.2072818,35.97868,61.9889,66.74879,0.771636,0.9885907,0.1637581,-0.8331175,-0.42081,-0.3578725,Nothing
43.92355,24,2,3,0,0.8433081,1.041562,0.2057781,36.195,61.11966,65.71095,0.7716718,0.988376,0.1628748,-0.8449045,-0.4145192,-0.3666093,Nothing
43.93221,24,2,3,0,0.8445964,1.041269,0.2045232,36.31512,60.32306,64.79897,0.7715631,0.9880339,0.1621069,-0.8546409,-0.4099979,-0.3726088,Nothing
43.94067,24,2,3,0,0.8453065,1.041307,0.2034703,36.28363,59.62593,64.06324,0.7714173,0.9876798,0.1613893,-0.8629252,-0.4077137,-0.3754614,Nothing
43.94974,24,2,3,0,0.8460425,1.041124,0.2022082,36.27033,58.89081,63.25791,0.7713268,0.9873202,0.1606691,-0.8696201,-0.4034657,-0.3779655,Nothing
43.96564,24,2,3,0,0.8478301,1.040798,0.1995608,36.21011,57.51228,61.61788,0.7711169,0.9865742,0.1597774,-0.8861725,-0.390127,-0.3817425,Nothing
43.97343,24,2,3,0,0.848331,1.040683,0.1980421,36.1242,56.89762,60.81283,0.7707458,0.9861805,0.1593166,-0.8938252,-0.3832187,-0.3820526,Nothing
43.98231,24,2,3,0,0.8498493,1.040213,0.1959821,36.10247,55.87938,59.53639,0.7705731,0.9858791,0.1587287,-0.9048534,-0.3709221,-0.3865986,Nothing
43.99097,24,2,3,0,0.8512502,1.039471,0.1945812,36.17014,55.30973,58.68435,0.7705444,0.9856679,0.1585138,-0.9117926,-0.3603491,-0.3916202,Nothing
43.99856,24,2,3,0,0.8525892,1.038796,0.1932281,36.24694,54.73632,57.83134,0.7705392,0.985485,0.1583355,-0.9187686,-0.3503249,-0.3953709,Nothing
44.00713,24,2,3,0,0.8539261,1.038163,0.1918488,36.29189,54.21099,57.0058,0.7702775,0.9853394,0.1582944,-0.9278903,-0.3385051,-0.4003321,Nothing
44.01595,24,2,3,0,0.8551536,1.037531,0.1903284,36.3144,53.74753,56.19501,0.7702703,0.9852706,0.158195,-0.9338367,-0.3271407,-0.4031658,Nothing
44.0237,24,2,3,0,0.8560898,1.037077,0.1887569,36.25394,53.35844,55.44687,0.7700765,0.9851787,0.1579469,-0.939918,-0.3176334,-0.4059462,Nothing
44.03326,24,2,3,0,0.8570999,1.036741,0.1862882,36.02872,52.89171,54.44143,0.7699475,0.9851648,0.1578312,-0.9465882,-0.3018658,-0.4056015,Nothing
44.04082,24,2,3,0,0.8573405,1.036792,0.184614,35.76435,52.69331,53.90161,0.7698699,0.9851429,0.1576607,-0.9491526,-0.2934208,-0.4032123,Nothing
44.04903,24,2,3,0,0.8576136,1.036816,0.183028,35.53577,52.45539,53.34227,0.7696565,0.9852334,0.1574533,-0.9523453,-0.2850119,-0.4024894,Nothing
44.05711,24,2,3,0,0.8567358,1.037678,0.1813932,35.04014,52.61044,53.18697,0.7696236,0.9853939,0.1573762,-0.949303,-0.2796058,-0.3936866,Nothing
44.06567,24,2,3,0,0.8561559,1.038215,0.1797836,34.67769,52.69488,52.9725,0.7694353,0.9855433,0.1572063,-0.9484054,-0.2732518,-0.3877791,Nothing
44.07387,24,2,3,0,0.8558285,1.038625,0.1784431,34.3652,52.73549,52.73549,0.7690282,0.9857765,0.1572744,-0.9501094,-0.2650971,-0.3853437,Nothing
44.08221,24,2,3,0,0.8548216,1.039338,0.1779812,34.08824,53.11745,52.95674,0.7688361,0.9860469,0.1571251,-0.9450371,-0.2668735,-0.3821409,Nothing
44.09167,24,2,3,0,0.8544809,1.039546,0.1775404,33.95784,53.35859,53.01543,0.768691,0.9860746,0.1570979,-0.9438806,-0.2664557,-0.3810137,Nothing
44.10009,24,2,3,0,0.8542885,1.039643,0.1770026,33.84806,53.66545,53.05081,0.7684925,0.9865081,0.1567739,-0.9398783,-0.2660403,-0.3852192,Nothing
44.10979,24,2,3,0,0.8542902,1.039386,0.1773397,33.92844,53.91441,53.17751,0.7688466,0.9869755,0.1566236,-0.93085,-0.2689234,-0.3893441,Nothing
44.12473,24,2,3,0,0.8550719,1.0384,0.1782876,34.20274,54.38879,53.50059,0.768889,0.9874767,0.1563098,-0.9234793,-0.2732114,-0.4071234,Nothing
44.14085,24,2,3,0,0.855358,1.037934,0.1783499,34.27306,54.77893,53.66087,0.7686246,0.98808,0.1559447,-0.918003,-0.2735959,-0.419865,Nothing
44.14867,24,2,3,0,0.8553838,1.038153,0.1785018,34.24786,54.97716,53.78904,0.7683613,0.9882062,0.1559832,-0.9196928,-0.2750767,-0.4231927,Nothing
44.15675,24,2,3,0,0.8555925,1.037878,0.1784914,34.25599,55.09262,53.80841,0.7680944,0.9884731,0.1558421,-0.9185621,-0.2739296,-0.4306348,Nothing
44.16544,24,2,3,0,0.8554464,1.037796,0.1785668,34.30785,55.21082,53.86468,0.7679403,0.9886897,0.155769,-0.9160801,-0.2747099,-0.432849,Nothing
44.17368,24,2,3,0,0.8559464,1.037273,0.1788197,34.4142,55.32423,53.89722,0.7678313,0.9889125,0.1558575,-0.9151301,-0.2728378,-0.440993,Nothing
44.1831,24,2,3,0,0.8564171,1.036832,0.1791497,34.54029,55.36751,53.92678,0.7675666,0.9891777,0.155881,-0.9156188,-0.2713418,-0.4498427,Nothing
44.19224,24,2,3,0,0.8567416,1.036541,0.1794669,34.70842,55.43471,53.98688,0.7674409,0.9893873,0.1562514,-0.9165279,-0.2683391,-0.4532754,Nothing
44.20699,24,2,3,0,0.8574883,1.035862,0.1800074,34.9406,55.60308,54.09323,0.7669759,0.9899333,0.156828,-0.9180312,-0.2615803,-0.4657464,SelectionStart
44.207,24,2,3,0,0.8574883,1.035862,0.1800074,34.9406,55.60308,54.09323,0.7669759,0.9899333,0.156828,-0.9180312,-0.2615803,-0.4657464,SelectionEnd
44.21026,24,2,3,0,0.8574883,1.035862,0.1800074,34.9406,55.60308,54.09323,0.7669759,0.9899333,0.156828,-0.9180312,-0.2615803,-0.4657464,GotSelection
44.22024,24,2,3,0,0.8579646,1.035489,0.1803396,35.09422,55.75503,54.21146,0.76673,0.9904004,0.1574944,-0.9189212,-0.2542843,-0.4723869,SelectionStart
44.22026,24,2,3,0,0.8579646,1.035489,0.1803396,35.09422,55.75503,54.21146,0.76673,0.9904004,0.1574944,-0.9189212,-0.2542843,-0.4723869,SelectionEnd
44.2235,24,2,3,0,0.8579646,1.035489,0.1803396,35.09422,55.75503,54.21146,0.76673,0.9904004,0.1574944,-0.9189212,-0.2542843,-0.4723869,GotSelection
44.2339,24,2,3,0,0.8584818,1.035108,0.1805135,35.19659,56.04761,54.37882,0.7666649,0.9908601,0.158835,-0.9196341,-0.2410148,-0.4756964,SelectionStart
44.23392,24,2,3,0,0.8584818,1.035108,0.1805135,35.19659,56.04761,54.37882,0.7666649,0.9908601,0.158835,-0.9196341,-0.2410148,-0.4756964,SelectionEnd
44.23728,24,2,3,0,0.8584818,1.035108,0.1805135,35.19659,56.04761,54.37882,0.7666649,0.9908601,0.158835,-0.9196341,-0.2410148,-0.4756964,GotSelection
44.24899,24,2,3,0,0.8588073,1.035069,0.1799994,35.19428,56.4017,54.47278,0.7663273,0.9914027,0.1604003,-0.923382,-0.222436,-0.4758662,SelectionStart
44.24901,24,2,3,0,0.8588073,1.035069,0.1799994,35.19428,56.4017,54.47278,0.7663273,0.9914027,0.1604003,-0.923382,-0.222436,-0.4758662,SelectionEnd
44.25227,24,2,3,0,0.8588073,1.035069,0.1799994,35.19428,56.4017,54.47278,0.7663273,0.9914027,0.1604003,-0.923382,-0.222436,-0.4758662,GotSelection
44.29667,24,2,3,0,0.860308,1.03511,0.1777361,35.23045,57.17648,54.45427,0.7644613,0.9930781,0.1661738,-0.951192,-0.1500324,-0.4760614,SelectionStart
44.29669,24,2,3,0,0.860308,1.03511,0.1777361,35.23045,57.17648,54.45427,0.7644613,0.9930781,0.1661738,-0.951192,-0.1500324,-0.4760614,SelectionEnd
44.29996,24,2,3,0,0.860308,1.03511,0.1777361,35.23045,57.17648,54.45427,0.7644613,0.9930781,0.1661738,-0.951192,-0.1500324,-0.4760614,GotSelection
44.30948,24,2,3,0,0.8608172,1.034939,0.1774622,35.31892,57.19255,54.36191,0.7647096,0.9938917,0.1675778,-0.9507098,-0.132223,-0.4748974,SelectionStart
44.3095,24,2,3,0,0.8608172,1.034939,0.1774622,35.31892,57.19255,54.36191,0.7647096,0.9938917,0.1675778,-0.9507098,-0.132223,-0.4748974,SelectionEnd
44.31297,24,2,3,0,0.8608172,1.034939,0.1774622,35.31892,57.19255,54.36191,0.7647096,0.9938917,0.1675778,-0.9507098,-0.132223,-0.4748974,GotSelection
44.32432,24,2,3,0,0.861573,1.034534,0.1769619,35.4382,57.17553,54.18705,0.7649267,0.9952843,0.1694327,-0.9486855,-0.1050627,-0.4768004,SelectionStart
44.32434,24,2,3,0,0.861573,1.034534,0.1769619,35.4382,57.17553,54.18705,0.7649267,0.9952843,0.1694327,-0.9486855,-0.1050627,-0.4768004,SelectionEnd
44.32775,24,2,3,0,0.861573,1.034534,0.1769619,35.4382,57.17553,54.18705,0.7649267,0.9952843,0.1694327,-0.9486855,-0.1050627,-0.4768004,GotSelection
44.33839,24,2,3,0,0.8625855,1.03401,0.1765161,35.60028,57.02759,53.93187,0.7650874,0.9970856,0.1711932,-0.9460174,-0.07570202,-0.4832407,SelectionStart
44.33842,24,2,3,0,0.8625855,1.03401,0.1765161,35.60028,57.02759,53.93187,0.7650874,0.9970856,0.1711932,-0.9460174,-0.07570202,-0.4832407,SelectionEnd
44.34216,24,2,3,0,0.8625855,1.03401,0.1765161,35.60028,57.02759,53.93187,0.7650874,0.9970856,0.1711932,-0.9460174,-0.07570202,-0.4832407,GotSelection
44.35261,24,2,3,0,0.8631794,1.033584,0.1762571,35.67942,56.97842,53.80136,0.7646279,0.9979308,0.1730796,-0.951045,-0.05074811,-0.4869672,SelectionStart
44.35263,24,2,3,0,0.8631794,1.033584,0.1762571,35.67942,56.97842,53.80136,0.7646279,0.9979308,0.1730796,-0.951045,-0.05074811,-0.4869672,SelectionEnd
44.35596,24,2,3,0,0.8631794,1.033584,0.1762571,35.67942,56.97842,53.80136,0.7646279,0.9979308,0.1730796,-0.951045,-0.05074811,-0.4869672,GotSelection
44.36585,24,2,3,0,0.8634563,1.033463,0.17591,35.69592,57.00214,53.76298,0.764511,0.9990844,0.1754333,-0.9519725,-0.02116797,-0.4850503,SelectionStart
44.36588,24,2,3,0,0.8634563,1.033463,0.17591,35.69592,57.00214,53.76298,0.764511,0.9990844,0.1754333,-0.9519725,-0.02116797,-0.4850503,SelectionEnd
44.3693,24,2,3,0,0.8634563,1.033463,0.17591,35.69592,57.00214,53.76298,0.764511,0.9990844,0.1754333,-0.9519725,-0.02116797,-0.4850503,GotSelection
44.37882,24,2,3,0,0.86334,1.033687,0.1756219,35.64045,57.11728,53.82918,0.764516,0.9997828,0.1769947,-0.9515992,-0.003097134,-0.4803443,SelectionStart
44.37886,24,2,3,0,0.86334,1.033687,0.1756219,35.64045,57.11728,53.82918,0.764516,0.9997828,0.1769947,-0.9515992,-0.003097134,-0.4803443,SelectionEnd
44.38233,24,2,3,0,0.86334,1.033687,0.1756219,35.64045,57.11728,53.82918,0.764516,0.9997828,0.1769947,-0.9515992,-0.003097134,-0.4803443,GotSelection
44.39191,24,2,3,0,0.8630257,1.033975,0.1752205,35.55743,57.28331,53.92753,0.7643825,1.00059,0.1784979,-0.9502527,0.01550034,-0.4760513,SelectionStart
44.39193,24,2,3,0,0.8630257,1.033975,0.1752205,35.55743,57.28331,53.92753,0.7643825,1.00059,0.1784979,-0.9502527,0.01550034,-0.4760513,SelectionEnd
44.39522,24,2,3,0,0.8630257,1.033975,0.1752205,35.55743,57.28331,53.92753,0.7643825,1.00059,0.1784979,-0.9502527,0.01550034,-0.4760513,GotSelection
44.40716,24,2,3,0,0.8628586,1.034279,0.1748788,35.5079,57.48525,54.06172,0.7643695,1.001739,0.1806403,-0.9484479,0.04074571,-0.4711823,SelectionStart
44.40717,24,2,3,0,0.8628586,1.034279,0.1748788,35.5079,57.48525,54.06172,0.7643695,1.001739,0.1806403,-0.9484479,0.04074571,-0.4711823,SelectionEnd
44.41038,24,2,3,0,0.8628586,1.034279,0.1748788,35.5079,57.48525,54.06172,0.7643695,1.001739,0.1806403,-0.9484479,0.04074571,-0.4711823,GotSelection
44.42118,24,2,3,0,0.8628764,1.034417,0.1746264,35.49233,57.62899,54.13896,0.7643115,1.002808,0.1825443,-0.9474071,0.06364614,-0.4690447,SelectionStart
44.4212,24,2,3,0,0.8628764,1.034417,0.1746264,35.49233,57.62899,54.13896,0.7643115,1.002808,0.1825443,-0.9474071,0.06364614,-0.4690447,SelectionEnd
44.42448,24,2,3,0,0.8628764,1.034417,0.1746264,35.49233,57.62899,54.13896,0.7643115,1.002808,0.1825443,-0.9474071,0.06364614,-0.4690447,GotSelection
44.43566,24,2,3,0,0.8631592,1.034353,0.1743549,35.5243,57.64036,54.07177,0.764174,1.003923,0.1841027,-0.9473311,0.08475475,-0.4705398,SelectionStart
44.43568,24,2,3,0,0.8631592,1.034353,0.1743549,35.5243,57.64036,54.07177,0.764174,1.003923,0.1841027,-0.9473311,0.08475475,-0.4705398,SelectionEnd
44.43893,24,2,3,0,0.8631592,1.034353,0.1743549,35.5243,57.64036,54.07177,0.764174,1.003923,0.1841027,-0.9473311,0.08475475,-0.4705398,GotSelection
44.47989,24,2,3,0,0.8646264,1.03375,0.1734231,35.69443,57.3968,53.62825,0.7633346,1.007019,0.187815,-0.9536756,0.1427413,-0.4836303,SelectionStart
44.47991,24,2,3,0,0.8646264,1.03375,0.1734231,35.69443,57.3968,53.62825,0.7633346,1.007019,0.187815,-0.9536756,0.1427413,-0.4836303,SelectionEnd
44.48312,24,2,3,0,0.8646264,1.03375,0.1734231,35.69443,57.3968,53.62825,0.7633346,1.007019,0.187815,-0.9536756,0.1427413,-0.4836303,GotSelection
44.49348,24,2,3,0,0.8645365,1.033936,0.1730953,35.66462,57.43253,53.61567,0.7631096,1.007818,0.1887789,-0.9535686,0.1567362,-0.4831517,SelectionStart
44.49349,24,2,3,0,0.8645365,1.033936,0.1730953,35.66462,57.43253,53.61567,0.7631096,1.007818,0.1887789,-0.9535686,0.1567362,-0.4831517,SelectionEnd
44.49686,24,2,3,0,0.8645365,1.033936,0.1730953,35.66462,57.43253,53.61567,0.7631096,1.007818,0.1887789,-0.9535686,0.1567362,-0.4831517,GotSelection
44.50845,24,2,3,0,0.8645977,1.034107,0.1727207,35.65445,57.49464,53.61528,0.7630399,1.009048,0.190172,-0.9516972,0.1768333,-0.4832282,SelectionStart
44.50848,24,2,3,0,0.8645977,1.034107,0.1727207,35.65445,57.49464,53.61528,0.7630399,1.009048,0.190172,-0.9516972,0.1768333,-0.4832282,SelectionEnd
44.51199,24,2,3,0,0.8645977,1.034107,0.1727207,35.65445,57.49464,53.61528,0.7630399,1.009048,0.190172,-0.9516972,0.1768333,-0.4832282,GotSelection
44.52405,24,2,3,0,0.8645272,1.03421,0.1723802,35.61918,57.60596,53.64908,0.7628985,1.0105,0.1917822,-0.9475716,0.1998205,-0.4845895,SelectionStart
44.52406,24,2,3,0,0.8645272,1.03421,0.1723802,35.61918,57.60596,53.64908,0.7628985,1.0105,0.1917822,-0.9475716,0.1998205,-0.4845895,SelectionEnd
44.52734,24,2,3,0,0.8645272,1.03421,0.1723802,35.61918,57.60596,53.64908,0.7628985,1.0105,0.1917822,-0.9475716,0.1998205,-0.4845895,GotSelection
44.53712,24,2,3,0,0.8644803,1.034422,0.1719459,35.56783,57.7647,53.69977,0.7627989,1.012184,0.1933969,-0.9424958,0.2239038,-0.4868286,SelectionStart
44.53713,24,2,3,0,0.8644803,1.034422,0.1719459,35.56783,57.7647,53.69977,0.7627989,1.012184,0.1933969,-0.9424958,0.2239038,-0.4868286,SelectionEnd
44.54052,24,2,3,0,0.8644803,1.034422,0.1719459,35.56783,57.7647,53.69977,0.7627989,1.012184,0.1933969,-0.9424958,0.2239038,-0.4868286,GotSelection
44.55048,24,2,3,0,0.8645528,1.034477,0.1715615,35.5511,57.85827,53.69492,0.7631185,1.013696,0.1944649,-0.9344261,0.2421287,-0.4884826,SelectionStart
44.5505,24,2,3,0,0.8645528,1.034477,0.1715615,35.5511,57.85827,53.69492,0.7631185,1.013696,0.1944649,-0.9344261,0.2421287,-0.4884826,SelectionEnd
44.55379,24,2,3,0,0.8645528,1.034477,0.1715615,35.5511,57.85827,53.69492,0.7631185,1.013696,0.1944649,-0.9344261,0.2421287,-0.4884826,GotSelection
44.56606,24,2,3,0,0.8648339,1.034505,0.1711998,35.55214,57.9511,53.67704,0.7631103,1.01565,0.1960591,-0.9286287,0.267578,-0.4943053,SelectionStart
44.56609,24,2,3,0,0.8648339,1.034505,0.1711998,35.55214,57.9511,53.67704,0.7631103,1.01565,0.1960591,-0.9286287,0.267578,-0.4943053,SelectionEnd
44.57,24,2,3,0,0.8648339,1.034505,0.1711998,35.55214,57.9511,53.67704,0.7631103,1.01565,0.1960591,-0.9286287,0.267578,-0.4943053,GotSelection
44.57937,24,2,3,0,0.8652719,1.034276,0.1709389,35.61348,57.97079,53.60151,0.7632079,1.017192,0.1973037,-0.9239338,0.2882209,-0.5001818,SelectionStart
44.57939,24,2,3,0,0.8652719,1.034276,0.1709389,35.61348,57.97079,53.60151,0.7632079,1.017192,0.1973037,-0.9239338,0.2882209,-0.5001818,SelectionEnd
44.58287,24,2,3,0,0.8652719,1.034276,0.1709389,35.61348,57.97079,53.60151,0.7632079,1.017192,0.1973037,-0.9239338,0.2882209,-0.5001818,GotSelection
44.59297,24,2,3,0,0.8657405,1.034052,0.1705544,35.66599,57.95988,53.50264,0.7632333,1.019454,0.1990127,-0.9169348,0.3178513,-0.5082276,SelectionStart
44.59299,24,2,3,0,0.8657405,1.034052,0.1705544,35.66599,57.95988,53.50264,0.7632333,1.019454,0.1990127,-0.9169348,0.3178513,-0.5082276,SelectionEnd
44.59631,24,2,3,0,0.8657405,1.034052,0.1705544,35.66599,57.95988,53.50264,0.7632333,1.019454,0.1990127,-0.9169348,0.3178513,-0.5082276,GotSelection
44.60722,24,2,3,0,0.8659953,1.034057,0.1700182,35.66694,57.99109,53.43956,0.7633628,1.021714,0.2006582,-0.908871,0.3469248,-0.5132841,SelectionStart
44.60723,24,2,3,0,0.8659953,1.034057,0.1700182,35.66694,57.99109,53.43956,0.7633628,1.021714,0.2006582,-0.908871,0.3469248,-0.5132841,SelectionEnd
44.61093,24,2,3,0,0.8659953,1.034057,0.1700182,35.66694,57.99109,53.43956,0.7633628,1.021714,0.2006582,-0.908871,0.3469248,-0.5132841,GotSelection
44.62088,24,2,3,0,0.8660243,1.034094,0.1696873,35.64127,58.05042,53.43583,0.7635323,1.023529,0.2019676,-0.9001171,0.3691769,-0.5165893,SelectionStart
44.62091,24,2,3,0,0.8660243,1.034094,0.1696873,35.64127,58.05042,53.43583,0.7635323,1.023529,0.2019676,-0.9001171,0.3691769,-0.5165893,SelectionEnd
44.62412,24,2,3,0,0.8660243,1.034094,0.1696873,35.64127,58.05042,53.43583,0.7635323,1.023529,0.2019676,-0.9001171,0.3691769,-0.5165893,GotSelection
44.63433,24,2,3,0,0.8661641,1.034175,0.1692552,35.62384,58.14447,53.43794,0.7639685,1.025742,0.2035094,-0.888777,0.3954617,-0.5198009,SelectionStart
44.63435,24,2,3,0,0.8661641,1.034175,0.1692552,35.62384,58.14447,53.43794,0.7639685,1.025742,0.2035094,-0.888777,0.3954617,-0.5198009,SelectionEnd
44.63776,24,2,3,0,0.8661641,1.034175,0.1692552,35.62384,58.14447,53.43794,0.7639685,1.025742,0.2035094,-0.888777,0.3954617,-0.5198009,GotSelection
44.68137,24,2,3,0,0.8665763,1.034237,0.1682153,35.64352,58.42827,53.43431,0.7646005,1.03095,0.207352,-0.8660463,0.459323,-0.5308851,SelectionStart
44.6814,24,2,3,0,0.8665763,1.034237,0.1682153,35.64352,58.42827,53.43431,0.7646005,1.03095,0.207352,-0.8660463,0.459323,-0.5308851,SelectionEnd
44.68466,24,2,3,0,0.8665763,1.034237,0.1682153,35.64352,58.42827,53.43431,0.7646005,1.03095,0.207352,-0.8660463,0.459323,-0.5308851,GotSelection
44.69444,24,2,3,0,0.8667262,1.034251,0.1680547,35.66069,58.46357,53.43091,0.7649447,1.032385,0.2082587,-0.8582083,0.4748489,-0.5336471,SelectionStart
44.69447,24,2,3,0,0.8667262,1.034251,0.1680547,35.66069,58.46357,53.43091,0.7649447,1.032385,0.2082587,-0.8582083,0.4748489,-0.5336471,SelectionEnd
44.69775,24,2,3,0,0.8667262,1.034251,0.1680547,35.66069,58.46357,53.43091,0.7649447,1.032385,0.2082587,-0.8582083,0.4748489,-0.5336471,GotSelection
44.70754,24,2,3,0,0.8667243,1.034281,0.1679529,35.64053,58.48468,53.44091,0.7651923,1.03305,0.2086675,-0.8533105,0.4821339,-0.5338606,SelectionStart
44.70757,24,2,3,0,0.8667243,1.034281,0.1679529,35.64053,58.48468,53.44091,0.7651923,1.03305,0.2086675,-0.8533105,0.4821339,-0.5338606,SelectionEnd
44.71085,24,2,3,0,0.8667243,1.034281,0.1679529,35.64053,58.48468,53.44091,0.7651923,1.03305,0.2086675,-0.8533105,0.4821339,-0.5338606,GotSelection
44.72112,24,2,3,0,0.8666373,1.034451,0.1678252,35.61591,58.51177,53.46474,0.7650064,1.033523,0.208872,-0.8525225,0.4867857,-0.5354401,SelectionStart
44.72114,24,2,3,0,0.8666373,1.034451,0.1678252,35.61591,58.51177,53.46474,0.7650064,1.033523,0.208872,-0.8525225,0.4867857,-0.5354401,SelectionEnd
44.72446,24,2,3,0,0.8666373,1.034451,0.1678252,35.61591,58.51177,53.46474,0.7650064,1.033523,0.208872,-0.8525225,0.4867857,-0.5354401,GotSelection
44.73569,24,2,3,0,0.866531,1.034523,0.1677498,35.59476,58.53048,53.47561,0.7649989,1.033449,0.2087103,-0.8523053,0.4851791,-0.5346305,SelectionStart
44.73572,24,2,3,0,0.866531,1.034523,0.1677498,35.59476,58.53048,53.47561,0.7649989,1.033449,0.2087103,-0.8523053,0.4851791,-0.5346305,SelectionEnd
44.7394,24,2,3,0,0.866531,1.034523,0.1677498,35.59476,58.53048,53.47561,0.7649989,1.033449,0.2087103,-0.8523053,0.4851791,-0.5346305,GotSelection
44.74963,24,2,3,0,0.8665121,1.034646,0.1677502,35.60475,58.54177,53.4774,0.7650216,1.032959,0.2079313,-0.8540636,0.4750139,-0.5341405,SelectionStart
44.74965,24,2,3,0,0.8665121,1.034646,0.1677502,35.60475,58.54177,53.4774,0.7650216,1.032959,0.2079313,-0.8540636,0.4750139,-0.5341405,SelectionEnd
44.75294,24,2,3,0,0.8665121,1.034646,0.1677502,35.60475,58.54177,53.4774,0.7650216,1.032959,0.2079313,-0.8540636,0.4750139,-0.5341405,GotSelection
44.76289,24,2,3,0,0.866385,1.034711,0.1677051,35.60918,58.55394,53.48145,0.7647746,1.032098,0.2070662,-0.8589051,0.4632018,-0.5331576,SelectionStart
44.76292,24,2,3,0,0.866385,1.034711,0.1677051,35.60918,58.55394,53.48145,0.7647746,1.032098,0.2070662,-0.8589051,0.4632018,-0.5331576,SelectionEnd
44.76629,24,2,3,0,0.866385,1.034711,0.1677051,35.60918,58.55394,53.48145,0.7647746,1.032098,0.2070662,-0.8589051,0.4632018,-0.5331576,GotSelection
44.77518,24,2,3,0,0.8661522,1.034883,0.1676832,35.58705,58.58009,53.50214,0.764333,1.030554,0.2058928,-0.8684269,0.44487,-0.5299225,SelectionStart
44.7752,24,2,3,0,0.8661522,1.034883,0.1676832,35.58705,58.58009,53.50214,0.764333,1.030554,0.2058928,-0.8684269,0.44487,-0.5299225,SelectionEnd
44.7785,24,2,3,0,0.8661522,1.034883,0.1676832,35.58705,58.58009,53.50214,0.764333,1.030554,0.2058928,-0.8684269,0.44487,-0.5299225,GotSelection
44.7906,24,2,3,0,0.8657483,1.035172,0.1677325,35.53369,58.60022,53.53973,0.763886,1.028937,0.2048129,-0.8777457,0.4260993,-0.5244601,SelectionStart
44.79061,24,2,3,0,0.8657483,1.035172,0.1677325,35.53369,58.60022,53.53973,0.763886,1.028937,0.2048129,-0.8777457,0.4260993,-0.5244601,SelectionEnd
44.79405,24,2,3,0,0.8657483,1.035172,0.1677325,35.53369,58.60022,53.53973,0.763886,1.028937,0.2048129,-0.8777457,0.4260993,-0.5244601,GotSelection
44.80443,24,2,3,0,0.8652979,1.035362,0.167949,35.47679,58.61122,53.58434,0.763364,1.026181,0.2033244,-0.8926244,0.3974188,-0.5154855,SelectionStart
44.80444,24,2,3,0,0.8652979,1.035362,0.167949,35.47679,58.61122,53.58434,0.763364,1.026181,0.2033244,-0.8926244,0.3974188,-0.5154855,SelectionEnd
44.80772,24,2,3,0,0.8652979,1.035362,0.167949,35.47679,58.61122,53.58434,0.763364,1.026181,0.2033244,-0.8926244,0.3974188,-0.5154855,GotSelection
44.81862,24,2,3,0,0.8650439,1.035428,0.168313,35.46231,58.53781,53.59473,0.7627614,1.023286,0.2015437,-0.9090402,0.3656527,-0.5089739,SelectionStart
44.81864,24,2,3,0,0.8650439,1.035428,0.168313,35.46231,58.53781,53.59473,0.7627614,1.023286,0.2015437,-0.9090402,0.3656527,-0.5089739,SelectionEnd
44.82212,24,2,3,0,0.8650439,1.035428,0.168313,35.46231,58.53781,53.59473,0.7627614,1.023286,0.2015437,-0.9090402,0.3656527,-0.5089739,GotSelection
44.86319,24,2,3,0,0.8645258,1.035458,0.1689377,35.50055,58.23742,53.513,0.7596984,1.013911,0.1962129,-0.9754597,0.2729987,-0.4933474,SelectionStart
44.8632,24,2,3,0,0.8645258,1.035458,0.1689377,35.50055,58.23742,53.513,0.7596984,1.013911,0.1962129,-0.9754597,0.2729987,-0.4933474,SelectionEnd
44.86655,24,2,3,0,0.8645258,1.035458,0.1689377,35.50055,58.23742,53.513,0.7596984,1.013911,0.1962129,-0.9754597,0.2729987,-0.4933474,GotSelection
44.8766,24,2,3,0,0.8643098,1.035512,0.1691556,35.49978,58.22063,53.54044,0.758919,1.011245,0.1945831,-0.9927036,0.244745,-0.4891175,SelectionStart
44.87662,24,2,3,0,0.8643098,1.035512,0.1691556,35.49978,58.22063,53.54044,0.758919,1.011245,0.1945831,-0.9927036,0.244745,-0.4891175,SelectionEnd
44.87995,24,2,3,0,0.8643098,1.035512,0.1691556,35.49978,58.22063,53.54044,0.758919,1.011245,0.1945831,-0.9927036,0.244745,-0.4891175,GotSelection
44.89097,24,2,3,0,0.8640932,1.035609,0.1696799,35.52391,58.21045,53.62639,0.7580346,1.00785,0.1924765,-1.013788,0.2067281,-0.4842467,SelectionStart
44.89098,24,2,3,0,0.8640932,1.035609,0.1696799,35.52391,58.21045,53.62639,0.7580346,1.00785,0.1924765,-1.013788,0.2067281,-0.4842467,SelectionEnd
44.89439,24,2,3,0,0.8640932,1.035609,0.1696799,35.52391,58.21045,53.62639,0.7580346,1.00785,0.1924765,-1.013788,0.2067281,-0.4842467,GotSelection
44.90434,24,2,3,0,0.8637489,1.035746,0.170223,35.53197,58.21803,53.72934,0.757488,1.00478,0.1901377,-1.028859,0.1674367,-0.4792464,SelectionStart
44.90436,24,2,3,0,0.8637489,1.035746,0.170223,35.53197,58.21803,53.72934,0.757488,1.00478,0.1901377,-1.028859,0.1674367,-0.4792464,SelectionEnd
44.90762,24,2,3,0,0.8637489,1.035746,0.170223,35.53197,58.21803,53.72934,0.757488,1.00478,0.1901377,-1.028859,0.1674367,-0.4792464,GotSelection
44.91813,24,2,3,0,0.8634147,1.035885,0.170606,35.50846,58.24678,53.84186,0.757265,1.002655,0.1885168,-1.037472,0.1401433,-0.474402,SelectionStart
44.91814,24,2,3,0,0.8634147,1.035885,0.170606,35.50846,58.24678,53.84186,0.757265,1.002655,0.1885168,-1.037472,0.1401433,-0.474402,SelectionEnd
44.92145,24,2,3,0,0.8634147,1.035885,0.170606,35.50846,58.24678,53.84186,0.757265,1.002655,0.1885168,-1.037472,0.1401433,-0.474402,GotSelection
44.93321,24,2,3,0,0.8629348,1.035969,0.1708569,35.45958,58.25626,53.93528,0.7573123,1.000172,0.1866043,-1.04471,0.1095083,-0.4656909,SelectionStart
44.93323,24,2,3,0,0.8629348,1.035969,0.1708569,35.45958,58.25626,53.93528,0.7573123,1.000172,0.1866043,-1.04471,0.1095083,-0.4656909,SelectionEnd
44.93656,24,2,3,0,0.8629348,1.035969,0.1708569,35.45958,58.25626,53.93528,0.7573123,1.000172,0.1866043,-1.04471,0.1095083,-0.4656909,GotSelection
44.94649,24,2,3,0,0.8626927,1.036121,0.1711529,35.43483,58.24901,53.99338,0.757249,0.998476,0.1852594,-1.051361,0.08700057,-0.4609326,SelectionStart
44.9465,24,2,3,0,0.8626927,1.036121,0.1711529,35.43483,58.24901,53.99338,0.757249,0.998476,0.1852594,-1.051361,0.08700057,-0.4609326,SelectionEnd
44.95015,24,2,3,0,0.8626927,1.036121,0.1711529,35.43483,58.24901,53.99338,0.757249,0.998476,0.1852594,-1.051361,0.08700057,-0.4609326,GotSelection
44.95936,24,2,3,0,0.8624555,1.036187,0.1713716,35.42259,58.21548,54.0244,0.7572916,0.996408,0.1831865,-1.057768,0.05707619,-0.4562169,SelectionStart
44.95938,24,2,3,0,0.8624555,1.036187,0.1713716,35.42259,58.21548,54.0244,0.7572916,0.996408,0.1831865,-1.057768,0.05707619,-0.4562169,SelectionEnd
44.96277,24,2,3,0,0.8624555,1.036187,0.1713716,35.42259,58.21548,54.0244,0.7572916,0.996408,0.1831865,-1.057768,0.05707619,-0.4562169,GotSelection
44.97452,24,2,3,0,0.8625798,1.036123,0.1715434,35.44414,58.10379,53.97477,0.757376,0.9947231,0.1810371,-1.063543,0.02944651,-0.4557326,SelectionStart
44.97454,24,2,3,0,0.8625798,1.036123,0.1715434,35.44414,58.10379,53.97477,0.757376,0.9947231,0.1810371,-1.063543,0.02944651,-0.4557326,SelectionEnd
44.97797,24,2,3,0,0.8625798,1.036123,0.1715434,35.44414,58.10379,53.97477,0.757376,0.9947231,0.1810371,-1.063543,0.02944651,-0.4557326,GotSelection
44.98791,24,2,3,0,0.8627287,1.036053,0.1716648,35.49117,57.99118,53.90306,0.7574725,0.9936036,0.1794657,-1.067369,0.009669361,-0.4556045,SelectionStart
44.98792,24,2,3,0,0.8627287,1.036053,0.1716648,35.49117,57.99118,53.90306,0.7574725,0.9936036,0.1794657,-1.067369,0.009669361,-0.4556045,SelectionEnd
44.9912,24,2,3,0,0.8627287,1.036053,0.1716648,35.49117,57.99118,53.90306,0.7574725,0.9936036,0.1794657,-1.067369,0.009669361,-0.4556045,GotSelection
45.00108,24,2,3,0,0.862842,1.035999,0.1715522,35.54358,57.88126,53.81559,0.7575347,0.992658,0.1779288,-1.07083,-0.007323508,-0.455184,SelectionStart
45.0011,24,2,3,0,0.862842,1.035999,0.1715522,35.54358,57.88126,53.81559,0.7575347,0.992658,0.1779288,-1.07083,-0.007323508,-0.455184,SelectionEnd
45.00437,24,2,3,0,0.862842,1.035999,0.1715522,35.54358,57.88126,53.81559,0.7575347,0.992658,0.1779288,-1.07083,-0.007323508,-0.455184,GotSelection
45.01601,24,2,3,0,0.862908,1.035959,0.1714229,35.54671,57.79929,53.7234,0.7577025,0.9916885,0.1758802,-1.071727,-0.0294006,-0.4566661,SelectionStart
45.01603,24,2,3,0,0.862908,1.035959,0.1714229,35.54671,57.79929,53.7234,0.7577025,0.9916885,0.1758802,-1.071727,-0.0294006,-0.4566661,SelectionEnd
45.01929,24,2,3,0,0.862908,1.035959,0.1714229,35.54671,57.79929,53.7234,0.7577025,0.9916885,0.1758802,-1.071727,-0.0294006,-0.4566661,GotSelection
45.06097,24,2,3,0,0.86268,1.036383,0.171142,35.46465,57.94783,53.81164,0.7582323,0.9900157,0.1710787,-1.067578,-0.08104026,-0.461403,SelectionStart
45.06099,24,2,3,0,0.86268,1.036383,0.171142,35.46465,57.94783,53.81164,0.7582323,0.9900157,0.1710787,-1.067578,-0.08104026,-0.461403,SelectionEnd
45.06439,24,2,3,0,0.86268,1.036383,0.171142,35.46465,57.94783,53.81164,0.7582323,0.9900157,0.1710787,-1.067578,-0.08104026,-0.461403,GotSelection
45.07408,24,2,3,0,0.8626035,1.036456,0.1711189,35.4378,58.00112,53.86595,0.7583951,0.9896674,0.1702288,-1.066197,-0.09046369,-0.4617236,SelectionStart
45.0741,24,2,3,0,0.8626035,1.036456,0.1711189,35.4378,58.00112,53.86595,0.7583951,0.9896674,0.1702288,-1.066197,-0.09046369,-0.4617236,SelectionEnd
45.07741,24,2,3,0,0.8626035,1.036456,0.1711189,35.4378,58.00112,53.86595,0.7583951,0.9896674,0.1702288,-1.066197,-0.09046369,-0.4617236,GotSelection
45.08759,24,2,3,0,0.8626564,1.036519,0.1710037,35.40765,58.0342,53.87754,0.7586471,0.9896502,0.1699193,-1.064462,-0.09303039,-0.4614383,SelectionStart
45.08762,24,2,3,0,0.8626564,1.036519,0.1710037,35.40765,58.0342,53.87754,0.7586471,0.9896502,0.1699193,-1.064462,-0.09303039,-0.4614383,SelectionEnd
45.091,24,2,3,0,0.8626564,1.036519,0.1710037,35.40765,58.0342,53.87754,0.7586471,0.9896502,0.1699193,-1.064462,-0.09303039,-0.4614383,GotSelection
45.10336,24,2,3,0,0.8627321,1.036545,0.1706826,35.39963,58.05191,53.84781,0.7588676,0.9897619,0.1696199,-1.062711,-0.09342044,-0.4610935,SelectionStart
45.10342,24,2,3,0,0.8627321,1.036545,0.1706826,35.39963,58.05191,53.84781,0.7588676,0.9897619,0.1696199,-1.062711,-0.09342044,-0.4610935,SelectionEnd
45.10997,24,2,3,0,0.8627321,1.036545,0.1706826,35.39963,58.05191,53.84781,0.7588676,0.9897619,0.1696199,-1.062711,-0.09342044,-0.4610935,GotSelection
45.12757,24,2,3,0,0.8633716,1.036377,0.1702388,35.45216,58.05885,53.74496,0.7594659,0.9906806,0.1703612,-1.058939,-0.07982221,-0.4618213,SelectionStart
45.12759,24,2,3,0,0.8633716,1.036377,0.1702388,35.45216,58.05885,53.74496,0.7594659,0.9906806,0.1703612,-1.058939,-0.07982221,-0.4618213,SelectionEnd
45.13122,24,2,3,0,0.8633716,1.036377,0.1702388,35.45216,58.05885,53.74496,0.7594659,0.9906806,0.1703612,-1.058939,-0.07982221,-0.4618213,GotSelection
45.14366,24,2,3,0,0.8636861,1.03634,0.1699901,35.49127,58.07718,53.72122,0.7597523,0.9917471,0.1716121,-1.055784,-0.06203127,-0.4615003,SelectionStart
45.14368,24,2,3,0,0.8636861,1.03634,0.1699901,35.49127,58.07718,53.72122,0.7597523,0.9917471,0.1716121,-1.055784,-0.06203127,-0.4615003,SelectionEnd
45.14705,24,2,3,0,0.8636861,1.03634,0.1699901,35.49127,58.07718,53.72122,0.7597523,0.9917471,0.1716121,-1.055784,-0.06203127,-0.4615003,GotSelection
45.15672,24,2,3,0,0.8637744,1.036432,0.1698354,35.47861,58.14277,53.75708,0.7599303,0.9924973,0.1726736,-1.05355,-0.04850232,-0.4601649,SelectionStart
45.15673,24,2,3,0,0.8637744,1.036432,0.1698354,35.47861,58.14277,53.75708,0.7599303,0.9924973,0.1726736,-1.05355,-0.04850232,-0.4601649,SelectionEnd
45.16009,24,2,3,0,0.8637744,1.036432,0.1698354,35.47861,58.14277,53.75708,0.7599303,0.9924973,0.1726736,-1.05355,-0.04850232,-0.4601649,GotSelection
45.17013,24,2,3,0,0.8638421,1.036584,0.1695739,35.43478,58.26196,53.81564,0.7600765,0.9934379,0.1744584,-1.052281,-0.02726685,-0.4569854,SelectionStart
45.17014,24,2,3,0,0.8638421,1.036584,0.1695739,35.43478,58.26196,53.81564,0.7600765,0.9934379,0.1744584,-1.052281,-0.02726685,-0.4569854,SelectionEnd
45.17345,24,2,3,0,0.8638421,1.036584,0.1695739,35.43478,58.26196,53.81564,0.7600765,0.9934379,0.1744584,-1.052281,-0.02726685,-0.4569854,GotSelection
45.18386,24,2,3,0,0.8636922,1.036828,0.1692239,35.3759,58.41108,53.89692,0.7602997,0.9942479,0.176122,-1.050103,-0.00778789,-0.4510716,SelectionStart
45.18388,24,2,3,0,0.8636922,1.036828,0.1692239,35.3759,58.41108,53.89692,0.7602997,0.9942479,0.176122,-1.050103,-0.00778789,-0.4510716,SelectionEnd
45.18726,24,2,3,0,0.8636922,1.036828,0.1692239,35.3759,58.41108,53.89692,0.7602997,0.9942479,0.176122,-1.050103,-0.00778789,-0.4510716,GotSelection
45.1991,24,2,3,0,0.8633708,1.037302,0.1687015,35.29065,58.64565,54.03127,0.7605461,0.9952483,0.1782541,-1.048036,0.01667184,-0.4419415,SelectionStart
45.19912,24,2,3,0,0.8633708,1.037302,0.1687015,35.29065,58.64565,54.03127,0.7605461,0.9952483,0.1782541,-1.048036,0.01667184,-0.4419415,SelectionEnd
45.2029,24,2,3,0,0.8633708,1.037302,0.1687015,35.29065,58.64565,54.03127,0.7605461,0.9952483,0.1782541,-1.048036,0.01667184,-0.4419415,GotSelection
45.21337,24,2,3,0,0.8631377,1.037739,0.1682619,35.20887,58.8812,54.17455,0.7610255,0.9962655,0.180543,-1.044844,0.04203062,-0.4318181,SelectionStart
45.21339,24,2,3,0,0.8631377,1.037739,0.1682619,35.20887,58.8812,54.17455,0.7610255,0.9962655,0.180543,-1.044844,0.04203062,-0.4318181,SelectionEnd
45.21667,24,2,3,0,0.8631377,1.037739,0.1682619,35.20887,58.8812,54.17455,0.7610255,0.9962655,0.180543,-1.044844,0.04203062,-0.4318181,GotSelection
45.25536,24,2,3,0,0.8634522,1.038006,0.1670686,35.17861,59.00032,54.11782,0.7616243,0.9997511,0.1864858,-1.039604,0.1178678,-0.4195908,SelectionStart
45.25539,24,2,3,0,0.8634522,1.038006,0.1670686,35.17861,59.00032,54.11782,0.7616243,0.9997511,0.1864858,-1.039604,0.1178678,-0.4195908,SelectionEnd
45.25876,24,2,3,0,0.8634522,1.038006,0.1670686,35.17861,59.00032,54.11782,0.7616243,0.9997511,0.1864858,-1.039604,0.1178678,-0.4195908,GotSelection
45.26842,24,2,3,0,0.864072,1.037831,0.1664979,35.22463,58.87306,53.914,0.7618577,1.001356,0.1890602,-1.039822,0.1529846,-0.4173689,SelectionStart
45.26844,24,2,3,0,0.864072,1.037831,0.1664979,35.22463,58.87306,53.914,0.7618577,1.001356,0.1890602,-1.039822,0.1529846,-0.4173689,SelectionEnd
45.2718,24,2,3,0,0.864072,1.037831,0.1664979,35.22463,58.87306,53.914,0.7618577,1.001356,0.1890602,-1.039822,0.1529846,-0.4173689,GotSelection
45.28178,24,2,3,0,0.8643472,1.037857,0.1660264,35.25558,58.81268,53.78772,0.7622297,1.00272,0.1908947,-1.036989,0.1783313,-0.413568,SelectionStart
45.2818,24,2,3,0,0.8643472,1.037857,0.1660264,35.25558,58.81268,53.78772,0.7622297,1.00272,0.1908947,-1.036989,0.1783313,-0.413568,SelectionEnd
45.28542,24,2,3,0,0.8643472,1.037857,0.1660264,35.25558,58.81268,53.78772,0.7622297,1.00272,0.1908947,-1.036989,0.1783313,-0.413568,GotSelection
45.2961,24,2,3,0,0.864684,1.037855,0.1655374,35.26112,58.80188,53.68404,0.7624773,1.004668,0.1931783,-1.032426,0.2108354,-0.4135387,SelectionStart
45.29612,24,2,3,0,0.864684,1.037855,0.1655374,35.26112,58.80188,53.68404,0.7624773,1.004668,0.1931783,-1.032426,0.2108354,-0.4135387,SelectionEnd
45.29949,24,2,3,0,0.864684,1.037855,0.1655374,35.26112,58.80188,53.68404,0.7624773,1.004668,0.1931783,-1.032426,0.2108354,-0.4135387,GotSelection
45.30859,24,2,3,0,0.8647097,1.038027,0.1651387,35.22137,58.86781,53.67192,0.7627224,1.006142,0.1949177,-1.027651,0.2348349,-0.4116455,SelectionStart
45.30861,24,2,3,0,0.8647097,1.038027,0.1651387,35.22137,58.86781,53.67192,0.7627224,1.006142,0.1949177,-1.027651,0.2348349,-0.4116455,SelectionEnd
45.31196,24,2,3,0,0.8647097,1.038027,0.1651387,35.22137,58.86781,53.67192,0.7627224,1.006142,0.1949177,-1.027651,0.2348349,-0.4116455,GotSelection
45.32317,24,2,3,0,0.8646563,1.038204,0.1647311,35.17944,58.92945,53.66187,0.762993,1.00826,0.1970024,-1.018828,0.2651124,-0.4112231,SelectionStart
45.32319,24,2,3,0,0.8646563,1.038204,0.1647311,35.17944,58.92945,53.66187,0.762993,1.00826,0.1970024,-1.018828,0.2651124,-0.4112231,SelectionEnd
45.32658,24,2,3,0,0.8646563,1.038204,0.1647311,35.17944,58.92945,53.66187,0.762993,1.00826,0.1970024,-1.018828,0.2651124,-0.4112231,GotSelection
45.33675,24,2,3,0,0.8646489,1.038276,0.1646314,35.16247,58.99712,53.69762,0.7631055,1.010169,0.1983668,-1.009317,0.286665,-0.4158503,SelectionStart
45.33678,24,2,3,0,0.8646489,1.038276,0.1646314,35.16247,58.99712,53.69762,0.7631055,1.010169,0.1983668,-1.009317,0.286665,-0.4158503,SelectionEnd
45.34019,24,2,3,0,0.8646489,1.038276,0.1646314,35.16247,58.99712,53.69762,0.7631055,1.010169,0.1983668,-1.009317,0.286665,-0.4158503,GotSelection
45.35043,24,2,3,0,0.8647166,1.038349,0.1644329,35.15668,59.0523,53.71376,0.7633911,1.012591,0.2003787,-0.9978787,0.3170121,-0.419324,SelectionStart
45.35046,24,2,3,0,0.8647166,1.038349,0.1644329,35.15668,59.0523,53.71376,0.7633911,1.012591,0.2003787,-0.9978787,0.3170121,-0.419324,SelectionEnd
45.35414,24,2,3,0,0.8647166,1.038349,0.1644329,35.15668,59.0523,53.71376,0.7633911,1.012591,0.2003787,-0.9978787,0.3170121,-0.419324,GotSelection
45.36549,24,2,3,0,0.8649109,1.038264,0.1643064,35.17567,59.06104,53.7049,0.7636583,1.015097,0.2023207,-0.9857705,0.3476371,-0.4250676,SelectionStart
45.3655,24,2,3,0,0.8649109,1.038264,0.1643064,35.17567,59.06104,53.7049,0.7636583,1.015097,0.2023207,-0.9857705,0.3476371,-0.4250676,SelectionEnd
45.36884,24,2,3,0,0.8649109,1.038264,0.1643064,35.17567,59.06104,53.7049,0.7636583,1.015097,0.2023207,-0.9857705,0.3476371,-0.4250676,GotSelection
45.3784,24,2,3,0,0.8651306,1.03807,0.1642738,35.20598,59.06383,53.6856,0.7638103,1.016923,0.2037329,-0.976956,0.3699582,-0.4309616,SelectionStart
45.37841,24,2,3,0,0.8651306,1.03807,0.1642738,35.20598,59.06383,53.6856,0.7638103,1.016923,0.2037329,-0.976956,0.3699582,-0.4309616,SelectionEnd
45.38179,24,2,3,0,0.8651306,1.03807,0.1642738,35.20598,59.06383,53.6856,0.7638103,1.016923,0.2037329,-0.976956,0.3699582,-0.4309616,GotSelection
45.39188,24,2,3,0,0.865261,1.037992,0.1641344,35.21405,59.08904,53.66009,0.7639931,1.018875,0.205065,-0.9672208,0.3920839,-0.4364601,SelectionStart
45.39191,24,2,3,0,0.865261,1.037992,0.1641344,35.21405,59.08904,53.66009,0.7639931,1.018875,0.205065,-0.9672208,0.3920839,-0.4364601,SelectionEnd
45.39532,24,2,3,0,0.865261,1.037992,0.1641344,35.21405,59.08904,53.66009,0.7639931,1.018875,0.205065,-0.9672208,0.3920839,-0.4364601,GotSelection
45.40626,24,2,3,0,0.8653499,1.037968,0.1639869,35.21685,59.12028,53.63657,0.7642904,1.021279,0.2068638,-0.954977,0.4201717,-0.441307,SelectionStart
45.40628,24,2,3,0,0.8653499,1.037968,0.1639869,35.21685,59.12028,53.63657,0.7642904,1.021279,0.2068638,-0.954977,0.4201717,-0.441307,SelectionEnd
45.40956,24,2,3,0,0.8653499,1.037968,0.1639869,35.21685,59.12028,53.63657,0.7642904,1.021279,0.2068638,-0.954977,0.4201717,-0.441307,GotSelection
45.46809,24,2,3,0,0.8655215,1.037743,0.1641194,35.28143,59.28233,53.7536,0.7655261,1.030678,0.2131963,-0.899446,0.5204307,-0.4655155,SelectionStart
45.46812,24,2,3,0,0.8655215,1.037743,0.1641194,35.28143,59.28233,53.7536,0.7655261,1.030678,0.2131963,-0.899446,0.5204307,-0.4655155,SelectionEnd
45.47146,24,2,3,0,0.8655215,1.037743,0.1641194,35.28143,59.28233,53.7536,0.7655261,1.030678,0.2131963,-0.899446,0.5204307,-0.4655155,GotSelection
45.51994,24,2,3,0,0.8646246,1.03833,0.1645684,35.16253,59.61642,54.13991,0.7676546,1.038781,0.2185702,-0.8367404,0.5989866,-0.4725243,SelectionStart
45.51997,24,2,3,0,0.8646246,1.03833,0.1645684,35.16253,59.61642,54.13991,0.7676546,1.038781,0.2185702,-0.8367404,0.5989866,-0.4725243,SelectionEnd
45.52338,24,2,3,0,0.8646246,1.03833,0.1645684,35.16253,59.61642,54.13991,0.7676546,1.038781,0.2185702,-0.8367404,0.5989866,-0.4725243,GotSelection
45.57154,24,2,3,0,0.8648701,1.038257,0.1644557,35.21883,59.44146,53.98648,0.7708126,1.047347,0.2232587,-0.7724726,0.6802548,-0.4793527,SelectionStart
45.57157,24,2,3,0,0.8648701,1.038257,0.1644557,35.21883,59.44146,53.98648,0.7708126,1.047347,0.2232587,-0.7724726,0.6802548,-0.4793527,SelectionEnd
45.57495,24,2,3,0,0.8648701,1.038257,0.1644557,35.21883,59.44146,53.98648,0.7708126,1.047347,0.2232587,-0.7724726,0.6802548,-0.4793527,GotSelection
45.58608,24,2,3,0,0.8646612,1.038347,0.1643427,35.18495,59.46123,53.99214,0.772045,1.049953,0.2243391,-0.7482507,0.7013898,-0.4791493,SelectionStart
45.58611,24,2,3,0,0.8646612,1.038347,0.1643427,35.18495,59.46123,53.99214,0.772045,1.049953,0.2243391,-0.7482507,0.7013898,-0.4791493,SelectionEnd
45.59013,24,2,3,0,0.8646612,1.038347,0.1643427,35.18495,59.46123,53.99214,0.772045,1.049953,0.2243391,-0.7482507,0.7013898,-0.4791493,GotSelection
45.6019,24,2,3,0,0.8643962,1.038604,0.1642579,35.12652,59.56456,54.06423,0.7733774,1.052521,0.2252872,-0.7231221,0.7198083,-0.4785426,SelectionStart
45.60194,24,2,3,0,0.8643962,1.038604,0.1642579,35.12652,59.56456,54.06423,0.7733774,1.052521,0.2252872,-0.7231221,0.7198083,-0.4785426,SelectionEnd
45.60544,24,2,3,0,0.8643962,1.038604,0.1642579,35.12652,59.56456,54.06423,0.7733774,1.052521,0.2252872,-0.7231221,0.7198083,-0.4785426,GotSelection
45.61557,24,2,3,0,0.8641403,1.038878,0.1640855,35.07748,59.64462,54.10749,0.7747058,1.05504,0.2264166,-0.6996368,0.7401829,-0.476083,SelectionStart
45.61559,24,2,3,0,0.8641403,1.038878,0.1640855,35.07748,59.64462,54.10749,0.7747058,1.05504,0.2264166,-0.6996368,0.7401829,-0.476083,SelectionEnd
45.61907,24,2,3,0,0.8641403,1.038878,0.1640855,35.07748,59.64462,54.10749,0.7747058,1.05504,0.2264166,-0.6996368,0.7401829,-0.476083,GotSelection
45.62864,24,2,3,0,0.8640643,1.039,0.1639916,35.05777,59.67771,54.11499,0.7757327,1.05694,0.2271494,-0.6819271,0.7546588,-0.4755903,SelectionStart
45.62866,24,2,3,0,0.8640643,1.039,0.1639916,35.05777,59.67771,54.11499,0.7757327,1.05694,0.2271494,-0.6819271,0.7546588,-0.4755903,SelectionEnd
45.63191,24,2,3,0,0.8640643,1.039,0.1639916,35.05777,59.67771,54.11499,0.7757327,1.05694,0.2271494,-0.6819271,0.7546588,-0.4755903,GotSelection
45.64146,24,2,3,0,0.8640686,1.039063,0.1638805,35.04844,59.65908,54.08728,0.7769802,1.058822,0.2277831,-0.6630685,0.7686188,-0.4738941,SelectionStart
45.64148,24,2,3,0,0.8640686,1.039063,0.1638805,35.04844,59.65908,54.08728,0.7769802,1.058822,0.2277831,-0.6630685,0.7686188,-0.4738941,SelectionEnd
45.64474,24,2,3,0,0.8640686,1.039063,0.1638805,35.04844,59.65908,54.08728,0.7769802,1.058822,0.2277831,-0.6630685,0.7686188,-0.4738941,GotSelection
45.65694,24,2,3,0,0.86418,1.039041,0.163976,35.0698,59.57308,54.04807,0.7785276,1.061464,0.2285138,-0.636933,0.7860476,-0.4752102,SelectionStart
45.65695,24,2,3,0,0.86418,1.039041,0.163976,35.0698,59.57308,54.04807,0.7785276,1.061464,0.2285138,-0.636933,0.7860476,-0.4752102,SelectionEnd
45.66026,24,2,3,0,0.86418,1.039041,0.163976,35.0698,59.57308,54.04807,0.7785276,1.061464,0.2285138,-0.636933,0.7860476,-0.4752102,GotSelection
45.67152,24,2,3,0,0.8641445,1.039064,0.1639506,35.08325,59.49549,54.01022,0.780221,1.064098,0.2291711,-0.6091538,0.8032321,-0.4740597,SelectionStart
45.67155,24,2,3,0,0.8641445,1.039064,0.1639506,35.08325,59.49549,54.01022,0.780221,1.064098,0.2291711,-0.6091538,0.8032321,-0.4740597,SelectionEnd
45.67479,24,2,3,0,0.8641445,1.039064,0.1639506,35.08325,59.49549,54.01022,0.780221,1.064098,0.2291711,-0.6091538,0.8032321,-0.4740597,GotSelection
45.68474,24,2,3,0,0.8640987,1.039108,0.1639106,35.07743,59.45948,53.98303,0.7814993,1.066098,0.2296055,-0.5880079,0.8155714,-0.4734747,SelectionStart
45.68477,24,2,3,0,0.8640987,1.039108,0.1639106,35.07743,59.45948,53.98303,0.7814993,1.066098,0.2296055,-0.5880079,0.8155714,-0.4734747,SelectionEnd
45.68803,24,2,3,0,0.8640987,1.039108,0.1639106,35.07743,59.45948,53.98303,0.7814993,1.066098,0.2296055,-0.5880079,0.8155714,-0.4734747,GotSelection
45.69873,24,2,3,0,0.8638187,1.039356,0.1637244,35.02798,59.48986,53.9904,0.7832512,1.0687,0.2298994,-0.5586392,0.8288699,-0.4710315,SelectionStart
45.69875,24,2,3,0,0.8638187,1.039356,0.1637244,35.02798,59.48986,53.9904,0.7832512,1.0687,0.2298994,-0.5586392,0.8288699,-0.4710315,SelectionEnd
45.70197,24,2,3,0,0.8638187,1.039356,0.1637244,35.02798,59.48986,53.9904,0.7832512,1.0687,0.2298994,-0.5586392,0.8288699,-0.4710315,GotSelection
45.71185,24,2,3,0,0.8636616,1.039461,0.1637588,34.99794,59.51916,54.01771,0.7845976,1.070576,0.2298727,-0.5353157,0.8352731,-0.4712288,SelectionStart
45.71188,24,2,3,0,0.8636616,1.039461,0.1637588,34.99794,59.51916,54.01771,0.7845976,1.070576,0.2298727,-0.5353157,0.8352731,-0.4712288,SelectionEnd
45.71536,24,2,3,0,0.8636616,1.039461,0.1637588,34.99794,59.51916,54.01771,0.7845976,1.070576,0.2298727,-0.5353157,0.8352731,-0.4712288,GotSelection
45.75589,24,2,3,0,0.8632079,1.039713,0.1641058,34.9581,59.57555,54.13983,0.7894872,1.077517,0.2294032,-0.4479462,0.8549236,-0.476017,SelectionStart
45.75592,24,2,3,0,0.8632079,1.039713,0.1641058,34.9581,59.57555,54.13983,0.7894872,1.077517,0.2294032,-0.4479462,0.8549236,-0.476017,SelectionEnd
45.75964,24,2,3,0,0.8632079,1.039713,0.1641058,34.9581,59.57555,54.13983,0.7894872,1.077517,0.2294032,-0.4479462,0.8549236,-0.476017,GotSelection
45.76951,24,2,3,0,0.8631508,1.039655,0.1643345,34.95872,59.54472,54.16096,0.7913368,1.079992,0.2290498,-0.4151617,0.8602695,-0.4791309,SelectionStart
45.76953,24,2,3,0,0.8631508,1.039655,0.1643345,34.95872,59.54472,54.16096,0.7913368,1.079992,0.2290498,-0.4151617,0.8602695,-0.4791309,SelectionEnd
45.77276,24,2,3,0,0.8631508,1.039655,0.1643345,34.95872,59.54472,54.16096,0.7913368,1.079992,0.2290498,-0.4151617,0.8602695,-0.4791309,GotSelection
45.78255,24,2,3,0,0.8631586,1.039588,0.1645091,34.97517,59.49451,54.15071,0.7926853,1.081793,0.2286951,-0.3915479,0.8633833,-0.4820164,SelectionStart
45.78259,24,2,3,0,0.8631586,1.039588,0.1645091,34.97517,59.49451,54.15071,0.7926853,1.081793,0.2286951,-0.3915479,0.8633833,-0.4820164,SelectionEnd
45.78582,24,2,3,0,0.8631586,1.039588,0.1645091,34.97517,59.49451,54.15071,0.7926853,1.081793,0.2286951,-0.3915479,0.8633833,-0.4820164,GotSelection
45.79536,24,2,3,0,0.8630973,1.039556,0.1647241,34.99034,59.46372,54.16488,0.7943887,1.084152,0.2282837,-0.3608188,0.8676349,-0.4856004,SelectionStart
45.79538,24,2,3,0,0.8630973,1.039556,0.1647241,34.99034,59.46372,54.16488,0.7943887,1.084152,0.2282837,-0.3608188,0.8676349,-0.4856004,SelectionEnd
45.79913,24,2,3,0,0.8630973,1.039556,0.1647241,34.99034,59.46372,54.16488,0.7943887,1.084152,0.2282837,-0.3608188,0.8676349,-0.4856004,GotSelection
45.80811,24,2,3,0,0.8630266,1.039414,0.1649455,35.01252,59.48217,54.21179,0.7956297,1.085861,0.2278976,-0.3367986,0.8696662,-0.4898982,SelectionStart
45.80813,24,2,3,0,0.8630266,1.039414,0.1649455,35.01252,59.48217,54.21179,0.7956297,1.085861,0.2278976,-0.3367986,0.8696662,-0.4898982,SelectionEnd
45.81138,24,2,3,0,0.8630266,1.039414,0.1649455,35.01252,59.48217,54.21179,0.7956297,1.085861,0.2278976,-0.3367986,0.8696662,-0.4898982,GotSelection
45.82328,24,2,3,0,0.862903,1.039438,0.1652207,35.02311,59.54797,54.3164,0.7972536,1.08833,0.2274004,-0.3044655,0.8724943,-0.4957877,SelectionStart
45.8233,24,2,3,0,0.862903,1.039438,0.1652207,35.02311,59.54797,54.3164,0.7972536,1.08833,0.2274004,-0.3044655,0.8724943,-0.4957877,SelectionEnd
45.82664,24,2,3,0,0.862903,1.039438,0.1652207,35.02311,59.54797,54.3164,0.7972536,1.08833,0.2274004,-0.3044655,0.8724943,-0.4957877,GotSelection
45.83823,24,2,3,0,0.8627656,1.039448,0.1654526,35.01388,59.63602,54.41794,0.7992033,1.09064,0.2268322,-0.2706219,0.8737605,-0.4986571,SelectionStart
45.83826,24,2,3,0,0.8627656,1.039448,0.1654526,35.01388,59.63602,54.41794,0.7992033,1.09064,0.2268322,-0.2706219,0.8737605,-0.4986571,SelectionEnd
45.84195,24,2,3,0,0.8627656,1.039448,0.1654526,35.01388,59.63602,54.41794,0.7992033,1.09064,0.2268322,-0.2706219,0.8737605,-0.4986571,GotSelection
45.85197,24,2,3,0,0.8627602,1.039491,0.1654552,35.0038,59.69033,54.46238,0.8006428,1.092057,0.2265412,-0.2497246,0.8758097,-0.4981297,SelectionStart
45.85199,24,2,3,0,0.8627602,1.039491,0.1654552,35.0038,59.69033,54.46238,0.8006428,1.092057,0.2265412,-0.2497246,0.8758097,-0.4981297,SelectionEnd
45.8553,24,2,3,0,0.8627602,1.039491,0.1654552,35.0038,59.69033,54.46238,0.8006428,1.092057,0.2265412,-0.2497246,0.8758097,-0.4981297,GotSelection
45.8655,24,2,3,0,0.8627573,1.039552,0.1654106,34.98976,59.74208,54.5034,0.8025226,1.094439,0.2260866,-0.2189559,0.8809023,-0.5004104,SelectionStart
45.86552,24,2,3,0,0.8627573,1.039552,0.1654106,34.98976,59.74208,54.5034,0.8025226,1.094439,0.2260866,-0.2189559,0.8809023,-0.5004104,SelectionEnd
45.86883,24,2,3,0,0.8627573,1.039552,0.1654106,34.98976,59.74208,54.5034,0.8025226,1.094439,0.2260866,-0.2189559,0.8809023,-0.5004104,GotSelection
45.87811,24,2,3,0,0.8627948,1.039732,0.1652191,34.96696,59.794,54.51809,0.8036965,1.095682,0.2256588,-0.2028734,0.8822954,-0.4998986,SelectionStart
45.87812,24,2,3,0,0.8627948,1.039732,0.1652191,34.96696,59.794,54.51809,0.8036965,1.095682,0.2256588,-0.2028734,0.8822954,-0.4998986,SelectionEnd
45.88136,24,2,3,0,0.8627948,1.039732,0.1652191,34.96696,59.794,54.51809,0.8036965,1.095682,0.2256588,-0.2028734,0.8822954,-0.4998986,GotSelection
45.89107,24,2,3,0,0.8628479,1.039824,0.16498,34.94793,59.83422,54.50893,0.8051656,1.097014,0.2255502,-0.1849372,0.8874695,-0.4967277,SelectionStart
45.89108,24,2,3,0,0.8628479,1.039824,0.16498,34.94793,59.83422,54.50893,0.8051656,1.097014,0.2255502,-0.1849372,0.8874695,-0.4967277,SelectionEnd
45.89452,24,2,3,0,0.8628479,1.039824,0.16498,34.94793,59.83422,54.50893,0.8051656,1.097014,0.2255502,-0.1849372,0.8874695,-0.4967277,GotSelection
45.93685,24,2,3,0,0.8633109,1.039932,0.1638848,34.96711,59.83081,54.35264,0.8103461,1.103161,0.2244205,-0.1128848,0.9102474,-0.4981632,SelectionStart
45.93687,24,2,3,0,0.8633109,1.039932,0.1638848,34.96711,59.83081,54.35264,0.8103461,1.103161,0.2244205,-0.1128848,0.9102474,-0.4981632,SelectionEnd
45.9401,24,2,3,0,0.8633109,1.039932,0.1638848,34.96711,59.83081,54.35264,0.8103461,1.103161,0.2244205,-0.1128848,0.9102474,-0.4981632,GotSelection
45.9499,24,2,3,0,0.8633145,1.040069,0.1635629,34.93638,59.85734,54.33248,0.8117267,1.104759,0.2241914,-0.09368317,0.9164554,-0.4964203,SelectionStart
45.94991,24,2,3,0,0.8633145,1.040069,0.1635629,34.93638,59.85734,54.33248,0.8117267,1.104759,0.2241914,-0.09368317,0.9164554,-0.4964203,SelectionEnd
45.95318,24,2,3,0,0.8633145,1.040069,0.1635629,34.93638,59.85734,54.33248,0.8117267,1.104759,0.2241914,-0.09368317,0.9164554,-0.4964203,GotSelection
45.96559,24,2,3,0,0.8632968,1.040166,0.1631733,34.89005,59.89083,54.30627,0.8138301,1.107173,0.2239102,-0.06346744,0.9261273,-0.4941443,SelectionStart
45.96561,24,2,3,0,0.8632968,1.040166,0.1631733,34.89005,59.89083,54.30627,0.8138301,1.107173,0.2239102,-0.06346744,0.9261273,-0.4941443,SelectionEnd
45.96935,24,2,3,0,0.8632968,1.040166,0.1631733,34.89005,59.89083,54.30627,0.8138301,1.107173,0.2239102,-0.06346744,0.9261273,-0.4941443,GotSelection
45.97969,24,2,3,0,0.863351,1.040382,0.1629373,34.89424,59.92604,54.31266,0.8158698,1.109801,0.2237059,-0.03320003,0.9355512,-0.4941474,SelectionStart
45.97971,24,2,3,0,0.863351,1.040382,0.1629373,34.89424,59.92604,54.31266,0.8158698,1.109801,0.2237059,-0.03320003,0.9355512,-0.4941474,SelectionEnd
45.98303,24,2,3,0,0.863351,1.040382,0.1629373,34.89424,59.92604,54.31266,0.8158698,1.109801,0.2237059,-0.03320003,0.9355512,-0.4941474,GotSelection
45.99257,24,2,3,0,0.8633172,1.040511,0.1628126,34.88279,59.9323,54.32025,0.817731,1.111578,0.2234339,-0.007998818,0.9400227,-0.4906177,SelectionStart
45.9926,24,2,3,0,0.8633172,1.040511,0.1628126,34.88279,59.9323,54.32025,0.817731,1.111578,0.2234339,-0.007998818,0.9400227,-0.4906177,SelectionEnd
45.99608,24,2,3,0,0.8633172,1.040511,0.1628126,34.88279,59.9323,54.32025,0.817731,1.111578,0.2234339,-0.007998818,0.9400227,-0.4906177,GotSelection
46.00738,24,2,3,0,0.8632814,1.040635,0.1626484,34.86872,59.89663,54.29322,0.8203223,1.11415,0.2230926,0.02758427,0.9475045,-0.4860902,SelectionStart
46.00739,24,2,3,0,0.8632814,1.040635,0.1626484,34.86872,59.89663,54.29322,0.8203223,1.11415,0.2230926,0.02758427,0.9475045,-0.4860902,SelectionEnd
46.01069,24,2,3,0,0.8632814,1.040635,0.1626484,34.86872,59.89663,54.29322,0.8203223,1.11415,0.2230926,0.02758427,0.9475045,-0.4860902,GotSelection
46.02087,24,2,3,0,0.8632204,1.040716,0.1624047,34.84165,59.8784,54.24631,0.8226017,1.116054,0.2228715,0.05598914,0.954045,-0.4791986,SelectionStart
46.0209,24,2,3,0,0.8632204,1.040716,0.1624047,34.84165,59.8784,54.24631,0.8226017,1.116054,0.2228715,0.05598914,0.954045,-0.4791986,SelectionEnd
46.02417,24,2,3,0,0.8632204,1.040716,0.1624047,34.84165,59.8784,54.24631,0.8226017,1.116054,0.2228715,0.05598914,0.954045,-0.4791986,GotSelection
46.03419,24,2,3,0,0.8631613,1.040884,0.1621678,34.80795,59.8823,54.21891,0.8255357,1.118454,0.222564,0.09229842,0.9609119,-0.4704974,SelectionStart
46.0342,24,2,3,0,0.8631613,1.040884,0.1621678,34.80795,59.8823,54.21891,0.8255357,1.118454,0.222564,0.09229842,0.9609119,-0.4704974,SelectionEnd
46.03748,24,2,3,0,0.8631613,1.040884,0.1621678,34.80795,59.8823,54.21891,0.8255357,1.118454,0.222564,0.09229842,0.9609119,-0.4704974,GotSelection
46.04916,24,2,3,0,0.8631536,1.041035,0.1619416,34.79151,59.87379,54.18502,0.8286321,1.120947,0.2219215,0.1309389,0.9651327,-0.4631175,SelectionStart
46.04917,24,2,3,0,0.8631536,1.041035,0.1619416,34.79151,59.87379,54.18502,0.8286321,1.120947,0.2219215,0.1309389,0.9651327,-0.4631175,SelectionEnd
46.05258,24,2,3,0,0.8631536,1.041035,0.1619416,34.79151,59.87379,54.18502,0.8286321,1.120947,0.2219215,0.1309389,0.9651327,-0.4631175,GotSelection
46.06184,24,2,3,0,0.8632205,1.040987,0.1619008,34.78111,59.83792,54.15271,0.8306,1.122572,0.2214781,0.1566091,0.9677398,-0.4602853,SelectionStart
46.06185,24,2,3,0,0.8632205,1.040987,0.1619008,34.78111,59.83792,54.15271,0.8306,1.122572,0.2214781,0.1566091,0.9677398,-0.4602853,SelectionEnd
46.06519,24,2,3,0,0.8632205,1.040987,0.1619008,34.78111,59.83792,54.15271,0.8306,1.122572,0.2214781,0.1566091,0.9677398,-0.4602853,GotSelection
46.07619,24,2,3,0,0.862702,1.041439,0.1619817,34.7276,59.80037,54.15913,0.8331744,1.124747,0.2209354,0.1926318,0.9672877,-0.4495026,SelectionStart
46.07621,24,2,3,0,0.862702,1.041439,0.1619817,34.7276,59.80037,54.15913,0.8331744,1.124747,0.2209354,0.1926318,0.9672877,-0.4495026,SelectionEnd
46.07967,24,2,3,0,0.862702,1.041439,0.1619817,34.7276,59.80037,54.15913,0.8331744,1.124747,0.2209354,0.1926318,0.9672877,-0.4495026,GotSelection
46.12551,24,2,3,0,0.8630111,1.041726,0.161155,34.64365,59.74809,54.02987,0.8364871,1.127512,0.2194041,0.2313398,0.9706025,-0.44351,SelectionStart
46.12554,24,2,3,0,0.8630111,1.041726,0.161155,34.64365,59.74809,54.02987,0.8364871,1.127512,0.2194041,0.2313398,0.9706025,-0.44351,SelectionEnd
46.12885,24,2,3,0,0.8630111,1.041726,0.161155,34.64365,59.74809,54.02987,0.8364871,1.127512,0.2194041,0.2313398,0.9706025,-0.44351,GotSelection
46.14217,24,2,3,0,0.8629127,1.041812,0.1609335,34.63776,59.73769,53.99964,0.835504,1.126395,0.2192715,0.2162502,0.9667073,-0.4423984,SelectionStart
46.14219,24,2,3,0,0.8629127,1.041812,0.1609335,34.63776,59.73769,53.99964,0.835504,1.126395,0.2192715,0.2162502,0.9667073,-0.4423984,SelectionEnd
46.14562,24,2,3,0,0.8629127,1.041812,0.1609335,34.63776,59.73769,53.99964,0.835504,1.126395,0.2192715,0.2162502,0.9667073,-0.4423984,GotSelection
46.15674,24,2,3,0,0.8628959,1.04184,0.1607958,34.6129,59.71546,53.96392,0.8341022,1.124991,0.2193027,0.1959419,0.9631305,-0.4428996,SelectionStart
46.15675,24,2,3,0,0.8628959,1.04184,0.1607958,34.6129,59.71546,53.96392,0.8341022,1.124991,0.2193027,0.1959419,0.9631305,-0.4428996,SelectionEnd
46.16,24,2,3,0,0.8628959,1.04184,0.1607958,34.6129,59.71546,53.96392,0.8341022,1.124991,0.2193027,0.1959419,0.9631305,-0.4428996,GotSelection
46.16959,24,2,3,0,0.8629375,1.041872,0.1606234,34.62049,59.67746,53.9186,0.8314206,1.122432,0.2194593,0.1575658,0.956775,-0.4459482,SelectionStart
46.16961,24,2,3,0,0.8629375,1.041872,0.1606234,34.62049,59.67746,53.9186,0.8314206,1.122432,0.2194593,0.1575658,0.956775,-0.4459482,SelectionEnd
46.17292,24,2,3,0,0.8629375,1.041872,0.1606234,34.62049,59.67746,53.9186,0.8314206,1.122432,0.2194593,0.1575658,0.956775,-0.4459482,GotSelection
46.18229,24,2,3,0,0.8629823,1.041912,0.1605492,34.6287,59.64536,53.89319,0.8289095,1.120249,0.2196614,0.1233203,0.9514797,-0.4501884,SelectionStart
46.1823,24,2,3,0,0.8629823,1.041912,0.1605492,34.6287,59.64536,53.89319,0.8289095,1.120249,0.2196614,0.1233203,0.9514797,-0.4501884,SelectionEnd
46.18557,24,2,3,0,0.8629823,1.041912,0.1605492,34.6287,59.64536,53.89319,0.8289095,1.120249,0.2196614,0.1233203,0.9514797,-0.4501884,GotSelection
46.19482,24,2,3,0,0.8629193,1.041935,0.1605052,34.64066,59.65729,53.89528,0.8261912,1.117154,0.2201002,0.08190955,0.9434475,-0.4495543,SelectionStart
46.19484,24,2,3,0,0.8629193,1.041935,0.1605052,34.64066,59.65729,53.89528,0.8261912,1.117154,0.2201002,0.08190955,0.9434475,-0.4495543,SelectionEnd
46.19826,24,2,3,0,0.8629193,1.041935,0.1605052,34.64066,59.65729,53.89528,0.8261912,1.117154,0.2201002,0.08190955,0.9434475,-0.4495543,GotSelection
46.2078,24,2,3,0,0.8628532,1.041996,0.1603597,34.62672,59.70359,53.91697,0.8235266,1.113933,0.2205323,0.03980862,0.9353005,-0.4472372,SelectionStart
46.20782,24,2,3,0,0.8628532,1.041996,0.1603597,34.62672,59.70359,53.91697,0.8235266,1.113933,0.2205323,0.03980862,0.9353005,-0.4472372,SelectionEnd
46.21128,24,2,3,0,0.8628532,1.041996,0.1603597,34.62672,59.70359,53.91697,0.8235266,1.113933,0.2205323,0.03980862,0.9353005,-0.4472372,GotSelection
46.22353,24,2,3,0,0.8625133,1.042138,0.160268,34.57867,59.77378,53.96455,0.8198202,1.109605,0.2209526,-0.01509661,0.9216662,-0.4438758,SelectionStart
46.22354,24,2,3,0,0.8625133,1.042138,0.160268,34.57867,59.77378,53.96455,0.8198202,1.109605,0.2209526,-0.01509661,0.9216662,-0.4438758,SelectionEnd
46.22728,24,2,3,0,0.8625133,1.042138,0.160268,34.57867,59.77378,53.96455,0.8198202,1.109605,0.2209526,-0.01509661,0.9216662,-0.4438758,GotSelection
46.23713,24,2,3,0,0.8625616,1.042431,0.1600819,34.54683,59.82658,53.98962,0.8157437,1.104665,0.2217496,-0.0822519,0.9093605,-0.4396923,SelectionStart
46.23715,24,2,3,0,0.8625616,1.042431,0.1600819,34.54683,59.82658,53.98962,0.8157437,1.104665,0.2217496,-0.0822519,0.9093605,-0.4396923,SelectionEnd
46.24039,24,2,3,0,0.8625616,1.042431,0.1600819,34.54683,59.82658,53.98962,0.8157437,1.104665,0.2217496,-0.0822519,0.9093605,-0.4396923,GotSelection
46.25031,24,2,3,0,0.8624943,1.042528,0.1600364,34.54253,59.79175,53.98322,0.8130077,1.10095,0.2223092,-0.1286136,0.8993248,-0.4340345,SelectionStart
46.25032,24,2,3,0,0.8624943,1.042528,0.1600364,34.54253,59.79175,53.98322,0.8130077,1.10095,0.2223092,-0.1286136,0.8993248,-0.4340345,SelectionEnd
46.25356,24,2,3,0,0.8624943,1.042528,0.1600364,34.54253,59.79175,53.98322,0.8130077,1.10095,0.2223092,-0.1286136,0.8993248,-0.4340345,GotSelection
46.26535,24,2,3,0,0.8624003,1.042652,0.1599977,34.53787,59.7266,53.947,0.8095592,1.096246,0.2230635,-0.1875564,0.8868941,-0.426311,SelectionStart
46.26537,24,2,3,0,0.8624003,1.042652,0.1599977,34.53787,59.7266,53.947,0.8095592,1.096246,0.2230635,-0.1875564,0.8868941,-0.426311,SelectionEnd
46.26859,24,2,3,0,0.8624003,1.042652,0.1599977,34.53787,59.7266,53.947,0.8095592,1.096246,0.2230635,-0.1875564,0.8868941,-0.426311,GotSelection
46.27876,24,2,3,0,0.8624408,1.042552,0.1599298,34.53761,59.63942,53.8601,0.8071038,1.093086,0.2236891,-0.228837,0.8812065,-0.4227215,SelectionStart
46.27879,24,2,3,0,0.8624408,1.042552,0.1599298,34.53761,59.63942,53.8601,0.8071038,1.093086,0.2236891,-0.228837,0.8812065,-0.4227215,SelectionEnd
46.28207,24,2,3,0,0.8624408,1.042552,0.1599298,34.53761,59.63942,53.8601,0.8071038,1.093086,0.2236891,-0.228837,0.8812065,-0.4227215,GotSelection
46.32166,24,2,3,0,0.8622346,1.042671,0.1597558,34.52119,59.49042,53.75214,0.8005851,1.082401,0.225863,-0.3541992,0.8567132,-0.394046,SelectionStart
46.32169,24,2,3,0,0.8622346,1.042671,0.1597558,34.52119,59.49042,53.75214,0.8005851,1.082401,0.225863,-0.3541992,0.8567132,-0.394046,SelectionEnd
46.32499,24,2,3,0,0.8622346,1.042671,0.1597558,34.52119,59.49042,53.75214,0.8005851,1.082401,0.225863,-0.3541992,0.8567132,-0.394046,GotSelection
46.33476,24,2,3,0,0.8619986,1.042862,0.159863,34.49147,59.47841,53.77586,0.7989959,1.07935,0.2267649,-0.3874334,0.8496556,-0.3814515,SelectionStart
46.33479,24,2,3,0,0.8619986,1.042862,0.159863,34.49147,59.47841,53.77586,0.7989959,1.07935,0.2267649,-0.3874334,0.8496556,-0.3814515,SelectionEnd
46.33817,24,2,3,0,0.8619986,1.042862,0.159863,34.49147,59.47841,53.77586,0.7989959,1.07935,0.2267649,-0.3874334,0.8496556,-0.3814515,GotSelection
46.34868,24,2,3,0,0.8617914,1.042862,0.1599205,34.44806,59.48424,53.80048,0.7985838,1.077856,0.2271614,-0.3994115,0.8457692,-0.3728031,SelectionStart
46.34871,24,2,3,0,0.8617914,1.042862,0.1599205,34.44806,59.48424,53.80048,0.7985838,1.077856,0.2271614,-0.3994115,0.8457692,-0.3728031,SelectionEnd
46.35291,24,2,3,0,0.8617914,1.042862,0.1599205,34.44806,59.48424,53.80048,0.7985838,1.077856,0.2271614,-0.3994115,0.8457692,-0.3728031,GotSelection
46.36224,24,2,3,0,0.8615524,1.043062,0.1599948,34.42112,59.46111,53.81672,0.7972654,1.075703,0.2277256,-0.4239061,0.8401589,-0.3645737,SelectionStart
46.36226,24,2,3,0,0.8615524,1.043062,0.1599948,34.42112,59.46111,53.81672,0.7972654,1.075703,0.2277256,-0.4239061,0.8401589,-0.3645737,SelectionEnd
46.3656,24,2,3,0,0.8615524,1.043062,0.1599948,34.42112,59.46111,53.81672,0.7972654,1.075703,0.2277256,-0.4239061,0.8401589,-0.3645737,GotSelection
46.37601,24,2,3,0,0.8613096,1.043097,0.1599548,34.42032,59.42189,53.81085,0.7971359,1.075195,0.2280227,-0.4276274,0.8405786,-0.3586465,SelectionStart
46.37603,24,2,3,0,0.8613096,1.043097,0.1599548,34.42032,59.42189,53.81085,0.7971359,1.075195,0.2280227,-0.4276274,0.8405786,-0.3586465,SelectionEnd
46.37933,24,2,3,0,0.8613096,1.043097,0.1599548,34.42032,59.42189,53.81085,0.7971359,1.075195,0.2280227,-0.4276274,0.8405786,-0.3586465,GotSelection
46.39008,24,2,3,0,0.8613865,1.043055,0.1602371,34.43061,59.36733,53.78355,0.7970566,1.074564,0.2285331,-0.4335361,0.8400759,-0.3547004,SelectionStart
46.39011,24,2,3,0,0.8613865,1.043055,0.1602371,34.43061,59.36733,53.78355,0.7970566,1.074564,0.2285331,-0.4335361,0.8400759,-0.3547004,SelectionEnd
46.39336,24,2,3,0,0.8613865,1.043055,0.1602371,34.43061,59.36733,53.78355,0.7970566,1.074564,0.2285331,-0.4335361,0.8400759,-0.3547004,GotSelection
46.40302,24,2,3,0,0.8614805,1.042991,0.1602685,34.44204,59.34722,53.7613,0.7970924,1.074273,0.2287428,-0.4362637,0.8405546,-0.3528098,SelectionStart
46.40305,24,2,3,0,0.8614805,1.042991,0.1602685,34.44204,59.34722,53.7613,0.7970924,1.074273,0.2287428,-0.4362637,0.8405546,-0.3528098,SelectionEnd
46.40628,24,2,3,0,0.8614805,1.042991,0.1602685,34.44204,59.34722,53.7613,0.7970924,1.074273,0.2287428,-0.4362637,0.8405546,-0.3528098,GotSelection
46.41602,24,2,3,0,0.8614295,1.042941,0.1602612,34.44324,59.36145,53.76731,0.7979534,1.075384,0.2289439,-0.4225101,0.8469391,-0.3522081,SelectionStart
46.41604,24,2,3,0,0.8614295,1.042941,0.1602612,34.44324,59.36145,53.76731,0.7979534,1.075384,0.2289439,-0.4225101,0.8469391,-0.3522081,SelectionEnd
46.4194,24,2,3,0,0.8614295,1.042941,0.1602612,34.44324,59.36145,53.76731,0.7979534,1.075384,0.2289439,-0.4225101,0.8469391,-0.3522081,GotSelection
46.42968,24,2,3,0,0.861363,1.043092,0.1604479,34.44312,59.39074,53.80412,0.7992396,1.077403,0.2292586,-0.4002323,0.8556734,-0.353034,SelectionStart
46.4297,24,2,3,0,0.861363,1.043092,0.1604479,34.44312,59.39074,53.80412,0.7992396,1.077403,0.2292586,-0.4002323,0.8556734,-0.353034,SelectionEnd
46.43294,24,2,3,0,0.861363,1.043092,0.1604479,34.44312,59.39074,53.80412,0.7992396,1.077403,0.2292586,-0.4002323,0.8556734,-0.353034,GotSelection
46.44287,24,2,3,0,0.861264,1.043052,0.1606366,34.43264,59.43079,53.859,0.8009344,1.079728,0.229342,-0.3705251,0.8643192,-0.3546338,SelectionStart
46.4429,24,2,3,0,0.861264,1.043052,0.1606366,34.43264,59.43079,53.859,0.8009344,1.079728,0.229342,-0.3705251,0.8643192,-0.3546338,SelectionEnd
46.44672,24,2,3,0,0.861264,1.043052,0.1606366,34.43264,59.43079,53.859,0.8009344,1.079728,0.229342,-0.3705251,0.8643192,-0.3546338,GotSelection
46.45709,24,2,3,0,0.8613154,1.042916,0.1609467,34.44799,59.47639,53.93591,0.8036235,1.08333,0.2293901,-0.3248987,0.8772724,-0.3588626,SelectionStart
46.45711,24,2,3,0,0.8613154,1.042916,0.1609467,34.44799,59.47639,53.93591,0.8036235,1.08333,0.2293901,-0.3248987,0.8772724,-0.3588626,SelectionEnd
46.46049,24,2,3,0,0.8613154,1.042916,0.1609467,34.44799,59.47639,53.93591,0.8036235,1.08333,0.2293901,-0.3248987,0.8772724,-0.3588626,GotSelection
46.50038,24,2,3,0,0.8615873,1.042427,0.1613795,34.53828,59.52351,53.99723,0.8144137,1.096746,0.2292129,-0.1540377,0.9270288,-0.3667175,SelectionStart
46.5004,24,2,3,0,0.8615873,1.042427,0.1613795,34.53828,59.52351,53.99723,0.8144137,1.096746,0.2292129,-0.1540377,0.9270288,-0.3667175,SelectionEnd
46.50365,24,2,3,0,0.8615873,1.042427,0.1613795,34.53828,59.52351,53.99723,0.8144137,1.096746,0.2292129,-0.1540377,0.9270288,-0.3667175,GotSelection
46.51503,24,2,3,0,0.8616686,1.042311,0.1615046,34.56837,59.55399,54.02126,0.8187534,1.101682,0.2288174,-0.08805586,0.9418082,-0.3679292,SelectionStart
46.51506,24,2,3,0,0.8616686,1.042311,0.1615046,34.56837,59.55399,54.02126,0.8187534,1.101682,0.2288174,-0.08805586,0.9418082,-0.3679292,SelectionEnd
46.51864,24,2,3,0,0.8616686,1.042311,0.1615046,34.56837,59.55399,54.02126,0.8187534,1.101682,0.2288174,-0.08805586,0.9418082,-0.3679292,GotSelection
46.52815,24,2,3,0,0.8618615,1.042233,0.1616483,34.60086,59.59099,54.04245,0.8221525,1.105437,0.2283176,-0.0375639,0.9507428,-0.3703584,SelectionStart
46.52818,24,2,3,0,0.8618615,1.042233,0.1616483,34.60086,59.59099,54.04245,0.8221525,1.105437,0.2283176,-0.0375639,0.9507428,-0.3703584,SelectionEnd
46.53161,24,2,3,0,0.8618615,1.042233,0.1616483,34.60086,59.59099,54.04245,0.8221525,1.105437,0.2283176,-0.0375639,0.9507428,-0.3703584,GotSelection
46.54266,24,2,3,0,0.8620305,1.042138,0.1616477,34.62548,59.66933,54.08448,0.8266354,1.110178,0.2276697,0.02771136,0.9630551,-0.3709908,SelectionStart
46.54269,24,2,3,0,0.8620305,1.042138,0.1616477,34.62548,59.66933,54.08448,0.8266354,1.110178,0.2276697,0.02771136,0.9630551,-0.3709908,SelectionEnd
46.54612,24,2,3,0,0.8620305,1.042138,0.1616477,34.62548,59.66933,54.08448,0.8266354,1.110178,0.2276697,0.02771136,0.9630551,-0.3709908,GotSelection
46.55727,24,2,3,0,0.8622094,1.042032,0.1617948,34.64831,59.71699,54.12125,0.8311411,1.114564,0.2265848,0.09250198,0.9686147,-0.3716616,SelectionStart
46.55728,24,2,3,0,0.8622094,1.042032,0.1617948,34.64831,59.71699,54.12125,0.8311411,1.114564,0.2265848,0.09250198,0.9686147,-0.3716616,SelectionEnd
46.56116,24,2,3,0,0.8622094,1.042032,0.1617948,34.64831,59.71699,54.12125,0.8311411,1.114564,0.2265848,0.09250198,0.9686147,-0.3716616,GotSelection
46.57096,24,2,3,0,0.8622037,1.042015,0.1617567,34.64237,59.73809,54.13885,0.8342114,1.117114,0.2257314,0.1341809,0.9701474,-0.3678487,SelectionStart
46.57098,24,2,3,0,0.8622037,1.042015,0.1617567,34.64237,59.73809,54.13885,0.8342114,1.117114,0.2257314,0.1341809,0.9701474,-0.3678487,SelectionEnd
46.5742,24,2,3,0,0.8622037,1.042015,0.1617567,34.64237,59.73809,54.13885,0.8342114,1.117114,0.2257314,0.1341809,0.9701474,-0.3678487,GotSelection
46.58383,24,2,3,0,0.8622158,1.041996,0.1617308,34.64075,59.73906,54.14423,0.8396696,1.120472,0.2243244,0.1996167,0.9678006,-0.3537843,SelectionStart
46.58385,24,2,3,0,0.8622158,1.041996,0.1617308,34.64075,59.73906,54.14423,0.8396696,1.120472,0.2243244,0.1996167,0.9678006,-0.3537843,SelectionEnd
46.58723,24,2,3,0,0.8622158,1.041996,0.1617308,34.64075,59.73906,54.14423,0.8396696,1.120472,0.2243244,0.1996167,0.9678006,-0.3537843,GotSelection
46.6001,24,2,3,0,0.8622496,1.041933,0.1617205,34.65193,59.75372,54.14354,0.8435145,1.123248,0.2230908,0.2491235,0.9661639,-0.348071,SelectionStart
46.60012,24,2,3,0,0.8622496,1.041933,0.1617205,34.65193,59.75372,54.14354,0.8435145,1.123248,0.2230908,0.2491235,0.9661639,-0.348071,SelectionEnd
46.60337,24,2,3,0,0.8622496,1.041933,0.1617205,34.65193,59.75372,54.14354,0.8435145,1.123248,0.2230908,0.2491235,0.9661639,-0.348071,GotSelection
46.61528,24,2,3,0,0.862344,1.041831,0.161693,34.66783,59.78042,54.13876,0.8465474,1.125561,0.2221212,0.2886233,0.9660162,-0.345215,SelectionStart
46.6153,24,2,3,0,0.862344,1.041831,0.161693,34.66783,59.78042,54.13876,0.8465474,1.125561,0.2221212,0.2886233,0.9660162,-0.345215,SelectionEnd
46.61877,24,2,3,0,0.862344,1.041831,0.161693,34.66783,59.78042,54.13876,0.8465474,1.125561,0.2221212,0.2886233,0.9660162,-0.345215,GotSelection
46.62974,24,2,3,0,0.8623919,1.041755,0.1617186,34.68331,59.79207,54.14024,0.8487453,1.127294,0.2213998,0.3180961,0.9655939,-0.3436064,SelectionStart
46.62976,24,2,3,0,0.8623919,1.041755,0.1617186,34.68331,59.79207,54.14024,0.8487453,1.127294,0.2213998,0.3180961,0.9655939,-0.3436064,SelectionEnd
46.633,24,2,3,0,0.8623919,1.041755,0.1617186,34.68331,59.79207,54.14024,0.8487453,1.127294,0.2213998,0.3180961,0.9655939,-0.3436064,GotSelection
46.64358,24,2,3,0,0.8624652,1.041733,0.1618063,34.69005,59.79698,54.15807,0.8514459,1.129264,0.2204268,0.3534216,0.9626437,-0.3407374,SelectionStart
46.6436,24,2,3,0,0.8624652,1.041733,0.1618063,34.69005,59.79698,54.15807,0.8514459,1.129264,0.2204268,0.3534216,0.9626437,-0.3407374,SelectionEnd
46.64687,24,2,3,0,0.8624652,1.041733,0.1618063,34.69005,59.79698,54.15807,0.8514459,1.129264,0.2204268,0.3534216,0.9626437,-0.3407374,GotSelection
46.68868,24,2,3,0,0.8621556,1.041916,0.1619555,34.64286,59.88988,54.27161,0.852564,1.129741,0.2193827,0.370355,0.9511831,-0.3371694,SelectionStart
46.68871,24,2,3,0,0.8621556,1.041916,0.1619555,34.64286,59.88988,54.27161,0.852564,1.129741,0.2193827,0.370355,0.9511831,-0.3371694,SelectionEnd
46.69246,24,2,3,0,0.8621556,1.041916,0.1619555,34.64286,59.88988,54.27161,0.852564,1.129741,0.2193827,0.370355,0.9511831,-0.3371694,GotSelection
46.70205,24,2,3,0,0.8620621,1.041994,0.1619277,34.63124,59.95542,54.31366,0.8509227,1.127953,0.219779,0.3458422,0.9474429,-0.3361618,SelectionStart
46.70207,24,2,3,0,0.8620621,1.041994,0.1619277,34.63124,59.95542,54.31366,0.8509227,1.127953,0.219779,0.3458422,0.9474429,-0.3361618,SelectionEnd
46.70529,24,2,3,0,0.8620621,1.041994,0.1619277,34.63124,59.95542,54.31366,0.8509227,1.127953,0.219779,0.3458422,0.9474429,-0.3361618,GotSelection
46.71578,24,2,3,0,0.8624134,1.04172,0.161606,34.67414,59.99831,54.29012,0.8486213,1.12601,0.2205405,0.3118437,0.9520583,-0.3421834,SelectionStart
46.71581,24,2,3,0,0.8624134,1.04172,0.161606,34.67414,59.99831,54.29012,0.8486213,1.12601,0.2205405,0.3118437,0.9520583,-0.3421834,SelectionEnd
46.71903,24,2,3,0,0.8624134,1.04172,0.161606,34.67414,59.99831,54.29012,0.8486213,1.12601,0.2205405,0.3118437,0.9520583,-0.3421834,GotSelection
46.72858,24,2,3,0,0.8624489,1.041825,0.1615151,34.65761,60.02078,54.29764,0.8449143,1.122441,0.222083,0.255881,0.9530663,-0.3411817,SelectionStart
46.7286,24,2,3,0,0.8624489,1.041825,0.1615151,34.65761,60.02078,54.29764,0.8449143,1.122441,0.222083,0.255881,0.9530663,-0.3411817,SelectionEnd
46.73198,24,2,3,0,0.8624489,1.041825,0.1615151,34.65761,60.02078,54.29764,0.8449143,1.122441,0.222083,0.255881,0.9530663,-0.3411817,GotSelection
46.74118,24,2,3,0,0.8622566,1.04204,0.1614659,34.63869,60.02872,54.3079,0.8419955,1.119514,0.2232887,0.2119216,0.9521101,-0.337343,SelectionStart
46.7412,24,2,3,0,0.8622566,1.04204,0.1614659,34.63869,60.02872,54.3079,0.8419955,1.119514,0.2232887,0.2119216,0.9521101,-0.337343,SelectionEnd
46.74451,24,2,3,0,0.8622566,1.04204,0.1614659,34.63869,60.02872,54.3079,0.8419955,1.119514,0.2232887,0.2119216,0.9521101,-0.337343,GotSelection
46.75691,24,2,3,0,0.862419,1.041997,0.1611898,34.63477,60.04152,54.28819,0.8374196,1.114852,0.224622,0.1421019,0.9495121,-0.3383371,SelectionStart
46.75694,24,2,3,0,0.862419,1.041997,0.1611898,34.63477,60.04152,54.28819,0.8374196,1.114852,0.224622,0.1421019,0.9495121,-0.3383371,SelectionEnd
46.76028,24,2,3,0,0.862419,1.041997,0.1611898,34.63477,60.04152,54.28819,0.8374196,1.114852,0.224622,0.1421019,0.9495121,-0.3383371,GotSelection
46.77129,24,2,3,0,0.8624549,1.042155,0.1610135,34.60609,60.05247,54.27242,0.8337027,1.110784,0.2257493,0.082986,0.944979,-0.3354725,SelectionStart
46.77132,24,2,3,0,0.8624549,1.042155,0.1610135,34.60609,60.05247,54.27242,0.8337027,1.110784,0.2257493,0.082986,0.944979,-0.3354725,SelectionEnd
46.77508,24,2,3,0,0.8624549,1.042155,0.1610135,34.60609,60.05247,54.27242,0.8337027,1.110784,0.2257493,0.082986,0.944979,-0.3354725,GotSelection
46.7849,24,2,3,0,0.8623646,1.042263,0.1608514,34.59266,60.06487,54.22849,0.8288887,1.105507,0.2276305,0.006487742,0.9423742,-0.3300818,SelectionStart
46.78491,24,2,3,0,0.8623646,1.042263,0.1608514,34.59266,60.06487,54.22849,0.8288887,1.105507,0.2276305,0.006487742,0.9423742,-0.3300818,SelectionEnd
46.7884,24,2,3,0,0.8623646,1.042263,0.1608514,34.59266,60.06487,54.22849,0.8288887,1.105507,0.2276305,0.006487742,0.9423742,-0.3300818,GotSelection
46.79901,24,2,3,0,0.8623391,1.042399,0.1605982,34.59982,60.06972,54.20929,0.8237237,1.099866,0.2294754,-0.07540843,0.9386828,-0.3253456,SelectionStart
46.79903,24,2,3,0,0.8623391,1.042399,0.1605982,34.59982,60.06972,54.20929,0.8237237,1.099866,0.2294754,-0.07540843,0.9386828,-0.3253456,SelectionEnd
46.80235,24,2,3,0,0.8623391,1.042399,0.1605982,34.59982,60.06972,54.20929,0.8237237,1.099866,0.2294754,-0.07540843,0.9386828,-0.3253456,GotSelection
46.81137,24,2,3,0,0.8624045,1.042436,0.1605162,34.60589,60.06554,54.19948,0.8204263,1.09539,0.2306852,-0.1336655,0.9319561,-0.3182561,SelectionStart
46.81139,24,2,3,0,0.8624045,1.042436,0.1605162,34.60589,60.06554,54.19948,0.8204263,1.09539,0.2306852,-0.1336655,0.9319561,-0.3182561,SelectionEnd
46.81469,24,2,3,0,0.8624045,1.042436,0.1605162,34.60589,60.06554,54.19948,0.8204263,1.09539,0.2306852,-0.1336655,0.9319561,-0.3182561,GotSelection
46.82358,24,2,3,0,0.8623533,1.042424,0.1604602,34.57919,60.05745,54.20979,0.8171825,1.090998,0.2317841,-0.1889299,0.9246467,-0.3109936,SelectionStart
46.82361,24,2,3,0,0.8623533,1.042424,0.1604602,34.57919,60.05745,54.20979,0.8171825,1.090998,0.2317841,-0.1889299,0.9246467,-0.3109936,SelectionEnd
46.82712,24,2,3,0,0.8623533,1.042424,0.1604602,34.57919,60.05745,54.20979,0.8171825,1.090998,0.2317841,-0.1889299,0.9246467,-0.3109936,GotSelection
46.87228,24,2,3,0,0.8621343,1.042586,0.1602294,34.52422,60.08833,54.24656,0.8124026,1.084431,0.2338696,-0.2728537,0.9177225,-0.2956165,SelectionStart
46.8723,24,2,3,0,0.8621343,1.042586,0.1602294,34.52422,60.08833,54.24656,0.8124026,1.084431,0.2338696,-0.2728537,0.9177225,-0.2956165,SelectionEnd
46.87558,24,2,3,0,0.8621343,1.042586,0.1602294,34.52422,60.08833,54.24656,0.8124026,1.084431,0.2338696,-0.2728537,0.9177225,-0.2956165,GotSelection
46.88538,24,2,3,0,0.8621555,1.042628,0.1598625,34.48972,60.05495,54.16061,0.8083569,1.077552,0.2357768,-0.3561235,0.9085566,-0.2751006,SelectionStart
46.88541,24,2,3,0,0.8621555,1.042628,0.1598625,34.48972,60.05495,54.16061,0.8083569,1.077552,0.2357768,-0.3561235,0.9085566,-0.2751006,SelectionEnd
46.88875,24,2,3,0,0.8621555,1.042628,0.1598625,34.48972,60.05495,54.16061,0.8083569,1.077552,0.2357768,-0.3561235,0.9085566,-0.2751006,GotSelection
46.89876,24,2,3,0,0.8622844,1.042536,0.15986,34.5155,60.02197,54.12084,0.8078871,1.076848,0.2362083,-0.3662553,0.9099981,-0.2737588,SelectionStart
46.89877,24,2,3,0,0.8622844,1.042536,0.15986,34.5155,60.02197,54.12084,0.8078871,1.076848,0.2362083,-0.3662553,0.9099981,-0.2737588,SelectionEnd
46.90229,24,2,3,0,0.8622844,1.042536,0.15986,34.5155,60.02197,54.12084,0.8078871,1.076848,0.2362083,-0.3662553,0.9099981,-0.2737588,GotSelection
46.91138,24,2,3,0,0.8622799,1.042464,0.1600288,34.53199,59.99468,54.11759,0.8081267,1.076969,0.2363698,-0.3631392,0.910706,-0.2728167,SelectionStart
46.9114,24,2,3,0,0.8622799,1.042464,0.1600288,34.53199,59.99468,54.11759,0.8081267,1.076969,0.2363698,-0.3631392,0.910706,-0.2728167,SelectionEnd
46.91493,24,2,3,0,0.8622799,1.042464,0.1600288,34.53199,59.99468,54.11759,0.8081267,1.076969,0.2363698,-0.3631392,0.910706,-0.2728167,GotSelection
46.92619,24,2,3,0,0.8622423,1.042543,0.1602292,34.52908,59.9942,54.15747,0.8075525,1.077068,0.2367063,-0.3665146,0.9129245,-0.2762532,SelectionStart
46.92622,24,2,3,0,0.8622423,1.042543,0.1602292,34.52908,59.9942,54.15747,0.8075525,1.077068,0.2367063,-0.3665146,0.9129245,-0.2762532,SelectionEnd
46.92954,24,2,3,0,0.8622423,1.042543,0.1602292,34.52908,59.9942,54.15747,0.8075525,1.077068,0.2367063,-0.3665146,0.9129245,-0.2762532,GotSelection
46.94011,24,2,3,0,0.8621156,1.042576,0.1602796,34.51582,60.02049,54.20559,0.8080513,1.077992,0.2366621,-0.3551232,0.9158787,-0.2775531,SelectionStart
46.94012,24,2,3,0,0.8621156,1.042576,0.1602796,34.51582,60.02049,54.20559,0.8080513,1.077992,0.2366621,-0.3551232,0.9158787,-0.2775531,SelectionEnd
46.94337,24,2,3,0,0.8621156,1.042576,0.1602796,34.51582,60.02049,54.20559,0.8080513,1.077992,0.2366621,-0.3551232,0.9158787,-0.2775531,GotSelection
46.95342,24,2,3,0,0.8620007,1.042638,0.1603598,34.50099,60.05244,54.25031,0.8093007,1.079937,0.2365041,-0.3314454,0.9214694,-0.2798648,SelectionStart
46.95344,24,2,3,0,0.8620007,1.042638,0.1603598,34.50099,60.05244,54.25031,0.8093007,1.079937,0.2365041,-0.3314454,0.9214694,-0.2798648,SelectionEnd
46.95676,24,2,3,0,0.8620007,1.042638,0.1603598,34.50099,60.05244,54.25031,0.8093007,1.079937,0.2365041,-0.3314454,0.9214694,-0.2798648,GotSelection
46.96687,24,2,3,0,0.8618261,1.04254,0.1605588,34.49904,60.08128,54.29323,0.8107524,1.082163,0.2364209,-0.3028327,0.9284729,-0.2830084,SelectionStart
46.96689,24,2,3,0,0.8618261,1.04254,0.1605588,34.49904,60.08128,54.29323,0.8107524,1.082163,0.2364209,-0.3028327,0.9284729,-0.2830084,SelectionEnd
46.97015,24,2,3,0,0.8618261,1.04254,0.1605588,34.49904,60.08128,54.29323,0.8107524,1.082163,0.2364209,-0.3028327,0.9284729,-0.2830084,GotSelection
46.98211,24,2,3,0,0.8619152,1.042554,0.1605632,34.51757,60.11175,54.29743,0.8129824,1.085575,0.236322,-0.2644968,0.9414269,-0.2879841,SelectionStart
46.98213,24,2,3,0,0.8619152,1.042554,0.1605632,34.51757,60.11175,54.29743,0.8129824,1.085575,0.236322,-0.2644968,0.9414269,-0.2879841,SelectionEnd
46.98551,24,2,3,0,0.8619152,1.042554,0.1605632,34.51757,60.11175,54.29743,0.8129824,1.085575,0.236322,-0.2644968,0.9414269,-0.2879841,GotSelection
46.99529,24,2,3,0,0.8619772,1.042498,0.1605679,34.52914,60.11672,54.28676,0.8151023,1.088677,0.2360876,-0.22804,0.9522198,-0.2923867,SelectionStart
46.99535,24,2,3,0,0.8619772,1.042498,0.1605679,34.52914,60.11672,54.28676,0.8151023,1.088677,0.2360876,-0.22804,0.9522198,-0.2923867,SelectionEnd
46.99868,24,2,3,0,0.8619772,1.042498,0.1605679,34.52914,60.11672,54.28676,0.8151023,1.088677,0.2360876,-0.22804,0.9522198,-0.2923867,GotSelection
47.01047,24,2,3,0,0.8620481,1.04238,0.1607759,34.54219,60.11799,54.28367,0.819087,1.093154,0.2354093,-0.1667481,0.962156,-0.2942657,SelectionStart
47.01049,24,2,3,0,0.8620481,1.04238,0.1607759,34.54219,60.11799,54.28367,0.819087,1.093154,0.2354093,-0.1667481,0.962156,-0.2942657,SelectionEnd
47.01387,24,2,3,0,0.8620481,1.04238,0.1607759,34.54219,60.11799,54.28367,0.819087,1.093154,0.2354093,-0.1667481,0.962156,-0.2942657,GotSelection
47.02342,24,2,3,0,0.8621029,1.042281,0.1608484,34.551,60.11528,54.30123,0.8218191,1.096853,0.2348977,-0.120058,0.9724241,-0.2992128,SelectionStart
47.02344,24,2,3,0,0.8621029,1.042281,0.1608484,34.551,60.11528,54.30123,0.8218191,1.096853,0.2348977,-0.120058,0.9724241,-0.2992128,SelectionEnd
47.02675,24,2,3,0,0.8621029,1.042281,0.1608484,34.551,60.11528,54.30123,0.8218191,1.096853,0.2348977,-0.120058,0.9724241,-0.2992128,GotSelection
47.0659,24,2,3,0,0.8617279,1.042402,0.1611624,34.5191,60.22671,54.43593,0.8321736,1.10972,0.2309095,0.05624149,0.9835141,-0.3136842,SelectionStart
47.06593,24,2,3,0,0.8617279,1.042402,0.1611624,34.5191,60.22671,54.43593,0.8321736,1.10972,0.2309095,0.05624149,0.9835141,-0.3136842,SelectionEnd
47.06954,24,2,3,0,0.8617279,1.042402,0.1611624,34.5191,60.22671,54.43593,0.8321736,1.10972,0.2309095,0.05624149,0.9835141,-0.3136842,GotSelection
47.08031,24,2,3,0,0.8616307,1.042414,0.1613204,34.50932,60.26054,54.48597,0.8361014,1.113862,0.2285537,0.1205076,0.9764019,-0.3189265,SelectionStart
47.08033,24,2,3,0,0.8616307,1.042414,0.1613204,34.50932,60.26054,54.48597,0.8361014,1.113862,0.2285537,0.1205076,0.9764019,-0.3189265,SelectionEnd
47.08368,24,2,3,0,0.8616307,1.042414,0.1613204,34.50932,60.26054,54.48597,0.8361014,1.113862,0.2285537,0.1205076,0.9764019,-0.3189265,GotSelection
47.09347,24,2,3,0,0.861711,1.042345,0.1615567,34.54211,60.26256,54.52184,0.8388377,1.116682,0.2266938,0.1652715,0.9684911,-0.3253971,SelectionStart
47.09349,24,2,3,0,0.861711,1.042345,0.1615567,34.54211,60.26256,54.52184,0.8388377,1.116682,0.2266938,0.1652715,0.9684911,-0.3253971,SelectionEnd
47.09673,24,2,3,0,0.861711,1.042345,0.1615567,34.54211,60.26256,54.52184,0.8388377,1.116682,0.2266938,0.1652715,0.9684911,-0.3253971,GotSelection
47.11182,24,2,3,0,0.8618658,1.042218,0.1619121,34.60419,60.22013,54.54161,0.8421109,1.119956,0.2242166,0.2187254,0.9559586,-0.334522,SelectionStart
47.11185,24,2,3,0,0.8618658,1.042218,0.1619121,34.60419,60.22013,54.54161,0.8421109,1.119956,0.2242166,0.2187254,0.9559586,-0.334522,SelectionEnd
47.11787,24,2,3,0,0.8618658,1.042218,0.1619121,34.60419,60.22013,54.54161,0.8421109,1.119956,0.2242166,0.2187254,0.9559586,-0.334522,GotSelection
47.13335,24,2,3,0,0.8619647,1.041944,0.1623835,34.64511,60.1605,54.54072,0.8468356,1.123605,0.220113,0.2910357,0.9287617,-0.3426623,SelectionStart
47.13338,24,2,3,0,0.8619647,1.041944,0.1623835,34.64511,60.1605,54.54072,0.8468356,1.123605,0.220113,0.2910357,0.9287617,-0.3426623,SelectionEnd
47.1374,24,2,3,0,0.8619647,1.041944,0.1623835,34.64511,60.1605,54.54072,0.8468356,1.123605,0.220113,0.2910357,0.9287617,-0.3426623,GotSelection
47.15074,24,2,3,0,0.8618771,1.041856,0.1627198,34.67725,60.13939,54.5787,0.8498015,1.12571,0.2168589,0.3381002,0.9035184,-0.3484348,SelectionStart
47.15076,24,2,3,0,0.8618771,1.041856,0.1627198,34.67725,60.13939,54.5787,0.8498015,1.12571,0.2168589,0.3381002,0.9035184,-0.3484348,SelectionEnd
47.15427,24,2,3,0,0.8618771,1.041856,0.1627198,34.67725,60.13939,54.5787,0.8498015,1.12571,0.2168589,0.3381002,0.9035184,-0.3484348,GotSelection
47.16594,24,2,3,0,0.8618145,1.041691,0.1631417,34.72099,60.10209,54.63172,0.8540576,1.127174,0.2132291,0.3917018,0.8696493,-0.343757,SelectionStart
47.16596,24,2,3,0,0.8618145,1.041691,0.1631417,34.72099,60.10209,54.63172,0.8540576,1.127174,0.2132291,0.3917018,0.8696493,-0.343757,SelectionEnd
47.16939,24,2,3,0,0.8618145,1.041691,0.1631417,34.72099,60.10209,54.63172,0.8540576,1.127174,0.2132291,0.3917018,0.8696493,-0.343757,GotSelection
47.18972,24,2,3,0,0.861705,1.04159,0.1640664,34.78239,60.05641,54.78523,0.857892,1.12936,0.2075163,0.455567,0.8154473,-0.3567627,Nothing
47.19841,24,2,3,0,0.8616036,1.041554,0.1643194,34.80296,60.04512,54.81789,0.859112,1.129664,0.2058801,0.4727682,0.798274,-0.3572869,Nothing
47.20657,24,2,3,0,0.8616582,1.041375,0.1644981,34.83835,60.00795,54.81785,0.8597625,1.129956,0.2043377,0.4848748,0.7843341,-0.363239,Nothing
47.2159,24,2,3,0,0.8620529,1.040971,0.1643436,34.9198,59.97604,54.7535,0.8605428,1.130064,0.2026329,0.4941588,0.7727567,-0.370968,Nothing
47.22303,24,2,3,0,0.8622389,1.040849,0.1646771,34.9571,59.92398,54.7454,0.861388,1.129817,0.2011267,0.502882,0.7548501,-0.3734705,Nothing
47.23134,24,2,3,0,0.8622383,1.040737,0.164959,35.01906,59.81342,54.68052,0.8621385,1.129873,0.199588,0.5135733,0.7387784,-0.3770789,Nothing
47.24055,24,2,3,0,0.8625382,1.04043,0.1654543,35.10128,59.65481,54.61401,0.8644297,1.130151,0.1971999,0.5388253,0.7135913,-0.3788419,Nothing
47.24815,24,2,3,0,0.8627878,1.040144,0.1657341,35.1716,59.50737,54.5349,0.8653473,1.130205,0.1958043,0.5496025,0.6998151,-0.3836095,Nothing
47.25617,24,2,3,0,0.863035,1.039691,0.1659314,35.22902,59.33033,54.4346,0.8668182,1.130134,0.1943416,0.564505,0.6858936,-0.3843692,Nothing
47.26466,24,2,3,0,0.8633853,1.0393,0.1661987,35.30887,59.11626,54.29899,0.8677917,1.130143,0.1930264,0.5746061,0.6737396,-0.3895347,Nothing
47.27343,24,2,3,0,0.8637042,1.038925,0.1664219,35.37617,58.88208,54.13396,0.8687499,1.130165,0.1916315,0.5846762,0.6615738,-0.394587,Nothing
47.28135,24,2,3,0,0.8640013,1.03859,0.1665715,35.43953,58.61698,53.93663,0.869706,1.13018,0.1902537,0.5940737,0.6502857,-0.3988168,Nothing
47.29082,24,2,3,0,0.8645466,1.037936,0.1667653,35.52498,58.22812,53.62029,0.8711483,1.13012,0.1882057,0.6076278,0.6345736,-0.4061255,Nothing
47.29847,24,2,3,0,0.8650264,1.037397,0.1667963,35.57251,57.88783,53.31434,0.8722263,1.130088,0.1867888,0.6165246,0.6260402,-0.4113107,Nothing
47.30708,24,2,3,0,0.8655766,1.036887,0.1668222,35.61538,57.47573,52.9502,0.873693,1.129768,0.1851526,0.6257975,0.6142051,-0.4133094,Nothing
47.31483,24,2,3,0,0.8663375,1.036044,0.1666923,35.65139,56.94993,52.43554,0.8750079,1.129699,0.1835557,0.6345088,0.6090713,-0.4203995,Nothing
47.32361,24,2,3,0,0.8670427,1.035223,0.1667132,35.70655,56.39112,51.91989,0.8765947,1.129187,0.1817511,0.6434829,0.5979877,-0.4246204,Nothing
47.33102,24,2,3,0,0.8680845,1.034082,0.1668476,35.7929,55.73665,51.34134,0.8783377,1.128709,0.1799363,0.6531334,0.5883918,-0.4335041,Nothing
47.33992,24,2,3,0,0.8691899,1.032824,0.1672083,35.89968,54.96327,50.69231,0.8802893,1.128044,0.1781474,0.6632895,0.5771226,-0.4426032,Nothing
47.34805,24,2,3,0,0.8704569,1.031294,0.1677131,36.04656,54.05555,49.93192,0.882259,1.127432,0.1764382,0.6734043,0.5682296,-0.4560783,Nothing
47.35645,24,2,3,0,0.8716363,1.029854,0.1681857,36.17215,53.22407,49.23339,0.8842472,1.126886,0.1749057,0.6840645,0.56058,-0.4679331,Nothing
47.36488,24,2,3,0,0.8728814,1.027906,0.1688804,36.2974,52.01194,48.25054,0.8864906,1.126144,0.1734029,0.6961854,0.5555552,-0.4822096,Nothing
47.37321,24,2,3,0,0.8744693,1.025554,0.1697249,36.34843,50.51019,47.01799,0.8896958,1.125186,0.1711659,0.714552,0.5463856,-0.4983458,Nothing
47.38172,24,2,3,0,0.8749917,1.024235,0.1701766,36.23013,49.40892,46.10244,0.8920102,1.124545,0.1698368,0.730169,0.5421726,-0.5002971,Nothing
47.38996,24,2,3,0,0.8753042,1.023117,0.1705589,35.99123,48.39432,45.25794,0.8942833,1.123791,0.1685238,0.74635,0.5367982,-0.4975767,Nothing
47.39842,24,2,3,0,0.8754548,1.021947,0.1705614,35.6211,47.36832,44.35265,0.8964472,1.12303,0.1671896,0.7624978,0.5362372,-0.4914725,Nothing
47.4062,24,2,3,0,0.8753059,1.021023,0.1703151,35.08593,46.32531,43.40471,0.8988107,1.121939,0.1660835,0.778608,0.5367948,-0.4742514,Nothing
47.41541,24,2,3,0,0.8752711,1.019927,0.1699391,34.49465,45.21921,42.35985,0.900979,1.12087,0.1648185,0.7927756,0.5402061,-0.4601085,Nothing
47.42302,24,2,3,0,0.8754008,1.018399,0.1694498,33.79226,43.87555,41.03367,0.903173,1.119782,0.1636171,0.8055157,0.5516226,-0.4477074,Nothing
47.43179,24,2,3,0,0.8761793,1.015758,0.1691635,32.94035,41.97254,39.21862,0.906285,1.117969,0.1617745,0.820628,0.5646474,-0.4416579,Nothing
47.4396,24,2,3,0,0.8767407,1.013863,0.1688607,32.33099,40.6635,37.95076,0.9083065,1.116612,0.1606824,0.8283998,0.576573,-0.4367726,Nothing
47.4489,24,2,3,0,0.8778316,1.011113,0.1689482,31.70448,38.9333,36.31146,0.9100703,1.115101,0.1596545,0.8300101,0.5967974,-0.444435,Nothing
47.45628,24,2,3,0,0.8784308,1.008459,0.1693665,31.07854,37.35678,34.90218,0.9120504,1.113563,0.1585499,0.839524,0.609836,-0.4503971,Nothing
47.4658,24,2,3,0,0.8792843,1.005906,0.1702178,30.50367,35.74325,33.54013,0.9140474,1.112152,0.1575527,0.847517,0.6209343,-0.4620447,Nothing
47.47393,24,2,3,0,0.8802426,1.003266,0.1713785,29.94073,34.10795,32.23493,0.9159066,1.110432,0.1565315,0.8529224,0.6285644,-0.4775493,Nothing
47.48186,24,2,3,0,0.8811282,1.000893,0.172718,29.29225,32.38974,30.92404,0.9177625,1.108907,0.1556067,0.8581033,0.6363447,-0.4930954,Nothing
47.49027,24,2,3,0,0.8822486,0.9971253,0.1748562,28.2714,29.94994,29.09707,0.9201831,1.106368,0.1541909,0.8647152,0.6477808,-0.5185944,Nothing
47.49821,24,2,3,0,0.8828129,0.9946356,0.1765313,27.5065,28.2603,27.8863,0.921616,1.104521,0.1534247,0.8675373,0.655317,-0.5356655,Nothing
47.50697,24,2,3,0,0.883251,0.991845,0.17771,26.53869,26.55679,26.55679,0.9229098,1.102744,0.1526886,0.8688505,0.6735838,-0.5479453,Nothing
47.51511,24,2,3,0,0.8838878,0.9891919,0.1789454,25.62984,24.99658,25.3549,0.9244456,1.101246,0.1519474,0.8715695,0.691735,-0.5619084,Nothing
47.52319,24,2,3,0,0.8847563,0.9860591,0.1798003,24.57086,23.37687,24.01409,0.925706,1.099508,0.1512738,0.8669642,0.7199265,-0.5734611,Nothing
47.53204,24,2,3,0,0.8851979,0.9831219,0.1806508,23.47528,21.83316,22.66853,0.9267983,1.097765,0.1507056,0.8625036,0.7480544,-0.5812411,Nothing
47.54155,24,2,3,0,0.886098,0.9786009,0.1824093,21.91599,19.66599,20.8869,0.9285696,1.095172,0.1497275,0.8570145,0.7866917,-0.5998809,Nothing
47.5572,24,2,3,0,0.8868689,0.9730023,0.1849324,19.90455,17.10313,18.80474,0.9307401,1.09206,0.1488715,0.8513511,0.8374271,-0.6203701,Nothing
47.56528,24,2,3,0,0.8865752,0.9711327,0.1861729,18.91074,16.00319,18.06988,0.9316661,1.090332,0.1483284,0.8538409,0.8482392,-0.6252342,Nothing
47.57368,24,2,3,0,0.8865883,0.9688581,0.187427,17.84754,14.8428,17.26737,0.9322097,1.088388,0.147977,0.8480663,0.8653145,-0.6305595,Nothing
47.58188,24,2,3,0,0.8863207,0.9670999,0.1888186,16.75257,13.77089,16.65383,0.9329776,1.086633,0.1474937,0.8492454,0.8756874,-0.6350952,Nothing
47.58986,24,2,3,0,0.885785,0.9655584,0.1901781,15.68253,12.7431,16.10237,0.9336924,1.084897,0.147042,0.8522721,0.8835565,-0.6385497,Nothing
47.59854,24,2,3,0,0.8853816,0.9639221,0.1916083,14.62307,11.7205,15.55999,0.9343811,1.08329,0.1466379,0.853844,0.8942887,-0.6438466,Nothing
47.6067,24,2,3,0,0.8849846,0.9622333,0.1930458,13.54575,10.68132,14.98211,0.9349026,1.081622,0.1462771,0.8522864,0.90689,-0.6493332,Nothing
47.61624,24,2,3,0,0.8844747,0.9597237,0.1952785,11.90116,9.168524,14.18301,0.935806,1.078952,0.1457811,0.8498851,0.9245514,-0.656991,Nothing
47.63194,24,2,3,0,0.8833223,0.9571809,0.1975685,9.859859,7.470501,13.30077,0.9367458,1.075673,0.1450278,0.8495753,0.9419272,-0.6608005,Nothing
47.64055,24,2,3,0,0.882709,0.956024,0.1985976,8.956861,6.752427,12.91795,0.9371897,1.074099,0.1446413,0.8503202,0.9488844,-0.6629601,Nothing
47.6485,24,2,3,0,0.8820367,0.9549969,0.1995929,8.126023,6.104133,12.57892,0.9376603,1.072561,0.1442365,0.852467,0.9537255,-0.6656951,Nothing
47.65678,24,2,3,0,0.8812327,0.9539982,0.2008194,7.257662,5.400614,12.24155,0.9381998,1.070965,0.1440492,0.8557138,0.9581303,-0.6684589,Nothing
47.66545,24,2,3,0,0.8805711,0.9534206,0.2019129,6.587691,4.82023,12.00318,0.9387291,1.069524,0.1437076,0.8588786,0.9567934,-0.6741568,Nothing
47.6731,24,2,3,0,0.8795184,0.9520534,0.2039135,5.41247,3.805411,11.5794,0.9393678,1.068162,0.1432763,0.8628359,0.9714214,-0.685884,Nothing
47.68194,24,2,3,0,0.8789272,0.9510978,0.2054363,4.695645,3.089314,11.26608,0.9403101,1.06605,0.1426748,0.8657578,0.9687443,-0.6995751,Nothing
47.68965,24,2,3,0,0.8784189,0.9500729,0.2070809,3.992438,2.336917,10.92373,0.9410088,1.064754,0.1422835,0.8657088,0.9765855,-0.7143865,Nothing
47.69855,24,2,3,0,0.877905,0.9490963,0.2087153,3.308652,1.572364,10.59327,0.941388,1.063548,0.1421402,0.861963,0.9858544,-0.7274501,Nothing
47.70713,24,2,3,0,0.8773816,0.9483802,0.2103396,2.611766,0.7926382,10.29504,0.942077,1.062364,0.1418132,0.8608266,0.9923303,-0.7421716,Nothing
47.71464,24,2,3,0,0.8765193,0.9479127,0.2118625,1.864455,0.07375207,10.0684,0.9424627,1.06111,0.1415882,0.8610044,0.9957291,-0.7532563,Nothing
47.72298,24,2,3,0,0.8755845,0.9477964,0.2127652,1.136491,359.4457,9.923012,0.9431072,1.060042,0.1413324,0.8663537,0.9959046,-0.7579454,Nothing
47.73227,24,2,3,0,0.8745008,0.9471233,0.2146924,0.01519242,358.4379,9.633424,0.9439959,1.058529,0.1410066,0.8686774,1.005145,-0.7710813,Nothing
47.73994,24,2,3,0,0.8736157,0.9471195,0.2156173,359.3201,357.8403,9.516541,0.9445532,1.05749,0.1408058,0.8725616,1.004847,-0.7765304,Nothing
47.7482,24,2,3,0,0.8728111,0.9473459,0.2165221,358.6785,357.2511,9.425227,0.9451835,1.056577,0.1405438,0.8763529,1.002766,-0.7837226,Nothing
47.75641,24,2,3,0,0.8722216,0.9472975,0.2176382,358.072,356.6371,9.276181,0.9457899,1.055815,0.1402813,0.8766193,1.006296,-0.7941354,Nothing
47.76479,24,2,3,0,0.8716099,0.9471626,0.2186176,357.4385,356.0563,9.09413,0.9464502,1.054988,0.1399993,0.8773748,1.011064,-0.8026523,Nothing
47.77348,24,2,3,0,0.8712137,0.9469433,0.2193955,356.8284,355.5177,8.882125,0.9471107,1.054203,0.1397223,0.8760404,1.017694,-0.808966,Nothing
47.78155,24,2,3,0,0.8707989,0.946439,0.2203078,356.1756,354.9792,8.584467,0.9477043,1.053352,0.139581,0.8728395,1.028822,-0.8143414,Nothing
47.79082,24,2,3,0,0.8704478,0.9458834,0.2210582,355.4731,354.448,8.2793,0.94841,1.052723,0.1393484,0.8703381,1.043668,-0.8177749,Nothing
47.7981,24,2,3,0,0.869961,0.9455743,0.2217127,354.7246,353.9241,8.02113,0.948609,1.051914,0.1393852,0.8645565,1.054542,-0.8164595,Nothing
47.80636,24,2,3,0,0.8693473,0.9449116,0.2222673,353.4492,353.2006,7.639462,0.949548,1.051083,0.1393509,0.8632318,1.077765,-0.8071352,Nothing
47.81494,24,2,3,0,0.8691301,0.9444457,0.2227556,352.6612,352.6999,7.390397,0.9501618,1.050554,0.1394114,0.8597043,1.093283,-0.8023715,Nothing
47.82298,24,2,3,0,0.8687853,0.9438564,0.2234611,351.832,352.1479,7.110398,0.9506729,1.050264,0.1396639,0.8552262,1.113785,-0.797021,Nothing
47.83228,24,2,3,0,0.8682861,0.9434988,0.2249293,351.0996,351.437,6.863412,0.9512161,1.049803,0.1397984,0.8484734,1.130512,-0.8051363,Nothing
47.83971,24,2,3,0,0.8677841,0.9431405,0.226332,350.3581,350.7087,6.643535,0.9515743,1.049437,0.1401951,0.8401744,1.147979,-0.8094124,Nothing
47.84921,24,2,3,0,0.8671359,0.942921,0.2280677,349.6332,349.9234,6.466436,0.9518214,1.049227,0.1407261,0.8312913,1.165687,-0.816515,Nothing
47.86593,24,2,3,0,0.8656851,0.9417138,0.2312772,347.749,348.2771,5.935392,0.9522325,1.04841,0.1420751,0.8094712,1.213657,-0.8150893,Nothing
47.88182,24,2,3,0,0.8645513,0.9410542,0.2334714,346.2959,347.1284,5.597844,0.9521412,1.047533,0.1434381,0.7915734,1.243367,-0.8059813,Nothing
47.89013,24,2,3,0,0.8641485,0.940899,0.2339147,345.6205,346.7068,5.504352,0.9518808,1.047064,0.1441071,0.7841184,1.252258,-0.7940981,Nothing
47.89811,24,2,3,0,0.8636653,0.9406799,0.2346838,344.928,346.2565,5.395641,0.9517734,1.046584,0.1448862,0.7776621,1.262644,-0.7845232,Nothing
47.9065,24,2,3,0,0.8631713,0.9405414,0.2353559,344.2549,345.8191,5.307152,0.9512081,1.046002,0.1456697,0.7674135,1.270414,-0.7736228,Nothing
47.91527,24,2,3,0,0.8626959,0.9403318,0.2363328,343.5971,345.3312,5.218294,0.9504575,1.045397,0.146543,0.7536567,1.279263,-0.7649149,Nothing
47.92355,24,2,3,0,0.8621995,0.9401785,0.23724,342.9253,344.8402,5.138503,0.9498806,1.044704,0.1473505,0.7417836,1.286664,-0.756627,Nothing
47.93159,24,2,3,0,0.8616152,0.9399694,0.2390264,341.9856,343.9754,5.063522,0.9491351,1.043567,0.1485246,0.7206015,1.2972,-0.7514533,Nothing
47.94054,24,2,3,0,0.8612083,0.9400382,0.24063,341.3922,343.3096,5.022083,0.9477264,1.042845,0.1495728,0.6953936,1.302938,-0.7488799,Nothing
47.94838,24,2,3,0,0.8606678,0.9400398,0.2424408,340.8368,342.6073,4.987625,0.9469306,1.041924,0.1503888,0.6754146,1.308577,-0.753793,Nothing
47.95631,24,2,3,0,0.8599328,0.9401349,0.2445178,340.2663,341.8213,5.002247,0.9459294,1.041052,0.1512763,0.653888,1.314638,-0.7606965,Nothing
47.96541,24,2,3,0,0.859138,0.9406427,0.2469677,339.6075,340.8218,5.148974,0.9450858,1.040052,0.1519933,0.6307497,1.318564,-0.774397,Nothing
47.97287,24,2,3,0,0.8584558,0.9408586,0.2488053,339.0244,340.049,5.19874,0.944002,1.039033,0.1528145,0.6084612,1.321615,-0.7790397,Nothing
47.98176,24,2,3,0,0.8577379,0.9408993,0.2504795,338.4763,339.312,5.18894,0.9433134,1.038129,0.1531469,0.5885406,1.328941,-0.7871603,Nothing
47.98968,24,2,3,0,0.8567907,0.9409844,0.2532039,337.6018,338.2118,5.183813,0.9422851,1.036637,0.1538836,0.5570776,1.33923,-0.7973717,Nothing
47.99807,24,2,3,0,0.8563772,0.9409832,0.254902,336.9795,337.484,5.175474,0.9417019,1.035713,0.1541552,0.5343416,1.348406,-0.8027122,Nothing
48.0069,24,2,3,0,0.8560774,0.9406684,0.2563162,336.3143,336.8566,5.103413,0.941521,1.034977,0.1541567,0.5152172,1.363263,-0.8048561,Nothing
48.01668,24,2,3,0,0.8558205,0.9403479,0.2578869,335.6535,336.191,5.037519,0.9409465,1.034001,0.1543367,0.4907667,1.375661,-0.8060707,Nothing
48.03246,24,2,3,0,0.8553481,0.939689,0.2612548,334.3226,334.7886,4.934185,0.9405893,1.032477,0.1547604,0.446617,1.406346,-0.8095562,Nothing
48.04021,24,2,3,0,0.854978,0.9396458,0.2627155,333.7038,334.113,4.950505,0.9404697,1.03174,0.1551519,0.4294039,1.416586,-0.810235,Nothing
48.04838,24,2,3,0,0.8543404,0.9397889,0.2648404,332.8036,333.0974,5.042273,0.9403618,1.030612,0.1557733,0.4063061,1.428944,-0.8122714,Nothing
48.05644,24,2,3,0,0.8537724,0.9399832,0.2664126,332.2142,332.3966,5.118772,0.9402993,1.029877,0.1563964,0.3919323,1.436425,-0.8142769,Nothing
48.06465,24,2,3,0,0.8533724,0.9404257,0.2675392,331.7018,331.7702,5.267342,0.9402604,1.02912,0.1570855,0.381532,1.437169,-0.8143838,Nothing
48.0732,24,2,3,0,0.8525397,0.9409257,0.2682073,331.3463,331.3719,5.362407,0.94021,1.028347,0.1577299,0.3806567,1.433198,-0.8165216,Nothing
48.08309,24,2,3,0,0.8522528,0.9412876,0.2689373,331.034,330.9824,5.419106,0.940343,1.027893,0.1584474,0.376047,1.432387,-0.815913,Nothing
48.09921,24,2,3,0,0.8524107,0.9419254,0.2696418,330.5704,330.5009,5.409553,0.9411778,1.026723,0.1603034,0.3745267,1.420616,-0.8088868,Nothing
48.11179,24,2,3,0,0.8529909,0.942315,0.2697367,330.4363,330.2623,5.383321,0.9421229,1.02618,0.1615772,0.3762068,1.41038,-0.8035648,Nothing
48.12338,24,2,3,0,0.853782,0.9427685,0.2692639,330.8729,330.7466,5.100021,0.943886,1.025816,0.1631368,0.3979339,1.388662,-0.8051664,Nothing
48.13122,24,2,3,0,0.8541659,0.9429583,0.268868,331.1276,331.0574,4.921391,0.9448702,1.025236,0.1637251,0.4101095,1.374413,-0.8088445,Nothing
48.13943,24,2,3,0,0.8546168,0.9432472,0.2688025,331.3588,331.2949,4.751133,0.9461098,1.02522,0.164593,0.4226158,1.365481,-0.8109869,Nothing
48.14758,24,2,3,0,0.8552602,0.943378,0.2681104,332.1611,331.9432,4.443376,0.9474586,1.025539,0.1655455,0.4437304,1.34867,-0.8162956,Nothing
48.15628,24,2,3,0,0.8557436,0.94347,0.2680347,332.9317,332.495,4.107762,0.9487447,1.025652,0.1666948,0.4608007,1.333668,-0.8252122,Nothing
48.16485,24,2,3,0,0.8562595,0.9435921,0.2679711,333.838,333.0374,3.783808,0.950042,1.025753,0.1678094,0.4773718,1.31652,-0.83725,Nothing
48.1735,24,2,3,0,0.857275,0.9436416,0.2680417,335.1181,333.7365,3.343299,0.9517022,1.025771,0.1696426,0.4958441,1.291506,-0.8508352,Nothing
48.18135,24,2,3,0,0.8574483,0.9438206,0.2681998,335.7432,333.9976,3.212817,0.9522971,1.025877,0.1702564,0.5041669,1.280209,-0.8616247,Nothing
48.19,24,2,3,0,0.8580297,0.9443377,0.2682661,337.0092,334.5984,2.948828,0.953951,1.026139,0.1719332,0.5275822,1.253454,-0.8777228,Nothing
48.19774,24,2,3,0,0.8576848,0.9456482,0.2684143,337.7922,334.8881,2.969363,0.9549757,1.026241,0.1731139,0.5503906,1.226293,-0.8942558,Nothing
48.20612,24,2,3,0,0.8576808,0.9469084,0.2683708,338.374,335.0259,3.183876,0.9559329,1.026323,0.1743385,0.571123,1.199737,-0.9032217,Nothing
48.21465,24,2,3,0,0.8576184,0.9476374,0.2683326,339.0517,335.2189,3.258243,0.9568997,1.026085,0.1758474,0.5917755,1.173735,-0.9103635,Nothing
48.22276,24,2,3,0,0.8576602,0.9486496,0.2684555,339.7069,335.3604,3.386788,0.9576964,1.02608,0.1771034,0.6079896,1.148352,-0.9196293,Nothing
48.23118,24,2,3,0,0.8576725,0.9493895,0.2683038,340.3465,335.5793,3.480313,0.9581347,1.026192,0.1782101,0.6227224,1.126149,-0.9236569,Nothing
48.23931,24,2,3,0,0.857803,0.9504349,0.2680334,340.8332,335.7672,3.658328,0.9588301,1.026141,0.1794398,0.6403968,1.100396,-0.9244981,Nothing
48.24804,24,2,3,0,0.8580325,0.9519329,0.2675208,341.4993,336.0637,3.920145,0.9597179,1.026194,0.1813843,0.6659225,1.063824,-0.9204064,Nothing
48.25686,24,2,3,0,0.857226,0.9530314,0.2670571,341.8987,336.3065,4.09,0.9599565,1.026173,0.1822934,0.6881143,1.039697,-0.9211382,Nothing
48.26464,24,2,3,0,0.8574153,0.9536881,0.2666622,342.1924,336.4944,4.18799,0.9599262,1.026016,0.1832755,0.6961184,1.020548,-0.9141979,Nothing
48.2728,24,2,3,0,0.8577093,0.954123,0.2665009,342.4997,336.6763,4.222686,0.9600164,1.025948,0.1841056,0.7016252,1.006286,-0.9099318,Nothing
48.28122,24,2,3,0,0.8578913,0.9544591,0.2664069,342.7607,336.8049,4.252442,0.9600139,1.02558,0.1848323,0.7053284,0.9917146,-0.9074559,Nothing
48.28954,24,2,3,0,0.8581387,0.954588,0.2665328,342.9587,336.8876,4.205539,0.959979,1.025543,0.1854651,0.7050943,0.9854748,-0.9050475,Nothing
48.29818,24,2,3,0,0.8582652,0.9547181,0.2665438,343.0787,336.9833,4.158158,0.959809,1.025433,0.1859593,0.7049195,0.9797854,-0.9014425,Nothing
48.30602,24,2,3,0,0.8587404,0.9543225,0.2666646,342.994,337.0383,3.972125,0.959552,1.025319,0.186362,0.6972641,0.9846523,-0.8931819,Nothing
48.31523,24,2,3,0,0.8591174,0.9539319,0.2667676,342.7947,337.043,3.855818,0.9594739,1.025049,0.1869765,0.6932784,0.9885155,-0.8828571,Nothing
48.32272,24,2,3,0,0.8594334,0.9533603,0.2668952,342.4835,336.9814,3.69567,0.9590942,1.024906,0.1872824,0.6839727,0.9986981,-0.8723165,Nothing
48.33099,24,2,3,0,0.8598413,0.9526771,0.2668699,342.1137,336.9281,3.541648,0.9583655,1.024885,0.1872982,0.6704001,1.011928,-0.8593618,Nothing
48.34007,24,2,3,0,0.8601305,0.9520668,0.267009,341.7812,336.8585,3.379197,0.9578304,1.024721,0.1874591,0.6590092,1.022767,-0.8491879,Nothing
48.34804,24,2,3,0,0.8603805,0.950848,0.267367,341.0873,336.6407,3.116811,0.9573447,1.024562,0.1876528,0.6435768,1.047094,-0.8335688,Nothing
48.35607,24,2,3,0,0.8602481,0.9499222,0.2676907,340.5137,336.473,2.887212,0.9564409,1.024572,0.1874683,0.6276987,1.068675,-0.8226555,Nothing
48.36496,24,2,3,0,0.8604199,0.9484145,0.2683845,339.8176,336.21,2.546861,0.9557377,1.024417,0.1873294,0.6056315,1.098313,-0.8108578,Nothing
48.37308,24,2,3,0,0.860414,0.9468645,0.2691594,339.0191,335.9325,2.166427,0.9551012,1.023996,0.1874683,0.5851557,1.126915,-0.7965727,Nothing
48.38127,24,2,3,0,0.8604341,0.9454298,0.2700824,338.3619,335.6273,1.838285,0.9544052,1.023849,0.1870476,0.5610597,1.156651,-0.7899777,Nothing
48.39027,24,2,3,0,0.8603492,0.944056,0.2711458,337.7275,335.288,1.522657,0.9538531,1.023678,0.1865331,0.5373938,1.186178,-0.7868204,Nothing
48.39765,24,2,3,0,0.8607638,0.9426208,0.2721821,337.0084,334.9138,1.220274,0.9531828,1.023541,0.1858713,0.5066144,1.217073,-0.7796651,Nothing
48.40699,24,2,3,0,0.8604996,0.9415066,0.2732318,336.2589,334.4749,0.9960616,0.9524962,1.023404,0.1850853,0.4811704,1.246151,-0.7766353,Nothing
48.41473,24,2,3,0,0.8598895,0.9406214,0.2739727,335.4175,334.0648,0.8654298,0.9515672,1.023265,0.1839209,0.4585862,1.273781,-0.772526,Nothing
48.42308,24,2,3,0,0.8595784,0.9397994,0.2747176,334.6047,333.6549,0.745434,0.9507846,1.023098,0.1828691,0.4349426,1.299341,-0.7671378,Nothing
48.43134,24,2,3,0,0.8593197,0.9386868,0.2749578,332.9936,332.9614,0.7496772,0.9493471,1.022924,0.1810829,0.4002341,1.337487,-0.7417598,Nothing
48.44003,24,2,3,0,0.8588727,0.9383099,0.2754344,332.0393,332.4589,0.8047953,0.9484662,1.022695,0.1798009,0.3784473,1.358974,-0.7337556,Nothing
48.44836,24,2,3,0,0.8581595,0.9387909,0.2755016,330.8885,331.7745,1.151387,0.9476171,1.022454,0.1786258,0.3643486,1.372295,-0.7226459,Nothing
48.45663,24,2,3,0,0.8576747,0.9390045,0.2757066,329.8843,331.131,1.400241,0.946786,1.022045,0.1772029,0.3449242,1.38658,-0.7158555,Nothing
48.466,24,2,3,0,0.8568739,0.9394583,0.2762474,328.9808,330.4031,1.688381,0.9459643,1.021666,0.1759706,0.326412,1.399449,-0.714836,Nothing
48.4729,24,2,3,0,0.8561873,0.9395868,0.2768502,328.1183,329.7558,1.889499,0.945218,1.021194,0.174973,0.3079208,1.41342,-0.7111651,Nothing
48.4822,24,2,3,0,0.8552697,0.9400678,0.2777078,327.3207,328.985,2.162828,0.9445353,1.020684,0.1740945,0.2897997,1.424827,-0.7134181,Nothing
48.49046,24,2,3,0,0.8539056,0.9407597,0.2792419,326.2419,327.7813,2.573288,0.9436797,1.019772,0.1732032,0.262983,1.439718,-0.718944,Nothing
48.49819,24,2,3,0,0.8530415,0.9413203,0.2801265,325.4631,326.9745,2.88746,0.9432431,1.01925,0.1727459,0.2478139,1.449334,-0.7190226,Nothing
48.50662,24,2,3,0,0.8520529,0.9420286,0.281172,324.7498,326.0992,3.239543,0.9429211,1.018531,0.1723904,0.2331323,1.456549,-0.7240261,Nothing
48.5149,24,2,3,0,0.8519407,0.9426652,0.2816248,323.9596,325.2911,3.595758,0.9426883,1.017951,0.1718919,0.2157329,1.462004,-0.7185037,Nothing
48.52324,24,2,3,0,0.8512205,0.9431941,0.282168,323.2067,324.5375,3.927375,0.9424875,1.017366,0.1714844,0.2044042,1.469793,-0.7158862,Nothing
48.53138,24,2,3,0,0.8505183,0.9436218,0.282675,322.4185,323.804,4.268466,0.9423851,1.016684,0.1711157,0.1947701,1.478014,-0.7118905,Nothing
48.5412,24,2,3,0,0.8495513,0.9444366,0.2831619,321.2534,322.6912,4.837204,0.9422703,1.016121,0.1704581,0.1818792,1.491553,-0.7026881,Nothing
48.55846,24,2,3,0,0.8483675,0.9458357,0.2834456,319.7241,321.1304,5.758563,0.9423618,1.015412,0.1694936,0.169044,1.506336,-0.6907892,Nothing
48.5739,24,2,3,0,0.8471556,0.9473794,0.2838418,318.4133,319.5654,6.663088,0.942515,1.014858,0.1686516,0.1556673,1.519608,-0.6840187,Nothing
48.5825,24,2,3,0,0.8466892,0.9480065,0.2839982,317.8498,318.8498,7.047556,0.9426755,1.014504,0.1684142,0.1495818,1.524396,-0.6807522,Nothing
48.59089,24,2,3,0,0.8461016,0.9487576,0.2840969,317.2272,318.0891,7.492882,0.9428756,1.014297,0.1682957,0.1463008,1.529674,-0.6753866,Nothing
48.59911,24,2,3,0,0.8456203,0.9491235,0.2842679,316.6036,317.4073,7.871927,0.9434843,1.013799,0.1683758,0.1465913,1.536065,-0.670103,Nothing
48.60788,24,2,3,0,0.8452244,0.950137,0.2839611,315.7904,316.4653,8.482483,0.9439293,1.013308,0.1686266,0.1476532,1.535386,-0.6592195,Nothing
48.62367,24,2,3,0,0.8448688,0.9512798,0.2834831,314.7659,315.3733,9.207038,0.9445534,1.012863,0.170121,0.1579402,1.528454,-0.6366549,Nothing
48.63322,24,2,3,0,0.8450623,0.95183,0.2829392,314.2534,314.855,9.586538,0.9448331,1.012592,0.1705708,0.1611291,1.522956,-0.623755,Nothing
48.64972,24,2,3,0,0.8452215,0.9529586,0.2819044,313.3352,313.8915,10.32416,0.9449238,1.011903,0.1716615,0.1675338,1.507359,-0.6007628,Nothing
48.65903,24,2,3,0,0.8454688,0.9534783,0.2810827,312.6283,313.2053,10.84607,0.944957,1.011446,0.1727108,0.1735523,1.495797,-0.5785275,Nothing
48.67402,24,2,3,0,0.8461981,0.9542109,0.2798968,311.7613,312.4127,11.47999,0.9444619,1.010808,0.1744098,0.178138,1.472064,-0.5456804,Nothing
48.68154,24,2,3,0,0.8465488,0.9546137,0.2793241,311.3404,311.998,11.80746,0.9440913,1.010244,0.1754261,0.1799756,1.456593,-0.5308453,Nothing
48.69016,24,2,3,0,0.8469513,0.954941,0.2788792,310.9189,311.5382,12.15599,0.9433552,1.00971,0.1766525,0.1786725,1.439471,-0.5129442,Nothing
48.69812,24,2,3,0,0.8473204,0.9553769,0.2784643,310.4991,311.0529,12.51417,0.9426275,1.008894,0.1778469,0.1764322,1.420275,-0.4988336,Nothing
48.708,24,2,3,0,0.8476765,0.9557589,0.2781275,310.0706,310.5288,12.88455,0.9418358,1.007873,0.1791834,0.1734307,1.399513,-0.4854091,Nothing
48.7244,24,2,3,0,0.8487872,0.9565387,0.2776244,309.2133,309.5227,13.51118,0.9394023,1.005438,0.1815137,0.1523357,1.353204,-0.4587886,Nothing
48.73206,24,2,3,0,0.8490708,0.95654,0.2774874,308.8027,309.0793,13.78276,0.9378353,1.004167,0.1829158,0.1430126,1.330521,-0.4429858,Nothing
48.73995,24,2,3,0,0.8501607,0.9561928,0.2767922,308.1209,308.6768,13.99086,0.9356606,1.002157,0.1843849,0.1263473,1.296586,-0.4151564,Nothing
48.74928,24,2,3,0,0.8511161,0.9556767,0.2758422,307.6135,308.5335,14.07807,0.9338878,1.000819,0.1850366,0.1142081,1.271906,-0.3905749,Nothing
48.76472,24,2,3,0,0.8529579,0.954653,0.2745833,306.6723,308.2755,14.1635,0.9303679,0.9976586,0.1858959,0.08140697,1.226163,-0.3530986,Nothing
48.77336,24,2,3,0,0.8537101,0.9545193,0.2736535,306.2394,308.1631,14.24796,0.9284718,0.9963042,0.1862488,0.06769161,1.200335,-0.3364065,Nothing
48.78181,24,2,3,0,0.8545628,0.9541289,0.2730957,305.8042,307.9869,14.32633,0.9267266,0.9950225,0.1864436,0.0499877,1.180258,-0.319405,Nothing
48.7908,24,2,3,0,0.8550283,0.9533882,0.2731473,305.1732,307.596,14.51842,0.924296,0.9932076,0.1866439,0.02418587,1.162857,-0.300622,Nothing
48.80755,24,2,3,0,0.8562269,0.9530784,0.2725211,304.4727,307.0179,14.8408,0.9213446,0.9913203,0.1865992,-0.009920041,1.133532,-0.2773128,Nothing
48.81576,24,2,3,0,0.8572705,0.9530244,0.2719861,304.0859,306.7401,14.99276,0.9199147,0.9908934,0.1864424,-0.02867592,1.118514,-0.2596275,Nothing
48.82347,24,2,3,0,0.857983,0.9526463,0.271866,303.8035,306.5773,15.02249,0.9188326,0.9904158,0.1863556,-0.0444282,1.110037,-0.2463829,Nothing
48.83234,24,2,3,0,0.8587103,0.9522477,0.2715544,303.4707,306.3913,15.08388,0.9182939,0.9899524,0.1863701,-0.05388898,1.102421,-0.2333535,Nothing
48.84006,24,2,3,0,0.8594282,0.9518555,0.2713098,303.1882,306.2766,15.09797,0.9176499,0.9898347,0.1862383,-0.06464392,1.097286,-0.2189519,Nothing
48.8486,24,2,3,0,0.8602006,0.9513776,0.271038,302.8835,306.1536,15.14038,0.917138,0.9897165,0.1860989,-0.07413557,1.092826,-0.2037389,Nothing
48.85651,24,2,3,0,0.8612168,0.9507528,0.2704512,302.528,306.0393,15.19422,0.9171435,0.9901034,0.1861306,-0.07696496,1.089832,-0.1817437,Nothing
48.86555,24,2,3,0,0.8624459,0.9501385,0.2697442,302.0778,305.8977,15.27015,0.9166702,0.9902794,0.186185,-0.08443976,1.081112,-0.1564362,Nothing
48.87332,24,2,3,0,0.8634277,0.9495872,0.2693057,301.7819,305.9021,15.25251,0.9170349,0.990968,0.1864445,-0.08280525,1.080131,-0.13554,Nothing
48.88173,24,2,3,0,0.8643445,0.9490349,0.2687763,301.5047,305.8965,15.26297,0.917329,0.9914681,0.1866729,-0.08078247,1.077545,-0.1163719,Nothing
48.88996,24,2,3,0,0.8649996,0.9482562,0.2683544,301.2025,305.8733,15.26904,0.9177219,0.9919993,0.1871294,-0.07525975,1.077169,-0.09564947,Nothing
48.89846,24,2,3,0,0.8658773,0.9478018,0.2677546,300.9476,305.8515,15.30642,0.9184529,0.9927532,0.187498,-0.06784895,1.076039,-0.07687352,Nothing
48.90608,24,2,3,0,0.8667102,0.9473279,0.2672341,300.6819,305.8258,15.32459,0.9188365,0.9933314,0.1877223,-0.06490204,1.073965,-0.05866666,Nothing
48.91488,24,2,3,0,0.8671699,0.9472858,0.2669161,300.4569,305.733,15.42249,0.9194068,0.994073,0.1882064,-0.05731946,1.072966,-0.04553193,Nothing
48.9227,24,2,3,0,0.8679645,0.9469545,0.2664068,300.2021,305.6224,15.53365,0.9204595,0.9950159,0.188518,-0.0478611,1.074964,-0.02805454,Nothing
48.93119,24,2,3,0,0.8687726,0.9467462,0.2654355,299.933,305.5151,15.68378,0.921227,0.9957129,0.1889045,-0.03687373,1.069592,-0.01075014,Nothing
48.93996,24,2,3,0,0.869979,0.9461975,0.2646685,299.5455,305.367,15.82259,0.9227451,0.9967954,0.1895929,-0.02244418,1.068717,0.0139985,Nothing
48.94802,24,2,3,0,0.8708958,0.9456379,0.2642909,299.2863,305.3064,15.8781,0.9236225,0.99751,0.1899649,-0.01601877,1.069134,0.03244327,Nothing
48.95672,24,2,3,0,0.8715203,0.9450129,0.2642598,299.0741,305.2629,15.86629,0.9248523,0.9979673,0.1904306,-0.00758806,1.073827,0.04497258,Nothing
48.96461,24,2,3,0,0.8722409,0.9444681,0.2638201,298.7909,305.2257,15.85569,0.9259747,0.998494,0.1909749,0.002569132,1.07371,0.06091716,Nothing
48.97271,24,2,3,0,0.8730012,0.943988,0.2634021,298.5125,305.1343,15.91275,0.9269433,0.9990235,0.1913695,0.01041258,1.073373,0.07665788,Nothing
48.9816,24,2,3,0,0.8738611,0.9435568,0.2630587,298.2346,304.9903,15.9727,0.9280471,0.9993574,0.19183,0.01734833,1.07204,0.09015509,Nothing
48.98944,24,2,3,0,0.8745713,0.943225,0.2626753,297.9366,304.8502,16.05822,0.9289719,0.9996961,0.1921491,0.02378393,1.070712,0.1029805,Nothing
48.99885,24,2,3,0,0.8756332,0.9426544,0.2620814,297.4731,304.5562,16.2582,0.9304966,1.000173,0.1927132,0.03525563,1.068695,0.1227875,Nothing
49.0066,24,2,3,0,0.8763195,0.9422849,0.2616292,297.1719,304.385,16.3757,0.931452,1.000412,0.1929323,0.04189737,1.067354,0.1348463,Nothing
49.01434,24,2,3,0,0.8768736,0.9419584,0.2614496,296.8501,304.1584,16.50355,0.9320666,1.000749,0.19312,0.04430597,1.06718,0.1478865,Nothing
49.02423,24,2,3,0,0.8775994,0.9415533,0.261031,296.5453,303.9851,16.62539,0.9328978,1.000719,0.1933152,0.04903287,1.064125,0.1583403,Nothing
49.04164,24,2,3,0,0.8792403,0.9402757,0.2601447,295.8321,303.501,16.97823,0.9347894,1.000877,0.1934402,0.05802179,1.06216,0.186892,Nothing
49.05682,24,2,3,0,0.8805288,0.9400389,0.2587663,295.2921,303.0416,17.44333,0.936427,1.000642,0.1934068,0.07066648,1.052279,0.1994367,Nothing
49.06477,24,2,3,0,0.8812672,0.9399296,0.2580083,295.0281,302.7918,17.71527,0.9371263,1.000504,0.193293,0.07553142,1.046129,0.2060039,Nothing
49.0732,24,2,3,0,0.8820239,0.9398201,0.2572825,294.7937,302.5602,17.98619,0.9378007,1.000224,0.1930037,0.07876183,1.040734,0.2103152,Nothing
49.08176,24,2,3,0,0.8828408,0.9397031,0.2564497,294.5818,302.3805,18.23455,0.9384652,0.9999982,0.1928477,0.08350424,1.033452,0.2154612,Nothing
49.09037,24,2,3,0,0.8838874,0.9394064,0.2558202,294.3286,302.2414,18.3795,0.9389927,0.9996656,0.192636,0.082493,1.026214,0.2226046,Nothing
49.09856,24,2,3,0,0.8848225,0.9392909,0.2548172,294.1241,302.1387,18.5971,0.9396158,0.9993392,0.1924681,0.08746191,1.016375,0.2273431,Nothing
49.11765,24,2,3,0,0.8867406,0.9390402,0.2530436,293.6535,301.7,19.21906,0.9408839,0.9987382,0.1922401,0.09614482,0.9973273,0.2385416,Nothing
49.12769,24,2,3,0,0.8880539,0.9389461,0.2516719,293.2876,301.3098,19.72559,0.9418339,0.9981156,0.1920367,0.1029828,0.9825113,0.2441489,Nothing
49.14014,24,2,3,0,0.889666,0.9391907,0.2502027,292.7889,300.2907,20.80817,0.9433485,0.9972639,0.1918346,0.1123478,0.9654158,0.2467033,Nothing
49.14801,24,2,3,0,0.8904341,0.9392517,0.2494893,292.5562,299.826,21.30016,0.9440987,0.9969119,0.1918195,0.1176187,0.9571658,0.2488083,Nothing
49.15672,24,2,3,0,0.8903477,0.9394049,0.2491669,292.3504,299.1709,21.95444,0.945021,0.9964559,0.1917523,0.1276668,0.9575249,0.2445332,Nothing
49.16451,24,2,3,0,0.8909703,0.9397344,0.2488196,292.152,298.3557,22.7073,0.9458659,0.9960304,0.1916651,0.1308327,0.9528647,0.2416761,Nothing
49.17366,24,2,3,0,0.891624,0.9400571,0.2481494,291.9833,297.6868,23.36586,0.9468514,0.9955873,0.1915987,0.1375196,0.9463409,0.2382179,Nothing
49.18104,24,2,3,0,0.8923877,0.9401589,0.247599,291.7839,297.1032,23.94865,0.9478731,0.99531,0.1914676,0.1428436,0.9420995,0.2386475,Nothing
49.1898,24,2,3,0,0.8935567,0.9401277,0.2467187,291.4558,296.2897,24.7681,0.9493278,0.9946551,0.1914883,0.1515748,0.9328178,0.2398532,Nothing
49.1977,24,2,3,0,0.8943393,0.9399824,0.2463243,291.2177,295.7453,25.27206,0.9503897,0.994213,0.1914777,0.15604,0.9292652,0.2413832,Nothing
49.20619,24,2,3,0,0.8951143,0.9397254,0.2458937,291.0096,295.3501,25.63981,0.9514626,0.9937348,0.191502,0.1611033,0.925742,0.242933,Nothing
49.2146,24,2,3,0,0.8958912,0.9394799,0.2454818,290.8271,294.9647,25.99138,0.9526306,0.993534,0.1917017,0.1682289,0.9225636,0.2465059,Nothing
49.22262,24,2,3,0,0.896693,0.939321,0.2450935,290.6591,294.5531,26.37855,0.9537434,0.9930592,0.1918092,0.173633,0.9186345,0.246509,Nothing
49.23094,24,2,3,0,0.8972489,0.9392276,0.2444938,290.5009,294.2625,26.71345,0.9545739,0.992457,0.1917451,0.1795206,0.9135103,0.2444755,Nothing
49.23917,24,2,3,0,0.8981054,0.9390998,0.2438977,290.3856,294.0016,27.02873,0.955632,0.991951,0.1917787,0.1858238,0.9078128,0.2433187,Nothing
49.24796,24,2,3,0,0.8995977,0.9387966,0.2426013,290.2364,293.8527,27.3571,0.9573933,0.9910977,0.1918876,0.1990379,0.8955306,0.2417381,Nothing
49.2561,24,2,3,0,0.9006551,0.9384261,0.2416873,290.1282,293.9571,27.40485,0.9583151,0.9905034,0.1917972,0.2049053,0.8868132,0.2427311,Nothing
49.26505,24,2,3,0,0.9016317,0.9380354,0.2409455,289.9912,293.9232,27.54081,0.9591618,0.9897456,0.1916278,0.2084005,0.879563,0.2425885,Nothing
49.27334,24,2,3,0,0.9026847,0.9375708,0.2400531,289.858,294.0431,27.5674,0.9599858,0.9891422,0.1914461,0.2127111,0.8713402,0.2448636,Nothing
49.2816,24,2,3,0,0.9036173,0.9368587,0.2389203,289.6827,294.2598,27.53245,0.9607198,0.9885038,0.1912684,0.2193605,0.8618061,0.2499348,Nothing
49.28924,24,2,3,0,0.9046625,0.9362919,0.2381566,289.5197,294.3138,27.60497,0.9610083,0.9882609,0.19111,0.2193134,0.8525794,0.2586462,Nothing
49.29759,24,2,3,0,0.9057121,0.935623,0.2373059,289.317,294.4634,27.59504,0.9616147,0.9876408,0.1908523,0.2210394,0.8442906,0.2641643,Nothing
49.3059,24,2,3,0,0.9066776,0.9351433,0.236545,289.1663,294.4789,27.69858,0.9622968,0.9870445,0.190687,0.2238301,0.8365605,0.2669498,Nothing
49.31414,24,2,3,0,0.9082502,0.934536,0.2352964,288.9555,294.4854,27.86465,0.963499,0.9862422,0.1902986,0.2281193,0.8255268,0.2704668,Nothing
49.32293,24,2,3,0,0.9091011,0.9342489,0.2346807,288.8256,294.3143,28.1046,0.9641581,0.9858333,0.1899854,0.2294046,0.8207005,0.27235,Nothing
49.33113,24,2,3,0,0.9098527,0.9338486,0.2342566,288.7004,294.0649,28.39244,0.9648341,0.9857001,0.189737,0.2311317,0.818729,0.2774676,Nothing
49.34014,24,2,3,0,0.9104825,0.9339683,0.233947,288.6461,293.5331,28.9194,0.9655306,0.9855354,0.1893754,0.2318067,0.8179926,0.275799,Nothing
49.34758,24,2,3,0,0.9111559,0.9339591,0.2333865,288.5629,293.2009,29.29095,0.9663239,0.9853702,0.1890848,0.2352662,0.81528,0.2758393,Nothing
49.3561,24,2,3,0,0.9116104,0.9342779,0.2332015,288.579,292.6282,29.82103,0.9673385,0.9854061,0.1885866,0.237844,0.8198907,0.2714277,Nothing
49.36389,24,2,3,0,0.9121255,0.934489,0.2330119,288.5588,292.1072,30.29956,0.9681758,0.9854803,0.188066,0.2384653,0.8235803,0.2696142,Nothing
49.3726,24,2,3,0,0.9129332,0.934481,0.2326394,288.5096,291.4189,30.95905,0.9693976,0.9855201,0.1873191,0.2402869,0.8283261,0.2699157,Nothing
49.38108,24,2,3,0,0.9134938,0.9343161,0.2326933,288.4572,291.0953,31.20762,0.9702823,0.9858595,0.1867672,0.2392695,0.8361804,0.2742734,Nothing
49.38922,24,2,3,0,0.9140286,0.9338915,0.2323168,288.3672,291.0914,31.23582,0.9710109,0.9861932,0.186181,0.2408604,0.8405772,0.2821157,Nothing
49.39748,24,2,3,0,0.91479,0.9332365,0.2320032,288.2265,291.1971,31.1564,0.9718379,0.9863816,0.1856891,0.2414459,0.8440773,0.2918237,Nothing
49.40614,24,2,3,0,0.914925,0.9325159,0.2322058,288.0525,291.2762,31.0632,0.9726214,0.9867101,0.1851783,0.2428914,0.8557292,0.3017451,Nothing
49.41457,24,2,3,0,0.9156584,0.9316667,0.2318147,287.8633,291.5153,30.88159,0.9731554,0.9869547,0.1846058,0.2417722,0.8580908,0.3152752,Nothing
49.42405,24,2,3,0,0.9166028,0.9306375,0.2312078,287.6151,291.7241,30.74637,0.9743567,0.9873372,0.1839486,0.2456493,0.8624667,0.3316751,Nothing
49.43216,24,2,3,0,0.9171792,0.9301453,0.2308961,287.5024,291.7692,30.7434,0.9752622,0.9876034,0.183589,0.2493279,0.8660725,0.3397123,Nothing
49.43947,24,2,3,0,0.9181333,0.9301288,0.2304612,287.4854,291.6505,30.89891,0.9761204,0.9879463,0.1831926,0.2501509,0.8657731,0.3439274,Nothing
49.44787,24,2,3,0,0.9185797,0.9299964,0.2302328,287.4698,291.4284,31.12652,0.9769682,0.9881788,0.1828392,0.2536349,0.8697074,0.3467013,Nothing
49.45605,24,2,3,0,0.9190522,0.9298599,0.2300626,287.4366,291.2565,31.30397,0.9777938,0.9882597,0.1824169,0.2555418,0.873946,0.348247,Nothing
49.46517,24,2,3,0,0.9193474,0.9301339,0.2301497,287.5089,290.8392,31.68666,0.9786421,0.9884817,0.1821115,0.2579808,0.8802021,0.34514,Nothing
49.47291,24,2,3,0,0.9199756,0.9300706,0.230209,287.4887,290.5434,31.93952,0.9795049,0.9888865,0.1818445,0.2584696,0.8851298,0.3493612,Nothing
49.48212,24,2,3,0,0.9205487,0.9300439,0.2301317,287.4788,290.1942,32.27624,0.9806665,0.9891564,0.1814038,0.2618543,0.8918173,0.3507847,Nothing
49.49859,24,2,3,0,0.9218279,0.9296628,0.2294877,287.4009,290.0043,32.47926,0.9819573,0.9891843,0.1809689,0.2643102,0.8905845,0.3564191,Nothing
49.50655,24,2,3,0,0.9222975,0.9291674,0.2294558,287.3444,290.0825,32.38644,0.982612,0.9892508,0.1807064,0.2646344,0.8948087,0.3618978,Nothing
49.51505,24,2,3,0,0.9227449,0.9286333,0.2294548,287.2635,290.2701,32.1745,0.9828457,0.9891132,0.1805445,0.2614946,0.8957613,0.3672195,Nothing
49.5231,24,2,3,0,0.9231906,0.9280313,0.2294661,287.167,290.4977,31.91499,0.9833388,0.9890451,0.1803501,0.2600661,0.8989345,0.3732868,Nothing
49.53127,24,2,3,0,0.9226213,0.9274344,0.229918,287.0832,290.6835,31.71144,0.9836813,0.9887818,0.1802071,0.2630081,0.9097033,0.3744287,Nothing
49.53958,24,2,3,0,0.9229346,0.9270017,0.2299342,286.9985,290.7267,31.64832,0.9839349,0.9885302,0.1800788,0.2612018,0.9106315,0.377501,Nothing
49.54797,24,2,3,0,0.9235236,0.9265059,0.2297675,286.9121,290.7442,31.60902,0.9840947,0.9882112,0.1799876,0.2578942,0.9075905,0.3818488,Nothing
49.55637,24,2,3,0,0.9239568,0.9261698,0.2296782,286.837,290.6166,31.73396,0.9842719,0.9877227,0.1798555,0.2553652,0.9054719,0.3823803,Nothing
49.56461,24,2,3,0,0.9239438,0.9262724,0.2299224,286.7565,290.485,31.85771,0.9841651,0.9871839,0.179851,0.2519602,0.9047126,0.3775599,Nothing
49.57312,24,2,3,0,0.9239428,0.9260124,0.2298271,286.7691,290.4035,31.95155,0.984187,0.9868783,0.1799075,0.2534514,0.9034457,0.3771169,Nothing
49.58128,24,2,3,0,0.9240547,0.9260255,0.2297545,286.762,290.3212,32.03616,0.9841117,0.9863206,0.1799959,0.2523033,0.8994911,0.3724437,Nothing
49.59065,24,2,3,0,0.9245679,0.9257928,0.2296176,286.7763,290.3173,32.02278,0.9838825,0.9856284,0.1801764,0.2475422,0.8916023,0.3701109,SelectionStart
49.59067,24,2,3,0,0.9245679,0.9257928,0.2296176,286.7763,290.3173,32.02278,0.9838825,0.9856284,0.1801764,0.2475422,0.8916023,0.3701109,SelectionEnd
49.59402,24,2,3,0,0.9245679,0.9257928,0.2296176,286.7763,290.3173,32.02278,0.9838825,0.9856284,0.1801764,0.2475422,0.8916023,0.3701109,GotSelection
49.60782,24,2,3,0,0.9250492,0.9254746,0.2297533,286.7647,290.4363,31.87272,0.9834573,0.9840637,0.180445,0.2385301,0.8822987,0.3605927,SelectionStart
49.60783,24,2,3,0,0.9250492,0.9254746,0.2297533,286.7647,290.4363,31.87272,0.9834573,0.9840637,0.180445,0.2385301,0.8822987,0.3605927,SelectionEnd
49.61151,24,2,3,0,0.9250492,0.9254746,0.2297533,286.7647,290.4363,31.87272,0.9834573,0.9840637,0.180445,0.2385301,0.8822987,0.3605927,GotSelection
49.62274,24,2,3,0,0.9254687,0.9249313,0.2297038,286.734,290.9808,31.33211,0.9833487,0.982725,0.1802202,0.2308186,0.8790159,0.3538435,SelectionStart
49.62276,24,2,3,0,0.9254687,0.9249313,0.2297038,286.734,290.9808,31.33211,0.9833487,0.982725,0.1802202,0.2308186,0.8790159,0.3538435,SelectionEnd
49.62608,24,2,3,0,0.9254687,0.9249313,0.2297038,286.734,290.9808,31.33211,0.9833487,0.982725,0.1802202,0.2308186,0.8790159,0.3538435,GotSelection
49.6722,24,2,3,0,0.9255369,0.9237341,0.2298638,286.533,291.3925,30.89645,0.9818246,0.979563,0.1797502,0.2094781,0.8691992,0.340793,SelectionStart
49.67223,24,2,3,0,0.9255369,0.9237341,0.2298638,286.533,291.3925,30.89645,0.9818246,0.979563,0.1797502,0.2094781,0.8691992,0.340793,SelectionEnd
49.67564,24,2,3,0,0.9255369,0.9237341,0.2298638,286.533,291.3925,30.89645,0.9818246,0.979563,0.1797502,0.2094781,0.8691992,0.340793,GotSelection
49.68546,24,2,3,0,0.9255944,0.9242027,0.2298914,286.528,291.0328,31.22071,0.981033,0.9784144,0.1793699,0.1979819,0.8631402,0.3274066,SelectionStart
49.68548,24,2,3,0,0.9255944,0.9242027,0.2298914,286.528,291.0328,31.22071,0.981033,0.9784144,0.1793699,0.1979819,0.8631402,0.3274066,SelectionEnd
49.68885,24,2,3,0,0.9255944,0.9242027,0.2298914,286.528,291.0328,31.22071,0.981033,0.9784144,0.1793699,0.1979819,0.8631402,0.3274066,GotSelection
49.69809,24,2,3,0,0.9255565,0.9243842,0.2300154,286.5278,290.79,31.40954,0.9796016,0.9775341,0.179316,0.1839789,0.8536234,0.3209581,SelectionStart
49.69811,24,2,3,0,0.9255565,0.9243842,0.2300154,286.5278,290.79,31.40954,0.9796016,0.9775341,0.179316,0.1839789,0.8536234,0.3209581,SelectionEnd
49.70145,24,2,3,0,0.9255565,0.9243842,0.2300154,286.5278,290.79,31.40954,0.9796016,0.9775341,0.179316,0.1839789,0.8536234,0.3209581,GotSelection
49.71157,24,2,3,0,0.9254627,0.924441,0.2303757,286.513,290.5585,31.55416,0.9778662,0.9764673,0.1787944,0.1629205,0.8480873,0.3140719,SelectionStart
49.71159,24,2,3,0,0.9254627,0.924441,0.2303757,286.513,290.5585,31.55416,0.9778662,0.9764673,0.1787944,0.1629205,0.8480873,0.3140719,SelectionEnd
49.71481,24,2,3,0,0.9254627,0.924441,0.2303757,286.513,290.5585,31.55416,0.9778662,0.9764673,0.1787944,0.1629205,0.8480873,0.3140719,GotSelection
49.7252,24,2,3,0,0.9253691,0.9245634,0.2305728,286.4739,290.3455,31.67945,0.9760568,0.9752223,0.1780903,0.1406734,0.8415254,0.3053175,SelectionStart
49.72521,24,2,3,0,0.9253691,0.9245634,0.2305728,286.4739,290.3455,31.67945,0.9760568,0.9752223,0.1780903,0.1406734,0.8415254,0.3053175,SelectionEnd
49.72861,24,2,3,0,0.9253691,0.9245634,0.2305728,286.4739,290.3455,31.67945,0.9760568,0.9752223,0.1780903,0.1406734,0.8415254,0.3053175,GotSelection
49.74013,24,2,3,0,0.92528,0.9243752,0.2309894,286.4047,290.2437,31.6674,0.9738958,0.9737974,0.1772722,0.1130535,0.8357767,0.2986996,SelectionStart
49.74014,24,2,3,0,0.92528,0.9243752,0.2309894,286.4047,290.2437,31.6674,0.9738958,0.9737974,0.1772722,0.1130535,0.8357767,0.2986996,SelectionEnd
49.74341,24,2,3,0,0.92528,0.9243752,0.2309894,286.4047,290.2437,31.6674,0.9738958,0.9737974,0.1772722,0.1130535,0.8357767,0.2986996,GotSelection
49.75364,24,2,3,0,0.9254401,0.9241703,0.230893,286.3349,290.2586,31.58816,0.9716107,0.9725004,0.1765999,0.087461,0.8228809,0.2949328,SelectionStart
49.75366,24,2,3,0,0.9254401,0.9241703,0.230893,286.3349,290.2586,31.58816,0.9716107,0.9725004,0.1765999,0.087461,0.8228809,0.2949328,SelectionEnd
49.75697,24,2,3,0,0.9254401,0.9241703,0.230893,286.3349,290.2586,31.58816,0.9716107,0.9725004,0.1765999,0.087461,0.8228809,0.2949328,GotSelection
49.76684,24,2,3,0,0.925441,0.9242688,0.2308391,286.3205,290.2569,31.57415,0.9692752,0.9711617,0.1760681,0.06372633,0.8091416,0.2868615,SelectionStart
49.76686,24,2,3,0,0.925441,0.9242688,0.2308391,286.3205,290.2569,31.57415,0.9692752,0.9711617,0.1760681,0.06372633,0.8091416,0.2868615,SelectionEnd
49.77013,24,2,3,0,0.925441,0.9242688,0.2308391,286.3205,290.2569,31.57415,0.9692752,0.9711617,0.1760681,0.06372633,0.8091416,0.2868615,GotSelection
49.78138,24,2,3,0,0.925351,0.9244562,0.2309842,286.3466,290.0463,31.71077,0.9662755,0.969404,0.1751918,0.03093858,0.7950634,0.2747159,SelectionStart
49.78139,24,2,3,0,0.925351,0.9244562,0.2309842,286.3466,290.0463,31.71077,0.9662755,0.969404,0.1751918,0.03093858,0.7950634,0.2747159,SelectionEnd
49.78469,24,2,3,0,0.925351,0.9244562,0.2309842,286.3466,290.0463,31.71077,0.9662755,0.969404,0.1751918,0.03093858,0.7950634,0.2747159,GotSelection
49.79433,24,2,3,0,0.9252794,0.9247348,0.2310822,286.3763,289.8188,31.88828,0.9633383,0.9678625,0.1744488,0.0002114593,0.7800656,0.2639146,SelectionStart
49.79436,24,2,3,0,0.9252794,0.9247348,0.2310822,286.3763,289.8188,31.88828,0.9633383,0.9678625,0.1744488,0.0002114593,0.7800656,0.2639146,SelectionEnd
49.79831,24,2,3,0,0.9252794,0.9247348,0.2310822,286.3763,289.8188,31.88828,0.9633383,0.9678625,0.1744488,0.0002114593,0.7800656,0.2639146,GotSelection
49.80807,24,2,3,0,0.9248054,0.9250619,0.2312497,286.393,289.6522,32.03763,0.9598361,0.9660034,0.1735775,-0.03330689,0.7647249,0.2498699,SelectionStart
49.8081,24,2,3,0,0.9248054,0.9250619,0.2312497,286.393,289.6522,32.03763,0.9598361,0.9660034,0.1735775,-0.03330689,0.7647249,0.2498699,SelectionEnd
49.81143,24,2,3,0,0.9248054,0.9250619,0.2312497,286.393,289.6522,32.03763,0.9598361,0.9660034,0.1735775,-0.03330689,0.7647249,0.2498699,GotSelection
49.85223,24,2,3,0,0.9246549,0.9245672,0.2310531,286.3009,289.9293,31.77221,0.9490367,0.9609715,0.170976,-0.1391224,0.7086471,0.2321887,SelectionStart
49.85225,24,2,3,0,0.9246549,0.9245672,0.2310531,286.3009,289.9293,31.77221,0.9490367,0.9609715,0.170976,-0.1391224,0.7086471,0.2321887,SelectionEnd
49.85556,24,2,3,0,0.9246549,0.9245672,0.2310531,286.3009,289.9293,31.77221,0.9490367,0.9609715,0.170976,-0.1391224,0.7086471,0.2321887,GotSelection
49.86523,24,2,3,0,0.9244998,0.9246956,0.230972,286.2734,289.9306,31.747,0.9450255,0.9590958,0.170004,-0.1782784,0.6875147,0.222309,SelectionStart
49.86525,24,2,3,0,0.9244998,0.9246956,0.230972,286.2734,289.9306,31.747,0.9450255,0.9590958,0.170004,-0.1782784,0.6875147,0.222309,SelectionEnd
49.86869,24,2,3,0,0.9244998,0.9246956,0.230972,286.2734,289.9306,31.747,0.9450255,0.9590958,0.170004,-0.1782784,0.6875147,0.222309,GotSelection
49.87905,24,2,3,0,0.9244047,0.9248729,0.2310764,286.2894,289.8058,31.83142,0.9421433,0.957669,0.1694018,-0.2072306,0.6723188,0.2135962,SelectionStart
49.87908,24,2,3,0,0.9244047,0.9248729,0.2310764,286.2894,289.8058,31.83142,0.9421433,0.957669,0.1694018,-0.2072306,0.6723188,0.2135962,SelectionEnd
49.88236,24,2,3,0,0.9244047,0.9248729,0.2310764,286.2894,289.8058,31.83142,0.9421433,0.957669,0.1694018,-0.2072306,0.6723188,0.2135962,GotSelection
49.89326,24,2,3,0,0.9237133,0.9253808,0.2316284,286.3242,289.5147,32.04203,0.9380988,0.9559369,0.1686595,-0.2455234,0.6565998,0.1999661,SelectionStart
49.89328,24,2,3,0,0.9237133,0.9253808,0.2316284,286.3242,289.5147,32.04203,0.9380988,0.9559369,0.1686595,-0.2455234,0.6565998,0.1999661,SelectionEnd
49.89654,24,2,3,0,0.9237133,0.9253808,0.2316284,286.3242,289.5147,32.04203,0.9380988,0.9559369,0.1686595,-0.2455234,0.6565998,0.1999661,GotSelection
49.90707,24,2,3,0,0.9235787,0.9255722,0.2318513,286.3279,289.3433,32.1242,0.9349291,0.9549162,0.1682696,-0.2756993,0.6397524,0.1961718,SelectionStart
49.9071,24,2,3,0,0.9235787,0.9255722,0.2318513,286.3279,289.3433,32.1242,0.9349291,0.9549162,0.1682696,-0.2756993,0.6397524,0.1961718,SelectionEnd
49.91046,24,2,3,0,0.9235787,0.9255722,0.2318513,286.3279,289.3433,32.1242,0.9349291,0.9549162,0.1682696,-0.2756993,0.6397524,0.1961718,GotSelection
49.92019,24,2,3,0,0.923351,0.9258192,0.231998,286.3428,289.1955,32.20724,0.9306514,0.953621,0.1678343,-0.3137647,0.6158223,0.1918187,SelectionStart
49.9202,24,2,3,0,0.923351,0.9258192,0.231998,286.3428,289.1955,32.20724,0.9306514,0.953621,0.1678343,-0.3137647,0.6158223,0.1918187,SelectionEnd
49.92353,24,2,3,0,0.923351,0.9258192,0.231998,286.3428,289.1955,32.20724,0.9306514,0.953621,0.1678343,-0.3137647,0.6158223,0.1918187,GotSelection
49.93288,24,2,3,0,0.9234632,0.9257505,0.2316903,286.3271,289.0719,32.31779,0.927291,0.9528123,0.1674927,-0.342095,0.5931794,0.1944101,SelectionStart
49.9329,24,2,3,0,0.9234632,0.9257505,0.2316903,286.3271,289.0719,32.31779,0.927291,0.9528123,0.1674927,-0.342095,0.5931794,0.1944101,SelectionEnd
49.93627,24,2,3,0,0.9234632,0.9257505,0.2316903,286.3271,289.0719,32.31779,0.927291,0.9528123,0.1674927,-0.342095,0.5931794,0.1944101,GotSelection
49.94747,24,2,3,0,0.9234697,0.9258032,0.2314707,286.3034,288.9464,32.44382,0.9229094,0.9515498,0.1670766,-0.3793323,0.5649474,0.1937409,SelectionStart
49.94749,24,2,3,0,0.9234697,0.9258032,0.2314707,286.3034,288.9464,32.44382,0.9229094,0.9515498,0.1670766,-0.3793323,0.5649474,0.1937409,SelectionEnd
49.95071,24,2,3,0,0.9234697,0.9258032,0.2314707,286.3034,288.9464,32.44382,0.9229094,0.9515498,0.1670766,-0.3793323,0.5649474,0.1937409,GotSelection
49.96073,24,2,3,0,0.9235543,0.9258786,0.2312746,286.2852,288.966,32.44489,0.91936,0.9504256,0.166912,-0.409047,0.5399565,0.1918823,SelectionStart
49.96075,24,2,3,0,0.9235543,0.9258786,0.2312746,286.2852,288.966,32.44489,0.91936,0.9504256,0.166912,-0.409047,0.5399565,0.1918823,SelectionEnd
49.96402,24,2,3,0,0.9235543,0.9258786,0.2312746,286.2852,288.966,32.44489,0.91936,0.9504256,0.166912,-0.409047,0.5399565,0.1918823,GotSelection
49.97418,24,2,3,0,0.9232223,0.9262689,0.2314025,286.2783,288.8077,32.56781,0.9158561,0.9493695,0.1666906,-0.4383032,0.5197443,0.1865018,SelectionStart
49.97421,24,2,3,0,0.9232223,0.9262689,0.2314025,286.2783,288.8077,32.56781,0.9158561,0.9493695,0.1666906,-0.4383032,0.5197443,0.1865018,SelectionEnd
49.97762,24,2,3,0,0.9232223,0.9262689,0.2314025,286.2783,288.8077,32.56781,0.9158561,0.9493695,0.1666906,-0.4383032,0.5197443,0.1865018,GotSelection
49.98919,24,2,3,0,0.9232854,0.9265363,0.2313502,286.3049,288.6968,32.63207,0.9112401,0.9476486,0.1664099,-0.479385,0.4881431,0.1797769,SelectionStart
49.9892,24,2,3,0,0.9232854,0.9265363,0.2313502,286.3049,288.6968,32.63207,0.9112401,0.9476486,0.1664099,-0.479385,0.4881431,0.1797769,SelectionEnd
49.9925,24,2,3,0,0.9232854,0.9265363,0.2313502,286.3049,288.6968,32.63207,0.9112401,0.9476486,0.1664099,-0.479385,0.4881431,0.1797769,GotSelection
50.00238,24,2,3,0,0.9231533,0.9271639,0.2312928,286.3702,288.4046,32.88429,0.9066808,0.9463897,0.166064,-0.5184034,0.4588619,0.1739131,SelectionStart
50.0024,24,2,3,0,0.9231533,0.9271639,0.2312928,286.3702,288.4046,32.88429,0.9066808,0.9463897,0.166064,-0.5184034,0.4588619,0.1739131,SelectionEnd
50.00579,24,2,3,0,0.9231533,0.9271639,0.2312928,286.3702,288.4046,32.88429,0.9066808,0.9463897,0.166064,-0.5184034,0.4588619,0.1739131,GotSelection
50.04907,24,2,3,0,0.9219126,0.9284245,0.2311753,286.4666,287.7527,33.48627,0.894912,0.9441967,0.1647209,-0.6128199,0.3961332,0.1700739,SelectionStart
50.0491,24,2,3,0,0.9219126,0.9284245,0.2311753,286.4666,287.7527,33.48627,0.894912,0.9441967,0.1647209,-0.6128199,0.3961332,0.1700739,SelectionEnd
50.05304,24,2,3,0,0.9219126,0.9284245,0.2311753,286.4666,287.7527,33.48627,0.894912,0.9441967,0.1647209,-0.6128199,0.3961332,0.1700739,GotSelection
50.06589,24,2,3,0,0.9216555,0.9288763,0.2311368,286.421,287.3915,33.79162,0.8926698,0.9438776,0.1642919,-0.632027,0.3845888,0.1689492,SelectionStart
50.06591,24,2,3,0,0.9216555,0.9288763,0.2311368,286.421,287.3915,33.79162,0.8926698,0.9438776,0.1642919,-0.632027,0.3845888,0.1689492,SelectionEnd
50.06924,24,2,3,0,0.9216555,0.9288763,0.2311368,286.421,287.3915,33.79162,0.8926698,0.9438776,0.1642919,-0.632027,0.3845888,0.1689492,GotSelection
50.08053,24,2,3,0,0.9214393,0.9292884,0.2311363,286.4554,287.1665,33.98619,0.8913442,0.9439992,0.1639971,-0.6428958,0.3792153,0.1697613,SelectionStart
50.08055,24,2,3,0,0.9214393,0.9292884,0.2311363,286.4554,287.1665,33.98619,0.8913442,0.9439992,0.1639971,-0.6428958,0.3792153,0.1697613,SelectionEnd
50.08405,24,2,3,0,0.9214393,0.9292884,0.2311363,286.4554,287.1665,33.98619,0.8913442,0.9439992,0.1639971,-0.6428958,0.3792153,0.1697613,GotSelection
50.0964,24,2,3,0,0.9211749,0.9298728,0.2308926,286.5202,286.7887,34.3508,0.8890858,0.944185,0.163721,-0.6587561,0.3664212,0.1728199,SelectionStart
50.09641,24,2,3,0,0.9211749,0.9298728,0.2308926,286.5202,286.7887,34.3508,0.8890858,0.944185,0.163721,-0.6587561,0.3664212,0.1728199,SelectionEnd
50.10021,24,2,3,0,0.9211749,0.9298728,0.2308926,286.5202,286.7887,34.3508,0.8890858,0.944185,0.163721,-0.6587561,0.3664212,0.1728199,GotSelection
50.1162,24,2,3,0,0.9209517,0.9303745,0.2305376,286.6529,286.7418,34.45206,0.8883014,0.9448259,0.1633673,-0.6622293,0.3643033,0.1760886,SelectionStart
50.11623,24,2,3,0,0.9209517,0.9303745,0.2305376,286.6529,286.7418,34.45206,0.8883014,0.9448259,0.1633673,-0.6622293,0.3643033,0.1760886,SelectionEnd
50.1198,24,2,3,0,0.9209517,0.9303745,0.2305376,286.6529,286.7418,34.45206,0.8883014,0.9448259,0.1633673,-0.6622293,0.3643033,0.1760886,GotSelection
50.13171,24,2,3,0,0.9204931,0.930862,0.2307301,286.7533,286.7169,34.46419,0.8887177,0.9454679,0.1633073,-0.6567377,0.3720616,0.1751445,SelectionStart
50.13173,24,2,3,0,0.9204931,0.930862,0.2307301,286.7533,286.7169,34.46419,0.8887177,0.9454679,0.1633073,-0.6567377,0.3720616,0.1751445,SelectionEnd
50.13521,24,2,3,0,0.9204931,0.930862,0.2307301,286.7533,286.7169,34.46419,0.8887177,0.9454679,0.1633073,-0.6567377,0.3720616,0.1751445,GotSelection
50.14494,24,2,3,0,0.9198361,0.9312576,0.231098,286.7877,286.5984,34.53684,0.8897578,0.9458953,0.1634226,-0.6453586,0.3839599,0.1709383,SelectionStart
50.14495,24,2,3,0,0.9198361,0.9312576,0.231098,286.7877,286.5984,34.53684,0.8897578,0.9458953,0.1634226,-0.6453586,0.3839599,0.1709383,SelectionEnd
50.14817,24,2,3,0,0.9198361,0.9312576,0.231098,286.7877,286.5984,34.53684,0.8897578,0.9458953,0.1634226,-0.6453586,0.3839599,0.1709383,GotSelection
50.1574,24,2,3,0,0.9194708,0.9314233,0.2312728,286.8259,286.5583,34.52363,0.8910449,0.9464492,0.1635571,-0.6324979,0.3947333,0.1702024,SelectionStart
50.15742,24,2,3,0,0.9194708,0.9314233,0.2312728,286.8259,286.5583,34.52363,0.8910449,0.9464492,0.1635571,-0.6324979,0.3947333,0.1702024,SelectionEnd
50.16065,24,2,3,0,0.9194708,0.9314233,0.2312728,286.8259,286.5583,34.52363,0.8910449,0.9464492,0.1635571,-0.6324979,0.3947333,0.1702024,GotSelection
50.17395,24,2,3,0,0.9189374,0.9317431,0.2317366,286.8726,286.4342,34.54155,0.8936915,0.9474258,0.1638566,-0.6085451,0.415886,0.1679402,SelectionStart
50.17397,24,2,3,0,0.9189374,0.9317431,0.2317366,286.8726,286.4342,34.54155,0.8936915,0.9474258,0.1638566,-0.6085451,0.415886,0.1679402,SelectionEnd
50.17735,24,2,3,0,0.9189374,0.9317431,0.2317366,286.8726,286.4342,34.54155,0.8936915,0.9474258,0.1638566,-0.6085451,0.415886,0.1679402,GotSelection
50.1897,24,2,3,0,0.9184787,0.9318906,0.2321185,286.9113,286.3584,34.51974,0.8969676,0.94837,0.1641424,-0.5797343,0.4403763,0.1652886,SelectionStart
50.18971,24,2,3,0,0.9184787,0.9318906,0.2321185,286.9113,286.3584,34.51974,0.8969676,0.94837,0.1641424,-0.5797343,0.4403763,0.1652886,SelectionEnd
50.193,24,2,3,0,0.9184787,0.9318906,0.2321185,286.9113,286.3584,34.51974,0.8969676,0.94837,0.1641424,-0.5797343,0.4403763,0.1652886,GotSelection
50.20332,24,2,3,0,0.9181743,0.9319983,0.2323351,286.9391,286.2922,34.53461,0.8997481,0.9490611,0.1644432,-0.5548277,0.4594927,0.1624783,SelectionStart
50.20335,24,2,3,0,0.9181743,0.9319983,0.2323351,286.9391,286.2922,34.53461,0.8997481,0.9490611,0.1644432,-0.5548277,0.4594927,0.1624783,SelectionEnd
50.2067,24,2,3,0,0.9181743,0.9319983,0.2323351,286.9391,286.2922,34.53461,0.8997481,0.9490611,0.1644432,-0.5548277,0.4594927,0.1624783,GotSelection
50.24884,24,2,3,0,0.9171609,0.932746,0.2329544,287.1094,286.2076,34.56081,0.912793,0.9517598,0.1654015,-0.4417654,0.5471882,0.1413882,SelectionStart
50.24886,24,2,3,0,0.9171609,0.932746,0.2329544,287.1094,286.2076,34.56081,0.912793,0.9517598,0.1654015,-0.4417654,0.5471882,0.1413882,SelectionEnd
50.25217,24,2,3,0,0.9171609,0.932746,0.2329544,287.1094,286.2076,34.56081,0.912793,0.9517598,0.1654015,-0.4417654,0.5471882,0.1413882,GotSelection
50.26635,24,2,3,0,0.9169201,0.9330599,0.2331284,287.1655,286.2186,34.53122,0.9179746,0.9530621,0.1660369,-0.3956805,0.5790644,0.1354998,SelectionStart
50.26637,24,2,3,0,0.9169201,0.9330599,0.2331284,287.1655,286.2186,34.53122,0.9179746,0.9530621,0.1660369,-0.3956805,0.5790644,0.1354998,SelectionEnd
50.26964,24,2,3,0,0.9169201,0.9330599,0.2331284,287.1655,286.2186,34.53122,0.9179746,0.9530621,0.1660369,-0.3956805,0.5790644,0.1354998,GotSelection
50.28197,24,2,3,0,0.9167369,0.9333088,0.2332594,287.2308,286.2332,34.50328,0.9234383,0.9545804,0.1665729,-0.347728,0.6135209,0.1314893,SelectionStart
50.282,24,2,3,0,0.9167369,0.9333088,0.2332594,287.2308,286.2332,34.50328,0.9234383,0.9545804,0.1665729,-0.347728,0.6135209,0.1314893,SelectionEnd
50.28602,24,2,3,0,0.9167369,0.9333088,0.2332594,287.2308,286.2332,34.50328,0.9234383,0.9545804,0.1665729,-0.347728,0.6135209,0.1314893,GotSelection
50.29709,24,2,3,0,0.9165843,0.933677,0.233358,287.3172,286.1666,34.56425,0.9288319,0.9560525,0.1671607,-0.3001043,0.6463746,0.1262324,SelectionStart
50.29711,24,2,3,0,0.9165843,0.933677,0.233358,287.3172,286.1666,34.56425,0.9288319,0.9560525,0.1671607,-0.3001043,0.6463746,0.1262324,SelectionEnd
50.30036,24,2,3,0,0.9165843,0.933677,0.233358,287.3172,286.1666,34.56425,0.9288319,0.9560525,0.1671607,-0.3001043,0.6463746,0.1262324,GotSelection
50.30965,24,2,3,0,0.9162326,0.9337211,0.2334771,287.3734,286.1835,34.55711,0.9330316,0.9572496,0.1676856,-0.2605013,0.6739702,0.124079,SelectionStart
50.30968,24,2,3,0,0.9162326,0.9337211,0.2334771,287.3734,286.1835,34.55711,0.9330316,0.9572496,0.1676856,-0.2605013,0.6739702,0.124079,SelectionEnd
50.31293,24,2,3,0,0.9162326,0.9337211,0.2334771,287.3734,286.1835,34.55711,0.9330316,0.9572496,0.1676856,-0.2605013,0.6739702,0.124079,GotSelection
50.32289,24,2,3,0,0.9160614,0.9338999,0.2337039,287.3972,286.1957,34.50243,0.9387282,0.9586704,0.1683487,-0.2111539,0.7092957,0.119145,SelectionStart
50.32291,24,2,3,0,0.9160614,0.9338999,0.2337039,287.3972,286.1957,34.50243,0.9387282,0.9586704,0.1683487,-0.2111539,0.7092957,0.119145,SelectionEnd
50.32639,24,2,3,0,0.9160614,0.9338999,0.2337039,287.3972,286.1957,34.50243,0.9387282,0.9586704,0.1683487,-0.2111539,0.7092957,0.119145,GotSelection
50.33619,24,2,3,0,0.9160632,0.9340185,0.2338072,287.4,286.236,34.43764,0.9430363,0.9598826,0.168997,-0.1731542,0.733977,0.1174993,SelectionStart
50.3362,24,2,3,0,0.9160632,0.9340185,0.2338072,287.4,286.236,34.43764,0.9430363,0.9598826,0.168997,-0.1731542,0.733977,0.1174993,SelectionEnd
50.33974,24,2,3,0,0.9160632,0.9340185,0.2338072,287.4,286.236,34.43764,0.9430363,0.9598826,0.168997,-0.1731542,0.733977,0.1174993,GotSelection
50.34966,24,2,3,0,0.916069,0.933911,0.2338545,287.3785,286.2639,34.39532,0.9484391,0.9611315,0.1698237,-0.1247421,0.7641601,0.1156914,SelectionStart
50.34968,24,2,3,0,0.916069,0.933911,0.2338545,287.3785,286.2639,34.39532,0.9484391,0.9611315,0.1698237,-0.1247421,0.7641601,0.1156914,SelectionEnd
50.3537,24,2,3,0,0.916069,0.933911,0.2338545,287.3785,286.2639,34.39532,0.9484391,0.9611315,0.1698237,-0.1247421,0.7641601,0.1156914,GotSelection
50.36507,24,2,3,0,0.9160812,0.9338912,0.2339411,287.351,286.1604,34.46609,0.9534619,0.9622638,0.1710065,-0.07768492,0.7889653,0.1137537,SelectionStart
50.36509,24,2,3,0,0.9160812,0.9338912,0.2339411,287.351,286.1604,34.46609,0.9534619,0.9622638,0.1710065,-0.07768492,0.7889653,0.1137537,SelectionEnd
50.36855,24,2,3,0,0.9160812,0.9338912,0.2339411,287.351,286.1604,34.46609,0.9534619,0.9622638,0.1710065,-0.07768492,0.7889653,0.1137537,GotSelection
50.37786,24,2,3,0,0.9157318,0.9338862,0.2341233,287.3405,286.084,34.51176,0.9570304,0.9632387,0.1718776,-0.04194085,0.8099168,0.1127447,SelectionStart
50.37788,24,2,3,0,0.9157318,0.9338862,0.2341233,287.3405,286.084,34.51176,0.9570304,0.9632387,0.1718776,-0.04194085,0.8099168,0.1127447,SelectionEnd
50.38116,24,2,3,0,0.9157318,0.9338862,0.2341233,287.3405,286.084,34.51176,0.9570304,0.9632387,0.1718776,-0.04194085,0.8099168,0.1127447,GotSelection
50.39039,24,2,3,0,0.9157361,0.9340628,0.2341853,287.364,285.9632,34.6019,0.960172,0.9643348,0.17265,-0.01204421,0.825855,0.1131568,SelectionStart
50.39041,24,2,3,0,0.9157361,0.9340628,0.2341853,287.364,285.9632,34.6019,0.960172,0.9643348,0.17265,-0.01204421,0.825855,0.1131568,SelectionEnd
50.39375,24,2,3,0,0.9157361,0.9340628,0.2341853,287.364,285.9632,34.6019,0.960172,0.9643348,0.17265,-0.01204421,0.825855,0.1131568,GotSelection
50.40599,24,2,3,0,0.9156957,0.9343346,0.2341381,287.3857,285.863,34.68161,0.9643772,0.9658117,0.1735481,0.02844789,0.8474858,0.1132203,SelectionStart
50.40601,24,2,3,0,0.9156957,0.9343346,0.2341381,287.3857,285.863,34.68161,0.9643772,0.9658117,0.1735481,0.02844789,0.8474858,0.1132203,SelectionEnd
50.40923,24,2,3,0,0.9156957,0.9343346,0.2341381,287.3857,285.863,34.68161,0.9643772,0.9658117,0.1735481,0.02844789,0.8474858,0.1132203,GotSelection
50.45033,24,2,3,0,0.9161091,0.9342394,0.2338488,287.397,286.2023,34.38898,0.9735052,0.9694934,0.1755445,0.1167193,0.892556,0.1254611,SelectionStart
50.45035,24,2,3,0,0.9161091,0.9342394,0.2338488,287.397,286.2023,34.38898,0.9735052,0.9694934,0.1755445,0.1167193,0.892556,0.1254611,SelectionEnd
50.45369,24,2,3,0,0.9161091,0.9342394,0.2338488,287.397,286.2023,34.38898,0.9735052,0.9694934,0.1755445,0.1167193,0.892556,0.1254611,GotSelection
50.46553,24,2,3,0,0.9161628,0.9342083,0.2339334,287.3555,286.2078,34.33888,0.9755495,0.9702151,0.1764771,0.1379983,0.9000475,0.1282631,SelectionStart
50.46555,24,2,3,0,0.9161628,0.9342083,0.2339334,287.3555,286.2078,34.33888,0.9755495,0.9702151,0.1764771,0.1379983,0.9000475,0.1282631,SelectionEnd
50.46883,24,2,3,0,0.9161628,0.9342083,0.2339334,287.3555,286.2078,34.33888,0.9755495,0.9702151,0.1764771,0.1379983,0.9000475,0.1282631,GotSelection
50.47924,24,2,3,0,0.9161486,0.934231,0.2341298,287.3277,286.0446,34.43586,0.9771739,0.9708052,0.1772433,0.1543271,0.9071099,0.130218,SelectionStart
50.47928,24,2,3,0,0.9161486,0.934231,0.2341298,287.3277,286.0446,34.43586,0.9771739,0.9708052,0.1772433,0.1543271,0.9071099,0.130218,SelectionEnd
50.48268,24,2,3,0,0.9161486,0.934231,0.2341298,287.3277,286.0446,34.43586,0.9771739,0.9708052,0.1772433,0.1543271,0.9071099,0.130218,GotSelection
50.49245,24,2,3,0,0.915774,0.9342697,0.2344073,287.3113,285.8173,34.60358,0.977739,0.9708728,0.177646,0.1616773,0.911989,0.1285527,SelectionStart
50.49249,24,2,3,0,0.915774,0.9342697,0.2344073,287.3113,285.8173,34.60358,0.977739,0.9708728,0.177646,0.1616773,0.911989,0.1285527,SelectionEnd
50.49582,24,2,3,0,0.915774,0.9342697,0.2344073,287.3113,285.8173,34.60358,0.977739,0.9708728,0.177646,0.1616773,0.911989,0.1285527,GotSelection
50.5078,24,2,3,0,0.9156547,0.9343136,0.2346059,287.3007,285.6608,34.68411,0.9773659,0.9709353,0.1777429,0.158086,0.9113792,0.1298615,SelectionStart
50.50782,24,2,3,0,0.9156547,0.9343136,0.2346059,287.3007,285.6608,34.68411,0.9773659,0.9709353,0.1777429,0.158086,0.9113792,0.1298615,SelectionEnd
50.51118,24,2,3,0,0.9156547,0.9343136,0.2346059,287.3007,285.6608,34.68411,0.9773659,0.9709353,0.1777429,0.158086,0.9113792,0.1298615,GotSelection
50.52362,24,2,3,0,0.9156548,0.9342037,0.2348279,287.295,285.7275,34.57855,0.976813,0.9709743,0.1777235,0.1518418,0.9103494,0.1326775,SelectionStart
50.52364,24,2,3,0,0.9156548,0.9342037,0.2348279,287.295,285.7275,34.57855,0.976813,0.9709743,0.1777235,0.1518418,0.9103494,0.1326775,SelectionEnd
50.52709,24,2,3,0,0.9156548,0.9342037,0.2348279,287.295,285.7275,34.57855,0.976813,0.9709743,0.1777235,0.1518418,0.9103494,0.1326775,GotSelection
50.5365,24,2,3,0,0.9156277,0.9340794,0.2350324,287.2896,285.8176,34.4556,0.9750534,0.9705803,0.177428,0.1342799,0.9030071,0.1345869,SelectionStart
50.53651,24,2,3,0,0.9156277,0.9340794,0.2350324,287.2896,285.8176,34.4556,0.9750534,0.9705803,0.177428,0.1342799,0.9030071,0.1345869,SelectionEnd
50.53987,24,2,3,0,0.9156277,0.9340794,0.2350324,287.2896,285.8176,34.4556,0.9750534,0.9705803,0.177428,0.1342799,0.9030071,0.1345869,GotSelection
50.54997,24,2,3,0,0.9156859,0.933917,0.2351965,287.3047,286.0591,34.21482,0.9731684,0.9699235,0.1769433,0.1141164,0.8949788,0.1341777,SelectionStart
50.54999,24,2,3,0,0.9156859,0.933917,0.2351965,287.3047,286.0591,34.21482,0.9731684,0.9699235,0.1769433,0.1141164,0.8949788,0.1341777,SelectionEnd
50.55351,24,2,3,0,0.9156859,0.933917,0.2351965,287.3047,286.0591,34.21482,0.9731684,0.9699235,0.1769433,0.1141164,0.8949788,0.1341777,GotSelection
50.56454,24,2,3,0,0.9156675,0.9337559,0.235435,287.3311,286.2614,33.99758,0.9697389,0.9687447,0.1762589,0.07993086,0.8787425,0.1326353,SelectionStart
50.56456,24,2,3,0,0.9156675,0.9337559,0.235435,287.3311,286.2614,33.99758,0.9697389,0.9687447,0.1762589,0.07993086,0.8787425,0.1326353,SelectionEnd
50.56793,24,2,3,0,0.9156675,0.9337559,0.235435,287.3311,286.2614,33.99758,0.9697389,0.9687447,0.1762589,0.07993086,0.8787425,0.1326353,GotSelection
50.57704,24,2,3,0,0.915738,0.9336441,0.2356809,287.3583,286.3706,33.85796,0.9666923,0.9676783,0.1758091,0.04948467,0.8626636,0.1312359,SelectionStart
50.57706,24,2,3,0,0.915738,0.9336441,0.2356809,287.3583,286.3706,33.85796,0.9666923,0.9676783,0.1758091,0.04948467,0.8626636,0.1312359,SelectionEnd
50.58049,24,2,3,0,0.915738,0.9336441,0.2356809,287.3583,286.3706,33.85796,0.9666923,0.9676783,0.1758091,0.04948467,0.8626636,0.1312359,GotSelection
50.59072,24,2,3,0,0.9156837,0.9335701,0.2360459,287.3873,286.448,33.73164,0.9630398,0.9661543,0.1752974,0.01314073,0.8437198,0.1263295,SelectionStart
50.59074,24,2,3,0,0.9156837,0.9335701,0.2360459,287.3873,286.448,33.73164,0.9630398,0.9661543,0.1752974,0.01314073,0.8437198,0.1263295,SelectionEnd
50.59396,24,2,3,0,0.9156837,0.9335701,0.2360459,287.3873,286.448,33.73164,0.9630398,0.9661543,0.1752974,0.01314073,0.8437198,0.1263295,GotSelection
50.63572,24,2,3,0,0.915481,0.9329941,0.2376156,287.3979,286.6138,33.28927,0.9482098,0.9600098,0.1723123,-0.1412687,0.7740468,0.1103771,SelectionStart
50.63574,24,2,3,0,0.915481,0.9329941,0.2376156,287.3979,286.6138,33.28927,0.9482098,0.9600098,0.1723123,-0.1412687,0.7740468,0.1103771,SelectionEnd
50.63895,24,2,3,0,0.915481,0.9329941,0.2376156,287.3979,286.6138,33.28927,0.9482098,0.9600098,0.1723123,-0.1412687,0.7740468,0.1103771,GotSelection
50.64891,24,2,3,0,0.9152173,0.932803,0.2381343,287.4111,286.7194,33.10993,0.9441923,0.958238,0.1712437,-0.1839099,0.7587649,0.1041398,SelectionStart
50.64893,24,2,3,0,0.9152173,0.932803,0.2381343,287.4111,286.7194,33.10993,0.9441923,0.958238,0.1712437,-0.1839099,0.7587649,0.1041398,SelectionEnd
50.65221,24,2,3,0,0.9152173,0.932803,0.2381343,287.4111,286.7194,33.10993,0.9441923,0.958238,0.1712437,-0.1839099,0.7587649,0.1041398,GotSelection
50.66483,24,2,3,0,0.9150259,0.9325233,0.2390261,287.468,287.0622,32.61103,0.938472,0.9558455,0.1695464,-0.2487195,0.7383748,0.09589026,SelectionStart
50.66485,24,2,3,0,0.9150259,0.9325233,0.2390261,287.468,287.0622,32.61103,0.938472,0.9558455,0.1695464,-0.2487195,0.7383748,0.09589026,SelectionEnd
50.66821,24,2,3,0,0.9150259,0.9325233,0.2390261,287.468,287.0622,32.61103,0.938472,0.9558455,0.1695464,-0.2487195,0.7383748,0.09589026,GotSelection
50.67852,24,2,3,0,0.9148565,0.9319911,0.23985,287.4946,287.534,31.991,0.9326802,0.9534014,0.1675641,-0.3152772,0.7191756,0.08940928,SelectionStart
50.67854,24,2,3,0,0.9148565,0.9319911,0.23985,287.4946,287.534,31.991,0.9326802,0.9534014,0.1675641,-0.3152772,0.7191756,0.08940928,SelectionEnd
50.68193,24,2,3,0,0.9148565,0.9319911,0.23985,287.4946,287.534,31.991,0.9326802,0.9534014,0.1675641,-0.3152772,0.7191756,0.08940928,GotSelection
50.69221,24,2,3,0,0.9147013,0.9316154,0.2405863,287.5206,287.9419,31.45008,0.9282661,0.9514054,0.1660277,-0.3671697,0.7049004,0.08235268,SelectionStart
50.69225,24,2,3,0,0.9147013,0.9316154,0.2405863,287.5206,287.9419,31.45008,0.9282661,0.9514054,0.1660277,-0.3671697,0.7049004,0.08235268,SelectionEnd
50.69609,24,2,3,0,0.9147013,0.9316154,0.2405863,287.5206,287.9419,31.45008,0.9282661,0.9514054,0.1660277,-0.3671697,0.7049004,0.08235268,GotSelection
50.70648,24,2,3,0,0.9143461,0.931442,0.2415928,287.5767,288.2259,30.97239,0.9224323,0.9488614,0.1638826,-0.4358189,0.6869785,0.07087399,SelectionStart
50.7065,24,2,3,0,0.9143461,0.931442,0.2415928,287.5767,288.2259,30.97239,0.9224323,0.9488614,0.1638826,-0.4358189,0.6869785,0.07087399,SelectionEnd
50.70987,24,2,3,0,0.9143461,0.931442,0.2415928,287.5767,288.2259,30.97239,0.9224323,0.9488614,0.1638826,-0.4358189,0.6869785,0.07087399,GotSelection
50.7196,24,2,3,0,0.9139348,0.9314643,0.2424018,287.646,288.281,30.74894,0.9181446,0.9470317,0.1620477,-0.4876136,0.6764493,0.06103338,SelectionStart
50.71961,24,2,3,0,0.9139348,0.9314643,0.2424018,287.646,288.281,30.74894,0.9181446,0.9470317,0.1620477,-0.4876136,0.6764493,0.06103338,SelectionEnd
50.72294,24,2,3,0,0.9139348,0.9314643,0.2424018,287.646,288.281,30.74894,0.9181446,0.9470317,0.1620477,-0.4876136,0.6764493,0.06103338,GotSelection
50.73235,24,2,3,0,0.9134377,0.9316038,0.2434781,287.7646,288.3006,30.50696,0.9128438,0.9445766,0.1594938,-0.5547122,0.6647246,0.04570569,SelectionStart
50.73236,24,2,3,0,0.9134377,0.9316038,0.2434781,287.7646,288.3006,30.50696,0.9128438,0.9445766,0.1594938,-0.5547122,0.6647246,0.04570569,SelectionEnd
50.73565,24,2,3,0,0.9134377,0.9316038,0.2434781,287.7646,288.3006,30.50696,0.9128438,0.9445766,0.1594938,-0.5547122,0.6647246,0.04570569,GotSelection
50.74752,24,2,3,0,0.9124563,0.9319737,0.2446762,287.9634,288.3833,30.19239,0.9088643,0.9431094,0.1573688,-0.6052048,0.6635408,0.03215968,SelectionStart
50.74754,24,2,3,0,0.9124563,0.9319737,0.2446762,287.9634,288.3833,30.19239,0.9088643,0.9431094,0.1573688,-0.6052048,0.6635408,0.03215968,SelectionEnd
50.75076,24,2,3,0,0.9124563,0.9319737,0.2446762,287.9634,288.3833,30.19239,0.9088643,0.9431094,0.1573688,-0.6052048,0.6635408,0.03215968,GotSelection
50.76073,24,2,3,0,0.9119169,0.9320672,0.2453953,288.1115,288.632,29.77444,0.9034137,0.9406191,0.1546128,-0.6714836,0.6494064,0.01649208,SelectionStart
50.76076,24,2,3,0,0.9119169,0.9320672,0.2453953,288.1115,288.632,29.77444,0.9034137,0.9406191,0.1546128,-0.6714836,0.6494064,0.01649208,SelectionEnd
50.76398,24,2,3,0,0.9119169,0.9320672,0.2453953,288.1115,288.632,29.77444,0.9034137,0.9406191,0.1546128,-0.6714836,0.6494064,0.01649208,GotSelection
50.77529,24,2,3,0,0.9111995,0.9323041,0.2460936,288.2881,288.9754,29.30401,0.8994373,0.9387226,0.15266,-0.7187164,0.6408728,0.0005217314,SelectionStart
50.77532,24,2,3,0,0.9111995,0.9323041,0.2460936,288.2881,288.9754,29.30401,0.8994373,0.9387226,0.15266,-0.7187164,0.6408728,0.0005217314,SelectionEnd
50.77907,24,2,3,0,0.9111995,0.9323041,0.2460936,288.2881,288.9754,29.30401,0.8994373,0.9387226,0.15266,-0.7187164,0.6408728,0.0005217314,GotSelection
50.82108,24,2,3,0,0.9095051,0.9336611,0.2486718,289.1104,289.779,27.9329,0.8847854,0.9304885,0.146699,-0.8944702,0.5849581,-0.06814291,SelectionStart
50.8211,24,2,3,0,0.9095051,0.9336611,0.2486718,289.1104,289.779,27.9329,0.8847854,0.9304885,0.146699,-0.8944702,0.5849581,-0.06814291,SelectionEnd
50.82433,24,2,3,0,0.9095051,0.9336611,0.2486718,289.1104,289.779,27.9329,0.8847854,0.9304885,0.146699,-0.8944702,0.5849581,-0.06814291,GotSelection
50.83543,24,2,3,0,0.908276,0.9347908,0.2499319,289.4664,289.8328,27.64647,0.8806654,0.9281651,0.1452221,-0.9426184,0.5720598,-0.09620688,SelectionStart
50.83546,24,2,3,0,0.908276,0.9347908,0.2499319,289.4664,289.8328,27.64647,0.8806654,0.9281651,0.1452221,-0.9426184,0.5720598,-0.09620688,SelectionEnd
50.83871,24,2,3,0,0.908276,0.9347908,0.2499319,289.4664,289.8328,27.64647,0.8806654,0.9281651,0.1452221,-0.9426184,0.5720598,-0.09620688,GotSelection
50.84799,24,2,3,0,0.9079485,0.9357114,0.2500869,289.7125,289.8571,27.50989,0.8781907,0.9267337,0.1444445,-0.969759,0.5557034,-0.1133916,SelectionStart
50.84801,24,2,3,0,0.9079485,0.9357114,0.2500869,289.7125,289.8571,27.50989,0.8781907,0.9267337,0.1444445,-0.969759,0.5557034,-0.1133916,SelectionEnd
50.85136,24,2,3,0,0.9079485,0.9357114,0.2500869,289.7125,289.8571,27.50989,0.8781907,0.9267337,0.1444445,-0.969759,0.5557034,-0.1133916,GotSelection
50.86205,24,2,3,0,0.9073178,0.9363793,0.2512925,290.0214,289.8409,27.27705,0.8750091,0.9245411,0.1439264,-1.007548,0.5382501,-0.134606,SelectionStart
50.86206,24,2,3,0,0.9073178,0.9363793,0.2512925,290.0214,289.8409,27.27705,0.8750091,0.9245411,0.1439264,-1.007548,0.5382501,-0.134606,SelectionEnd
50.86527,24,2,3,0,0.9073178,0.9363793,0.2512925,290.0214,289.8409,27.27705,0.8750091,0.9245411,0.1439264,-1.007548,0.5382501,-0.134606,GotSelection
50.87513,24,2,3,0,0.9059683,0.9369386,0.2524036,290.2649,289.8145,27.12493,0.8729548,0.923131,0.1439591,-1.025337,0.5317399,-0.1522892,SelectionStart
50.87515,24,2,3,0,0.9059683,0.9369386,0.2524036,290.2649,289.8145,27.12493,0.8729548,0.923131,0.1439591,-1.025337,0.5317399,-0.1522892,SelectionEnd
50.87844,24,2,3,0,0.9059683,0.9369386,0.2524036,290.2649,289.8145,27.12493,0.8729548,0.923131,0.1439591,-1.025337,0.5317399,-0.1522892,GotSelection
50.88966,24,2,3,0,0.9053908,0.9373266,0.2532007,290.5475,289.7242,26.98407,0.8713213,0.92128,0.1449737,-1.03748,0.5115421,-0.1692429,SelectionStart
50.88968,24,2,3,0,0.9053908,0.9373266,0.2532007,290.5475,289.7242,26.98407,0.8713213,0.92128,0.1449737,-1.03748,0.5115421,-0.1692429,SelectionEnd
50.89306,24,2,3,0,0.9053908,0.9373266,0.2532007,290.5475,289.7242,26.98407,0.8713213,0.92128,0.1449737,-1.03748,0.5115421,-0.1692429,GotSelection
50.90251,24,2,3,0,0.9048042,0.9378887,0.2539781,290.6555,289.5969,26.91767,0.8715383,0.9206715,0.1462655,-1.031913,0.50569,-0.1815872,SelectionStart
50.90253,24,2,3,0,0.9048042,0.9378887,0.2539781,290.6555,289.5969,26.91767,0.8715383,0.9206715,0.1462655,-1.031913,0.50569,-0.1815872,SelectionEnd
50.90583,24,2,3,0,0.9048042,0.9378887,0.2539781,290.6555,289.5969,26.91767,0.8715383,0.9206715,0.1462655,-1.031913,0.50569,-0.1815872,GotSelection
50.91565,24,2,3,0,0.9042894,0.9386736,0.2545182,290.8214,289.5025,26.81672,0.8718296,0.9199395,0.1472643,-1.027393,0.498885,-0.1975311,SelectionStart
50.91567,24,2,3,0,0.9042894,0.9386736,0.2545182,290.8214,289.5025,26.81672,0.8718296,0.9199395,0.1472643,-1.027393,0.498885,-0.1975311,SelectionEnd
50.91917,24,2,3,0,0.9042894,0.9386736,0.2545182,290.8214,289.5025,26.81672,0.8718296,0.9199395,0.1472643,-1.027393,0.498885,-0.1975311,GotSelection
50.93228,24,2,3,0,0.9032895,0.9388877,0.2553272,290.989,289.5323,26.60703,0.8732128,0.9197574,0.1492469,-1.004582,0.5008847,-0.2082364,SelectionStart
50.9323,24,2,3,0,0.9032895,0.9388877,0.2553272,290.989,289.5323,26.60703,0.8732128,0.9197574,0.1492469,-1.004582,0.5008847,-0.2082364,SelectionEnd
50.93573,24,2,3,0,0.9032895,0.9388877,0.2553272,290.989,289.5323,26.60703,0.8732128,0.9197574,0.1492469,-1.004582,0.5008847,-0.2082364,GotSelection
50.94818,24,2,3,0,0.9027752,0.9391112,0.255825,291.1056,289.6809,26.31695,0.8767872,0.9212513,0.1513363,-0.9635687,0.5172097,-0.2093626,SelectionStart
50.9482,24,2,3,0,0.9027752,0.9391112,0.255825,291.1056,289.6809,26.31695,0.8767872,0.9212513,0.1513363,-0.9635687,0.5172097,-0.2093626,SelectionEnd
50.95181,24,2,3,0,0.9027752,0.9391112,0.255825,291.1056,289.6809,26.31695,0.8767872,0.9212513,0.1513363,-0.9635687,0.5172097,-0.2093626,GotSelection
50.96129,24,2,3,0,0.9024213,0.9399748,0.2557572,291.1959,289.7189,26.21247,0.8794302,0.9222912,0.1525975,-0.9333309,0.5263675,-0.2167574,SelectionStart
50.96131,24,2,3,0,0.9024213,0.9399748,0.2557572,291.1959,289.7189,26.21247,0.8794302,0.9222912,0.1525975,-0.9333309,0.5263675,-0.2167574,SelectionEnd
50.96465,24,2,3,0,0.9024213,0.9399748,0.2557572,291.1959,289.7189,26.21247,0.8794302,0.9222912,0.1525975,-0.9333309,0.5263675,-0.2167574,GotSelection
50.97474,24,2,3,0,0.901866,0.9403953,0.2564984,291.3351,289.7427,26.03617,0.884158,0.9248379,0.1539205,-0.8901809,0.5607937,-0.2145861,SelectionStart
50.97476,24,2,3,0,0.901866,0.9403953,0.2564984,291.3351,289.7427,26.03617,0.884158,0.9248379,0.1539205,-0.8901809,0.5607937,-0.2145861,SelectionEnd
50.97803,24,2,3,0,0.901866,0.9403953,0.2564984,291.3351,289.7427,26.03617,0.884158,0.9248379,0.1539205,-0.8901809,0.5607937,-0.2145861,GotSelection
51.02053,24,2,3,0,0.8993745,0.94244,0.2576231,291.8371,289.3996,26.09833,0.8995862,0.9332002,0.1554264,-0.7556729,0.6911846,-0.2170722,SelectionStart
51.02055,24,2,3,0,0.8993745,0.94244,0.2576231,291.8371,289.3996,26.09833,0.8995862,0.9332002,0.1554264,-0.7556729,0.6911846,-0.2170722,SelectionEnd
51.02381,24,2,3,0,0.8993745,0.94244,0.2576231,291.8371,289.3996,26.09833,0.8995862,0.9332002,0.1554264,-0.7556729,0.6911846,-0.2170722,GotSelection
51.03473,24,2,3,0,0.8988128,0.943197,0.2578874,292.0244,289.2624,26.22189,0.9054878,0.9365097,0.1560488,-0.7042782,0.738974,-0.2158803,SelectionStart
51.03474,24,2,3,0,0.8988128,0.943197,0.2578874,292.0244,289.2624,26.22189,0.9054878,0.9365097,0.1560488,-0.7042782,0.738974,-0.2158803,SelectionEnd
51.03801,24,2,3,0,0.8988128,0.943197,0.2578874,292.0244,289.2624,26.22189,0.9054878,0.9365097,0.1560488,-0.7042782,0.738974,-0.2158803,GotSelection
51.0482,24,2,3,0,0.8982515,0.9434618,0.2580676,292.1509,289.2679,26.21346,0.9103569,0.9393373,0.1560849,-0.6634216,0.7837413,-0.2123776,SelectionStart
51.04823,24,2,3,0,0.8982515,0.9434618,0.2580676,292.1509,289.2679,26.21346,0.9103569,0.9393373,0.1560849,-0.6634216,0.7837413,-0.2123776,SelectionEnd
51.05161,24,2,3,0,0.8982515,0.9434618,0.2580676,292.1509,289.2679,26.21346,0.9103569,0.9393373,0.1560849,-0.6634216,0.7837413,-0.2123776,GotSelection
51.06189,24,2,3,0,0.8978388,0.9443617,0.2580981,292.3716,289.259,26.21419,0.9167357,0.942718,0.1562437,-0.6114896,0.8348311,-0.2152258,SelectionStart
51.06191,24,2,3,0,0.8978388,0.9443617,0.2580981,292.3716,289.259,26.21419,0.9167357,0.942718,0.1562437,-0.6114896,0.8348311,-0.2152258,SelectionEnd
51.06521,24,2,3,0,0.8978388,0.9443617,0.2580981,292.3716,289.259,26.21419,0.9167357,0.942718,0.1562437,-0.6114896,0.8348311,-0.2152258,GotSelection
51.0757,24,2,3,0,0.8974133,0.9449236,0.2584542,292.551,289.196,26.23707,0.9212018,0.9453787,0.1560345,-0.5789052,0.877019,-0.2153645,SelectionStart
51.07572,24,2,3,0,0.8974133,0.9449236,0.2584542,292.551,289.196,26.23707,0.9212018,0.9453787,0.1560345,-0.5789052,0.877019,-0.2153645,SelectionEnd
51.07901,24,2,3,0,0.8974133,0.9449236,0.2584542,292.551,289.196,26.23707,0.9212018,0.9453787,0.1560345,-0.5789052,0.877019,-0.2153645,GotSelection
51.09026,24,2,3,0,0.8968352,0.9456282,0.2588742,292.7432,289.0893,26.28053,0.9270003,0.9484321,0.1558529,-0.5363069,0.9298314,-0.2189338,SelectionStart
51.09028,24,2,3,0,0.8968352,0.9456282,0.2588742,292.7432,289.0893,26.28053,0.9270003,0.9484321,0.1558529,-0.5363069,0.9298314,-0.2189338,SelectionEnd
51.09358,24,2,3,0,0.8968352,0.9456282,0.2588742,292.7432,289.0893,26.28053,0.9270003,0.9484321,0.1558529,-0.5363069,0.9298314,-0.2189338,GotSelection
51.10927,24,2,3,0,0.8958576,0.9461927,0.2593194,292.8713,289.0354,26.31239,0.9317902,0.9508894,0.1555905,-0.4987945,0.9783896,-0.2246808,SelectionStart
51.10931,24,2,3,0,0.8958576,0.9461927,0.2593194,292.8713,289.0354,26.31239,0.9317902,0.9508894,0.1555905,-0.4987945,0.9783896,-0.2246808,SelectionEnd
51.11493,24,2,3,0,0.8958576,0.9461927,0.2593194,292.8713,289.0354,26.31239,0.9317902,0.9508894,0.1555905,-0.4987945,0.9783896,-0.2246808,GotSelection
51.12901,24,2,3,0,0.8953609,0.946193,0.2596571,292.923,289.1113,26.21657,0.9376152,0.9540363,0.1552113,-0.4551874,1.035203,-0.2208287,SelectionStart
51.12903,24,2,3,0,0.8953609,0.946193,0.2596571,292.923,289.1113,26.21657,0.9376152,0.9540363,0.1552113,-0.4551874,1.035203,-0.2208287,SelectionEnd
51.13249,24,2,3,0,0.8953609,0.946193,0.2596571,292.923,289.1113,26.21657,0.9376152,0.9540363,0.1552113,-0.4551874,1.035203,-0.2208287,GotSelection
51.14355,24,2,3,0,0.8951682,0.9464442,0.2598576,292.9395,289.1194,26.12621,0.9402817,0.9552397,0.1552491,-0.4364678,1.057601,-0.2230938,SelectionStart
51.14357,24,2,3,0,0.8951682,0.9464442,0.2598576,292.9395,289.1194,26.12621,0.9402817,0.9552397,0.1552491,-0.4364678,1.057601,-0.2230938,SelectionEnd
51.14716,24,2,3,0,0.8951682,0.9464442,0.2598576,292.9395,289.1194,26.12621,0.9402817,0.9552397,0.1552491,-0.4364678,1.057601,-0.2230938,GotSelection
51.15807,24,2,3,0,0.894803,0.9467735,0.2601444,292.9844,288.948,26.21461,0.9407493,0.9553406,0.1555422,-0.4326718,1.061588,-0.2279589,SelectionStart
51.1581,24,2,3,0,0.894803,0.9467735,0.2601444,292.9844,288.948,26.21461,0.9407493,0.9553406,0.1555422,-0.4326718,1.061588,-0.2279589,SelectionEnd
51.16196,24,2,3,0,0.894803,0.9467735,0.2601444,292.9844,288.948,26.21461,0.9407493,0.9553406,0.1555422,-0.4326718,1.061588,-0.2279589,GotSelection
51.17264,24,2,3,0,0.8944467,0.9471881,0.2604303,293.0432,288.7042,26.36069,0.9403438,0.9552638,0.1559913,-0.4345799,1.057733,-0.2315283,SelectionStart
51.17266,24,2,3,0,0.8944467,0.9471881,0.2604303,293.0432,288.7042,26.36069,0.9403438,0.9552638,0.1559913,-0.4345799,1.057733,-0.2315283,SelectionEnd
51.17597,24,2,3,0,0.8944467,0.9471881,0.2604303,293.0432,288.7042,26.36069,0.9403438,0.9552638,0.1559913,-0.4345799,1.057733,-0.2315283,GotSelection
51.21584,24,2,3,0,0.8937669,0.9480501,0.260598,293.2163,288.3866,26.64214,0.9312992,0.9517289,0.1575102,-0.4910023,0.9775569,-0.2395138,SelectionStart
51.21587,24,2,3,0,0.8937669,0.9480501,0.260598,293.2163,288.3866,26.64214,0.9312992,0.9517289,0.1575102,-0.4910023,0.9775569,-0.2395138,SelectionEnd
51.21922,24,2,3,0,0.8937669,0.9480501,0.260598,293.2163,288.3866,26.64214,0.9312992,0.9517289,0.1575102,-0.4910023,0.9775569,-0.2395138,GotSelection
51.22906,24,2,3,0,0.8937621,0.9484959,0.2604496,293.2164,288.3575,26.67788,0.9244664,0.9488072,0.158006,-0.5391346,0.9166132,-0.2440339,SelectionStart
51.22907,24,2,3,0,0.8937621,0.9484959,0.2604496,293.2164,288.3575,26.67788,0.9244664,0.9488072,0.158006,-0.5391346,0.9166132,-0.2440339,SelectionEnd
51.23244,24,2,3,0,0.8937621,0.9484959,0.2604496,293.2164,288.3575,26.67788,0.9244664,0.9488072,0.158006,-0.5391346,0.9166132,-0.2440339,GotSelection
51.2433,24,2,3,0,0.8938332,0.9482878,0.2603153,293.2469,288.5096,26.57646,0.9186639,0.9461851,0.1580823,-0.5815274,0.8683951,-0.2452065,SelectionStart
51.24332,24,2,3,0,0.8938332,0.9482878,0.2603153,293.2469,288.5096,26.57646,0.9186639,0.9461851,0.1580823,-0.5815274,0.8683951,-0.2452065,SelectionEnd
51.24668,24,2,3,0,0.8938332,0.9482878,0.2603153,293.2469,288.5096,26.57646,0.9186639,0.9461851,0.1580823,-0.5815274,0.8683951,-0.2452065,GotSelection
51.25614,24,2,3,0,0.8938658,0.9484107,0.2601252,293.2993,288.5873,26.54667,0.911274,0.9432148,0.1577231,-0.6387486,0.8103913,-0.2469781,SelectionStart
51.25616,24,2,3,0,0.8938658,0.9484107,0.2601252,293.2993,288.5873,26.54667,0.911274,0.9432148,0.1577231,-0.6387486,0.8103913,-0.2469781,SelectionEnd
51.25948,24,2,3,0,0.8938658,0.9484107,0.2601252,293.2993,288.5873,26.54667,0.911274,0.9432148,0.1577231,-0.6387486,0.8103913,-0.2469781,GotSelection
51.2692,24,2,3,0,0.8938636,0.9484893,0.260098,293.3561,288.5829,26.56126,0.9053237,0.9403625,0.1575649,-0.6858833,0.7620221,-0.2522024,SelectionStart
51.26922,24,2,3,0,0.8938636,0.9484893,0.260098,293.3561,288.5829,26.56126,0.9053237,0.9403625,0.1575649,-0.6858833,0.7620221,-0.2522024,SelectionEnd
51.27289,24,2,3,0,0.8938636,0.9484893,0.260098,293.3561,288.5829,26.56126,0.9053237,0.9403625,0.1575649,-0.6858833,0.7620221,-0.2522024,GotSelection
51.2824,24,2,3,0,0.8941202,0.9486572,0.2599326,293.3777,288.567,26.5775,0.8995989,0.9373556,0.1572209,-0.7341183,0.712931,-0.2592447,SelectionStart
51.28242,24,2,3,0,0.8941202,0.9486572,0.2599326,293.3777,288.567,26.5775,0.8995989,0.9373556,0.1572209,-0.7341183,0.712931,-0.2592447,SelectionEnd
51.28589,24,2,3,0,0.8941202,0.9486572,0.2599326,293.3777,288.567,26.5775,0.8995989,0.9373556,0.1572209,-0.7341183,0.712931,-0.2592447,GotSelection
51.29763,24,2,3,0,0.8940602,0.948954,0.2601205,293.4643,288.4702,26.65225,0.8920678,0.9333879,0.1567333,-0.7986678,0.6532807,-0.2710466,SelectionStart
51.29766,24,2,3,0,0.8940602,0.948954,0.2601205,293.4643,288.4702,26.65225,0.8920678,0.9333879,0.1567333,-0.7986678,0.6532807,-0.2710466,SelectionEnd
51.30123,24,2,3,0,0.8940602,0.948954,0.2601205,293.4643,288.4702,26.65225,0.8920678,0.9333879,0.1567333,-0.7986678,0.6532807,-0.2710466,GotSelection
51.31065,24,2,3,0,0.8940774,0.9489623,0.2601799,293.5098,288.5275,26.60598,0.884536,0.9294494,0.1561658,-0.8622454,0.5942387,-0.280233,SelectionStart
51.31066,24,2,3,0,0.8940774,0.9489623,0.2601799,293.5098,288.5275,26.60598,0.884536,0.9294494,0.1561658,-0.8622454,0.5942387,-0.280233,SelectionEnd
51.31394,24,2,3,0,0.8940774,0.9489623,0.2601799,293.5098,288.5275,26.60598,0.884536,0.9294494,0.1561658,-0.8622454,0.5942387,-0.280233,GotSelection
51.32455,24,2,3,0,0.8941788,0.9487766,0.2600596,293.5183,288.7178,26.46614,0.8797421,0.9266711,0.155442,-0.9043639,0.5576458,-0.2877944,SelectionStart
51.32457,24,2,3,0,0.8941788,0.9487766,0.2600596,293.5183,288.7178,26.46614,0.8797421,0.9266711,0.155442,-0.9043639,0.5576458,-0.2877944,SelectionEnd
51.32797,24,2,3,0,0.8941788,0.9487766,0.2600596,293.5183,288.7178,26.46614,0.8797421,0.9266711,0.155442,-0.9043639,0.5576458,-0.2877944,GotSelection
51.33906,24,2,3,0,0.8942209,0.9484302,0.2598787,293.4812,288.845,26.38571,0.8741976,0.9235712,0.1544447,-0.9531154,0.5178206,-0.2940136,SelectionStart
51.33908,24,2,3,0,0.8942209,0.9484302,0.2598787,293.4812,288.845,26.38571,0.8741976,0.9235712,0.1544447,-0.9531154,0.5178206,-0.2940136,SelectionEnd
51.34237,24,2,3,0,0.8942209,0.9484302,0.2598787,293.4812,288.845,26.38571,0.8741976,0.9235712,0.1544447,-0.9531154,0.5178206,-0.2940136,GotSelection
51.35247,24,2,3,0,0.894225,0.948204,0.2600615,293.4847,289.0066,26.20971,0.8713973,0.9214818,0.1535147,-0.9838728,0.5000397,-0.3033599,SelectionStart
51.35249,24,2,3,0,0.894225,0.948204,0.2600615,293.4847,289.0066,26.20971,0.8713973,0.9214818,0.1535147,-0.9838728,0.5000397,-0.3033599,SelectionEnd
51.35596,24,2,3,0,0.894225,0.948204,0.2600615,293.4847,289.0066,26.20971,0.8713973,0.9214818,0.1535147,-0.9838728,0.5000397,-0.3033599,GotSelection
51.36603,24,2,3,0,0.8937741,0.9482731,0.2604276,293.5153,289.0872,26.05953,0.8677615,0.9188814,0.1525038,-1.021219,0.4777364,-0.3185408,SelectionStart
51.36605,24,2,3,0,0.8937741,0.9482731,0.2604276,293.5153,289.0872,26.05953,0.8677615,0.9188814,0.1525038,-1.021219,0.4777364,-0.3185408,SelectionEnd
51.36935,24,2,3,0,0.8937741,0.9482731,0.2604276,293.5153,289.0872,26.05953,0.8677615,0.9188814,0.1525038,-1.021219,0.4777364,-0.3185408,GotSelection
51.40889,24,2,3,0,0.8924543,0.9479111,0.2626918,293.8181,289.3593,25.48227,0.8646299,0.9166842,0.1518298,-1.061383,0.4718796,-0.3346938,SelectionStart
51.40891,24,2,3,0,0.8924543,0.9479111,0.2626918,293.8181,289.3593,25.48227,0.8646299,0.9166842,0.1518298,-1.061383,0.4718796,-0.3346938,SelectionEnd
51.4126,24,2,3,0,0.8924543,0.9479111,0.2626918,293.8181,289.3593,25.48227,0.8646299,0.9166842,0.1518298,-1.061383,0.4718796,-0.3346938,GotSelection
51.42391,24,2,3,0,0.8920265,0.9480206,0.2629921,293.8948,289.399,25.40043,0.8665766,0.9177338,0.15231,-1.042646,0.4882732,-0.335218,SelectionStart
51.42393,24,2,3,0,0.8920265,0.9480206,0.2629921,293.8948,289.399,25.40043,0.8665766,0.9177338,0.15231,-1.042646,0.4882732,-0.335218,SelectionEnd
51.42725,24,2,3,0,0.8920265,0.9480206,0.2629921,293.8948,289.399,25.40043,0.8665766,0.9177338,0.15231,-1.042646,0.4882732,-0.335218,GotSelection
51.4365,24,2,3,0,0.8915258,0.9482221,0.2631714,293.9974,289.4735,25.29798,0.8693975,0.9194694,0.1522681,-1.01926,0.5158749,-0.3348155,SelectionStart
51.43652,24,2,3,0,0.8915258,0.9482221,0.2631714,293.9974,289.4735,25.29798,0.8693975,0.9194694,0.1522681,-1.01926,0.5158749,-0.3348155,SelectionEnd
51.43983,24,2,3,0,0.8915258,0.9482221,0.2631714,293.9974,289.4735,25.29798,0.8693975,0.9194694,0.1522681,-1.01926,0.5158749,-0.3348155,GotSelection
51.44968,24,2,3,0,0.8918351,0.9482273,0.2630789,294.0536,289.5288,25.229,0.8724268,0.9213051,0.1525198,-0.9950954,0.5373487,-0.3284234,SelectionStart
51.44969,24,2,3,0,0.8918351,0.9482273,0.2630789,294.0536,289.5288,25.229,0.8724268,0.9213051,0.1525198,-0.9950954,0.5373487,-0.3284234,SelectionEnd
51.45303,24,2,3,0,0.8918351,0.9482273,0.2630789,294.0536,289.5288,25.229,0.8724268,0.9213051,0.1525198,-0.9950954,0.5373487,-0.3284234,GotSelection
51.46478,24,2,3,0,0.8913319,0.9485379,0.2632774,294.1798,289.6215,25.14203,0.877376,0.9244618,0.1528806,-0.9517639,0.5815361,-0.324053,SelectionStart
51.4648,24,2,3,0,0.8913319,0.9485379,0.2632774,294.1798,289.6215,25.14203,0.877376,0.9244618,0.1528806,-0.9517639,0.5815361,-0.324053,SelectionEnd
51.46811,24,2,3,0,0.8913319,0.9485379,0.2632774,294.1798,289.6215,25.14203,0.877376,0.9244618,0.1528806,-0.9517639,0.5815361,-0.324053,GotSelection
51.47984,24,2,3,0,0.8909843,0.9487131,0.2635218,294.2943,289.6744,25.06026,0.8827769,0.9276403,0.1531485,-0.907549,0.6288273,-0.3194768,SelectionStart
51.47986,24,2,3,0,0.8909843,0.9487131,0.2635218,294.2943,289.6744,25.06026,0.8827769,0.9276403,0.1531485,-0.907549,0.6288273,-0.3194768,SelectionEnd
51.48324,24,2,3,0,0.8909843,0.9487131,0.2635218,294.2943,289.6744,25.06026,0.8827769,0.9276403,0.1531485,-0.907549,0.6288273,-0.3194768,GotSelection
51.49281,24,2,3,0,0.8905907,0.949128,0.2636575,294.4137,289.6921,25.03491,0.8875577,0.9302762,0.1529501,-0.8711281,0.6723281,-0.3203864,SelectionStart
51.49284,24,2,3,0,0.8905907,0.949128,0.2636575,294.4137,289.6921,25.03491,0.8875577,0.9302762,0.1529501,-0.8711281,0.6723281,-0.3203864,SelectionEnd
51.49611,24,2,3,0,0.8905907,0.949128,0.2636575,294.4137,289.6921,25.03491,0.8875577,0.9302762,0.1529501,-0.8711281,0.6723281,-0.3203864,GotSelection
51.50594,24,2,3,0,0.8899035,0.9498193,0.2637729,294.643,289.8692,24.89053,0.8929371,0.9336091,0.1532057,-0.8239907,0.7196056,-0.3223009,SelectionStart
51.50595,24,2,3,0,0.8899035,0.9498193,0.2637729,294.643,289.8692,24.89053,0.8929371,0.9336091,0.1532057,-0.8239907,0.7196056,-0.3223009,SelectionEnd
51.50922,24,2,3,0,0.8899035,0.9498193,0.2637729,294.643,289.8692,24.89053,0.8929371,0.9336091,0.1532057,-0.8239907,0.7196056,-0.3223009,GotSelection
51.51951,24,2,3,0,0.8895713,0.9501423,0.2638479,294.8117,290.0011,24.76619,0.8977649,0.936324,0.1527658,-0.7885146,0.7646209,-0.3235781,SelectionStart
51.51953,24,2,3,0,0.8895713,0.9501423,0.2638479,294.8117,290.0011,24.76619,0.8977649,0.936324,0.1527658,-0.7885146,0.7646209,-0.3235781,SelectionEnd
51.5229,24,2,3,0,0.8895713,0.9501423,0.2638479,294.8117,290.0011,24.76619,0.8977649,0.936324,0.1527658,-0.7885146,0.7646209,-0.3235781,GotSelection
51.53305,24,2,3,0,0.8894784,0.9506361,0.2638489,295.0005,290.1286,24.64073,0.9017475,0.9391639,0.1518361,-0.7637114,0.8051826,-0.3219365,SelectionStart
51.53307,24,2,3,0,0.8894784,0.9506361,0.2638489,295.0005,290.1286,24.64073,0.9017475,0.9391639,0.1518361,-0.7637114,0.8051826,-0.3219365,SelectionEnd
51.53648,24,2,3,0,0.8894784,0.9506361,0.2638489,295.0005,290.1286,24.64073,0.9017475,0.9391639,0.1518361,-0.7637114,0.8051826,-0.3219365,GotSelection
51.54816,24,2,3,0,0.8887763,0.9514595,0.2639753,295.2726,290.3242,24.48204,0.9078169,0.941976,0.1507914,-0.7226018,0.8631464,-0.3364798,SelectionStart
51.54819,24,2,3,0,0.8887763,0.9514595,0.2639753,295.2726,290.3242,24.48204,0.9078169,0.941976,0.1507914,-0.7226018,0.8631464,-0.3364798,SelectionEnd
51.55157,24,2,3,0,0.8887763,0.9514595,0.2639753,295.2726,290.3242,24.48204,0.9078169,0.941976,0.1507914,-0.7226018,0.8631464,-0.3364798,GotSelection
51.59214,24,2,3,0,0.8870924,0.9524539,0.2647027,295.9267,290.9936,23.91689,0.9242792,0.9485974,0.1482907,-0.6120317,1.019681,-0.3762731,SelectionStart
51.59217,24,2,3,0,0.8870924,0.9524539,0.2647027,295.9267,290.9936,23.91689,0.9242792,0.9485974,0.1482907,-0.6120317,1.019681,-0.3762731,SelectionEnd
51.59575,24,2,3,0,0.8870924,0.9524539,0.2647027,295.9267,290.9936,23.91689,0.9242792,0.9485974,0.1482907,-0.6120317,1.019681,-0.3762731,GotSelection
51.60574,24,2,3,0,0.8871815,0.9531837,0.2643355,296.072,291.0603,23.90737,0.9263617,0.9494342,0.1482563,-0.595111,1.030041,-0.3853277,SelectionStart
51.60576,24,2,3,0,0.8871815,0.9531837,0.2643355,296.072,291.0603,23.90737,0.9263617,0.9494342,0.1482563,-0.595111,1.030041,-0.3853277,SelectionEnd
51.60916,24,2,3,0,0.8871815,0.9531837,0.2643355,296.072,291.0603,23.90737,0.9263617,0.9494342,0.1482563,-0.595111,1.030041,-0.3853277,GotSelection
51.61967,24,2,3,0,0.8868082,0.9537923,0.2644466,296.2727,291.1057,23.89231,0.9283268,0.9503034,0.1486945,-0.5762519,1.042613,-0.3950525,SelectionStart
51.6197,24,2,3,0,0.8868082,0.9537923,0.2644466,296.2727,291.1057,23.89231,0.9283268,0.9503034,0.1486945,-0.5762519,1.042613,-0.3950525,SelectionEnd
51.62321,24,2,3,0,0.8868082,0.9537923,0.2644466,296.2727,291.1057,23.89231,0.9283268,0.9503034,0.1486945,-0.5762519,1.042613,-0.3950525,GotSelection
51.63359,24,2,3,0,0.8865105,0.9540812,0.2646677,296.3838,291.0656,23.937,0.9285965,0.9503763,0.1487227,-0.5744696,1.046056,-0.4008405,SelectionStart
51.63361,24,2,3,0,0.8865105,0.9540812,0.2646677,296.3838,291.0656,23.937,0.9285965,0.9503763,0.1487227,-0.5744696,1.046056,-0.4008405,SelectionEnd
51.63682,24,2,3,0,0.8865105,0.9540812,0.2646677,296.3838,291.0656,23.937,0.9285965,0.9503763,0.1487227,-0.5744696,1.046056,-0.4008405,GotSelection
51.6476,24,2,3,0,0.8862523,0.9544613,0.2648273,296.4727,291.0247,23.98209,0.9282888,0.9505015,0.1489291,-0.5751459,1.043931,-0.4037018,SelectionStart
51.64762,24,2,3,0,0.8862523,0.9544613,0.2648273,296.4727,291.0247,23.98209,0.9282888,0.9505015,0.1489291,-0.5751459,1.043931,-0.4037018,SelectionEnd
51.65112,24,2,3,0,0.8862523,0.9544613,0.2648273,296.4727,291.0247,23.98209,0.9282888,0.9505015,0.1489291,-0.5751459,1.043931,-0.4037018,GotSelection
51.66015,24,2,3,0,0.8861152,0.9544731,0.2649541,296.5214,291.0616,23.92852,0.9268096,0.9497507,0.1492598,-0.5845956,1.030336,-0.4055081,SelectionStart
51.66017,24,2,3,0,0.8861152,0.9544731,0.2649541,296.5214,291.0616,23.92852,0.9268096,0.9497507,0.1492598,-0.5845956,1.030336,-0.4055081,SelectionEnd
51.66353,24,2,3,0,0.8861152,0.9544731,0.2649541,296.5214,291.0616,23.92852,0.9268096,0.9497507,0.1492598,-0.5845956,1.030336,-0.4055081,GotSelection
51.67324,24,2,3,0,0.8857719,0.9544693,0.2652083,296.5865,291.1086,23.85694,0.9242808,0.9486023,0.1498228,-0.5998803,1.008893,-0.4072839,SelectionStart
51.67326,24,2,3,0,0.8857719,0.9544693,0.2652083,296.5865,291.1086,23.85694,0.9242808,0.9486023,0.1498228,-0.5998803,1.008893,-0.4072839,SelectionEnd
51.67651,24,2,3,0,0.8857719,0.9544693,0.2652083,296.5865,291.1086,23.85694,0.9242808,0.9486023,0.1498228,-0.5998803,1.008893,-0.4072839,GotSelection
51.68646,24,2,3,0,0.885396,0.9547138,0.2655953,296.6529,291.1157,23.79215,0.9208138,0.9466133,0.1502135,-0.626177,0.9789866,-0.4152868,SelectionStart
51.68649,24,2,3,0,0.885396,0.9547138,0.2655953,296.6529,291.1157,23.79215,0.9208138,0.9466133,0.1502135,-0.626177,0.9789866,-0.4152868,SelectionEnd
51.6898,24,2,3,0,0.885396,0.9547138,0.2655953,296.6529,291.1157,23.79215,0.9208138,0.9466133,0.1502135,-0.626177,0.9789866,-0.4152868,GotSelection
51.69939,24,2,3,0,0.8852054,0.95478,0.2658346,296.7042,291.1385,23.73539,0.9163098,0.9441833,0.1502299,-0.6624175,0.9420896,-0.4207096,SelectionStart
51.69941,24,2,3,0,0.8852054,0.95478,0.2658346,296.7042,291.1385,23.73539,0.9163098,0.9441833,0.1502299,-0.6624175,0.9420896,-0.4207096,SelectionEnd
51.70324,24,2,3,0,0.8852054,0.95478,0.2658346,296.7042,291.1385,23.73539,0.9163098,0.9441833,0.1502299,-0.6624175,0.9420896,-0.4207096,GotSelection
51.71519,24,2,3,0,0.8849198,0.9549769,0.266079,296.7874,291.1055,23.72165,0.910515,0.9409776,0.1500737,-0.7100878,0.8947772,-0.4293384,SelectionStart
51.71522,24,2,3,0,0.8849198,0.9549769,0.266079,296.7874,291.1055,23.72165,0.910515,0.9409776,0.1500737,-0.7100878,0.8947772,-0.4293384,SelectionEnd
51.71854,24,2,3,0,0.8849198,0.9549769,0.266079,296.7874,291.1055,23.72165,0.910515,0.9409776,0.1500737,-0.7100878,0.8947772,-0.4293384,GotSelection
51.72871,24,2,3,0,0.8851495,0.9550015,0.2660094,296.8426,291.1685,23.64548,0.9045696,0.9375038,0.1497426,-0.7606313,0.8421946,-0.4361053,SelectionStart
51.72874,24,2,3,0,0.8851495,0.9550015,0.2660094,296.8426,291.1685,23.64548,0.9045696,0.9375038,0.1497426,-0.7606313,0.8421946,-0.4361053,SelectionEnd
51.73209,24,2,3,0,0.8851495,0.9550015,0.2660094,296.8426,291.1685,23.64548,0.9045696,0.9375038,0.1497426,-0.7606313,0.8421946,-0.4361053,GotSelection
51.7422,24,2,3,0,0.8850871,0.955047,0.2661076,296.8874,291.2234,23.57458,0.8996266,0.9340476,0.149348,-0.8041021,0.7993372,-0.4486134,SelectionStart
51.74223,24,2,3,0,0.8850871,0.955047,0.2661076,296.8874,291.2234,23.57458,0.8996266,0.9340476,0.149348,-0.8041021,0.7993372,-0.4486134,SelectionEnd
51.74576,24,2,3,0,0.8850871,0.955047,0.2661076,296.8874,291.2234,23.57458,0.8996266,0.9340476,0.149348,-0.8041021,0.7993372,-0.4486134,GotSelection
51.8034,24,2,3,0,0.8848923,0.9554771,0.2658789,297.1266,291.5659,23.36587,0.8786697,0.9192014,0.1475003,-0.9835263,0.6142337,-0.5048561,SelectionStart
51.80347,24,2,3,0,0.8848923,0.9554771,0.2658789,297.1266,291.5659,23.36587,0.8786697,0.9192014,0.1475003,-0.9835263,0.6142337,-0.5048561,SelectionEnd
51.8068,24,2,3,0,0.8848923,0.9554771,0.2658789,297.1266,291.5659,23.36587,0.8786697,0.9192014,0.1475003,-0.9835263,0.6142337,-0.5048561,GotSelection
51.85532,24,2,3,0,0.8847386,0.9560376,0.2655872,297.55,291.9304,23.13766,0.8664002,0.9105574,0.1466094,-1.086502,0.5006551,-0.5407757,SelectionStart
51.85538,24,2,3,0,0.8847386,0.9560376,0.2655872,297.55,291.9304,23.13766,0.8664002,0.9105574,0.1466094,-1.086502,0.5006551,-0.5407757,SelectionEnd
51.85925,24,2,3,0,0.8847386,0.9560376,0.2655872,297.55,291.9304,23.13766,0.8664002,0.9105574,0.1466094,-1.086502,0.5006551,-0.5407757,GotSelection
51.90578,24,2,3,0,0.8846624,0.9568464,0.2645519,297.7304,292.2233,23.12061,0.8652768,0.9092261,0.1482358,-1.07546,0.4691332,-0.5536658,SelectionStart
51.90581,24,2,3,0,0.8846624,0.9568464,0.2645519,297.7304,292.2233,23.12061,0.8652768,0.9092261,0.1482358,-1.07546,0.4691332,-0.5536658,SelectionEnd
51.90904,24,2,3,0,0.8846624,0.9568464,0.2645519,297.7304,292.2233,23.12061,0.8652768,0.9092261,0.1482358,-1.07546,0.4691332,-0.5536658,GotSelection
51.91973,24,2,3,0,0.8845403,0.9570566,0.2644556,297.7736,292.2261,23.15018,0.8670157,0.9100826,0.1491333,-1.054129,0.4768363,-0.5542687,SelectionStart
51.91977,24,2,3,0,0.8845403,0.9570566,0.2644556,297.7736,292.2261,23.15018,0.8670157,0.9100826,0.1491333,-1.054129,0.4768363,-0.5542687,SelectionEnd
51.9231,24,2,3,0,0.8845403,0.9570566,0.2644556,297.7736,292.2261,23.15018,0.8670157,0.9100826,0.1491333,-1.054129,0.4768363,-0.5542687,GotSelection
51.93327,24,2,3,0,0.8840357,0.956946,0.2646242,297.8501,292.2711,23.163,0.8699351,0.9116395,0.1503759,-1.019379,0.4980554,-0.5528437,SelectionStart
51.9333,24,2,3,0,0.8840357,0.956946,0.2646242,297.8501,292.2711,23.163,0.8699351,0.9116395,0.1503759,-1.019379,0.4980554,-0.5528437,SelectionEnd
51.93678,24,2,3,0,0.8840357,0.956946,0.2646242,297.8501,292.2711,23.163,0.8699351,0.9116395,0.1503759,-1.019379,0.4980554,-0.5528437,GotSelection
51.94945,24,2,3,0,0.8837181,0.957253,0.2644599,297.9634,292.4037,23.10895,0.8731892,0.913354,0.1516923,-0.9807662,0.5158864,-0.5545986,SelectionStart
51.94947,24,2,3,0,0.8837181,0.957253,0.2644599,297.9634,292.4037,23.10895,0.8731892,0.913354,0.1516923,-0.9807662,0.5158864,-0.5545986,SelectionEnd
51.95277,24,2,3,0,0.8837181,0.957253,0.2644599,297.9634,292.4037,23.10895,0.8731892,0.913354,0.1516923,-0.9807662,0.5158864,-0.5545986,GotSelection
51.96535,24,2,3,0,0.8833771,0.957592,0.2643558,298.1002,292.5316,23.05827,0.8774544,0.9156416,0.1529951,-0.9346583,0.5426409,-0.5562906,SelectionStart
51.96536,24,2,3,0,0.8833771,0.957592,0.2643558,298.1002,292.5316,23.05827,0.8774544,0.9156416,0.1529951,-0.9346583,0.5426409,-0.5562906,SelectionEnd
51.96867,24,2,3,0,0.8833771,0.957592,0.2643558,298.1002,292.5316,23.05827,0.8774544,0.9156416,0.1529951,-0.9346583,0.5426409,-0.5562906,GotSelection
51.98095,24,2,3,0,0.8831357,0.9579386,0.264221,298.2885,292.737,22.97406,0.8820035,0.9181142,0.1541557,-0.8872288,0.5718993,-0.5583876,SelectionStart
51.98096,24,2,3,0,0.8831357,0.9579386,0.264221,298.2885,292.737,22.97406,0.8820035,0.9181142,0.1541557,-0.8872288,0.5718993,-0.5583876,SelectionEnd
51.98425,24,2,3,0,0.8831357,0.9579386,0.264221,298.2885,292.737,22.97406,0.8820035,0.9181142,0.1541557,-0.8872288,0.5718993,-0.5583876,GotSelection
51.99486,24,2,3,0,0.8832521,0.9581267,0.2639427,298.4528,292.927,22.90608,0.8852978,0.9199665,0.1549124,-0.8535029,0.5912137,-0.5578831,SelectionStart
51.9949,24,2,3,0,0.8832521,0.9581267,0.2639427,298.4528,292.927,22.90608,0.8852978,0.9199665,0.1549124,-0.8535029,0.5912137,-0.5578831,SelectionEnd
51.99852,24,2,3,0,0.8832521,0.9581267,0.2639427,298.4528,292.927,22.90608,0.8852978,0.9199665,0.1549124,-0.8535029,0.5912137,-0.5578831,GotSelection
52.01063,24,2,3,0,0.883144,0.9584599,0.2636462,298.7255,293.3434,22.75865,0.8904018,0.9233691,0.1557531,-0.8004138,0.6286138,-0.5562263,SelectionStart
52.01066,24,2,3,0,0.883144,0.9584599,0.2636462,298.7255,293.3434,22.75865,0.8904018,0.9233691,0.1557531,-0.8004138,0.6286138,-0.5562263,SelectionEnd
52.01437,24,2,3,0,0.883144,0.9584599,0.2636462,298.7255,293.3434,22.75865,0.8904018,0.9233691,0.1557531,-0.8004138,0.6286138,-0.5562263,GotSelection
52.02435,24,2,3,0,0.8830968,0.9585894,0.2633497,298.8636,293.5937,22.69087,0.8937252,0.9258073,0.156072,-0.7659988,0.655427,-0.5523136,SelectionStart
52.02436,24,2,3,0,0.8830968,0.9585894,0.2633497,298.8636,293.5937,22.69087,0.8937252,0.9258073,0.156072,-0.7659988,0.655427,-0.5523136,SelectionEnd
52.02766,24,2,3,0,0.8830968,0.9585894,0.2633497,298.8636,293.5937,22.69087,0.8937252,0.9258073,0.156072,-0.7659988,0.655427,-0.5523136,GotSelection
52.04091,24,2,3,0,0.8829991,0.9587412,0.263176,299.0638,293.9203,22.55688,0.8979828,0.9288953,0.1558775,-0.7279066,0.6945351,-0.5496337,SelectionStart
52.04094,24,2,3,0,0.8829991,0.9587412,0.263176,299.0638,293.9203,22.55688,0.8979828,0.9288953,0.1558775,-0.7279066,0.6945351,-0.5496337,SelectionEnd
52.04439,24,2,3,0,0.8829991,0.9587412,0.263176,299.0638,293.9203,22.55688,0.8979828,0.9288953,0.1558775,-0.7279066,0.6945351,-0.5496337,GotSelection
52.05422,24,2,3,0,0.8831335,0.9588138,0.2630355,299.2105,294.2272,22.40579,0.9022499,0.9319248,0.1552448,-0.694851,0.735613,-0.5464473,SelectionStart
52.05424,24,2,3,0,0.8831335,0.9588138,0.2630355,299.2105,294.2272,22.40579,0.9022499,0.9319248,0.1552448,-0.694851,0.735613,-0.5464473,SelectionEnd
52.05749,24,2,3,0,0.8831335,0.9588138,0.2630355,299.2105,294.2272,22.40579,0.9022499,0.9319248,0.1552448,-0.694851,0.735613,-0.5464473,GotSelection
52.10084,24,2,3,0,0.8824457,0.9583114,0.2639976,299.4099,294.5493,22.22672,0.9129847,0.942219,0.15318,-0.6144392,0.872708,-0.5128329,SelectionStart
52.10089,24,2,3,0,0.8824457,0.9583114,0.2639976,299.4099,294.5493,22.22672,0.9129847,0.942219,0.15318,-0.6144392,0.872708,-0.5128329,SelectionEnd
52.10714,24,2,3,0,0.8824457,0.9583114,0.2639976,299.4099,294.5493,22.22672,0.9129847,0.942219,0.15318,-0.6144392,0.872708,-0.5128329,GotSelection
52.11864,24,2,3,0,0.8824353,0.9580432,0.2642061,299.4086,294.5247,22.25146,0.9176419,0.9447548,0.1519558,-0.5868869,0.9231692,-0.5119606,SelectionStart
52.11866,24,2,3,0,0.8824353,0.9580432,0.2642061,299.4086,294.5247,22.25146,0.9176419,0.9447548,0.1519558,-0.5868869,0.9231692,-0.5119606,SelectionEnd
52.12242,24,2,3,0,0.8824353,0.9580432,0.2642061,299.4086,294.5247,22.25146,0.9176419,0.9447548,0.1519558,-0.5868869,0.9231692,-0.5119606,GotSelection
52.13288,24,2,3,0,0.882443,0.9577014,0.2643656,299.3753,294.5719,22.22928,0.9211584,0.9477593,0.1506183,-0.5661942,0.9700658,-0.5012904,SelectionStart
52.1329,24,2,3,0,0.882443,0.9577014,0.2643656,299.3753,294.5719,22.22928,0.9211584,0.9477593,0.1506183,-0.5661942,0.9700658,-0.5012904,SelectionEnd
52.13625,24,2,3,0,0.882443,0.9577014,0.2643656,299.3753,294.5719,22.22928,0.9211584,0.9477593,0.1506183,-0.5661942,0.9700658,-0.5012904,GotSelection
52.14984,24,2,3,0,0.8825662,0.9574426,0.2642891,299.3442,294.6808,22.20165,0.9245941,0.9506015,0.1498981,-0.5401046,1.009077,-0.4905622,SelectionStart
52.14988,24,2,3,0,0.8825662,0.9574426,0.2642891,299.3442,294.6808,22.20165,0.9245941,0.9506015,0.1498981,-0.5401046,1.009077,-0.4905622,SelectionEnd
52.15345,24,2,3,0,0.8825662,0.9574426,0.2642891,299.3442,294.6808,22.20165,0.9245941,0.9506015,0.1498981,-0.5401046,1.009077,-0.4905622,GotSelection
52.16599,24,2,3,0,0.8829153,0.9571683,0.2640303,299.2846,294.7766,22.22619,0.9284606,0.9540789,0.1494905,-0.5069502,1.049397,-0.473387,SelectionStart
52.16602,24,2,3,0,0.8829153,0.9571683,0.2640303,299.2846,294.7766,22.22619,0.9284606,0.9540789,0.1494905,-0.5069502,1.049397,-0.473387,SelectionEnd
52.16946,24,2,3,0,0.8829153,0.9571683,0.2640303,299.2846,294.7766,22.22619,0.9284606,0.9540789,0.1494905,-0.5069502,1.049397,-0.473387,GotSelection
52.18103,24,2,3,0,0.8830912,0.9572487,0.2636556,299.2845,294.7973,22.31805,0.9306213,0.9558237,0.1494365,-0.4854659,1.067392,-0.4670495,SelectionStart
52.18105,24,2,3,0,0.8830912,0.9572487,0.2636556,299.2845,294.7973,22.31805,0.9306213,0.9558237,0.1494365,-0.4854659,1.067392,-0.4670495,SelectionEnd
52.18428,24,2,3,0,0.8830912,0.9572487,0.2636556,299.2845,294.7973,22.31805,0.9306213,0.9558237,0.1494365,-0.4854659,1.067392,-0.4670495,GotSelection
52.19453,24,2,3,0,0.88333,0.9577112,0.2629886,299.302,294.6973,22.5867,0.9334853,0.9579895,0.1496746,-0.4543048,1.085762,-0.4614314,SelectionStart
52.19456,24,2,3,0,0.88333,0.9577112,0.2629886,299.302,294.6973,22.5867,0.9334853,0.9579895,0.1496746,-0.4543048,1.085762,-0.4614314,SelectionEnd
52.19785,24,2,3,0,0.88333,0.9577112,0.2629886,299.302,294.6973,22.5867,0.9334853,0.9579895,0.1496746,-0.4543048,1.085762,-0.4614314,GotSelection
52.20707,24,2,3,0,0.8834593,0.9579824,0.2626291,299.3593,294.6582,22.76353,0.9354042,0.9592815,0.1502569,-0.4306228,1.095021,-0.459073,SelectionStart
52.20708,24,2,3,0,0.8834593,0.9579824,0.2626291,299.3593,294.6582,22.76353,0.9354042,0.9592815,0.1502569,-0.4306228,1.095021,-0.459073,SelectionEnd
52.21046,24,2,3,0,0.8834593,0.9579824,0.2626291,299.3593,294.6582,22.76353,0.9354042,0.9592815,0.1502569,-0.4306228,1.095021,-0.459073,GotSelection
52.22273,24,2,3,0,0.884036,0.9584807,0.2616718,299.4414,294.6723,22.98621,0.9382811,0.9610138,0.1507711,-0.3972231,1.104765,-0.4568164,SelectionStart
52.22275,24,2,3,0,0.884036,0.9584807,0.2616718,299.4414,294.6723,22.98621,0.9382811,0.9610138,0.1507711,-0.3972231,1.104765,-0.4568164,SelectionEnd
52.22605,24,2,3,0,0.884036,0.9584807,0.2616718,299.4414,294.6723,22.98621,0.9382811,0.9610138,0.1507711,-0.3972231,1.104765,-0.4568164,GotSelection
52.23557,24,2,3,0,0.8843589,0.9587464,0.2609725,299.512,294.7863,23.06086,0.9406234,0.9621956,0.1514083,-0.368111,1.111675,-0.4569222,SelectionStart
52.23559,24,2,3,0,0.8843589,0.9587464,0.2609725,299.512,294.7863,23.06086,0.9406234,0.9621956,0.1514083,-0.368111,1.111675,-0.4569222,SelectionEnd
52.23904,24,2,3,0,0.8843589,0.9587464,0.2609725,299.512,294.7863,23.06086,0.9406234,0.9621956,0.1514083,-0.368111,1.111675,-0.4569222,GotSelection
52.24821,24,2,3,0,0.8847774,0.9590239,0.2601466,299.5914,294.9326,23.1394,0.9433551,0.9634623,0.1522718,-0.3335267,1.118013,-0.4573199,SelectionStart
52.24824,24,2,3,0,0.8847774,0.9590239,0.2601466,299.5914,294.9326,23.1394,0.9433551,0.9634623,0.1522718,-0.3335267,1.118013,-0.4573199,SelectionEnd
52.25202,24,2,3,0,0.8847774,0.9590239,0.2601466,299.5914,294.9326,23.1394,0.9433551,0.9634623,0.1522718,-0.3335267,1.118013,-0.4573199,GotSelection
52.29111,24,2,3,0,0.8849004,0.9595441,0.2586834,299.7335,295.2433,23.21897,0.9511153,0.9666059,0.1560844,-0.2292412,1.136317,-0.4618703,SelectionStart
52.29114,24,2,3,0,0.8849004,0.9595441,0.2586834,299.7335,295.2433,23.21897,0.9511153,0.9666059,0.1560844,-0.2292412,1.136317,-0.4618703,SelectionEnd
52.29467,24,2,3,0,0.8849004,0.9595441,0.2586834,299.7335,295.2433,23.21897,0.9511153,0.9666059,0.1560844,-0.2292412,1.136317,-0.4618703,GotSelection
52.30561,24,2,3,0,0.8849467,0.9599231,0.2580848,299.6927,295.1853,23.36193,0.9529592,0.9673775,0.1573881,-0.2005436,1.135492,-0.461511,SelectionStart
52.30563,24,2,3,0,0.8849467,0.9599231,0.2580848,299.6927,295.1853,23.36193,0.9529592,0.9673775,0.1573881,-0.2005436,1.135492,-0.461511,SelectionEnd
52.30906,24,2,3,0,0.8849467,0.9599231,0.2580848,299.6927,295.1853,23.36193,0.9529592,0.9673775,0.1573881,-0.2005436,1.135492,-0.461511,GotSelection
52.31907,24,2,3,0,0.8851225,0.9601976,0.2573782,299.6568,295.1845,23.49503,0.9555027,0.9683203,0.1589335,-0.1637819,1.136555,-0.4609571,SelectionStart
52.31908,24,2,3,0,0.8851225,0.9601976,0.2573782,299.6568,295.1845,23.49503,0.9555027,0.9683203,0.1589335,-0.1637819,1.136555,-0.4609571,SelectionEnd
52.3223,24,2,3,0,0.8851225,0.9601976,0.2573782,299.6568,295.1845,23.49503,0.9555027,0.9683203,0.1589335,-0.1637819,1.136555,-0.4609571,GotSelection
52.33255,24,2,3,0,0.8852243,0.9605076,0.2567325,299.636,295.1443,23.64119,0.9572854,0.9690236,0.1601075,-0.1361274,1.135324,-0.4606809,SelectionStart
52.33257,24,2,3,0,0.8852243,0.9605076,0.2567325,299.636,295.1443,23.64119,0.9572854,0.9690236,0.1601075,-0.1361274,1.135324,-0.4606809,SelectionEnd
52.33636,24,2,3,0,0.8852243,0.9605076,0.2567325,299.636,295.1443,23.64119,0.9572854,0.9690236,0.1601075,-0.1361274,1.135324,-0.4606809,GotSelection
52.34782,24,2,3,0,0.8857302,0.9609759,0.2556778,299.6577,295.1346,23.82285,0.9599025,0.9701316,0.1615451,-0.09901556,1.132462,-0.459639,SelectionStart
52.34783,24,2,3,0,0.8857302,0.9609759,0.2556778,299.6577,295.1346,23.82285,0.9599025,0.9701316,0.1615451,-0.09901556,1.132462,-0.459639,SelectionEnd
52.35117,24,2,3,0,0.8857302,0.9609759,0.2556778,299.6577,295.1346,23.82285,0.9599025,0.9701316,0.1615451,-0.09901556,1.132462,-0.459639,GotSelection
52.36044,24,2,3,0,0.8856485,0.9614407,0.2552882,299.6552,295.0428,24.00045,0.9619607,0.9709374,0.1625778,-0.0714357,1.13609,-0.4628826,SelectionStart
52.36047,24,2,3,0,0.8856485,0.9614407,0.2552882,299.6552,295.0428,24.00045,0.9619607,0.9709374,0.1625778,-0.0714357,1.13609,-0.4628826,SelectionEnd
52.36367,24,2,3,0,0.8856485,0.9614407,0.2552882,299.6552,295.0428,24.00045,0.9619607,0.9709374,0.1625778,-0.0714357,1.13609,-0.4628826,GotSelection
52.37294,24,2,3,0,0.8854938,0.9620157,0.2547223,299.724,294.9276,24.21938,0.9644434,0.9719363,0.1641528,-0.03502882,1.137129,-0.4673468,SelectionStart
52.37296,24,2,3,0,0.8854938,0.9620157,0.2547223,299.724,294.9276,24.21938,0.9644434,0.9719363,0.1641528,-0.03502882,1.137129,-0.4673468,SelectionEnd
52.3763,24,2,3,0,0.8854938,0.9620157,0.2547223,299.724,294.9276,24.21938,0.9644434,0.9719363,0.1641528,-0.03502882,1.137129,-0.4673468,GotSelection
52.38538,24,2,3,0,0.8858663,0.96281,0.2538697,299.7733,294.7864,24.4471,0.9663243,0.9725357,0.1655501,-0.007633818,1.128302,-0.4714992,SelectionStart
52.38541,24,2,3,0,0.8858663,0.96281,0.2538697,299.7733,294.7864,24.4471,0.9663243,0.9725357,0.1655501,-0.007633818,1.128302,-0.4714992,SelectionEnd
52.38882,24,2,3,0,0.8858663,0.96281,0.2538697,299.7733,294.7864,24.4471,0.9663243,0.9725357,0.1655501,-0.007633818,1.128302,-0.4714992,GotSelection
52.39799,24,2,3,0,0.8856841,0.9635375,0.2533625,299.8297,294.6638,24.6655,0.9681402,0.9729954,0.1671873,0.02255409,1.122429,-0.479045,SelectionStart
52.39802,24,2,3,0,0.8856841,0.9635375,0.2533625,299.8297,294.6638,24.6655,0.9681402,0.9729954,0.1671873,0.02255409,1.122429,-0.479045,SelectionEnd
52.40173,24,2,3,0,0.8856841,0.9635375,0.2533625,299.8297,294.6638,24.6655,0.9681402,0.9729954,0.1671873,0.02255409,1.122429,-0.479045,GotSelection
52.41247,24,2,3,0,0.8854769,0.9638135,0.2532064,299.8951,294.5285,24.87621,0.9703168,0.9734157,0.169506,0.05819357,1.118044,-0.484216,SelectionStart
52.41248,24,2,3,0,0.8854769,0.9638135,0.2532064,299.8951,294.5285,24.87621,0.9703168,0.9734157,0.169506,0.05819357,1.118044,-0.484216,SelectionEnd
52.41578,24,2,3,0,0.8854769,0.9638135,0.2532064,299.8951,294.5285,24.87621,0.9703168,0.9734157,0.169506,0.05819357,1.118044,-0.484216,GotSelection
52.42499,24,2,3,0,0.8854416,0.9642792,0.2527331,299.9011,294.4012,25.05286,0.9719155,0.9735156,0.171159,0.08460987,1.110074,-0.4901969,SelectionStart
52.42501,24,2,3,0,0.8854416,0.9642792,0.2527331,299.9011,294.4012,25.05286,0.9719155,0.9735156,0.171159,0.08460987,1.110074,-0.4901969,SelectionEnd
52.42825,24,2,3,0,0.8854416,0.9642792,0.2527331,299.9011,294.4012,25.05286,0.9719155,0.9735156,0.171159,0.08460987,1.110074,-0.4901969,GotSelection
52.46989,24,2,3,0,0.8856727,0.9654713,0.250858,300.009,294.3865,25.45767,0.9771693,0.9747527,0.1749965,0.1672932,1.094633,-0.5030178,SelectionStart
52.46992,24,2,3,0,0.8856727,0.9654713,0.250858,300.009,294.3865,25.45767,0.9771693,0.9747527,0.1749965,0.1672932,1.094633,-0.5030178,SelectionEnd
52.47339,24,2,3,0,0.8856727,0.9654713,0.250858,300.009,294.3865,25.45767,0.9771693,0.9747527,0.1749965,0.1672932,1.094633,-0.5030178,GotSelection
52.48518,24,2,3,0,0.8856566,0.9656456,0.2504264,300.0444,294.468,25.48367,0.9786474,0.9750295,0.1762097,0.191617,1.09051,-0.5064589,SelectionStart
52.4852,24,2,3,0,0.8856566,0.9656456,0.2504264,300.0444,294.468,25.48367,0.9786474,0.9750295,0.1762097,0.191617,1.09051,-0.5064589,SelectionEnd
52.48921,24,2,3,0,0.8856566,0.9656456,0.2504264,300.0444,294.468,25.48367,0.9786474,0.9750295,0.1762097,0.191617,1.09051,-0.5064589,GotSelection
52.50213,24,2,3,0,0.8858068,0.9659117,0.2498512,300.1116,294.5065,25.54853,0.979698,0.9750447,0.1772895,0.210632,1.081201,-0.5107036,SelectionStart
52.50215,24,2,3,0,0.8858068,0.9659117,0.2498512,300.1116,294.5065,25.54853,0.979698,0.9750447,0.1772895,0.210632,1.081201,-0.5107036,SelectionEnd
52.50558,24,2,3,0,0.8858068,0.9659117,0.2498512,300.1116,294.5065,25.54853,0.979698,0.9750447,0.1772895,0.210632,1.081201,-0.5107036,GotSelection
52.51658,24,2,3,0,0.8855714,0.9661351,0.2502839,300.1438,294.3996,25.60814,0.9798211,0.9750198,0.1776219,0.2108328,1.082798,-0.5151208,SelectionStart
52.5166,24,2,3,0,0.8855714,0.9661351,0.2502839,300.1438,294.3996,25.60814,0.9798211,0.9750198,0.1776219,0.2108328,1.082798,-0.5151208,SelectionEnd
52.51993,24,2,3,0,0.8855714,0.9661351,0.2502839,300.1438,294.3996,25.60814,0.9798211,0.9750198,0.1776219,0.2108328,1.082798,-0.5151208,GotSelection
52.5318,24,2,3,0,0.8852621,0.9662053,0.2504513,300.1964,294.35,25.62867,0.9794813,0.974998,0.1772094,0.2056307,1.086191,-0.5178725,SelectionStart
52.53182,24,2,3,0,0.8852621,0.9662053,0.2504513,300.1964,294.35,25.62867,0.9794813,0.974998,0.1772094,0.2056307,1.086191,-0.5178725,SelectionEnd
52.53518,24,2,3,0,0.8852621,0.9662053,0.2504513,300.1964,294.35,25.62867,0.9794813,0.974998,0.1772094,0.2056307,1.086191,-0.5178725,GotSelection
52.54906,24,2,3,0,0.8854645,0.9661276,0.2506493,300.21,294.3973,25.51178,0.9790655,0.9749513,0.1765316,0.1939392,1.089428,-0.5169395,SelectionStart
52.54908,24,2,3,0,0.8854645,0.9661276,0.2506493,300.21,294.3973,25.51178,0.9790655,0.9749513,0.1765316,0.1939392,1.089428,-0.5169395,SelectionEnd
52.55252,24,2,3,0,0.8854645,0.9661276,0.2506493,300.21,294.3973,25.51178,0.9790655,0.9749513,0.1765316,0.1939392,1.089428,-0.5169395,GotSelection
52.56421,24,2,3,0,0.8855897,0.9659314,0.2507654,300.1986,294.4525,25.42157,0.9774532,0.9747133,0.1752729,0.1713184,1.089931,-0.5120414,SelectionStart
52.56423,24,2,3,0,0.8855897,0.9659314,0.2507654,300.1986,294.4525,25.42157,0.9774532,0.9747133,0.1752729,0.1713184,1.089931,-0.5120414,SelectionEnd
52.56757,24,2,3,0,0.8855897,0.9659314,0.2507654,300.1986,294.4525,25.42157,0.9774532,0.9747133,0.1752729,0.1713184,1.089931,-0.5120414,GotSelection
52.57955,24,2,3,0,0.8856989,0.9656303,0.2508819,300.1675,294.5698,25.29829,0.9761274,0.9744145,0.1741666,0.1527401,1.091129,-0.5076836,SelectionStart
52.57958,24,2,3,0,0.8856989,0.9656303,0.2508819,300.1675,294.5698,25.29829,0.9761274,0.9744145,0.1741666,0.1527401,1.091129,-0.5076836,SelectionEnd
52.58335,24,2,3,0,0.8856989,0.9656303,0.2508819,300.1675,294.5698,25.29829,0.9761274,0.9744145,0.1741666,0.1527401,1.091129,-0.5076836,GotSelection
52.5936,24,2,3,0,0.8857597,0.9653171,0.2511556,300.1664,294.6993,25.13471,0.9739354,0.9736768,0.1724812,0.1216244,1.091044,-0.5054839,SelectionStart
52.59361,24,2,3,0,0.8857597,0.9653171,0.2511556,300.1664,294.6993,25.13471,0.9739354,0.9736768,0.1724812,0.1216244,1.091044,-0.5054839,SelectionEnd
52.59695,24,2,3,0,0.8857597,0.9653171,0.2511556,300.1664,294.6993,25.13471,0.9739354,0.9736768,0.1724812,0.1216244,1.091044,-0.5054839,GotSelection
52.6067,24,2,3,0,0.8858149,0.9651334,0.2513529,300.1736,294.7675,25.04419,0.9720808,0.9731424,0.1713723,0.09772065,1.08839,-0.5028326,SelectionStart
52.60671,24,2,3,0,0.8858149,0.9651334,0.2513529,300.1736,294.7675,25.04419,0.9720808,0.9731424,0.1713723,0.09772065,1.08839,-0.5028326,SelectionEnd
52.61037,24,2,3,0,0.8858149,0.9651334,0.2513529,300.1736,294.7675,25.04419,0.9720808,0.9731424,0.1713723,0.09772065,1.08839,-0.5028326,GotSelection
52.61965,24,2,3,0,0.8855611,0.9649011,0.2519174,300.2067,294.7969,24.95772,0.9690325,0.9719278,0.1696721,0.05866818,1.084813,-0.5040375,SelectionStart
52.61967,24,2,3,0,0.8855611,0.9649011,0.2519174,300.2067,294.7969,24.95772,0.9690325,0.9719278,0.1696721,0.05866818,1.084813,-0.5040375,SelectionEnd
52.62305,24,2,3,0,0.8855611,0.9649011,0.2519174,300.2067,294.7969,24.95772,0.9690325,0.9719278,0.1696721,0.05866818,1.084813,-0.5040375,GotSelection
52.63242,24,2,3,0,0.88561,0.9650925,0.2523776,300.2815,294.7879,24.9044,0.966536,0.9707134,0.1683167,0.02327725,1.077018,-0.509733,SelectionStart
52.63244,24,2,3,0,0.88561,0.9650925,0.2523776,300.2815,294.7879,24.9044,0.966536,0.9707134,0.1683167,0.02327725,1.077018,-0.509733,SelectionEnd
52.63618,24,2,3,0,0.88561,0.9650925,0.2523776,300.2815,294.7879,24.9044,0.966536,0.9707134,0.1683167,0.02327725,1.077018,-0.509733,GotSelection
52.67583,24,2,3,0,0.8860294,0.9639863,0.2535078,300.3604,295.2401,24.28254,0.9568893,0.9654342,0.1639593,-0.09892602,1.040554,-0.5146482,SelectionStart
52.67585,24,2,3,0,0.8860294,0.9639863,0.2535078,300.3604,295.2401,24.28254,0.9568893,0.9654342,0.1639593,-0.09892602,1.040554,-0.5146482,SelectionEnd
52.67922,24,2,3,0,0.8860294,0.9639863,0.2535078,300.3604,295.2401,24.28254,0.9568893,0.9654342,0.1639593,-0.09892602,1.040554,-0.5146482,GotSelection
52.68916,24,2,3,0,0.8862225,0.963534,0.2536044,300.3098,295.3287,24.17625,0.9531671,0.9632182,0.1622724,-0.1432397,1.023898,-0.5154921,SelectionStart
52.68918,24,2,3,0,0.8862225,0.963534,0.2536044,300.3098,295.3287,24.17625,0.9531671,0.9632182,0.1622724,-0.1432397,1.023898,-0.5154921,SelectionEnd
52.6925,24,2,3,0,0.8862225,0.963534,0.2536044,300.3098,295.3287,24.17625,0.9531671,0.9632182,0.1622724,-0.1432397,1.023898,-0.5154921,GotSelection
52.70251,24,2,3,0,0.8861941,0.9631451,0.2537734,300.2788,295.359,24.12716,0.9507728,0.9617754,0.1607616,-0.1743001,1.018241,-0.517153,SelectionStart
52.70253,24,2,3,0,0.8861941,0.9631451,0.2537734,300.2788,295.359,24.12716,0.9507728,0.9617754,0.1607616,-0.1743001,1.018241,-0.517153,SelectionEnd
52.70576,24,2,3,0,0.8861941,0.9631451,0.2537734,300.2788,295.359,24.12716,0.9507728,0.9617754,0.1607616,-0.1743001,1.018241,-0.517153,GotSelection
52.71516,24,2,3,0,0.8862157,0.963024,0.2537493,300.2341,295.3127,24.1811,0.9482293,0.9602416,0.1593432,-0.2052112,1.008115,-0.5198512,SelectionStart
52.71517,24,2,3,0,0.8862157,0.963024,0.2537493,300.2341,295.3127,24.1811,0.9482293,0.9602416,0.1593432,-0.2052112,1.008115,-0.5198512,SelectionEnd
52.71857,24,2,3,0,0.8862157,0.963024,0.2537493,300.2341,295.3127,24.1811,0.9482293,0.9602416,0.1593432,-0.2052112,1.008115,-0.5198512,GotSelection
52.73169,24,2,3,0,0.8862929,0.9629247,0.2536559,300.1953,295.2698,24.20704,0.9446205,0.9582477,0.1574938,-0.2481835,0.9920561,-0.5225096,SelectionStart
52.73171,24,2,3,0,0.8862929,0.9629247,0.2536559,300.1953,295.2698,24.20704,0.9446205,0.9582477,0.1574938,-0.2481835,0.9920561,-0.5225096,SelectionEnd
52.73508,24,2,3,0,0.8862929,0.9629247,0.2536559,300.1953,295.2698,24.20704,0.9446205,0.9582477,0.1574938,-0.2481835,0.9920561,-0.5225096,GotSelection
52.74734,24,2,3,0,0.8864026,0.9626573,0.2538605,300.2002,295.2835,24.15386,0.9415101,0.956457,0.1558402,-0.2881443,0.9803926,-0.5252152,SelectionStart
52.74735,24,2,3,0,0.8864026,0.9626573,0.2538605,300.2002,295.2835,24.15386,0.9415101,0.956457,0.1558402,-0.2881443,0.9803926,-0.5252152,SelectionEnd
52.75063,24,2,3,0,0.8864026,0.9626573,0.2538605,300.2002,295.2835,24.15386,0.9415101,0.956457,0.1558402,-0.2881443,0.9803926,-0.5252152,GotSelection
52.75986,24,2,3,0,0.8864729,0.9628257,0.2536239,300.202,295.2829,24.14907,0.938551,0.9548377,0.1540446,-0.3246436,0.966582,-0.5303588,SelectionStart
52.75988,24,2,3,0,0.8864729,0.9628257,0.2536239,300.202,295.2829,24.14907,0.938551,0.9548377,0.1540446,-0.3246436,0.966582,-0.5303588,SelectionEnd
52.76318,24,2,3,0,0.8864729,0.9628257,0.2536239,300.202,295.2829,24.14907,0.938551,0.9548377,0.1540446,-0.3246436,0.966582,-0.5303588,GotSelection
52.77306,24,2,3,0,0.8864431,0.9628388,0.2537077,300.207,295.2772,24.11312,0.936619,0.9537111,0.1528064,-0.3506234,0.9600491,-0.5345059,SelectionStart
52.77309,24,2,3,0,0.8864431,0.9628388,0.2537077,300.207,295.2772,24.11312,0.936619,0.9537111,0.1528064,-0.3506234,0.9600491,-0.5345059,SelectionEnd
52.77729,24,2,3,0,0.8864431,0.9628388,0.2537077,300.207,295.2772,24.11312,0.936619,0.9537111,0.1528064,-0.3506234,0.9600491,-0.5345059,GotSelection
52.78838,24,2,3,0,0.8859719,0.9627048,0.2540823,300.179,295.2722,24.06351,0.9344523,0.9524692,0.1510926,-0.3804007,0.9604788,-0.5405948,SelectionStart
52.78841,24,2,3,0,0.8859719,0.9627048,0.2540823,300.179,295.2722,24.06351,0.9344523,0.9524692,0.1510926,-0.3804007,0.9604788,-0.5405948,SelectionEnd
52.7918,24,2,3,0,0.8859719,0.9627048,0.2540823,300.179,295.2722,24.06351,0.9344523,0.9524692,0.1510926,-0.3804007,0.9604788,-0.5405948,GotSelection
52.80276,24,2,3,0,0.8859251,0.9627852,0.2540466,300.1789,295.2038,24.11341,0.9329399,0.9516619,0.1500392,-0.4003125,0.9556476,-0.5434026,SelectionStart
52.80279,24,2,3,0,0.8859251,0.9627852,0.2540466,300.1789,295.2038,24.11341,0.9329399,0.9516619,0.1500392,-0.4003125,0.9556476,-0.5434026,SelectionEnd
52.8061,24,2,3,0,0.8859251,0.9627852,0.2540466,300.1789,295.2038,24.11341,0.9329399,0.9516619,0.1500392,-0.4003125,0.9556476,-0.5434026,GotSelection
52.8162,24,2,3,0,0.8858246,0.9631624,0.2537551,300.2016,295.0699,24.30713,0.9314031,0.9509045,0.148599,-0.4203673,0.9513336,-0.5486176,SelectionStart
52.81622,24,2,3,0,0.8858246,0.9631624,0.2537551,300.2016,295.0699,24.30713,0.9314031,0.9509045,0.148599,-0.4203673,0.9513336,-0.5486176,SelectionEnd
52.81979,24,2,3,0,0.8858246,0.9631624,0.2537551,300.2016,295.0699,24.30713,0.9314031,0.9509045,0.148599,-0.4203673,0.9513336,-0.5486176,GotSelection
52.85873,24,2,3,0,0.8854563,0.9643626,0.2528782,300.3549,295.0372,24.57721,0.9295845,0.9502205,0.1466238,-0.4391778,0.9430225,-0.562458,SelectionStart
52.85875,24,2,3,0,0.8854563,0.9643626,0.2528782,300.3549,295.0372,24.57721,0.9295845,0.9502205,0.1466238,-0.4391778,0.9430225,-0.562458,SelectionEnd
52.86202,24,2,3,0,0.8854563,0.9643626,0.2528782,300.3549,295.0372,24.57721,0.9295845,0.9502205,0.1466238,-0.4391778,0.9430225,-0.562458,GotSelection
52.87269,24,2,3,0,0.8852994,0.9646915,0.2527463,300.4234,295.0679,24.59344,0.9297708,0.9503372,0.1467223,-0.4350083,0.9418793,-0.5664485,SelectionStart
52.8727,24,2,3,0,0.8852994,0.9646915,0.2527463,300.4234,295.0679,24.59344,0.9297708,0.9503372,0.1467223,-0.4350083,0.9418793,-0.5664485,SelectionEnd
52.87592,24,2,3,0,0.8852994,0.9646915,0.2527463,300.4234,295.0679,24.59344,0.9297708,0.9503372,0.1467223,-0.4350083,0.9418793,-0.5664485,GotSelection
52.88558,24,2,3,0,0.8852551,0.9648251,0.2525849,300.4673,295.0197,24.64585,0.9304857,0.9506861,0.1471491,-0.4252336,0.9425566,-0.5670081,SelectionStart
52.8856,24,2,3,0,0.8852551,0.9648251,0.2525849,300.4673,295.0197,24.64585,0.9304857,0.9506861,0.1471491,-0.4252336,0.9425566,-0.5670081,SelectionEnd
52.88896,24,2,3,0,0.8852551,0.9648251,0.2525849,300.4673,295.0197,24.64585,0.9304857,0.9506861,0.1471491,-0.4252336,0.9425566,-0.5670081,GotSelection
52.89893,24,2,3,0,0.8849107,0.9650728,0.2524814,300.5112,294.9282,24.74335,0.9320113,0.9511143,0.1482038,-0.4036602,0.945131,-0.571564,SelectionStart
52.89895,24,2,3,0,0.8849107,0.9650728,0.2524814,300.5112,294.9282,24.74335,0.9320113,0.9511143,0.1482038,-0.4036602,0.945131,-0.571564,SelectionEnd
52.90226,24,2,3,0,0.8849107,0.9650728,0.2524814,300.5112,294.9282,24.74335,0.9320113,0.9511143,0.1482038,-0.4036602,0.945131,-0.571564,GotSelection
52.91512,24,2,3,0,0.8846616,0.9654167,0.2523072,300.5158,294.8167,24.88834,0.9340869,0.9520634,0.1496606,-0.3740621,0.9493334,-0.5729307,SelectionStart
52.91515,24,2,3,0,0.8846616,0.9654167,0.2523072,300.5158,294.8167,24.88834,0.9340869,0.9520634,0.1496606,-0.3740621,0.9493334,-0.5729307,SelectionEnd
52.91842,24,2,3,0,0.8846616,0.9654167,0.2523072,300.5158,294.8167,24.88834,0.9340869,0.9520634,0.1496606,-0.3740621,0.9493334,-0.5729307,GotSelection
52.92829,24,2,3,0,0.8846669,0.9658905,0.2523067,300.5179,294.7101,25.01147,0.937053,0.9534867,0.1519794,-0.3346495,0.9534791,-0.5728233,SelectionStart
52.92831,24,2,3,0,0.8846669,0.9658905,0.2523067,300.5179,294.7101,25.01147,0.937053,0.9534867,0.1519794,-0.3346495,0.9534791,-0.5728233,SelectionEnd
52.93155,24,2,3,0,0.8846669,0.9658905,0.2523067,300.5179,294.7101,25.01147,0.937053,0.9534867,0.1519794,-0.3346495,0.9534791,-0.5728233,GotSelection
52.94093,24,2,3,0,0.8846434,0.9659963,0.2520196,300.5002,294.6504,25.09912,0.9398059,0.9548337,0.1539189,-0.2961788,0.9587238,-0.5695739,SelectionStart
52.94096,24,2,3,0,0.8846434,0.9659963,0.2520196,300.5002,294.6504,25.09912,0.9398059,0.9548337,0.1539189,-0.2961788,0.9587238,-0.5695739,SelectionEnd
52.94431,24,2,3,0,0.8846434,0.9659963,0.2520196,300.5002,294.6504,25.09912,0.9398059,0.9548337,0.1539189,-0.2961788,0.9587238,-0.5695739,GotSelection
52.95557,24,2,3,0,0.8845927,0.966304,0.2517639,300.5092,294.5756,25.2182,0.9439203,0.9567747,0.1567936,-0.2404685,0.9666025,-0.5677617,SelectionStart
52.9556,24,2,3,0,0.8845927,0.966304,0.2517639,300.5092,294.5756,25.2182,0.9439203,0.9567747,0.1567936,-0.2404685,0.9666025,-0.5677617,SelectionEnd
52.9589,24,2,3,0,0.8845927,0.966304,0.2517639,300.5092,294.5756,25.2182,0.9439203,0.9567747,0.1567936,-0.2404685,0.9666025,-0.5677617,GotSelection
52.96886,24,2,3,0,0.8845299,0.9663682,0.2515939,300.5462,294.524,25.29809,0.9472684,0.9586353,0.1590901,-0.1947183,0.9755142,-0.5629697,SelectionStart
52.96888,24,2,3,0,0.8845299,0.9663682,0.2515939,300.5462,294.524,25.29809,0.9472684,0.9586353,0.1590901,-0.1947183,0.9755142,-0.5629697,SelectionEnd
52.97228,24,2,3,0,0.8845299,0.9663682,0.2515939,300.5462,294.524,25.29809,0.9472684,0.9586353,0.1590901,-0.1947183,0.9755142,-0.5629697,GotSelection
52.98363,24,2,3,0,0.8845344,0.9667357,0.2514677,300.5758,294.5063,25.35006,0.9517154,0.960686,0.1621168,-0.1368355,0.9844329,-0.5626969,SelectionStart
52.98364,24,2,3,0,0.8845344,0.9667357,0.2514677,300.5758,294.5063,25.35006,0.9517154,0.960686,0.1621168,-0.1368355,0.9844329,-0.5626969,SelectionEnd
52.98691,24,2,3,0,0.8845344,0.9667357,0.2514677,300.5758,294.5063,25.35006,0.9517154,0.960686,0.1621168,-0.1368355,0.9844329,-0.5626969,GotSelection
52.99764,24,2,3,0,0.8845245,0.966923,0.2510672,300.6114,294.5106,25.40802,0.9565172,0.962967,0.1653678,-0.07144269,0.9935056,-0.5597245,SelectionStart
52.99766,24,2,3,0,0.8845245,0.966923,0.2510672,300.6114,294.5106,25.40802,0.9565172,0.962967,0.1653678,-0.07144269,0.9935056,-0.5597245,SelectionEnd
53.00095,24,2,3,0,0.8845245,0.966923,0.2510672,300.6114,294.5106,25.40802,0.9565172,0.962967,0.1653678,-0.07144269,0.9935056,-0.5597245,GotSelection
53.0416,24,2,3,0,0.8846942,0.967375,0.2499902,300.5989,294.4781,25.6369,0.9685985,0.9679605,0.1749842,0.1014152,1.001197,-0.5528026,SelectionStart
53.04162,24,2,3,0,0.8846942,0.967375,0.2499902,300.5989,294.4781,25.6369,0.9685985,0.9679605,0.1749842,0.1014152,1.001197,-0.5528026,SelectionEnd
53.04539,24,2,3,0,0.8846942,0.967375,0.2499902,300.5989,294.4781,25.6369,0.9685985,0.9679605,0.1749842,0.1014152,1.001197,-0.5528026,GotSelection
53.05685,24,2,3,0,0.8848571,0.9675488,0.2495867,300.572,294.423,25.77714,0.9726858,0.9690973,0.178927,0.1631266,0.9951752,-0.5529476,SelectionStart
53.05688,24,2,3,0,0.8848571,0.9675488,0.2495867,300.572,294.423,25.77714,0.9726858,0.9690973,0.178927,0.1631266,0.9951752,-0.5529476,SelectionEnd
53.06028,24,2,3,0,0.8848571,0.9675488,0.2495867,300.572,294.423,25.77714,0.9726858,0.9690973,0.178927,0.1631266,0.9951752,-0.5529476,GotSelection
53.07236,24,2,3,0,0.8850518,0.9676937,0.2493525,300.5735,294.3648,25.87872,0.9763326,0.9699878,0.1824757,0.21622,0.9894535,-0.5544955,SelectionStart
53.07237,24,2,3,0,0.8850518,0.9676937,0.2493525,300.5735,294.3648,25.87872,0.9763326,0.9699878,0.1824757,0.21622,0.9894535,-0.5544955,SelectionEnd
53.07562,24,2,3,0,0.8850518,0.9676937,0.2493525,300.5735,294.3648,25.87872,0.9763326,0.9699878,0.1824757,0.21622,0.9894535,-0.5544955,GotSelection
53.08559,24,2,3,0,0.8851303,0.9677359,0.2492044,300.5734,294.3434,25.91212,0.9788647,0.9705246,0.1849735,0.2533001,0.9855408,-0.5560442,SelectionStart
53.08562,24,2,3,0,0.8851303,0.9677359,0.2492044,300.5734,294.3434,25.91212,0.9788647,0.9705246,0.1849735,0.2533001,0.9855408,-0.5560442,SelectionEnd
53.08894,24,2,3,0,0.8851303,0.9677359,0.2492044,300.5734,294.3434,25.91212,0.9788647,0.9705246,0.1849735,0.2533001,0.9855408,-0.5560442,GotSelection
53.09816,24,2,3,0,0.8852697,0.9676584,0.2492173,300.5566,294.3585,25.88188,0.9810967,0.9710833,0.1874643,0.286614,0.9817941,-0.5547776,SelectionStart
53.09818,24,2,3,0,0.8852697,0.9676584,0.2492173,300.5566,294.3585,25.88188,0.9810967,0.9710833,0.1874643,0.286614,0.9817941,-0.5547776,SelectionEnd
53.10474,24,2,3,0,0.8852697,0.9676584,0.2492173,300.5566,294.3585,25.88188,0.9810967,0.9710833,0.1874643,0.286614,0.9817941,-0.5547776,GotSelection
53.12366,24,2,3,0,0.8855212,0.9673924,0.2492513,300.5255,294.3598,25.87556,0.9851127,0.9722322,0.1912042,0.3423931,0.9817692,-0.5516469,SelectionStart
53.12369,24,2,3,0,0.8855212,0.9673924,0.2492513,300.5255,294.3598,25.87556,0.9851127,0.9722322,0.1912042,0.3423931,0.9817692,-0.5516469,SelectionEnd
53.12757,24,2,3,0,0.8855212,0.9673924,0.2492513,300.5255,294.3598,25.87556,0.9851127,0.9722322,0.1912042,0.3423931,0.9817692,-0.5516469,GotSelection
53.13902,24,2,3,0,0.8855898,0.967403,0.2491207,300.4625,294.2561,25.98619,0.9876701,0.9736285,0.1939833,0.3835497,0.9809093,-0.5437671,SelectionStart
53.13903,24,2,3,0,0.8855898,0.967403,0.2491207,300.4625,294.2561,25.98619,0.9876701,0.9736285,0.1939833,0.3835497,0.9809093,-0.5437671,SelectionEnd
53.14233,24,2,3,0,0.8855898,0.967403,0.2491207,300.4625,294.2561,25.98619,0.9876701,0.9736285,0.1939833,0.3835497,0.9809093,-0.5437671,GotSelection
53.15228,24,2,3,0,0.8856412,0.9674731,0.2490921,300.424,294.0937,26.14249,0.9891624,0.9748454,0.1942246,0.3982138,0.9925563,-0.5390772,SelectionStart
53.1523,24,2,3,0,0.8856412,0.9674731,0.2490921,300.424,294.0937,26.14249,0.9891624,0.9748454,0.1942246,0.3982138,0.9925563,-0.5390772,SelectionEnd
53.15617,24,2,3,0,0.8856412,0.9674731,0.2490921,300.424,294.0937,26.14249,0.9891624,0.9748454,0.1942246,0.3982138,0.9925563,-0.5390772,GotSelection
53.16753,24,2,3,0,0.8857673,0.9675541,0.2490575,300.381,293.8692,26.32036,0.9906678,0.9760936,0.1952462,0.4170198,0.9985829,-0.5321425,SelectionStart
53.16756,24,2,3,0,0.8857673,0.9675541,0.2490575,300.381,293.8692,26.32036,0.9906678,0.9760936,0.1952462,0.4170198,0.9985829,-0.5321425,SelectionEnd
53.17092,24,2,3,0,0.8857673,0.9675541,0.2490575,300.381,293.8692,26.32036,0.9906678,0.9760936,0.1952462,0.4170198,0.9985829,-0.5321425,GotSelection
53.18848,24,2,3,0,0.8857534,0.9675248,0.2491703,300.3172,293.5274,26.5923,0.9934732,0.9787359,0.1940733,0.4333346,1.036939,-0.523149,Nothing
53.19662,24,2,3,0,0.8857664,0.9677405,0.2493028,300.2742,293.2508,26.8083,0.9943674,0.9800929,0.1931421,0.4337601,1.055837,-0.5183809,Nothing
53.20482,24,2,3,0,0.885694,0.9679756,0.249404,300.2604,292.9801,27.02756,0.994717,0.9810755,0.1925836,0.4327618,1.067162,-0.5146239,Nothing
53.21364,24,2,3,0,0.8856775,0.9682693,0.2496209,300.2272,292.6046,27.32406,0.9950872,0.9821323,0.1917875,0.4285593,1.081423,-0.5107229,Nothing
53.22286,24,2,3,0,0.8855326,0.9686738,0.2497664,300.214,292.2026,27.65611,0.9952098,0.9829744,0.1909343,0.4228823,1.093244,-0.5093831,Nothing
53.23035,24,2,3,0,0.8853205,0.9692019,0.2499701,300.2074,291.7033,28.06615,0.9954205,0.983693,0.1898584,0.4152845,1.107054,-0.5114076,Nothing
53.23873,24,2,3,0,0.8850949,0.9697888,0.2501958,300.2069,291.1377,28.53004,0.9955257,0.9844589,0.1886765,0.4057476,1.121384,-0.5132122,Nothing
53.24673,24,2,3,0,0.8846828,0.9704423,0.2504475,300.2239,290.5149,29.03166,0.9956551,0.9852016,0.1877456,0.3984756,1.134909,-0.5164893,Nothing
53.2554,24,2,3,0,0.8842797,0.9713781,0.2508229,300.2452,289.6498,29.73162,0.9959121,0.9862353,0.1864213,0.3872738,1.153538,-0.520586,Nothing
53.26328,24,2,3,0,0.8840449,0.9720729,0.2510718,300.2621,289.0064,30.25925,0.9973167,0.9869258,0.1853143,0.3863231,1.174051,-0.5298387,Nothing
53.27203,24,2,3,0,0.8838609,0.9726379,0.2512737,300.2671,288.4567,30.71038,0.9975827,0.9874495,0.1844371,0.3792309,1.185699,-0.5329819,Nothing
53.27993,24,2,3,0,0.8839052,0.9728822,0.2514766,300.2234,287.9925,31.0941,0.9977506,0.9880269,0.1835844,0.3716824,1.197178,-0.530238,Nothing
53.28878,24,2,3,0,0.8841453,0.9729143,0.2514289,300.1375,287.6896,31.36385,0.9977566,0.9884295,0.1828078,0.365369,1.204208,-0.5243311,Nothing
53.29638,24,2,3,0,0.8843251,0.9730874,0.2514361,300.084,287.347,31.65776,0.997966,0.9888645,0.1820637,0.3599547,1.212289,-0.5212145,Nothing
53.30573,24,2,3,0,0.8849213,0.9725606,0.2512267,299.9074,287.329,31.6882,0.9980509,0.9892633,0.1812841,0.3559879,1.218944,-0.5075943,Nothing
53.3136,24,2,3,0,0.8852935,0.9723598,0.2511339,299.7886,287.1581,31.8412,0.9982721,0.9895442,0.1806452,0.3524622,1.225451,-0.5003722,Nothing
53.32169,24,2,3,0,0.8861014,0.9716431,0.2509089,299.5438,287.0705,31.92653,0.998554,0.9901628,0.1795996,0.3476566,1.236192,-0.4816948,Nothing
53.32999,24,2,3,0,0.8870643,0.9704075,0.2506509,299.2321,287.3445,31.67883,0.9987063,0.9904919,0.179043,0.3461112,1.242135,-0.4584677,Nothing
53.33833,24,2,3,0,0.8877673,0.9694993,0.2504665,298.986,287.4347,31.57328,0.998896,0.9906586,0.1787811,0.3454778,1.245979,-0.4415157,Nothing
53.34734,24,2,3,0,0.8886184,0.9682909,0.2504684,298.6942,287.6504,31.29924,0.9990996,0.9909774,0.1783951,0.3421018,1.253556,-0.4197119,Nothing
53.35521,24,2,3,0,0.8893301,0.9673762,0.2504469,298.4518,287.7458,31.15456,0.999315,0.9912611,0.1779631,0.3386335,1.260436,-0.4022695,Nothing
53.3639,24,2,3,0,0.8900259,0.966446,0.2505204,298.2024,287.8536,30.96728,0.9996707,0.9916626,0.1777686,0.3368469,1.267817,-0.3839932,Nothing
53.37161,24,2,3,0,0.8907514,0.9654121,0.250704,297.9451,287.9529,30.75264,0.9999086,0.9919325,0.1774615,0.331515,1.276026,-0.3653771,Nothing
53.38006,24,2,3,0,0.8914798,0.9643629,0.2509218,297.6863,288.0474,30.52752,1.000101,0.9922918,0.1771801,0.3255642,1.284415,-0.3455276,Nothing
53.38885,24,2,3,0,0.8925934,0.9627048,0.2513301,297.2896,288.199,30.15387,1.00035,0.9927642,0.1766551,0.3141402,1.297988,-0.3153692,Nothing
53.39697,24,2,3,0,0.8932852,0.961423,0.2515265,297.0229,288.3412,29.87459,1.000494,0.9931023,0.1762414,0.3073197,1.307649,-0.2935923,Nothing
53.40504,24,2,3,0,0.8941253,0.9600357,0.2518301,296.7159,288.5686,29.47983,1.000572,0.9934379,0.1757888,0.2973697,1.317647,-0.2694677,Nothing
53.41454,24,2,3,0,0.895094,0.9583424,0.2521659,296.3629,288.8724,29.01569,1.000686,0.9938568,0.1753472,0.2874316,1.328679,-0.2405688,Nothing
53.42497,24,2,3,0,0.8959793,0.9567943,0.2524237,296.0192,289.1737,28.55585,1.000693,0.9942194,0.1748712,0.2769167,1.338166,-0.2135084,Nothing
53.43269,24,2,3,0,0.8970923,0.9547133,0.2526552,295.5426,289.6576,27.89758,1.000749,0.9945557,0.1743387,0.2653145,1.348924,-0.1785475,Nothing
53.44223,24,2,3,0,0.8977082,0.9530975,0.252306,295.0916,290.0746,27.34031,1.000711,0.9949381,0.1738647,0.2606275,1.355305,-0.1484572,Nothing
53.45038,24,2,3,0,0.89926,0.9501541,0.2525418,294.3987,290.7728,26.40258,1.000648,0.9955104,0.1731784,0.2434447,1.367806,-0.09671976,Nothing
53.46112,24,2,3,0,0.9002333,0.9482526,0.2527155,293.9629,291.2561,25.75839,1.000589,0.9960137,0.1726275,0.2310396,1.37691,-0.06257766,Nothing
53.4687,24,2,3,0,0.900869,0.9461658,0.252248,293.4883,291.7973,25.02228,0.9998615,0.9962558,0.1722659,0.2207269,1.377484,-0.02582373,Nothing
53.48474,24,2,3,0,0.9027133,0.9422618,0.2521192,292.6566,293.2289,23.24981,0.9994423,0.9970756,0.1713235,0.1954533,1.387806,0.04150562,Nothing
53.49171,24,2,3,0,0.9039112,0.9401648,0.2527848,292.3165,294.0222,22.26735,0.999176,0.9974449,0.1709304,0.1747112,1.395457,0.07442927,Nothing
53.49885,24,2,3,0,0.9047513,0.9381718,0.2526968,292.0283,294.9359,21.20648,0.9988716,0.9977903,0.1706984,0.1629711,1.397903,0.1049729,Nothing
53.50735,24,2,3,0,0.9060099,0.9355527,0.2529681,291.6067,296.1126,19.78047,0.9984434,0.9982764,0.170304,0.1409353,1.403068,0.146456,Nothing
53.51488,24,2,3,0,0.9065794,0.9339865,0.2534588,291.5008,297.0304,18.77315,0.9980742,0.9984767,0.1703098,0.1282178,1.407007,0.1661023,Nothing
53.52371,24,2,3,0,0.9073425,0.9323899,0.2536103,291.3011,297.8705,17.79724,0.9977025,0.9985921,0.1703782,0.115695,1.406355,0.1890147,Nothing
53.53167,24,2,3,0,0.9080437,0.931018,0.2537608,291.2089,298.75,16.79541,0.9973365,0.9989089,0.1701199,0.1013836,1.408543,0.2082923,Nothing
53.5423,24,2,3,0,0.9086344,0.9298809,0.2535676,291.1866,299.6739,15.72936,0.9970353,0.9990894,0.1702327,0.09236911,1.405836,0.2230291,Nothing
53.54953,24,2,3,0,0.9092454,0.928704,0.2536243,291.2054,300.5936,14.69734,0.9967632,0.9992592,0.1703847,0.08254544,1.404835,0.2367291,Nothing
53.55836,24,2,3,0,0.9098889,0.9282237,0.2543215,291.2208,301.406,13.7944,0.9965037,0.9994518,0.1705504,0.06813505,1.4055,0.2432025,Nothing
53.56676,24,2,3,0,0.9107667,0.9273947,0.2539646,291.3371,302.3375,12.84854,0.9958776,0.9995903,0.1708985,0.06019172,1.395103,0.2541765,Nothing
53.57391,24,2,3,0,0.9115065,0.9266419,0.2539345,291.3768,302.9295,12.24216,0.9956142,0.999745,0.1711489,0.05358312,1.390272,0.2646194,Nothing
53.58437,24,2,3,0,0.9122143,0.9263171,0.2529982,291.4754,303.2748,11.99827,0.9953841,0.9998438,0.1714273,0.0574581,1.377779,0.2711757,Nothing
53.59128,24,2,3,0,0.9128599,0.9263734,0.2522881,291.5553,303.4969,11.9005,0.9951314,0.99992,0.1717003,0.06050153,1.365514,0.2739862,Nothing
53.60213,24,2,3,0,0.9139023,0.9261768,0.2511079,291.5786,303.8635,11.74996,0.994836,1.000009,0.1720546,0.06613401,1.347237,0.2830063,Nothing
53.60854,24,2,3,0,0.9146361,0.9259036,0.2503703,291.644,304.3228,11.42155,0.9945667,0.9999998,0.1724128,0.06857621,1.334451,0.2888267,Nothing
53.62798,24,2,3,0,0.9160963,0.9246145,0.2485323,291.9061,306.0645,9.936756,0.9939116,0.999873,0.1733183,0.0738592,1.307812,0.3043921,Nothing
53.63506,24,2,3,0,0.9167898,0.9239068,0.248021,292.0032,306.8375,9.232896,0.9934998,0.9995867,0.1742158,0.07505088,1.29324,0.3120471,Nothing
53.65096,24,2,3,0,0.9181745,0.9225476,0.2468307,292.3405,308.8328,7.291633,0.9931173,0.9990817,0.1758498,0.07690111,1.26814,0.3232067,Nothing
53.65725,24,2,3,0,0.9182993,0.9211845,0.2470184,292.4766,309.6677,6.558042,0.9928626,0.9986458,0.176864,0.0795911,1.26452,0.3317014,Nothing
53.66882,24,2,3,0,0.9189594,0.9198959,0.246735,292.6495,310.7869,5.451675,0.9927699,0.9982236,0.1779359,0.08007848,1.255096,0.3413419,Nothing
53.69067,24,2,3,0,0.9204361,0.9178488,0.24577,292.9725,312.5293,3.856184,0.9926099,0.9973816,0.1802052,0.08767869,1.22942,0.3587931,Nothing
53.7011,24,2,3,0,0.9219193,0.91537,0.2447418,293.0978,314.4458,2.068982,0.9922042,0.9960111,0.1831609,0.09681112,1.195544,0.3833414,Nothing
53.70766,24,2,3,0,0.9225459,0.9142151,0.2443296,293.0598,315.1825,1.35432,0.9920432,0.9953554,0.1844331,0.100168,1.180828,0.3961155,Nothing
53.71398,24,2,3,0,0.923054,0.9131841,0.2439238,292.9661,315.8161,0.7112693,0.9919543,0.99462,0.18578,0.1051205,1.165676,0.407817,Nothing
53.72394,24,2,3,0,0.9237052,0.9121282,0.2436799,292.8199,316.3168,0.1780696,0.9916879,0.9937353,0.1873022,0.1078763,1.147464,0.4202847,Nothing
53.73936,24,2,3,0,0.9245297,0.9106939,0.243202,292.3979,316.876,359.5151,0.991413,0.9923666,0.1901392,0.1185381,1.115074,0.4420766,Nothing
53.74702,24,2,3,0,0.9248939,0.9100943,0.2431147,292.137,316.9423,359.3682,0.9913071,0.9915771,0.1915211,0.1235809,1.099391,0.4507686,Nothing
53.75592,24,2,3,0,0.9255686,0.9089918,0.2429474,291.8425,317.2672,358.9598,0.9911184,0.9903951,0.1935394,0.1296398,1.076381,0.4642612,Nothing
53.76698,24,2,3,0,0.9259967,0.9087345,0.24321,291.4288,316.8116,359.2487,0.9910439,0.9896303,0.1949303,0.1328501,1.060413,0.4711069,Nothing
53.77506,24,2,3,0,0.9262608,0.9088089,0.2430709,291.0991,316.3399,359.6471,0.990854,0.988944,0.1961566,0.139888,1.042657,0.4743039,Nothing
53.78492,24,2,3,0,0.9268863,0.9088135,0.2427981,290.7493,315.7621,0.1665716,0.9908175,0.9881276,0.197546,0.1481799,1.021039,0.478289,Nothing
53.79099,24,2,3,0,0.9272195,0.9090614,0.2425782,290.4312,315.1052,0.7805117,0.990578,0.987319,0.1988573,0.1567205,1.000268,0.4785912,Nothing
53.79984,24,2,3,0,0.9276029,0.9091486,0.242226,290.1378,314.5689,1.289692,0.9900527,0.986501,0.2002195,0.1638262,0.9767287,0.4810993,Nothing
53.80687,24,2,3,0,0.9280705,0.9093035,0.2416755,289.8242,314.0168,1.866348,0.9895358,0.9856023,0.2014065,0.1713748,0.9516686,0.4825199,Nothing
53.81661,24,2,3,0,0.9287509,0.9093376,0.2410724,289.3664,313.3116,2.549984,0.9886593,0.9842347,0.2031886,0.1789577,0.9159876,0.4854712,Nothing
53.82386,24,2,3,0,0.9292024,0.909437,0.2404098,289.0315,312.7682,3.145508,0.9878109,0.9833871,0.204243,0.1842023,0.8890304,0.4883624,Nothing
53.83496,24,2,3,0,0.9298674,0.909557,0.2395275,288.6711,312.1024,3.857683,0.9866804,0.9824672,0.2050829,0.1860348,0.8581498,0.4915826,Nothing
53.85415,24,2,3,0,0.9308581,0.9100196,0.2382021,288.0542,310.7163,5.330739,0.9837461,0.9804576,0.2057654,0.1765871,0.8038294,0.489577,Nothing
53.86086,24,2,3,0,0.9314928,0.9104706,0.2374822,287.5907,309.4769,6.596373,0.9816767,0.978924,0.2065544,0.1708895,0.764401,0.4856441,Nothing
53.87562,24,2,3,0,0.9320065,0.9112847,0.2367261,287.151,308.1146,7.973782,0.9787577,0.9775421,0.2071348,0.1584125,0.7209426,0.4802826,Nothing
53.88184,24,2,3,0,0.932618,0.911867,0.2358963,286.7967,306.8612,9.263096,0.9769066,0.9765313,0.2075337,0.152161,0.6873567,0.4769257,Nothing
53.8913,24,2,3,0,0.933034,0.912276,0.2353211,286.5661,305.9831,10.17149,0.9741336,0.975006,0.2081344,0.1388119,0.6495615,0.4701979,Nothing
53.89919,24,2,3,0,0.9333956,0.9126281,0.2346793,286.3547,304.9772,11.20601,0.9723166,0.9738712,0.20848,0.1318798,0.6213517,0.4647568,Nothing
53.90882,24,2,3,0,0.9338247,0.9131383,0.2339572,286.1498,304.0524,12.2118,0.9700343,0.9727554,0.208621,0.1202363,0.5900987,0.4588158,Nothing
53.92794,24,2,3,0,0.9347571,0.9139889,0.2323431,285.7148,302.1477,14.31306,0.965613,0.9706851,0.2089767,0.09907682,0.5271958,0.4502438,Nothing
53.93575,24,2,3,0,0.9356548,0.9144194,0.2310229,285.3813,300.7027,15.89845,0.9620041,0.9689238,0.2092227,0.07952861,0.476261,0.4447044,Nothing
53.95051,24,2,3,0,0.9366013,0.9151493,0.2291465,285.0522,299.0919,17.79898,0.9575796,0.9667132,0.2094214,0.05749702,0.4139363,0.4340222,Nothing
53.95685,24,2,3,0,0.9370517,0.9156095,0.2283909,284.8773,298.1223,18.86112,0.9556012,0.9655963,0.2095128,0.04651086,0.3856427,0.4267048,Nothing
53.96619,24,2,3,0,0.9373406,0.9158869,0.2278041,284.8215,297.6552,19.41953,0.953806,0.9646689,0.2095843,0.0361378,0.3631957,0.4209784,Nothing
53.9718,24,2,3,0,0.9375911,0.9159896,0.22725,284.7018,296.9619,20.18101,0.9522029,0.9639151,0.2096724,0.02769144,0.3427322,0.4185671,Nothing
53.9821,24,2,3,0,0.9377631,0.9158988,0.2269836,284.6096,296.7437,20.40419,0.9506611,0.9630691,0.2098511,0.0176998,0.3254469,0.4161876,Nothing
53.99214,24,2,3,0,0.9380232,0.9158898,0.2265401,284.4911,296.3414,20.84896,0.9492775,0.962255,0.2101078,0.01042535,0.3063484,0.4136031,Nothing
53.99902,24,2,3,0,0.9382243,0.9157282,0.2262601,284.3286,296.2496,20.9381,0.9480101,0.9616778,0.2104383,0.003211111,0.2899331,0.4143628,Nothing
54.00697,24,2,3,0,0.9384459,0.9151372,0.226018,284.1841,296.5025,20.70171,0.9469505,0.9609426,0.2108633,-0.002474728,0.2753245,0.4171225,Nothing
54.01492,24,2,3,0,0.93883,0.9143254,0.2255003,283.9785,296.8921,20.37425,0.9455692,0.9596712,0.2117303,-0.00721166,0.2511295,0.418752,Nothing
54.02537,24,2,3,0,0.9391423,0.9130755,0.2251277,283.8373,297.9443,19.40168,0.945223,0.9590778,0.2124548,-0.005803654,0.2398282,0.4280927,Nothing
54.03255,24,2,3,0,0.9393843,0.9125065,0.224789,283.7141,298.3232,19.07556,0.9448305,0.9584553,0.213166,-0.004025176,0.2270884,0.4304662,Nothing
54.04118,24,2,3,0,0.9396431,0.9116952,0.2244296,283.6095,299.0243,18.44439,0.9446065,0.9579129,0.2139403,-0.0007765163,0.2157717,0.435633,Nothing
54.04869,24,2,3,0,0.939899,0.9108269,0.2241335,283.5215,299.7867,17.74763,0.9445553,0.9574186,0.2148234,0.004046915,0.205649,0.4414762,Nothing
54.05907,24,2,3,0,0.9398711,0.9097465,0.2239453,283.3645,300.8772,16.70204,0.9446521,0.9566965,0.2160351,0.01274092,0.1963575,0.4467565,Nothing
54.077,24,2,3,0,0.9402614,0.9084581,0.2234405,283.2172,301.9301,15.71114,0.9456298,0.9563804,0.2179436,0.03240983,0.1840043,0.4585374,Nothing
54.10057,24,2,3,0,0.9402726,0.9085755,0.2233263,283.201,301.6928,15.94132,0.9473979,0.9568678,0.2196888,0.05901326,0.1825193,0.4610754,Nothing
54.11849,24,2,3,0,0.9402501,0.908283,0.2234097,283.2293,301.607,15.99092,0.9500361,0.9580464,0.2222136,0.09683149,0.1856873,0.4732851,Nothing
54.12527,24,2,3,0,0.940258,0.9083366,0.2233293,283.2541,301.6371,15.96237,0.9516996,0.9587875,0.2234704,0.118895,0.1885734,0.4783721,Nothing
54.14256,24,2,3,0,0.9399399,0.9085027,0.2236176,283.3411,301.8849,15.67564,0.9538741,0.9596321,0.2251177,0.146936,0.1975918,0.4815515,Nothing
54.1528,24,2,3,0,0.9399096,0.908508,0.2235916,283.3533,301.9485,15.60751,0.9547993,0.960048,0.2259535,0.1601846,0.1986675,0.4847653,Nothing
54.1623,24,2,3,0,0.9403151,0.9083534,0.2234066,283.3565,301.9448,15.60668,0.9559258,0.9603892,0.2272062,0.175834,0.1940108,0.4900222,Nothing
54.1776,24,2,3,0,0.9402789,0.908606,0.2231346,283.3588,301.8037,15.76466,0.9571831,0.9610408,0.2284271,0.1964276,0.1923757,0.4931707,Nothing
54.18463,24,2,3,0,0.9402968,0.9088566,0.2228823,283.3521,301.5291,16.06446,0.9582065,0.9614468,0.2297137,0.215305,0.1877224,0.4944665,Nothing
54.20221,24,2,3,0,0.9406011,0.9094707,0.2221713,283.3495,301.1238,16.54514,0.9592304,0.9616886,0.2315278,0.2389346,0.1723903,0.4921528,Nothing
54.21154,24,2,3,0,0.9405649,0.9097195,0.2219954,283.3753,300.835,16.87026,0.9596744,0.9616809,0.2325148,0.2511275,0.1662438,0.4897262,Nothing
54.23119,24,2,3,0,0.9406667,0.9104885,0.2213872,283.3939,300.1462,17.64022,0.9607839,0.9615582,0.235032,0.281222,0.1470206,0.481918,Nothing
54.24646,24,2,3,0,0.9407216,0.9113234,0.2208323,283.4603,299.5018,18.34962,0.9614518,0.9610367,0.237257,0.3055286,0.1270923,0.4695998,Nothing
54.25883,24,2,3,0,0.9407161,0.9119362,0.220493,283.5495,299.0612,18.80013,0.961947,0.9606635,0.2394479,0.3270275,0.1096654,0.4609243,Nothing
54.26642,24,2,3,0,0.9407246,0.9122784,0.2202992,283.6104,298.9204,18.94651,0.961925,0.9602373,0.2404318,0.3347416,0.09928668,0.4543563,Nothing
54.27498,24,2,3,0,0.9405749,0.9127765,0.2199201,283.6413,298.7238,19.19926,0.9620431,0.9598096,0.2415119,0.3465916,0.08784265,0.4459599,Nothing
54.28181,24,2,3,0,0.9406412,0.9131408,0.2195356,283.6962,298.5898,19.38398,0.9620457,0.9594697,0.2424473,0.355082,0.07598025,0.4402864,Nothing
54.2921,24,2,3,0,0.9406844,0.9135578,0.2190842,283.7394,298.3918,19.64244,0.9620517,0.9591607,0.2433516,0.3640615,0.06375483,0.434337,Nothing
54.30893,24,2,3,0,0.9408957,0.9145281,0.2180748,283.7942,297.9517,20.23668,0.9619263,0.9587104,0.2451234,0.3804573,0.03657402,0.4233933,Nothing
54.31802,24,2,3,0,0.9409783,0.9150395,0.2174876,283.8531,297.6547,20.63665,0.961832,0.9582706,0.2462923,0.3910272,0.01957792,0.4157469,Nothing
54.3334,24,2,3,0,0.9411681,0.9159772,0.2163387,283.9196,297.2444,21.22293,0.9614351,0.9578128,0.2476055,0.4030406,-0.007015478,0.4051746,Nothing
54.34811,24,2,3,0,0.9413064,0.9167404,0.2156875,284.017,296.9001,21.6769,0.9609517,0.9573486,0.2487183,0.4100056,-0.02756002,0.3955807,Nothing
54.35706,24,2,3,0,0.9412535,0.9169329,0.2153731,284.0657,296.7532,21.8816,0.9606149,0.957116,0.2492848,0.4137745,-0.03723789,0.3926344,Nothing
54.36455,24,2,3,0,0.9412065,0.9172554,0.2152408,284.1137,296.6172,22.02566,0.9602993,0.9568423,0.2498194,0.4160446,-0.04524325,0.3877456,Nothing
54.37487,24,2,3,0,0.9411489,0.9175702,0.2150419,284.1348,296.4371,22.23761,0.9599435,0.9565834,0.2504803,0.4193866,-0.0552279,0.383338,Nothing
54.38165,24,2,3,0,0.9410701,0.9179803,0.2148406,284.198,296.2951,22.38735,0.9593989,0.9561163,0.251312,0.4224075,-0.06784279,0.3764847,Nothing
54.39083,24,2,3,0,0.9411621,0.9181315,0.2146285,284.2042,296.3067,22.37952,0.9589689,0.9557013,0.251871,0.4231515,-0.07832424,0.372922,Nothing
54.3979,24,2,3,0,0.9411142,0.9183559,0.2145205,284.2352,296.2425,22.44167,0.9586155,0.9551948,0.2523279,0.4241506,-0.08610582,0.366844,Nothing
54.40572,24,2,3,0,0.9410579,0.9185472,0.2144779,284.2536,296.1573,22.5181,0.9581757,0.9548527,0.2527178,0.4238555,-0.09298289,0.3627319,Nothing
54.41377,24,2,3,0,0.9406579,0.9185987,0.2145174,284.3044,296.0537,22.61508,0.9577442,0.9545205,0.2530835,0.4257393,-0.09627564,0.3591127,Nothing
54.42364,24,2,3,0,0.9405627,0.9187147,0.2144999,284.3299,296.0571,22.60384,0.9572267,0.9544261,0.2534153,0.4247885,-0.1019238,0.3583511,Nothing
54.43078,24,2,3,0,0.9404922,0.9189503,0.2142727,284.3568,296.0087,22.67144,0.9568039,0.9541656,0.253703,0.4252372,-0.1092666,0.3546968,Nothing
54.4398,24,2,3,0,0.9403719,0.9191436,0.2142465,284.3706,295.8583,22.81392,0.956315,0.9540118,0.2539309,0.424093,-0.1143632,0.352089,Nothing
54.44816,24,2,3,0,0.9402189,0.9194368,0.2141621,284.4024,295.6783,22.98937,0.9557232,0.9538051,0.2541924,0.4229603,-0.120912,0.3481604,Nothing
54.45668,24,2,3,0,0.9402692,0.9198955,0.2138733,284.4186,295.3385,23.36056,0.955541,0.9535236,0.2544444,0.424553,-0.1286394,0.3413088,Nothing
54.46458,24,2,3,0,0.9401919,0.9202513,0.2137399,284.4522,295.0388,23.68011,0.9552083,0.953439,0.2545534,0.4242404,-0.1333566,0.3372023,Nothing
54.47399,24,2,3,0,0.9399463,0.920538,0.2137753,284.4847,294.8013,23.94157,0.9549499,0.9532678,0.2547251,0.4249181,-0.1357351,0.3323695,Nothing
54.48981,24,2,3,0,0.9398606,0.9209537,0.2136793,284.5727,294.5996,24.18535,0.9543077,0.9529518,0.2550103,0.4228899,-0.1439292,0.3263844,Nothing
54.49708,24,2,3,0,0.9397413,0.9210642,0.2136569,284.6042,294.6262,24.17683,0.9539585,0.9528816,0.2552664,0.4228455,-0.1478854,0.3254652,Nothing
54.50593,24,2,3,0,0.9396654,0.9211009,0.2136969,284.6389,294.7467,24.05741,0.953722,0.9526293,0.2554956,0.4225402,-0.1507583,0.3234064,Nothing
54.51347,24,2,3,0,0.9395009,0.9209773,0.2140633,284.6775,294.86,23.90799,0.9533476,0.9524207,0.2558512,0.4208389,-0.1516746,0.3232483,Nothing
54.52179,24,2,3,0,0.939423,0.9209623,0.2141699,284.7063,294.9855,23.77629,0.9531187,0.9521496,0.2560714,0.4201318,-0.1538139,0.3214322,Nothing
54.53033,24,2,3,0,0.9392462,0.9210513,0.2141481,284.7314,295.0943,23.65866,0.9529844,0.9517577,0.2563014,0.4216062,-0.1562991,0.3170681,Nothing
54.53927,24,2,3,0,0.9393283,0.9207185,0.2141782,284.7791,295.3474,23.39269,0.9527891,0.9514725,0.2565596,0.4209456,-0.1591528,0.3189283,Nothing
54.54732,24,2,3,0,0.9391513,0.9207201,0.2142301,284.8088,295.5345,23.17812,0.9526131,0.9512499,0.2567681,0.4217008,-0.1603586,0.3172546,Nothing
54.55553,24,2,3,0,0.9392571,0.9209716,0.2143101,284.8117,295.6152,23.09089,0.9523134,0.9510852,0.2570454,0.4194824,-0.1653318,0.3144875,Nothing
54.56346,24,2,3,0,0.939191,0.9209871,0.214403,284.8376,295.7044,22.99317,0.9522521,0.9509221,0.257288,0.4203262,-0.1665923,0.3130584,Nothing
54.57207,24,2,3,0,0.9388462,0.9208506,0.214699,284.8929,295.7795,22.92302,0.9521227,0.9506072,0.257626,0.4220675,-0.1656483,0.3109802,Nothing
54.58027,24,2,3,0,0.9387384,0.9209895,0.2147484,284.9015,295.6072,23.09798,0.9521413,0.9504993,0.2578467,0.4241462,-0.1668319,0.3080897,Nothing
54.58903,24,2,3,0,0.9385886,0.9210988,0.2147346,284.9049,295.5274,23.17992,0.9521923,0.9504772,0.2581383,0.4276934,-0.1682156,0.3065001,Nothing
54.59701,24,2,3,0,0.9386648,0.9211217,0.2147712,284.9109,295.536,23.17086,0.9522152,0.9503787,0.2583918,0.4286423,-0.1704476,0.3056915,Nothing
54.60632,24,2,3,0,0.9385985,0.9211448,0.2148837,284.9296,295.5616,23.13322,0.9522305,0.9502869,0.2586425,0.430123,-0.1710365,0.3045704,Nothing
54.61552,24,2,3,0,0.9385211,0.9211835,0.214956,284.9446,295.568,23.12244,0.9523937,0.9502639,0.2588752,0.4330006,-0.17073,0.3035839,Nothing
54.62367,24,2,3,0,0.9382337,0.9212495,0.2153253,284.9901,295.6139,23.03521,0.9524469,0.9501438,0.2592449,0.4355419,-0.168416,0.3010258,Nothing
54.63062,24,2,3,0,0.9381259,0.9212795,0.2154748,285.0096,295.6302,22.99595,0.952511,0.9501451,0.2594208,0.4370758,-0.1672931,0.3003927,SelectionStart
54.63064,24,2,3,0,0.9381259,0.9212795,0.2154748,285.0096,295.6302,22.99595,0.952511,0.9501451,0.2594208,0.4370758,-0.1672931,0.3003927,SelectionEnd
54.63406,24,2,3,0,0.9381259,0.9212795,0.2154748,285.0096,295.6302,22.99595,0.952511,0.9501451,0.2594208,0.4370758,-0.1672931,0.3003927,GotSelection
54.64382,24,2,3,0,0.9379205,0.9213709,0.2157101,285.0375,295.6523,22.91842,0.9527166,0.9503686,0.2595553,0.4398121,-0.1629825,0.3006375,SelectionStart
54.64384,24,2,3,0,0.9379205,0.9213709,0.2157101,285.0375,295.6523,22.91842,0.9527166,0.9503686,0.2595553,0.4398121,-0.1629825,0.3006375,SelectionEnd
54.64722,24,2,3,0,0.9379205,0.9213709,0.2157101,285.0375,295.6523,22.91842,0.9527166,0.9503686,0.2595553,0.4398121,-0.1629825,0.3006375,GotSelection
54.69336,24,2,3,0,0.9374598,0.9219722,0.2156842,285.1218,295.6317,22.94232,0.9529374,0.9509782,0.2595882,0.4455357,-0.1586393,0.2990756,SelectionStart
54.69338,24,2,3,0,0.9374598,0.9219722,0.2156842,285.1218,295.6317,22.94232,0.9529374,0.9509782,0.2595882,0.4455357,-0.1586393,0.2990756,SelectionEnd
54.69675,24,2,3,0,0.9374598,0.9219722,0.2156842,285.1218,295.6317,22.94232,0.9529374,0.9509782,0.2595882,0.4455357,-0.1586393,0.2990756,GotSelection
54.70734,24,2,3,0,0.9373845,0.9223677,0.2156265,285.1925,295.4799,23.11686,0.9527829,0.9511204,0.2596099,0.4454724,-0.1603291,0.2965026,SelectionStart
54.70736,24,2,3,0,0.9373845,0.9223677,0.2156265,285.1925,295.4799,23.11686,0.9527829,0.9511204,0.2596099,0.4454724,-0.1603291,0.2965026,SelectionEnd
54.7112,24,2,3,0,0.9373845,0.9223677,0.2156265,285.1925,295.4799,23.11686,0.9527829,0.9511204,0.2596099,0.4454724,-0.1603291,0.2965026,GotSelection
54.72266,24,2,3,0,0.9369568,0.9228416,0.2157051,285.2493,295.3044,23.29331,0.9528528,0.9506772,0.2600724,0.4511707,-0.1621436,0.2863009,SelectionStart
54.72269,24,2,3,0,0.9369568,0.9228416,0.2157051,285.2493,295.3044,23.29331,0.9528528,0.9506772,0.2600724,0.4511707,-0.1621436,0.2863009,SelectionEnd
54.72602,24,2,3,0,0.9369568,0.9228416,0.2157051,285.2493,295.3044,23.29331,0.9528528,0.9506772,0.2600724,0.4511707,-0.1621436,0.2863009,GotSelection
54.73653,24,2,3,0,0.936811,0.9227248,0.2158196,285.3383,295.2399,23.34671,0.9522804,0.9503031,0.2602756,0.4485712,-0.165752,0.2847236,SelectionStart
54.73655,24,2,3,0,0.936811,0.9227248,0.2158196,285.3383,295.2399,23.34671,0.9522804,0.9503031,0.2602756,0.4485712,-0.165752,0.2847236,SelectionEnd
54.73984,24,2,3,0,0.936811,0.9227248,0.2158196,285.3383,295.2399,23.34671,0.9522804,0.9503031,0.2602756,0.4485712,-0.165752,0.2847236,GotSelection
54.75069,24,2,3,0,0.936592,0.9230041,0.215758,285.3569,295.1664,23.40167,0.9519663,0.9501712,0.2603258,0.4483473,-0.1680536,0.2808694,SelectionStart
54.7507,24,2,3,0,0.936592,0.9230041,0.215758,285.3569,295.1664,23.40167,0.9519663,0.9501712,0.2603258,0.4483473,-0.1680536,0.2808694,SelectionEnd
54.75397,24,2,3,0,0.936592,0.9230041,0.215758,285.3569,295.1664,23.40167,0.9519663,0.9501712,0.2603258,0.4483473,-0.1680536,0.2808694,GotSelection
54.76374,24,2,3,0,0.9364327,0.9234251,0.21567,285.3556,294.9982,23.56927,0.9509951,0.9500921,0.2601916,0.4415722,-0.1743149,0.2775124,SelectionStart
54.76376,24,2,3,0,0.9364327,0.9234251,0.21567,285.3556,294.9982,23.56927,0.9509951,0.9500921,0.2601916,0.4415722,-0.1743149,0.2775124,SelectionEnd
54.76714,24,2,3,0,0.9364327,0.9234251,0.21567,285.3556,294.9982,23.56927,0.9509951,0.9500921,0.2601916,0.4415722,-0.1743149,0.2775124,GotSelection
54.77766,24,2,3,0,0.9363862,0.923681,0.2155612,285.3541,294.782,23.79622,0.9502092,0.9500971,0.2601832,0.4366188,-0.1807162,0.2764988,SelectionStart
54.77769,24,2,3,0,0.9363862,0.923681,0.2155612,285.3541,294.782,23.79622,0.9502092,0.9500971,0.2601832,0.4366188,-0.1807162,0.2764988,SelectionEnd
54.78111,24,2,3,0,0.9363862,0.923681,0.2155612,285.3541,294.782,23.79622,0.9502092,0.9500971,0.2601832,0.4366188,-0.1807162,0.2764988,GotSelection
54.79404,24,2,3,0,0.9363136,0.9240626,0.2154177,285.3669,294.4483,24.14275,0.9493837,0.9501058,0.2599933,0.430568,-0.1864452,0.2738997,SelectionStart
54.79407,24,2,3,0,0.9363136,0.9240626,0.2154177,285.3669,294.4483,24.14275,0.9493837,0.9501058,0.2599933,0.430568,-0.1864452,0.2738997,SelectionEnd
54.79748,24,2,3,0,0.9363136,0.9240626,0.2154177,285.3669,294.4483,24.14275,0.9493837,0.9501058,0.2599933,0.430568,-0.1864452,0.2738997,GotSelection
54.81015,24,2,3,0,0.9358455,0.9246258,0.2155619,285.4264,294.184,24.40884,0.9482825,0.9500333,0.2600229,0.4247041,-0.1911982,0.2685066,SelectionStart
54.81017,24,2,3,0,0.9358455,0.9246258,0.2155619,285.4264,294.184,24.40884,0.9482825,0.9500333,0.2600229,0.4247041,-0.1911982,0.2685066,SelectionEnd
54.81341,24,2,3,0,0.9358455,0.9246258,0.2155619,285.4264,294.184,24.40884,0.9482825,0.9500333,0.2600229,0.4247041,-0.1911982,0.2685066,GotSelection
54.82516,24,2,3,0,0.9362275,0.9247535,0.2152684,285.4261,294.0124,24.59227,0.9472333,0.9497772,0.2599107,0.4148858,-0.2029493,0.2681085,SelectionStart
54.82518,24,2,3,0,0.9362275,0.9247535,0.2152684,285.4261,294.0124,24.59227,0.9472333,0.9497772,0.2599107,0.4148858,-0.2029493,0.2681085,SelectionEnd
54.82845,24,2,3,0,0.9362275,0.9247535,0.2152684,285.4261,294.0124,24.59227,0.9472333,0.9497772,0.2599107,0.4148858,-0.2029493,0.2681085,GotSelection
54.84277,24,2,3,0,0.9362605,0.9248886,0.2152579,285.4501,293.8999,24.70284,0.9459389,0.9495763,0.2599813,0.4052506,-0.2129072,0.2679553,SelectionStart
54.84279,24,2,3,0,0.9362605,0.9248886,0.2152579,285.4501,293.8999,24.70284,0.9459389,0.9495763,0.2599813,0.4052506,-0.2129072,0.2679553,SelectionEnd
54.84666,24,2,3,0,0.9362605,0.9248886,0.2152579,285.4501,293.8999,24.70284,0.9459389,0.9495763,0.2599813,0.4052506,-0.2129072,0.2679553,GotSelection
54.88876,24,2,3,0,0.9364953,0.9244638,0.2151643,285.3892,294.2361,24.38229,0.9411873,0.9485855,0.2590525,0.3609384,-0.2402507,0.2744552,SelectionStart
54.88878,24,2,3,0,0.9364953,0.9244638,0.2151643,285.3892,294.2361,24.38229,0.9411873,0.9485855,0.2590525,0.3609384,-0.2402507,0.2744552,SelectionEnd
54.89208,24,2,3,0,0.9364953,0.9244638,0.2151643,285.3892,294.2361,24.38229,0.9411873,0.9485855,0.2590525,0.3609384,-0.2402507,0.2744552,GotSelection
54.90154,24,2,3,0,0.9365711,0.9238253,0.2150873,285.3722,294.4451,24.19409,0.9392253,0.9482479,0.2586145,0.3431583,-0.2499627,0.2824203,SelectionStart
54.90156,24,2,3,0,0.9365711,0.9238253,0.2150873,285.3722,294.4451,24.19409,0.9392253,0.9482479,0.2586145,0.3431583,-0.2499627,0.2824203,SelectionEnd
54.90481,24,2,3,0,0.9365711,0.9238253,0.2150873,285.3722,294.4451,24.19409,0.9392253,0.9482479,0.2586145,0.3431583,-0.2499627,0.2824203,GotSelection
54.91393,24,2,3,0,0.936335,0.9238588,0.2153318,285.3677,294.5409,24.09318,0.9373868,0.9482403,0.2580987,0.3258026,-0.2545829,0.285281,SelectionStart
54.91395,24,2,3,0,0.936335,0.9238588,0.2153318,285.3677,294.5409,24.09318,0.9373868,0.9482403,0.2580987,0.3258026,-0.2545829,0.285281,SelectionEnd
54.91746,24,2,3,0,0.936335,0.9238588,0.2153318,285.3677,294.5409,24.09318,0.9373868,0.9482403,0.2580987,0.3258026,-0.2545829,0.285281,GotSelection
54.92741,24,2,3,0,0.936353,0.9237607,0.2152427,285.3696,294.6438,24.00786,0.9351776,0.94779,0.2577595,0.3067746,-0.2679247,0.2872019,SelectionStart
54.92743,24,2,3,0,0.936353,0.9237607,0.2152427,285.3696,294.6438,24.00786,0.9351776,0.94779,0.2577595,0.3067746,-0.2679247,0.2872019,SelectionEnd
54.9307,24,2,3,0,0.936353,0.9237607,0.2152427,285.3696,294.6438,24.00786,0.9351776,0.94779,0.2577595,0.3067746,-0.2679247,0.2872019,GotSelection
54.94109,24,2,3,0,0.9367718,0.9237464,0.2148527,285.3898,294.8448,23.88143,0.9334657,0.9470987,0.25736,0.2893987,-0.2833796,0.2861719,SelectionStart
54.94112,24,2,3,0,0.9367718,0.9237464,0.2148527,285.3898,294.8448,23.88143,0.9334657,0.9470987,0.25736,0.2893987,-0.2833796,0.2861719,SelectionEnd
54.94456,24,2,3,0,0.9367718,0.9237464,0.2148527,285.3898,294.8448,23.88143,0.9334657,0.9470987,0.25736,0.2893987,-0.2833796,0.2861719,GotSelection
54.95602,24,2,3,0,0.9370524,0.9235771,0.2148068,285.3868,295.0048,23.74048,0.9306507,0.9467174,0.2567965,0.2620592,-0.2998896,0.2913615,SelectionStart
54.95604,24,2,3,0,0.9370524,0.9235771,0.2148068,285.3868,295.0048,23.74048,0.9306507,0.9467174,0.2567965,0.2620592,-0.2998896,0.2913615,SelectionEnd
54.95949,24,2,3,0,0.9370524,0.9235771,0.2148068,285.3868,295.0048,23.74048,0.9306507,0.9467174,0.2567965,0.2620592,-0.2998896,0.2913615,GotSelection
54.96957,24,2,3,0,0.9371717,0.923499,0.2149465,285.3735,295.0958,23.62778,0.9282005,0.9468076,0.2564289,0.2394265,-0.3120672,0.2988405,SelectionStart
54.96958,24,2,3,0,0.9371717,0.923499,0.2149465,285.3735,295.0958,23.62778,0.9282005,0.9468076,0.2564289,0.2394265,-0.3120672,0.2988405,SelectionEnd
54.97285,24,2,3,0,0.9371717,0.923499,0.2149465,285.3735,295.0958,23.62778,0.9282005,0.9468076,0.2564289,0.2394265,-0.3120672,0.2988405,GotSelection
54.98281,24,2,3,0,0.9371184,0.9233057,0.215095,285.3392,295.2322,23.45794,0.9253525,0.9462336,0.2554922,0.2105562,-0.3227554,0.3007725,SelectionStart
54.98284,24,2,3,0,0.9371184,0.9233057,0.215095,285.3392,295.2322,23.45794,0.9253525,0.9462336,0.2554922,0.2105562,-0.3227554,0.3007725,SelectionEnd
54.98636,24,2,3,0,0.9371184,0.9233057,0.215095,285.3392,295.2322,23.45794,0.9253525,0.9462336,0.2554922,0.2105562,-0.3227554,0.3007725,GotSelection
54.99736,24,2,3,0,0.9372048,0.9231032,0.215115,285.3043,295.3558,23.3276,0.9234055,0.9455048,0.2548077,0.189722,-0.3319046,0.2997833,SelectionStart
54.99738,24,2,3,0,0.9372048,0.9231032,0.215115,285.3043,295.3558,23.3276,0.9234055,0.9455048,0.2548077,0.189722,-0.3319046,0.2997833,SelectionEnd
55.00116,24,2,3,0,0.9372048,0.9231032,0.215115,285.3043,295.3558,23.3276,0.9234055,0.9455048,0.2548077,0.189722,-0.3319046,0.2997833,GotSelection
55.0107,24,2,3,0,0.9372559,0.9228857,0.2150078,285.2747,295.4582,23.22398,0.9203254,0.9451284,0.2538252,0.1598524,-0.3459381,0.3048325,SelectionStart
55.01071,24,2,3,0,0.9372559,0.9228857,0.2150078,285.2747,295.4582,23.22398,0.9203254,0.9451284,0.2538252,0.1598524,-0.3459381,0.3048325,SelectionEnd
55.01402,24,2,3,0,0.9372559,0.9228857,0.2150078,285.2747,295.4582,23.22398,0.9203254,0.9451284,0.2538252,0.1598524,-0.3459381,0.3048325,GotSelection
55.02676,24,2,3,0,0.9372671,0.9227394,0.2148734,285.248,295.5258,23.17839,0.917922,0.9445115,0.2529937,0.1361584,-0.3575415,0.3052088,SelectionStart
55.02679,24,2,3,0,0.9372671,0.9227394,0.2148734,285.248,295.5258,23.17839,0.917922,0.9445115,0.2529937,0.1361584,-0.3575415,0.3052088,SelectionEnd
55.03058,24,2,3,0,0.9372671,0.9227394,0.2148734,285.248,295.5258,23.17839,0.917922,0.9445115,0.2529937,0.1361584,-0.3575415,0.3052088,GotSelection
55.04254,24,2,3,0,0.9373568,0.9228436,0.2148272,285.2475,295.4923,23.23145,0.913928,0.9435223,0.2515778,0.09482361,-0.3762667,0.3027117,SelectionStart
55.04257,24,2,3,0,0.9373568,0.9228436,0.2148272,285.2475,295.4923,23.23145,0.913928,0.9435223,0.2515778,0.09482361,-0.3762667,0.3027117,SelectionEnd
55.04619,24,2,3,0,0.9373568,0.9228436,0.2148272,285.2475,295.4923,23.23145,0.913928,0.9435223,0.2515778,0.09482361,-0.3762667,0.3027117,GotSelection
55.09121,24,2,3,0,0.9371623,0.9235551,0.2143326,285.327,295.0251,23.79564,0.9051266,0.9399258,0.2485011,0.007706027,-0.4227193,0.2783267,SelectionStart
55.09124,24,2,3,0,0.9371623,0.9235551,0.2143326,285.327,295.0251,23.79564,0.9051266,0.9399258,0.2485011,0.007706027,-0.4227193,0.2783267,SelectionEnd
55.09499,24,2,3,0,0.9371623,0.9235551,0.2143326,285.327,295.0251,23.79564,0.9051266,0.9399258,0.2485011,0.007706027,-0.4227193,0.2783267,GotSelection
55.11887,24,2,3,0,0.936628,0.9233319,0.2144336,285.3051,294.8882,23.92989,0.8994963,0.9368978,0.2464449,-0.04833115,-0.4462322,0.2604721,SelectionStart
55.11893,24,2,3,0,0.936628,0.9233319,0.2144336,285.3051,294.8882,23.92989,0.8994963,0.9368978,0.2464449,-0.04833115,-0.4462322,0.2604721,SelectionEnd
55.12397,24,2,3,0,0.936628,0.9233319,0.2144336,285.3051,294.8882,23.92989,0.8994963,0.9368978,0.2464449,-0.04833115,-0.4462322,0.2604721,GotSelection
55.13973,24,2,3,0,0.9365743,0.9235803,0.2144794,285.2877,294.8716,23.9043,0.8948483,0.9343464,0.2448097,-0.09712094,-0.4700789,0.2420904,SelectionStart
55.13976,24,2,3,0,0.9365743,0.9235803,0.2144794,285.2877,294.8716,23.9043,0.8948483,0.9343464,0.2448097,-0.09712094,-0.4700789,0.2420904,SelectionEnd
55.14323,24,2,3,0,0.9365743,0.9235803,0.2144794,285.2877,294.8716,23.9043,0.8948483,0.9343464,0.2448097,-0.09712094,-0.4700789,0.2420904,GotSelection
55.1591,24,2,3,0,0.9363881,0.9237043,0.2145549,285.279,294.9342,23.83261,0.8924251,0.932485,0.2436277,-0.1246632,-0.4798862,0.2265375,SelectionStart
55.15913,24,2,3,0,0.9363881,0.9237043,0.2145549,285.279,294.9342,23.83261,0.8924251,0.932485,0.2436277,-0.1246632,-0.4798862,0.2265375,SelectionEnd
55.16241,24,2,3,0,0.9363881,0.9237043,0.2145549,285.279,294.9342,23.83261,0.8924251,0.932485,0.2436277,-0.1246632,-0.4798862,0.2265375,GotSelection
55.17756,24,2,3,0,0.93638,0.9239532,0.2145543,285.2907,294.9155,23.84529,0.8894686,0.9307768,0.242328,-0.1577553,-0.4938396,0.2130925,SelectionStart
55.17759,24,2,3,0,0.93638,0.9239532,0.2145543,285.2907,294.9155,23.84529,0.8894686,0.9307768,0.242328,-0.1577553,-0.4938396,0.2130925,SelectionEnd
55.18096,24,2,3,0,0.93638,0.9239532,0.2145543,285.2907,294.9155,23.84529,0.8894686,0.9307768,0.242328,-0.1577553,-0.4938396,0.2130925,GotSelection
55.19365,24,2,3,0,0.936362,0.9239531,0.2146179,285.289,294.8131,23.93101,0.8870869,0.9294947,0.2412789,-0.1843197,-0.5038884,0.2049509,SelectionStart
55.19367,24,2,3,0,0.936362,0.9239531,0.2146179,285.289,294.8131,23.93101,0.8870869,0.9294947,0.2412789,-0.1843197,-0.5038884,0.2049509,SelectionEnd
55.19691,24,2,3,0,0.936362,0.9239531,0.2146179,285.289,294.8131,23.93101,0.8870869,0.9294947,0.2412789,-0.1843197,-0.5038884,0.2049509,GotSelection
55.21001,24,2,3,0,0.9363312,0.9242113,0.2145693,285.3277,294.6592,24.08889,0.8856575,0.9289284,0.2405151,-0.200515,-0.509419,0.1997963,SelectionStart
55.21002,24,2,3,0,0.9363312,0.9242113,0.2145693,285.3277,294.6592,24.08889,0.8856575,0.9289284,0.2405151,-0.200515,-0.509419,0.1997963,SelectionEnd
55.21335,24,2,3,0,0.9363312,0.9242113,0.2145693,285.3277,294.6592,24.08889,0.8856575,0.9289284,0.2405151,-0.200515,-0.509419,0.1997963,GotSelection
55.2263,24,2,3,0,0.9362947,0.9243627,0.2145598,285.3449,294.614,24.1256,0.8853334,0.9293643,0.2402538,-0.2039537,-0.5086576,0.2031779,SelectionStart
55.22633,24,2,3,0,0.9362947,0.9243627,0.2145598,285.3449,294.614,24.1256,0.8853334,0.9293643,0.2402538,-0.2039537,-0.5086576,0.2031779,SelectionEnd
55.22956,24,2,3,0,0.9362947,0.9243627,0.2145598,285.3449,294.614,24.1256,0.8853334,0.9293643,0.2402538,-0.2039537,-0.5086576,0.2031779,GotSelection
55.24322,24,2,3,0,0.9362741,0.9240646,0.2146943,285.3489,294.7261,23.95966,0.8852715,0.9301069,0.2400454,-0.2050316,-0.503925,0.2131792,SelectionStart
55.24324,24,2,3,0,0.9362741,0.9240646,0.2146943,285.3489,294.7261,23.95966,0.8852715,0.9301069,0.2400454,-0.2050316,-0.503925,0.2131792,SelectionEnd
55.24648,24,2,3,0,0.9362741,0.9240646,0.2146943,285.3489,294.7261,23.95966,0.8852715,0.9301069,0.2400454,-0.2050316,-0.503925,0.2131792,GotSelection
55.25937,24,2,3,0,0.9360332,0.9238027,0.2145746,285.3581,294.9701,23.75875,0.8875518,0.9324051,0.2406931,-0.1785451,-0.4869145,0.233169,SelectionStart
55.25939,24,2,3,0,0.9360332,0.9238027,0.2145746,285.3581,294.9701,23.75875,0.8875518,0.9324051,0.2406931,-0.1785451,-0.4869145,0.233169,SelectionEnd
55.26266,24,2,3,0,0.9360332,0.9238027,0.2145746,285.3581,294.9701,23.75875,0.8875518,0.9324051,0.2406931,-0.1785451,-0.4869145,0.233169,GotSelection
55.27338,24,2,3,0,0.9362906,0.9243882,0.2141095,285.3673,294.7728,24.00003,0.8903423,0.9352234,0.2414985,-0.1485978,-0.4745989,0.2504066,SelectionStart
55.27341,24,2,3,0,0.9362906,0.9243882,0.2141095,285.3673,294.7728,24.00003,0.8903423,0.9352234,0.2414985,-0.1485978,-0.4745989,0.2504066,SelectionEnd
55.27671,24,2,3,0,0.9362906,0.9243882,0.2141095,285.3673,294.7728,24.00003,0.8903423,0.9352234,0.2414985,-0.1485978,-0.4745989,0.2504066,GotSelection
55.31937,24,2,3,0,0.9355512,0.9256245,0.2139058,285.4838,294.0347,24.78196,0.9019703,0.9448251,0.2447093,-0.02228076,-0.4000878,0.3064706,SelectionStart
55.3194,24,2,3,0,0.9355512,0.9256245,0.2139058,285.4838,294.0347,24.78196,0.9019703,0.9448251,0.2447093,-0.02228076,-0.4000878,0.3064706,SelectionEnd
55.3227,24,2,3,0,0.9355512,0.9256245,0.2139058,285.4838,294.0347,24.78196,0.9019703,0.9448251,0.2447093,-0.02228076,-0.4000878,0.3064706,GotSelection
55.33352,24,2,3,0,0.9353553,0.9258042,0.2139195,285.5013,293.9828,24.80781,0.9065207,0.9480407,0.2459351,0.02544383,-0.3712263,0.3259149,SelectionStart
55.33354,24,2,3,0,0.9353553,0.9258042,0.2139195,285.5013,293.9828,24.80781,0.9065207,0.9480407,0.2459351,0.02544383,-0.3712263,0.3259149,SelectionEnd
55.3368,24,2,3,0,0.9353553,0.9258042,0.2139195,285.5013,293.9828,24.80781,0.9065207,0.9480407,0.2459351,0.02544383,-0.3712263,0.3259149,GotSelection
55.3482,24,2,3,0,0.9355631,0.9256608,0.2138408,285.4691,294.1073,24.67422,0.911238,0.9512815,0.2469274,0.07036518,-0.3420784,0.3490996,SelectionStart
55.34822,24,2,3,0,0.9355631,0.9256608,0.2138408,285.4691,294.1073,24.67422,0.911238,0.9512815,0.2469274,0.07036518,-0.3420784,0.3490996,SelectionEnd
55.35168,24,2,3,0,0.9355631,0.9256608,0.2138408,285.4691,294.1073,24.67422,0.911238,0.9512815,0.2469274,0.07036518,-0.3420784,0.3490996,GotSelection
55.36257,24,2,3,0,0.935415,0.9258847,0.213721,285.4973,294.0828,24.70256,0.9162608,0.9543355,0.2473944,0.1166015,-0.3061935,0.364821,SelectionStart
55.36259,24,2,3,0,0.935415,0.9258847,0.213721,285.4973,294.0828,24.70256,0.9162608,0.9543355,0.2473944,0.1166015,-0.3061935,0.364821,SelectionEnd
55.36595,24,2,3,0,0.935415,0.9258847,0.213721,285.4973,294.0828,24.70256,0.9162608,0.9543355,0.2473944,0.1166015,-0.3061935,0.364821,GotSelection
55.37692,24,2,3,0,0.9353561,0.9261015,0.2136505,285.506,293.9317,24.87688,0.9198974,0.9566325,0.2477568,0.1498705,-0.2807354,0.3764064,SelectionStart
55.37695,24,2,3,0,0.9353561,0.9261015,0.2136505,285.506,293.9317,24.87688,0.9198974,0.9566325,0.2477568,0.1498705,-0.2807354,0.3764064,SelectionEnd
55.38023,24,2,3,0,0.9353561,0.9261015,0.2136505,285.506,293.9317,24.87688,0.9198974,0.9566325,0.2477568,0.1498705,-0.2807354,0.3764064,GotSelection
55.38985,24,2,3,0,0.9354138,0.9257256,0.213706,285.5135,293.9158,24.90732,0.9246588,0.959577,0.2478954,0.1896664,-0.2430065,0.3974125,SelectionStart
55.38988,24,2,3,0,0.9354138,0.9257256,0.213706,285.5135,293.9158,24.90732,0.9246588,0.959577,0.2478954,0.1896664,-0.2430065,0.3974125,SelectionEnd
55.39332,24,2,3,0,0.9354138,0.9257256,0.213706,285.5135,293.9158,24.90732,0.9246588,0.959577,0.2478954,0.1896664,-0.2430065,0.3974125,GotSelection
55.40565,24,2,3,0,0.9353059,0.9259684,0.2138737,285.5211,293.9177,24.89018,0.9281405,0.9615449,0.2479382,0.2179294,-0.2146825,0.4052943,SelectionStart
55.40568,24,2,3,0,0.9353059,0.9259684,0.2138737,285.5211,293.9177,24.89018,0.9281405,0.9615449,0.2479382,0.2179294,-0.2146825,0.4052943,SelectionEnd
55.40965,24,2,3,0,0.9353059,0.9259684,0.2138737,285.5211,293.9177,24.89018,0.9281405,0.9615449,0.2479382,0.2179294,-0.2146825,0.4052943,GotSelection
55.42162,24,2,3,0,0.9351104,0.9262277,0.2139141,285.5582,293.9631,24.84446,0.9334266,0.9646366,0.2475713,0.2597578,-0.1691657,0.4190996,SelectionStart
55.42164,24,2,3,0,0.9351104,0.9262277,0.2139141,285.5582,293.9631,24.84446,0.9334266,0.9646366,0.2475713,0.2597578,-0.1691657,0.4190996,SelectionEnd
55.42505,24,2,3,0,0.9351104,0.9262277,0.2139141,285.5582,293.9631,24.84446,0.9334266,0.9646366,0.2475713,0.2597578,-0.1691657,0.4190996,GotSelection
55.43559,24,2,3,0,0.9350468,0.9263101,0.2140038,285.5725,294.0276,24.77498,0.9363597,0.966402,0.2470233,0.2798881,-0.140787,0.4275359,SelectionStart
55.43561,24,2,3,0,0.9350468,0.9263101,0.2140038,285.5725,294.0276,24.77498,0.9363597,0.966402,0.2470233,0.2798881,-0.140787,0.4275359,SelectionEnd
55.43892,24,2,3,0,0.9350468,0.9263101,0.2140038,285.5725,294.0276,24.77498,0.9363597,0.966402,0.2470233,0.2798881,-0.140787,0.4275359,GotSelection
55.45045,24,2,3,0,0.9346143,0.9264663,0.2144487,285.5699,293.9914,24.7327,0.9395435,0.9688044,0.2461614,0.3010399,-0.1018186,0.4390546,SelectionStart
55.45047,24,2,3,0,0.9346143,0.9264663,0.2144487,285.5699,293.9914,24.7327,0.9395435,0.9688044,0.2461614,0.3010399,-0.1018186,0.4390546,SelectionEnd
55.4538,24,2,3,0,0.9346143,0.9264663,0.2144487,285.5699,293.9914,24.7327,0.9395435,0.9688044,0.2461614,0.3010399,-0.1018186,0.4390546,GotSelection
55.46357,24,2,3,0,0.9343866,0.92644,0.2147462,285.5956,294.0112,24.65762,0.9423963,0.9707047,0.244934,0.3161759,-0.06526119,0.4485807,SelectionStart
55.46358,24,2,3,0,0.9343866,0.92644,0.2147462,285.5956,294.0112,24.65762,0.9423963,0.9707047,0.244934,0.3161759,-0.06526119,0.4485807,SelectionEnd
55.46716,24,2,3,0,0.9343866,0.92644,0.2147462,285.5956,294.0112,24.65762,0.9423963,0.9707047,0.244934,0.3161759,-0.06526119,0.4485807,GotSelection
55.50903,24,2,3,0,0.9344286,0.9260897,0.2149985,285.6492,294.1525,24.50531,0.9437292,0.973171,0.2428994,0.3134581,-0.03212456,0.4705746,SelectionStart
55.50906,24,2,3,0,0.9344286,0.9260897,0.2149985,285.6492,294.1525,24.50531,0.9437292,0.973171,0.2428994,0.3134581,-0.03212456,0.4705746,SelectionEnd
55.51229,24,2,3,0,0.9344286,0.9260897,0.2149985,285.6492,294.1525,24.50531,0.9437292,0.973171,0.2428994,0.3134581,-0.03212456,0.4705746,GotSelection
55.52242,24,2,3,0,0.9344351,0.9262606,0.2152983,285.6769,294.1862,24.44292,0.9430221,0.9734597,0.2421891,0.3013975,-0.0284241,0.4723839,SelectionStart
55.52245,24,2,3,0,0.9344351,0.9262606,0.2152983,285.6769,294.1862,24.44292,0.9430221,0.9734597,0.2421891,0.3013975,-0.0284241,0.4723839,SelectionEnd
55.52581,24,2,3,0,0.9344351,0.9262606,0.2152983,285.6769,294.1862,24.44292,0.9430221,0.9734597,0.2421891,0.3013975,-0.0284241,0.4723839,GotSelection
55.53564,24,2,3,0,0.934302,0.9263344,0.2152274,285.7053,294.2565,24.41538,0.9406829,0.9726202,0.2419743,0.2827264,-0.04373704,0.4688518,SelectionStart
55.53566,24,2,3,0,0.934302,0.9263344,0.2152274,285.7053,294.2565,24.41538,0.9406829,0.9726202,0.2419743,0.2827264,-0.04373704,0.4688518,SelectionEnd
55.53899,24,2,3,0,0.934302,0.9263344,0.2152274,285.7053,294.2565,24.41538,0.9406829,0.9726202,0.2419743,0.2827264,-0.04373704,0.4688518,GotSelection
55.54914,24,2,3,0,0.9340543,0.9266027,0.2153482,285.7353,294.2929,24.40273,0.9377514,0.9715909,0.2417079,0.2584402,-0.06116913,0.4624436,SelectionStart
55.54916,24,2,3,0,0.9340543,0.9266027,0.2153482,285.7353,294.2929,24.40273,0.9377514,0.9715909,0.2417079,0.2584402,-0.06116913,0.4624436,SelectionEnd
55.55244,24,2,3,0,0.9340543,0.9266027,0.2153482,285.7353,294.2929,24.40273,0.9377514,0.9715909,0.2417079,0.2584402,-0.06116913,0.4624436,GotSelection
55.56474,24,2,3,0,0.9340629,0.9264406,0.2152793,285.7418,294.4371,24.26148,0.9349118,0.9704742,0.2415243,0.2348896,-0.08080003,0.4602891,SelectionStart
55.56476,24,2,3,0,0.9340629,0.9264406,0.2152793,285.7418,294.4371,24.26148,0.9349118,0.9704742,0.2415243,0.2348896,-0.08080003,0.4602891,SelectionEnd
55.56815,24,2,3,0,0.9340629,0.9264406,0.2152793,285.7418,294.4371,24.26148,0.9349118,0.9704742,0.2415243,0.2348896,-0.08080003,0.4602891,GotSelection
55.57779,24,2,3,0,0.9341793,0.9259029,0.2152679,285.7056,294.5223,24.20589,0.9304497,0.9686776,0.2409644,0.1949556,-0.1095047,0.4589142,SelectionStart
55.5778,24,2,3,0,0.9341793,0.9259029,0.2152679,285.7056,294.5223,24.20589,0.9304497,0.9686776,0.2409644,0.1949556,-0.1095047,0.4589142,SelectionEnd
55.58108,24,2,3,0,0.9341793,0.9259029,0.2152679,285.7056,294.5223,24.20589,0.9304497,0.9686776,0.2409644,0.1949556,-0.1095047,0.4589142,GotSelection
55.59114,24,2,3,0,0.9341132,0.9260902,0.215155,285.6818,294.545,24.17514,0.926773,0.9669828,0.2408158,0.1653113,-0.137258,0.4494579,SelectionStart
55.59117,24,2,3,0,0.9341132,0.9260902,0.215155,285.6818,294.545,24.17514,0.926773,0.9669828,0.2408158,0.1653113,-0.137258,0.4494579,SelectionEnd
55.5945,24,2,3,0,0.9341132,0.9260902,0.215155,285.6818,294.545,24.17514,0.926773,0.9669828,0.2408158,0.1653113,-0.137258,0.4494579,GotSelection
55.60608,24,2,3,0,0.9344198,0.9262518,0.2148189,285.7029,294.6242,24.1441,0.9214967,0.964309,0.2403914,0.1192731,-0.1794249,0.4356214,SelectionStart
55.6061,24,2,3,0,0.9344198,0.9262518,0.2148189,285.7029,294.6242,24.1441,0.9214967,0.964309,0.2403914,0.1192731,-0.1794249,0.4356214,SelectionEnd
55.60936,24,2,3,0,0.9344198,0.9262518,0.2148189,285.7029,294.6242,24.1441,0.9214967,0.964309,0.2403914,0.1192731,-0.1794249,0.4356214,GotSelection
55.61877,24,2,3,0,0.9344738,0.9263306,0.2148963,285.7087,294.5725,24.17756,0.9175166,0.9622523,0.2396788,0.08128809,-0.2046897,0.423842,SelectionStart
55.61879,24,2,3,0,0.9344738,0.9263306,0.2148963,285.7087,294.5725,24.17756,0.9175166,0.9622523,0.2396788,0.08128809,-0.2046897,0.423842,SelectionEnd
55.62224,24,2,3,0,0.9344738,0.9263306,0.2148963,285.7087,294.5725,24.17756,0.9175166,0.9622523,0.2396788,0.08128809,-0.2046897,0.423842,GotSelection
55.63196,24,2,3,0,0.93453,0.9262971,0.2149817,285.7052,294.4616,24.26213,0.9111077,0.9589374,0.2389179,0.02343824,-0.2481348,0.4068067,SelectionStart
55.63197,24,2,3,0,0.93453,0.9262971,0.2149817,285.7052,294.4616,24.26213,0.9111077,0.9589374,0.2389179,0.02343824,-0.2481348,0.4068067,SelectionEnd
55.63552,24,2,3,0,0.93453,0.9262971,0.2149817,285.7052,294.4616,24.26213,0.9111077,0.9589374,0.2389179,0.02343824,-0.2481348,0.4068067,GotSelection
55.64733,24,2,3,0,0.9345852,0.9264071,0.2148543,285.6985,294.351,24.38348,0.9051812,0.9556402,0.2379418,-0.03111371,-0.288811,0.3873298,SelectionStart
55.64735,24,2,3,0,0.9345852,0.9264071,0.2148543,285.6985,294.351,24.38348,0.9051812,0.9556402,0.2379418,-0.03111371,-0.288811,0.3873298,SelectionEnd
55.6508,24,2,3,0,0.9345852,0.9264071,0.2148543,285.6985,294.351,24.38348,0.9051812,0.9556402,0.2379418,-0.03111371,-0.288811,0.3873298,GotSelection
55.66055,24,2,3,0,0.934549,0.9266026,0.2147125,285.6833,294.2319,24.49558,0.9007131,0.9528906,0.2372147,-0.07163606,-0.3204096,0.3687621,SelectionStart
55.66056,24,2,3,0,0.934549,0.9266026,0.2147125,285.6833,294.2319,24.49558,0.9007131,0.9528906,0.2372147,-0.07163606,-0.3204096,0.3687621,SelectionEnd
55.66386,24,2,3,0,0.934549,0.9266026,0.2147125,285.6833,294.2319,24.49558,0.9007131,0.9528906,0.2372147,-0.07163606,-0.3204096,0.3687621,GotSelection
55.70305,24,2,3,0,0.9345474,0.9267786,0.2146847,285.6224,293.9606,24.70803,0.8857182,0.9427279,0.2336106,-0.2199934,-0.4162521,0.3004078,SelectionStart
55.70307,24,2,3,0,0.9345474,0.9267786,0.2146847,285.6224,293.9606,24.70803,0.8857182,0.9427279,0.2336106,-0.2199934,-0.4162521,0.3004078,SelectionEnd
55.70631,24,2,3,0,0.9345474,0.9267786,0.2146847,285.6224,293.9606,24.70803,0.8857182,0.9427279,0.2336106,-0.2199934,-0.4162521,0.3004078,GotSelection
55.71607,24,2,3,0,0.9343572,0.9265972,0.2148702,285.598,293.9149,24.71168,0.8820913,0.9399391,0.2326301,-0.2564384,-0.4363846,0.2819125,SelectionStart
55.71609,24,2,3,0,0.9343572,0.9265972,0.2148702,285.598,293.9149,24.71168,0.8820913,0.9399391,0.2326301,-0.2564384,-0.4363846,0.2819125,SelectionEnd
55.71945,24,2,3,0,0.9343572,0.9265972,0.2148702,285.598,293.9149,24.71168,0.8820913,0.9399391,0.2326301,-0.2564384,-0.4363846,0.2819125,GotSelection
55.73196,24,2,3,0,0.934541,0.92656,0.2146396,285.5594,293.8657,24.76842,0.8779538,0.9364947,0.2315574,-0.2986342,-0.4664699,0.2579819,SelectionStart
55.73199,24,2,3,0,0.934541,0.92656,0.2146396,285.5594,293.8657,24.76842,0.8779538,0.9364947,0.2315574,-0.2986342,-0.4664699,0.2579819,SelectionEnd
55.73548,24,2,3,0,0.934541,0.92656,0.2146396,285.5594,293.8657,24.76842,0.8779538,0.9364947,0.2315574,-0.2986342,-0.4664699,0.2579819,GotSelection
55.74714,24,2,3,0,0.9349018,0.9264433,0.2144673,285.5728,293.8839,24.75809,0.8747671,0.9334497,0.2307605,-0.3329522,-0.491766,0.2375168,SelectionStart
55.74715,24,2,3,0,0.9349018,0.9264433,0.2144673,285.5728,293.8839,24.75809,0.8747671,0.9334497,0.2307605,-0.3329522,-0.491766,0.2375168,SelectionEnd
55.7504,24,2,3,0,0.9349018,0.9264433,0.2144673,285.5728,293.8839,24.75809,0.8747671,0.9334497,0.2307605,-0.3329522,-0.491766,0.2375168,GotSelection
55.75987,24,2,3,0,0.9349854,0.9266182,0.2142502,285.5992,293.8839,24.78672,0.8719094,0.9308645,0.2300126,-0.3620462,-0.5132781,0.2174542,SelectionStart
55.7599,24,2,3,0,0.9349854,0.9266182,0.2142502,285.5992,293.8839,24.78672,0.8719094,0.9308645,0.2300126,-0.3620462,-0.5132781,0.2174542,SelectionEnd
55.76316,24,2,3,0,0.9349854,0.9266182,0.2142502,285.5992,293.8839,24.78672,0.8719094,0.9308645,0.2300126,-0.3620462,-0.5132781,0.2174542,GotSelection
55.77247,24,2,3,0,0.9344667,0.9269583,0.2143337,285.6351,293.837,24.86362,0.8704002,0.9295362,0.2296853,-0.3743981,-0.5204037,0.2035102,SelectionStart
55.77249,24,2,3,0,0.9344667,0.9269583,0.2143337,285.6351,293.837,24.86362,0.8704002,0.9295362,0.2296853,-0.3743981,-0.5204037,0.2035102,SelectionEnd
55.77608,24,2,3,0,0.9344667,0.9269583,0.2143337,285.6351,293.837,24.86362,0.8704002,0.9295362,0.2296853,-0.3743981,-0.5204037,0.2035102,GotSelection
55.78677,24,2,3,0,0.9344566,0.9269729,0.2142575,285.6361,293.8463,24.86986,0.8699362,0.9289054,0.229426,-0.3799477,-0.5234422,0.198113,SelectionStart
55.7868,24,2,3,0,0.9344566,0.9269729,0.2142575,285.6361,293.8463,24.86986,0.8699362,0.9289054,0.229426,-0.3799477,-0.5234422,0.198113,SelectionEnd
55.79048,24,2,3,0,0.9344566,0.9269729,0.2142575,285.6361,293.8463,24.86986,0.8699362,0.9289054,0.229426,-0.3799477,-0.5234422,0.198113,GotSelection
55.80142,24,2,3,0,0.9344227,0.9268883,0.2142668,285.6319,293.8913,24.8135,0.8694891,0.9286693,0.2293224,-0.3839222,-0.5257038,0.1974643,SelectionStart
55.80145,24,2,3,0,0.9344227,0.9268883,0.2142668,285.6319,293.8913,24.8135,0.8694891,0.9286693,0.2293224,-0.3839222,-0.5257038,0.1974643,SelectionEnd
55.80482,24,2,3,0,0.9344227,0.9268883,0.2142668,285.6319,293.8913,24.8135,0.8694891,0.9286693,0.2293224,-0.3839222,-0.5257038,0.1974643,GotSelection
55.81422,24,2,3,0,0.9343475,0.9268265,0.2143614,285.611,293.9232,24.75272,0.8691113,0.9285063,0.2293658,-0.3864421,-0.5277698,0.1969197,SelectionStart
55.81425,24,2,3,0,0.9343475,0.9268265,0.2143614,285.611,293.9232,24.75272,0.8691113,0.9285063,0.2293658,-0.3864421,-0.5277698,0.1969197,SelectionEnd
55.81754,24,2,3,0,0.9343475,0.9268265,0.2143614,285.611,293.9232,24.75272,0.8691113,0.9285063,0.2293658,-0.3864421,-0.5277698,0.1969197,GotSelection
55.82726,24,2,3,0,0.9342795,0.9266347,0.2146437,285.5874,293.9364,24.68638,0.870317,0.9299908,0.2298242,-0.3733069,-0.5171561,0.2101246,SelectionStart
55.82729,24,2,3,0,0.9342795,0.9266347,0.2146437,285.5874,293.9364,24.68638,0.870317,0.9299908,0.2298242,-0.3733069,-0.5171561,0.2101246,SelectionEnd
55.8305,24,2,3,0,0.9342795,0.9266347,0.2146437,285.5874,293.9364,24.68638,0.870317,0.9299908,0.2298242,-0.3733069,-0.5171561,0.2101246,GotSelection
55.84019,24,2,3,0,0.9341111,0.9267888,0.2148282,285.5723,293.845,24.71887,0.8716938,0.9315384,0.2303211,-0.3574242,-0.5065348,0.2201822,SelectionStart
55.8402,24,2,3,0,0.9341111,0.9267888,0.2148282,285.5723,293.845,24.71887,0.8716938,0.9315384,0.2303211,-0.3574242,-0.5065348,0.2201822,SelectionEnd
55.84352,24,2,3,0,0.9341111,0.9267888,0.2148282,285.5723,293.845,24.71887,0.8716938,0.9315384,0.2303211,-0.3574242,-0.5065348,0.2201822,GotSelection
55.8882,24,2,3,0,0.9326589,0.9280549,0.2149734,285.7086,293.0632,25.50914,0.8817197,0.9409205,0.233163,-0.2426978,-0.4323537,0.275487,SelectionStart
55.88821,24,2,3,0,0.9326589,0.9280549,0.2149734,285.7086,293.0632,25.50914,0.8817197,0.9409205,0.233163,-0.2426978,-0.4323537,0.275487,SelectionEnd
55.89143,24,2,3,0,0.9326589,0.9280549,0.2149734,285.7086,293.0632,25.50914,0.8817197,0.9409205,0.233163,-0.2426978,-0.4323537,0.275487,GotSelection
55.90092,24,2,3,0,0.9323186,0.9284225,0.2150104,285.7418,292.7901,25.76246,0.8859364,0.9444258,0.2343086,-0.1967561,-0.4035876,0.2961837,SelectionStart
55.90095,24,2,3,0,0.9323186,0.9284225,0.2150104,285.7418,292.7901,25.76246,0.8859364,0.9444258,0.2343086,-0.1967561,-0.4035876,0.2961837,SelectionEnd
55.9043,24,2,3,0,0.9323186,0.9284225,0.2150104,285.7418,292.7901,25.76246,0.8859364,0.9444258,0.2343086,-0.1967561,-0.4035876,0.2961837,GotSelection
55.91398,24,2,3,0,0.9253865,0.9310707,0.2067946,286.0127,296.0586,24.6771,0.8893853,0.9474819,0.2350078,-0.07552047,-0.3972408,0.2868231,SelectionStart
55.914,24,2,3,0,0.9253865,0.9310707,0.2067946,286.0127,296.0586,24.6771,0.8893853,0.9474819,0.2350078,-0.07552047,-0.3972408,0.2868231,SelectionEnd
55.91724,24,2,3,0,0.9253865,0.9310707,0.2067946,286.0127,296.0586,24.6771,0.8893853,0.9474819,0.2350078,-0.07552047,-0.3972408,0.2868231,GotSelection
55.92712,24,2,3,0,0.9314896,0.9298583,0.2034309,285.9662,296.2465,24.76108,0.8928885,0.9501012,0.2358015,-0.06642346,-0.4353895,0.3358769,SelectionStart
55.92715,24,2,3,0,0.9314896,0.9298583,0.2034309,285.9662,296.2465,24.76108,0.8928885,0.9501012,0.2358015,-0.06642346,-0.4353895,0.3358769,SelectionEnd
55.93042,24,2,3,0,0.9314896,0.9298583,0.2034309,285.9662,296.2465,24.76108,0.8928885,0.9501012,0.2358015,-0.06642346,-0.4353895,0.3358769,GotSelection
55.93977,24,2,3,0,0.9321926,0.9291062,0.2043727,285.947,296.034,24.90285,0.8978239,0.9532966,0.2365243,-0.02955247,-0.3981143,0.3634025,SelectionStart
55.93979,24,2,3,0,0.9321926,0.9291062,0.2043727,285.947,296.034,24.90285,0.8978239,0.9532966,0.2365243,-0.02955247,-0.3981143,0.3634025,SelectionEnd
55.94362,24,2,3,0,0.9321926,0.9291062,0.2043727,285.947,296.034,24.90285,0.8978239,0.9532966,0.2365243,-0.02955247,-0.3981143,0.3634025,GotSelection
55.95598,24,2,3,0,0.9359566,0.9265135,0.2039686,285.5017,295.9503,24.88284,0.9022686,0.9562375,0.2371328,-0.01167328,-0.3907724,0.4143727,SelectionStart
55.956,24,2,3,0,0.9359566,0.9265135,0.2039686,285.5017,295.9503,24.88284,0.9022686,0.9562375,0.2371328,-0.01167328,-0.3907724,0.4143727,SelectionEnd
55.9597,24,2,3,0,0.9359566,0.9265135,0.2039686,285.5017,295.9503,24.88284,0.9022686,0.9562375,0.2371328,-0.01167328,-0.3907724,0.4143727,GotSelection
55.97015,24,2,3,0,0.9367068,0.9265296,0.2048245,285.5512,295.9399,24.73678,0.9049394,0.9582091,0.2371969,0.001510923,-0.3676654,0.4282237,SelectionStart
55.97016,24,2,3,0,0.9367068,0.9265296,0.2048245,285.5512,295.9399,24.73678,0.9049394,0.9582091,0.2371969,0.001510923,-0.3676654,0.4282237,SelectionEnd
55.97345,24,2,3,0,0.9367068,0.9265296,0.2048245,285.5512,295.9399,24.73678,0.9049394,0.9582091,0.2371969,0.001510923,-0.3676654,0.4282237,GotSelection
55.98269,24,2,3,0,0.9371431,0.9270134,0.2045825,285.5406,295.5866,25.04526,0.9088798,0.9611701,0.237266,0.03436146,-0.3427004,0.4439804,SelectionStart
55.9827,24,2,3,0,0.9371431,0.9270134,0.2045825,285.5406,295.5866,25.04526,0.9088798,0.9611701,0.237266,0.03436146,-0.3427004,0.4439804,SelectionEnd
55.98616,24,2,3,0,0.9371431,0.9270134,0.2045825,285.5406,295.5866,25.04526,0.9088798,0.9611701,0.237266,0.03436146,-0.3427004,0.4439804,GotSelection
55.99706,24,2,3,0,0.9354534,0.9273633,0.2051892,285.4827,295.3374,25.23808,0.9113572,0.9630648,0.237131,0.06410592,-0.3080165,0.4475414,SelectionStart
55.99709,24,2,3,0,0.9354534,0.9273633,0.2051892,285.4827,295.3374,25.23808,0.9113572,0.9630648,0.237131,0.06410592,-0.3080165,0.4475414,SelectionEnd
56.00042,24,2,3,0,0.9354534,0.9273633,0.2051892,285.4827,295.3374,25.23808,0.9113572,0.9630648,0.237131,0.06410592,-0.3080165,0.4475414,GotSelection
56.00962,24,2,3,0,0.9356061,0.9276805,0.2056402,285.502,295.2085,25.28456,0.9143691,0.9655873,0.2371596,0.08672401,-0.2815171,0.4616478,SelectionStart
56.00964,24,2,3,0,0.9356061,0.9276805,0.2056402,285.502,295.2085,25.28456,0.9143691,0.9655873,0.2371596,0.08672401,-0.2815171,0.4616478,SelectionEnd
56.01286,24,2,3,0,0.9356061,0.9276805,0.2056402,285.502,295.2085,25.28456,0.9143691,0.9655873,0.2371596,0.08672401,-0.2815171,0.4616478,GotSelection
56.02288,24,2,3,0,0.93559,0.9275688,0.2054437,285.4979,295.1094,25.31225,0.9161525,0.9669197,0.2371224,0.1038566,-0.2680563,0.4714792,SelectionStart
56.0229,24,2,3,0,0.93559,0.9275688,0.2054437,285.4979,295.1094,25.31225,0.9161525,0.9669197,0.2371224,0.1038566,-0.2680563,0.4714792,SelectionEnd
56.02621,24,2,3,0,0.93559,0.9275688,0.2054437,285.4979,295.1094,25.31225,0.9161525,0.9669197,0.2371224,0.1038566,-0.2680563,0.4714792,GotSelection
56.03712,24,2,3,0,0.9351778,0.9275399,0.2063507,285.5266,295.0891,25.26297,0.9178854,0.9679465,0.2368148,0.1141032,-0.2424523,0.4752237,SelectionStart
56.03714,24,2,3,0,0.9351778,0.9275399,0.2063507,285.5266,295.0891,25.26297,0.9178854,0.9679465,0.2368148,0.1141032,-0.2424523,0.4752237,SelectionEnd
56.04059,24,2,3,0,0.9351778,0.9275399,0.2063507,285.5266,295.0891,25.26297,0.9178854,0.9679465,0.2368148,0.1141032,-0.2424523,0.4752237,GotSelection
56.08162,24,2,3,0,0.9351064,0.9277444,0.2069317,285.5072,294.5509,25.55426,0.9180044,0.9692299,0.2361341,0.1104667,-0.2291098,0.4833483,SelectionStart
56.08163,24,2,3,0,0.9351064,0.9277444,0.2069317,285.5072,294.5509,25.55426,0.9180044,0.9692299,0.2361341,0.1104667,-0.2291098,0.4833483,SelectionEnd
56.08503,24,2,3,0,0.9351064,0.9277444,0.2069317,285.5072,294.5509,25.55426,0.9180044,0.9692299,0.2361341,0.1104667,-0.2291098,0.4833483,GotSelection
56.09743,24,2,3,0,0.9352475,0.9280857,0.2072399,285.4861,294.3295,25.67827,0.9160298,0.9683035,0.2358865,0.08979298,-0.2413872,0.4752479,SelectionStart
56.09744,24,2,3,0,0.9352475,0.9280857,0.2072399,285.4861,294.3295,25.67827,0.9160298,0.9683035,0.2358865,0.08979298,-0.2413872,0.4752479,SelectionEnd
56.10199,24,2,3,0,0.9352475,0.9280857,0.2072399,285.4861,294.3295,25.67827,0.9160298,0.9683035,0.2358865,0.08979298,-0.2413872,0.4752479,GotSelection
56.1152,24,2,3,0,0.9348443,0.9275666,0.2079178,285.4712,294.4086,25.48541,0.9126502,0.9667611,0.2359136,0.06176178,-0.2574223,0.4718524,SelectionStart
56.11523,24,2,3,0,0.9348443,0.9275666,0.2079178,285.4712,294.4086,25.48541,0.9126502,0.9667611,0.2359136,0.06176178,-0.2574223,0.4718524,SelectionEnd
56.11912,24,2,3,0,0.9348443,0.9275666,0.2079178,285.4712,294.4086,25.48541,0.9126502,0.9667611,0.2359136,0.06176178,-0.2574223,0.4718524,GotSelection
56.13086,24,2,3,0,0.9352655,0.9276574,0.2082085,285.4231,294.3477,25.43583,0.909631,0.9650291,0.2358727,0.03156247,-0.2812699,0.4618391,SelectionStart
56.13087,24,2,3,0,0.9352655,0.9276574,0.2082085,285.4231,294.3477,25.43583,0.909631,0.9650291,0.2358727,0.03156247,-0.2812699,0.4618391,SelectionEnd
56.13426,24,2,3,0,0.9352655,0.9276574,0.2082085,285.4231,294.3477,25.43583,0.909631,0.9650291,0.2358727,0.03156247,-0.2812699,0.4618391,GotSelection
56.14397,24,2,3,0,0.9353513,0.9274396,0.2083005,285.3683,294.4277,25.32017,0.9080461,0.9634665,0.2358517,0.01633071,-0.2945084,0.4524216,SelectionStart
56.14399,24,2,3,0,0.9353513,0.9274396,0.2083005,285.3683,294.4277,25.32017,0.9080461,0.9634665,0.2358517,0.01633071,-0.2945084,0.4524216,SelectionEnd
56.14728,24,2,3,0,0.9353513,0.9274396,0.2083005,285.3683,294.4277,25.32017,0.9080461,0.9634665,0.2358517,0.01633071,-0.2945084,0.4524216,GotSelection
56.15689,24,2,3,0,0.9349653,0.9273516,0.2087505,285.3709,294.3527,25.27557,0.9057769,0.9620588,0.2357571,-0.002446148,-0.3054693,0.4434351,SelectionStart
56.15691,24,2,3,0,0.9349653,0.9273516,0.2087505,285.3709,294.3527,25.27557,0.9057769,0.9620588,0.2357571,-0.002446148,-0.3054693,0.4434351,SelectionEnd
56.16029,24,2,3,0,0.9349653,0.9273516,0.2087505,285.3709,294.3527,25.27557,0.9057769,0.9620588,0.2357571,-0.002446148,-0.3054693,0.4434351,GotSelection
56.1771,24,2,3,0,0.9351438,0.9271272,0.2092554,285.3139,294.148,25.33951,0.9019871,0.9603855,0.2355989,-0.03786809,-0.3296399,0.4378064,SelectionStart
56.17712,24,2,3,0,0.9351438,0.9271272,0.2092554,285.3139,294.148,25.33951,0.9019871,0.9603855,0.2355989,-0.03786809,-0.3296399,0.4378064,SelectionEnd
56.18044,24,2,3,0,0.9351438,0.9271272,0.2092554,285.3139,294.148,25.33951,0.9019871,0.9603855,0.2355989,-0.03786809,-0.3296399,0.4378064,GotSelection
56.19062,24,2,3,0,0.9353316,0.9270387,0.2092631,285.2813,293.9991,25.45511,0.8998597,0.959119,0.2352027,-0.05922913,-0.3444593,0.4312062,SelectionStart
56.19064,24,2,3,0,0.9353316,0.9270387,0.2092631,285.2813,293.9991,25.45511,0.8998597,0.959119,0.2352027,-0.05922913,-0.3444593,0.4312062,SelectionEnd
56.19414,24,2,3,0,0.9353316,0.9270387,0.2092631,285.2813,293.9991,25.45511,0.8998597,0.959119,0.2352027,-0.05922913,-0.3444593,0.4312062,GotSelection
56.2101,24,2,3,0,0.9348648,0.9280325,0.2097904,285.3377,293.3184,25.99149,0.8973964,0.9582717,0.2348086,-0.08061845,-0.3549231,0.4170825,Nothing
56.21767,24,2,3,0,0.9348108,0.9282281,0.2097771,285.3499,293.165,26.13909,0.8964882,0.9578663,0.2344933,-0.08953668,-0.3595588,0.4129837,Nothing
56.22628,24,2,3,0,0.9347668,0.9283884,0.2097365,285.3534,293.0267,26.27819,0.8972172,0.9573441,0.2336297,-0.08980332,-0.3501267,0.4034518,Nothing
56.23486,24,2,3,0,0.934662,0.9286316,0.209771,285.36,292.7722,26.49989,0.8969976,0.9575397,0.2332587,-0.09286469,-0.3480936,0.4027964,Nothing
56.2428,24,2,3,0,0.934616,0.9287375,0.209738,285.3619,292.7059,26.56697,0.8964003,0.9573057,0.2328447,-0.09991673,-0.34956,0.4004204,Nothing
56.25143,24,2,3,0,0.9345711,0.9288242,0.2097246,285.3524,292.6261,26.64885,0.8963961,0.9567343,0.2322029,-0.1045567,-0.3462271,0.393107,Nothing
56.25983,24,2,3,0,0.934224,0.9290351,0.2099238,285.4193,292.4673,26.7613,0.8956572,0.9562299,0.2315831,-0.1131955,-0.3440204,0.3865747,Nothing
56.26841,24,2,3,0,0.9342387,0.9290195,0.2098937,285.4161,292.4706,26.75839,0.8956684,0.9560738,0.2313336,-0.1148847,-0.3427307,0.3849562,Nothing
56.27705,24,2,3,0,0.934232,0.9293944,0.2098562,285.4484,292.3443,26.84172,0.895162,0.9554735,0.2312653,-0.1195405,-0.3480275,0.3767618,Nothing
56.28494,24,2,3,0,0.9341775,0.9294559,0.2098818,285.4599,292.3582,26.81672,0.8950095,0.9550411,0.2312123,-0.1213348,-0.3491979,0.3721467,Nothing
56.29315,24,2,3,0,0.9342074,0.9294462,0.2099099,285.4591,292.3343,26.82086,0.8945266,0.9545133,0.2311162,-0.1265355,-0.3528404,0.368202,Nothing
56.30128,24,2,3,0,0.9341631,0.9295882,0.2100458,285.4571,292.1616,26.95725,0.894168,0.954077,0.2309053,-0.1315178,-0.3538255,0.3629019,Nothing
56.30939,24,2,3,0,0.9341175,0.9296663,0.2100587,285.4637,292.1281,26.98213,0.8938068,0.9536052,0.2307591,-0.1355393,-0.3559661,0.3581638,Nothing
56.31789,24,2,3,0,0.9337352,0.9295319,0.2105848,285.5035,292.0265,27.0217,0.8931964,0.9530438,0.2302531,-0.1441303,-0.3506276,0.3537302,Nothing
56.32642,24,2,3,0,0.9336725,0.9296134,0.2105991,285.5103,291.9396,27.1079,0.8927302,0.952571,0.2299002,-0.1502112,-0.3517872,0.3489604,Nothing
56.33541,24,2,3,0,0.9335562,0.9298154,0.2107587,285.521,291.8319,27.17932,0.891952,0.9520797,0.2292676,-0.1610353,-0.3517991,0.3430754,Nothing
56.34365,24,2,3,0,0.9332534,0.9299232,0.2109164,285.5259,291.8086,27.20288,0.8914536,0.9515604,0.2286914,-0.1682117,-0.3489986,0.336695,Nothing
56.35154,24,2,3,0,0.9331818,0.9299839,0.2109322,285.5408,291.8073,27.20779,0.8909271,0.9510716,0.2281861,-0.1758296,-0.3492008,0.3320194,Nothing
56.36,24,2,3,0,0.932925,0.9300132,0.2112147,285.5801,291.7917,27.17564,0.8900886,0.9503684,0.2275501,-0.1869271,-0.3477002,0.325634,Nothing
56.36783,24,2,3,0,0.9329841,0.929844,0.2112698,285.556,291.8491,27.11847,0.8894213,0.9497375,0.227202,-0.1958321,-0.3504998,0.3223622,Nothing
56.3765,24,2,3,0,0.933148,0.9301804,0.2111181,285.5868,291.8997,27.05141,0.8883724,0.9488264,0.2263999,-0.2108021,-0.3562463,0.3127354,Nothing
56.38451,24,2,3,0,0.9331368,0.9301761,0.211098,285.5948,291.9714,26.98757,0.8876326,0.948019,0.226058,-0.2195764,-0.3603207,0.3064166,Nothing
56.39294,24,2,3,0,0.9330068,0.9300924,0.2113996,285.612,291.9154,27.00268,0.8871456,0.9470828,0.2258264,-0.226579,-0.3607585,0.298537,Nothing
56.40153,24,2,3,0,0.9329922,0.9301439,0.2113733,285.6113,291.8582,27.06688,0.8864127,0.9462131,0.2255584,-0.2347613,-0.3657768,0.2910749,Nothing
56.40967,24,2,3,0,0.9327906,0.9300408,0.2116039,285.6064,291.8092,27.07331,0.8856531,0.9452941,0.2252308,-0.2434525,-0.3673398,0.2838844,Nothing
56.41891,24,2,3,0,0.9327569,0.930093,0.2116076,285.6088,291.7546,27.12479,0.8848504,0.9443639,0.2248702,-0.2528602,-0.3719332,0.2758515,Nothing
56.42728,24,2,3,0,0.9329171,0.9299744,0.2114455,285.5967,291.7577,27.13515,0.8839161,0.9433229,0.2244851,-0.2638786,-0.3794896,0.2692543,Nothing
56.43542,24,2,3,0,0.9322882,0.9297049,0.2118213,285.5512,291.6348,27.23736,0.8821814,0.9414079,0.2239324,-0.280404,-0.3838844,0.2546278,Nothing
56.44267,24,2,3,0,0.9326057,0.9295252,0.2115504,285.5556,291.6694,27.22433,0.8816037,0.9407309,0.223744,-0.2873695,-0.3913113,0.2521245,Nothing
56.45142,24,2,3,0,0.9327483,0.9302728,0.2114258,285.5612,291.4605,27.43011,0.8799347,0.938718,0.2232398,-0.3068551,-0.4068053,0.2293493,Nothing
56.4595,24,2,3,0,0.932756,0.9303643,0.2113928,285.5708,291.4016,27.49001,0.878799,0.9373493,0.2228873,-0.3194171,-0.4152299,0.2177023,Nothing
56.46793,24,2,3,0,0.9327434,0.9305559,0.2114962,285.578,291.2962,27.56566,0.8774809,0.9357542,0.2226742,-0.3333516,-0.425703,0.2032712,Nothing
56.47608,24,2,3,0,0.9327698,0.9306421,0.2114417,285.5835,291.2365,27.63209,0.8763391,0.9342313,0.2224167,-0.3455663,-0.4355097,0.1903198,Nothing
56.48544,24,2,3,0,0.9327871,0.9307146,0.2112995,285.5989,291.2696,27.62592,0.8750616,0.9329042,0.2223374,-0.3568605,-0.4474558,0.1800712,Nothing
56.49261,24,2,3,0,0.9328441,0.9307276,0.2113806,285.6007,291.2358,27.64364,0.8739094,0.9314889,0.2221962,-0.3691376,-0.4570828,0.1689432,Nothing
56.50137,24,2,3,0,0.9328783,0.9307922,0.21121,285.6185,291.2841,27.63297,0.8729714,0.9302629,0.2220813,-0.3780183,-0.4665648,0.158959,Nothing
56.51027,24,2,3,0,0.9326825,0.9307795,0.2111951,285.6359,291.2485,27.66265,0.8715519,0.9285684,0.2219473,-0.3900967,-0.4775842,0.145652,Nothing
56.51825,24,2,3,0,0.9327868,0.9307757,0.2110343,285.653,291.3319,27.61621,0.8708118,0.9275211,0.2220765,-0.3961385,-0.4874229,0.1379888,Nothing
56.52697,24,2,3,0,0.9327994,0.9308113,0.211005,285.6706,291.3929,27.56294,0.870194,0.9262977,0.222162,-0.4017757,-0.4953005,0.1275077,Nothing
56.53533,24,2,3,0,0.9328854,0.9307747,0.2108724,285.6729,291.4673,27.51652,0.8694137,0.9251738,0.2223369,-0.4078652,-0.5056123,0.119339,Nothing
56.54378,24,2,3,0,0.9328053,0.9308065,0.2108513,285.6769,291.5521,27.44827,0.8686395,0.9240298,0.2224422,-0.4138921,-0.5137507,0.1096928,Nothing
56.55241,24,2,3,0,0.9331025,0.9308793,0.2106589,285.6787,291.571,27.44625,0.8675973,0.9225184,0.2228915,-0.4218206,-0.5309054,0.09822536,Nothing
56.56095,24,2,3,0,0.9331862,0.9308224,0.2105718,285.6794,291.6708,27.36147,0.8669856,0.9215181,0.2232031,-0.4257126,-0.5405659,0.09109154,Nothing
56.57031,24,2,3,0,0.9333736,0.9306079,0.2105627,285.687,291.8215,27.22206,0.866345,0.9206257,0.2235923,-0.4302303,-0.550441,0.08696029,Nothing
56.57858,24,2,3,0,0.9334526,0.9305679,0.2104835,285.6885,291.891,27.16845,0.8658496,0.9197373,0.2240052,-0.4324635,-0.5597977,0.08057896,Nothing
56.58662,24,2,3,0,0.9336186,0.9304839,0.210261,285.6953,292.0266,27.07183,0.8654791,0.9188547,0.2245367,-0.432804,-0.5706071,0.07488674,Nothing
56.59503,24,2,3,0,0.9339766,0.9307166,0.2102042,285.7176,292.0092,27.07002,0.8651208,0.9181054,0.224966,-0.435963,-0.5813864,0.06786654,Nothing
56.60419,24,2,3,0,0.9332564,0.9311954,0.2091297,285.7856,292.5066,26.86951,0.8645064,0.9170105,0.2255449,-0.4289661,-0.5949286,0.05445416,Nothing
56.61158,24,2,3,0,0.9331179,0.9310073,0.2093722,285.8083,292.4804,26.87338,0.8642636,0.9164768,0.225904,-0.4291704,-0.5974758,0.05175459,Nothing
56.62074,24,2,3,0,0.9334082,0.9309531,0.2090256,285.8301,292.5492,26.85368,0.8640589,0.9158958,0.2262388,-0.4295091,-0.6067274,0.04882327,Nothing
56.62858,24,2,3,0,0.9334978,0.93183,0.2100355,286.0652,292.5576,26.62008,0.8638221,0.91537,0.226524,-0.4361497,-0.6083426,0.0381499,Nothing
56.63877,24,2,3,0,0.9333941,0.9320877,0.2101122,286.1017,292.4502,26.71529,0.8634757,0.9144561,0.2270942,-0.4360344,-0.6166318,0.02836645,Nothing
56.64596,24,2,3,0,0.9334369,0.9321111,0.2100501,286.1155,292.4526,26.71935,0.8637739,0.9140158,0.2272395,-0.4333627,-0.6177039,0.02355525,Nothing
56.65629,24,2,3,0,0.9331921,0.9322449,0.2100812,286.1634,292.2845,26.86899,0.863507,0.9132989,0.2276521,-0.431896,-0.6229701,0.01640136,Nothing
56.66364,24,2,3,0,0.9333619,0.9321629,0.2105275,286.1296,291.9471,27.09613,0.8633229,0.9127323,0.2279999,-0.4347806,-0.6264471,0.01220151,Nothing
56.67187,24,2,3,0,0.9333773,0.9324378,0.2106126,286.1322,291.786,27.2321,0.8628646,0.9123333,0.2283614,-0.437139,-0.6333971,0.007248106,Nothing
56.68025,24,2,3,0,0.9333293,0.93255,0.2106622,286.1466,291.7091,27.29801,0.8627412,0.9120179,0.2286298,-0.4366925,-0.6366717,0.003715018,Nothing
56.68855,24,2,3,0,0.9332396,0.9327076,0.2107212,286.1516,291.5807,27.40666,0.8627527,0.9119875,0.228771,-0.4354552,-0.6372352,0.001817205,SelectionStart
56.68857,24,2,3,0,0.9332396,0.9327076,0.2107212,286.1516,291.5807,27.40666,0.8627527,0.9119875,0.228771,-0.4354552,-0.6372352,0.001817205,SelectionEnd
56.69201,24,2,3,0,0.9332396,0.9327076,0.2107212,286.1516,291.5807,27.40666,0.8627527,0.9119875,0.228771,-0.4354552,-0.6372352,0.001817205,GotSelection
56.70233,24,2,3,0,0.93316,0.9328873,0.2107805,286.1752,291.4499,27.53286,0.8626824,0.9119499,0.229348,-0.4321736,-0.6416359,0.0005765345,SelectionStart
56.70235,24,2,3,0,0.93316,0.9328873,0.2107805,286.1752,291.4499,27.53286,0.8626824,0.9119499,0.229348,-0.4321736,-0.6416359,0.0005765345,SelectionEnd
56.7058,24,2,3,0,0.93316,0.9328873,0.2107805,286.1752,291.4499,27.53286,0.8626824,0.9119499,0.229348,-0.4321736,-0.6416359,0.0005765345,GotSelection
56.71589,24,2,3,0,0.9330264,0.9330447,0.21084,286.1994,291.3217,27.63916,0.8629598,0.9119198,0.2299136,-0.4257172,-0.6434483,-0.001450191,SelectionStart
56.7159,24,2,3,0,0.9330264,0.9330447,0.21084,286.1994,291.3217,27.63916,0.8629598,0.9119198,0.2299136,-0.4257172,-0.6434483,-0.001450191,SelectionEnd
56.71929,24,2,3,0,0.9330264,0.9330447,0.21084,286.1994,291.3217,27.63916,0.8629598,0.9119198,0.2299136,-0.4257172,-0.6434483,-0.001450191,GotSelection
56.76456,24,2,3,0,0.9321151,0.9329923,0.211582,286.2764,291.3445,27.52697,0.8647567,0.9123275,0.233708,-0.3830684,-0.6487477,4.309757E-05,SelectionStart
56.76458,24,2,3,0,0.9321151,0.9329923,0.211582,286.2764,291.3445,27.52697,0.8647567,0.9123275,0.233708,-0.3830684,-0.6487477,4.309757E-05,SelectionEnd
56.76787,24,2,3,0,0.9321151,0.9329923,0.211582,286.2764,291.3445,27.52697,0.8647567,0.9123275,0.233708,-0.3830684,-0.6487477,4.309757E-05,GotSelection
56.77827,24,2,3,0,0.9322287,0.9331166,0.2115444,286.2557,291.3209,27.52994,0.865014,0.9121863,0.234679,-0.3752761,-0.6562517,-0.002158299,SelectionStart
56.77828,24,2,3,0,0.9322287,0.9331166,0.2115444,286.2557,291.3209,27.52994,0.865014,0.9121863,0.234679,-0.3752761,-0.6562517,-0.002158299,SelectionEnd
56.78162,24,2,3,0,0.9322287,0.9331166,0.2115444,286.2557,291.3209,27.52994,0.865014,0.9121863,0.234679,-0.3752761,-0.6562517,-0.002158299,GotSelection
56.79396,24,2,3,0,0.9321115,0.9329591,0.2116269,286.2603,291.3987,27.44019,0.8655012,0.9127591,0.2354815,-0.3647213,-0.6560805,0.004186241,SelectionStart
56.79398,24,2,3,0,0.9321115,0.9329591,0.2116269,286.2603,291.3987,27.44019,0.8655012,0.9127591,0.2354815,-0.3647213,-0.6560805,0.004186241,SelectionEnd
56.79723,24,2,3,0,0.9321115,0.9329591,0.2116269,286.2603,291.3987,27.44019,0.8655012,0.9127591,0.2354815,-0.3647213,-0.6560805,0.004186241,GotSelection
56.80893,24,2,3,0,0.9321448,0.9327875,0.2114386,286.2562,291.4181,27.45155,0.8663404,0.9136456,0.2367724,-0.3475934,-0.6592425,0.01389201,SelectionStart
56.80896,24,2,3,0,0.9321448,0.9327875,0.2114386,286.2562,291.4181,27.45155,0.8663404,0.9136456,0.2367724,-0.3475934,-0.6592425,0.01389201,SelectionEnd
56.81289,24,2,3,0,0.9321448,0.9327875,0.2114386,286.2562,291.4181,27.45155,0.8663404,0.9136456,0.2367724,-0.3475934,-0.6592425,0.01389201,GotSelection
56.82481,24,2,3,0,0.9320953,0.9329715,0.2111904,286.2784,291.3791,27.54254,0.8663352,0.9152169,0.2378078,-0.3373445,-0.6648154,0.02898786,SelectionStart
56.82484,24,2,3,0,0.9320953,0.9329715,0.2111904,286.2784,291.3791,27.54254,0.8663352,0.9152169,0.2378078,-0.3373445,-0.6648154,0.02898786,SelectionEnd
56.82854,24,2,3,0,0.9320953,0.9329715,0.2111904,286.2784,291.3791,27.54254,0.8663352,0.9152169,0.2378078,-0.3373445,-0.6648154,0.02898786,GotSelection
56.84013,24,2,3,0,0.9322328,0.9333835,0.211085,286.2775,291.2365,27.68839,0.8674426,0.9165843,0.2390765,-0.319569,-0.6665661,0.03716439,SelectionStart
56.84015,24,2,3,0,0.9322328,0.9333835,0.211085,286.2775,291.2365,27.68839,0.8674426,0.9165843,0.2390765,-0.319569,-0.6665661,0.03716439,SelectionEnd
56.84348,24,2,3,0,0.9322328,0.9333835,0.211085,286.2775,291.2365,27.68839,0.8674426,0.9165843,0.2390765,-0.319569,-0.6665661,0.03716439,GotSelection
56.85519,24,2,3,0,0.9322174,0.9335558,0.2109295,286.282,291.141,27.80811,0.8686442,0.9179375,0.2405762,-0.2979527,-0.6682032,0.04723463,SelectionStart
56.8552,24,2,3,0,0.9322174,0.9335558,0.2109295,286.282,291.141,27.80811,0.8686442,0.9179375,0.2405762,-0.2979527,-0.6682032,0.04723463,SelectionEnd
56.85849,24,2,3,0,0.9322174,0.9335558,0.2109295,286.282,291.141,27.80811,0.8686442,0.9179375,0.2405762,-0.2979527,-0.6682032,0.04723463,GotSelection
56.86972,24,2,3,0,0.93214,0.9336432,0.2109449,286.2956,291.0301,27.91216,0.8695476,0.919008,0.2418289,-0.2808336,-0.6688476,0.0556591,SelectionStart
56.86974,24,2,3,0,0.93214,0.9336432,0.2109449,286.2956,291.0301,27.91216,0.8695476,0.919008,0.2418289,-0.2808336,-0.6688476,0.0556591,SelectionEnd
56.87304,24,2,3,0,0.93214,0.9336432,0.2109449,286.2956,291.0301,27.91216,0.8695476,0.919008,0.2418289,-0.2808336,-0.6688476,0.0556591,GotSelection
56.88239,24,2,3,0,0.9320499,0.9338061,0.2108906,286.3346,290.8954,28.06396,0.8706906,0.9206022,0.2435145,-0.2580736,-0.6704182,0.06859446,SelectionStart
56.88241,24,2,3,0,0.9320499,0.9338061,0.2108906,286.3346,290.8954,28.06396,0.8706906,0.9206022,0.2435145,-0.2580736,-0.6704182,0.06859446,SelectionEnd
56.88595,24,2,3,0,0.9320499,0.9338061,0.2108906,286.3346,290.8954,28.06396,0.8706906,0.9206022,0.2435145,-0.2580736,-0.6704182,0.06859446,GotSelection
56.89792,24,2,3,0,0.9319869,0.9339586,0.2108509,286.3796,290.8956,28.08431,0.8720865,0.9223989,0.244983,-0.2348954,-0.6682454,0.08287419,SelectionStart
56.89793,24,2,3,0,0.9319869,0.9339586,0.2108509,286.3796,290.8956,28.08431,0.8720865,0.9223989,0.244983,-0.2348954,-0.6682454,0.08287419,SelectionEnd
56.90144,24,2,3,0,0.9319869,0.9339586,0.2108509,286.3796,290.8956,28.08431,0.8720865,0.9223989,0.244983,-0.2348954,-0.6682454,0.08287419,GotSelection
56.91381,24,2,3,0,0.9317805,0.9339968,0.2110786,286.4039,290.8322,28.10522,0.8736014,0.9245086,0.246499,-0.2099294,-0.6619235,0.1000947,SelectionStart
56.91383,24,2,3,0,0.9317805,0.9339968,0.2110786,286.4039,290.8322,28.10522,0.8736014,0.9245086,0.246499,-0.2099294,-0.6619235,0.1000947,SelectionEnd
56.9172,24,2,3,0,0.9317805,0.9339968,0.2110786,286.4039,290.8322,28.10522,0.8736014,0.9245086,0.246499,-0.2099294,-0.6619235,0.1000947,GotSelection
56.95695,24,2,3,0,0.9326921,0.9337661,0.2111366,286.3228,290.817,28.03347,0.8796647,0.9317363,0.2508577,-0.1311305,-0.6431372,0.1627173,SelectionStart
56.95697,24,2,3,0,0.9326921,0.9337661,0.2111366,286.3228,290.817,28.03347,0.8796647,0.9317363,0.2508577,-0.1311305,-0.6431372,0.1627173,SelectionEnd
56.96053,24,2,3,0,0.9326921,0.9337661,0.2111366,286.3228,290.817,28.03347,0.8796647,0.9317363,0.2508577,-0.1311305,-0.6431372,0.1627173,GotSelection
56.97314,24,2,3,0,0.9315069,0.9340687,0.2115005,286.3993,290.7285,28.12792,0.8818067,0.9343064,0.2522906,-0.09579077,-0.6240779,0.1777942,SelectionStart
56.97316,24,2,3,0,0.9315069,0.9340687,0.2115005,286.3993,290.7285,28.12792,0.8818067,0.9343064,0.2522906,-0.09579077,-0.6240779,0.1777942,SelectionEnd
56.97705,24,2,3,0,0.9315069,0.9340687,0.2115005,286.3993,290.7285,28.12792,0.8818067,0.9343064,0.2522906,-0.09579077,-0.6240779,0.1777942,GotSelection
56.98648,24,2,3,0,0.9311568,0.9343072,0.2116103,286.4312,290.5948,28.25096,0.8845395,0.9373259,0.253502,-0.06120189,-0.6056659,0.1979903,SelectionStart
56.9865,24,2,3,0,0.9311568,0.9343072,0.2116103,286.4312,290.5948,28.25096,0.8845395,0.9373259,0.253502,-0.06120189,-0.6056659,0.1979903,SelectionEnd
56.98972,24,2,3,0,0.9311568,0.9343072,0.2116103,286.4312,290.5948,28.25096,0.8845395,0.9373259,0.253502,-0.06120189,-0.6056659,0.1979903,GotSelection
56.99928,24,2,3,0,0.9308728,0.9344506,0.2117714,286.4693,290.5077,28.32324,0.8867106,0.9397756,0.2542087,-0.03568007,-0.5882085,0.2147289,SelectionStart
56.99929,24,2,3,0,0.9308728,0.9344506,0.2117714,286.4693,290.5077,28.32324,0.8867106,0.9397756,0.2542087,-0.03568007,-0.5882085,0.2147289,SelectionEnd
57.00261,24,2,3,0,0.9308728,0.9344506,0.2117714,286.4693,290.5077,28.32324,0.8867106,0.9397756,0.2542087,-0.03568007,-0.5882085,0.2147289,GotSelection
57.01387,24,2,3,0,0.9315708,0.9344219,0.2116771,286.4865,290.5616,28.25442,0.8894921,0.9429893,0.2551034,-0.008757699,-0.5740573,0.2420318,SelectionStart
57.01389,24,2,3,0,0.9315708,0.9344219,0.2116771,286.4865,290.5616,28.25442,0.8894921,0.9429893,0.2551034,-0.008757699,-0.5740573,0.2420318,SelectionEnd
57.01719,24,2,3,0,0.9315708,0.9344219,0.2116771,286.4865,290.5616,28.25442,0.8894921,0.9429893,0.2551034,-0.008757699,-0.5740573,0.2420318,GotSelection
57.02693,24,2,3,0,0.9314499,0.9343808,0.2120054,286.4734,290.5809,28.19699,0.8918331,0.9455436,0.2554831,0.01391709,-0.5521705,0.2607172,SelectionStart
57.02695,24,2,3,0,0.9314499,0.9343808,0.2120054,286.4734,290.5809,28.19699,0.8918331,0.9455436,0.2554831,0.01391709,-0.5521705,0.2607172,SelectionEnd
57.03025,24,2,3,0,0.9314499,0.9343808,0.2120054,286.4734,290.5809,28.19699,0.8918331,0.9455436,0.2554831,0.01391709,-0.5521705,0.2607172,GotSelection
57.04054,24,2,3,0,0.9317372,0.9342852,0.2118823,286.4821,290.6678,28.12366,0.8939157,0.9479105,0.2556486,0.03250682,-0.5365313,0.28043,SelectionStart
57.04057,24,2,3,0,0.9317372,0.9342852,0.2118823,286.4821,290.6678,28.12366,0.8939157,0.9479105,0.2556486,0.03250682,-0.5365313,0.28043,SelectionEnd
57.04382,24,2,3,0,0.9317372,0.9342852,0.2118823,286.4821,290.6678,28.12366,0.8939157,0.9479105,0.2556486,0.03250682,-0.5365313,0.28043,GotSelection
57.05604,24,2,3,0,0.9313931,0.9340995,0.2121815,286.4765,290.6808,28.08097,0.8964922,0.9509162,0.2557449,0.05759766,-0.508221,0.3035102,SelectionStart
57.05605,24,2,3,0,0.9313931,0.9340995,0.2121815,286.4765,290.6808,28.08097,0.8964922,0.9509162,0.2557449,0.05759766,-0.508221,0.3035102,SelectionEnd
57.05942,24,2,3,0,0.9313931,0.9340995,0.2121815,286.4765,290.6808,28.08097,0.8964922,0.9509162,0.2557449,0.05759766,-0.508221,0.3035102,GotSelection
57.07187,24,2,3,0,0.9311303,0.9342524,0.2123997,286.4903,290.6738,28.06674,0.8987232,0.9537163,0.2554429,0.07656044,-0.4815415,0.3222087,SelectionStart
57.07189,24,2,3,0,0.9311303,0.9342524,0.2123997,286.4903,290.6738,28.06674,0.8987232,0.9537163,0.2554429,0.07656044,-0.4815415,0.3222087,SelectionEnd
57.07518,24,2,3,0,0.9311303,0.9342524,0.2123997,286.4903,290.6738,28.06674,0.8987232,0.9537163,0.2554429,0.07656044,-0.4815415,0.3222087,GotSelection
57.08537,24,2,3,0,0.9319601,0.9334438,0.2122137,286.3516,290.7538,27.97687,0.9003134,0.9560135,0.2548632,0.08339509,-0.4664474,0.3493427,SelectionStart
57.08539,24,2,3,0,0.9319601,0.9334438,0.2122137,286.3516,290.7538,27.97687,0.9003134,0.9560135,0.2548632,0.08339509,-0.4664474,0.3493427,SelectionEnd
57.08868,24,2,3,0,0.9319601,0.9334438,0.2122137,286.3516,290.7538,27.97687,0.9003134,0.9560135,0.2548632,0.08339509,-0.4664474,0.3493427,GotSelection
57.09848,24,2,3,0,0.9318085,0.9332647,0.2124843,286.3506,290.7763,27.93518,0.9009289,0.9572122,0.2541598,0.08449373,-0.4506678,0.3598025,SelectionStart
57.0985,24,2,3,0,0.9318085,0.9332647,0.2124843,286.3506,290.7763,27.93518,0.9009289,0.9572122,0.2541598,0.08449373,-0.4506678,0.3598025,SelectionEnd
57.10464,24,2,3,0,0.9318085,0.9332647,0.2124843,286.3506,290.7763,27.93518,0.9009289,0.9572122,0.2541598,0.08449373,-0.4506678,0.3598025,GotSelection
57.12746,24,2,3,0,0.9315327,0.933482,0.2126799,286.378,290.908,27.78426,0.9017698,0.9596588,0.2524671,0.08306003,-0.4233335,0.3770404,SelectionStart
57.12747,24,2,3,0,0.9315327,0.933482,0.2126799,286.378,290.908,27.78426,0.9017698,0.9596588,0.2524671,0.08306003,-0.4233335,0.3770404,SelectionEnd
57.13094,24,2,3,0,0.9315327,0.933482,0.2126799,286.378,290.908,27.78426,0.9017698,0.9596588,0.2524671,0.08306003,-0.4233335,0.3770404,GotSelection
57.17287,24,2,3,0,0.9326015,0.9329623,0.2122852,286.3659,291.2776,27.49714,0.8975492,0.957346,0.25075,0.03091015,-0.4515407,0.3726965,SelectionStart
57.17289,24,2,3,0,0.9326015,0.9329623,0.2122852,286.3659,291.2776,27.49714,0.8975492,0.957346,0.25075,0.03091015,-0.4515407,0.3726965,SelectionEnd
57.1762,24,2,3,0,0.9326015,0.9329623,0.2122852,286.3659,291.2776,27.49714,0.8975492,0.957346,0.25075,0.03091015,-0.4515407,0.3726965,GotSelection
57.18604,24,2,3,0,0.9327154,0.9329346,0.2123141,286.3829,291.309,27.46832,0.8946986,0.955127,0.2504712,0.003680852,-0.4736051,0.3590263,SelectionStart
57.18606,24,2,3,0,0.9327154,0.9329346,0.2123141,286.3829,291.309,27.46832,0.8946986,0.955127,0.2504712,0.003680852,-0.4736051,0.3590263,SelectionEnd
57.18954,24,2,3,0,0.9327154,0.9329346,0.2123141,286.3829,291.309,27.46832,0.8946986,0.955127,0.2504712,0.003680852,-0.4736051,0.3590263,GotSelection
57.1991,24,2,3,0,0.9328118,0.9329289,0.2122198,286.3743,291.2965,27.49187,0.8914908,0.9519268,0.2506575,-0.0235261,-0.5050085,0.3368278,SelectionStart
57.19911,24,2,3,0,0.9328118,0.9329289,0.2122198,286.3743,291.2965,27.49187,0.8914908,0.9519268,0.2506575,-0.0235261,-0.5050085,0.3368278,SelectionEnd
57.20253,24,2,3,0,0.9328118,0.9329289,0.2122198,286.3743,291.2965,27.49187,0.8914908,0.9519268,0.2506575,-0.0235261,-0.5050085,0.3368278,GotSelection
57.21375,24,2,3,0,0.9320359,0.9330244,0.2124206,286.3916,291.2744,27.52696,0.8876488,0.9482784,0.2505413,-0.05369227,-0.531649,0.3081955,SelectionStart
57.21376,24,2,3,0,0.9320359,0.9330244,0.2124206,286.3916,291.2744,27.52696,0.8876488,0.9482784,0.2505413,-0.05369227,-0.531649,0.3081955,SelectionEnd
57.2173,24,2,3,0,0.9320359,0.9330244,0.2124206,286.3916,291.2744,27.52696,0.8876488,0.9482784,0.2505413,-0.05369227,-0.531649,0.3081955,GotSelection
57.22729,24,2,3,0,0.932125,0.9328624,0.2121874,286.3448,291.2411,27.59568,0.8850478,0.9446821,0.2500533,-0.08058181,-0.5558244,0.281071,SelectionStart
57.22731,24,2,3,0,0.932125,0.9328624,0.2121874,286.3448,291.2411,27.59568,0.8850478,0.9446821,0.2500533,-0.08058181,-0.5558244,0.281071,SelectionEnd
57.23074,24,2,3,0,0.932125,0.9328624,0.2121874,286.3448,291.2411,27.59568,0.8850478,0.9446821,0.2500533,-0.08058181,-0.5558244,0.281071,GotSelection
57.2406,24,2,3,0,0.9319538,0.9331173,0.212061,286.3858,291.1723,27.68372,0.8811977,0.9408159,0.2496693,-0.1154796,-0.5876524,0.2506578,SelectionStart
57.24062,24,2,3,0,0.9319538,0.9331173,0.212061,286.3858,291.1723,27.68372,0.8811977,0.9408159,0.2496693,-0.1154796,-0.5876524,0.2506578,SelectionEnd
57.24398,24,2,3,0,0.9319538,0.9331173,0.212061,286.3858,291.1723,27.68372,0.8811977,0.9408159,0.2496693,-0.1154796,-0.5876524,0.2506578,GotSelection
57.25472,24,2,3,0,0.9314463,0.9329417,0.2121858,286.3394,291.0457,27.80888,0.8786928,0.9379289,0.2489576,-0.1397634,-0.6011909,0.2280287,SelectionStart
57.25474,24,2,3,0,0.9314463,0.9329417,0.2121858,286.3394,291.0457,27.80888,0.8786928,0.9379289,0.2489576,-0.1397634,-0.6011909,0.2280287,SelectionEnd
57.25805,24,2,3,0,0.9314463,0.9329417,0.2121858,286.3394,291.0457,27.80888,0.8786928,0.9379289,0.2489576,-0.1397634,-0.6011909,0.2280287,GotSelection
57.26788,24,2,3,0,0.9312192,0.9332285,0.2122796,286.3333,290.9023,27.9254,0.8751189,0.9331456,0.2485465,-0.1747461,-0.6317193,0.1866725,SelectionStart
57.26791,24,2,3,0,0.9312192,0.9332285,0.2122796,286.3333,290.9023,27.9254,0.8751189,0.9331456,0.2485465,-0.1747461,-0.6317193,0.1866725,SelectionEnd
57.27135,24,2,3,0,0.9312192,0.9332285,0.2122796,286.3333,290.9023,27.9254,0.8751189,0.9331456,0.2485465,-0.1747461,-0.6317193,0.1866725,GotSelection
57.28246,24,2,3,0,0.9309732,0.9334369,0.2123541,286.3519,290.7425,28.06549,0.8723787,0.9290185,0.2483617,-0.2007567,-0.656715,0.1507627,SelectionStart
57.28248,24,2,3,0,0.9309732,0.9334369,0.2123541,286.3519,290.7425,28.06549,0.8723787,0.9290185,0.2483617,-0.2007567,-0.656715,0.1507627,SelectionEnd
57.28584,24,2,3,0,0.9309732,0.9334369,0.2123541,286.3519,290.7425,28.06549,0.8723787,0.9290185,0.2483617,-0.2007567,-0.656715,0.1507627,GotSelection
57.29655,24,2,3,0,0.9306122,0.9337775,0.2125851,286.3802,290.5291,28.22284,0.8686234,0.9235641,0.2480258,-0.237189,-0.6889758,0.1028091,SelectionStart
57.29656,24,2,3,0,0.9306122,0.9337775,0.2125851,286.3802,290.5291,28.22284,0.8686234,0.9235641,0.2480258,-0.237189,-0.6889758,0.1028091,SelectionEnd
57.29986,24,2,3,0,0.9306122,0.9337775,0.2125851,286.3802,290.5291,28.22284,0.8686234,0.9235641,0.2480258,-0.237189,-0.6889758,0.1028091,GotSelection
57.30943,24,2,3,0,0.9312859,0.9340453,0.2122117,286.3988,290.383,28.36723,0.8660854,0.9197627,0.2478088,-0.2657042,-0.7209613,0.07196108,SelectionStart
57.30944,24,2,3,0,0.9312859,0.9340453,0.2122117,286.3988,290.383,28.36723,0.8660854,0.9197627,0.2478088,-0.2657042,-0.7209613,0.07196108,SelectionEnd
57.31272,24,2,3,0,0.9312859,0.9340453,0.2122117,286.3988,290.383,28.36723,0.8660854,0.9197627,0.2478088,-0.2657042,-0.7209613,0.07196108,GotSelection
57.35264,24,2,3,0,0.9306894,0.9345732,0.2125361,286.4876,290.0677,28.62602,0.8601315,0.9085242,0.2471139,-0.3283042,-0.7775638,-0.02857939,SelectionStart
57.35266,24,2,3,0,0.9306894,0.9345732,0.2125361,286.4876,290.0677,28.62602,0.8601315,0.9085242,0.2471139,-0.3283042,-0.7775638,-0.02857939,SelectionEnd
57.35629,24,2,3,0,0.9306894,0.9345732,0.2125361,286.4876,290.0677,28.62602,0.8601315,0.9085242,0.2471139,-0.3283042,-0.7775638,-0.02857939,GotSelection
57.36612,24,2,3,0,0.9305773,0.9346482,0.2127065,286.5355,290.0926,28.5705,0.8583779,0.9052483,0.2468165,-0.3479831,-0.7932776,-0.05662891,SelectionStart
57.36614,24,2,3,0,0.9305773,0.9346482,0.2127065,286.5355,290.0926,28.5705,0.8583779,0.9052483,0.2468165,-0.3479831,-0.7932776,-0.05662891,SelectionEnd
57.36954,24,2,3,0,0.9305773,0.9346482,0.2127065,286.5355,290.0926,28.5705,0.8583779,0.9052483,0.2468165,-0.3479831,-0.7932776,-0.05662891,GotSelection
57.37993,24,2,3,0,0.9305113,0.9346858,0.2127765,286.5759,290.1995,28.46185,0.8572956,0.9026754,0.2466192,-0.3609228,-0.8045223,-0.07899891,SelectionStart
57.37994,24,2,3,0,0.9305113,0.9346858,0.2127765,286.5759,290.1995,28.46185,0.8572956,0.9026754,0.2466192,-0.3609228,-0.8045223,-0.07899891,SelectionEnd
57.38329,24,2,3,0,0.9305113,0.9346858,0.2127765,286.5759,290.1995,28.46185,0.8572956,0.9026754,0.2466192,-0.3609228,-0.8045223,-0.07899891,GotSelection
57.39304,24,2,3,0,0.93043,0.9348063,0.2129111,286.6276,290.2791,28.35325,0.8558933,0.8993909,0.2462383,-0.378571,-0.8181137,-0.1083698,SelectionStart
57.39307,24,2,3,0,0.93043,0.9348063,0.2129111,286.6276,290.2791,28.35325,0.8558933,0.8993909,0.2462383,-0.378571,-0.8181137,-0.1083698,SelectionEnd
57.39639,24,2,3,0,0.93043,0.9348063,0.2129111,286.6276,290.2791,28.35325,0.8558933,0.8993909,0.2462383,-0.378571,-0.8181137,-0.1083698,GotSelection
57.40668,24,2,3,0,0.9303941,0.9347808,0.2131275,286.6708,290.4185,28.20755,0.8545927,0.8976964,0.2456469,-0.3956231,-0.8246075,-0.1213196,SelectionStart
57.4067,24,2,3,0,0.9303941,0.9347808,0.2131275,286.6708,290.4185,28.20755,0.8545927,0.8976964,0.2456469,-0.3956231,-0.8246075,-0.1213196,SelectionEnd
57.41006,24,2,3,0,0.9303941,0.9347808,0.2131275,286.6708,290.4185,28.20755,0.8545927,0.8976964,0.2456469,-0.3956231,-0.8246075,-0.1213196,GotSelection
57.42199,24,2,3,0,0.9303192,0.9346716,0.2133178,286.6736,290.5046,28.09535,0.8548409,0.8959848,0.2452174,-0.3991771,-0.8222538,-0.1384389,SelectionStart
57.42201,24,2,3,0,0.9303192,0.9346716,0.2133178,286.6736,290.5046,28.09535,0.8548409,0.8959848,0.2452174,-0.3991771,-0.8222538,-0.1384389,SelectionEnd
57.42529,24,2,3,0,0.9303192,0.9346716,0.2133178,286.6736,290.5046,28.09535,0.8548409,0.8959848,0.2452174,-0.3991771,-0.8222538,-0.1384389,GotSelection
57.43555,24,2,3,0,0.9302594,0.9345021,0.2135233,286.6561,290.5796,27.98628,0.8545715,0.8949096,0.2449647,-0.4045083,-0.8227364,-0.1474549,SelectionStart
57.43557,24,2,3,0,0.9302594,0.9345021,0.2135233,286.6561,290.5796,27.98628,0.8545715,0.8949096,0.2449647,-0.4045083,-0.8227364,-0.1474549,SelectionEnd
57.43924,24,2,3,0,0.9302594,0.9345021,0.2135233,286.6561,290.5796,27.98628,0.8545715,0.8949096,0.2449647,-0.4045083,-0.8227364,-0.1474549,GotSelection
57.45052,24,2,3,0,0.9301206,0.9345847,0.2137003,286.6571,290.6039,27.89678,0.8550528,0.8952844,0.2447271,-0.401353,-0.8153729,-0.1467047,SelectionStart
57.45055,24,2,3,0,0.9301206,0.9345847,0.2137003,286.6571,290.6039,27.89678,0.8550528,0.8952844,0.2447271,-0.401353,-0.8153729,-0.1467047,SelectionEnd
57.45378,24,2,3,0,0.9301206,0.9345847,0.2137003,286.6571,290.6039,27.89678,0.8550528,0.8952844,0.2447271,-0.401353,-0.8153729,-0.1467047,GotSelection
57.46386,24,2,3,0,0.9307454,0.9343842,0.2135285,286.6498,290.695,27.79106,0.8551183,0.8959222,0.2448284,-0.4021827,-0.8189824,-0.1368022,SelectionStart
57.46388,24,2,3,0,0.9307454,0.9343842,0.2135285,286.6498,290.695,27.79106,0.8551183,0.8959222,0.2448284,-0.4021827,-0.8189824,-0.1368022,SelectionEnd
57.46715,24,2,3,0,0.9307454,0.9343842,0.2135285,286.6498,290.695,27.79106,0.8551183,0.8959222,0.2448284,-0.4021827,-0.8189824,-0.1368022,GotSelection
57.47649,24,2,3,0,0.930286,0.9340528,0.2137584,286.6521,290.8096,27.6605,0.8558252,0.8971137,0.2451205,-0.3906361,-0.8082177,-0.1249893,SelectionStart
57.47652,24,2,3,0,0.930286,0.9340528,0.2137584,286.6521,290.8096,27.6605,0.8558252,0.8971137,0.2451205,-0.3906361,-0.8082177,-0.1249893,SelectionEnd
57.47988,24,2,3,0,0.930286,0.9340528,0.2137584,286.6521,290.8096,27.6605,0.8558252,0.8971137,0.2451205,-0.3906361,-0.8082177,-0.1249893,GotSelection
57.48922,24,2,3,0,0.9302776,0.9339864,0.2137735,286.6469,290.8365,27.62712,0.8565159,0.898382,0.2453847,-0.3817885,-0.8021991,-0.1136714,SelectionStart
57.48923,24,2,3,0,0.9302776,0.9339864,0.2137735,286.6469,290.8365,27.62712,0.8565159,0.898382,0.2453847,-0.3817885,-0.8021991,-0.1136714,SelectionEnd
57.49268,24,2,3,0,0.9302776,0.9339864,0.2137735,286.6469,290.8365,27.62712,0.8565159,0.898382,0.2453847,-0.3817885,-0.8021991,-0.1136714,GotSelection
57.50631,24,2,3,0,0.930234,0.9343841,0.2140227,286.6653,290.7661,27.66653,0.8580262,0.9014971,0.2458637,-0.3646115,-0.7871144,-0.09085348,SelectionStart
57.50634,24,2,3,0,0.930234,0.9343841,0.2140227,286.6653,290.7661,27.66653,0.8580262,0.9014971,0.2458637,-0.3646115,-0.7871144,-0.09085348,SelectionEnd
57.51064,24,2,3,0,0.930234,0.9343841,0.2140227,286.6653,290.7661,27.66653,0.8580262,0.9014971,0.2458637,-0.3646115,-0.7871144,-0.09085348,GotSelection
57.55114,24,2,3,0,0.9300503,0.934429,0.2140916,286.6915,290.7258,27.64997,0.8636124,0.9102507,0.2481737,-0.2937778,-0.7446333,-0.01885332,SelectionStart
57.55116,24,2,3,0,0.9300503,0.934429,0.2140916,286.6915,290.7258,27.64997,0.8636124,0.9102507,0.2481737,-0.2937778,-0.7446333,-0.01885332,SelectionEnd
57.55446,24,2,3,0,0.9300503,0.934429,0.2140916,286.6915,290.7258,27.64997,0.8636124,0.9102507,0.2481737,-0.2937778,-0.7446333,-0.01885332,GotSelection
57.56439,24,2,3,0,0.930074,0.9344552,0.213918,286.7142,290.8317,27.56878,0.8656092,0.9134585,0.2491052,-0.2674678,-0.7318867,0.008336073,SelectionStart
57.56441,24,2,3,0,0.930074,0.9344552,0.213918,286.7142,290.8317,27.56878,0.8656092,0.9134585,0.2491052,-0.2674678,-0.7318867,0.008336073,SelectionEnd
57.56794,24,2,3,0,0.930074,0.9344552,0.213918,286.7142,290.8317,27.56878,0.8656092,0.9134585,0.2491052,-0.2674678,-0.7318867,0.008336073,GotSelection
57.57833,24,2,3,0,0.930353,0.9347276,0.2137809,286.7372,290.8293,27.57931,0.8673503,0.9161823,0.2497462,-0.2480281,-0.7219137,0.02939361,SelectionStart
57.57835,24,2,3,0,0.930353,0.9347276,0.2137809,286.7372,290.8293,27.57931,0.8673503,0.9161823,0.2497462,-0.2480281,-0.7219137,0.02939361,SelectionEnd
57.58161,24,2,3,0,0.930353,0.9347276,0.2137809,286.7372,290.8293,27.57931,0.8673503,0.9161823,0.2497462,-0.2480281,-0.7219137,0.02939361,GotSelection
57.59316,24,2,3,0,0.9299475,0.9346602,0.214031,286.7874,290.8437,27.55659,0.8692896,0.9195037,0.2506554,-0.221328,-0.7029761,0.05739623,SelectionStart
57.59319,24,2,3,0,0.9299475,0.9346602,0.214031,286.7874,290.8437,27.55659,0.8692896,0.9195037,0.2506554,-0.221328,-0.7029761,0.05739623,SelectionEnd
57.59651,24,2,3,0,0.9299475,0.9346602,0.214031,286.7874,290.8437,27.55659,0.8692896,0.9195037,0.2506554,-0.221328,-0.7029761,0.05739623,GotSelection
57.60651,24,2,3,0,0.929776,0.93471,0.2142239,286.8445,290.9405,27.44168,0.8714596,0.9225287,0.2513296,-0.1962867,-0.6837803,0.08127738,SelectionStart
57.60652,24,2,3,0,0.929776,0.93471,0.2142239,286.8445,290.9405,27.44168,0.8714596,0.9225287,0.2513296,-0.1962867,-0.6837803,0.08127738,SelectionEnd
57.61004,24,2,3,0,0.929776,0.93471,0.2142239,286.8445,290.9405,27.44168,0.8714596,0.9225287,0.2513296,-0.1962867,-0.6837803,0.08127738,GotSelection
57.62983,24,2,3,0,0.9295047,0.934659,0.2149542,286.9337,291.1837,27.08419,0.8755772,0.9280376,0.2522182,-0.1536312,-0.6423281,0.1248053,Nothing
57.63843,24,2,3,0,0.9293436,0.9344995,0.2153594,286.9615,291.4312,26.77936,0.8776596,0.9304895,0.2526683,-0.1325227,-0.6213558,0.1446281,Nothing
57.64619,24,2,3,0,0.9292608,0.9343794,0.2156085,286.9771,291.604,26.57347,0.8786911,0.9319777,0.2525232,-0.1244805,-0.6069647,0.1571096,Nothing
57.65628,24,2,3,0,0.92914,0.9342207,0.2160362,286.9848,291.7782,26.33205,0.8799751,0.9335672,0.2527832,-0.1122361,-0.5920795,0.1703157,Nothing
57.67284,24,2,3,0,0.9287745,0.9339989,0.2168981,287.093,292.1663,25.79998,0.8823435,0.9364696,0.2525429,-0.09404892,-0.5576878,0.1933555,Nothing
57.6885,24,2,3,0,0.9281668,0.9341148,0.2181835,287.2933,292.46,25.29128,0.8850386,0.9396476,0.2522504,-0.07443611,-0.5158749,0.2142341,Nothing
57.69643,24,2,3,0,0.9277663,0.9342802,0.2189331,287.4504,292.5957,25.02283,0.8863365,0.9412195,0.2521418,-0.06473224,-0.4942178,0.2235907,Nothing
57.70491,24,2,3,0,0.9283503,0.9345374,0.2196526,287.6912,292.7549,24.66913,0.8880168,0.9433074,0.2516756,-0.06064109,-0.4725176,0.2389493,Nothing
57.71316,24,2,3,0,0.9279132,0.9351494,0.2205441,288.0171,292.8538,24.4262,0.8892627,0.9447048,0.2514632,-0.05337379,-0.4501008,0.2429806,Nothing
57.72169,24,2,3,0,0.9275187,0.9357658,0.2213958,288.3978,293.1122,24.04411,0.8900652,0.9458008,0.2513537,-0.04934922,-0.4324029,0.2459213,Nothing
57.7308,24,2,3,0,0.9267648,0.9368556,0.2221516,288.8771,293.5192,23.53968,0.8911695,0.9469946,0.2512068,-0.0408454,-0.4114486,0.2438731,Nothing
57.73885,24,2,3,0,0.9264132,0.9370918,0.2229954,289.2847,294.2566,22.68826,0.8922638,0.9481605,0.2510287,-0.03551726,-0.389884,0.2502903,Nothing
57.74758,24,2,3,0,0.9260285,0.9366859,0.2244411,289.8093,295.4552,21.30724,0.8939956,0.9499258,0.2507405,-0.02882551,-0.3540567,0.2661565,Nothing
57.76311,24,2,3,0,0.9262681,0.9351619,0.2256611,290.3136,297.6978,18.92269,0.895741,0.9515961,0.2504282,-0.02600904,-0.3193561,0.2937314,Nothing
57.77171,24,2,3,0,0.9261338,0.9341175,0.2268248,290.8849,299.6708,16.82303,0.8976158,0.9532288,0.2500505,-0.02074171,-0.2823412,0.3140918,Nothing
57.7796,24,2,3,0,0.9261259,0.9329766,0.2276192,291.3256,301.3853,15.0204,0.8986047,0.9544054,0.2499194,-0.01950822,-0.2578978,0.3338989,Nothing
57.7886,24,2,3,0,0.9259683,0.9316847,0.228616,291.8044,303.1253,13.14544,0.8998075,0.9554192,0.2497347,-0.01792144,-0.2288194,0.3515679,Nothing
57.79646,24,2,3,0,0.9258276,0.9300966,0.229639,292.3472,305.0703,11.02044,0.9010051,0.956395,0.2495978,-0.01707409,-0.1982845,0.3714312,Nothing
57.80513,24,2,3,0,0.9252237,0.9286317,0.2308787,292.8296,306.5493,9.352244,0.9023811,0.9571651,0.2495779,-0.01241894,-0.164475,0.3850036,Nothing
57.81332,24,2,3,0,0.9247705,0.9276826,0.2322017,293.4394,307.7614,7.883166,0.9035522,0.9579767,0.249595,-0.0106958,-0.1335642,0.3948488,Nothing
57.82266,24,2,3,0,0.9240626,0.9266124,0.2343237,294.4002,309.2552,5.997684,0.9049929,0.9591685,0.2495337,-0.01227574,-0.08860305,0.4052619,Nothing
57.83858,24,2,3,0,0.9228646,0.9256655,0.2373649,295.9999,310.8301,3.835775,0.9070947,0.9606345,0.249359,-0.01424196,-0.02403104,0.4090783,Nothing
57.84763,24,2,3,0,0.922157,0.9250039,0.2388506,296.8467,311.7392,2.618419,0.9087545,0.9612014,0.2491601,-0.01192746,0.0138252,0.4071772,Nothing
57.85535,24,2,3,0,0.9216179,0.9240191,0.240334,297.683,312.6724,1.375298,0.9098195,0.9618477,0.2490544,-0.0150279,0.0479001,0.4108751,Nothing
57.86349,24,2,3,0,0.9211349,0.9229335,0.2416718,298.5574,313.7299,0.03717358,0.9108661,0.9625314,0.2489585,-0.01864779,0.08150176,0.4155779,Nothing
57.87142,24,2,3,0,0.9206956,0.9213809,0.2428662,299.3404,314.8225,358.6737,0.911781,0.9630488,0.2488481,-0.02346955,0.1140481,0.4232486,Nothing
57.88002,24,2,3,0,0.9202083,0.9201092,0.2441224,300.1383,315.6895,357.5326,0.9127039,0.9635776,0.2487131,-0.02839347,0.1463368,0.4271889,Nothing
57.88822,24,2,3,0,0.9200203,0.9184358,0.2464165,301.4127,316.7548,355.9246,0.9141167,0.9643573,0.2485433,-0.04282439,0.1929135,0.4295655,Nothing
57.89736,24,2,3,0,0.9193671,0.9176134,0.2477394,302.2789,317.2731,355.1255,0.9147714,0.9648264,0.2484994,-0.04823705,0.2222206,0.427254,Nothing
57.90542,24,2,3,0,0.9179256,0.918398,0.2477813,303.473,318.0194,354.5001,0.9155206,0.965225,0.2484,-0.03751906,0.2434065,0.4101302,Nothing
57.91348,24,2,3,0,0.916906,0.9181004,0.2495717,304.4995,318.2039,353.9416,0.9159393,0.9654503,0.2483079,-0.04499644,0.2728826,0.3963816,Nothing
57.92185,24,2,3,0,0.917385,0.9171605,0.2507852,305.6358,318.3698,353.4174,0.9162489,0.9657894,0.2482395,-0.05997099,0.2936265,0.3963796,Nothing
57.93015,24,2,3,0,0.9163536,0.9170933,0.252786,306.8863,318.3875,352.9846,0.9167765,0.9660622,0.2481444,-0.06837098,0.3245467,0.3766035,Nothing
57.93791,24,2,3,0,0.9153648,0.9170635,0.2547491,308.2831,318.423,352.5558,0.9171239,0.9662349,0.2480654,-0.07822125,0.3530181,0.3547869,Nothing
57.94639,24,2,3,0,0.913128,0.9158989,0.2579715,309.7958,318.5333,351.9679,0.917698,0.966003,0.2480831,-0.08869646,0.4005047,0.3245919,Nothing
57.95468,24,2,3,0,0.9119785,0.9155115,0.260081,312.4343,318.9724,351.2183,0.918282,0.9661688,0.2479959,-0.1005111,0.4383015,0.2901825,Nothing
57.9632,24,2,3,0,0.9110603,0.9153473,0.2615722,314.1624,319.1773,350.7681,0.9186735,0.966347,0.2479394,-0.1078371,0.4631063,0.2645424,Nothing
57.97195,24,2,3,0,0.9109827,0.9155654,0.2618372,316.506,319.7528,350.4037,0.9189564,0.9663258,0.2478679,-0.1107045,0.4749043,0.239388,Nothing
57.97995,24,2,3,0,0.9106784,0.9154198,0.2625373,318.4775,320.1686,350.0366,0.919315,0.9663789,0.2477592,-0.1155672,0.4907998,0.2156987,Nothing
57.98919,24,2,3,0,0.9103808,0.9157223,0.2627715,320.6443,320.8008,349.7258,0.9195006,0.9664553,0.2478281,-0.1152548,0.4998632,0.1913913,Nothing
57.99768,24,2,3,0,0.9112667,0.9151365,0.2616265,323.8982,322.1541,349.1551,0.919909,0.9663724,0.2477403,-0.1148458,0.5075738,0.1738949,Nothing
58.01311,24,2,3,0,0.9123418,0.914968,0.2599208,327.1547,323.5291,348.6503,0.9200617,0.9658961,0.2478229,-0.1113275,0.5036655,0.1590807,Nothing
58.02171,24,2,3,0,0.9131212,0.9148585,0.2589917,330.1688,324.5989,348.425,0.92017,0.965615,0.2478018,-0.1109414,0.504204,0.1407234,Nothing
58.03002,24,2,3,0,0.9133739,0.915172,0.2580546,332.0549,325.2628,348.3741,0.9200283,0.9651939,0.2478082,-0.1063116,0.4979891,0.1290897,Nothing
58.03973,24,2,3,0,0.9134964,0.9157279,0.2572195,333.8505,325.8311,348.4142,0.9197334,0.9645823,0.2478165,-0.1012455,0.4877256,0.1163301,Nothing
58.05527,24,2,3,0,0.9137707,0.9176804,0.2558356,337.0608,326.6501,348.8164,0.9186585,0.963172,0.2478307,-0.09330434,0.4552166,0.09281658,Nothing
58.06314,24,2,3,0,0.9133939,0.9192588,0.2546828,338.4586,327.1201,349.1029,0.9182281,0.9625769,0.2479445,-0.07954898,0.4348895,0.08366086,Nothing
58.0721,24,2,3,0,0.9125643,0.9221084,0.2536256,340.5059,327.7957,349.6259,0.9175019,0.9615135,0.2479475,-0.06124035,0.3997833,0.06264068,Nothing
58.08105,24,2,3,0,0.911992,0.9242463,0.252218,341.1662,328.1872,350.1061,0.9172297,0.9606982,0.2478992,-0.04226344,0.3714079,0.05795471,Nothing
58.09695,24,2,3,0,0.9107602,0.9277135,0.2504695,342.4975,328.7961,350.8835,0.9162399,0.9592427,0.2476638,-0.01858227,0.3239869,0.04576688,Nothing
58.10843,24,2,3,0,0.9091482,0.9305767,0.2495599,343.453,329.1042,351.4942,0.9153945,0.9582632,0.24747,0.001055168,0.2886173,0.0315397,Nothing
58.12181,24,2,3,0,0.9076713,0.9328788,0.2499511,343.7908,328.8134,352.0158,0.9146681,0.9571509,0.2472766,0.01111522,0.2586624,0.01121498,Nothing
58.12988,24,2,3,0,0.9063444,0.9344606,0.2504901,344.1758,328.6098,352.3325,0.9140597,0.9563988,0.2471375,0.01765024,0.238962,-0.006504255,Nothing
58.13815,24,2,3,0,0.9047902,0.9362352,0.2510075,344.5852,328.4016,352.6556,0.9134462,0.9556252,0.2470526,0.02651405,0.2173044,-0.02515494,Nothing
58.14711,24,2,3,0,0.9031158,0.9380512,0.2515408,345.0681,328.1573,353.0753,0.9124919,0.9544668,0.2469653,0.03390935,0.1905138,-0.04392381,Nothing
58.15442,24,2,3,0,0.9018389,0.9397002,0.2515879,345.3419,327.9954,353.3443,0.9118047,0.953692,0.2469516,0.04197414,0.1678781,-0.05481321,Nothing
58.16275,24,2,3,0,0.9009702,0.9408102,0.25169,345.6288,327.9174,353.6006,0.911223,0.9528474,0.2470014,0.04690672,0.1489632,-0.06259739,Nothing
58.17135,24,2,3,0,0.9004405,0.9418358,0.2510158,345.783,328.0066,353.7689,0.9105245,0.9521077,0.247017,0.05184706,0.1298606,-0.06063968,Nothing
58.17933,24,2,3,0,0.8994793,0.9431962,0.2504779,346.0365,328.0474,353.9786,0.9095832,0.9513949,0.2469831,0.05755281,0.1082675,-0.06211349,Nothing
58.18818,24,2,3,0,0.8995926,0.9438645,0.2495242,346.0617,328.2246,354.0769,0.9088041,0.9506815,0.2469502,0.05695872,0.09115983,-0.05294344,Nothing
58.19616,24,2,3,0,0.8990057,0.9447228,0.2488752,346.1445,328.306,354.2012,0.9079655,0.9499807,0.2468833,0.05991261,0.07415264,-0.05056851,Nothing
58.2042,24,2,3,0,0.8988181,0.9452798,0.2485828,346.1529,328.3465,354.2787,0.9071007,0.9492598,0.2468068,0.05675243,0.05968188,-0.04831063,Nothing
58.21325,24,2,3,0,0.898122,0.9461195,0.2481025,346.2321,328.3751,354.3955,0.905652,0.9481981,0.2466587,0.05417357,0.03864297,-0.04625928,Nothing
58.22204,24,2,3,0,0.8974894,0.9467245,0.247873,346.2781,328.3582,354.4637,0.9047202,0.9474778,0.2465775,0.05374426,0.02461354,-0.04670303,Nothing
58.23076,24,2,3,0,0.8974323,0.9462111,0.2482564,346.0361,328.2263,354.3129,0.9035181,0.9467983,0.2463246,0.04043723,0.0218597,-0.04654135,Nothing
58.24608,24,2,3,0,0.8970129,0.9466283,0.2478365,346.0992,328.244,354.2706,0.9011707,0.9450921,0.2459913,0.02662867,-0.003363857,-0.04097242,Nothing
58.25447,24,2,3,0,0.8967646,0.9468006,0.2476785,346.2094,328.2707,354.2579,0.8997591,0.9442396,0.2457321,0.01721516,-0.0158766,-0.03823332,Nothing
58.26284,24,2,3,0,0.8968969,0.9464713,0.2474879,346.3685,328.3328,354.2073,0.8981222,0.9433367,0.2455539,0.00286101,-0.02541583,-0.03023412,Nothing
58.27116,24,2,3,0,0.8968957,0.9466262,0.2471013,346.7256,328.4865,354.1886,0.8958194,0.941874,0.2451353,-0.01522902,-0.04635821,-0.0221881,Nothing
58.27967,24,2,3,0,0.897013,0.9467896,0.2465622,346.9415,328.632,354.2054,0.8938012,0.9406882,0.2447754,-0.03111948,-0.06444398,-0.01261124,Nothing
58.28826,24,2,3,0,0.8972006,0.946977,0.2461088,347.1502,328.8251,354.2276,0.8920934,0.9395725,0.2444012,-0.04564754,-0.08133534,-0.005036249,Nothing
58.29673,24,2,3,0,0.8974191,0.9471564,0.2453455,347.3279,329.0636,354.245,0.8901628,0.938256,0.2439612,-0.06094604,-0.1009006,0.005393286,Nothing
58.30433,24,2,3,0,0.8978262,0.9472591,0.2446486,347.4738,329.3319,354.249,0.8880795,0.9368984,0.2434016,-0.08034952,-0.1204667,0.01590469,Nothing
58.31283,24,2,3,0,0.8981586,0.9473695,0.2437135,347.5675,329.611,354.2596,0.8859364,0.935359,0.2428095,-0.09850553,-0.1420874,0.02744876,Nothing
58.32121,24,2,3,0,0.8984851,0.9474713,0.2429263,347.6715,329.8579,354.2807,0.883345,0.9334651,0.2421534,-0.1214301,-0.1676346,0.03860077,Nothing
58.32948,24,2,3,0,0.8989628,0.9474244,0.2423317,347.6791,330.0616,354.3159,0.8809642,0.9315373,0.2414377,-0.1454118,-0.191557,0.04722104,Nothing
58.33776,24,2,3,0,0.8991687,0.9477134,0.2415108,347.7502,330.2861,354.3771,0.8774663,0.9285834,0.2403323,-0.1765468,-0.2301927,0.05563184,Nothing
58.34605,24,2,3,0,0.8995604,0.9479495,0.2413343,347.7681,330.3149,354.4254,0.8757267,0.9262062,0.2392709,-0.1974533,-0.2588289,0.0528109,Nothing
58.35496,24,2,3,0,0.8996093,0.9479787,0.2414039,347.7922,330.303,354.4491,0.8733545,0.9238098,0.2384425,-0.2209853,-0.2862203,0.05190608,Nothing
58.36302,24,2,3,0,0.8995973,0.9481302,0.2412607,347.8557,330.3416,354.4771,0.8711155,0.9214747,0.2375468,-0.242158,-0.3139358,0.05116681,Nothing
58.37122,24,2,3,0,0.8994086,0.948038,0.2416854,348.0078,330.2808,354.4774,0.8689269,0.9188566,0.2366202,-0.2641022,-0.3409145,0.04504444,Nothing
58.38017,24,2,3,0,0.8994906,0.9479755,0.2416254,348.1643,330.3523,354.4568,0.8659156,0.9161997,0.2358885,-0.292112,-0.3715541,0.04956076,Nothing
58.38778,24,2,3,0,0.9000165,0.9475539,0.2412299,348.3201,330.5345,354.3794,0.863834,0.9138085,0.2348434,-0.3162379,-0.3952859,0.05256725,Nothing
58.39611,24,2,3,0,0.9004513,0.9473512,0.2406248,348.5112,330.7864,354.3312,0.8608796,0.910277,0.2332705,-0.3478722,-0.4333314,0.05358065,Nothing
58.40455,24,2,3,0,0.900849,0.9472401,0.2402343,348.6287,330.9536,354.3029,0.8592504,0.9081373,0.2321441,-0.3676049,-0.4562355,0.05260932,Nothing
58.41282,24,2,3,0,0.9012407,0.9472219,0.2394451,348.7268,331.2051,354.2907,0.8577096,0.9061928,0.2311653,-0.3841824,-0.478436,0.05536183,Nothing
58.42139,24,2,3,0,0.9015759,0.9472643,0.2388062,348.8046,331.4101,354.3038,0.8562253,0.9045476,0.2302938,-0.4003665,-0.4978755,0.05777442,Nothing
58.42967,24,2,3,0,0.9017539,0.9473243,0.2383758,348.8605,331.5735,354.332,0.855205,0.9032945,0.2296551,-0.411382,-0.5124167,0.05825347,Nothing
58.43862,24,2,3,0,0.9018672,0.9475994,0.2379556,348.8945,331.6949,354.3752,0.8548725,0.9022491,0.2287502,-0.4171658,-0.5252724,0.05282352,Nothing
58.44655,24,2,3,0,0.9019481,0.9478322,0.2376479,348.9027,331.7703,354.4405,0.8538418,0.9008743,0.2280239,-0.4283301,-0.5421784,0.05070463,Nothing
58.45494,24,2,3,0,0.9020046,0.9481719,0.2373087,348.9099,331.851,354.5337,0.8527716,0.8995811,0.227256,-0.4399842,-0.5591005,0.04843923,Nothing
58.46414,24,2,3,0,0.9021999,0.9482922,0.2371633,348.8228,331.8086,354.587,0.8525373,0.8992514,0.2266948,-0.445831,-0.5635386,0.04548663,Nothing
58.48039,24,2,3,0,0.9019348,0.9483035,0.2373165,348.6092,331.7083,354.6204,0.851839,0.8988172,0.2258264,-0.4543783,-0.5674617,0.03656285,Nothing
58.48831,24,2,3,0,0.9018096,0.948129,0.2375268,348.4455,331.6111,354.571,0.8518943,0.8990942,0.225466,-0.4553105,-0.5625241,0.03095629,Nothing
58.49666,24,2,3,0,0.9017434,0.9482373,0.2375161,348.2987,331.5426,354.551,0.8517171,0.8991467,0.2251284,-0.457503,-0.5631846,0.02776738,Nothing
58.50463,24,2,3,0,0.9016756,0.9481808,0.2375713,348.1605,331.483,354.5235,0.851886,0.8993015,0.2246226,-0.4580089,-0.5602592,0.0214293,Nothing
58.51354,24,2,3,0,0.9015356,0.9481655,0.2375828,347.9471,331.4095,354.4962,0.8519242,0.8995452,0.2241626,-0.4586112,-0.5571113,0.01572567,Nothing
58.52219,24,2,3,0,0.9014916,0.9481279,0.2375469,347.8093,331.372,354.4727,0.8516922,0.8997068,0.2239564,-0.4610015,-0.5555362,0.01466009,Nothing
58.53046,24,2,3,0,0.9014942,0.9481864,0.2372985,347.6228,331.3627,354.4688,0.8519781,0.9001465,0.2238906,-0.4578863,-0.5515695,0.01416238,Nothing
58.53823,24,2,3,0,0.901585,0.9482079,0.2372123,347.4334,331.3171,354.4808,0.8520871,0.9003686,0.2236952,-0.458475,-0.5494118,0.0122939,Nothing
58.54639,24,2,3,0,0.9014643,0.9485056,0.237072,347.2425,331.2456,354.5473,0.8525326,0.9009308,0.2236319,-0.4538215,-0.5454466,0.009795119,Nothing
58.55523,24,2,3,0,0.9012924,0.9488108,0.2371257,347.055,331.1398,354.6107,0.8528655,0.901302,0.2235948,-0.4502677,-0.5433895,0.00600394,Nothing
58.56296,24,2,3,0,0.901145,0.9490745,0.2371288,346.8818,331.0435,354.6669,0.8531545,0.9018424,0.223526,-0.4473723,-0.539437,0.003229733,Nothing
58.57211,24,2,3,0,0.9008399,0.94961,0.2372359,346.6016,330.8461,354.7908,0.8536742,0.9025991,0.223426,-0.4421327,-0.5347031,-0.002793285,Nothing
58.57993,24,2,3,0,0.9004993,0.9500635,0.2373849,346.4034,330.6646,354.9015,0.8539996,0.9031635,0.223377,-0.4380698,-0.5314403,-0.007671785,Nothing
58.58827,24,2,3,0,0.9002126,0.9504681,0.2376426,346.2267,330.4726,354.9993,0.8545374,0.9039951,0.2234347,-0.4327852,-0.5248491,-0.01232556,Nothing
58.59634,24,2,3,0,0.8999496,0.9507322,0.2377518,346.0244,330.337,355.0514,0.8549989,0.9046834,0.2234559,-0.4274946,-0.5188917,-0.01620552,Nothing
58.6052,24,2,3,0,0.8998325,0.9508969,0.2378046,345.8393,330.2259,355.0856,0.8554869,0.9055182,0.2235563,-0.4226409,-0.5110594,-0.01776228,Nothing
58.61298,24,2,3,0,0.8998279,0.950938,0.23776,345.6559,330.1634,355.0974,0.8560542,0.9064233,0.2237854,-0.4169462,-0.5018505,-0.0170661,Nothing
58.62122,24,2,3,0,0.8998604,0.9510664,0.2376395,345.4763,330.0868,355.121,0.8565943,0.9072842,0.2239851,-0.4115283,-0.4940999,-0.0158146,Nothing
58.63091,24,2,3,0,0.9000822,0.9509863,0.2371982,345.2702,330.1182,355.0894,0.8575033,0.9086896,0.2245103,-0.4015135,-0.4799464,-0.008956693,Nothing
58.64657,24,2,3,0,0.9006588,0.950919,0.2363176,345.1154,330.2778,355.0309,0.8586672,0.9106689,0.2253972,-0.388716,-0.4619594,0.006285366,Nothing
58.65454,24,2,3,0,0.9008448,0.9508902,0.2360466,345.017,330.3105,355.0304,0.8592435,0.9117104,0.2258656,-0.382425,-0.4519641,0.01256347,Nothing
58.66376,24,2,3,0,0.9010617,0.9509007,0.2357612,344.9688,330.3567,355.0302,0.8597581,0.9127471,0.2262932,-0.3770797,-0.4425292,0.01925557,Nothing
58.67162,24,2,3,0,0.9011748,0.9509844,0.2355418,344.9298,330.3812,355.0516,0.8602527,0.9138075,0.2267148,-0.3714562,-0.433178,0.02502942,Nothing
58.68019,24,2,3,0,0.9012812,0.9511569,0.2354459,344.8848,330.3671,355.0928,0.8607057,0.914963,0.2271356,-0.3668381,-0.4235573,0.03016377,Nothing
58.68806,24,2,3,0,0.9012607,0.9514371,0.2354398,344.8622,330.3226,355.1773,0.861121,0.9160826,0.2274759,-0.3624367,-0.4146173,0.03338575,Nothing
58.69763,24,2,3,0,0.9012864,0.9517721,0.2353512,344.8184,330.2955,355.2597,0.8618643,0.917688,0.2280067,-0.3544999,-0.4014016,0.03846431,Nothing
58.71334,24,2,3,0,0.9014431,0.9518449,0.2352559,344.7406,330.2963,355.3102,0.8625721,0.9197615,0.2284918,-0.3486186,-0.3814939,0.04560228,Nothing
58.72169,24,2,3,0,0.9016847,0.9517655,0.235035,344.7101,330.3101,355.3085,0.8629173,0.9207339,0.2287559,-0.3460469,-0.3719074,0.05179811,Nothing
58.73033,24,2,3,0,0.901832,0.9516126,0.2349034,344.6592,330.3478,355.2818,0.8630081,0.9214058,0.2288455,-0.3459731,-0.3645109,0.05564709,Nothing
58.73819,24,2,3,0,0.9018823,0.9514179,0.2348979,344.5916,330.3706,355.2433,0.8630589,0.9219777,0.2288848,-0.3461686,-0.3573448,0.05756592,Nothing
58.74676,24,2,3,0,0.9019433,0.951214,0.234938,344.5247,330.3691,355.2075,0.8629227,0.9223407,0.228836,-0.3485865,-0.3523146,0.05893604,Nothing
58.75532,24,2,3,0,0.9020006,0.9510984,0.2349496,344.4742,330.3703,355.1939,0.8625995,0.9224975,0.228701,-0.3528113,-0.350289,0.05998528,Nothing
58.76298,24,2,3,0,0.902055,0.9510022,0.235043,344.4256,330.332,355.1757,0.862183,0.9224918,0.2284988,-0.3583211,-0.3500371,0.05997331,Nothing
58.77253,24,2,3,0,0.9019421,0.9509321,0.235211,344.3589,330.2743,355.1713,0.8614032,0.9223034,0.2280545,-0.3670579,-0.3515918,0.05767796,Nothing
58.78856,24,2,3,0,0.9018857,0.9508554,0.2354338,344.301,330.2021,355.173,0.8599785,0.9217008,0.2273387,-0.3832838,-0.3579549,0.05506033,Nothing
58.79671,24,2,3,0,0.9018537,0.9508305,0.2354328,344.2689,330.1929,355.1706,0.8593221,0.921431,0.2268621,-0.3909737,-0.3607999,0.05326023,Nothing
58.80468,24,2,3,0,0.9017208,0.9509,0.2355388,344.2602,330.1742,355.178,0.8587518,0.9211146,0.2263927,-0.3974848,-0.3643604,0.04950941,Nothing
58.81315,24,2,3,0,0.9017772,0.9508301,0.2354091,344.24,330.2097,355.1627,0.8580702,0.9206981,0.2259565,-0.4052249,-0.3687706,0.04916691,Nothing
58.8211,24,2,3,0,0.9018354,0.9508016,0.2352628,344.2255,330.2534,355.1449,0.8574193,0.9202613,0.2255846,-0.4122434,-0.3738806,0.04916125,Nothing
58.83042,24,2,3,0,0.9019738,0.9508108,0.2349034,344.2041,330.3392,355.1445,0.8564814,0.9195635,0.2251227,-0.4217914,-0.3827345,0.05078832,Nothing
58.83981,24,2,3,0,0.9020437,0.950843,0.2347178,344.191,330.3889,355.1674,0.8558121,0.9190271,0.2250645,-0.4273869,-0.3898589,0.05342415,Nothing
58.85593,24,2,3,0,0.9023076,0.9511263,0.2343846,344.1905,330.42,355.2286,0.8547904,0.9177222,0.2250677,-0.4360566,-0.4082535,0.05786856,SelectionStart
58.85594,24,2,3,0,0.9023076,0.9511263,0.2343846,344.1905,330.42,355.2286,0.8547904,0.9177222,0.2250677,-0.4360566,-0.4082535,0.05786856,SelectionEnd
58.85922,24,2,3,0,0.9023076,0.9511263,0.2343846,344.1905,330.42,355.2286,0.8547904,0.9177222,0.2250677,-0.4360566,-0.4082535,0.05786856,GotSelection
58.87255,24,2,3,0,0.9022856,0.9514363,0.2342063,344.1716,330.4135,355.2967,0.8540165,0.9164337,0.2248779,-0.4418574,-0.4249571,0.05689381,SelectionStart
58.87257,24,2,3,0,0.9022856,0.9514363,0.2342063,344.1716,330.4135,355.2967,0.8540165,0.9164337,0.2248779,-0.4418574,-0.4249571,0.05689381,SelectionEnd
58.87601,24,2,3,0,0.9022856,0.9514363,0.2342063,344.1716,330.4135,355.2967,0.8540165,0.9164337,0.2248779,-0.4418574,-0.4249571,0.05689381,GotSelection
58.88571,24,2,3,0,0.9020663,0.9515613,0.2340714,344.082,330.4106,355.3457,0.8533055,0.9157873,0.2252623,-0.4431736,-0.4342935,0.06096531,SelectionStart
58.88574,24,2,3,0,0.9020663,0.9515613,0.2340714,344.082,330.4106,355.3457,0.8533055,0.9157873,0.2252623,-0.4431736,-0.4342935,0.06096531,SelectionEnd
58.88914,24,2,3,0,0.9020663,0.9515613,0.2340714,344.082,330.4106,355.3457,0.8533055,0.9157873,0.2252623,-0.4431736,-0.4342935,0.06096531,GotSelection
58.89951,24,2,3,0,0.9020312,0.9516695,0.2339375,344.0076,330.4032,355.3757,0.8530142,0.9149846,0.2254079,-0.4434291,-0.4441653,0.0615751,SelectionStart
58.89954,24,2,3,0,0.9020312,0.9516695,0.2339375,344.0076,330.4032,355.3757,0.8530142,0.9149846,0.2254079,-0.4434291,-0.4441653,0.0615751,SelectionEnd
58.90302,24,2,3,0,0.9020312,0.9516695,0.2339375,344.0076,330.4032,355.3757,0.8530142,0.9149846,0.2254079,-0.4434291,-0.4441653,0.0615751,GotSelection
58.91437,24,2,3,0,0.9020955,0.9519343,0.2336453,343.8842,330.3861,355.4156,0.8527455,0.9145229,0.2252963,-0.4450687,-0.4521918,0.06192797,SelectionStart
58.91439,24,2,3,0,0.9020955,0.9519343,0.2336453,343.8842,330.3861,355.4156,0.8527455,0.9145229,0.2252963,-0.4450687,-0.4521918,0.06192797,SelectionEnd
58.91812,24,2,3,0,0.9020955,0.9519343,0.2336453,343.8842,330.3861,355.4156,0.8527455,0.9145229,0.2252963,-0.4450687,-0.4521918,0.06192797,GotSelection
58.93066,24,2,3,0,0.9020853,0.9522258,0.2333641,343.7675,330.3724,355.4857,0.8525972,0.9148753,0.225359,-0.4450227,-0.4522098,0.06496331,SelectionStart
58.93069,24,2,3,0,0.9020853,0.9522258,0.2333641,343.7675,330.3724,355.4857,0.8525972,0.9148753,0.225359,-0.4450227,-0.4522098,0.06496331,SelectionEnd
58.93438,24,2,3,0,0.9020853,0.9522258,0.2333641,343.7675,330.3724,355.4857,0.8525972,0.9148753,0.225359,-0.4450227,-0.4522098,0.06496331,GotSelection
58.98945,24,2,3,0,0.9022024,0.9532943,0.2317662,343.6967,330.567,355.6941,0.8516806,0.9156098,0.2278203,-0.4350468,-0.4642262,0.1015195,SelectionStart
58.98951,24,2,3,0,0.9022024,0.9532943,0.2317662,343.6967,330.567,355.6941,0.8516806,0.9156098,0.2278203,-0.4350468,-0.4642262,0.1015195,SelectionEnd
58.99341,24,2,3,0,0.9022024,0.9532943,0.2317662,343.6967,330.567,355.6941,0.8516806,0.9156098,0.2278203,-0.4350468,-0.4642262,0.1015195,GotSelection
59.04488,24,2,3,0,0.9021404,0.9540825,0.231153,343.5449,330.5936,355.8433,0.8524068,0.9181307,0.2319646,-0.4060273,-0.4549924,0.141942,SelectionStart
59.04491,24,2,3,0,0.9021404,0.9540825,0.231153,343.5449,330.5936,355.8433,0.8524068,0.9181307,0.2319646,-0.4060273,-0.4549924,0.141942,SelectionEnd
59.04884,24,2,3,0,0.9021404,0.9540825,0.231153,343.5449,330.5936,355.8433,0.8524068,0.9181307,0.2319646,-0.4060273,-0.4549924,0.141942,GotSelection
59.12486,24,2,3,0,0.9019626,0.9539983,0.2310084,343.4658,330.6545,355.86,0.854036,0.9248667,0.2366696,-0.3703322,-0.3951939,0.1933926,SelectionStart
59.12488,24,2,3,0,0.9019626,0.9539983,0.2310084,343.4658,330.6545,355.86,0.854036,0.9248667,0.2366696,-0.3703322,-0.3951939,0.1933926,SelectionEnd
59.12831,24,2,3,0,0.9019626,0.9539983,0.2310084,343.4658,330.6545,355.86,0.854036,0.9248667,0.2366696,-0.3703322,-0.3951939,0.1933926,GotSelection
59.13905,24,2,3,0,0.9021603,0.9538314,0.2308141,343.5455,330.7547,355.8169,0.8545343,0.9265972,0.2374527,-0.3642523,-0.3780133,0.2056262,SelectionStart
59.13908,24,2,3,0,0.9021603,0.9538314,0.2308141,343.5455,330.7547,355.8169,0.8545343,0.9265972,0.2374527,-0.3642523,-0.3780133,0.2056262,SelectionEnd
59.14259,24,2,3,0,0.9021603,0.9538314,0.2308141,343.5455,330.7547,355.8169,0.8545343,0.9265972,0.2374527,-0.3642523,-0.3780133,0.2056262,GotSelection
59.15264,24,2,3,0,0.9022353,0.9537041,0.230775,343.5735,330.8075,355.7955,0.8548816,0.928021,0.2380299,-0.3599477,-0.3635931,0.2138925,SelectionStart
59.15267,24,2,3,0,0.9022353,0.9537041,0.230775,343.5735,330.8075,355.7955,0.8548816,0.928021,0.2380299,-0.3599477,-0.3635931,0.2138925,SelectionEnd
59.15617,24,2,3,0,0.9022353,0.9537041,0.230775,343.5735,330.8075,355.7955,0.8548816,0.928021,0.2380299,-0.3599477,-0.3635931,0.2138925,GotSelection
59.16697,24,2,3,0,0.9020711,0.9536542,0.2309655,343.5538,330.7856,355.8152,0.8554206,0.930136,0.238805,-0.3523116,-0.3422614,0.2218038,SelectionStart
59.16699,24,2,3,0,0.9020711,0.9536542,0.2309655,343.5538,330.7856,355.8152,0.8554206,0.930136,0.238805,-0.3523116,-0.3422614,0.2218038,SelectionEnd
59.17052,24,2,3,0,0.9020711,0.9536542,0.2309655,343.5538,330.7856,355.8152,0.8554206,0.930136,0.238805,-0.3523116,-0.3422614,0.2218038,GotSelection
59.18065,24,2,3,0,0.902051,0.9537816,0.2311044,343.5262,330.7288,355.8536,0.8559121,0.9320939,0.2392858,-0.3472705,-0.3240419,0.2277768,SelectionStart
59.18066,24,2,3,0,0.902051,0.9537816,0.2311044,343.5262,330.7288,355.8536,0.8559121,0.9320939,0.2392858,-0.3472705,-0.3240419,0.2277768,SelectionEnd
59.18409,24,2,3,0,0.902051,0.9537816,0.2311044,343.5262,330.7288,355.8536,0.8559121,0.9320939,0.2392858,-0.3472705,-0.3240419,0.2277768,GotSelection
59.19368,24,2,3,0,0.901929,0.9537888,0.2312141,343.449,330.6761,355.8675,0.8566247,0.9346921,0.2400135,-0.3383566,-0.2986871,0.2365019,SelectionStart
59.1937,24,2,3,0,0.901929,0.9537888,0.2312141,343.449,330.6761,355.8675,0.8566247,0.9346921,0.2400135,-0.3383566,-0.2986871,0.2365019,SelectionEnd
59.19701,24,2,3,0,0.901929,0.9537888,0.2312141,343.449,330.6761,355.8675,0.8566247,0.9346921,0.2400135,-0.3383566,-0.2986871,0.2365019,GotSelection
59.20698,24,2,3,0,0.9018322,0.9538193,0.2313851,343.386,330.624,355.8661,0.8572754,0.9367985,0.2405128,-0.3312608,-0.2779549,0.2417812,SelectionStart
59.207,24,2,3,0,0.9018322,0.9538193,0.2313851,343.386,330.624,355.8661,0.8572754,0.9367985,0.2405128,-0.3312608,-0.2779549,0.2417812,SelectionEnd
59.21033,24,2,3,0,0.9018322,0.9538193,0.2313851,343.386,330.624,355.8661,0.8572754,0.9367985,0.2405128,-0.3312608,-0.2779549,0.2417812,GotSelection
59.22232,24,2,3,0,0.9018761,0.9536725,0.2313591,343.3227,330.6016,355.842,0.8582066,0.939801,0.2412623,-0.3214442,-0.2475425,0.2531996,SelectionStart
59.22235,24,2,3,0,0.9018761,0.9536725,0.2313591,343.3227,330.6016,355.842,0.8582066,0.939801,0.2412623,-0.3214442,-0.2475425,0.2531996,SelectionEnd
59.22592,24,2,3,0,0.9018761,0.9536725,0.2313591,343.3227,330.6016,355.842,0.8582066,0.939801,0.2412623,-0.3214442,-0.2475425,0.2531996,GotSelection
59.23977,24,2,3,0,0.901948,0.9535322,0.2314648,343.2868,330.59,355.8214,0.859272,0.9429225,0.2418623,-0.3123394,-0.2150535,0.2621354,SelectionStart
59.2398,24,2,3,0,0.901948,0.9535322,0.2314648,343.2868,330.59,355.8214,0.859272,0.9429225,0.2418623,-0.3123394,-0.2150535,0.2621354,SelectionEnd
59.24346,24,2,3,0,0.901948,0.9535322,0.2314648,343.2868,330.59,355.8214,0.859272,0.9429225,0.2418623,-0.3123394,-0.2150535,0.2621354,GotSelection
59.25448,24,2,3,0,0.9019196,0.9535468,0.2314579,343.2544,330.6258,355.775,0.8605514,0.9463985,0.2423253,-0.3009509,-0.1799754,0.2697386,SelectionStart
59.25449,24,2,3,0,0.9019196,0.9535468,0.2314579,343.2544,330.6258,355.775,0.8605514,0.9463985,0.2423253,-0.3009509,-0.1799754,0.2697386,SelectionEnd
59.2578,24,2,3,0,0.9019196,0.9535468,0.2314579,343.2544,330.6258,355.775,0.8605514,0.9463985,0.2423253,-0.3009509,-0.1799754,0.2697386,GotSelection
59.26733,24,2,3,0,0.9019262,0.953538,0.2313726,343.2313,330.6472,355.7497,0.8614657,0.9495644,0.2428152,-0.2923464,-0.1486215,0.2794591,SelectionStart
59.26735,24,2,3,0,0.9019262,0.953538,0.2313726,343.2313,330.6472,355.7497,0.8614657,0.9495644,0.2428152,-0.2923464,-0.1486215,0.2794591,SelectionEnd
59.27066,24,2,3,0,0.9019262,0.953538,0.2313726,343.2313,330.6472,355.7497,0.8614657,0.9495644,0.2428152,-0.2923464,-0.1486215,0.2794591,GotSelection
59.31076,24,2,3,0,0.9019412,0.9535891,0.2314029,343.132,330.5837,355.7878,0.8655468,0.9593907,0.2436036,-0.2595433,-0.0469258,0.2954461,SelectionStart
59.3108,24,2,3,0,0.9019412,0.9535891,0.2314029,343.132,330.5837,355.7878,0.8655468,0.9593907,0.2436036,-0.2595433,-0.0469258,0.2954461,SelectionEnd
59.31429,24,2,3,0,0.9019412,0.9535891,0.2314029,343.132,330.5837,355.7878,0.8655468,0.9593907,0.2436036,-0.2595433,-0.0469258,0.2954461,GotSelection
59.32361,24,2,3,0,0.9019789,0.9534878,0.2314278,343.071,330.5522,355.7957,0.8672293,0.9629613,0.2436839,-0.2473066,-0.00814848,0.2990414,SelectionStart
59.32362,24,2,3,0,0.9019789,0.9534878,0.2314278,343.071,330.5522,355.7957,0.8672293,0.9629613,0.2436839,-0.2473066,-0.00814848,0.2990414,SelectionEnd
59.32706,24,2,3,0,0.9019789,0.9534878,0.2314278,343.071,330.5522,355.7957,0.8672293,0.9629613,0.2436839,-0.2473066,-0.00814848,0.2990414,GotSelection
59.33826,24,2,3,0,0.9017839,0.9536223,0.2314113,342.9865,330.5285,355.8184,0.8686012,0.9663299,0.2437986,-0.235066,0.02597233,0.3024009,SelectionStart
59.33829,24,2,3,0,0.9017839,0.9536223,0.2314113,342.9865,330.5285,355.8184,0.8686012,0.9663299,0.2437986,-0.235066,0.02597233,0.3024009,SelectionEnd
59.34167,24,2,3,0,0.9017839,0.9536223,0.2314113,342.9865,330.5285,355.8184,0.8686012,0.9663299,0.2437986,-0.235066,0.02597233,0.3024009,GotSelection
59.35086,24,2,3,0,0.901746,0.9536017,0.2313887,342.9219,330.5207,355.8216,0.8691051,0.968314,0.243625,-0.232469,0.04662161,0.3046033,SelectionStart
59.35088,24,2,3,0,0.901746,0.9536017,0.2313887,342.9219,330.5207,355.8216,0.8691051,0.968314,0.243625,-0.232469,0.04662161,0.3046033,SelectionEnd
59.35428,24,2,3,0,0.901746,0.9536017,0.2313887,342.9219,330.5207,355.8216,0.8691051,0.968314,0.243625,-0.232469,0.04662161,0.3046033,GotSelection
59.36356,24,2,3,0,0.9018008,0.9536135,0.2314132,342.8593,330.4895,355.8084,0.8699087,0.970655,0.2435768,-0.2277934,0.07061061,0.3075814,SelectionStart
59.36359,24,2,3,0,0.9018008,0.9536135,0.2314132,342.8593,330.4895,355.8084,0.8699087,0.970655,0.2435768,-0.2277934,0.07061061,0.3075814,SelectionEnd
59.36698,24,2,3,0,0.9018008,0.9536135,0.2314132,342.8593,330.4895,355.8084,0.8699087,0.970655,0.2435768,-0.2277934,0.07061061,0.3075814,GotSelection
59.37687,24,2,3,0,0.9017389,0.9535258,0.2315826,342.8245,330.4437,355.7929,0.870972,0.9737509,0.2436318,-0.2206188,0.1039301,0.3110145,SelectionStart
59.37689,24,2,3,0,0.9017389,0.9535258,0.2315826,342.8245,330.4437,355.7929,0.870972,0.9737509,0.2436318,-0.2206188,0.1039301,0.3110145,SelectionEnd
59.38019,24,2,3,0,0.9017389,0.9535258,0.2315826,342.8245,330.4437,355.7929,0.870972,0.9737509,0.2436318,-0.2206188,0.1039301,0.3110145,GotSelection
59.39118,24,2,3,0,0.9016192,0.9534408,0.231806,342.8163,330.3964,355.7658,0.8718359,0.9759711,0.24356,-0.2150512,0.1289177,0.3109111,SelectionStart
59.39121,24,2,3,0,0.9016192,0.9534408,0.231806,342.8163,330.3964,355.7658,0.8718359,0.9759711,0.24356,-0.2150512,0.1289177,0.3109111,SelectionEnd
59.3954,24,2,3,0,0.9016192,0.9534408,0.231806,342.8163,330.3964,355.7658,0.8718359,0.9759711,0.24356,-0.2150512,0.1289177,0.3109111,GotSelection
59.40527,24,2,3,0,0.9014546,0.9531901,0.2319592,342.8087,330.3878,355.7204,0.8732194,0.9791994,0.2433242,-0.2061532,0.1667076,0.3106984,SelectionStart
59.40529,24,2,3,0,0.9014546,0.9531901,0.2319592,342.8087,330.3878,355.7204,0.8732194,0.9791994,0.2433242,-0.2061532,0.1667076,0.3106984,SelectionEnd
59.40866,24,2,3,0,0.9014546,0.9531901,0.2319592,342.8087,330.3878,355.7204,0.8732194,0.9791994,0.2433242,-0.2061532,0.1667076,0.3106984,GotSelection
59.41914,24,2,3,0,0.9015825,0.9532186,0.2319097,342.7808,330.3725,355.717,0.8742025,0.981456,0.2430883,-0.201214,0.190443,0.3118657,SelectionStart
59.41917,24,2,3,0,0.9015825,0.9532186,0.2319097,342.7808,330.3725,355.717,0.8742025,0.981456,0.2430883,-0.201214,0.190443,0.3118657,SelectionEnd
59.42246,24,2,3,0,0.9015825,0.9532186,0.2319097,342.7808,330.3725,355.717,0.8742025,0.981456,0.2430883,-0.201214,0.190443,0.3118657,GotSelection
59.43207,24,2,3,0,0.9014916,0.9532202,0.2319334,342.7205,330.3546,355.7277,0.8751845,0.9843991,0.2429675,-0.1946016,0.2213536,0.3146578,SelectionStart
59.43209,24,2,3,0,0.9014916,0.9532202,0.2319334,342.7205,330.3546,355.7277,0.8751845,0.9843991,0.2429675,-0.1946016,0.2213536,0.3146578,SelectionEnd
59.43556,24,2,3,0,0.9014916,0.9532202,0.2319334,342.7205,330.3546,355.7277,0.8751845,0.9843991,0.2429675,-0.1946016,0.2213536,0.3146578,GotSelection
59.44644,24,2,3,0,0.9012528,0.9534897,0.2321291,342.6726,330.3015,355.7661,0.876089,0.9864113,0.242784,-0.1874791,0.2414351,0.3115817,SelectionStart
59.44647,24,2,3,0,0.9012528,0.9534897,0.2321291,342.6726,330.3015,355.7661,0.876089,0.9864113,0.242784,-0.1874791,0.2414351,0.3115817,SelectionEnd
59.44991,24,2,3,0,0.9012528,0.9534897,0.2321291,342.6726,330.3015,355.7661,0.876089,0.9864113,0.242784,-0.1874791,0.2414351,0.3115817,GotSelection
59.49081,24,2,3,0,0.9009413,0.9533133,0.2325957,342.6286,330.2008,355.7261,0.8801634,0.9940439,0.2417114,-0.1627601,0.329818,0.3016181,SelectionStart
59.49083,24,2,3,0,0.9009413,0.9533133,0.2325957,342.6286,330.2008,355.7261,0.8801634,0.9940439,0.2417114,-0.1627601,0.329818,0.3016181,SelectionEnd
59.49428,24,2,3,0,0.9009413,0.9533133,0.2325957,342.6286,330.2008,355.7261,0.8801634,0.9940439,0.2417114,-0.1627601,0.329818,0.3016181,GotSelection
59.50486,24,2,3,0,0.9009109,0.9533836,0.2326469,342.6376,330.1884,355.705,0.8810144,0.9952234,0.241715,-0.1562231,0.3425913,0.3003026,SelectionStart
59.50488,24,2,3,0,0.9009109,0.9533836,0.2326469,342.6376,330.1884,355.705,0.8810144,0.9952234,0.241715,-0.1562231,0.3425913,0.3003026,SelectionEnd
59.50828,24,2,3,0,0.9009109,0.9533836,0.2326469,342.6376,330.1884,355.705,0.8810144,0.9952234,0.241715,-0.1562231,0.3425913,0.3003026,GotSelection
59.5183,24,2,3,0,0.9007157,0.9534732,0.2327063,342.632,330.1645,355.7269,0.8825466,0.9966014,0.2413406,-0.1441804,0.3598477,0.2922808,SelectionStart
59.51833,24,2,3,0,0.9007157,0.9534732,0.2327063,342.632,330.1645,355.7269,0.8825466,0.9966014,0.2413406,-0.1441804,0.3598477,0.2922808,SelectionEnd
59.5217,24,2,3,0,0.9007157,0.9534732,0.2327063,342.632,330.1645,355.7269,0.8825466,0.9966014,0.2413406,-0.1441804,0.3598477,0.2922808,GotSelection
59.53277,24,2,3,0,0.900608,0.9536995,0.2326002,342.6023,330.1523,355.7753,0.8831092,0.9974377,0.2412551,-0.1383173,0.3671412,0.2912832,SelectionStart
59.53278,24,2,3,0,0.900608,0.9536995,0.2326002,342.6023,330.1523,355.7753,0.8831092,0.9974377,0.2412551,-0.1383173,0.3671412,0.2912832,SelectionEnd
59.53611,24,2,3,0,0.900608,0.9536995,0.2326002,342.6023,330.1523,355.7753,0.8831092,0.9974377,0.2412551,-0.1383173,0.3671412,0.2912832,GotSelection
59.54711,24,2,3,0,0.9004326,0.9538041,0.2325353,342.5832,330.1326,355.8255,0.8838736,0.9979071,0.2410785,-0.1305899,0.3729842,0.2870595,SelectionStart
59.54713,24,2,3,0,0.9004326,0.9538041,0.2325353,342.5832,330.1326,355.8255,0.8838736,0.9979071,0.2410785,-0.1305899,0.3729842,0.2870595,SelectionEnd
59.55048,24,2,3,0,0.9004326,0.9538041,0.2325353,342.5832,330.1326,355.8255,0.8838736,0.9979071,0.2410785,-0.1305899,0.3729842,0.2870595,GotSelection
59.5603,24,2,3,0,0.9004389,0.9541044,0.2323911,342.5646,330.1295,355.8858,0.8837027,0.9982966,0.2411443,-0.1306832,0.3730337,0.2900936,SelectionStart
59.56031,24,2,3,0,0.9004389,0.9541044,0.2323911,342.5646,330.1295,355.8858,0.8837027,0.9982966,0.2411443,-0.1306832,0.3730337,0.2900936,SelectionEnd
59.56353,24,2,3,0,0.9004389,0.9541044,0.2323911,342.5646,330.1295,355.8858,0.8837027,0.9982966,0.2411443,-0.1306832,0.3730337,0.2900936,GotSelection
59.57339,24,2,3,0,0.9004546,0.9542721,0.232243,342.545,330.1514,355.9246,0.8832946,0.9976732,0.241175,-0.1326941,0.3640309,0.2913269,SelectionStart
59.57343,24,2,3,0,0.9004546,0.9542721,0.232243,342.545,330.1514,355.9246,0.8832946,0.9976732,0.241175,-0.1326941,0.3640309,0.2913269,SelectionEnd
59.57684,24,2,3,0,0.9004546,0.9542721,0.232243,342.545,330.1514,355.9246,0.8832946,0.9976732,0.241175,-0.1326941,0.3640309,0.2913269,GotSelection
59.58875,24,2,3,0,0.9004291,0.954414,0.2320486,342.5048,330.169,355.9669,0.8821585,0.9962786,0.2412944,-0.1394499,0.3459169,0.2948689,SelectionStart
59.58877,24,2,3,0,0.9004291,0.954414,0.2320486,342.5048,330.169,355.9669,0.8821585,0.9962786,0.2412944,-0.1394499,0.3459169,0.2948689,SelectionEnd
59.59206,24,2,3,0,0.9004291,0.954414,0.2320486,342.5048,330.169,355.9669,0.8821585,0.9962786,0.2412944,-0.1394499,0.3459169,0.2948689,GotSelection
59.60214,24,2,3,0,0.9006588,0.9546107,0.2318112,342.4666,330.1748,355.9901,0.880699,0.9944423,0.2412605,-0.151596,0.3219598,0.2987368,SelectionStart
59.60217,24,2,3,0,0.9006588,0.9546107,0.2318112,342.4666,330.1748,355.9901,0.880699,0.9944423,0.2412605,-0.151596,0.3219598,0.2987368,SelectionEnd
59.60555,24,2,3,0,0.9006588,0.9546107,0.2318112,342.4666,330.1748,355.9901,0.880699,0.9944423,0.2412605,-0.151596,0.3219598,0.2987368,GotSelection
59.61505,24,2,3,0,0.9006798,0.9546378,0.231715,342.4173,330.1636,355.9788,0.8791481,0.9919345,0.2411786,-0.1635082,0.2936633,0.2989596,SelectionStart
59.61507,24,2,3,0,0.9006798,0.9546378,0.231715,342.4173,330.1636,355.9788,0.8791481,0.9919345,0.2411786,-0.1635082,0.2936633,0.2989596,SelectionEnd
59.61847,24,2,3,0,0.9006798,0.9546378,0.231715,342.4173,330.1636,355.9788,0.8791481,0.9919345,0.2411786,-0.1635082,0.2936633,0.2989596,GotSelection
59.6309,24,2,3,0,0.9006934,0.9546285,0.2316521,342.3571,330.1559,355.9547,0.8769652,0.989045,0.240826,-0.1822796,0.2612743,0.2985764,SelectionStart
59.63092,24,2,3,0,0.9006934,0.9546285,0.2316521,342.3571,330.1559,355.9547,0.8769652,0.989045,0.240826,-0.1822796,0.2612743,0.2985764,SelectionEnd
59.63424,24,2,3,0,0.9006934,0.9546285,0.2316521,342.3571,330.1559,355.9547,0.8769652,0.989045,0.240826,-0.1822796,0.2612743,0.2985764,GotSelection
59.64613,24,2,3,0,0.9006686,0.9545742,0.2317249,342.2675,330.0952,355.9289,0.8737777,0.9848123,0.2403174,-0.2098766,0.2146693,0.2966099,SelectionStart
59.64614,24,2,3,0,0.9006686,0.9545742,0.2317249,342.2675,330.0952,355.9289,0.8737777,0.9848123,0.2403174,-0.2098766,0.2146693,0.2966099,SelectionEnd
59.64942,24,2,3,0,0.9006686,0.9545742,0.2317249,342.2675,330.0952,355.9289,0.8737777,0.9848123,0.2403174,-0.2098766,0.2146693,0.2966099,GotSelection
59.69212,24,2,3,0,0.9001558,0.9547784,0.2320048,341.9135,329.8305,355.9524,0.865483,0.9708444,0.239187,-0.274032,0.06176125,0.2800864,SelectionStart
59.69214,24,2,3,0,0.9001558,0.9547784,0.2320048,341.9135,329.8305,355.9524,0.865483,0.9708444,0.239187,-0.274032,0.06176125,0.2800864,SelectionEnd
59.69571,24,2,3,0,0.9001558,0.9547784,0.2320048,341.9135,329.8305,355.9524,0.865483,0.9708444,0.239187,-0.274032,0.06176125,0.2800864,GotSelection
59.70564,24,2,3,0,0.9000176,0.954688,0.2321727,341.6994,329.6984,355.9601,0.8633919,0.9646152,0.2379705,-0.2935058,0.0002434594,0.2592759,SelectionStart
59.70567,24,2,3,0,0.9000176,0.954688,0.2321727,341.6994,329.6984,355.9601,0.8633919,0.9646152,0.2379705,-0.2935058,0.0002434594,0.2592759,SelectionEnd
59.70906,24,2,3,0,0.9000176,0.954688,0.2321727,341.6994,329.6984,355.9601,0.8633919,0.9646152,0.2379705,-0.2935058,0.0002434594,0.2592759,GotSelection
59.71834,24,2,3,0,0.8997521,0.9547691,0.2323708,341.5031,329.5723,355.9749,0.8614269,0.9601734,0.2370713,-0.3104185,-0.04555702,0.244491,SelectionStart
59.71836,24,2,3,0,0.8997521,0.9547691,0.2323708,341.5031,329.5723,355.9749,0.8614269,0.9601734,0.2370713,-0.3104185,-0.04555702,0.244491,SelectionEnd
59.72164,24,2,3,0,0.8997521,0.9547691,0.2323708,341.5031,329.5723,355.9749,0.8614269,0.9601734,0.2370713,-0.3104185,-0.04555702,0.244491,GotSelection
59.73086,24,2,3,0,0.8995531,0.9547365,0.2325492,341.3079,329.4493,355.9666,0.8595871,0.9555305,0.2360441,-0.3273553,-0.09183943,0.2279987,SelectionStart
59.73087,24,2,3,0,0.8995531,0.9547365,0.2325492,341.3079,329.4493,355.9666,0.8595871,0.9555305,0.2360441,-0.3273553,-0.09183943,0.2279987,SelectionEnd
59.73416,24,2,3,0,0.8995531,0.9547365,0.2325492,341.3079,329.4493,355.9666,0.8595871,0.9555305,0.2360441,-0.3273553,-0.09183943,0.2279987,GotSelection
59.74613,24,2,3,0,0.8991868,0.9547538,0.232813,341.0524,329.2717,355.956,0.8575211,0.9494753,0.2348156,-0.3450981,-0.1518747,0.2045528,SelectionStart
59.74615,24,2,3,0,0.8991868,0.9547538,0.232813,341.0524,329.2717,355.956,0.8575211,0.9494753,0.2348156,-0.3450981,-0.1518747,0.2045528,SelectionEnd
59.74946,24,2,3,0,0.8991868,0.9547538,0.232813,341.0524,329.2717,355.956,0.8575211,0.9494753,0.2348156,-0.3450981,-0.1518747,0.2045528,GotSelection
59.75977,24,2,3,0,0.898832,0.9549145,0.2331591,340.8348,329.1111,355.9692,0.8561258,0.945173,0.2338821,-0.3572788,-0.1949761,0.1846249,SelectionStart
59.7598,24,2,3,0,0.898832,0.9549145,0.2331591,340.8348,329.1111,355.9692,0.8561258,0.945173,0.2338821,-0.3572788,-0.1949761,0.1846249,SelectionEnd
59.76355,24,2,3,0,0.898832,0.9549145,0.2331591,340.8348,329.1111,355.9692,0.8561258,0.945173,0.2338821,-0.3572788,-0.1949761,0.1846249,GotSelection
59.77402,24,2,3,0,0.8984886,0.9549668,0.233504,340.5333,328.9137,355.9876,0.8545763,0.9399828,0.2326433,-0.3719313,-0.2453331,0.1600526,SelectionStart
59.77405,24,2,3,0,0.8984886,0.9549668,0.233504,340.5333,328.9137,355.9876,0.8545763,0.9399828,0.2326433,-0.3719313,-0.2453331,0.1600526,SelectionEnd
59.77745,24,2,3,0,0.8984886,0.9549668,0.233504,340.5333,328.9137,355.9876,0.8545763,0.9399828,0.2326433,-0.3719313,-0.2453331,0.1600526,GotSelection
59.78848,24,2,3,0,0.8981883,0.9549581,0.2338816,340.1781,328.6872,356.0091,0.8536251,0.9355212,0.2315022,-0.3819813,-0.2869124,0.1355255,SelectionStart
59.7885,24,2,3,0,0.8981883,0.9549581,0.2338816,340.1781,328.6872,356.0091,0.8536251,0.9355212,0.2315022,-0.3819813,-0.2869124,0.1355255,SelectionEnd
59.79176,24,2,3,0,0.8981883,0.9549581,0.2338816,340.1781,328.6872,356.0091,0.8536251,0.9355212,0.2315022,-0.3819813,-0.2869124,0.1355255,GotSelection
59.80119,24,2,3,0,0.8981318,0.9549174,0.2340789,339.8651,328.5154,356.0096,0.8532811,0.9326865,0.2308028,-0.3868068,-0.313062,0.1195348,SelectionStart
59.80121,24,2,3,0,0.8981318,0.9549174,0.2340789,339.8651,328.5154,356.0096,0.8532811,0.9326865,0.2308028,-0.3868068,-0.313062,0.1195348,SelectionEnd
59.80472,24,2,3,0,0.8981318,0.9549174,0.2340789,339.8651,328.5154,356.0096,0.8532811,0.9326865,0.2308028,-0.3868068,-0.313062,0.1195348,GotSelection
59.81403,24,2,3,0,0.8979362,0.9549399,0.2343726,339.5682,328.3337,356.0442,0.853228,0.9304954,0.230389,-0.3875057,-0.3327301,0.1049094,SelectionStart
59.81404,24,2,3,0,0.8979362,0.9549399,0.2343726,339.5682,328.3337,356.0442,0.853228,0.9304954,0.230389,-0.3875057,-0.3327301,0.1049094,SelectionEnd
59.81732,24,2,3,0,0.8979362,0.9549399,0.2343726,339.5682,328.3337,356.0442,0.853228,0.9304954,0.230389,-0.3875057,-0.3327301,0.1049094,GotSelection
59.82942,24,2,3,0,0.8976831,0.9550002,0.2345905,339.094,328.0891,356.0901,0.8536701,0.928467,0.2300309,-0.3827432,-0.3503863,0.08824618,SelectionStart
59.82944,24,2,3,0,0.8976831,0.9550002,0.2345905,339.094,328.0891,356.0901,0.8536701,0.928467,0.2300309,-0.3827432,-0.3503863,0.08824618,SelectionEnd
59.83265,24,2,3,0,0.8976831,0.9550002,0.2345905,339.094,328.0891,356.0901,0.8536701,0.928467,0.2300309,-0.3827432,-0.3503863,0.08824618,GotSelection
59.87474,24,2,3,0,0.8975627,0.954865,0.2347617,337.5915,327.5827,356.1436,0.8577629,0.927904,0.2291944,-0.3509092,-0.3433598,0.05205327,SelectionStart
59.87476,24,2,3,0,0.8975627,0.954865,0.2347617,337.5915,327.5827,356.1436,0.8577629,0.927904,0.2291944,-0.3509092,-0.3433598,0.05205327,SelectionEnd
59.87799,24,2,3,0,0.8975627,0.954865,0.2347617,337.5915,327.5827,356.1436,0.8577629,0.927904,0.2291944,-0.3509092,-0.3433598,0.05205327,GotSelection
59.88907,24,2,3,0,0.8980457,0.954221,0.234097,336.8709,327.62,356.072,0.8598511,0.9290988,0.2283175,-0.3393791,-0.3221064,0.04543502,SelectionStart
59.88908,24,2,3,0,0.8980457,0.954221,0.234097,336.8709,327.62,356.072,0.8598511,0.9290988,0.2283175,-0.3393791,-0.3221064,0.04543502,SelectionEnd
59.89236,24,2,3,0,0.8980457,0.954221,0.234097,336.8709,327.62,356.072,0.8598511,0.9290988,0.2283175,-0.3393791,-0.3221064,0.04543502,GotSelection
59.91278,24,2,3,0,0.8986956,0.9534717,0.2331007,335.7708,327.6607,355.9267,0.8618673,0.9312633,0.2266035,-0.3331053,-0.2905025,0.03922897,Nothing
59.92155,24,2,3,0,0.899024,0.9527721,0.2329782,335.3394,327.6357,355.8298,0.8626736,0.9318494,0.2260673,-0.3317237,-0.2768197,0.03722577,Nothing
59.92977,24,2,3,0,0.8991658,0.9523477,0.2329907,334.923,327.5418,355.7915,0.8632693,0.9325796,0.2250665,-0.3340432,-0.2622723,0.03075536,Nothing
59.93816,24,2,3,0,0.8993611,0.9520267,0.2329434,334.5175,327.4662,355.7491,0.8637362,0.9332711,0.2243817,-0.3357219,-0.2507134,0.02764557,Nothing
59.94719,24,2,3,0,0.8995299,0.9516093,0.2329792,334.0341,327.3589,355.6958,0.8642946,0.934006,0.2235947,-0.3374942,-0.2370483,0.02320395,Nothing
59.95416,24,2,3,0,0.8997561,0.9510307,0.2329533,333.5281,327.2869,355.6053,0.8644043,0.9344341,0.2228817,-0.3426054,-0.2268289,0.02161182,Nothing
59.96313,24,2,3,0,0.9003497,0.9500441,0.2327847,332.7465,327.2295,355.4324,0.8654211,0.9355037,0.2218144,-0.3449548,-0.2052253,0.01987799,Nothing
59.97123,24,2,3,0,0.9006948,0.9491483,0.2324733,332.1691,327.2438,355.2686,0.8660201,0.9360907,0.220911,-0.3468176,-0.190103,0.01934406,Nothing
59.98003,24,2,3,0,0.9013259,0.9479402,0.23218,331.4919,327.2732,355.0385,0.8666613,0.9367375,0.2199986,-0.3510629,-0.1727945,0.02159175,Nothing
59.98786,24,2,3,0,0.9016899,0.9471514,0.2320195,330.9171,327.2677,354.8869,0.8673268,0.9374721,0.2189794,-0.354319,-0.1562391,0.01986032,Nothing
59.99669,24,2,3,0,0.9020417,0.9460514,0.2318229,330.2138,327.314,354.6361,0.8684108,0.9380929,0.2177967,-0.3548401,-0.1364498,0.01595049,Nothing
60.00455,24,2,3,0,0.9024361,0.9450541,0.2316677,329.5904,327.3284,354.4397,0.8690184,0.938597,0.2167596,-0.3590955,-0.1205246,0.01496221,Nothing
60.0135,24,2,3,0,0.9031822,0.943244,0.232061,328.5392,327.1577,354.1712,0.8689709,0.939627,0.2155042,-0.3771425,-0.09499127,0.02114799,Nothing
60.02151,24,2,3,0,0.9034338,0.9420086,0.2322835,327.8993,327.0921,353.9151,0.8696573,0.9403304,0.2138773,-0.3859031,-0.07152141,0.01594296,Nothing
60.02921,24,2,3,0,0.9036174,0.9410644,0.2322365,327.3019,327.0461,353.7157,0.8701612,0.9403465,0.2128911,-0.3895301,-0.05999741,0.01292236,Nothing
60.03751,24,2,3,0,0.9034527,0.9400898,0.2331329,326.6692,326.7536,353.5775,0.8705477,0.940887,0.211536,-0.3997931,-0.0380406,0.004280688,Nothing
60.04653,24,2,3,0,0.9035031,0.9395275,0.2333808,326.1129,326.5847,353.4729,0.8708291,0.9405907,0.2105535,-0.405558,-0.03126873,-0.002931542,Nothing
60.05518,24,2,3,0,0.9035449,0.9387857,0.2338442,325.5381,326.3914,353.3628,0.871257,0.9405997,0.2093394,-0.4134005,-0.01800031,-0.01086545,Nothing
60.06261,24,2,3,0,0.903686,0.9380965,0.2341101,325.0074,326.2522,353.247,0.8714827,0.9406372,0.2081581,-0.4223748,-0.006899984,-0.01596434,Nothing
60.0714,24,2,3,0,0.903908,0.9372733,0.2340784,324.4586,326.2168,353.1009,0.8717724,0.940311,0.2070992,-0.4287244,0.0007330743,-0.01979429,Nothing
60.0795,24,2,3,0,0.904202,0.9365233,0.2339989,323.9495,326.1985,352.9608,0.8719634,0.9401826,0.2059599,-0.4368222,0.008926022,-0.02227936,Nothing
60.08845,24,2,3,0,0.9048903,0.9352565,0.233734,323.1962,326.2574,352.7224,0.8722751,0.9400734,0.2043409,-0.4495575,0.02122624,-0.02222832,Nothing
60.09746,24,2,3,0,0.9052534,0.9348599,0.2332779,322.7159,326.3176,352.5996,0.8721067,0.9398023,0.2034185,-0.4568906,0.02139407,-0.02192424,Nothing
60.11359,24,2,3,0,0.9064343,0.933462,0.2324272,321.7927,326.5182,352.3264,0.8721104,0.9390982,0.2015364,-0.4735322,0.02527057,-0.01918169,Nothing
60.12179,24,2,3,0,0.9070703,0.9326873,0.2320921,321.3639,326.5966,352.2093,0.8719695,0.9386559,0.2005685,-0.4840836,0.0267295,-0.01770307,Nothing
60.13055,24,2,3,0,0.907522,0.932108,0.2317156,320.9293,326.6535,352.1061,0.8717837,0.9381327,0.1996422,-0.4927122,0.02625672,-0.01787174,Nothing
60.13773,24,2,3,0,0.9080076,0.9323354,0.2310063,320.5909,326.6766,352.1021,0.8715528,0.9375784,0.1986996,-0.4990387,0.01805556,-0.02096579,Nothing
60.14598,24,2,3,0,0.9087442,0.9315674,0.2305299,320.0181,326.6767,352.058,0.8712885,0.9367655,0.1971103,-0.5140035,0.01795477,-0.02336687,Nothing
60.15462,24,2,3,0,0.9085844,0.9314269,0.2302814,319.6727,326.6642,352.0918,0.8710963,0.9360799,0.1961771,-0.5180138,0.0171816,-0.03065656,Nothing
60.1629,24,2,3,0,0.9089609,0.931188,0.2299326,319.3328,326.6321,352.1092,0.8707803,0.9354081,0.1953162,-0.5263259,0.01311218,-0.03315621,Nothing
60.1721,24,2,3,0,0.9092712,0.931373,0.2294603,319.0206,326.6027,352.1647,0.8703418,0.9347981,0.1946429,-0.5327335,0.004912244,-0.03592498,Nothing
60.18775,24,2,3,0,0.9101045,0.9309449,0.2286066,318.297,326.6024,352.194,0.8695626,0.9333307,0.1931771,-0.5483815,-0.007080585,-0.03912728,Nothing
60.19608,24,2,3,0,0.9105219,0.9307804,0.2279154,317.9303,326.687,352.1849,0.868847,0.9325007,0.1927249,-0.5551725,-0.01806325,-0.03761642,Nothing
60.20439,24,2,3,0,0.9110955,0.9303357,0.2274072,317.559,326.7706,352.1442,0.8681975,0.9316828,0.192254,-0.5642596,-0.02663077,-0.03512505,Nothing
60.2123,24,2,3,0,0.9117906,0.9298423,0.2263661,317.0117,326.9299,352.0719,0.8672372,0.930384,0.191492,-0.5748088,-0.04145907,-0.03289857,Nothing
60.22108,24,2,3,0,0.9122717,0.9294248,0.2257652,316.6406,327.0356,352.0069,0.8664964,0.929522,0.1911753,-0.5822563,-0.05193125,-0.02983419,Nothing
60.22997,24,2,3,0,0.9128786,0.9287972,0.2252428,316.2992,327.2035,351.8748,0.8655228,0.928721,0.1910939,-0.5918052,-0.06330962,-0.02306859,Nothing
60.2381,24,2,3,0,0.9132508,0.9283345,0.2247244,315.9526,327.317,351.8018,0.8647806,0.9279577,0.1908626,-0.5985366,-0.07234658,-0.01973621,Nothing
60.24607,24,2,3,0,0.913691,0.9279583,0.2242516,315.6119,327.395,351.7488,0.8640865,0.9271186,0.190684,-0.6052189,-0.08278439,-0.01728113,Nothing
60.25534,24,2,3,0,0.913746,0.9277483,0.2235869,315.276,327.4769,351.7754,0.8631107,0.9264027,0.1905022,-0.6099786,-0.09314317,-0.01453512,Nothing
60.26344,24,2,3,0,0.9139724,0.9276749,0.2231816,314.9579,327.4577,351.8059,0.8624082,0.9257345,0.1902888,-0.6155947,-0.1028419,-0.01394264,Nothing
60.27116,24,2,3,0,0.9143458,0.9275273,0.2227398,314.4916,327.4051,351.8683,0.8613914,0.9248258,0.1899665,-0.6251978,-0.1155679,-0.01311942,Nothing
60.27918,24,2,3,0,0.9149964,0.9277294,0.2222064,314.2044,327.334,351.9493,0.8609651,0.924319,0.1897462,-0.6311589,-0.1273398,-0.01187619,Nothing
60.2876,24,2,3,0,0.9153263,0.9276869,0.2220334,313.9484,327.2823,352.0007,0.8604155,0.9239403,0.1896926,-0.6371081,-0.1346365,-0.01003335,Nothing
60.29642,24,2,3,0,0.9157667,0.9282057,0.221396,313.7253,327.2447,352.0709,0.859789,0.9233856,0.1896988,-0.6405848,-0.150557,-0.009940488,Nothing
60.30452,24,2,3,0,0.9162784,0.9279265,0.221169,313.5603,327.2991,352.0465,0.8593401,0.9233404,0.1898739,-0.6459444,-0.1558422,-0.002786482,Nothing
60.31252,24,2,3,0,0.9163885,0.9277481,0.2209904,313.3533,327.3113,352.0551,0.858757,0.9232242,0.189867,-0.6504794,-0.1597071,0.0009781324,Nothing
60.32148,24,2,3,0,0.9167231,0.927604,0.2205906,313.1997,327.3873,352.0232,0.8583626,0.9231289,0.1900748,-0.6525536,-0.1661743,0.006871174,Nothing
60.32996,24,2,3,0,0.9173172,0.927207,0.2202218,312.9719,327.4648,352.005,0.8576777,0.9228427,0.1901876,-0.6599157,-0.1742478,0.01439293,Nothing
60.33752,24,2,3,0,0.9172162,0.927266,0.2201059,312.9391,327.4931,352.0216,0.8574582,0.9232273,0.1902736,-0.6600171,-0.1733037,0.01817598,Nothing
60.34618,24,2,3,0,0.9174911,0.9271266,0.2199125,312.8751,327.5242,352.0202,0.8571954,0.9232535,0.1904972,-0.6619014,-0.1770072,0.02352027,Nothing
60.3548,24,2,3,0,0.9177317,0.9270798,0.2196625,312.7945,327.5575,352.0232,0.8568761,0.9233437,0.1906085,-0.6643094,-0.1806671,0.0283562,Nothing
60.36272,24,2,3,0,0.917798,0.9270732,0.2194721,312.7774,327.5791,352.0247,0.8566118,0.9236848,0.1907199,-0.6654403,-0.1814585,0.03375053,Nothing
60.37108,24,2,3,0,0.9179651,0.9269944,0.2193246,312.7754,327.6281,351.9969,0.8564152,0.92397,0.1908112,-0.6672338,-0.1820649,0.03882456,Nothing
60.37954,24,2,3,0,0.9181565,0.9269648,0.2191219,312.8235,327.6982,351.9344,0.8563315,0.92456,0.1908444,-0.6685509,-0.1806309,0.04536418,Nothing
60.38773,24,2,3,0,0.9183549,0.9267376,0.2190779,312.8469,327.7733,351.86,0.8562086,0.9250045,0.1908955,-0.671159,-0.1784139,0.0515575,Nothing
60.39651,24,2,3,0,0.9182234,0.926425,0.2192491,312.8833,327.8313,351.8062,0.8557572,0.9256689,0.19104,-0.6748502,-0.173313,0.0594637,Nothing
60.40462,24,2,3,0,0.9183362,0.9263283,0.2192734,312.9066,327.9014,351.7483,0.8556684,0.9263337,0.190961,-0.6778983,-0.1686142,0.06474353,Nothing
60.41376,24,2,3,0,0.918385,0.926266,0.2192642,312.9308,327.939,351.7275,0.8552361,0.9268501,0.1909616,-0.6823103,-0.1670729,0.07061738,Nothing
60.42208,24,2,3,0,0.9186047,0.926317,0.2191997,312.9494,327.9712,351.6994,0.8551813,0.9276761,0.1907199,-0.6864083,-0.1622245,0.0761252,Nothing
60.42961,24,2,3,0,0.918628,0.9262878,0.219168,312.9684,328.0154,351.6672,0.8551558,0.928405,0.1905455,-0.6884991,-0.1564577,0.08077438,Nothing
60.43832,24,2,3,0,0.918637,0.9263367,0.2191716,313.0211,328.0318,351.6682,0.8550978,0.9291195,0.1903741,-0.6908636,-0.1510324,0.08486535,Nothing
60.44567,24,2,3,0,0.918685,0.9263297,0.2192174,313.0549,328.0872,351.623,0.8550082,0.9298866,0.1901808,-0.6942939,-0.1451141,0.08929105,Nothing
60.45497,24,2,3,0,0.9185249,0.9264106,0.2193266,313.1173,328.1242,351.6091,0.8548304,0.9308272,0.1899893,-0.6972767,-0.1373813,0.09371304,Nothing
60.46248,24,2,3,0,0.9184527,0.9261824,0.2196023,313.1477,328.143,351.5819,0.8547363,0.931481,0.1898378,-0.7010196,-0.1291914,0.09768501,Nothing
60.47176,24,2,3,0,0.9183684,0.9263495,0.2197227,313.1876,328.1273,351.6082,0.8542125,0.9321053,0.1897093,-0.706582,-0.1266848,0.101382,Nothing
60.48007,24,2,3,0,0.9183139,0.9263633,0.2198487,313.2288,328.1259,351.6201,0.8540267,0.9327058,0.1895388,-0.7101152,-0.1214799,0.1044951,Nothing
60.48872,24,2,3,0,0.9182611,0.9264103,0.2199506,313.2717,328.1194,351.6373,0.853653,0.9334888,0.1894277,-0.714792,-0.1166408,0.1099523,Nothing
60.49658,24,2,3,0,0.9179426,0.9271005,0.2201273,313.3619,328.0721,351.6921,0.8535881,0.9342357,0.1891553,-0.7156314,-0.1120649,0.1071908,Nothing
60.50461,24,2,3,0,0.9179329,0.9268668,0.220204,313.4209,328.0847,351.6837,0.8534266,0.9347863,0.188909,-0.7196924,-0.1055261,0.111542,Nothing
60.5129,24,2,3,0,0.9178665,0.9269205,0.2203295,313.5629,328.0666,351.711,0.8532595,0.9355421,0.1886575,-0.7236061,-0.09865554,0.1150163,Nothing
60.52145,24,2,3,0,0.9177799,0.9268588,0.2204927,313.6297,328.0915,351.6877,0.8530197,0.9364808,0.1883168,-0.7290407,-0.08967679,0.1197354,Nothing
60.52982,24,2,3,0,0.9177625,0.9266773,0.2206443,313.6844,328.1268,351.643,0.8528607,0.9367363,0.1879427,-0.7339386,-0.08464555,0.1200117,SelectionStart
60.52984,24,2,3,0,0.9177625,0.9266773,0.2206443,313.6844,328.1268,351.643,0.8528607,0.9367363,0.1879427,-0.7339386,-0.08464555,0.1200117,SelectionEnd
60.53312,24,2,3,0,0.9177625,0.9266773,0.2206443,313.6844,328.1268,351.643,0.8528607,0.9367363,0.1879427,-0.7339386,-0.08464555,0.1200117,GotSelection
60.5443,24,2,3,0,0.9177359,0.9271582,0.2207092,313.8468,328.1319,351.6469,0.8529,0.9372465,0.1876389,-0.7358088,-0.08168042,0.1176576,SelectionStart
60.54433,24,2,3,0,0.9177359,0.9271582,0.2207092,313.8468,328.1319,351.6469,0.8529,0.9372465,0.1876389,-0.7358088,-0.08168042,0.1176576,SelectionEnd
60.54776,24,2,3,0,0.9177359,0.9271582,0.2207092,313.8468,328.1319,351.6469,0.8529,0.9372465,0.1876389,-0.7358088,-0.08168042,0.1176576,GotSelection
60.55814,24,2,3,0,0.9180934,0.9270323,0.2205991,313.9672,328.2277,351.5388,0.8528164,0.9379957,0.1871417,-0.7427807,-0.07599518,0.1224831,SelectionStart
60.55817,24,2,3,0,0.9180934,0.9270323,0.2205991,313.9672,328.2277,351.5388,0.8528164,0.9379957,0.1871417,-0.7427807,-0.07599518,0.1224831,SelectionEnd
60.56197,24,2,3,0,0.9180934,0.9270323,0.2205991,313.9672,328.2277,351.5388,0.8528164,0.9379957,0.1871417,-0.7427807,-0.07599518,0.1224831,GotSelection
60.57184,24,2,3,0,0.9184008,0.926484,0.2208199,314.0471,328.3002,351.4704,0.8523521,0.9382636,0.1874231,-0.7495549,-0.07458808,0.1310059,SelectionStart
60.57185,24,2,3,0,0.9184008,0.926484,0.2208199,314.0471,328.3002,351.4704,0.8523521,0.9382636,0.1874231,-0.7495549,-0.07458808,0.1310059,SelectionEnd
60.57545,24,2,3,0,0.9184008,0.926484,0.2208199,314.0471,328.3002,351.4704,0.8523521,0.9382636,0.1874231,-0.7495549,-0.07458808,0.1310059,GotSelection
60.58545,24,2,3,0,0.9186347,0.9258584,0.2210566,314.1465,328.3949,351.3661,0.8520498,0.9389356,0.1870098,-0.7594154,-0.06499321,0.1376369,SelectionStart
60.58547,24,2,3,0,0.9186347,0.9258584,0.2210566,314.1465,328.3949,351.3661,0.8520498,0.9389356,0.1870098,-0.7594154,-0.06499321,0.1376369,SelectionEnd
60.58881,24,2,3,0,0.9186347,0.9258584,0.2210566,314.1465,328.3949,351.3661,0.8520498,0.9389356,0.1870098,-0.7594154,-0.06499321,0.1376369,GotSelection
60.5983,24,2,3,0,0.9185705,0.9256318,0.2213251,314.2003,328.4255,351.3002,0.8522749,0.9390067,0.186742,-0.7607749,-0.05901625,0.1351578,SelectionStart
60.59832,24,2,3,0,0.9185705,0.9256318,0.2213251,314.2003,328.4255,351.3002,0.8522749,0.9390067,0.186742,-0.7607749,-0.05901625,0.1351578,SelectionEnd
60.6018,24,2,3,0,0.9185705,0.9256318,0.2213251,314.2003,328.4255,351.3002,0.8522749,0.9390067,0.186742,-0.7607749,-0.05901625,0.1351578,GotSelection
60.6132,24,2,3,0,0.9185314,0.9252154,0.2215437,314.2875,328.5001,351.2147,0.8516905,0.9403508,0.1866655,-0.7690141,-0.04807053,0.1474734,SelectionStart
60.61322,24,2,3,0,0.9185314,0.9252154,0.2215437,314.2875,328.5001,351.2147,0.8516905,0.9403508,0.1866655,-0.7690141,-0.04807053,0.1474734,SelectionEnd
60.61646,24,2,3,0,0.9185314,0.9252154,0.2215437,314.2875,328.5001,351.2147,0.8516905,0.9403508,0.1866655,-0.7690141,-0.04807053,0.1474734,GotSelection
60.62724,24,2,3,0,0.9185868,0.9249986,0.2216433,314.3313,328.5486,351.1505,0.8519546,0.9410104,0.1868002,-0.7681635,-0.04131721,0.1527979,SelectionStart
60.62727,24,2,3,0,0.9185868,0.9249986,0.2216433,314.3313,328.5486,351.1505,0.8519546,0.9410104,0.1868002,-0.7681635,-0.04131721,0.1527979,SelectionEnd
60.63053,24,2,3,0,0.9185868,0.9249986,0.2216433,314.3313,328.5486,351.1505,0.8519546,0.9410104,0.1868002,-0.7681635,-0.04131721,0.1527979,GotSelection
60.64083,24,2,3,0,0.9184867,0.9247646,0.2218553,314.3678,328.5907,351.0654,0.8516437,0.9418062,0.1873211,-0.769124,-0.03743356,0.1625308,SelectionStart
60.64085,24,2,3,0,0.9184867,0.9247646,0.2218553,314.3678,328.5907,351.0654,0.8516437,0.9418062,0.1873211,-0.769124,-0.03743356,0.1625308,SelectionEnd
60.64417,24,2,3,0,0.9184867,0.9247646,0.2218553,314.3678,328.5907,351.0654,0.8516437,0.9418062,0.1873211,-0.769124,-0.03743356,0.1625308,GotSelection
60.68929,24,2,3,0,0.9183131,0.9242931,0.2222645,314.5868,328.694,350.8462,0.8537696,0.9446906,0.1887507,-0.7483956,-0.008713861,0.1833144,SelectionStart
60.68931,24,2,3,0,0.9183131,0.9242931,0.2222645,314.5868,328.694,350.8462,0.8537696,0.9446906,0.1887507,-0.7483956,-0.008713861,0.1833144,SelectionEnd
60.69255,24,2,3,0,0.9183131,0.9242931,0.2222645,314.5868,328.694,350.8462,0.8537696,0.9446906,0.1887507,-0.7483956,-0.008713861,0.1833144,GotSelection
60.70506,24,2,3,0,0.9181833,0.924329,0.2224143,314.6801,328.6861,350.8264,0.8542946,0.9467015,0.1896047,-0.7410576,0.004870158,0.1994066,SelectionStart
60.70508,24,2,3,0,0.9181833,0.924329,0.2224143,314.6801,328.6861,350.8264,0.8542946,0.9467015,0.1896047,-0.7410576,0.004870158,0.1994066,SelectionEnd
60.70836,24,2,3,0,0.9181833,0.924329,0.2224143,314.6801,328.6861,350.8264,0.8542946,0.9467015,0.1896047,-0.7410576,0.004870158,0.1994066,GotSelection
60.71796,24,2,3,0,0.9180931,0.9244485,0.2224348,314.7301,328.671,350.8481,0.8554834,0.9479885,0.1900806,-0.7293107,0.0175977,0.2059163,SelectionStart
60.71799,24,2,3,0,0.9180931,0.9244485,0.2224348,314.7301,328.671,350.8481,0.8554834,0.9479885,0.1900806,-0.7293107,0.0175977,0.2059163,SelectionEnd
60.72133,24,2,3,0,0.9180931,0.9244485,0.2224348,314.7301,328.671,350.8481,0.8554834,0.9479885,0.1900806,-0.7293107,0.0175977,0.2059163,GotSelection
60.73312,24,2,3,0,0.9180729,0.9246872,0.2224897,314.7521,328.6435,350.8876,0.8575436,0.9498603,0.1907874,-0.7103961,0.03670429,0.2141608,SelectionStart
60.73314,24,2,3,0,0.9180729,0.9246872,0.2224897,314.7521,328.6435,350.8876,0.8575436,0.9498603,0.1907874,-0.7103961,0.03670429,0.2141608,SelectionEnd
60.73645,24,2,3,0,0.9180729,0.9246872,0.2224897,314.7521,328.6435,350.8876,0.8575436,0.9498603,0.1907874,-0.7103961,0.03670429,0.2141608,GotSelection
60.74662,24,2,3,0,0.9180021,0.9248225,0.2224297,314.7757,328.635,350.929,0.8590651,0.9514236,0.191418,-0.6949382,0.05183982,0.2227967,SelectionStart
60.74664,24,2,3,0,0.9180021,0.9248225,0.2224297,314.7757,328.635,350.929,0.8590651,0.9514236,0.191418,-0.6949382,0.05183982,0.2227967,SelectionEnd
60.74998,24,2,3,0,0.9180021,0.9248225,0.2224297,314.7757,328.635,350.929,0.8590651,0.9514236,0.191418,-0.6949382,0.05183982,0.2227967,GotSelection
60.75956,24,2,3,0,0.9179543,0.9249998,0.2222842,314.8042,328.6229,350.9969,0.8605047,0.953351,0.1922091,-0.6790991,0.06772709,0.2356658,SelectionStart
60.75957,24,2,3,0,0.9179543,0.9249998,0.2222842,314.8042,328.6229,350.9969,0.8605047,0.953351,0.1922091,-0.6790991,0.06772709,0.2356658,SelectionEnd
60.76288,24,2,3,0,0.9179543,0.9249998,0.2222842,314.8042,328.6229,350.9969,0.8605047,0.953351,0.1922091,-0.6790991,0.06772709,0.2356658,GotSelection
60.77241,24,2,3,0,0.9178588,0.9252796,0.2221943,314.8495,328.5911,351.0791,0.8629662,0.9556814,0.1930211,-0.6551542,0.09142501,0.2465692,SelectionStart
60.77243,24,2,3,0,0.9178588,0.9252796,0.2221943,314.8495,328.5911,351.0791,0.8629662,0.9556814,0.1930211,-0.6551542,0.09142501,0.2465692,SelectionEnd
60.7757,24,2,3,0,0.9178588,0.9252796,0.2221943,314.8495,328.5911,351.0791,0.8629662,0.9556814,0.1930211,-0.6551542,0.09142501,0.2465692,GotSelection
60.78857,24,2,3,0,0.9178023,0.9255651,0.2220679,314.9152,328.5808,351.1512,0.8661501,0.9581159,0.1942661,-0.6229394,0.1169114,0.2582181,SelectionStart
60.7886,24,2,3,0,0.9178023,0.9255651,0.2220679,314.9152,328.5808,351.1512,0.8661501,0.9581159,0.1942661,-0.6229394,0.1169114,0.2582181,SelectionEnd
60.79218,24,2,3,0,0.9178023,0.9255651,0.2220679,314.9152,328.5808,351.1512,0.8661501,0.9581159,0.1942661,-0.6229394,0.1169114,0.2582181,GotSelection
60.80266,24,2,3,0,0.9177262,0.9254212,0.221515,314.8848,328.6944,351.1861,0.8692583,0.9606767,0.1955306,-0.5891851,0.1436726,0.2763102,SelectionStart
60.80268,24,2,3,0,0.9177262,0.9254212,0.221515,314.8848,328.6944,351.1861,0.8692583,0.9606767,0.1955306,-0.5891851,0.1436726,0.2763102,SelectionEnd
60.80598,24,2,3,0,0.9177262,0.9254212,0.221515,314.8848,328.6944,351.1861,0.8692583,0.9606767,0.1955306,-0.5891851,0.1436726,0.2763102,GotSelection
60.81527,24,2,3,0,0.917945,0.9257839,0.2212296,314.8883,328.6871,351.2411,0.8721834,0.962589,0.1963429,-0.5621884,0.1630588,0.2841718,SelectionStart
60.81528,24,2,3,0,0.917945,0.9257839,0.2212296,314.8883,328.6871,351.2411,0.8721834,0.962589,0.1963429,-0.5621884,0.1630588,0.2841718,SelectionEnd
60.81857,24,2,3,0,0.917945,0.9257839,0.2212296,314.8883,328.6871,351.2411,0.8721834,0.962589,0.1963429,-0.5621884,0.1630588,0.2841718,GotSelection
60.83004,24,2,3,0,0.918061,0.9258457,0.221053,314.9239,328.7313,351.256,0.8756843,0.9652572,0.1978745,-0.5273037,0.1902023,0.3004189,SelectionStart
60.83006,24,2,3,0,0.918061,0.9258457,0.221053,314.9239,328.7313,351.256,0.8756843,0.9652572,0.1978745,-0.5273037,0.1902023,0.3004189,SelectionEnd
60.8334,24,2,3,0,0.918061,0.9258457,0.221053,314.9239,328.7313,351.256,0.8756843,0.9652572,0.1978745,-0.5273037,0.1902023,0.3004189,GotSelection
60.87634,24,2,3,0,0.9180363,0.9258436,0.221077,315.0302,328.7811,351.2171,0.8864642,0.9731972,0.2009831,-0.430317,0.2853331,0.3355009,SelectionStart
60.87637,24,2,3,0,0.9180363,0.9258436,0.221077,315.0302,328.7811,351.2171,0.8864642,0.9731972,0.2009831,-0.430317,0.2853331,0.3355009,SelectionEnd
60.87991,24,2,3,0,0.9180363,0.9258436,0.221077,315.0302,328.7811,351.2171,0.8864642,0.9731972,0.2009831,-0.430317,0.2853331,0.3355009,GotSelection
60.88947,24,2,3,0,0.9179342,0.9257598,0.2212926,315.0493,328.7577,351.2005,0.890516,0.9757208,0.202087,-0.3943707,0.3200108,0.344216,SelectionStart
60.88949,24,2,3,0,0.9179342,0.9257598,0.2212926,315.0493,328.7577,351.2005,0.890516,0.9757208,0.202087,-0.3943707,0.3200108,0.344216,SelectionEnd
60.89308,24,2,3,0,0.9179342,0.9257598,0.2212926,315.0493,328.7577,351.2005,0.890516,0.9757208,0.202087,-0.3943707,0.3200108,0.344216,GotSelection
60.90486,24,2,3,0,0.9178645,0.9258662,0.2214165,315.0415,328.7089,351.2263,0.8947303,0.9777269,0.2031622,-0.3559599,0.3500159,0.347973,SelectionStart
60.90488,24,2,3,0,0.9178645,0.9258662,0.2214165,315.0415,328.7089,351.2263,0.8947303,0.9777269,0.2031622,-0.3559599,0.3500159,0.347973,SelectionEnd
60.90842,24,2,3,0,0.9178645,0.9258662,0.2214165,315.0415,328.7089,351.2263,0.8947303,0.9777269,0.2031622,-0.3559599,0.3500159,0.347973,GotSelection
60.91785,24,2,3,0,0.9177558,0.9260418,0.2215376,315.0054,328.6526,351.2687,0.8975594,0.9791749,0.2038189,-0.3301286,0.370877,0.3498843,SelectionStart
60.91786,24,2,3,0,0.9177558,0.9260418,0.2215376,315.0054,328.6526,351.2687,0.8975594,0.9791749,0.2038189,-0.3301286,0.370877,0.3498843,SelectionEnd
60.92117,24,2,3,0,0.9177558,0.9260418,0.2215376,315.0054,328.6526,351.2687,0.8975594,0.9791749,0.2038189,-0.3301286,0.370877,0.3498843,GotSelection
60.93063,24,2,3,0,0.9175941,0.9262079,0.2214927,314.9836,328.6028,351.328,0.9003972,0.9804806,0.2044404,-0.3027369,0.390604,0.3512637,SelectionStart
60.93065,24,2,3,0,0.9175941,0.9262079,0.2214927,314.9836,328.6028,351.328,0.9003972,0.9804806,0.2044404,-0.3027369,0.390604,0.3512637,SelectionEnd
60.93391,24,2,3,0,0.9175941,0.9262079,0.2214927,314.9836,328.6028,351.328,0.9003972,0.9804806,0.2044404,-0.3027369,0.390604,0.3512637,GotSelection
60.94661,24,2,3,0,0.9175485,0.9264001,0.2214985,314.9917,328.5677,351.3786,0.9039466,0.9822651,0.2051017,-0.2711746,0.4167639,0.3533089,SelectionStart
60.94662,24,2,3,0,0.9175485,0.9264001,0.2214985,314.9917,328.5677,351.3786,0.9039466,0.9822651,0.2051017,-0.2711746,0.4167639,0.3533089,SelectionEnd
60.94988,24,2,3,0,0.9175485,0.9264001,0.2214985,314.9917,328.5677,351.3786,0.9039466,0.9822651,0.2051017,-0.2711746,0.4167639,0.3533089,GotSelection
60.96069,24,2,3,0,0.917675,0.9266149,0.2212857,315.0352,328.5817,351.4171,0.9073449,0.9838808,0.2056969,-0.2411103,0.4393829,0.3556947,SelectionStart
60.96072,24,2,3,0,0.917675,0.9266149,0.2212857,315.0352,328.5817,351.4171,0.9073449,0.9838808,0.2056969,-0.2411103,0.4393829,0.3556947,SelectionEnd
60.96474,24,2,3,0,0.917675,0.9266149,0.2212857,315.0352,328.5817,351.4171,0.9073449,0.9838808,0.2056969,-0.2411103,0.4393829,0.3556947,GotSelection
60.97546,24,2,3,0,0.9175757,0.9267778,0.2212642,315.1203,328.6006,351.4186,0.9101694,0.9853061,0.2061,-0.21636,0.4613765,0.3556513,SelectionStart
60.97548,24,2,3,0,0.9175757,0.9267778,0.2212642,315.1203,328.6006,351.4186,0.9101694,0.9853061,0.2061,-0.21636,0.4613765,0.3556513,SelectionEnd
60.97884,24,2,3,0,0.9175757,0.9267778,0.2212642,315.1203,328.6006,351.4186,0.9101694,0.9853061,0.2061,-0.21636,0.4613765,0.3556513,GotSelection
60.98854,24,2,3,0,0.9174462,0.9266187,0.2214948,315.1863,328.6098,351.3936,0.9119632,0.9862225,0.2060751,-0.2038685,0.4803775,0.353977,SelectionStart
60.98856,24,2,3,0,0.9174462,0.9266187,0.2214948,315.1863,328.6098,351.3936,0.9119632,0.9862225,0.2060751,-0.2038685,0.4803775,0.353977,SelectionEnd
60.99181,24,2,3,0,0.9174462,0.9266187,0.2214948,315.1863,328.6098,351.3936,0.9119632,0.9862225,0.2060751,-0.2038685,0.4803775,0.353977,GotSelection
61.00141,24,2,3,0,0.9173406,0.9266592,0.2215305,315.2248,328.6007,351.4049,0.9132078,0.9869149,0.2059724,-0.1945135,0.4927877,0.3523855,SelectionStart
61.00143,24,2,3,0,0.9173406,0.9266592,0.2215305,315.2248,328.6007,351.4049,0.9132078,0.9869149,0.2059724,-0.1945135,0.4927877,0.3523855,SelectionEnd
61.00468,24,2,3,0,0.9173406,0.9266592,0.2215305,315.2248,328.6007,351.4049,0.9132078,0.9869149,0.2059724,-0.1945135,0.4927877,0.3523855,GotSelection
61.01381,24,2,3,0,0.9174285,0.9266875,0.221487,315.2451,328.5999,351.4242,0.9149168,0.9877312,0.2058798,-0.1824686,0.5069827,0.3514415,SelectionStart
61.01383,24,2,3,0,0.9174285,0.9266875,0.221487,315.2451,328.5999,351.4242,0.9149168,0.9877312,0.2058798,-0.1824686,0.5069827,0.3514415,SelectionEnd
61.01746,24,2,3,0,0.9174285,0.9266875,0.221487,315.2451,328.5999,351.4242,0.9149168,0.9877312,0.2058798,-0.1824686,0.5069827,0.3514415,GotSelection
61.02944,24,2,3,0,0.9174457,0.9268636,0.2214317,315.2482,328.5733,351.5046,0.9155995,0.9881208,0.2054883,-0.1787508,0.5138401,0.3483889,SelectionStart
61.02946,24,2,3,0,0.9174457,0.9268636,0.2214317,315.2482,328.5733,351.5046,0.9155995,0.9881208,0.2054883,-0.1787508,0.5138401,0.3483889,SelectionEnd
61.03292,24,2,3,0,0.9174457,0.9268636,0.2214317,315.2482,328.5733,351.5046,0.9155995,0.9881208,0.2054883,-0.1787508,0.5138401,0.3483889,GotSelection
61.0766,24,2,3,0,0.9177761,0.9268765,0.2214788,315.4731,328.6794,351.4612,0.9103155,0.9851577,0.2046264,-0.2267922,0.4706771,0.3404426,SelectionStart
61.07662,24,2,3,0,0.9177761,0.9268765,0.2214788,315.4731,328.6794,351.4612,0.9103155,0.9851577,0.2046264,-0.2267922,0.4706771,0.3404426,SelectionEnd
61.07988,24,2,3,0,0.9177761,0.9268765,0.2214788,315.4731,328.6794,351.4612,0.9103155,0.9851577,0.2046264,-0.2267922,0.4706771,0.3404426,GotSelection
61.08997,24,2,3,0,0.9178954,0.9267617,0.2214578,315.5291,328.7394,351.4164,0.9076362,0.9838958,0.2045288,-0.2489229,0.4491978,0.341736,SelectionStart
61.09,24,2,3,0,0.9178954,0.9267617,0.2214578,315.5291,328.7394,351.4164,0.9076362,0.9838958,0.2045288,-0.2489229,0.4491978,0.341736,SelectionEnd
61.09327,24,2,3,0,0.9178954,0.9267617,0.2214578,315.5291,328.7394,351.4164,0.9076362,0.9838958,0.2045288,-0.2489229,0.4491978,0.341736,GotSelection
61.11705,24,2,3,0,0.9181231,0.926841,0.2212911,315.5637,328.8052,351.4004,0.9013434,0.9804488,0.2040775,-0.2995576,0.3932271,0.3389407,SelectionStart
61.11713,24,2,3,0,0.9181231,0.926841,0.2212911,315.5637,328.8052,351.4004,0.9013434,0.9804488,0.2040775,-0.2995576,0.3932271,0.3389407,SelectionEnd
61.12389,24,2,3,0,0.9181231,0.926841,0.2212911,315.5637,328.8052,351.4004,0.9013434,0.9804488,0.2040775,-0.2995576,0.3932271,0.3389407,GotSelection
61.13742,24,2,3,0,0.9180916,0.9264114,0.221539,315.564,328.8026,351.3625,0.8932244,0.9754865,0.202321,-0.3724525,0.3307126,0.3245991,SelectionStart
61.13744,24,2,3,0,0.9180916,0.9264114,0.221539,315.564,328.8026,351.3625,0.8932244,0.9754865,0.202321,-0.3724525,0.3307126,0.3245991,SelectionEnd
61.14085,24,2,3,0,0.9180916,0.9264114,0.221539,315.564,328.8026,351.3625,0.8932244,0.9754865,0.202321,-0.3724525,0.3307126,0.3245991,GotSelection
61.15076,24,2,3,0,0.9180524,0.9262666,0.2217365,315.5362,328.7775,351.3327,0.8881626,0.9722868,0.2013763,-0.4167871,0.2892704,0.3148979,SelectionStart
61.15078,24,2,3,0,0.9180524,0.9262666,0.2217365,315.5362,328.7775,351.3327,0.8881626,0.9722868,0.2013763,-0.4167871,0.2892704,0.3148979,SelectionEnd
61.15433,24,2,3,0,0.9180524,0.9262666,0.2217365,315.5362,328.7775,351.3327,0.8881626,0.9722868,0.2013763,-0.4167871,0.2892704,0.3148979,GotSelection
61.16352,24,2,3,0,0.9180321,0.9261321,0.2217148,315.5314,328.7828,351.2934,0.8841698,0.9694279,0.2008384,-0.4491887,0.2522916,0.3072088,SelectionStart
61.16354,24,2,3,0,0.9180321,0.9261321,0.2217148,315.5314,328.7828,351.2934,0.8841698,0.9694279,0.2008384,-0.4491887,0.2522916,0.3072088,SelectionEnd
61.16692,24,2,3,0,0.9180321,0.9261321,0.2217148,315.5314,328.7828,351.2934,0.8841698,0.9694279,0.2008384,-0.4491887,0.2522916,0.3072088,GotSelection
61.17889,24,2,3,0,0.9179329,0.9258966,0.2219545,315.5277,328.7803,351.2412,0.8797396,0.9653308,0.199932,-0.4870905,0.2084552,0.288849,SelectionStart
61.17891,24,2,3,0,0.9179329,0.9258966,0.2219545,315.5277,328.7803,351.2412,0.8797396,0.9653308,0.199932,-0.4870905,0.2084552,0.288849,SelectionEnd
61.18239,24,2,3,0,0.9179329,0.9258966,0.2219545,315.5277,328.7803,351.2412,0.8797396,0.9653308,0.199932,-0.4870905,0.2084552,0.288849,GotSelection
61.19228,24,2,3,0,0.9178072,0.9259748,0.2220916,315.5384,328.7368,351.2569,0.8748997,0.9625158,0.1994112,-0.5258248,0.1674991,0.2820861,SelectionStart
61.19231,24,2,3,0,0.9178072,0.9259748,0.2220916,315.5384,328.7368,351.2569,0.8748997,0.9625158,0.1994112,-0.5258248,0.1674991,0.2820861,SelectionEnd
61.19579,24,2,3,0,0.9178072,0.9259748,0.2220916,315.5384,328.7368,351.2569,0.8748997,0.9625158,0.1994112,-0.5258248,0.1674991,0.2820861,GotSelection
61.20545,24,2,3,0,0.9177022,0.9260299,0.2223108,315.5488,328.6841,351.2732,0.8693955,0.9584158,0.1981783,-0.573545,0.1181148,0.2640831,SelectionStart
61.20547,24,2,3,0,0.9177022,0.9260299,0.2223108,315.5488,328.6841,351.2732,0.8693955,0.9584158,0.1981783,-0.573545,0.1181148,0.2640831,SelectionEnd
61.20879,24,2,3,0,0.9177022,0.9260299,0.2223108,315.5488,328.6841,351.2732,0.8693955,0.9584158,0.1981783,-0.573545,0.1181148,0.2640831,GotSelection
61.22085,24,2,3,0,0.9177986,0.9261839,0.222242,315.5675,328.6647,351.3001,0.864381,0.9546868,0.1968267,-0.6182516,0.0715869,0.2477979,SelectionStart
61.22087,24,2,3,0,0.9177986,0.9261839,0.222242,315.5675,328.6647,351.3001,0.864381,0.9546868,0.1968267,-0.6182516,0.0715869,0.2477979,SelectionEnd
61.22432,24,2,3,0,0.9177986,0.9261839,0.222242,315.5675,328.6647,351.3001,0.864381,0.9546868,0.1968267,-0.6182516,0.0715869,0.2477979,GotSelection
61.23457,24,2,3,0,0.9175334,0.9261108,0.2225246,315.5858,328.6517,351.295,0.8616335,0.9519061,0.1957542,-0.6435984,0.04670642,0.229488,SelectionStart
61.23459,24,2,3,0,0.9175334,0.9261108,0.2225246,315.5858,328.6517,351.295,0.8616335,0.9519061,0.1957542,-0.6435984,0.04670642,0.229488,SelectionEnd
61.23789,24,2,3,0,0.9175334,0.9261108,0.2225246,315.5858,328.6517,351.295,0.8616335,0.9519061,0.1957542,-0.6435984,0.04670642,0.229488,GotSelection
61.27832,24,2,3,0,0.9170565,0.9264132,0.2227421,315.6723,328.5766,351.4456,0.8526298,0.944441,0.1925774,-0.7245394,-0.03252211,0.185793,SelectionStart
61.27834,24,2,3,0,0.9170565,0.9264132,0.2227421,315.6723,328.5766,351.4456,0.8526298,0.944441,0.1925774,-0.7245394,-0.03252211,0.185793,SelectionEnd
61.28176,24,2,3,0,0.9170565,0.9264132,0.2227421,315.6723,328.5766,351.4456,0.8526298,0.944441,0.1925774,-0.7245394,-0.03252211,0.185793,GotSelection
61.29184,24,2,3,0,0.9168199,0.9264793,0.2229621,315.7579,328.5546,351.4658,0.8504721,0.9426783,0.1918573,-0.743821,-0.05002885,0.1743244,SelectionStart
61.29187,24,2,3,0,0.9168199,0.9264793,0.2229621,315.7579,328.5546,351.4658,0.8504721,0.9426783,0.1918573,-0.743821,-0.05002885,0.1743244,SelectionEnd
61.29529,24,2,3,0,0.9168199,0.9264793,0.2229621,315.7579,328.5546,351.4658,0.8504721,0.9426783,0.1918573,-0.743821,-0.05002885,0.1743244,GotSelection
61.30477,24,2,3,0,0.9161083,0.9261524,0.2234654,315.8154,328.554,351.4137,0.8490368,0.9424341,0.1916526,-0.7540851,-0.04984794,0.1732001,SelectionStart
61.30479,24,2,3,0,0.9161083,0.9261524,0.2234654,315.8154,328.554,351.4137,0.8490368,0.9424341,0.1916526,-0.7540851,-0.04984794,0.1732001,SelectionEnd
61.30813,24,2,3,0,0.9161083,0.9261524,0.2234654,315.8154,328.554,351.4137,0.8490368,0.9424341,0.1916526,-0.7540851,-0.04984794,0.1732001,GotSelection
61.31753,24,2,3,0,0.9161948,0.9266601,0.2235356,315.9151,328.4969,351.4556,0.8484243,0.9419914,0.1913074,-0.7611655,-0.05770128,0.1669655,SelectionStart
61.31754,24,2,3,0,0.9161948,0.9266601,0.2235356,315.9151,328.4969,351.4556,0.8484243,0.9419914,0.1913074,-0.7611655,-0.05770128,0.1669655,SelectionEnd
61.3212,24,2,3,0,0.9161948,0.9266601,0.2235356,315.9151,328.4969,351.4556,0.8484243,0.9419914,0.1913074,-0.7611655,-0.05770128,0.1669655,GotSelection
61.33142,24,2,3,0,0.9160656,0.9270104,0.2239472,316.1108,328.4085,351.5163,0.8488238,0.9429398,0.1907628,-0.7633636,-0.04521058,0.1638235,SelectionStart
61.33144,24,2,3,0,0.9160656,0.9270104,0.2239472,316.1108,328.4085,351.5163,0.8488238,0.9429398,0.1907628,-0.7633636,-0.04521058,0.1638235,SelectionEnd
61.33481,24,2,3,0,0.9160656,0.9270104,0.2239472,316.1108,328.4085,351.5163,0.8488238,0.9429398,0.1907628,-0.7633636,-0.04521058,0.1638235,GotSelection
61.34618,24,2,3,0,0.9158064,0.927353,0.2244094,316.4106,328.3301,351.6028,0.8493309,0.9443451,0.1909021,-0.7603251,-0.03070852,0.1666923,SelectionStart
61.3462,24,2,3,0,0.9158064,0.927353,0.2244094,316.4106,328.3301,351.6028,0.8493309,0.9443451,0.1909021,-0.7603251,-0.03070852,0.1666923,SelectionEnd
61.34966,24,2,3,0,0.9158064,0.927353,0.2244094,316.4106,328.3301,351.6028,0.8493309,0.9443451,0.1909021,-0.7603251,-0.03070852,0.1666923,GotSelection
61.35948,24,2,3,0,0.915668,0.9276059,0.2247382,316.7417,328.3246,351.6639,0.8497492,0.94569,0.1909128,-0.759133,-0.01661827,0.1697285,SelectionStart
61.3595,24,2,3,0,0.915668,0.9276059,0.2247382,316.7417,328.3246,351.6639,0.8497492,0.94569,0.1909128,-0.759133,-0.01661827,0.1697285,SelectionEnd
61.36294,24,2,3,0,0.915668,0.9276059,0.2247382,316.7417,328.3246,351.6639,0.8497492,0.94569,0.1909128,-0.759133,-0.01661827,0.1697285,GotSelection
61.37288,24,2,3,0,0.9156488,0.9277796,0.2249735,317.3079,328.4073,351.7376,0.8513204,0.9478085,0.1906936,-0.7516204,0.01115435,0.1722989,SelectionStart
61.3729,24,2,3,0,0.9156488,0.9277796,0.2249735,317.3079,328.4073,351.7376,0.8513204,0.9478085,0.1906936,-0.7516204,0.01115435,0.1722989,SelectionEnd
61.37628,24,2,3,0,0.9156488,0.9277796,0.2249735,317.3079,328.4073,351.7376,0.8513204,0.9478085,0.1906936,-0.7516204,0.01115435,0.1722989,GotSelection
61.39509,24,2,3,0,0.9161514,0.9283528,0.2247242,318.6236,328.7588,351.7711,0.852896,0.9500003,0.1906975,-0.7443845,0.03448297,0.174414,Nothing
61.40457,24,2,3,0,0.9163448,0.9289172,0.2246857,319.6643,328.9781,351.8382,0.8538398,0.951483,0.190588,-0.740495,0.05111514,0.172278,Nothing
61.41189,24,2,3,0,0.9155467,0.930261,0.2249332,320.4521,329.0435,351.9967,0.8545531,0.9523907,0.1904602,-0.7301579,0.06125227,0.1580022,Nothing
61.42126,24,2,3,0,0.9153273,0.9301807,0.2251678,321.2876,329.2608,352.0119,0.8552355,0.953458,0.1903799,-0.726473,0.07992014,0.1550012,Nothing
61.43039,24,2,3,0,0.9161435,0.9303344,0.2250342,322.2668,329.5277,351.9866,0.8557771,0.9543858,0.190064,-0.7313973,0.09001881,0.1539806,Nothing
61.44667,24,2,3,0,0.9164654,0.9309213,0.2250795,324.2453,330.0449,351.9825,0.8569616,0.9556746,0.1896822,-0.7287489,0.1100761,0.1396315,Nothing
61.45401,24,2,3,0,0.9168863,0.9311138,0.2251369,325.2892,330.3162,351.9978,0.8579286,0.9565772,0.1894184,-0.7273672,0.1241518,0.1325394,Nothing
61.46267,24,2,3,0,0.9172348,0.9316814,0.2250582,326.8668,330.7351,352.0653,0.8589881,0.9579128,0.1890848,-0.7242819,0.1416871,0.1214268,Nothing
61.47115,24,2,3,0,0.9171751,0.9321948,0.2249721,327.9819,331.0608,352.1242,0.8598386,0.958735,0.1889133,-0.7176783,0.1532981,0.1105779,Nothing
61.48081,24,2,3,0,0.9175056,0.9325405,0.2245422,329.0489,331.4614,352.1781,0.8606012,0.9596131,0.1886756,-0.7137573,0.1639294,0.1042288,Nothing
61.48779,24,2,3,0,0.9185749,0.9325438,0.2241252,330.0107,331.7716,352.2463,0.8613781,0.9604983,0.1884004,-0.7165915,0.1744754,0.10347,Nothing
61.49723,24,2,3,0,0.9186912,0.9334185,0.2233154,331.0127,332.2131,352.3861,0.8621046,0.9613472,0.1880803,-0.7084778,0.1806468,0.09531356,Nothing
61.51284,24,2,3,0,0.9185864,0.9348771,0.2226984,333.0577,332.9578,352.6533,0.8637833,0.9631905,0.1872388,-0.6938693,0.2012402,0.0702442,Nothing
61.52113,24,2,3,0,0.9188284,0.9351937,0.2222097,333.9997,333.3418,352.724,0.8644239,0.9640093,0.186669,-0.6910296,0.2112885,0.06144724,Nothing
61.52869,24,2,3,0,0.9190093,0.9354494,0.2218901,334.9378,333.6836,352.7744,0.8650249,0.9648048,0.1860178,-0.6892855,0.22188,0.05088008,Nothing
61.53755,24,2,3,0,0.9191909,0.9358534,0.2217975,336.4083,334.1363,352.844,0.8660572,0.9659886,0.1849163,-0.6870109,0.238883,0.02947066,Nothing
61.54594,24,2,3,0,0.919229,0.9361488,0.2219102,337.3499,334.3538,352.8962,0.8665547,0.9667176,0.1840802,-0.6875579,0.249105,0.0136601,Nothing
61.55401,24,2,3,0,0.9193292,0.9366859,0.2220112,338.3744,334.6183,352.9788,0.8674795,0.9673062,0.1832634,-0.6838651,0.2567869,-0.006098496,Nothing
61.56274,24,2,3,0,0.9193452,0.9369895,0.2221864,339.2934,334.8162,353.025,0.8678331,0.9678891,0.1822262,-0.6862835,0.264865,-0.02445126,Nothing
61.57131,24,2,3,0,0.9193988,0.9370903,0.2222211,340.1465,335.056,353.0081,0.8680962,0.9685529,0.1814085,-0.6885532,0.2733676,-0.03847013,Nothing
61.58057,24,2,3,0,0.9194293,0.9372431,0.2221441,341.5067,335.4689,353.0255,0.8686333,0.9693615,0.1799746,-0.6897646,0.2849953,-0.06318552,Nothing
61.59589,24,2,3,0,0.9194872,0.9369825,0.221808,343.1432,336.0711,352.8998,0.8689564,0.9702389,0.1782774,-0.6935198,0.298342,-0.08999015,Nothing
61.6049,24,2,3,0,0.9196864,0.9368333,0.2214913,343.9022,336.3879,352.8393,0.8690299,0.970515,0.1776156,-0.6958954,0.3020813,-0.09990028,Nothing
61.61229,24,2,3,0,0.9200802,0.9366251,0.2210917,344.6435,336.7177,352.7824,0.8687389,0.9708741,0.1772461,-0.7018283,0.3051558,-0.1040446,Nothing
61.62035,24,2,3,0,0.9203434,0.9364327,0.2205803,345.3113,337.0589,352.7247,0.868695,0.9708744,0.1766012,-0.7045189,0.3058224,-0.1119137,Nothing
61.62906,24,2,3,0,0.9205585,0.9363568,0.2201057,345.9848,337.3746,352.6994,0.868718,0.9710771,0.176008,-0.7060664,0.3077314,-0.1197103,Nothing
61.63792,24,2,3,0,0.9209368,0.9361852,0.2197904,346.6578,337.6582,352.6717,0.8689072,0.9709105,0.1754395,-0.7078799,0.3069272,-0.1291223,Nothing
61.64672,24,2,3,0,0.9210456,0.9364736,0.2196074,347.6544,337.9482,352.7447,0.8689083,0.9709648,0.1745528,-0.7097493,0.3049331,-0.1458504,Nothing
61.65465,24,2,3,0,0.9211585,0.9367973,0.2195986,348.3163,338.121,352.7964,0.8684227,0.970921,0.1741677,-0.715243,0.3000913,-0.1543544,Nothing
61.66338,24,2,3,0,0.9212052,0.9370036,0.2195654,348.9389,338.2858,352.8454,0.8683351,0.9707867,0.1736,-0.7171118,0.29654,-0.1655926,Nothing
61.67118,24,2,3,0,0.9212351,0.9370292,0.2194693,349.5267,338.4926,352.8335,0.8684273,0.9706298,0.173057,-0.7171082,0.2940874,-0.1766513,Nothing
61.67989,24,2,3,0,0.9213175,0.9369075,0.2193554,350.056,338.6888,352.7933,0.8682798,0.9702875,0.1727563,-0.7189254,0.2900473,-0.1837373,Nothing
61.68797,24,2,3,0,0.9214383,0.9367886,0.2192766,350.6147,338.8816,352.7688,0.8676193,0.9702324,0.1727238,-0.7252631,0.2876041,-0.1862863,Nothing
61.69577,24,2,3,0,0.9215227,0.9366825,0.2192287,351.1209,339.0327,352.7201,0.8674163,0.9696568,0.1723136,-0.7281636,0.2808581,-0.1944956,Nothing
61.70464,24,2,3,0,0.921574,0.936516,0.2193483,351.6211,339.1555,352.675,0.8671269,0.9692125,0.1721899,-0.7314209,0.2757161,-0.2006676,Nothing
61.71262,24,2,3,0,0.9216026,0.9362723,0.2195208,352.3733,339.3587,352.6259,0.8668305,0.9683995,0.1718903,-0.7345459,0.2669964,-0.2119692,Nothing
61.72113,24,2,3,0,0.921645,0.9361866,0.2195954,352.8537,339.484,352.6126,0.8663757,0.9676481,0.1719124,-0.7378516,0.2578372,-0.2160565,Nothing
61.72975,24,2,3,0,0.9218089,0.9359543,0.219519,353.3604,339.6505,352.5859,0.8663542,0.9669974,0.1718954,-0.7379915,0.2513689,-0.2204404,Nothing
61.73756,24,2,3,0,0.9217195,0.9357829,0.2195543,353.8661,339.8149,352.57,0.8659025,0.9661797,0.1717644,-0.7402724,0.2425378,-0.2264852,Nothing
61.74638,24,2,3,0,0.9217399,0.9356896,0.2196007,354.3951,339.967,352.5664,0.8653796,0.9653352,0.1717012,-0.7438962,0.2323055,-0.2313396,Nothing
61.75486,24,2,3,0,0.9219037,0.9357326,0.2196572,354.911,340.0981,352.5762,0.8648293,0.9643384,0.1716643,-0.7487383,0.21903,-0.2352468,Nothing
61.7624,24,2,3,0,0.9219162,0.9357464,0.2197074,355.4268,340.2419,352.6071,0.8643106,0.9634565,0.1715936,-0.7520025,0.2077513,-0.2399078,Nothing
61.77118,24,2,3,0,0.9219032,0.935845,0.2197421,356.2031,340.4799,352.6688,0.8635522,0.9618263,0.1715061,-0.7555584,0.1871352,-0.2467719,Nothing
61.7789,24,2,3,0,0.9218596,0.9359829,0.2196799,356.7094,340.6754,352.7419,0.8627163,0.9606148,0.1715787,-0.7595088,0.1714148,-0.2485479,Nothing
61.78743,24,2,3,0,0.9218792,0.9359579,0.2196331,357.2201,340.8605,352.7743,0.8619089,0.9593533,0.1716624,-0.7641637,0.1562151,-0.2498607,Nothing
61.79591,24,2,3,0,0.9219651,0.9359834,0.219613,357.7221,341.041,352.7967,0.8612244,0.9582921,0.1717856,-0.7685109,0.1425108,-0.2508836,Nothing
61.8046,24,2,3,0,0.9220009,0.9358651,0.2195888,358.2078,341.2214,352.8,0.8603733,0.9570141,0.1718869,-0.7740207,0.1277302,-0.2514771,Nothing
61.81233,24,2,3,0,0.9220507,0.9357129,0.219588,358.6865,341.3949,352.8016,0.8596207,0.9558135,0.1719414,-0.7791479,0.1141797,-0.2527141,Nothing
61.82102,24,2,3,0,0.9220698,0.9353867,0.2195223,359.0848,341.5701,352.7583,0.8588105,0.9549217,0.1720546,-0.7848862,0.1052479,-0.2521786,Nothing
61.82961,24,2,3,0,0.9221188,0.9351344,0.2194861,359.6997,341.8222,352.7474,0.8576393,0.9531382,0.1722345,-0.792518,0.08562852,-0.2518153,Nothing
61.8381,24,2,3,0,0.9222217,0.9350499,0.2193415,0.05096282,342.008,352.7512,0.8568562,0.9517584,0.1724462,-0.7972469,0.07020251,-0.2491973,Nothing
61.84566,24,2,3,0,0.9221934,0.9350556,0.2191696,0.3816915,342.1778,352.7864,0.8560739,0.9505941,0.1726819,-0.8007944,0.05678139,-0.2460992,Nothing
61.85424,24,2,3,0,0.9222307,0.9351517,0.2191204,0.7665458,342.3378,352.8247,0.8552389,0.9496506,0.173004,-0.8058231,0.04437518,-0.2428935,Nothing
61.86265,24,2,3,0,0.9220833,0.9354775,0.219076,1.121297,342.464,352.9258,0.854565,0.9486943,0.1734192,-0.80711,0.0310182,-0.2391884,Nothing
61.87102,24,2,3,0,0.9222093,0.9359073,0.2188585,1.507885,342.601,353.0217,0.8537248,0.9477883,0.1737842,-0.8122341,0.01655868,-0.2329935,Nothing
61.8801,24,2,3,0,0.9221174,0.9361748,0.2187043,1.880676,342.7584,353.1132,0.8530848,0.9467483,0.174263,-0.8132199,0.002960677,-0.2276867,Nothing
61.88802,24,2,3,0,0.9218307,0.9367542,0.2185335,2.241716,342.9209,353.2362,0.852724,0.9461777,0.174806,-0.8096441,-0.007928489,-0.2229638,Nothing
61.89641,24,2,3,0,0.9216835,0.9372269,0.2180534,2.766708,343.201,353.4086,0.8517225,0.9447654,0.1756558,-0.810607,-0.02643464,-0.2112663,Nothing
61.90421,24,2,3,0,0.9215814,0.9377268,0.217545,3.114115,343.4311,353.5388,0.8516154,0.944496,0.1762545,-0.8056974,-0.03279313,-0.203657,Nothing
61.9131,24,2,3,0,0.9213693,0.9381906,0.2170674,3.437429,343.6736,353.6712,0.8514056,0.9441981,0.1768687,-0.8008526,-0.03890724,-0.1962486,Nothing
61.92132,24,2,3,0,0.9212487,0.9388386,0.216434,3.719972,343.9131,353.8272,0.8513632,0.9439817,0.1774397,-0.795007,-0.04537115,-0.1876937,Nothing
61.92934,24,2,3,0,0.9211414,0.9393752,0.2159792,4.028354,344.1199,353.9702,0.8513744,0.9438586,0.1780723,-0.789519,-0.05003508,-0.1799839,Nothing
61.93764,24,2,3,0,0.9210745,0.9400849,0.2153634,4.299928,344.3307,354.1423,0.8514025,0.9438572,0.1788117,-0.783621,-0.05440925,-0.1694797,Nothing
61.94624,24,2,3,0,0.9209248,0.9407489,0.2148307,4.56154,344.5249,354.3017,0.852154,0.9438156,0.179338,-0.7707686,-0.05849775,-0.163742,Nothing
61.9547,24,2,3,0,0.920884,0.9415159,0.2143321,4.801771,344.7147,354.4545,0.8525373,0.9440487,0.180281,-0.761866,-0.06082222,-0.1529117,Nothing
61.96302,24,2,3,0,0.9206377,0.9424288,0.2135993,5.133086,344.9846,354.666,0.8529648,0.9442531,0.1814844,-0.749024,-0.06367859,-0.1386944,Nothing
61.97161,24,2,3,0,0.9204287,0.9429702,0.2131428,5.271545,345.1456,354.7935,0.8531283,0.9446922,0.1822472,-0.7418919,-0.06190411,-0.1297124,Nothing
61.98045,24,2,3,0,0.9202695,0.9434559,0.2126904,5.350338,345.2681,354.8914,0.8536828,0.9451985,0.1830558,-0.7315264,-0.0588279,-0.1207805,Nothing
61.99611,24,2,3,0,0.9197932,0.9444073,0.2117016,5.539687,345.5525,355.0934,0.8550145,0.9459535,0.1844836,-0.7071282,-0.05502421,-0.105049,Nothing
62.0041,24,2,3,0,0.9196279,0.9448096,0.21127,5.582924,345.6615,355.1689,0.8556181,0.9464459,0.1852476,-0.6965582,-0.05152152,-0.09665823,Nothing
62.01286,24,2,3,0,0.9194274,0.9453161,0.2109921,5.5791,345.7356,355.2261,0.8563426,0.9469629,0.1861147,-0.6845796,-0.04891777,-0.08861464,Nothing
62.02071,24,2,3,0,0.919199,0.9456065,0.2109228,5.538548,345.7276,355.2657,0.8570886,0.9475598,0.1870296,-0.6728774,-0.04357455,-0.08156895,Nothing
62.02918,24,2,3,0,0.9190892,0.9459255,0.2105275,5.563801,345.7956,355.3436,0.8580887,0.9482311,0.1883992,-0.6578937,-0.03653076,-0.06811172,Nothing
62.03886,24,2,3,0,0.9188279,0.9460961,0.2108003,5.425309,345.6573,355.3364,0.858824,0.9487771,0.1893199,-0.6469621,-0.03121197,-0.06298121,Nothing
62.05533,24,2,3,0,0.9184048,0.9463409,0.2113763,5.202092,345.4028,355.3282,0.8602917,0.9498128,0.1912133,-0.6259945,-0.02028061,-0.05265272,Nothing
62.06282,24,2,3,0,0.9181582,0.9463782,0.2117726,5.081616,345.2493,355.3124,0.8609692,0.9503759,0.1919723,-0.616559,-0.01395484,-0.05021977,Nothing
62.07117,24,2,3,0,0.9177274,0.946404,0.2120475,4.971692,345.148,355.2898,0.8614925,0.9510306,0.1926728,-0.6067029,-0.006633534,-0.04792674,Nothing
62.07939,24,2,3,0,0.9173465,0.9462953,0.2123937,4.883076,345.0468,355.2621,0.8620422,0.9515667,0.1932308,-0.5976309,0.0005360925,-0.04771574,Nothing
62.08801,24,2,3,0,0.9172056,0.9462268,0.2125312,4.786988,344.9376,355.2396,0.8628392,0.9524782,0.1943401,-0.5868285,0.0119674,-0.04027214,Nothing
62.09721,24,2,3,0,0.9172041,0.9465441,0.2126159,4.747324,344.8846,355.2484,0.8631964,0.9529453,0.1949204,-0.5821835,0.01437064,-0.03590554,Nothing
62.11451,24,2,3,0,0.9170611,0.947003,0.2126928,4.74075,344.8425,355.3208,0.8637719,0.9539735,0.1961222,-0.5726823,0.02248872,-0.02682592,Nothing
62.13138,24,2,3,0,0.9167956,0.9475839,0.21266,4.834002,344.8836,355.4524,0.8646418,0.955314,0.1976765,-0.5579475,0.03370606,-0.01543183,Nothing
62.14581,24,2,3,0,0.9165875,0.9479128,0.2124913,4.942818,344.9631,355.5398,0.8650204,0.9559797,0.1983589,-0.5501785,0.03908794,-0.009834117,Nothing
62.15401,24,2,3,0,0.9164238,0.9482543,0.2123467,5.024991,345.0153,355.6183,0.8653918,0.9566024,0.199183,-0.5425838,0.04394147,-0.002592947,Nothing
62.16246,24,2,3,0,0.9163674,0.9484451,0.2121305,5.115062,345.0938,355.6693,0.8653878,0.956834,0.1997124,-0.5401585,0.04559552,0.003686358,Nothing
62.17109,24,2,3,0,0.9163922,0.94882,0.2119607,5.1834,345.1353,355.7323,0.8655448,0.957135,0.2002999,-0.5368298,0.04629568,0.01035789,Nothing
62.17878,24,2,3,0,0.9163315,0.9490501,0.2118104,5.255832,345.1934,355.7907,0.865512,0.9572601,0.2008912,-0.5345664,0.04656587,0.01701993,Nothing
62.1879,24,2,3,0,0.9163731,0.9492419,0.2116129,5.341362,345.2576,355.8532,0.8656189,0.9572083,0.2013204,-0.5321361,0.04537046,0.02252106,Nothing
62.19554,24,2,3,0,0.9163249,0.9494446,0.2114367,5.418031,345.3215,355.9073,0.865428,0.9570932,0.2017864,-0.5316884,0.04327635,0.02880551,Nothing
62.20428,24,2,3,0,0.9162219,0.9496672,0.2113079,5.517342,345.3918,355.9623,0.8651482,0.9568464,0.2022268,-0.5316752,0.03957908,0.03452708,Nothing
62.2125,24,2,3,0,0.9161235,0.949755,0.2112177,5.611574,345.4474,355.9991,0.8644783,0.9562407,0.2027005,-0.5354343,0.03329356,0.04158307,Nothing
62.22081,24,2,3,0,0.9160378,0.9499712,0.2110266,5.736382,345.5335,356.0572,0.863789,0.9555643,0.2033676,-0.5386857,0.02554072,0.05150908,Nothing
62.22913,24,2,3,0,0.9159771,0.9501102,0.2109241,5.812368,345.5823,356.0923,0.8633069,0.9550578,0.2037814,-0.5411607,0.01978312,0.05778039,Nothing
62.23726,24,2,3,0,0.9159899,0.9501112,0.2109235,5.843389,345.5956,356.1011,0.8624802,0.9540498,0.2041949,-0.5477486,0.009806416,0.06486284,Nothing
62.24529,24,2,3,0,0.9159213,0.9502541,0.2108374,5.879891,345.632,356.1329,0.8617286,0.9528943,0.2044046,-0.5529189,-0.002961067,0.07047335,Nothing
62.25407,24,2,3,0,0.9158933,0.950463,0.2108246,5.890471,345.6435,356.1506,0.8609862,0.9519498,0.2047464,-0.5583345,-0.01433886,0.07684704,Nothing
62.26272,24,2,3,0,0.9158407,0.9506159,0.2107587,5.880802,345.6555,356.1795,0.8601895,0.9508727,0.205043,-0.5639866,-0.02640793,0.08345605,Nothing
62.27154,24,2,3,0,0.9158458,0.9508774,0.2105981,5.840276,345.6696,356.2111,0.8588671,0.9491026,0.2056304,-0.5739337,-0.04639624,0.09612378,Nothing
62.28015,24,2,3,0,0.9158078,0.9509688,0.2104964,5.785382,345.6774,356.2157,0.8580884,0.9479755,0.2059193,-0.5794888,-0.05863306,0.1029927,Nothing
62.28752,24,2,3,0,0.9156471,0.9511116,0.2104441,5.739028,345.6808,356.2229,0.8575215,0.9471227,0.2060655,-0.5823568,-0.06866427,0.1069302,Nothing
62.29627,24,2,3,0,0.9154069,0.9510583,0.2106778,5.661063,345.6129,356.216,0.8568712,0.9460914,0.2062782,-0.5856669,-0.07889949,0.1093911,Nothing
62.30389,24,2,3,0,0.9152544,0.951174,0.2108967,5.614735,345.5349,356.2248,0.8563106,0.9451284,0.2064647,-0.5889239,-0.08993831,0.1119509,Nothing
62.31238,24,2,3,0,0.915118,0.9512192,0.210922,5.572261,345.4711,356.2331,0.8556194,0.9444156,0.206799,-0.5930192,-0.09741946,0.1177718,Nothing
62.32058,24,2,3,0,0.9149023,0.9513925,0.2112011,5.543149,345.3761,356.2513,0.8552515,0.9436786,0.2071062,-0.5936933,-0.106436,0.1202937,Nothing
62.32883,24,2,3,0,0.9146501,0.9516551,0.2112117,5.496041,345.3583,356.2732,0.8551267,0.9428281,0.2072598,-0.5913426,-0.1173576,0.1225882,Nothing
62.33747,24,2,3,0,0.9144856,0.9518786,0.2111612,5.463329,345.3563,356.3077,0.854893,0.9422485,0.2077442,-0.5902187,-0.1246437,0.1287769,Nothing
62.34595,24,2,3,0,0.9142567,0.9521924,0.2110415,5.41781,345.3667,356.3557,0.854629,0.941151,0.2082984,-0.5880796,-0.1378451,0.1366717,Nothing
62.35422,24,2,3,0,0.9142502,0.9525552,0.2108653,5.410131,345.4012,356.4058,0.8543717,0.9408056,0.2088938,-0.5883611,-0.1438194,0.1452084,Nothing
62.36313,24,2,3,0,0.914066,0.9528601,0.2107852,5.401107,345.419,356.4654,0.8542773,0.9404433,0.2093809,-0.5858237,-0.1493649,0.1509938,Nothing
62.37058,24,2,3,0,0.9139043,0.9530769,0.2109479,5.374507,345.4063,356.5071,0.8541108,0.9399517,0.2097894,-0.5848897,-0.155912,0.1541776,Nothing
62.37901,24,2,3,0,0.9136617,0.9533238,0.211076,5.370034,345.3794,356.5575,0.8536782,0.9397125,0.2104386,-0.5852282,-0.1598136,0.1605184,Nothing
62.38756,24,2,3,0,0.9135476,0.9534442,0.211212,5.349546,345.347,356.5868,0.8537763,0.9394122,0.2108526,-0.5821759,-0.1634291,0.1633954,Nothing
62.39568,24,2,3,0,0.9133478,0.953594,0.2113384,5.326962,345.3123,356.6133,0.8540176,0.9397962,0.2112867,-0.5771692,-0.1603312,0.1653666,Nothing
62.40399,24,2,3,0,0.9130563,0.9538132,0.2115029,5.287054,345.2639,356.6506,0.854186,0.9398191,0.2119562,-0.571206,-0.1613176,0.1697296,Nothing
62.41231,24,2,3,0,0.9129645,0.9539012,0.2115773,5.245381,345.2271,356.6606,0.8542762,0.9397928,0.2123937,-0.5683429,-0.1620166,0.1732084,Nothing
62.42154,24,2,3,0,0.9127997,0.9539369,0.211694,5.199113,345.1787,356.6607,0.854173,0.940301,0.2127355,-0.5672987,-0.1570559,0.1752044,Nothing
62.42865,24,2,3,0,0.912629,0.954134,0.2117515,5.153673,345.1355,356.6743,0.8542752,0.9403224,0.2132051,-0.5633586,-0.1582763,0.1790344,Nothing
62.43842,24,2,3,0,0.9124647,0.9541446,0.2118973,5.12707,345.0778,356.6657,0.8544785,0.940469,0.213562,-0.5590787,-0.1566604,0.1805365,Nothing
62.44669,24,2,3,0,0.9123092,0.9541534,0.2120204,5.110445,345.0232,356.6563,0.8548659,0.9404221,0.213817,-0.5531697,-0.1569922,0.1809581,Nothing
62.45341,24,2,3,0,0.9121423,0.9542564,0.2120867,5.103656,344.9721,356.6577,0.8550376,0.940328,0.2142393,-0.5486506,-0.1584648,0.1842219,Nothing
62.46252,24,2,3,0,0.9119371,0.9543381,0.2121214,5.092614,344.9241,356.6583,0.8552676,0.9402035,0.2147973,-0.5427416,-0.1598504,0.1888343,Nothing
62.47072,24,2,3,0,0.911765,0.9543675,0.2120462,5.062609,344.9184,356.6685,0.8553022,0.9399974,0.2150985,-0.5395937,-0.1617812,0.1921796,Nothing
62.47954,24,2,3,0,0.9116483,0.9544442,0.2118802,5.018028,344.9185,356.678,0.855447,0.9397072,0.2154085,-0.5355827,-0.1649927,0.1963841,Nothing
62.48744,24,2,3,0,0.9115875,0.9545256,0.2117778,4.968006,344.9086,356.6715,0.8555169,0.9394605,0.2157174,-0.5329737,-0.1680849,0.2003411,Nothing
62.49635,24,2,3,0,0.9114884,0.9545658,0.2116226,4.905166,344.8919,356.6648,0.855666,0.9391102,0.2159627,-0.5291679,-0.1718279,0.2039621,Nothing
62.50385,24,2,3,0,0.9113785,0.9545918,0.2115109,4.833244,344.8582,356.6521,0.8558283,0.9388355,0.2162327,-0.5251483,-0.1747471,0.2073815,Nothing
62.51287,24,2,3,0,0.9113178,0.9546083,0.2114071,4.745897,344.8047,356.6347,0.8557036,0.9383915,0.2164681,-0.5243645,-0.1795383,0.2115461,Nothing
62.52091,24,2,3,0,0.9111831,0.9545553,0.2114304,4.607713,344.7029,356.5951,0.8558756,0.9380032,0.2166437,-0.5202397,-0.1834585,0.2130788,Nothing
62.52848,24,2,3,0,0.9110702,0.9545206,0.2113829,4.443134,344.5793,356.563,0.8559036,0.9374806,0.2168756,-0.5172476,-0.1888872,0.2165246,Nothing
62.5379,24,2,3,0,0.9109084,0.9544134,0.2115571,4.246874,344.4191,356.5066,0.856185,0.9367787,0.2171183,-0.5115469,-0.1957962,0.2173643,Nothing
62.54549,24,2,3,0,0.9107264,0.9542346,0.211819,4.011797,344.225,356.4287,0.8564684,0.936166,0.2172489,-0.5060545,-0.201537,0.2161888,Nothing
62.55434,24,2,3,0,0.9103236,0.9538494,0.2122475,3.717686,343.9931,356.3252,0.8566949,0.9354552,0.2173351,-0.4993681,-0.2066742,0.2125043,Nothing
62.56254,24,2,3,0,0.9100723,0.9534285,0.2128686,3.301609,343.6595,356.1801,0.8569109,0.9348263,0.2174238,-0.4943705,-0.2115114,0.207782,Nothing
62.57072,24,2,3,0,0.909945,0.9531315,0.2132664,2.968993,343.4002,356.0712,0.8572088,0.9342193,0.2173421,-0.4900075,-0.2167393,0.2032807,Nothing
62.57925,24,2,3,0,0.9096605,0.952643,0.2141134,2.438799,342.983,355.906,0.8574681,0.9334027,0.2172009,-0.4852177,-0.2234079,0.1941307,Nothing
62.58804,24,2,3,0,0.9092365,0.9520505,0.2151192,1.72733,342.4566,355.6913,0.8579004,0.9323046,0.2170858,-0.4771957,-0.2325277,0.1829868,Nothing
62.59561,24,2,3,0,0.9089785,0.9515189,0.2159614,1.128767,342.0384,355.5157,0.8582089,0.931482,0.2169419,-0.4723997,-0.2387063,0.1732335,Nothing
62.60439,24,2,3,0,0.9087491,0.9509359,0.2167547,0.4766451,341.63,355.3265,0.8585738,0.9306234,0.2167599,-0.4673909,-0.2447712,0.1630889,Nothing
62.61301,24,2,3,0,0.9086161,0.950413,0.2173043,359.778,341.271,355.1127,0.8589473,0.9298146,0.2166672,-0.462263,-0.2510432,0.1557302,Nothing
62.62106,24,2,3,0,0.9085014,0.9495126,0.2179664,359.0136,340.8964,354.8436,0.8592887,0.92895,0.2165386,-0.4581556,-0.2545446,0.1469166,Nothing
62.62905,24,2,3,0,0.9085193,0.9488051,0.2186719,358.3506,340.5213,354.6227,0.8595521,0.9281396,0.2164198,-0.4563798,-0.2588188,0.1387915,Nothing
62.63775,24,2,3,0,0.9082952,0.9479535,0.2197765,357.6851,340.0611,354.371,0.8599178,0.9273244,0.2163059,-0.4525733,-0.2613899,0.1264108,Nothing
62.64637,24,2,3,0,0.9077455,0.9468911,0.2214755,356.7342,339.3878,354.059,0.8604645,0.9261184,0.2161316,-0.4455423,-0.2658858,0.106515,Nothing
62.65425,24,2,3,0,0.9074333,0.9462152,0.2227065,356.1165,338.9205,353.8624,0.8609096,0.9253977,0.2160551,-0.4411627,-0.2678654,0.0927595,Nothing
62.66369,24,2,3,0,0.9072148,0.9456913,0.2237486,355.473,338.5064,353.6806,0.8613085,0.92464,0.2159638,-0.4376214,-0.2716241,0.08044188,Nothing
62.67121,24,2,3,0,0.9069803,0.945017,0.2247146,354.8246,338.1174,353.4938,0.8617805,0.9239345,0.2159241,-0.4331731,-0.2730418,0.06888299,Nothing
62.67993,24,2,3,0,0.9070228,0.9442794,0.2250116,354.1023,337.9087,353.3081,0.8621804,0.9233262,0.2158864,-0.4299713,-0.2734125,0.06337067,Nothing
62.68739,24,2,3,0,0.9071913,0.9433872,0.2255972,353.3725,337.6296,353.097,0.8626181,0.922709,0.2158144,-0.4288625,-0.2723877,0.05588785,Nothing
62.69642,24,2,3,0,0.9075646,0.9424908,0.225096,352.5951,337.6422,352.8887,0.8630725,0.9222853,0.215737,-0.4259405,-0.2700949,0.05708733,Nothing
62.70419,24,2,3,0,0.907892,0.941561,0.2248907,351.8277,337.587,352.6824,0.8635565,0.9220129,0.2156869,-0.4235475,-0.2656882,0.05643467,Nothing
62.71258,24,2,3,0,0.9082179,0.9403194,0.2248527,350.6985,337.4355,352.3885,0.8643888,0.9217747,0.2156231,-0.4185426,-0.2580926,0.05293548,Nothing
62.72112,24,2,3,0,0.9087561,0.9392602,0.2238906,349.8173,337.5707,352.1763,0.8650247,0.9220092,0.2156209,-0.4146428,-0.2482818,0.05967318,Nothing
62.72948,24,2,3,0,0.909256,0.9382471,0.2235508,348.9028,337.5347,351.9967,0.8658379,0.9225537,0.2156719,-0.4113401,-0.2349495,0.06238898,Nothing
62.73767,24,2,3,0,0.9095466,0.9374249,0.2231488,347.8582,337.4772,351.8738,0.8667939,0.9235417,0.2157432,-0.4050297,-0.2183725,0.06531584,Nothing
62.7458,24,2,3,0,0.9098283,0.9364375,0.2229183,346.8828,337.3865,351.7258,0.8675182,0.924049,0.2157578,-0.4011737,-0.2053205,0.06728465,Nothing
62.75422,24,2,3,0,0.9100208,0.9355948,0.222791,345.7897,337.2484,351.6152,0.8687125,0.9251655,0.2158868,-0.3928761,-0.1864883,0.06890571,Nothing
62.76313,24,2,3,0,0.9101048,0.9346877,0.2228987,344.697,337.0436,351.4948,0.8697097,0.9265581,0.215941,-0.3871198,-0.1642289,0.0701042,Nothing
62.77095,24,2,3,0,0.9100922,0.9337379,0.2233312,343.6522,336.7427,351.3476,0.8706912,0.9278252,0.2161043,-0.3813172,-0.1424771,0.07032664,Nothing
62.77893,24,2,3,0,0.9097419,0.9322677,0.2249836,342.1537,336.0556,351.1246,0.8721746,0.9296989,0.2162459,-0.3744726,-0.1067006,0.06247918,Nothing
62.78776,24,2,3,0,0.9092967,0.9314957,0.2262639,341.1778,335.5031,351.0225,0.873152,0.9312966,0.2163014,-0.3697248,-0.08008756,0.05652427,Nothing
62.79579,24,2,3,0,0.9088659,0.9308068,0.2277692,340.2346,334.8993,350.9422,0.874303,0.9329815,0.2163013,-0.3653011,-0.05203507,0.0485658,Nothing
62.80406,24,2,3,0,0.908348,0.930272,0.2289119,339.2673,334.3642,350.8729,0.8754933,0.9347799,0.216293,-0.3585485,-0.02442146,0.0433565,Nothing
62.81248,24,2,3,0,0.9081003,0.9296507,0.2298962,338.3269,333.8881,350.798,0.8770257,0.936838,0.216108,-0.3522289,0.007021678,0.03936416,Nothing
62.8212,24,2,3,0,0.908018,0.9290494,0.2304384,337.3543,333.5164,350.7312,0.8782495,0.9389458,0.2160629,-0.3475721,0.03606412,0.04271668,Nothing
62.82957,24,2,3,0,0.9081744,0.9284963,0.2303537,336.3427,333.2807,350.6459,0.8796571,0.9407755,0.2157782,-0.3411578,0.06091037,0.04842445,Nothing
62.83846,24,2,3,0,0.9086467,0.9273844,0.2295938,334.828,333.1428,350.4949,0.8814813,0.9437916,0.2154812,-0.3332433,0.09919926,0.06825959,Nothing
62.84599,24,2,3,0,0.9089519,0.9267085,0.2293385,333.8398,332.9854,350.4067,0.8829303,0.9456422,0.2151003,-0.3277931,0.1243762,0.07723843,Nothing
62.85435,24,2,3,0,0.9095472,0.9260045,0.2280597,332.899,333.0808,350.3114,0.8841081,0.9476194,0.2146857,-0.3223494,0.1460295,0.09675395,Nothing
62.86257,24,2,3,0,0.9099144,0.9256459,0.227622,332.0078,332.9481,350.2988,0.8852279,0.9495804,0.2141781,-0.3195059,0.1677398,0.1078871,Nothing
62.87077,24,2,3,0,0.9101443,0.9254414,0.2272409,331.1841,332.7652,350.3383,0.8862641,0.9513208,0.2137082,-0.3155604,0.1864383,0.1173872,Nothing
62.87944,24,2,3,0,0.9102665,0.9254372,0.2271276,330.3952,332.4843,350.4351,0.8873418,0.9532633,0.2131062,-0.3122597,0.2071077,0.1238803,Nothing
62.88776,24,2,3,0,0.9103577,0.9252427,0.2271042,329.5811,332.203,350.5151,0.8881788,0.9552694,0.2124218,-0.3120992,0.2295322,0.131828,Nothing
62.89672,24,2,3,0,0.9104021,0.9253922,0.2272476,328.5276,331.6926,350.699,0.889811,0.9582542,0.2112572,-0.3087824,0.2624572,0.1374965,Nothing
62.91331,24,2,3,0,0.9109361,0.9247754,0.2266436,327.0103,331.319,350.7625,0.8920553,0.9622249,0.2092649,-0.3077375,0.3094244,0.1550994,Nothing
62.92083,24,2,3,0,0.9113908,0.9242196,0.2258373,326.2184,331.3129,350.7147,0.8930724,0.9641238,0.2082589,-0.3074121,0.3306895,0.170161,Nothing
62.92908,24,2,3,0,0.9122839,0.923622,0.2254686,325.4083,331.1829,350.6618,0.8937045,0.9653657,0.2074013,-0.3148848,0.343857,0.18404,Nothing
62.93686,24,2,3,0,0.9129381,0.9226303,0.2243712,324.6499,331.3698,350.4679,0.8945857,0.9670522,0.2064654,-0.3163647,0.3631189,0.2045953,Nothing
62.9458,24,2,3,0,0.9131252,0.9219756,0.2237017,323.9265,331.4261,350.3712,0.8954417,0.9689451,0.2054327,-0.3164904,0.3853624,0.2195974,Nothing
62.95434,24,2,3,0,0.9133659,0.9215432,0.2232371,323.2897,331.3628,350.3408,0.8960872,0.9704622,0.2044977,-0.3183281,0.4021731,0.2315395,Nothing
62.96251,24,2,3,0,0.9136391,0.9212287,0.2224623,322.2559,331.1886,350.4048,0.8973036,0.972876,0.2028371,-0.3182724,0.4278034,0.2473205,Nothing
62.97071,24,2,3,0,0.9134197,0.9219481,0.2228935,321.6807,330.7149,350.7045,0.8985113,0.9742759,0.2017685,-0.3139769,0.4443752,0.2418985,Nothing
62.97923,24,2,3,0,0.9131442,0.9228011,0.2233374,321.1561,330.1513,351.0918,0.8991123,0.9755064,0.2007891,-0.3130809,0.4562592,0.2373357,Nothing
62.98796,24,2,3,0,0.9127635,0.9237395,0.2234043,320.6747,329.6651,351.4954,0.8998102,0.976788,0.1997943,-0.3082549,0.4676479,0.2337811,Nothing
62.9966,24,2,3,0,0.9126853,0.9243172,0.2236628,320.2495,329.2496,351.8182,0.9005161,0.9778664,0.1988512,-0.3075059,0.4796479,0.2308842,Nothing
63.00433,24,2,3,0,0.9127872,0.9243351,0.2230216,319.7635,329.0711,352.0107,0.9011405,0.9789586,0.1979476,-0.3044769,0.4901347,0.2390699,Nothing
63.01166,24,2,3,0,0.9130059,0.924309,0.2224413,319.3366,329.012,352.1161,0.9016185,0.9798867,0.1972462,-0.3030814,0.4978378,0.2476859,Nothing
63.02068,24,2,3,0,0.9134982,0.9239846,0.2217193,318.9234,329.0728,352.159,0.9020109,0.9807123,0.1966985,-0.3032992,0.5038975,0.2606035,Nothing
63.02934,24,2,3,0,0.9138667,0.9240777,0.2204493,318.3565,329.2377,352.2074,0.9027749,0.9818203,0.1957522,-0.2979982,0.5099297,0.2729,Nothing
63.03764,24,2,3,0,0.9144837,0.9236177,0.219151,318.0239,329.5263,352.1513,0.9028693,0.9822391,0.1955797,-0.2961296,0.5073414,0.2905824,Nothing
63.04564,24,2,3,0,0.9153292,0.9234744,0.217779,317.745,329.8624,352.0895,0.9026471,0.9829695,0.1953361,-0.2988293,0.5023682,0.3096627,Nothing
63.05511,24,2,3,0,0.9160451,0.9230198,0.2162973,317.4515,330.2168,352.0211,0.9027776,0.9835046,0.1949729,-0.2978653,0.5003012,0.3276936,Nothing
63.06306,24,2,3,0,0.9168752,0.9224769,0.2150467,317.1635,330.5351,351.9812,0.9024268,0.9837668,0.1949987,-0.3006761,0.4931637,0.3477145,Nothing
63.07115,24,2,3,0,0.9175683,0.9220504,0.2134189,316.9174,330.8817,351.9114,0.9021784,0.9839237,0.1949492,-0.2999218,0.4838915,0.3667329,Nothing
63.07909,24,2,3,0,0.9180753,0.9218855,0.2126727,316.7002,330.958,351.9853,0.901827,0.9839489,0.1950152,-0.3017117,0.476207,0.3781796,Nothing
63.08799,24,2,3,0,0.9186727,0.9217675,0.2110546,316.3107,331.1859,352.0435,0.9013541,0.9837857,0.1951036,-0.2998115,0.4601008,0.3955114,Nothing
63.09595,24,2,3,0,0.9188086,0.9222503,0.2108157,316.0918,330.9412,352.3111,0.9003695,0.9831444,0.1957414,-0.3008563,0.4411434,0.3998067,Nothing
63.11105,24,2,3,0,0.9192336,0.9222404,0.2099481,315.7073,330.843,352.523,0.8991923,0.9822822,0.1965883,-0.3016889,0.4162797,0.4138553,Nothing
63.12498,24,2,3,0,0.9195923,0.9225047,0.2094664,315.0725,330.4651,352.8548,0.8966138,0.9802689,0.1984007,-0.3079682,0.3695453,0.428448,Nothing
63.13829,24,2,3,0,0.9198908,0.9220318,0.2086795,314.4186,330.4073,352.8524,0.8940053,0.9780059,0.2000105,-0.3161566,0.324635,0.4453124,Nothing
63.14658,24,2,3,0,0.9204283,0.921407,0.207755,313.7415,330.4189,352.8549,0.8917462,0.9758016,0.2014857,-0.3235651,0.2814447,0.4623314,Nothing
63.15392,24,2,3,0,0.9208651,0.9208202,0.2069311,313.2068,330.5036,352.7884,0.8899933,0.9741141,0.2024543,-0.3304449,0.248663,0.4752456,Nothing
63.16182,24,2,3,0,0.9213192,0.9204156,0.2060478,312.7092,330.5999,352.7119,0.8885583,0.972387,0.2033537,-0.3347699,0.2159373,0.4846429,Nothing
63.17088,24,2,3,0,0.9217021,0.9196849,0.2053036,312.1895,330.7012,352.5615,0.8868386,0.9705871,0.2042501,-0.3421343,0.183991,0.4953598,Nothing
63.17834,24,2,3,0,0.9220545,0.9192386,0.2048886,311.7155,330.6438,352.5496,0.8851718,0.9687754,0.2051335,-0.3495128,0.1529388,0.5014328,Nothing
63.18683,24,2,3,0,0.9221668,0.9191537,0.2043935,311.2678,330.5775,352.5526,0.8832683,0.9669914,0.2060128,-0.3560186,0.1194155,0.5048958,Nothing
63.1956,24,2,3,0,0.9221842,0.9192336,0.2043723,310.8354,330.2732,352.6785,0.8818352,0.9652612,0.2067756,-0.3598854,0.09138611,0.5026612,Nothing
63.20432,24,2,3,0,0.9224054,0.9189482,0.2042869,310.4066,330.026,352.7747,0.8804241,0.9636295,0.207569,-0.3653549,0.06501937,0.5046017,Nothing
63.21167,24,2,3,0,0.9224934,0.9189556,0.2040956,309.9556,329.7813,352.8938,0.8795185,0.9620615,0.2083957,-0.3644446,0.03942671,0.5031451,Nothing
63.22027,24,2,3,0,0.9225112,0.9191371,0.2039383,309.2809,329.3291,353.1326,0.878036,0.959909,0.2094975,-0.364288,0.002895936,0.4993862,Nothing
63.22968,24,2,3,0,0.9222133,0.9194686,0.2041333,308.7859,328.9201,353.3541,0.8779864,0.9589784,0.2102677,-0.3551141,-0.01202874,0.493673,Nothing
63.23716,24,2,3,0,0.9220992,0.9198843,0.2041169,308.3197,328.4971,353.631,0.877683,0.9579654,0.2109659,-0.3486015,-0.03047906,0.4885551,Nothing
63.24532,24,2,3,0,0.9222509,0.919892,0.2038892,307.8515,328.1392,353.8493,0.8774105,0.9572082,0.2118047,-0.3427122,-0.04821854,0.4908547,Nothing
63.25352,24,2,3,0,0.9221686,0.9201583,0.2037678,307.4175,327.7906,354.0701,0.8776752,0.956558,0.2125987,-0.3314467,-0.06163686,0.4882592,Nothing
63.26205,24,2,3,0,0.9221132,0.9203184,0.203601,306.9978,327.5035,354.236,0.8774497,0.9557997,0.2133228,-0.3248807,-0.0775077,0.4867508,Nothing
63.26999,24,2,3,0,0.9222139,0.9204794,0.203359,306.5964,327.2509,354.3818,0.8777806,0.9552047,0.2141137,-0.3144993,-0.09098531,0.4856287,Nothing
63.27882,24,2,3,0,0.9221845,0.9206126,0.2031094,306.2359,327.024,354.524,0.878257,0.9546902,0.2149092,-0.3020711,-0.1019859,0.484292,Nothing
63.28683,24,2,3,0,0.9219247,0.9208364,0.2029659,305.698,326.642,354.7638,0.8789793,0.9538714,0.2160943,-0.2828777,-0.1161391,0.4795452,Nothing
63.29671,24,2,3,0,0.9218406,0.9212414,0.2025564,305.4128,326.4084,354.9913,0.8799633,0.953622,0.2170092,-0.2644106,-0.1248833,0.4773679,Nothing
63.30343,24,2,3,0,0.9217929,0.9214431,0.2020242,305.1901,326.2684,355.1721,0.8808996,0.9533341,0.2177964,-0.2473297,-0.1324791,0.4765129,Nothing
63.31194,24,2,3,0,0.9216994,0.9218224,0.2017525,305.0062,326.0599,355.3773,0.8819895,0.9531304,0.2187319,-0.2289487,-0.1386513,0.4738131,Nothing
63.32037,24,2,3,0,0.92156,0.9222299,0.2014557,304.7634,325.8067,355.5961,0.8827966,0.9527748,0.2196126,-0.2123039,-0.1475026,0.4700779,Nothing
63.32845,24,2,3,0,0.9211937,0.9228204,0.2012106,304.6323,325.6406,355.8198,0.8838236,0.9523858,0.2205584,-0.1925987,-0.1541518,0.4630633,Nothing
63.33701,24,2,3,0,0.9210278,0.9234658,0.2010185,304.4781,325.341,356.1335,0.8847642,0.9521065,0.2214644,-0.1751851,-0.1616447,0.45709,Nothing
63.34586,24,2,3,0,0.9206275,0.923924,0.2007626,304.1707,324.9121,356.607,0.88595,0.9515039,0.2228615,-0.1499697,-0.1720322,0.4506279,Nothing
63.35373,24,2,3,0,0.9203832,0.9248084,0.200622,304.0318,324.5019,357.0624,0.8867203,0.9511566,0.2237029,-0.1337721,-0.1807917,0.4416545,Nothing
63.36192,24,2,3,0,0.9201722,0.9257763,0.2002042,303.9451,324.0716,357.544,0.8875522,0.9507567,0.2245059,-0.115904,-0.1913688,0.4325539,Nothing
63.37054,24,2,3,0,0.9198742,0.9264734,0.2002004,303.82,323.7931,357.8989,0.8882007,0.9504467,0.225227,-0.1027402,-0.1975033,0.4240899,Nothing
63.37923,24,2,3,0,0.9195529,0.9272471,0.199786,303.7339,323.5341,358.2133,0.8888241,0.9502022,0.2258514,-0.08770013,-0.2055775,0.4169856,Nothing
63.38703,24,2,3,0,0.9193671,0.9278547,0.1995824,303.6516,323.2775,358.5214,0.8891779,0.9500028,0.226305,-0.07840762,-0.2120787,0.4112262,Nothing
63.39502,24,2,3,0,0.9201025,0.9284301,0.1992548,303.6149,323.2617,358.6046,0.8896943,0.9500058,0.2265551,-0.07666001,-0.2204795,0.4095955,Nothing
63.40416,24,2,3,0,0.9199452,0.9292522,0.1988193,303.5,323.0278,358.92,0.8905331,0.949901,0.2269642,-0.06277453,-0.2267299,0.4018795,Nothing
63.41179,24,2,3,0,0.9199856,0.9292032,0.1985661,303.4415,323.1139,358.8843,0.8910309,0.9499949,0.2271779,-0.05665179,-0.2270171,0.4033657,Nothing
63.42108,24,2,3,0,0.9199492,0.9293678,0.198392,303.3502,323.0553,358.9786,0.8918242,0.9503161,0.2274089,-0.04738695,-0.225077,0.4033941,Nothing
63.42853,24,2,3,0,0.9196752,0.9298223,0.1984134,303.2946,322.9256,359.1325,0.8923035,0.9505572,0.2276026,-0.03989041,-0.2238084,0.3996465,Nothing
63.4389,24,2,3,0,0.9195173,0.9300191,0.198484,303.1629,322.7591,359.2666,0.8927791,0.9508975,0.2277459,-0.03367448,-0.2210707,0.3986084,Nothing
63.45367,24,2,3,0,0.9188443,0.9304612,0.1987435,302.9091,322.2213,359.7378,0.8938667,0.9517959,0.2278559,-0.01849668,-0.2099652,0.3950796,Nothing
63.46295,24,2,3,0,0.9187132,0.9312292,0.1988736,302.7357,321.7717,0.1164765,0.8948473,0.9528398,0.2278094,-0.009006708,-0.2025577,0.3923259,Nothing
63.47057,24,2,3,0,0.9184901,0.9317405,0.1991227,302.6191,321.382,0.4281548,0.8954986,0.9537292,0.227653,-0.003054531,-0.1939059,0.3904445,Nothing
63.47919,24,2,3,0,0.9183366,0.9322402,0.199484,302.5458,321.1084,0.6176026,0.8962267,0.9547526,0.2274367,0.001507883,-0.1829524,0.3891963,Nothing
63.48705,24,2,3,0,0.9182133,0.9324902,0.1995605,302.4297,320.9022,0.7809652,0.8970162,0.9559393,0.2271629,0.007426615,-0.1713959,0.3922468,Nothing
63.49561,24,2,3,0,0.9182405,0.932248,0.1995303,302.2917,320.9294,0.7080176,0.8980757,0.9573916,0.2267095,0.0131383,-0.1547216,0.4011129,Nothing
63.50372,24,2,3,0,0.9180734,0.9322317,0.1996873,302.1826,320.8098,0.7566797,0.8989761,0.9585195,0.2264694,0.01979068,-0.1408586,0.4053416,Nothing
63.51235,24,2,3,0,0.9181047,0.9318703,0.1996596,302.0696,320.9053,0.6082913,0.900193,0.9599186,0.2259169,0.02580701,-0.1221743,0.4140461,Nothing
63.52027,24,2,3,0,0.9180074,0.9316264,0.1997687,301.9939,321.0109,0.4289815,0.9011362,0.9612378,0.225485,0.0305,-0.1049617,0.4216229,Nothing
63.52959,24,2,3,0,0.9178036,0.9313265,0.199907,301.8687,320.9351,0.390361,0.9026979,0.9631277,0.2248185,0.03997052,-0.07904101,0.4309859,Nothing
63.53711,24,2,3,0,0.9177036,0.931399,0.200015,301.7937,320.8196,0.4368001,0.9035574,0.9643563,0.2243958,0.04477815,-0.06456631,0.4353932,Nothing
63.54585,24,2,3,0,0.9175009,0.9316673,0.2001652,301.7371,320.5853,0.5951114,0.9042181,0.9652791,0.2240549,0.04950139,-0.0534514,0.4359321,Nothing
63.55345,24,2,3,0,0.9173445,0.9321944,0.2002113,301.7105,320.292,0.8486696,0.9047261,0.9662861,0.2235576,0.05248813,-0.04381274,0.4354186,Nothing
63.56195,24,2,3,0,0.9172065,0.9324726,0.2001967,301.6615,320.1248,0.9769848,0.9055228,0.9674081,0.2228417,0.05613599,-0.02983636,0.4365354,Nothing
63.57024,24,2,3,0,0.9171624,0.9330592,0.2001024,301.6612,319.902,1.178642,0.9059525,0.9682731,0.2222523,0.05761742,-0.02244775,0.435174,Nothing
63.57871,24,2,3,0,0.9168435,0.9330124,0.2001765,301.6389,319.8034,1.268767,0.9062567,0.9690345,0.2216149,0.05845231,-0.01010026,0.4370723,Nothing
63.58784,24,2,3,0,0.9167998,0.9333729,0.1999059,301.6012,319.6628,1.42463,0.9067608,0.9701213,0.2206835,0.05917866,0.0009001843,0.4387132,Nothing
63.59485,24,2,3,0,0.9168674,0.9334373,0.1996527,301.5916,319.693,1.437174,0.9064829,0.9700754,0.2203045,0.05549705,-0.0008187018,0.4384528,Nothing
63.6041,24,2,3,0,0.9169304,0.9336555,0.1991884,301.55,319.6392,1.537073,0.906541,0.9707015,0.2193845,0.05279383,0.004053984,0.4401363,Nothing
63.61248,24,2,3,0,0.9170351,0.9338092,0.1987482,301.5249,319.6614,1.587852,0.9063681,0.9708928,0.2188116,0.04965737,0.003401059,0.4408953,Nothing
63.62085,24,2,3,0,0.9171616,0.9342138,0.1983571,301.5005,319.6098,1.682612,0.9060796,0.9709195,0.2182484,0.04540781,7.927824E-05,0.4383211,Nothing
63.62842,24,2,3,0,0.9172542,0.9344462,0.197963,301.4669,319.5869,1.771766,0.9057088,0.9708443,0.2177313,0.04097431,-0.003534077,0.436737,Nothing
63.63728,24,2,3,0,0.9173323,0.9346698,0.1975994,301.4321,319.5639,1.859844,0.9052459,0.9706572,0.2172419,0.03587952,-0.008090865,0.4345095,Nothing
63.64558,24,2,3,0,0.9173563,0.9349497,0.1973062,301.4004,319.5148,1.966098,0.9048165,0.970512,0.2166894,0.03071754,-0.01130167,0.4313037,Nothing
63.65388,24,2,3,0,0.9175048,0.9353517,0.1969712,301.3918,319.4304,2.148878,0.9039869,0.9700984,0.2160191,0.02093842,-0.0187219,0.4262019,Nothing
63.66254,24,2,3,0,0.9174514,0.9355736,0.1967338,301.3907,319.3647,2.270698,0.9030303,0.9693931,0.2157298,0.01345556,-0.02817205,0.4210312,Nothing
63.6707,24,2,3,0,0.9175109,0.9359259,0.1965628,301.426,319.2936,2.404417,0.9021164,0.9687622,0.2154745,0.005191927,-0.03779216,0.415515,Nothing
63.67953,24,2,3,0,0.9175621,0.936223,0.1963747,301.4832,319.2767,2.485466,0.9014395,0.9682797,0.215164,-0.001532814,-0.04458044,0.4108052,Nothing
63.68739,24,2,3,0,0.9176325,0.9363469,0.1962886,301.5565,319.3329,2.487959,0.9008448,0.9679959,0.2148994,-0.008293128,-0.04853204,0.4089107,Nothing
63.69648,24,2,3,0,0.9177065,0.9364237,0.1961374,301.6157,319.4093,2.466734,0.9001547,0.9674509,0.2147671,-0.01472067,-0.05560369,0.4062892,Nothing
63.70438,24,2,3,0,0.9179032,0.9365698,0.1961388,301.6819,319.4543,2.440651,0.8994478,0.9669694,0.2146069,-0.02326433,-0.06217018,0.4033889,Nothing
63.71294,24,2,3,0,0.9180536,0.9365709,0.1960014,301.7464,319.5785,2.376559,0.8985296,0.966374,0.2143101,-0.03343261,-0.06944447,0.4013295,Nothing
63.72106,24,2,3,0,0.9179701,0.9365404,0.1961354,301.7852,319.6494,2.325487,0.8981942,0.9660774,0.2142049,-0.03728054,-0.07027693,0.3989469,Nothing
63.72919,24,2,3,0,0.9180017,0.9364329,0.1961696,301.7873,319.7108,2.261094,0.8978653,0.9658869,0.2140553,-0.04155442,-0.07135262,0.3987089,Nothing
63.73754,24,2,3,0,0.9179903,0.9363156,0.1962558,301.7766,319.7545,2.198078,0.8975101,0.965676,0.2138893,-0.04605085,-0.07203276,0.3980278,Nothing
63.74572,24,2,3,0,0.9179382,0.9362688,0.1964854,301.7527,319.6949,2.196198,0.897725,0.9658133,0.2137493,-0.04594596,-0.06730616,0.3971771,Nothing
63.75387,24,2,3,0,0.9178395,0.9362959,0.1966038,301.7011,319.6172,2.228124,0.8976919,0.9658474,0.2136828,-0.04628466,-0.06604866,0.3962227,Nothing
63.76279,24,2,3,0,0.9176874,0.936386,0.1968836,301.6549,319.4654,2.308001,0.8975533,0.9657333,0.2137978,-0.04667398,-0.06631789,0.3937377,Nothing
63.77117,24,2,3,0,0.9175752,0.9365209,0.1970747,301.5906,319.3018,2.407653,0.8977318,0.9658046,0.2139466,-0.04402474,-0.06531394,0.3919882,Nothing
63.77911,24,2,3,0,0.9174169,0.9366815,0.1972478,301.5139,319.1334,2.499574,0.8979743,0.9659058,0.2141785,-0.03983599,-0.06447829,0.3902839,Nothing
63.78761,24,2,3,0,0.9172649,0.9367088,0.1974712,301.4702,319.0188,2.530543,0.8986168,0.9661785,0.2144463,-0.03271204,-0.05958037,0.3898107,Nothing
63.79624,24,2,3,0,0.9172456,0.9366905,0.1975387,301.4199,318.9833,2.508994,0.8990937,0.9663031,0.2147724,-0.02691857,-0.05830584,0.3903155,Nothing
63.80448,24,2,3,0,0.9171363,0.9366664,0.1975527,301.3673,318.9799,2.480469,0.899793,0.9664972,0.215118,-0.01829815,-0.05544559,0.3906732,Nothing
63.81222,24,2,3,0,0.9172385,0.9366665,0.1973618,301.3407,319.0357,2.430006,0.9003141,0.966584,0.2154915,-0.01154087,-0.05677591,0.392198,Nothing
63.8207,24,2,3,0,0.9172907,0.9367077,0.1972265,301.3142,319.0503,2.417492,0.9008594,0.966594,0.2158878,-0.00428969,-0.05811232,0.3923149,Nothing
63.82848,24,2,3,0,0.9173799,0.9369056,0.196869,301.3075,319.0804,2.45814,0.9014614,0.9666546,0.2163635,0.004906282,-0.06184136,0.3926666,Nothing
63.83739,24,2,3,0,0.9175366,0.9371504,0.1965021,301.2874,319.0801,2.515341,0.9018322,0.966622,0.216673,0.01079674,-0.06695454,0.3921921,Nothing
63.84553,24,2,3,0,0.9177611,0.9375396,0.1959088,301.2565,319.0743,2.63944,0.9024765,0.9665951,0.2171947,0.02101656,-0.07482383,0.3915302,Nothing
63.85496,24,2,3,0,0.9179487,0.9379726,0.1953618,301.2335,319.0311,2.811928,0.9024807,0.9664,0.2173984,0.02413099,-0.08452011,0.389647,SelectionStart
63.85497,24,2,3,0,0.9179487,0.9379726,0.1953618,301.2335,319.0311,2.811928,0.9024807,0.9664,0.2173984,0.02413099,-0.08452011,0.389647,SelectionEnd
63.85857,24,2,3,0,0.9179487,0.9379726,0.1953618,301.2335,319.0311,2.811928,0.9024807,0.9664,0.2173984,0.02413099,-0.08452011,0.389647,GotSelection
63.8714,24,2,3,0,0.9184523,0.9389057,0.194269,301.2032,318.9045,3.218126,0.9021401,0.965823,0.21752,0.02460772,-0.1057434,0.3841625,SelectionStart
63.87141,24,2,3,0,0.9184523,0.9389057,0.194269,301.2032,318.9045,3.218126,0.9021401,0.965823,0.21752,0.02460772,-0.1057434,0.3841625,SelectionEnd
63.87474,24,2,3,0,0.9184523,0.9389057,0.194269,301.2032,318.9045,3.218126,0.9021401,0.965823,0.21752,0.02460772,-0.1057434,0.3841625,GotSelection
63.9185,24,2,3,0,0.919733,0.9408938,0.191739,301.158,318.9104,3.884971,0.8991071,0.9646261,0.2175268,0.003256565,-0.1633531,0.3813337,SelectionStart
63.91853,24,2,3,0,0.919733,0.9408938,0.191739,301.158,318.9104,3.884971,0.8991071,0.9646261,0.2175268,0.003256565,-0.1633531,0.3813337,SelectionEnd
63.92195,24,2,3,0,0.919733,0.9408938,0.191739,301.158,318.9104,3.884971,0.8991071,0.9646261,0.2175268,0.003256565,-0.1633531,0.3813337,GotSelection
63.93273,24,2,3,0,0.9201013,0.941065,0.1912909,301.0505,318.9956,3.953281,0.8986062,0.9647776,0.2166862,-0.006957179,-0.1659028,0.382309,SelectionStart
63.93275,24,2,3,0,0.9201013,0.941065,0.1912909,301.0505,318.9956,3.953281,0.8986062,0.9647776,0.2166862,-0.006957179,-0.1659028,0.382309,SelectionEnd
63.93603,24,2,3,0,0.9201013,0.941065,0.1912909,301.0505,318.9956,3.953281,0.8986062,0.9647776,0.2166862,-0.006957179,-0.1659028,0.382309,GotSelection
63.94658,24,2,3,0,0.9202205,0.9412944,0.1911789,300.9697,318.9943,4.039991,0.898573,0.9645316,0.2164502,-0.009416249,-0.1688361,0.3779497,SelectionStart
63.94661,24,2,3,0,0.9202205,0.9412944,0.1911789,300.9697,318.9943,4.039991,0.898573,0.9645316,0.2164502,-0.009416249,-0.1688361,0.3779497,SelectionEnd
63.95033,24,2,3,0,0.9202205,0.9412944,0.1911789,300.9697,318.9943,4.039991,0.898573,0.9645316,0.2164502,-0.009416249,-0.1688361,0.3779497,GotSelection
63.95988,24,2,3,0,0.9205262,0.9416315,0.191028,300.8571,318.9344,4.206125,0.8974474,0.9643148,0.21576,-0.0247456,-0.1760508,0.3755563,SelectionStart
63.9599,24,2,3,0,0.9205262,0.9416315,0.191028,300.8571,318.9344,4.206125,0.8974474,0.9643148,0.21576,-0.0247456,-0.1760508,0.3755563,SelectionEnd
63.96331,24,2,3,0,0.9205262,0.9416315,0.191028,300.8571,318.9344,4.206125,0.8974474,0.9643148,0.21576,-0.0247456,-0.1760508,0.3755563,GotSelection
63.97305,24,2,3,0,0.9206904,0.9419239,0.1911429,300.794,318.8293,4.36455,0.8961216,0.9640556,0.215044,-0.04206368,-0.1811426,0.3723938,SelectionStart
63.97308,24,2,3,0,0.9206904,0.9419239,0.1911429,300.794,318.8293,4.36455,0.8961216,0.9640556,0.215044,-0.04206368,-0.1811426,0.3723938,SelectionEnd
63.97668,24,2,3,0,0.9206904,0.9419239,0.1911429,300.794,318.8293,4.36455,0.8961216,0.9640556,0.215044,-0.04206368,-0.1811426,0.3723938,GotSelection
63.98797,24,2,3,0,0.9209334,0.9423216,0.1910813,300.7476,318.7781,4.529562,0.8943454,0.9634634,0.2144582,-0.06231604,-0.1931959,0.3684621,SelectionStart
63.98799,24,2,3,0,0.9209334,0.9423216,0.1910813,300.7476,318.7781,4.529562,0.8943454,0.9634634,0.2144582,-0.06231604,-0.1931959,0.3684621,SelectionEnd
63.99141,24,2,3,0,0.9209334,0.9423216,0.1910813,300.7476,318.7781,4.529562,0.8943454,0.9634634,0.2144582,-0.06231604,-0.1931959,0.3684621,GotSelection
64.0007,24,2,3,0,0.9211696,0.9424951,0.1911085,300.755,318.8111,4.593421,0.892613,0.9625005,0.2140614,-0.08179706,-0.2060509,0.3636091,SelectionStart
64.00072,24,2,3,0,0.9211696,0.9424951,0.1911085,300.755,318.8111,4.593421,0.892613,0.9625005,0.2140614,-0.08179706,-0.2060509,0.3636091,SelectionEnd
64.00519,24,2,3,0,0.9211696,0.9424951,0.1911085,300.755,318.8111,4.593421,0.892613,0.9625005,0.2140614,-0.08179706,-0.2060509,0.3636091,GotSelection
64.01445,24,2,3,0,0.9213564,0.9426123,0.1913129,300.7897,318.8979,4.624271,0.8897601,0.9609588,0.2130233,-0.1154852,-0.2210141,0.3546943,SelectionStart
64.01447,24,2,3,0,0.9213564,0.9426123,0.1913129,300.7897,318.8979,4.624271,0.8897601,0.9609588,0.2130233,-0.1154852,-0.2210141,0.3546943,SelectionEnd
64.0179,24,2,3,0,0.9213564,0.9426123,0.1913129,300.7897,318.8979,4.624271,0.8897601,0.9609588,0.2130233,-0.1154852,-0.2210141,0.3546943,GotSelection
64.02975,24,2,3,0,0.92146,0.9425975,0.1915158,300.8232,319.0056,4.641828,0.8865339,0.9590157,0.2119536,-0.1519611,-0.238527,0.3442375,SelectionStart
64.02977,24,2,3,0,0.92146,0.9425975,0.1915158,300.8232,319.0056,4.641828,0.8865339,0.9590157,0.2119536,-0.1519611,-0.238527,0.3442375,SelectionEnd
64.03336,24,2,3,0,0.92146,0.9425975,0.1915158,300.8232,319.0056,4.641828,0.8865339,0.9590157,0.2119536,-0.1519611,-0.238527,0.3442375,GotSelection
64.04335,24,2,3,0,0.9217755,0.9428107,0.1915765,300.8604,319.0558,4.665536,0.8838242,0.9575304,0.2109502,-0.1842625,-0.2547864,0.3356345,SelectionStart
64.04337,24,2,3,0,0.9217755,0.9428107,0.1915765,300.8604,319.0558,4.665536,0.8838242,0.9575304,0.2109502,-0.1842625,-0.2547864,0.3356345,SelectionEnd
64.04676,24,2,3,0,0.9217755,0.9428107,0.1915765,300.8604,319.0558,4.665536,0.8838242,0.9575304,0.2109502,-0.1842625,-0.2547864,0.3356345,GotSelection
64.05629,24,2,3,0,0.9218844,0.9427952,0.1917976,300.902,319.1429,4.634653,0.8811519,0.9557887,0.2098781,-0.216017,-0.2683038,0.3249993,SelectionStart
64.05631,24,2,3,0,0.9218844,0.9427952,0.1917976,300.902,319.1429,4.634653,0.8811519,0.9557887,0.2098781,-0.216017,-0.2683038,0.3249993,SelectionEnd
64.05962,24,2,3,0,0.9218844,0.9427952,0.1917976,300.902,319.1429,4.634653,0.8811519,0.9557887,0.2098781,-0.216017,-0.2683038,0.3249993,GotSelection
64.07074,24,2,3,0,0.9217876,0.9426243,0.1923251,300.9496,319.2411,4.567965,0.8774003,0.9531286,0.2082727,-0.2602535,-0.2843042,0.3073291,SelectionStart
64.07076,24,2,3,0,0.9217876,0.9426243,0.1923251,300.9496,319.2411,4.567965,0.8774003,0.9531286,0.2082727,-0.2602535,-0.2843042,0.3073291,SelectionEnd
64.07409,24,2,3,0,0.9217876,0.9426243,0.1923251,300.9496,319.2411,4.567965,0.8774003,0.9531286,0.2082727,-0.2602535,-0.2843042,0.3073291,GotSelection
64.12172,24,2,3,0,0.9215381,0.942531,0.1934943,300.9155,319.3909,4.500747,0.8659003,0.9433549,0.2032093,-0.3948698,-0.3472826,0.2356841,SelectionStart
64.12174,24,2,3,0,0.9215381,0.942531,0.1934943,300.9155,319.3909,4.500747,0.8659003,0.9433549,0.2032093,-0.3948698,-0.3472826,0.2356841,SelectionEnd
64.12501,24,2,3,0,0.9215381,0.942531,0.1934943,300.9155,319.3909,4.500747,0.8659003,0.9433549,0.2032093,-0.3948698,-0.3472826,0.2356841,GotSelection
64.13437,24,2,3,0,0.9214476,0.9428404,0.1937159,300.8564,319.2641,4.66638,0.8628881,0.9404722,0.2018438,-0.4298688,-0.3672501,0.2114385,SelectionStart
64.13439,24,2,3,0,0.9214476,0.9428404,0.1937159,300.8564,319.2641,4.66638,0.8628881,0.9404722,0.2018438,-0.4298688,-0.3672501,0.2114385,SelectionEnd
64.13776,24,2,3,0,0.9214476,0.9428404,0.1937159,300.8564,319.2641,4.66638,0.8628881,0.9404722,0.2018438,-0.4298688,-0.3672501,0.2114385,GotSelection
64.14816,24,2,3,0,0.9215091,0.9429592,0.1937483,300.8265,319.215,4.757466,0.8613791,0.9389061,0.201065,-0.4486046,-0.3779185,0.1987953,SelectionStart
64.14818,24,2,3,0,0.9215091,0.9429592,0.1937483,300.8265,319.215,4.757466,0.8613791,0.9389061,0.201065,-0.4486046,-0.3779185,0.1987953,SelectionEnd
64.15149,24,2,3,0,0.9215091,0.9429592,0.1937483,300.8265,319.215,4.757466,0.8613791,0.9389061,0.201065,-0.4486046,-0.3779185,0.1987953,GotSelection
64.1621,24,2,3,0,0.9215984,0.9434555,0.1936272,300.8163,319.173,4.898625,0.8597205,0.9372964,0.2003024,-0.4683635,-0.3923236,0.1838622,SelectionStart
64.16212,24,2,3,0,0.9215984,0.9434555,0.1936272,300.8163,319.173,4.898625,0.8597205,0.9372964,0.2003024,-0.4683635,-0.3923236,0.1838622,SelectionEnd
64.16541,24,2,3,0,0.9215984,0.9434555,0.1936272,300.8163,319.173,4.898625,0.8597205,0.9372964,0.2003024,-0.4683635,-0.3923236,0.1838622,GotSelection
64.17561,24,2,3,0,0.9217045,0.943796,0.1934753,300.867,319.1997,4.988043,0.8591676,0.9368511,0.1999402,-0.4761924,-0.3971385,0.1786788,SelectionStart
64.17562,24,2,3,0,0.9217045,0.943796,0.1934753,300.867,319.1997,4.988043,0.8591676,0.9368511,0.1999402,-0.4761924,-0.3971385,0.1786788,SelectionEnd
64.17896,24,2,3,0,0.9217045,0.943796,0.1934753,300.867,319.1997,4.988043,0.8591676,0.9368511,0.1999402,-0.4761924,-0.3971385,0.1786788,GotSelection
64.18889,24,2,3,0,0.9216112,0.9440724,0.1934241,300.9125,319.1969,5.081258,0.8596776,0.9375631,0.2000462,-0.4707048,-0.3920754,0.1814069,SelectionStart
64.1889,24,2,3,0,0.9216112,0.9440724,0.1934241,300.9125,319.1969,5.081258,0.8596776,0.9375631,0.2000462,-0.4707048,-0.3920754,0.1814069,SelectionEnd
64.19223,24,2,3,0,0.9216112,0.9440724,0.1934241,300.9125,319.1969,5.081258,0.8596776,0.9375631,0.2000462,-0.4707048,-0.3920754,0.1814069,GotSelection
64.20412,24,2,3,0,0.9216917,0.9446396,0.193212,300.9697,319.1841,5.222808,0.8605416,0.9386876,0.2001138,-0.4631715,-0.386011,0.1851858,SelectionStart
64.20415,24,2,3,0,0.9216917,0.9446396,0.193212,300.9697,319.1841,5.222808,0.8605416,0.9386876,0.2001138,-0.4631715,-0.386011,0.1851858,SelectionEnd
64.20754,24,2,3,0,0.9216917,0.9446396,0.193212,300.9697,319.1841,5.222808,0.8605416,0.9386876,0.2001138,-0.4631715,-0.386011,0.1851858,GotSelection
64.21659,24,2,3,0,0.9217579,0.9452547,0.1930182,301.0491,319.1635,5.390775,0.8622735,0.9409288,0.2007114,-0.444863,-0.3734604,0.1974872,SelectionStart
64.21661,24,2,3,0,0.9217579,0.9452547,0.1930182,301.0491,319.1635,5.390775,0.8622735,0.9409288,0.2007114,-0.444863,-0.3734604,0.1974872,SelectionEnd
64.2199,24,2,3,0,0.9217579,0.9452547,0.1930182,301.0491,319.1635,5.390775,0.8622735,0.9409288,0.2007114,-0.444863,-0.3734604,0.1974872,GotSelection
64.22918,24,2,3,0,0.9218185,0.9456719,0.1928048,301.0969,319.1417,5.531129,0.864899,0.944093,0.2018988,-0.4146804,-0.3553777,0.2186506,SelectionStart
64.2292,24,2,3,0,0.9218185,0.9456719,0.1928048,301.0969,319.1417,5.531129,0.864899,0.944093,0.2018988,-0.4146804,-0.3553777,0.2186506,SelectionEnd
64.23284,24,2,3,0,0.9218185,0.9456719,0.1928048,301.0969,319.1417,5.531129,0.864899,0.944093,0.2018988,-0.4146804,-0.3553777,0.2186506,GotSelection
64.24258,24,2,3,0,0.9215775,0.9456756,0.1922439,301.0741,319.2832,5.603992,0.8680469,0.9474868,0.2029199,-0.3770049,-0.3310543,0.2423074,SelectionStart
64.2426,24,2,3,0,0.9215775,0.9456756,0.1922439,301.0741,319.2832,5.603992,0.8680469,0.9474868,0.2029199,-0.3770049,-0.3310543,0.2423074,SelectionEnd
64.24656,24,2,3,0,0.9215775,0.9456756,0.1922439,301.0741,319.2832,5.603992,0.8680469,0.9474868,0.2029199,-0.3770049,-0.3310543,0.2423074,GotSelection
64.25758,24,2,3,0,0.9216503,0.9459717,0.1920155,301.1254,319.3605,5.667453,0.8721919,0.9518808,0.2045194,-0.3312175,-0.3017813,0.2715117,SelectionStart
64.25761,24,2,3,0,0.9216503,0.9459717,0.1920155,301.1254,319.3605,5.667453,0.8721919,0.9518808,0.2045194,-0.3312175,-0.3017813,0.2715117,SelectionEnd
64.26089,24,2,3,0,0.9216503,0.9459717,0.1920155,301.1254,319.3605,5.667453,0.8721919,0.9518808,0.2045194,-0.3312175,-0.3017813,0.2715117,GotSelection
64.27133,24,2,3,0,0.9219397,0.946175,0.1918949,301.1495,319.4087,5.721914,0.877307,0.9564881,0.20631,-0.2782183,-0.2683014,0.3010615,SelectionStart
64.27136,24,2,3,0,0.9219397,0.946175,0.1918949,301.1495,319.4087,5.721914,0.877307,0.9564881,0.20631,-0.2782183,-0.2683014,0.3010615,SelectionEnd
64.27477,24,2,3,0,0.9219397,0.946175,0.1918949,301.1495,319.4087,5.721914,0.877307,0.9564881,0.20631,-0.2782183,-0.2683014,0.3010615,GotSelection
64.28394,24,2,3,0,0.9221268,0.9462184,0.1921001,301.1701,319.4326,5.714609,0.8811483,0.9601166,0.207786,-0.2386555,-0.2406887,0.3249553,SelectionStart
64.28397,24,2,3,0,0.9221268,0.9462184,0.1921001,301.1701,319.4326,5.714609,0.8811483,0.9601166,0.207786,-0.2386555,-0.2406887,0.3249553,SelectionEnd
64.28722,24,2,3,0,0.9221268,0.9462184,0.1921001,301.1701,319.4326,5.714609,0.8811483,0.9601166,0.207786,-0.2386555,-0.2406887,0.3249553,GotSelection
64.32798,24,2,3,0,0.9222299,0.9463471,0.1925764,301.2757,319.6376,5.60626,0.8959099,0.9730203,0.2119107,-0.0897562,-0.1276481,0.4008773,SelectionStart
64.328,24,2,3,0,0.9222299,0.9463471,0.1925764,301.2757,319.6376,5.60626,0.8959099,0.9730203,0.2119107,-0.0897562,-0.1276481,0.4008773,SelectionEnd
64.33177,24,2,3,0,0.9222299,0.9463471,0.1925764,301.2757,319.6376,5.60626,0.8959099,0.9730203,0.2119107,-0.0897562,-0.1276481,0.4008773,GotSelection
64.34178,24,2,3,0,0.922432,0.9461757,0.1927636,301.2544,319.6935,5.55725,0.9005373,0.9766663,0.2129803,-0.04610072,-0.09255967,0.4224898,SelectionStart
64.3418,24,2,3,0,0.922432,0.9461757,0.1927636,301.2544,319.6935,5.55725,0.9005373,0.9766663,0.2129803,-0.04610072,-0.09255967,0.4224898,SelectionEnd
64.34512,24,2,3,0,0.922432,0.9461757,0.1927636,301.2544,319.6935,5.55725,0.9005373,0.9766663,0.2129803,-0.04610072,-0.09255967,0.4224898,GotSelection
64.35535,24,2,3,0,0.92263,0.9458991,0.1929224,301.2215,319.775,5.483464,0.9034758,0.9788482,0.2136146,-0.01964565,-0.06995556,0.4364164,SelectionStart
64.35537,24,2,3,0,0.92263,0.9458991,0.1929224,301.2215,319.775,5.483464,0.9034758,0.9788482,0.2136146,-0.01964565,-0.06995556,0.4364164,SelectionEnd
64.35863,24,2,3,0,0.92263,0.9458991,0.1929224,301.2215,319.775,5.483464,0.9034758,0.9788482,0.2136146,-0.01964565,-0.06995556,0.4364164,GotSelection
64.37057,24,2,3,0,0.9226898,0.9455733,0.193096,301.1628,319.8367,5.417701,0.9063572,0.9810456,0.2140732,0.00642967,-0.04545121,0.4499051,SelectionStart
64.3706,24,2,3,0,0.9226898,0.9455733,0.193096,301.1628,319.8367,5.417701,0.9063572,0.9810456,0.2140732,0.00642967,-0.04545121,0.4499051,SelectionEnd
64.37386,24,2,3,0,0.9226898,0.9455733,0.193096,301.1628,319.8367,5.417701,0.9063572,0.9810456,0.2140732,0.00642967,-0.04545121,0.4499051,GotSelection
64.38348,24,2,3,0,0.9225382,0.945446,0.1934449,301.1837,319.8804,5.353742,0.9075455,0.9821203,0.2142551,0.01700324,-0.03120606,0.4551816,SelectionStart
64.38349,24,2,3,0,0.9225382,0.945446,0.1934449,301.1837,319.8804,5.353742,0.9075455,0.9821203,0.2142551,0.01700324,-0.03120606,0.4551816,SelectionEnd
64.38706,24,2,3,0,0.9225382,0.945446,0.1934449,301.1837,319.8804,5.353742,0.9075455,0.9821203,0.2142551,0.01700324,-0.03120606,0.4551816,GotSelection
64.39799,24,2,3,0,0.9226206,0.9454249,0.1938019,301.1939,319.8602,5.333499,0.9086964,0.9831674,0.2142427,0.02430551,-0.01761246,0.4593724,SelectionStart
64.39802,24,2,3,0,0.9226206,0.9454249,0.1938019,301.1939,319.8602,5.333499,0.9086964,0.9831674,0.2142427,0.02430551,-0.01761246,0.4593724,SelectionEnd
64.40161,24,2,3,0,0.9226206,0.9454249,0.1938019,301.1939,319.8602,5.333499,0.9086964,0.9831674,0.2142427,0.02430551,-0.01761246,0.4593724,GotSelection
64.41237,24,2,3,0,0.9227603,0.9453681,0.194066,301.1895,319.8323,5.332652,0.9076328,0.9830238,0.2140731,0.01183975,-0.020833,0.4609575,SelectionStart
64.41239,24,2,3,0,0.9227603,0.9453681,0.194066,301.1895,319.8323,5.332652,0.9076328,0.9830238,0.2140731,0.01183975,-0.020833,0.4609575,SelectionEnd
64.41581,24,2,3,0,0.9227603,0.9453681,0.194066,301.1895,319.8323,5.332652,0.9076328,0.9830238,0.2140731,0.01183975,-0.020833,0.4609575,GotSelection
64.43565,24,2,3,0,0.9231216,0.9452389,0.1939602,301.193,319.9831,5.253596,0.9037496,0.9810959,0.2131099,-0.02995213,-0.04468077,0.4562304,SelectionStart
64.43568,24,2,3,0,0.9231216,0.9452389,0.1939602,301.193,319.9831,5.253596,0.9037496,0.9810959,0.2131099,-0.02995213,-0.04468077,0.4562304,SelectionEnd
64.4394,24,2,3,0,0.9231216,0.9452389,0.1939602,301.193,319.9831,5.253596,0.9037496,0.9810959,0.2131099,-0.02995213,-0.04468077,0.4562304,GotSelection
64.45078,24,2,3,0,0.923399,0.9453919,0.193699,301.1978,320.0488,5.256292,0.9003183,0.9791802,0.2122728,-0.06545616,-0.06932924,0.4484195,SelectionStart
64.4508,24,2,3,0,0.923399,0.9453919,0.193699,301.1978,320.0488,5.256292,0.9003183,0.9791802,0.2122728,-0.06545616,-0.06932924,0.4484195,SelectionEnd
64.45408,24,2,3,0,0.923399,0.9453919,0.193699,301.1978,320.0488,5.256292,0.9003183,0.9791802,0.2122728,-0.06545616,-0.06932924,0.4484195,GotSelection
64.46403,24,2,3,0,0.923465,0.9453048,0.1935891,301.1909,320.1071,5.281299,0.8963479,0.9766893,0.2110534,-0.1070411,-0.0934432,0.4365809,SelectionStart
64.46405,24,2,3,0,0.923465,0.9453048,0.1935891,301.1909,320.1071,5.281299,0.8963479,0.9766893,0.2110534,-0.1070411,-0.0934432,0.4365809,SelectionEnd
64.46732,24,2,3,0,0.923465,0.9453048,0.1935891,301.1909,320.1071,5.281299,0.8963479,0.9766893,0.2110534,-0.1070411,-0.0934432,0.4365809,GotSelection
64.478,24,2,3,0,0.9235506,0.9455172,0.1935149,301.1895,320.0402,5.395104,0.892175,0.9737311,0.2099874,-0.1496893,-0.1234662,0.4194007,SelectionStart
64.47803,24,2,3,0,0.9235506,0.9455172,0.1935149,301.1895,320.0402,5.395104,0.892175,0.9737311,0.2099874,-0.1496893,-0.1234662,0.4194007,SelectionEnd
64.48151,24,2,3,0,0.9235506,0.9455172,0.1935149,301.1895,320.0402,5.395104,0.892175,0.9737311,0.2099874,-0.1496893,-0.1234662,0.4194007,GotSelection
64.491,24,2,3,0,0.9235738,0.945636,0.1935809,301.1856,319.9608,5.48251,0.8868759,0.9698675,0.2086334,-0.2040491,-0.1598524,0.3970759,SelectionStart
64.49102,24,2,3,0,0.9235738,0.945636,0.1935809,301.1856,319.9608,5.48251,0.8868759,0.9698675,0.2086334,-0.2040491,-0.1598524,0.3970759,SelectionEnd
64.49439,24,2,3,0,0.9235738,0.945636,0.1935809,301.1856,319.9608,5.48251,0.8868759,0.9698675,0.2086334,-0.2040491,-0.1598524,0.3970759,GotSelection
64.50387,24,2,3,0,0.9235181,0.9456849,0.1936812,301.1853,319.9206,5.49388,0.8828422,0.9662876,0.2074148,-0.2465058,-0.1887141,0.3736711,SelectionStart
64.50389,24,2,3,0,0.9235181,0.9456849,0.1936812,301.1853,319.9206,5.49388,0.8828422,0.9662876,0.2074148,-0.2465058,-0.1887141,0.3736711,SelectionEnd
64.5072,24,2,3,0,0.9235181,0.9456849,0.1936812,301.1853,319.9206,5.49388,0.8828422,0.9662876,0.2074148,-0.2465058,-0.1887141,0.3736711,GotSelection
64.54745,24,2,3,0,0.9234239,0.9452537,0.1943434,301.1164,319.856,5.371022,0.8677945,0.9523175,0.2027693,-0.4078494,-0.2953797,0.2847359,SelectionStart
64.54746,24,2,3,0,0.9234239,0.9452537,0.1943434,301.1164,319.856,5.371022,0.8677945,0.9523175,0.2027693,-0.4078494,-0.2953797,0.2847359,SelectionEnd
64.55075,24,2,3,0,0.9234239,0.9452537,0.1943434,301.1164,319.856,5.371022,0.8677945,0.9523175,0.2027693,-0.4078494,-0.2953797,0.2847359,GotSelection
64.56092,24,2,3,0,0.9232963,0.9454792,0.1943283,301.0978,319.8009,5.377454,0.8623354,0.9474795,0.200996,-0.4646141,-0.3356078,0.2516402,SelectionStart
64.56094,24,2,3,0,0.9232963,0.9454792,0.1943283,301.0978,319.8009,5.377454,0.8623354,0.9474795,0.200996,-0.4646141,-0.3356078,0.2516402,SelectionEnd
64.56434,24,2,3,0,0.9232963,0.9454792,0.1943283,301.0978,319.8009,5.377454,0.8623354,0.9474795,0.200996,-0.4646141,-0.3356078,0.2516402,GotSelection
64.57446,24,2,3,0,0.9232357,0.945491,0.1944217,301.0878,319.7743,5.363152,0.859033,0.9442513,0.2000332,-0.4990551,-0.3611366,0.2301499,SelectionStart
64.57448,24,2,3,0,0.9232357,0.945491,0.1944217,301.0878,319.7743,5.363152,0.859033,0.9442513,0.2000332,-0.4990551,-0.3611366,0.2301499,SelectionEnd
64.5777,24,2,3,0,0.9232357,0.945491,0.1944217,301.0878,319.7743,5.363152,0.859033,0.9442513,0.2000332,-0.4990551,-0.3611366,0.2301499,GotSelection
64.58693,24,2,3,0,0.9229057,0.9457455,0.1943545,301.1105,319.7773,5.364569,0.8562162,0.9409753,0.1987869,-0.5284153,-0.3831378,0.2031806,SelectionStart
64.58694,24,2,3,0,0.9229057,0.9457455,0.1943545,301.1105,319.7773,5.364569,0.8562162,0.9409753,0.1987869,-0.5284153,-0.3831378,0.2031806,SelectionEnd
64.59023,24,2,3,0,0.9229057,0.9457455,0.1943545,301.1105,319.7773,5.364569,0.8562162,0.9409753,0.1987869,-0.5284153,-0.3831378,0.2031806,GotSelection
64.59992,24,2,3,0,0.9227902,0.9457872,0.1944791,301.0913,319.6981,5.397821,0.8521153,0.9363219,0.1972245,-0.5733866,-0.41543,0.1691711,SelectionStart
64.59995,24,2,3,0,0.9227902,0.9457872,0.1944791,301.0913,319.6981,5.397821,0.8521153,0.9363219,0.1972245,-0.5733866,-0.41543,0.1691711,SelectionEnd
64.60376,24,2,3,0,0.9227902,0.9457872,0.1944791,301.0913,319.6981,5.397821,0.8521153,0.9363219,0.1972245,-0.5733866,-0.41543,0.1691711,GotSelection
64.61356,24,2,3,0,0.9226374,0.945905,0.1944694,301.0531,319.5821,5.474642,0.8499429,0.9332185,0.1960629,-0.5982348,-0.4341979,0.1435364,SelectionStart
64.61359,24,2,3,0,0.9226374,0.945905,0.1944694,301.0531,319.5821,5.474642,0.8499429,0.9332185,0.1960629,-0.5982348,-0.4341979,0.1435364,SelectionEnd
64.61703,24,2,3,0,0.9226374,0.945905,0.1944694,301.0531,319.5821,5.474642,0.8499429,0.9332185,0.1960629,-0.5982348,-0.4341979,0.1435364,GotSelection
64.62645,24,2,3,0,0.9224675,0.946059,0.1945928,300.9983,319.4095,5.571616,0.8469999,0.9291941,0.1946831,-0.6316468,-0.4594512,0.1108694,SelectionStart
64.62647,24,2,3,0,0.9224675,0.946059,0.1945928,300.9983,319.4095,5.571616,0.8469999,0.9291941,0.1946831,-0.6316468,-0.4594512,0.1108694,SelectionEnd
64.62976,24,2,3,0,0.9224675,0.946059,0.1945928,300.9983,319.4095,5.571616,0.8469999,0.9291941,0.1946831,-0.6316468,-0.4594512,0.1108694,GotSelection
64.63951,24,2,3,0,0.9223422,0.9463264,0.1946118,300.9587,319.2797,5.666721,0.8448787,0.9266688,0.1937791,-0.6548327,-0.477419,0.08992152,SelectionStart
64.63953,24,2,3,0,0.9223422,0.9463264,0.1946118,300.9587,319.2797,5.666721,0.8448787,0.9266688,0.1937791,-0.6548327,-0.477419,0.08992152,SelectionEnd
64.64296,24,2,3,0,0.9223422,0.9463264,0.1946118,300.9587,319.2797,5.666721,0.8448787,0.9266688,0.1937791,-0.6548327,-0.477419,0.08992152,GotSelection
64.6533,24,2,3,0,0.9221182,0.9467177,0.1944586,300.9228,319.1341,5.80226,0.8435966,0.9246427,0.193203,-0.6673515,-0.4921064,0.07116757,SelectionStart
64.65331,24,2,3,0,0.9221182,0.9467177,0.1944586,300.9228,319.1341,5.80226,0.8435966,0.9246427,0.193203,-0.6673515,-0.4921064,0.07116757,SelectionEnd
64.65677,24,2,3,0,0.9221182,0.9467177,0.1944586,300.9228,319.1341,5.80226,0.8435966,0.9246427,0.193203,-0.6673515,-0.4921064,0.07116757,GotSelection
64.66649,24,2,3,0,0.9219921,0.9472134,0.1942053,300.8829,318.9522,5.964717,0.8423271,0.9222705,0.1923397,-0.6819347,-0.5082217,0.04819307,SelectionStart
64.6665,24,2,3,0,0.9219921,0.9472134,0.1942053,300.8829,318.9522,5.964717,0.8423271,0.9222705,0.1923397,-0.6819347,-0.5082217,0.04819307,SelectionEnd
64.66976,24,2,3,0,0.9219921,0.9472134,0.1942053,300.8829,318.9522,5.964717,0.8423271,0.9222705,0.1923397,-0.6819347,-0.5082217,0.04819307,GotSelection
64.6795,24,2,3,0,0.9217992,0.9475467,0.1939488,300.8607,318.8272,6.099197,0.8415032,0.9207162,0.1920188,-0.688763,-0.5203785,0.03405867,SelectionStart
64.67953,24,2,3,0,0.9217992,0.9475467,0.1939488,300.8607,318.8272,6.099197,0.8415032,0.9207162,0.1920188,-0.688763,-0.5203785,0.03405867,SelectionEnd
64.68274,24,2,3,0,0.9217992,0.9475467,0.1939488,300.8607,318.8272,6.099197,0.8415032,0.9207162,0.1920188,-0.688763,-0.5203785,0.03405867,GotSelection
64.69229,24,2,3,0,0.9215547,0.9479569,0.1936629,300.8144,318.6626,6.273948,0.841714,0.9203806,0.1919802,-0.684212,-0.5234472,0.02737114,SelectionStart
64.69231,24,2,3,0,0.9215547,0.9479569,0.1936629,300.8144,318.6626,6.273948,0.841714,0.9203806,0.1919802,-0.684212,-0.5234472,0.02737114,SelectionEnd
64.69572,24,2,3,0,0.9215547,0.9479569,0.1936629,300.8144,318.6626,6.273948,0.841714,0.9203806,0.1919802,-0.684212,-0.5234472,0.02737114,GotSelection
64.70601,24,2,3,0,0.921169,0.9483637,0.1933974,300.7586,318.4307,6.520945,0.8413562,0.9201348,0.1920621,-0.6826729,-0.528686,0.02361655,SelectionStart
64.70604,24,2,3,0,0.921169,0.9483637,0.1933974,300.7586,318.4307,6.520945,0.8413562,0.9201348,0.1920621,-0.6826729,-0.528686,0.02361655,SelectionEnd
64.70965,24,2,3,0,0.921169,0.9483637,0.1933974,300.7586,318.4307,6.520945,0.8413562,0.9201348,0.1920621,-0.6826729,-0.528686,0.02361655,GotSelection
64.75041,24,2,3,0,0.9199663,0.9505126,0.1925006,300.6282,317.6423,7.376659,0.8459002,0.9246849,0.1953011,-0.6104645,-0.5163764,0.04339325,SelectionStart
64.75043,24,2,3,0,0.9199663,0.9505126,0.1925006,300.6282,317.6423,7.376659,0.8459002,0.9246849,0.1953011,-0.6104645,-0.5163764,0.04339325,SelectionEnd
64.75383,24,2,3,0,0.9199663,0.9505126,0.1925006,300.6282,317.6423,7.376659,0.8459002,0.9246849,0.1953011,-0.6104645,-0.5163764,0.04339325,GotSelection
64.76319,24,2,3,0,0.9196458,0.9510794,0.1922171,300.6196,317.4327,7.61512,0.8480576,0.9278995,0.1970345,-0.5766126,-0.5047889,0.06656199,SelectionStart
64.76321,24,2,3,0,0.9196458,0.9510794,0.1922171,300.6196,317.4327,7.61512,0.8480576,0.9278995,0.1970345,-0.5766126,-0.5047889,0.06656199,SelectionEnd
64.76643,24,2,3,0,0.9196458,0.9510794,0.1922171,300.6196,317.4327,7.61512,0.8480576,0.9278995,0.1970345,-0.5766126,-0.5047889,0.06656199,GotSelection
64.77601,24,2,3,0,0.9193711,0.9515327,0.1920136,300.6453,317.3157,7.76553,0.8496466,0.9302698,0.1982502,-0.5517949,-0.49569,0.08302549,SelectionStart
64.77603,24,2,3,0,0.9193711,0.9515327,0.1920136,300.6453,317.3157,7.76553,0.8496466,0.9302698,0.1982502,-0.5517949,-0.49569,0.08302549,SelectionEnd
64.77926,24,2,3,0,0.9193711,0.9515327,0.1920136,300.6453,317.3157,7.76553,0.8496466,0.9302698,0.1982502,-0.5517949,-0.49569,0.08302549,GotSelection
64.79012,24,2,3,0,0.9191359,0.9519004,0.1918759,300.7017,317.2537,7.856181,0.852035,0.933297,0.1996865,-0.5191487,-0.4802796,0.1039209,SelectionStart
64.79015,24,2,3,0,0.9191359,0.9519004,0.1918759,300.7017,317.2537,7.856181,0.852035,0.933297,0.1996865,-0.5191487,-0.4802796,0.1039209,SelectionEnd
64.7934,24,2,3,0,0.9191359,0.9519004,0.1918759,300.7017,317.2537,7.856181,0.852035,0.933297,0.1996865,-0.5191487,-0.4802796,0.1039209,GotSelection
64.80241,24,2,3,0,0.9186084,0.9521736,0.1918797,300.7723,317.2341,7.901266,0.8550407,0.9368936,0.2016751,-0.4760013,-0.460066,0.1288879,SelectionStart
64.80242,24,2,3,0,0.9186084,0.9521736,0.1918797,300.7723,317.2341,7.901266,0.8550407,0.9368936,0.2016751,-0.4760013,-0.460066,0.1288879,SelectionEnd
64.80575,24,2,3,0,0.9186084,0.9521736,0.1918797,300.7723,317.2341,7.901266,0.8550407,0.9368936,0.2016751,-0.4760013,-0.460066,0.1288879,GotSelection
64.81635,24,2,3,0,0.9183716,0.952486,0.1918214,300.7929,317.2127,7.944398,0.8572822,0.9397774,0.2033076,-0.4437955,-0.4468588,0.1493767,SelectionStart
64.81637,24,2,3,0,0.9183716,0.952486,0.1918214,300.7929,317.2127,7.944398,0.8572822,0.9397774,0.2033076,-0.4437955,-0.4468588,0.1493767,SelectionEnd
64.81974,24,2,3,0,0.9183716,0.952486,0.1918214,300.7929,317.2127,7.944398,0.8572822,0.9397774,0.2033076,-0.4437955,-0.4468588,0.1493767,GotSelection
64.82919,24,2,3,0,0.9179214,0.9529491,0.1918845,300.8012,317.0809,8.081339,0.8592055,0.9427891,0.2051559,-0.4117155,-0.4350524,0.1706123,SelectionStart
64.82921,24,2,3,0,0.9179214,0.9529491,0.1918845,300.8012,317.0809,8.081339,0.8592055,0.9427891,0.2051559,-0.4117155,-0.4350524,0.1706123,SelectionEnd
64.83252,24,2,3,0,0.9179214,0.9529491,0.1918845,300.8012,317.0809,8.081339,0.8592055,0.9427891,0.2051559,-0.4117155,-0.4350524,0.1706123,GotSelection
64.84203,24,2,3,0,0.9176449,0.9534733,0.1917822,300.7686,316.8462,8.303621,0.8617259,0.9461561,0.2075285,-0.3715675,-0.4249382,0.1954176,SelectionStart
64.84204,24,2,3,0,0.9176449,0.9534733,0.1917822,300.7686,316.8462,8.303621,0.8617259,0.9461561,0.2075285,-0.3715675,-0.4249382,0.1954176,SelectionEnd
64.84558,24,2,3,0,0.9176449,0.9534733,0.1917822,300.7686,316.8462,8.303621,0.8617259,0.9461561,0.2075285,-0.3715675,-0.4249382,0.1954176,GotSelection
64.85741,24,2,3,0,0.9171372,0.9532694,0.1911258,300.6458,316.8603,8.439845,0.8639802,0.948744,0.2093836,-0.3328806,-0.4151275,0.218575,SelectionStart
64.85744,24,2,3,0,0.9171372,0.9532694,0.1911258,300.6458,316.8603,8.439845,0.8639802,0.948744,0.2093836,-0.3328806,-0.4151275,0.218575,SelectionEnd
64.86118,24,2,3,0,0.9171372,0.9532694,0.1911258,300.6458,316.8603,8.439845,0.8639802,0.948744,0.2093836,-0.3328806,-0.4151275,0.218575,GotSelection
64.8704,24,2,3,0,0.9167588,0.9535186,0.1912663,300.6296,316.7425,8.50274,0.8666312,0.9515774,0.2118717,-0.2914303,-0.4047372,0.2395076,SelectionStart
64.87041,24,2,3,0,0.9167588,0.9535186,0.1912663,300.6296,316.7425,8.50274,0.8666312,0.9515774,0.2118717,-0.2914303,-0.4047372,0.2395076,SelectionEnd
64.8737,24,2,3,0,0.9167588,0.9535186,0.1912663,300.6296,316.7425,8.50274,0.8666312,0.9515774,0.2118717,-0.2914303,-0.4047372,0.2395076,GotSelection
64.88404,24,2,3,0,0.9167218,0.9534146,0.1913407,300.5966,316.7439,8.428622,0.8691951,0.9534516,0.2135394,-0.2584985,-0.3941436,0.2533912,SelectionStart
64.88406,24,2,3,0,0.9167218,0.9534146,0.1913407,300.5966,316.7439,8.428622,0.8691951,0.9534516,0.2135394,-0.2584985,-0.3941436,0.2533912,SelectionEnd
64.88731,24,2,3,0,0.9167218,0.9534146,0.1913407,300.5966,316.7439,8.428622,0.8691951,0.9534516,0.2135394,-0.2584985,-0.3941436,0.2533912,GotSelection
64.89681,24,2,3,0,0.9164474,0.9535644,0.1915293,300.5762,316.6861,8.411313,0.8719924,0.9555373,0.2161186,-0.2168717,-0.3872043,0.2684363,SelectionStart
64.89684,24,2,3,0,0.9164474,0.9535644,0.1915293,300.5762,316.6861,8.411313,0.8719924,0.9555373,0.2161186,-0.2168717,-0.3872043,0.2684363,SelectionEnd
64.90011,24,2,3,0,0.9164474,0.9535644,0.1915293,300.5762,316.6861,8.411313,0.8719924,0.9555373,0.2161186,-0.2168717,-0.3872043,0.2684363,GotSelection
64.92555,24,2,3,0,0.9161108,0.9539957,0.1917023,300.5169,316.4048,8.587215,0.8754691,0.9576963,0.2196814,-0.1627993,-0.3852291,0.2826765,SelectionStart
64.9256,24,2,3,0,0.9161108,0.9539957,0.1917023,300.5169,316.4048,8.587215,0.8754691,0.9576963,0.2196814,-0.1627993,-0.3852291,0.2826765,SelectionEnd
64.92883,24,2,3,0,0.9161108,0.9539957,0.1917023,300.5169,316.4048,8.587215,0.8754691,0.9576963,0.2196814,-0.1627993,-0.3852291,0.2826765,GotSelection
64.95592,24,2,3,0,0.9153413,0.9546136,0.1918838,300.5226,316.114,8.788528,0.8779221,0.9584526,0.2241593,-0.1093477,-0.4004962,0.2886674,SelectionStart
64.95594,24,2,3,0,0.9153413,0.9546136,0.1918838,300.5226,316.114,8.788528,0.8779221,0.9584526,0.2241593,-0.1093477,-0.4004962,0.2886674,SelectionEnd
64.95934,24,2,3,0,0.9153413,0.9546136,0.1918838,300.5226,316.114,8.788528,0.8779221,0.9584526,0.2241593,-0.1093477,-0.4004962,0.2886674,GotSelection
64.97126,24,2,3,0,0.9150462,0.9548082,0.1918508,300.5236,316.0155,8.887494,0.8774354,0.9568912,0.225002,-0.1068982,-0.41686,0.2772366,SelectionStart
64.97128,24,2,3,0,0.9150462,0.9548082,0.1918508,300.5236,316.0155,8.887494,0.8774354,0.9568912,0.225002,-0.1068982,-0.41686,0.2772366,SelectionEnd
64.97465,24,2,3,0,0.9150462,0.9548082,0.1918508,300.5236,316.0155,8.887494,0.8774354,0.9568912,0.225002,-0.1068982,-0.41686,0.2772366,GotSelection
64.98451,24,2,3,0,0.9148551,0.9551405,0.1917547,300.5411,315.906,9.013696,0.8772447,0.9558812,0.2254117,-0.1048923,-0.4273444,0.2674947,SelectionStart
64.98453,24,2,3,0,0.9148551,0.9551405,0.1917547,300.5411,315.906,9.013696,0.8772447,0.9558812,0.2254117,-0.1048923,-0.4273444,0.2674947,SelectionEnd
64.98789,24,2,3,0,0.9148551,0.9551405,0.1917547,300.5411,315.906,9.013696,0.8772447,0.9558812,0.2254117,-0.1048923,-0.4273444,0.2674947,GotSelection
64.99703,24,2,3,0,0.9145807,0.9554499,0.1917585,300.5706,315.8043,9.097568,0.8759734,0.9543098,0.2249623,-0.1170437,-0.4384364,0.2531515,SelectionStart
64.99705,24,2,3,0,0.9145807,0.9554499,0.1917585,300.5706,315.8043,9.097568,0.8759734,0.9543098,0.2249623,-0.1170437,-0.4384364,0.2531515,SelectionEnd
65.0004,24,2,3,0,0.9145807,0.9554499,0.1917585,300.5706,315.8043,9.097568,0.8759734,0.9543098,0.2249623,-0.1170437,-0.4384364,0.2531515,GotSelection
65.01196,24,2,3,0,0.9143146,0.9557842,0.1918076,300.61,315.6728,9.218968,0.8731974,0.9517084,0.223338,-0.1498693,-0.4533273,0.2306322,SelectionStart
65.01198,24,2,3,0,0.9143146,0.9557842,0.1918076,300.61,315.6728,9.218968,0.8731974,0.9517084,0.223338,-0.1498693,-0.4533273,0.2306322,SelectionEnd
65.01535,24,2,3,0,0.9143146,0.9557842,0.1918076,300.61,315.6728,9.218968,0.8731974,0.9517084,0.223338,-0.1498693,-0.4533273,0.2306322,GotSelection
65.02554,24,2,3,0,0.9140139,0.9560536,0.1918789,300.6641,315.6214,9.266825,0.8705984,0.9496175,0.2220009,-0.1790428,-0.4661261,0.2135236,SelectionStart
65.02557,24,2,3,0,0.9140139,0.9560536,0.1918789,300.6641,315.6214,9.266825,0.8705984,0.9496175,0.2220009,-0.1790428,-0.4661261,0.2135236,SelectionEnd
65.02922,24,2,3,0,0.9140139,0.9560536,0.1918789,300.6641,315.6214,9.266825,0.8705984,0.9496175,0.2220009,-0.1790428,-0.4661261,0.2135236,GotSelection
65.03887,24,2,3,0,0.9136027,0.9562329,0.1921337,300.6993,315.5432,9.278846,0.8677143,0.9468207,0.2197647,-0.2161961,-0.4753181,0.1875486,SelectionStart
65.03891,24,2,3,0,0.9136027,0.9562329,0.1921337,300.6993,315.5432,9.278846,0.8677143,0.9468207,0.2197647,-0.2161961,-0.4753181,0.1875486,SelectionEnd
65.04221,24,2,3,0,0.9136027,0.9562329,0.1921337,300.6993,315.5432,9.278846,0.8677143,0.9468207,0.2197647,-0.2161961,-0.4753181,0.1875486,GotSelection
65.05436,24,2,3,0,0.9132746,0.9563481,0.1924294,300.7309,315.4532,9.306255,0.8637842,0.9435048,0.2164968,-0.2695015,-0.4846102,0.1577792,SelectionStart
65.05439,24,2,3,0,0.9132746,0.9563481,0.1924294,300.7309,315.4532,9.306255,0.8637842,0.9435048,0.2164968,-0.2695015,-0.4846102,0.1577792,SelectionEnd
65.05775,24,2,3,0,0.9132746,0.9563481,0.1924294,300.7309,315.4532,9.306255,0.8637842,0.9435048,0.2164968,-0.2695015,-0.4846102,0.1577792,GotSelection
65.06713,24,2,3,0,0.9128622,0.9564518,0.193018,300.7573,315.3158,9.350309,0.8607568,0.9406244,0.2139007,-0.3118554,-0.4898058,0.1298681,SelectionStart
65.06715,24,2,3,0,0.9128622,0.9564518,0.193018,300.7573,315.3158,9.350309,0.8607568,0.9406244,0.2139007,-0.3118554,-0.4898058,0.1298681,SelectionEnd
65.07047,24,2,3,0,0.9128622,0.9564518,0.193018,300.7573,315.3158,9.350309,0.8607568,0.9406244,0.2139007,-0.3118554,-0.4898058,0.1298681,GotSelection
65.07957,24,2,3,0,0.9126748,0.9566295,0.1933483,300.7782,315.2055,9.399959,0.857329,0.9372165,0.2118598,-0.3552108,-0.5070686,0.1019948,SelectionStart
65.07959,24,2,3,0,0.9126748,0.9566295,0.1933483,300.7782,315.2055,9.399959,0.857329,0.9372165,0.2118598,-0.3552108,-0.5070686,0.1019948,SelectionEnd
65.08282,24,2,3,0,0.9126748,0.9566295,0.1933483,300.7782,315.2055,9.399959,0.857329,0.9372165,0.2118598,-0.3552108,-0.5070686,0.1019948,GotSelection
65.09673,24,2,3,0,0.9121699,0.9566405,0.1941087,300.787,315.0594,9.428981,0.8528432,0.9323496,0.2091798,-0.4117542,-0.527284,0.06164491,SelectionStart
65.09675,24,2,3,0,0.9121699,0.9566405,0.1941087,300.787,315.0594,9.428981,0.8528432,0.9323496,0.2091798,-0.4117542,-0.527284,0.06164491,SelectionEnd
65.10135,24,2,3,0,0.9121699,0.9566405,0.1941087,300.787,315.0594,9.428981,0.8528432,0.9323496,0.2091798,-0.4117542,-0.527284,0.06164491,GotSelection
65.12255,24,2,3,0,0.9114717,0.9566821,0.1950236,300.8074,314.8882,9.443833,0.8492097,0.9273085,0.20723,-0.4561506,-0.5480595,0.01810919,SelectionStart
65.12262,24,2,3,0,0.9114717,0.9566821,0.1950236,300.8074,314.8882,9.443833,0.8492097,0.9273085,0.20723,-0.4561506,-0.5480595,0.01810919,SelectionEnd
65.12743,24,2,3,0,0.9114717,0.9566821,0.1950236,300.8074,314.8882,9.443833,0.8492097,0.9273085,0.20723,-0.4561506,-0.5480595,0.01810919,GotSelection
65.17358,24,2,3,0,0.9100248,0.9571425,0.1968593,300.925,314.4227,9.503726,0.8489801,0.9252521,0.2082703,-0.4500683,-0.5519106,-0.00863635,SelectionStart
65.17361,24,2,3,0,0.9100248,0.9571425,0.1968593,300.925,314.4227,9.503726,0.8489801,0.9252521,0.2082703,-0.4500683,-0.5519106,-0.00863635,SelectionEnd
65.17709,24,2,3,0,0.9100248,0.9571425,0.1968593,300.925,314.4227,9.503726,0.8489801,0.9252521,0.2082703,-0.4500683,-0.5519106,-0.00863635,GotSelection
65.18713,24,2,3,0,0.9095364,0.9572973,0.1973004,300.9576,314.2594,9.570706,0.8504755,0.9263369,0.2090575,-0.4304273,-0.5402716,-0.005820414,SelectionStart
65.18716,24,2,3,0,0.9095364,0.9572973,0.1973004,300.9576,314.2594,9.570706,0.8504755,0.9263369,0.2090575,-0.4304273,-0.5402716,-0.005820414,SelectionEnd
65.19043,24,2,3,0,0.9095364,0.9572973,0.1973004,300.9576,314.2594,9.570706,0.8504755,0.9263369,0.2090575,-0.4304273,-0.5402716,-0.005820414,GotSelection
65.20129,24,2,3,0,0.9090977,0.9576461,0.197667,301.0376,314.0953,9.649938,0.8532498,0.9283987,0.2106932,-0.3946071,-0.5249617,0.002997447,SelectionStart
65.2013,24,2,3,0,0.9090977,0.9576461,0.197667,301.0376,314.0953,9.649938,0.8532498,0.9283987,0.2106932,-0.3946071,-0.5249617,0.002997447,SelectionEnd
65.2047,24,2,3,0,0.9090977,0.9576461,0.197667,301.0376,314.0953,9.649938,0.8532498,0.9283987,0.2106932,-0.3946071,-0.5249617,0.002997447,GotSelection
65.22894,24,2,3,0,0.9083967,0.9584237,0.1978319,301.2419,313.9047,9.796139,0.8593689,0.9336526,0.2137147,-0.3178224,-0.4882979,0.02912358,Nothing
65.23654,24,2,3,0,0.9082224,0.9587672,0.1978328,301.3334,313.8501,9.851064,0.8610843,0.9348886,0.2146644,-0.2959715,-0.4809659,0.03412609,Nothing
65.24579,24,2,3,0,0.90804,0.9590659,0.1978697,301.4189,313.7862,9.908221,0.8637479,0.936125,0.2155717,-0.2668244,-0.4680966,0.0354696,Nothing
65.25302,24,2,3,0,0.9077866,0.9596799,0.1979263,301.5793,313.6513,10.04843,0.8655531,0.9373522,0.2166018,-0.2438074,-0.4614486,0.03807431,Nothing
65.26208,24,2,3,0,0.9074727,0.9603043,0.1980461,301.7331,313.4639,10.23114,0.8674239,0.9384003,0.2176003,-0.2205031,-0.4545223,0.03809365,Nothing
65.27004,24,2,3,0,0.9071639,0.9610447,0.1981327,301.9128,313.2385,10.46635,0.8691459,0.9393997,0.2182944,-0.200425,-0.4472175,0.03640832,Nothing
65.27801,24,2,3,0,0.9068388,0.9620214,0.1982139,302.1096,312.9798,10.72877,0.8705362,0.9402611,0.2192012,-0.1818767,-0.4450629,0.03357061,Nothing
65.28667,24,2,3,0,0.9063743,0.9630636,0.1982799,302.3718,312.6836,11.04273,0.87292,0.9414671,0.2203485,-0.1525336,-0.4376641,0.02996657,Nothing
65.29525,24,2,3,0,0.9060639,0.963928,0.1983055,302.6021,312.4863,11.27255,0.8742394,0.942203,0.2208719,-0.1369344,-0.4337087,0.02606916,Nothing
65.30312,24,2,3,0,0.905778,0.9646058,0.1981908,302.8234,312.4407,11.4049,0.8748678,0.9426337,0.2216055,-0.1252798,-0.436371,0.02515271,Nothing
65.31147,24,2,3,0,0.9055483,0.9651558,0.1979818,303.018,312.3885,11.54282,0.8755944,0.9427104,0.2219288,-0.1155247,-0.437866,0.02072617,Nothing
65.31991,24,2,3,0,0.9052254,0.9659722,0.1976962,303.2449,312.3538,11.70219,0.8758494,0.9426551,0.2223937,-0.1081899,-0.444902,0.01552748,Nothing
65.32851,24,2,3,0,0.9049957,0.9666647,0.1974686,303.4774,312.3192,11.85232,0.8766244,0.9427606,0.2228736,-0.09734851,-0.4481338,0.0108951,Nothing
65.33659,24,2,3,0,0.9047407,0.9673883,0.19739,303.7142,312.2569,11.99857,0.8768975,0.9423429,0.2231459,-0.09300379,-0.4542674,0.002229748,Nothing
65.34597,24,2,3,0,0.9044155,0.9684331,0.1971954,304.0638,312.199,12.20194,0.8765627,0.9415134,0.2239221,-0.09056312,-0.4714431,-0.007016885,Nothing
65.35405,24,2,3,0,0.9042262,0.9690344,0.1970696,304.3106,312.2222,12.27287,0.8761455,0.9409735,0.2245096,-0.09012469,-0.4838865,-0.01083653,Nothing
65.36158,24,2,3,0,0.9040744,0.9696935,0.1969851,304.5612,312.2429,12.34029,0.8759306,0.9401515,0.2250868,-0.08909977,-0.49718,-0.0182804,Nothing
65.3699,24,2,3,0,0.903878,0.9701993,0.196847,304.813,312.2869,12.39442,0.8757004,0.9391629,0.2256802,-0.08752561,-0.5109815,-0.02555861,Nothing
65.37786,24,2,3,0,0.9036064,0.9706824,0.1964886,305.035,312.3743,12.45364,0.8754532,0.9380648,0.2264159,-0.08376966,-0.5276027,-0.03252734,Nothing
65.38631,24,2,3,0,0.9033169,0.9713154,0.1964864,305.3383,312.3745,12.52364,0.8752259,0.9370525,0.2272172,-0.08112148,-0.5425684,-0.04047113,Nothing
65.39474,24,2,3,0,0.9029297,0.9721856,0.1967146,305.7081,312.2982,12.64673,0.8749945,0.9360507,0.2280253,-0.07940806,-0.5570118,-0.05083894,Nothing
65.40382,24,2,3,0,0.9025871,0.9729953,0.1968473,306.0473,312.248,12.76049,0.874872,0.9351768,0.2288123,-0.07665271,-0.5706985,-0.05976424,Nothing
65.41302,24,2,3,0,0.9017659,0.9744785,0.1971761,306.6619,312.1986,12.93164,0.8747398,0.9337108,0.230141,-0.07047509,-0.5926509,-0.07678895,Nothing
65.42057,24,2,3,0,0.9013636,0.9753277,0.1976736,307.1497,312.2257,12.94794,0.8745052,0.9329682,0.2312052,-0.06836034,-0.606033,-0.08307827,Nothing
65.4286,24,2,3,0,0.9010943,0.9757333,0.1980389,307.5681,312.3857,12.83834,0.8746389,0.9319755,0.2323121,-0.06269092,-0.6185505,-0.08858268,Nothing
65.43679,24,2,3,0,0.9008673,0.9760888,0.1984614,308.0134,312.6122,12.67538,0.8747816,0.9311621,0.2333993,-0.05737251,-0.6294482,-0.09187847,Nothing
65.44501,24,2,3,0,0.900672,0.9763637,0.1989461,308.4621,312.8487,12.50607,0.8751231,0.9302086,0.2345365,-0.05085817,-0.6400277,-0.09625344,Nothing
65.45331,24,2,3,0,0.9004674,0.9766336,0.1994861,308.9349,313.1077,12.33654,0.8755776,0.9294011,0.2357283,-0.04331344,-0.6492992,-0.09953273,Nothing
65.46227,24,2,3,0,0.900197,0.9768843,0.2001727,309.4327,313.3468,12.18194,0.8763472,0.9286364,0.2368781,-0.03377314,-0.6554666,-0.1045258,Nothing
65.47021,24,2,3,0,0.8997176,0.977357,0.2014586,310.2296,313.6523,11.9697,0.8771942,0.927484,0.2386901,-0.02230599,-0.665555,-0.1117353,Nothing
65.48006,24,2,3,0,0.899177,0.9775817,0.2031254,310.9703,313.8649,11.7564,0.8781711,0.9267808,0.239832,-0.0139887,-0.663469,-0.1198678,Nothing
65.48703,24,2,3,0,0.8986069,0.9777828,0.2049944,311.7373,314.0622,11.52638,0.879039,0.9261007,0.2412026,-0.005772946,-0.6619327,-0.126926,Nothing
65.49664,24,2,3,0,0.8980204,0.9779989,0.2067341,312.4845,314.242,11.32381,0.8799151,0.9254626,0.2424171,0.002339734,-0.6601847,-0.1343468,Nothing
65.51197,24,2,3,0,0.896306,0.9779142,0.2119686,314.4346,314.7132,10.70353,0.8820457,0.9242017,0.2448438,0.01736444,-0.6403076,-0.1536979,Nothing
65.52016,24,2,3,0,0.894817,0.978128,0.2156055,315.8061,315.1253,10.26225,0.8830728,0.9237619,0.2460374,0.02333061,-0.6241004,-0.1682764,Nothing
65.52891,24,2,3,0,0.8939133,0.9768033,0.2197138,317.4159,315.8658,9.517152,0.8846292,0.9230376,0.2477407,0.03220521,-0.6009471,-0.1715059,Nothing
65.53673,24,2,3,0,0.8935235,0.9756771,0.2227458,318.675,316.5296,8.90675,0.8857226,0.9226218,0.2487438,0.03500115,-0.5821716,-0.1717443,Nothing
65.54635,24,2,3,0,0.8932235,0.9737083,0.226144,320.0274,317.3169,8.159557,0.886792,0.9222898,0.2497471,0.03659569,-0.5551066,-0.1672492,Nothing
65.56167,24,2,3,0,0.8923622,0.9702094,0.232893,323.2313,318.9998,6.637742,0.8888662,0.9216138,0.2513416,0.03856084,-0.5040046,-0.1642299,Nothing
65.57055,24,2,3,0,0.8918473,0.9682021,0.2365837,325.1317,319.8562,5.847286,0.8898333,0.921335,0.2519943,0.03747071,-0.4748596,-0.1638713,Nothing
65.57968,24,2,3,0,0.8907823,0.9670889,0.2407631,327.5075,320.5599,5.260448,0.8908143,0.9211286,0.2525324,0.03539002,-0.4503252,-0.1738401,Nothing
65.58697,24,2,3,0,0.8899637,0.9656145,0.2447276,329.5211,321.1843,4.680104,0.8917171,0.9210209,0.2528383,0.03138886,-0.4230593,-0.184854,Nothing
65.59518,24,2,3,0,0.888133,0.9642386,0.2509464,332.9715,321.9413,4.098022,0.8931051,0.9208123,0.2533448,0.02707044,-0.3921242,-0.2120202,Nothing
65.60356,24,2,3,0,0.8865651,0.9639779,0.2552959,335.641,322.3642,3.887489,0.893962,0.9208105,0.2534238,0.02249754,-0.3783366,-0.2373959,Nothing
65.61174,24,2,3,0,0.885064,0.9644904,0.2590408,338.6053,323.0449,3.722973,0.8946434,0.9209178,0.2532045,0.01785349,-0.3770558,-0.261163,Nothing
65.62023,24,2,3,0,0.8835977,0.9642437,0.2620022,341.4273,323.9009,3.645658,0.8953796,0.920977,0.2530694,0.01965857,-0.3744117,-0.2775189,Nothing
65.62862,24,2,3,0,0.8825803,0.9633908,0.2653524,344.1243,324.6851,3.44534,0.8961097,0.9210371,0.2528517,0.01688148,-0.3669911,-0.2950367,Nothing
65.63707,24,2,3,0,0.8818282,0.9641705,0.2662905,347.0746,325.9548,3.646597,0.8965907,0.9211196,0.2526214,0.02224215,-0.3855596,-0.2930406,Nothing
65.64615,24,2,3,0,0.8811574,0.9644218,0.2677277,349.8658,327.1168,3.846161,0.8971668,0.9211806,0.2521707,0.02436464,-0.3977346,-0.2961134,Nothing
65.65313,24,2,3,0,0.8803631,0.9648458,0.2692685,352.7501,328.3,4.110113,0.8977035,0.9213157,0.2517498,0.02709385,-0.4126201,-0.2991017,Nothing
65.66389,24,2,3,0,0.8792467,0.9655601,0.2713683,357.1909,330.1807,4.696645,0.8985216,0.9215293,0.2510878,0.0318697,-0.4391514,-0.2989691,Nothing
65.67902,24,2,3,0,0.8769152,0.9684589,0.2734407,3.128757,332.8245,6.100732,0.899426,0.9220307,0.2497599,0.04131331,-0.4976119,-0.2934774,Nothing
65.68688,24,2,3,0,0.8758274,0.9697762,0.2744364,6.001166,334.2597,6.852677,0.8999735,0.9223608,0.2489904,0.04671959,-0.5260395,-0.288378,Nothing
65.69549,24,2,3,0,0.8743367,0.9717682,0.2748404,8.803926,335.8149,7.750626,0.9005328,0.9227995,0.2481661,0.05713293,-0.561271,-0.2770539,Nothing
65.70336,24,2,3,0,0.8732885,0.9733576,0.2758134,11.53992,337.3344,8.687099,0.9014246,0.923341,0.2472416,0.06381815,-0.5923177,-0.2698345,Nothing
65.71223,24,2,3,0,0.8718979,0.9750891,0.2759287,13.98654,338.8975,9.694671,0.90205,0.9237316,0.24648,0.07472738,-0.6244211,-0.252807,Nothing
65.71981,24,2,3,0,0.8704764,0.9768175,0.2768466,16.58542,340.4997,10.8258,0.9025698,0.9242791,0.2456651,0.08042128,-0.6572851,-0.2391384,Nothing
65.72942,24,2,3,0,0.8685292,0.9786826,0.2779873,20.12446,343.0139,12.56293,0.9036564,0.9250082,0.2443606,0.09248282,-0.6999251,-0.2179586,Nothing
65.73672,24,2,3,0,0.8672267,0.9803434,0.2782092,22.26391,344.7506,13.79275,0.9043053,0.9254902,0.2435049,0.1006808,-0.7300522,-0.1961732,Nothing
65.74651,24,2,3,0,0.8652906,0.982802,0.2780454,24.32054,346.7166,15.27428,0.9050698,0.9260644,0.2423698,0.1128382,-0.768623,-0.1693693,Nothing
65.7536,24,2,3,0,0.8637567,0.9849074,0.2778192,26.29129,348.7838,16.8012,0.9057398,0.9266607,0.2413944,0.1216683,-0.8004443,-0.1382863,Nothing
65.76198,24,2,3,0,0.8618841,0.9868715,0.2781356,28.27689,350.933,18.44031,0.9063108,0.9272078,0.2403201,0.1295653,-0.834175,-0.1100561,Nothing
65.77015,24,2,3,0,0.8599944,0.9891447,0.2776922,29.97318,353.1927,20.21107,0.9069533,0.9278498,0.2393079,0.1387866,-0.8655629,-0.07361034,Nothing
65.77847,24,2,3,0,0.8580901,0.991501,0.2774028,31.52436,355.4532,22.04396,0.907596,0.9285328,0.2382472,0.1457868,-0.8970184,-0.0376821,Nothing
65.78758,24,2,3,0,0.8549136,0.9948341,0.2773175,33.60844,358.7993,24.85761,0.9085871,0.9296221,0.2366065,0.1566342,-0.943522,0.01286155,Nothing
65.79513,24,2,3,0,0.8526608,0.9968849,0.2776287,34.81491,0.8249177,26.63943,0.9090968,0.9304374,0.2355094,0.1627056,-0.9733967,0.04108718,Nothing
65.80441,24,2,3,0,0.8507252,0.9986745,0.2778154,36.05499,3.109178,28.57998,0.9098687,0.9313313,0.234211,0.1687008,-1.000175,0.0717072,Nothing
65.81348,24,2,3,0,0.8489614,1.000041,0.2782446,37.10622,5.038533,30.2296,0.9104696,0.9321831,0.2330054,0.1742271,-1.023052,0.09494584,Nothing
65.82875,24,2,3,0,0.845321,1.002885,0.2787998,38.99102,9.339982,33.8556,0.9116143,0.9339262,0.2306262,0.1842964,-1.066343,0.1510386,Nothing
65.83709,24,2,3,0,0.8434467,1.00423,0.278937,39.75517,11.51962,35.6847,0.9122972,0.9348136,0.2293831,0.1909859,-1.087024,0.1799018,Nothing
65.84563,24,2,3,0,0.8407877,1.006267,0.2791911,40.69905,14.69855,38.39455,0.9132159,0.9362438,0.227568,0.1981467,-1.115896,0.2217583,Nothing
65.85381,24,2,3,0,0.8391471,1.007247,0.2795438,41.14816,16.42877,39.9325,0.9137343,0.9372641,0.2263202,0.2032487,-1.133501,0.2396687,Nothing
65.86195,24,2,3,0,0.8377023,1.007858,0.2802639,41.55047,17.81554,41.23991,0.914177,0.9382289,0.2249337,0.2073495,-1.152216,0.2476196,Nothing
65.87051,24,2,3,0,0.8363851,1.008051,0.2812497,41.91385,18.86214,42.28851,0.9146839,0.9393789,0.223667,0.2150987,-1.169172,0.2464963,Nothing
65.87885,24,2,3,0,0.8354471,1.007919,0.2824695,42.23867,19.50107,43.03698,0.9153129,0.9404067,0.2224476,0.2227491,-1.186342,0.2370299,Nothing
65.88666,24,2,3,0,0.8344684,1.007853,0.2833224,42.49824,19.96626,43.60262,0.9157488,0.9415979,0.221179,0.2317439,-1.20066,0.2260611,Nothing
65.89676,24,2,3,0,0.8344774,1.006884,0.2844973,42.77373,20.06913,43.84262,0.9164785,0.9432546,0.2193189,0.2424849,-1.211315,0.1930985,Nothing
65.91248,24,2,3,0,0.8344045,1.006461,0.2850004,42.95608,20.12494,43.94577,0.9172292,0.9457861,0.2168956,0.2579336,-1.220101,0.1571252,Nothing
65.9203,24,2,3,0,0.8343911,1.006076,0.2848735,42.86015,19.67553,43.49067,0.9175336,0.9470757,0.215592,0.270555,-1.221058,0.130919,Nothing
65.92915,24,2,3,0,0.8347114,1.005652,0.2850727,42.77011,19.12699,43.05294,0.9177199,0.9484735,0.2141896,0.2773693,-1.22219,0.09826367,Nothing
65.93668,24,2,3,0,0.8355833,1.005017,0.2851262,42.61458,18.32265,42.40773,0.9177905,0.9498034,0.2128861,0.2802842,-1.217196,0.06053452,Nothing
65.94551,24,2,3,0,0.8358135,1.004935,0.2851718,42.47992,17.761,41.95058,0.9178529,0.9510909,0.2115293,0.284672,-1.218457,0.03158451,Nothing
65.95512,24,2,3,0,0.8365235,1.004618,0.2851419,42.36491,17.19161,41.53038,0.9180065,0.9523262,0.2102208,0.2858179,-1.215785,0.001512367,Nothing
65.96194,24,2,3,0,0.8366855,1.004382,0.2853736,42.31169,16.81271,41.26867,0.9179609,0.9536312,0.208807,0.2883391,-1.217315,-0.0270582,Nothing
65.97012,24,2,3,0,0.8366828,1.004401,0.2852467,42.00259,16.11892,40.71954,0.917861,0.9555435,0.2067329,0.2943739,-1.218478,-0.0674239,Nothing
65.98046,24,2,3,0,0.8371778,1.004497,0.2848316,41.77929,15.72757,40.45546,0.917643,0.9568509,0.2052685,0.2918909,-1.214566,-0.09283953,Nothing
65.9951,24,2,3,0,0.8373544,1.004536,0.2843048,41.30171,14.85839,39.72812,0.9167443,0.9591014,0.2026106,0.2916691,-1.208243,-0.1432213,Nothing
66.00336,24,2,3,0,0.8382931,1.003623,0.2841563,41.09241,14.29303,39.20981,0.9162388,0.9601492,0.2013949,0.2888922,-1.194599,-0.1771599,Nothing
66.0117,24,2,3,0,0.8384236,1.003732,0.2838901,40.94028,13.9207,38.90835,0.9156142,0.9610825,0.2001656,0.285018,-1.191036,-0.1980407,Nothing
66.02013,24,2,3,0,0.8391131,1.003507,0.2835643,40.77527,13.53334,38.61051,0.9149459,0.9620483,0.1989629,0.2774889,-1.181522,-0.2221237,Nothing
66.02869,24,2,3,0,0.8393694,1.003659,0.2830236,40.5021,13.11017,38.22451,0.9141328,0.9627796,0.1977455,0.2714086,-1.174905,-0.2418778,Nothing
66.03684,24,2,3,0,0.8397542,1.004025,0.2821427,40.07687,12.57991,37.84086,0.9129076,0.9638065,0.195883,0.2589493,-1.166404,-0.2686639,Nothing
66.04666,24,2,3,0,0.8399612,1.004821,0.2814381,39.6894,12.16631,37.54982,0.9118472,0.96403,0.194811,0.2447904,-1.163468,-0.2800995,Nothing
66.06214,24,2,3,0,0.8400321,1.005769,0.280123,38.92894,11.21856,36.90668,0.9098276,0.9647,0.1924451,0.223108,-1.155778,-0.3115092,Nothing
66.0701,24,2,3,0,0.8400341,1.006152,0.2797171,38.5685,10.66868,36.55489,0.9086947,0.9647397,0.1912703,0.2092873,-1.153956,-0.3285105,Nothing
66.07864,24,2,3,0,0.8399036,1.006543,0.2794856,38.22239,10.06906,36.1857,0.9078305,0.9648312,0.1901624,0.1984142,-1.154271,-0.3464059,Nothing
66.08738,24,2,3,0,0.8400412,1.006882,0.2789707,37.84145,9.416004,35.78134,0.9067753,0.9647236,0.1891868,0.1836758,-1.15015,-0.3617899,Nothing
66.09571,24,2,3,0,0.8399825,1.007407,0.2784587,37.28371,8.516303,35.22474,0.9054044,0.9645791,0.1877372,0.1653846,-1.147786,-0.3849603,Nothing
66.10921,24,2,3,0,0.8399413,1.007906,0.2778996,36.8402,7.869,34.83223,0.9044362,0.9644497,0.1868943,0.1525613,-1.144405,-0.3981221,Nothing
66.12106,24,2,3,0,0.8397874,1.00878,0.2768859,35.97208,6.703343,34.09778,0.902803,0.9639049,0.1855616,0.1310766,-1.139289,-0.4192133,Nothing
66.12973,24,2,3,0,0.8397635,1.009191,0.2762821,35.53188,6.139811,33.72129,0.90204,0.9635157,0.184888,0.1206662,-1.136717,-0.4283149,Nothing
66.14497,24,2,3,0,0.839754,1.009938,0.2753434,34.66184,4.968775,33.00459,0.9008904,0.9627476,0.1834256,0.1008296,-1.134598,-0.4501688,Nothing
66.15363,24,2,3,0,0.8397762,1.010086,0.2749495,34.2731,4.36586,32.58554,0.9004245,0.9623574,0.1827894,0.09338779,-1.132314,-0.4615676,Nothing
66.1618,24,2,3,0,0.8400471,1.010367,0.2745511,33.65207,3.426822,31.99613,0.8999025,0.9618661,0.1819986,0.08054502,-1.127982,-0.4799982,Nothing
66.17068,24,2,3,0,0.840106,1.01042,0.2743608,33.28366,2.783887,31.56525,0.8997419,0.9615379,0.1815633,0.07556608,-1.125708,-0.4921033,Nothing
66.17822,24,2,3,0,0.8401619,1.010551,0.2741276,32.87245,2.174025,31.19087,0.8995452,0.9612157,0.181107,0.06964217,-1.12342,-0.5039743,Nothing
66.18784,24,2,3,0,0.8402306,1.010686,0.2737466,32.48768,1.6421,30.81232,0.8998745,0.9609228,0.1809657,0.07080892,-1.121647,-0.5106936,Nothing
66.20308,24,2,3,0,0.8404711,1.010953,0.272865,31.71693,0.6498736,30.11604,0.9006608,0.9605709,0.180241,0.0736076,-1.118185,-0.5276247,Nothing
66.21137,24,2,3,0,0.8405526,1.011088,0.2724456,31.39759,0.247364,29.81286,0.9014753,0.9607513,0.1800204,0.08134282,-1.116347,-0.5350088,Nothing
66.2195,24,2,3,0,0.8406117,1.011255,0.2722036,31.11782,359.8633,29.54356,0.9022811,0.9609476,0.1797678,0.08804506,-1.116021,-0.5433705,Nothing
66.22839,24,2,3,0,0.8405584,1.011419,0.2719266,30.78715,359.3713,29.20373,0.9035603,0.9612412,0.1793183,0.09969068,-1.117634,-0.5556258,Nothing
66.23623,24,2,3,0,0.8406355,1.011483,0.2716719,30.5349,359.0131,28.95653,0.9050102,0.961536,0.1789119,0.1122866,-1.119698,-0.5658234,Nothing
66.24482,24,2,3,0,0.8406056,1.011579,0.2716237,30.35043,358.7187,28.77228,0.9063804,0.9620133,0.1784446,0.1245805,-1.122728,-0.5775589,Nothing
66.25283,24,2,3,0,0.840489,1.011773,0.2714167,30.15967,358.4941,28.63208,0.9079946,0.9626893,0.1781676,0.1415444,-1.125268,-0.5863166,Nothing
66.26167,24,2,3,0,0.8404509,1.011922,0.2712656,29.95471,358.2904,28.51024,0.9091308,0.9635441,0.1780453,0.1548396,-1.122771,-0.5952907,Nothing
66.26949,24,2,3,0,0.8403459,1.012128,0.2709819,29.74064,358.0898,28.38712,0.9105188,0.964132,0.1779018,0.1700245,-1.123759,-0.6018679,Nothing
66.27888,24,2,3,0,0.8402478,1.012316,0.2707289,29.53615,357.8956,28.26725,0.9117718,0.9644141,0.1779394,0.1831435,-1.125715,-0.605453,Nothing
66.28725,24,2,3,0,0.8400772,1.012466,0.2704846,29.23974,357.5536,28.05219,0.913644,0.965188,0.1778831,0.2040605,-1.125773,-0.61594,Nothing
66.29507,24,2,3,0,0.8399874,1.012552,0.2704095,29.07284,357.3362,27.92786,0.9147256,0.9657091,0.1779798,0.2161645,-1.124846,-0.6220103,Nothing
66.3038,24,2,3,0,0.8399236,1.012569,0.2703663,28.92323,357.1126,27.80942,0.9154062,0.9660314,0.178222,0.2239211,-1.122482,-0.6260818,Nothing
66.31104,24,2,3,0,0.8398319,1.012679,0.2702566,28.771,356.9413,27.71903,0.9162928,0.9664444,0.1782812,0.2338231,-1.121987,-0.6307716,Nothing
66.32021,24,2,3,0,0.8398607,1.012784,0.2700376,28.62579,356.8016,27.62631,0.9166515,0.9669045,0.1783688,0.239131,-1.117406,-0.6337298,Nothing
66.32777,24,2,3,0,0.8398975,1.012823,0.2698227,28.48434,356.6893,27.52785,0.9172204,0.9673537,0.1791576,0.248972,-1.11065,-0.6304394,Nothing
66.33623,24,2,3,0,0.8399953,1.012792,0.2696247,28.36572,356.5896,27.4184,0.9173486,0.9674085,0.179464,0.2519423,-1.10621,-0.6292767,Nothing
66.34434,24,2,3,0,0.8401611,1.012682,0.2695313,28.28791,356.4702,27.28922,0.9169164,0.9670025,0.1796458,0.2469219,-1.102911,-0.6275653,Nothing
66.35317,24,2,3,0,0.8403071,1.012566,0.2695456,28.24168,356.3714,27.18414,0.9167475,0.9670278,0.1799165,0.2459053,-1.098073,-0.6275655,Nothing
66.36222,24,2,3,0,0.840556,1.012588,0.2694089,28.10432,356.2132,27.04331,0.9165066,0.9670278,0.1800378,0.2427558,-1.092491,-0.6286776,Nothing
66.37025,24,2,3,0,0.8404951,1.01275,0.2692841,28.04244,356.2112,27.06275,0.9161663,0.9669876,0.1801539,0.2400062,-1.091264,-0.6263252,Nothing
66.37811,24,2,3,0,0.8405477,1.012988,0.2691371,27.99087,356.202,27.08651,0.9157175,0.9670404,0.1802438,0.2350791,-1.088918,-0.6238921,Nothing
66.38599,24,2,3,0,0.8404649,1.013119,0.269039,27.94668,356.2061,27.10998,0.9153736,0.9670587,0.180158,0.2321618,-1.088171,-0.6237036,Nothing
66.39474,24,2,3,0,0.8404033,1.013148,0.2691042,27.93302,356.1715,27.11103,0.9148037,0.9669061,0.180115,0.2260292,-1.087339,-0.6240819,Nothing
66.40286,24,2,3,0,0.8404791,1.01292,0.2693367,27.94799,356.1,27.08447,0.9143807,0.9669104,0.1801266,0.2211027,-1.08374,-0.627419,Nothing
66.41112,24,2,3,0,0.8402498,1.012934,0.269619,27.97175,356.0509,27.08355,0.9138111,0.9665918,0.1800233,0.2146666,-1.086348,-0.6292463,Nothing
66.41959,24,2,3,0,0.8402531,1.013098,0.2696153,27.98839,356.0291,27.10419,0.9130075,0.9664367,0.1799779,0.2051912,-1.085279,-0.627564,Nothing
66.42899,24,2,3,0,0.8401898,1.013218,0.2695031,27.97914,356.0974,27.15171,0.912257,0.9662016,0.179903,0.1980553,-1.084854,-0.624535,Nothing
66.43652,24,2,3,0,0.8401582,1.013291,0.2694226,27.96102,356.1265,27.17737,0.9119847,0.965611,0.1798536,0.1933808,-1.088855,-0.6209113,Nothing
66.44647,24,2,3,0,0.8401784,1.013362,0.2692795,27.97046,356.2064,27.24907,0.9111977,0.9653832,0.1797615,0.1850844,-1.087613,-0.6175728,Nothing
66.45338,24,2,3,0,0.8400593,1.013413,0.2693427,27.99444,356.24,27.28331,0.9101416,0.9652292,0.1796272,0.175161,-1.085834,-0.6171004,Nothing
66.46107,24,2,3,0,0.8401131,1.013353,0.2693357,28.02013,356.2518,27.30358,0.9093488,0.9649642,0.1795579,0.1662975,-1.083876,-0.615661,Nothing
66.46986,24,2,3,0,0.8401166,1.01326,0.2694734,28.04746,356.2315,27.29777,0.9085613,0.9647083,0.1794969,0.1576526,-1.082231,-0.6159773,Nothing
66.47842,24,2,3,0,0.8400889,1.013153,0.2696778,28.06383,356.1817,27.27847,0.9075627,0.9643754,0.1795009,0.1469394,-1.079974,-0.6163441,Nothing
66.48667,24,2,3,0,0.8402535,1.012917,0.2698428,28.04112,356.0807,27.2045,0.9068474,0.964143,0.1794379,0.1382394,-1.075767,-0.6191953,Nothing
66.49483,24,2,3,0,0.8402499,1.012879,0.2699244,28.00122,356.0154,27.15847,0.9060993,0.9639571,0.1796168,0.1312069,-1.072184,-0.6183867,Nothing
66.50397,24,2,3,0,0.840342,1.012752,0.2699551,27.96535,355.9449,27.1101,0.9054412,0.9637292,0.1796134,0.1238803,-1.068734,-0.6189507,Nothing
66.51112,24,2,3,0,0.8403938,1.012723,0.2699554,27.92519,355.8935,27.08077,0.904877,0.9634949,0.1796493,0.1175106,-1.066586,-0.6183492,Nothing
66.52007,24,2,3,0,0.8404418,1.012686,0.2699247,27.89334,355.8528,27.04987,0.9042467,0.9633194,0.1799462,0.1118589,-1.062561,-0.6151702,Nothing
66.52924,24,2,3,0,0.8405838,1.012659,0.2697831,27.8374,355.8268,27.00561,0.9035339,0.9629063,0.1801583,0.1043068,-1.059364,-0.6106948,Nothing
66.53697,24,2,3,0,0.8408698,1.012615,0.2695995,27.8081,355.8144,26.96033,0.903005,0.962648,0.1800163,0.09705435,-1.056509,-0.6093314,Nothing
66.54574,24,2,3,0,0.8410351,1.012553,0.2694758,27.78529,355.8109,26.91561,0.9026275,0.9623339,0.1801963,0.09291288,-1.054386,-0.6054279,SelectionStart
66.54577,24,2,3,0,0.8410351,1.012553,0.2694758,27.78529,355.8109,26.91561,0.9026275,0.9623339,0.1801963,0.09291288,-1.054386,-0.6054279,SelectionEnd
66.54918,24,2,3,0,0.8410351,1.012553,0.2694758,27.78529,355.8109,26.91561,0.9026275,0.9623339,0.1801963,0.09291288,-1.054386,-0.6054279,GotSelection
66.55909,24,2,3,0,0.8414375,1.012502,0.2693225,27.76476,355.8136,26.84689,0.902669,0.961848,0.1804309,0.09041779,-1.054311,-0.59993,SelectionStart
66.55913,24,2,3,0,0.8414375,1.012502,0.2693225,27.76476,355.8136,26.84689,0.902669,0.961848,0.1804309,0.09041779,-1.054311,-0.59993,SelectionEnd
66.56246,24,2,3,0,0.8414375,1.012502,0.2693225,27.76476,355.8136,26.84689,0.902669,0.961848,0.1804309,0.09041779,-1.054311,-0.59993,GotSelection
66.57172,24,2,3,0,0.8416941,1.012444,0.2691031,27.74777,355.8343,26.79009,0.9023877,0.9611884,0.1805614,0.08561913,-1.054984,-0.5936597,SelectionStart
66.57174,24,2,3,0,0.8416941,1.012444,0.2691031,27.74777,355.8343,26.79009,0.9023877,0.9611884,0.1805614,0.08561913,-1.054984,-0.5936597,SelectionEnd
66.57507,24,2,3,0,0.8416941,1.012444,0.2691031,27.74777,355.8343,26.79009,0.9023877,0.9611884,0.1805614,0.08561913,-1.054984,-0.5936597,GotSelection
66.58685,24,2,3,0,0.8418433,1.012466,0.2689076,27.71795,355.8555,26.78151,0.9021433,0.9597858,0.1811831,0.07924054,-1.061149,-0.5795701,SelectionStart
66.58686,24,2,3,0,0.8418433,1.012466,0.2689076,27.71795,355.8555,26.78151,0.9021433,0.9597858,0.1811831,0.07924054,-1.061149,-0.5795701,SelectionEnd
66.59025,24,2,3,0,0.8418433,1.012466,0.2689076,27.71795,355.8555,26.78151,0.9021433,0.9597858,0.1811831,0.07924054,-1.061149,-0.5795701,GotSelection
66.60135,24,2,3,0,0.8418844,1.012703,0.268617,27.68926,355.8858,26.82489,0.9010276,0.9584885,0.1822292,0.06621504,-1.062561,-0.5597011,SelectionStart
66.60137,24,2,3,0,0.8418844,1.012703,0.268617,27.68926,355.8858,26.82489,0.9010276,0.9584885,0.1822292,0.06621504,-1.062561,-0.5597011,SelectionEnd
66.60468,24,2,3,0,0.8418844,1.012703,0.268617,27.68926,355.8858,26.82489,0.9010276,0.9584885,0.1822292,0.06621504,-1.062561,-0.5597011,GotSelection
66.61391,24,2,3,0,0.8416746,1.012931,0.2686406,27.66451,355.8562,26.87371,0.9004996,0.9575158,0.1828258,0.05879344,-1.068193,-0.5492851,SelectionStart
66.61393,24,2,3,0,0.8416746,1.012931,0.2686406,27.66451,355.8562,26.87371,0.9004996,0.9575158,0.1828258,0.05879344,-1.068193,-0.5492851,SelectionEnd
66.6172,24,2,3,0,0.8416746,1.012931,0.2686406,27.66451,355.8562,26.87371,0.9004996,0.9575158,0.1828258,0.05879344,-1.068193,-0.5492851,GotSelection
66.62846,24,2,3,0,0.8414851,1.012934,0.2685871,27.61952,355.8322,26.88382,0.8996702,0.9563065,0.1832465,0.04907285,-1.072536,-0.5397817,SelectionStart
66.62848,24,2,3,0,0.8414851,1.012934,0.2685871,27.61952,355.8322,26.88382,0.8996702,0.9563065,0.1832465,0.04907285,-1.072536,-0.5397817,SelectionEnd
66.63181,24,2,3,0,0.8414851,1.012934,0.2685871,27.61952,355.8322,26.88382,0.8996702,0.9563065,0.1832465,0.04907285,-1.072536,-0.5397817,GotSelection
66.64138,24,2,3,0,0.8415238,1.013008,0.2684343,27.58847,355.8304,26.88884,0.898751,0.9556491,0.1832892,0.03809293,-1.072712,-0.5344557,SelectionStart
66.6414,24,2,3,0,0.8415238,1.013008,0.2684343,27.58847,355.8304,26.88884,0.898751,0.9556491,0.1832892,0.03809293,-1.072712,-0.5344557,SelectionEnd
66.64468,24,2,3,0,0.8415238,1.013008,0.2684343,27.58847,355.8304,26.88884,0.898751,0.9556491,0.1832892,0.03809293,-1.072712,-0.5344557,GotSelection
66.65369,24,2,3,0,0.8414816,1.013155,0.2682417,27.55488,355.8586,26.89216,0.8983213,0.9546202,0.1832879,0.03088933,-1.079379,-0.5272499,SelectionStart
66.65372,24,2,3,0,0.8414816,1.013155,0.2682417,27.55488,355.8586,26.89216,0.8983213,0.9546202,0.1832879,0.03088933,-1.079379,-0.5272499,SelectionEnd
66.65721,24,2,3,0,0.8414816,1.013155,0.2682417,27.55488,355.8586,26.89216,0.8983213,0.9546202,0.1832879,0.03088933,-1.079379,-0.5272499,GotSelection
66.67336,24,2,3,0,0.8415494,1.013316,0.2681293,27.52342,355.8506,26.87046,0.8969045,0.9531812,0.1827623,0.01036622,-1.086305,-0.52305,SelectionStart
66.67339,24,2,3,0,0.8415494,1.013316,0.2681293,27.52342,355.8506,26.87046,0.8969045,0.9531812,0.1827623,0.01036622,-1.086305,-0.52305,SelectionEnd
66.67713,24,2,3,0,0.8415494,1.013316,0.2681293,27.52342,355.8506,26.87046,0.8969045,0.9531812,0.1827623,0.01036622,-1.086305,-0.52305,GotSelection
66.71639,24,2,3,0,0.8416177,1.013218,0.2682039,27.38338,355.6226,26.73257,0.8889473,0.9489115,0.181708,-0.0818717,-1.083107,-0.5122379,SelectionStart
66.71642,24,2,3,0,0.8416177,1.013218,0.2682039,27.38338,355.6226,26.73257,0.8889473,0.9489115,0.181708,-0.0818717,-1.083107,-0.5122379,SelectionEnd
66.71972,24,2,3,0,0.8416177,1.013218,0.2682039,27.38338,355.6226,26.73257,0.8889473,0.9489115,0.181708,-0.0818717,-1.083107,-0.5122379,GotSelection
66.73011,24,2,3,0,0.8415289,1.013368,0.268158,27.31971,355.5684,26.75653,0.8853936,0.9471785,0.1811345,-0.1229886,-1.082594,-0.5072293,SelectionStart
66.73013,24,2,3,0,0.8415289,1.013368,0.268158,27.31971,355.5684,26.75653,0.8853936,0.9471785,0.1811345,-0.1229886,-1.082594,-0.5072293,SelectionEnd
66.73376,24,2,3,0,0.8415289,1.013368,0.268158,27.31971,355.5684,26.75653,0.8853936,0.9471785,0.1811345,-0.1229886,-1.082594,-0.5072293,GotSelection
66.74622,24,2,3,0,0.8413197,1.013577,0.2681207,27.25816,355.534,26.8153,0.8815966,0.94548,0.1801885,-0.1667318,-1.083094,-0.505294,SelectionStart
66.74628,24,2,3,0,0.8413197,1.013577,0.2681207,27.25816,355.534,26.8153,0.8815966,0.94548,0.1801885,-0.1667318,-1.083094,-0.505294,SelectionEnd
66.75009,24,2,3,0,0.8413197,1.013577,0.2681207,27.25816,355.534,26.8153,0.8815966,0.94548,0.1801885,-0.1667318,-1.083094,-0.505294,GotSelection
66.75967,24,2,3,0,0.8413144,1.013597,0.2681171,27.20144,355.4861,26.82161,0.8777487,0.9440027,0.1793715,-0.2100331,-1.078708,-0.5042069,SelectionStart
66.75969,24,2,3,0,0.8413144,1.013597,0.2681171,27.20144,355.4861,26.82161,0.8777487,0.9440027,0.1793715,-0.2100331,-1.078708,-0.5042069,SelectionEnd
66.76293,24,2,3,0,0.8413144,1.013597,0.2681171,27.20144,355.4861,26.82161,0.8777487,0.9440027,0.1793715,-0.2100331,-1.078708,-0.5042069,GotSelection
66.77289,24,2,3,0,0.841508,1.013451,0.2680817,27.18028,355.4416,26.75312,0.8747411,0.942854,0.178914,-0.243173,-1.072566,-0.5016437,SelectionStart
66.7729,24,2,3,0,0.841508,1.013451,0.2680817,27.18028,355.4416,26.75312,0.8747411,0.942854,0.178914,-0.243173,-1.072566,-0.5016437,SelectionEnd
66.77621,24,2,3,0,0.841508,1.013451,0.2680817,27.18028,355.4416,26.75312,0.8747411,0.942854,0.178914,-0.243173,-1.072566,-0.5016437,GotSelection
66.78687,24,2,3,0,0.8418695,1.01316,0.2680142,27.17582,355.4079,26.63928,0.8709301,0.9414945,0.178446,-0.2842492,-1.062598,-0.4974793,SelectionStart
66.7869,24,2,3,0,0.8418695,1.01316,0.2680142,27.17582,355.4079,26.63928,0.8709301,0.9414945,0.178446,-0.2842492,-1.062598,-0.4974793,SelectionEnd
66.79031,24,2,3,0,0.8418695,1.01316,0.2680142,27.17582,355.4079,26.63928,0.8709301,0.9414945,0.178446,-0.2842492,-1.062598,-0.4974793,GotSelection
66.79936,24,2,3,0,0.8422039,1.012998,0.2679561,27.15929,355.3755,26.5681,0.8682675,0.9399948,0.1779817,-0.3166896,-1.060394,-0.4931559,SelectionStart
66.79939,24,2,3,0,0.8422039,1.012998,0.2679561,27.15929,355.3755,26.5681,0.8682675,0.9399948,0.1779817,-0.3166896,-1.060394,-0.4931559,SelectionEnd
66.80265,24,2,3,0,0.8422039,1.012998,0.2679561,27.15929,355.3755,26.5681,0.8682675,0.9399948,0.1779817,-0.3166896,-1.060394,-0.4931559,GotSelection
66.81229,24,2,3,0,0.842361,1.012979,0.2678328,27.14018,355.3782,26.54811,0.8654184,0.9387717,0.1777347,-0.3482814,-1.055952,-0.4868258,SelectionStart
66.81231,24,2,3,0,0.842361,1.012979,0.2678328,27.14018,355.3782,26.54811,0.8654184,0.9387717,0.1777347,-0.3482814,-1.055952,-0.4868258,SelectionEnd
66.81572,24,2,3,0,0.842361,1.012979,0.2678328,27.14018,355.3782,26.54811,0.8654184,0.9387717,0.1777347,-0.3482814,-1.055952,-0.4868258,GotSelection
66.82561,24,2,3,0,0.8425074,1.01312,0.2675733,27.10655,355.4084,26.56518,0.8625821,0.9376518,0.1776065,-0.3793939,-1.050963,-0.4781794,SelectionStart
66.82564,24,2,3,0,0.8425074,1.01312,0.2675733,27.10655,355.4084,26.56518,0.8625821,0.9376518,0.1776065,-0.3793939,-1.050963,-0.4781794,SelectionEnd
66.82934,24,2,3,0,0.8425074,1.01312,0.2675733,27.10655,355.4084,26.56518,0.8625821,0.9376518,0.1776065,-0.3793939,-1.050963,-0.4781794,GotSelection
66.83895,24,2,3,0,0.8426799,1.013037,0.2673527,27.05259,355.4101,26.53602,0.8587167,0.936396,0.1774638,-0.4192451,-1.040322,-0.470134,SelectionStart
66.83898,24,2,3,0,0.8426799,1.013037,0.2673527,27.05259,355.4101,26.53602,0.8587167,0.936396,0.1774638,-0.4192451,-1.040322,-0.470134,SelectionEnd
66.84229,24,2,3,0,0.8426799,1.013037,0.2673527,27.05259,355.4101,26.53602,0.8587167,0.936396,0.1774638,-0.4192451,-1.040322,-0.470134,GotSelection
66.85394,24,2,3,0,0.8428931,1.013056,0.2672427,26.99106,355.3335,26.50331,0.8554704,0.9354847,0.1774121,-0.4540665,-1.030088,-0.464047,SelectionStart
66.85397,24,2,3,0,0.8428931,1.013056,0.2672427,26.99106,355.3335,26.50331,0.8554704,0.9354847,0.1774121,-0.4540665,-1.030088,-0.464047,SelectionEnd
66.85777,24,2,3,0,0.8428931,1.013056,0.2672427,26.99106,355.3335,26.50331,0.8554704,0.9354847,0.1774121,-0.4540665,-1.030088,-0.464047,GotSelection
66.86787,24,2,3,0,0.8429956,1.013046,0.2671392,26.90792,355.2443,26.45526,0.8531736,0.9350693,0.1772636,-0.4774046,-1.021039,-0.4624777,SelectionStart
66.86789,24,2,3,0,0.8429956,1.013046,0.2671392,26.90792,355.2443,26.45526,0.8531736,0.9350693,0.1772636,-0.4774046,-1.021039,-0.4624777,SelectionEnd
66.87134,24,2,3,0,0.8429956,1.013046,0.2671392,26.90792,355.2443,26.45526,0.8531736,0.9350693,0.1772636,-0.4774046,-1.021039,-0.4624777,GotSelection
66.8937,24,2,3,0,0.8432288,1.013031,0.266785,26.75197,355.1205,26.34007,0.8487495,0.9345844,0.1769931,-0.5198693,-1.000893,-0.4590681,SelectionStart
66.89384,24,2,3,0,0.8432288,1.013031,0.266785,26.75197,355.1205,26.34007,0.8487495,0.9345844,0.1769931,-0.5198693,-1.000893,-0.4590681,SelectionEnd
66.8972,24,2,3,0,0.8432288,1.013031,0.266785,26.75197,355.1205,26.34007,0.8487495,0.9345844,0.1769931,-0.5198693,-1.000893,-0.4590681,GotSelection
66.92895,24,2,3,0,0.8439533,1.012659,0.2664678,26.49282,354.7927,26.02456,0.8421585,0.9347655,0.1765064,-0.581848,-0.9602624,-0.4620358,SelectionStart
66.92896,24,2,3,0,0.8439533,1.012659,0.2664678,26.49282,354.7927,26.02456,0.8421585,0.9347655,0.1765064,-0.581848,-0.9602624,-0.4620358,SelectionEnd
66.93224,24,2,3,0,0.8439533,1.012659,0.2664678,26.49282,354.7927,26.02456,0.8421585,0.9347655,0.1765064,-0.581848,-0.9602624,-0.4620358,GotSelection
66.94187,24,2,3,0,0.8441712,1.012593,0.2663673,26.39991,354.6721,25.92129,0.8406605,0.9355712,0.1762846,-0.593695,-0.9447178,-0.467257,SelectionStart
66.94189,24,2,3,0,0.8441712,1.012593,0.2663673,26.39991,354.6721,25.92129,0.8406605,0.9355712,0.1762846,-0.593695,-0.9447178,-0.467257,SelectionEnd
66.94509,24,2,3,0,0.8441712,1.012593,0.2663673,26.39991,354.6721,25.92129,0.8406605,0.9355712,0.1762846,-0.593695,-0.9447178,-0.467257,GotSelection
66.9541,24,2,3,0,0.8444678,1.012343,0.266335,26.29748,354.5177,25.77628,0.839424,0.9363118,0.1762069,-0.6030076,-0.9289027,-0.4724942,SelectionStart
66.95412,24,2,3,0,0.8444678,1.012343,0.266335,26.29748,354.5177,25.77628,0.839424,0.9363118,0.1762069,-0.6030076,-0.9289027,-0.4724942,SelectionEnd
66.95744,24,2,3,0,0.8444678,1.012343,0.266335,26.29748,354.5177,25.77628,0.839424,0.9363118,0.1762069,-0.6030076,-0.9289027,-0.4724942,GotSelection
66.96706,24,2,3,0,0.844983,1.011904,0.2663749,26.16783,354.2745,25.54051,0.8379341,0.9377945,0.1761189,-0.6128423,-0.903501,-0.4824225,SelectionStart
66.96708,24,2,3,0,0.844983,1.011904,0.2663749,26.16783,354.2745,25.54051,0.8379341,0.9377945,0.1761189,-0.6128423,-0.903501,-0.4824225,SelectionEnd
66.97038,24,2,3,0,0.844983,1.011904,0.2663749,26.16783,354.2745,25.54051,0.8379341,0.9377945,0.1761189,-0.6128423,-0.903501,-0.4824225,GotSelection
66.98154,24,2,3,0,0.8453043,1.011651,0.2663186,26.06271,354.1145,25.39515,0.8366585,0.9387974,0.1761678,-0.6214631,-0.884596,-0.4871588,SelectionStart
66.98158,24,2,3,0,0.8453043,1.011651,0.2663186,26.06271,354.1145,25.39515,0.8366585,0.9387974,0.1761678,-0.6214631,-0.884596,-0.4871588,SelectionEnd
66.98491,24,2,3,0,0.8453043,1.011651,0.2663186,26.06271,354.1145,25.39515,0.8366585,0.9387974,0.1761678,-0.6214631,-0.884596,-0.4871588,GotSelection
66.9959,24,2,3,0,0.8457539,1.011271,0.2663476,25.93116,353.9303,25.21484,0.8350676,0.9402276,0.1760312,-0.6324379,-0.8599284,-0.4966821,SelectionStart
66.99591,24,2,3,0,0.8457539,1.011271,0.2663476,25.93116,353.9303,25.21484,0.8350676,0.9402276,0.1760312,-0.6324379,-0.8599284,-0.4966821,SelectionEnd
66.99935,24,2,3,0,0.8457539,1.011271,0.2663476,25.93116,353.9303,25.21484,0.8350676,0.9402276,0.1760312,-0.6324379,-0.8599284,-0.4966821,GotSelection
67.00877,24,2,3,0,0.8459899,1.011169,0.2662605,25.87698,353.8699,25.147,0.8339998,0.9412633,0.1760208,-0.6390942,-0.8438568,-0.5005634,SelectionStart
67.00879,24,2,3,0,0.8459899,1.011169,0.2662605,25.87698,353.8699,25.147,0.8339998,0.9412633,0.1760208,-0.6390942,-0.8438568,-0.5005634,SelectionEnd
67.012,24,2,3,0,0.8459899,1.011169,0.2662605,25.87698,353.8699,25.147,0.8339998,0.9412633,0.1760208,-0.6390942,-0.8438568,-0.5005634,GotSelection
67.02151,24,2,3,0,0.8463407,1.010959,0.2661366,25.79355,353.7959,25.04851,0.8324866,0.9427784,0.1760463,-0.6479462,-0.8199895,-0.5062573,SelectionStart
67.02153,24,2,3,0,0.8463407,1.010959,0.2661366,25.79355,353.7959,25.04851,0.8324866,0.9427784,0.1760463,-0.6479462,-0.8199895,-0.5062573,SelectionEnd
67.02509,24,2,3,0,0.8463407,1.010959,0.2661366,25.79355,353.7959,25.04851,0.8324866,0.9427784,0.1760463,-0.6479462,-0.8199895,-0.5062573,GotSelection
67.03652,24,2,3,0,0.8464516,1.011151,0.2657846,25.77906,353.9189,25.11877,0.8313625,0.9440814,0.1761589,-0.6526875,-0.8033767,-0.5064577,SelectionStart
67.03654,24,2,3,0,0.8464516,1.011151,0.2657846,25.77906,353.9189,25.11877,0.8313625,0.9440814,0.1761589,-0.6526875,-0.8033767,-0.5064577,SelectionEnd
67.04057,24,2,3,0,0.8464516,1.011151,0.2657846,25.77906,353.9189,25.11877,0.8313625,0.9440814,0.1761589,-0.6526875,-0.8033767,-0.5064577,GotSelection
67.05029,24,2,3,0,0.8465201,1.011253,0.2655772,25.78796,354.0018,25.17405,0.8306564,0.9449016,0.1762767,-0.6556207,-0.7927157,-0.5061002,SelectionStart
67.0503,24,2,3,0,0.8465201,1.011253,0.2655772,25.78796,354.0018,25.17405,0.8306564,0.9449016,0.1762767,-0.6556207,-0.7927157,-0.5061002,SelectionEnd
67.05355,24,2,3,0,0.8465201,1.011253,0.2655772,25.78796,354.0018,25.17405,0.8306564,0.9449016,0.1762767,-0.6556207,-0.7927157,-0.5061002,GotSelection
67.06447,24,2,3,0,0.8466707,1.011289,0.2655175,25.8429,354.0859,25.23126,0.8301185,0.9456038,0.1764357,-0.6584656,-0.7836272,-0.5057969,SelectionStart
67.06449,24,2,3,0,0.8466707,1.011289,0.2655175,25.8429,354.0859,25.23126,0.8301185,0.9456038,0.1764357,-0.6584656,-0.7836272,-0.5057969,SelectionEnd
67.06774,24,2,3,0,0.8466707,1.011289,0.2655175,25.8429,354.0859,25.23126,0.8301185,0.9456038,0.1764357,-0.6584656,-0.7836272,-0.5057969,GotSelection
67.07822,24,2,3,0,0.8468575,1.011277,0.2653253,25.87154,354.1557,25.24544,0.8293635,0.9463972,0.1766327,-0.6620598,-0.7717475,-0.504738,SelectionStart
67.07823,24,2,3,0,0.8468575,1.011277,0.2653253,25.87154,354.1557,25.24544,0.8293635,0.9463972,0.1766327,-0.6620598,-0.7717475,-0.504738,SelectionEnd
67.08167,24,2,3,0,0.8468575,1.011277,0.2653253,25.87154,354.1557,25.24544,0.8293635,0.9463972,0.1766327,-0.6620598,-0.7717475,-0.504738,GotSelection
67.13902,24,2,3,0,0.8464967,1.011137,0.2657116,25.91482,354.1286,25.26179,0.8293945,0.9457251,0.1775533,-0.6598441,-0.7760403,-0.4970028,SelectionStart
67.13905,24,2,3,0,0.8464967,1.011137,0.2657116,25.91482,354.1286,25.26179,0.8293945,0.9457251,0.1775533,-0.6598441,-0.7760403,-0.4970028,SelectionEnd
67.14243,24,2,3,0,0.8464967,1.011137,0.2657116,25.91482,354.1286,25.26179,0.8293945,0.9457251,0.1775533,-0.6598441,-0.7760403,-0.4970028,GotSelection
67.15367,24,2,3,0,0.8461564,1.011395,0.2657234,25.92679,354.1332,25.32575,0.8301731,0.9448878,0.1777015,-0.654559,-0.7893519,-0.4917349,SelectionStart
67.15369,24,2,3,0,0.8461564,1.011395,0.2657234,25.92679,354.1332,25.32575,0.8301731,0.9448878,0.1777015,-0.654559,-0.7893519,-0.4917349,SelectionEnd
67.15709,24,2,3,0,0.8461564,1.011395,0.2657234,25.92679,354.1332,25.32575,0.8301731,0.9448878,0.1777015,-0.654559,-0.7893519,-0.4917349,GotSelection
67.16756,24,2,3,0,0.8457756,1.011621,0.2656981,25.92491,354.1648,25.37975,0.8312541,0.9437245,0.178056,-0.6461526,-0.8061049,-0.4835923,SelectionStart
67.16759,24,2,3,0,0.8457756,1.011621,0.2656981,25.92491,354.1648,25.37975,0.8312541,0.9437245,0.178056,-0.6461526,-0.8061049,-0.4835923,SelectionEnd
67.17086,24,2,3,0,0.8457756,1.011621,0.2656981,25.92491,354.1648,25.37975,0.8312541,0.9437245,0.178056,-0.6461526,-0.8061049,-0.4835923,GotSelection
67.1802,24,2,3,0,0.8454635,1.011761,0.2657401,25.93178,354.1687,25.40675,0.83253,0.9425426,0.178518,-0.6362689,-0.8229105,-0.4752344,SelectionStart
67.18021,24,2,3,0,0.8454635,1.011761,0.2657401,25.93178,354.1687,25.40675,0.83253,0.9425426,0.178518,-0.6362689,-0.8229105,-0.4752344,SelectionEnd
67.18355,24,2,3,0,0.8454635,1.011761,0.2657401,25.93178,354.1687,25.40675,0.83253,0.9425426,0.178518,-0.6362689,-0.8229105,-0.4752344,GotSelection
67.19504,24,2,3,0,0.8450422,1.01199,0.2659383,25.9334,354.1424,25.44749,0.8337647,0.9416804,0.1791054,-0.6255416,-0.8378114,-0.4682458,SelectionStart
67.19505,24,2,3,0,0.8450422,1.01199,0.2659383,25.9334,354.1424,25.44749,0.8337647,0.9416804,0.1791054,-0.6255416,-0.8378114,-0.4682458,SelectionEnd
67.19835,24,2,3,0,0.8450422,1.01199,0.2659383,25.9334,354.1424,25.44749,0.8337647,0.9416804,0.1791054,-0.6255416,-0.8378114,-0.4682458,GotSelection
67.20757,24,2,3,0,0.844611,1.012203,0.2661285,25.92205,354.0876,25.4868,0.8355947,0.9405133,0.1797379,-0.61071,-0.8575338,-0.4602174,SelectionStart
67.20759,24,2,3,0,0.844611,1.012203,0.2661285,25.92205,354.0876,25.4868,0.8355947,0.9405133,0.1797379,-0.61071,-0.8575338,-0.4602174,SelectionEnd
67.21101,24,2,3,0,0.844611,1.012203,0.2661285,25.92205,354.0876,25.4868,0.8355947,0.9405133,0.1797379,-0.61071,-0.8575338,-0.4602174,GotSelection
67.22032,24,2,3,0,0.8441085,1.012445,0.2663252,25.89988,354.0482,25.55374,0.8376858,0.9394854,0.1805342,-0.5922304,-0.877172,-0.451844,SelectionStart
67.22034,24,2,3,0,0.8441085,1.012445,0.2663252,25.89988,354.0482,25.55374,0.8376858,0.9394854,0.1805342,-0.5922304,-0.877172,-0.451844,SelectionEnd
67.22371,24,2,3,0,0.8441085,1.012445,0.2663252,25.89988,354.0482,25.55374,0.8376858,0.9394854,0.1805342,-0.5922304,-0.877172,-0.451844,GotSelection
67.23494,24,2,3,0,0.8437149,1.012624,0.2664141,25.89572,354.0403,25.59869,0.8409572,0.9383202,0.1815416,-0.562898,-0.9020906,-0.4410196,SelectionStart
67.23495,24,2,3,0,0.8437149,1.012624,0.2664141,25.89572,354.0403,25.59869,0.8409572,0.9383202,0.1815416,-0.562898,-0.9020906,-0.4410196,SelectionEnd
67.23837,24,2,3,0,0.8437149,1.012624,0.2664141,25.89572,354.0403,25.59869,0.8409572,0.9383202,0.1815416,-0.562898,-0.9020906,-0.4410196,GotSelection
67.24745,24,2,3,0,0.8434153,1.012699,0.2665711,25.91212,354.0261,25.61308,0.8437706,0.9377724,0.1824099,-0.5359329,-0.9195517,-0.4343958,SelectionStart
67.24747,24,2,3,0,0.8434153,1.012699,0.2665711,25.91212,354.0261,25.61308,0.8437706,0.9377724,0.1824099,-0.5359329,-0.9195517,-0.4343958,SelectionEnd
67.25089,24,2,3,0,0.8434153,1.012699,0.2665711,25.91212,354.0261,25.61308,0.8437706,0.9377724,0.1824099,-0.5359329,-0.9195517,-0.4343958,GotSelection
67.26176,24,2,3,0,0.8430566,1.012676,0.2667884,25.93615,353.9955,25.61206,0.8480914,0.9371561,0.1837289,-0.4937116,-0.9430171,-0.4256977,SelectionStart
67.26178,24,2,3,0,0.8430566,1.012676,0.2667884,25.93615,353.9955,25.61206,0.8480914,0.9371561,0.1837289,-0.4937116,-0.9430171,-0.4256977,SelectionEnd
67.26511,24,2,3,0,0.8430566,1.012676,0.2667884,25.93615,353.9955,25.61206,0.8480914,0.9371561,0.1837289,-0.4937116,-0.9430171,-0.4256977,GotSelection
67.27441,24,2,3,0,0.8427511,1.01276,0.267009,25.93827,353.9524,25.63015,0.8512794,0.9368663,0.1843943,-0.4635392,-0.960916,-0.4232843,SelectionStart
67.27443,24,2,3,0,0.8427511,1.01276,0.267009,25.93827,353.9524,25.63015,0.8512794,0.9368663,0.1843943,-0.4635392,-0.960916,-0.4232843,SelectionEnd
67.27773,24,2,3,0,0.8427511,1.01276,0.267009,25.93827,353.9524,25.63015,0.8512794,0.9368663,0.1843943,-0.4635392,-0.960916,-0.4232843,GotSelection
67.28828,24,2,3,0,0.8422682,1.012907,0.2672603,25.93124,353.8972,25.68097,0.8562102,0.9369258,0.1856282,-0.4142225,-0.9834734,-0.4193392,SelectionStart
67.28831,24,2,3,0,0.8422682,1.012907,0.2672603,25.93124,353.8972,25.68097,0.8562102,0.9369258,0.1856282,-0.4142225,-0.9834734,-0.4193392,SelectionEnd
67.29176,24,2,3,0,0.8422682,1.012907,0.2672603,25.93124,353.8972,25.68097,0.8562102,0.9369258,0.1856282,-0.4142225,-0.9834734,-0.4193392,GotSelection
67.30322,24,2,3,0,0.8418131,1.01308,0.2676029,25.93293,353.8314,25.76608,0.861325,0.9375024,0.1868022,-0.3628201,-1.003171,-0.4190713,SelectionStart
67.30323,24,2,3,0,0.8418131,1.01308,0.2676029,25.93293,353.8314,25.76608,0.861325,0.9375024,0.1868022,-0.3628201,-1.003171,-0.4190713,SelectionEnd
67.30658,24,2,3,0,0.8418131,1.01308,0.2676029,25.93293,353.8314,25.76608,0.861325,0.9375024,0.1868022,-0.3628201,-1.003171,-0.4190713,GotSelection
67.34759,24,2,3,0,0.8414109,1.013674,0.2674226,25.92793,353.9529,25.94186,0.8749778,0.9407881,0.1898848,-0.2186146,-1.03734,-0.4147736,SelectionStart
67.34761,24,2,3,0,0.8414109,1.013674,0.2674226,25.92793,353.9529,25.94186,0.8749778,0.9407881,0.1898848,-0.2186146,-1.03734,-0.4147736,SelectionEnd
67.35101,24,2,3,0,0.8414109,1.013674,0.2674226,25.92793,353.9529,25.94186,0.8749778,0.9407881,0.1898848,-0.2186146,-1.03734,-0.4147736,GotSelection
67.36285,24,2,3,0,0.8415012,1.013806,0.267227,25.92942,354.045,25.97754,0.8797031,0.9425091,0.1910432,-0.1663514,-1.042278,-0.4135188,SelectionStart
67.36288,24,2,3,0,0.8415012,1.013806,0.267227,25.92942,354.045,25.97754,0.8797031,0.9425091,0.1910432,-0.1663514,-1.042278,-0.4135188,SelectionEnd
67.36639,24,2,3,0,0.8415012,1.013806,0.267227,25.92942,354.045,25.97754,0.8797031,0.9425091,0.1910432,-0.1663514,-1.042278,-0.4135188,GotSelection
67.37919,24,2,3,0,0.8415817,1.013873,0.2672364,25.90372,354.0308,25.98722,0.8840439,0.9445548,0.191757,-0.1186533,-1.043939,-0.4204949,SelectionStart
67.3792,24,2,3,0,0.8415817,1.013873,0.2672364,25.90372,354.0308,25.98722,0.8840439,0.9445548,0.191757,-0.1186533,-1.043939,-0.4204949,SelectionEnd
67.38263,24,2,3,0,0.8415817,1.013873,0.2672364,25.90372,354.0308,25.98722,0.8840439,0.9445548,0.191757,-0.1186533,-1.043939,-0.4204949,GotSelection
67.39196,24,2,3,0,0.8417276,1.013798,0.2672051,25.87075,353.9861,25.9664,0.8868582,0.9457674,0.1917538,-0.08973886,-1.045845,-0.4293511,SelectionStart
67.39198,24,2,3,0,0.8417276,1.013798,0.2672051,25.87075,353.9861,25.9664,0.8868582,0.9457674,0.1917538,-0.08973886,-1.045845,-0.4293511,SelectionEnd
67.39526,24,2,3,0,0.8417276,1.013798,0.2672051,25.87075,353.9861,25.9664,0.8868582,0.9457674,0.1917538,-0.08973886,-1.045845,-0.4293511,GotSelection
67.40423,24,2,3,0,0.8419259,1.013697,0.2672085,25.84186,353.9495,25.92905,0.8908249,0.9478291,0.1923007,-0.04560544,-1.044114,-0.4383649,SelectionStart
67.40425,24,2,3,0,0.8419259,1.013697,0.2672085,25.84186,353.9495,25.92905,0.8908249,0.9478291,0.1923007,-0.04560544,-1.044114,-0.4383649,SelectionEnd
67.40765,24,2,3,0,0.8419259,1.013697,0.2672085,25.84186,353.9495,25.92905,0.8908249,0.9478291,0.1923007,-0.04560544,-1.044114,-0.4383649,GotSelection
67.42014,24,2,3,0,0.8423388,1.013445,0.2672179,25.84659,353.926,25.85378,0.8946342,0.9503275,0.1924897,-0.002740762,-1.037235,-0.4523322,SelectionStart
67.42015,24,2,3,0,0.8423388,1.013445,0.2672179,25.84659,353.926,25.85378,0.8946342,0.9503275,0.1924897,-0.002740762,-1.037235,-0.4523322,SelectionEnd
67.4235,24,2,3,0,0.8423388,1.013445,0.2672179,25.84659,353.926,25.85378,0.8946342,0.9503275,0.1924897,-0.002740762,-1.037235,-0.4523322,GotSelection
67.43275,24,2,3,0,0.8425204,1.013361,0.2671869,25.85945,353.9519,25.8478,0.8972057,0.9522952,0.1928403,0.02834467,-1.030692,-0.4598974,SelectionStart
67.43278,24,2,3,0,0.8425204,1.013361,0.2671869,25.85945,353.9519,25.8478,0.8972057,0.9522952,0.1928403,0.02834467,-1.030692,-0.4598974,SelectionEnd
67.43693,24,2,3,0,0.8425204,1.013361,0.2671869,25.85945,353.9519,25.8478,0.8972057,0.9522952,0.1928403,0.02834467,-1.030692,-0.4598974,GotSelection
67.44714,24,2,3,0,0.8428875,1.013198,0.2670629,25.87314,354.024,25.83626,0.9004316,0.9551131,0.1931107,0.0681314,-1.018813,-0.4715436,SelectionStart
67.44716,24,2,3,0,0.8428875,1.013198,0.2670629,25.87314,354.024,25.83626,0.9004316,0.9551131,0.1931107,0.0681314,-1.018813,-0.4715436,SelectionEnd
67.45068,24,2,3,0,0.8428875,1.013198,0.2670629,25.87314,354.024,25.83626,0.9004316,0.9551131,0.1931107,0.0681314,-1.018813,-0.4715436,GotSelection
67.46246,24,2,3,0,0.8432064,1.013019,0.2670159,25.9071,354.0738,25.8151,0.9026337,0.9572914,0.1934915,0.09657853,-1.007293,-0.4790076,SelectionStart
67.46249,24,2,3,0,0.8432064,1.013019,0.2670159,25.9071,354.0738,25.8151,0.9026337,0.9572914,0.1934915,0.09657853,-1.007293,-0.4790076,SelectionEnd
67.46606,24,2,3,0,0.8432064,1.013019,0.2670159,25.9071,354.0738,25.8151,0.9026337,0.9572914,0.1934915,0.09657853,-1.007293,-0.4790076,GotSelection
67.47547,24,2,3,0,0.84368,1.01277,0.2669984,25.94478,354.1256,25.78598,0.9054964,0.960127,0.1940203,0.1329371,-0.991772,-0.4890366,SelectionStart
67.47549,24,2,3,0,0.84368,1.01277,0.2669984,25.94478,354.1256,25.78598,0.9054964,0.960127,0.1940203,0.1329371,-0.991772,-0.4890366,SelectionEnd
67.47887,24,2,3,0,0.84368,1.01277,0.2669984,25.94478,354.1256,25.78598,0.9054964,0.960127,0.1940203,0.1329371,-0.991772,-0.4890366,GotSelection
67.48817,24,2,3,0,0.8440898,1.012509,0.2669362,25.96113,354.1679,25.75318,0.9073067,0.9625537,0.194423,0.1586246,-0.9748148,-0.4974976,SelectionStart
67.48819,24,2,3,0,0.8440898,1.012509,0.2669362,25.96113,354.1679,25.75318,0.9073067,0.9625537,0.194423,0.1586246,-0.9748148,-0.4974976,SelectionEnd
67.49168,24,2,3,0,0.8440898,1.012509,0.2669362,25.96113,354.1679,25.75318,0.9073067,0.9625537,0.194423,0.1586246,-0.9748148,-0.4974976,GotSelection
67.50339,24,2,3,0,0.8444911,1.012333,0.2667715,25.95339,354.2377,25.74553,0.9096601,0.9655225,0.1950715,0.1921136,-0.9553996,-0.5054046,SelectionStart
67.50341,24,2,3,0,0.8444911,1.012333,0.2667715,25.95339,354.2377,25.74553,0.9096601,0.9655225,0.1950715,0.1921136,-0.9553996,-0.5054046,SelectionEnd
67.5067,24,2,3,0,0.8444911,1.012333,0.2667715,25.95339,354.2377,25.74553,0.9096601,0.9655225,0.1950715,0.1921136,-0.9553996,-0.5054046,GotSelection
67.51687,24,2,3,0,0.8447645,1.012176,0.2666568,25.94636,354.2591,25.73451,0.9115548,0.9677601,0.1956329,0.2186067,-0.9409559,-0.5113075,SelectionStart
67.51688,24,2,3,0,0.8447645,1.012176,0.2666568,25.94636,354.2591,25.73451,0.9115548,0.9677601,0.1956329,0.2186067,-0.9409559,-0.5113075,SelectionEnd
67.52016,24,2,3,0,0.8447645,1.012176,0.2666568,25.94636,354.2591,25.73451,0.9115548,0.9677601,0.1956329,0.2186067,-0.9409559,-0.5113075,GotSelection
67.5591,24,2,3,0,0.8459817,1.011327,0.2665725,26.01531,354.3671,25.60525,0.9172164,0.9751044,0.1978042,0.3007091,-0.8866424,-0.529456,SelectionStart
67.55913,24,2,3,0,0.8459817,1.011327,0.2665725,26.01531,354.3671,25.60525,0.9172164,0.9751044,0.1978042,0.3007091,-0.8866424,-0.529456,SelectionEnd
67.56264,24,2,3,0,0.8459817,1.011327,0.2665725,26.01531,354.3671,25.60525,0.9172164,0.9751044,0.1978042,0.3007091,-0.8866424,-0.529456,GotSelection
67.60244,24,2,3,0,0.8469827,1.010569,0.2665041,26.1074,354.4733,25.52195,0.9230645,0.9839045,0.1997963,0.3901827,-0.8237476,-0.5556864,SelectionStart
67.60246,24,2,3,0,0.8469827,1.010569,0.2665041,26.1074,354.4733,25.52195,0.9230645,0.9839045,0.1997963,0.3901827,-0.8237476,-0.5556864,SelectionEnd
67.60574,24,2,3,0,0.8469827,1.010569,0.2665041,26.1074,354.4733,25.52195,0.9230645,0.9839045,0.1997963,0.3901827,-0.8237476,-0.5556864,GotSelection
67.64767,24,2,3,0,0.8485286,1.009543,0.2658426,26.23271,354.8201,25.37979,0.9275925,0.9914597,0.2013311,0.4631883,-0.7591918,-0.571721,SelectionStart
67.64768,24,2,3,0,0.8485286,1.009543,0.2658426,26.23271,354.8201,25.37979,0.9275925,0.9914597,0.2013311,0.4631883,-0.7591918,-0.571721,SelectionEnd
67.65096,24,2,3,0,0.8485286,1.009543,0.2658426,26.23271,354.8201,25.37979,0.9275925,0.9914597,0.2013311,0.4631883,-0.7591918,-0.571721,GotSelection
67.70308,24,2,3,0,0.8494726,1.009407,0.2649141,26.3148,355.2581,25.49484,0.926755,0.9959071,0.2040981,0.4793661,-0.7010393,-0.5516091,Nothing
67.71104,24,2,3,0,0.8495787,1.009477,0.2647247,26.32794,355.3289,25.52223,0.9266008,0.9962159,0.2047668,0.4808147,-0.6950055,-0.5437626,Nothing
67.71908,24,2,3,0,0.8496753,1.009506,0.2645353,26.33974,355.4024,25.5369,0.9262999,0.9958032,0.205934,0.4798602,-0.6919542,-0.5281767,Nothing
67.72774,24,2,3,0,0.8496559,1.009566,0.2643937,26.35124,355.4659,25.54866,0.9260909,0.995727,0.2068304,0.481016,-0.6884995,-0.5171553,Nothing
67.73586,24,2,3,0,0.8497308,1.009573,0.2642831,26.36849,355.5095,25.54653,0.9258949,0.9953964,0.2079446,0.4810193,-0.6855448,-0.50365,Nothing
67.74441,24,2,3,0,0.849842,1.009605,0.2640676,26.3918,355.5935,25.55146,0.9252769,0.9945648,0.2094153,0.4764079,-0.6831337,-0.4827277,Nothing
67.75298,24,2,3,0,0.8498875,1.009629,0.2639444,26.41057,355.6545,25.55827,0.9248842,0.9939271,0.2105461,0.4737541,-0.6819974,-0.4671718,Nothing
67.76183,24,2,3,0,0.8499421,1.009734,0.2636896,26.41636,355.7453,25.57344,0.9244045,0.9931734,0.2115357,0.4696986,-0.6820145,-0.4505068,Nothing
67.76962,24,2,3,0,0.8500083,1.009867,0.2634401,26.41578,355.828,25.59252,0.9241893,0.9925054,0.2127187,0.4684927,-0.6820067,-0.4327058,Nothing
67.77773,24,2,3,0,0.850052,1.010057,0.2630801,26.41481,355.9601,25.633,0.9237397,0.9916628,0.2137989,0.4647353,-0.6829942,-0.4131026,Nothing
67.78596,24,2,3,0,0.8500756,1.010313,0.2626185,26.41231,356.1383,25.69839,0.9232751,0.9907464,0.2148026,0.4606694,-0.6851814,-0.392151,Nothing
67.79503,24,2,3,0,0.8501157,1.010691,0.2619714,26.42359,356.4305,25.8112,0.922852,0.9894627,0.2161905,0.4568266,-0.6896499,-0.3624433,Nothing
67.80222,24,2,3,0,0.8500491,1.011146,0.2612849,26.50616,356.8095,25.98401,0.9224295,0.9885299,0.2170609,0.4535985,-0.6948179,-0.3369253,Nothing
67.8111,24,2,3,0,0.850103,1.011513,0.2607158,26.63741,357.1906,26.14253,0.9219361,0.9877166,0.2179003,0.4489655,-0.6979139,-0.313234,Nothing
67.81895,24,2,3,0,0.8500324,1.011883,0.260224,26.82462,357.6131,26.33369,0.921815,0.987008,0.2184585,0.4480627,-0.7041751,-0.2926042,Nothing
67.82821,24,2,3,0,0.8499572,1.012267,0.2598449,27.05119,358.0662,26.5575,0.9216293,0.9862916,0.2191437,0.446216,-0.7104225,-0.2710483,Nothing
67.83514,24,2,3,0,0.8497791,1.012717,0.2594297,27.33348,358.6021,26.83499,0.9217355,0.9857599,0.2197762,0.4482066,-0.7178699,-0.2488943,Nothing
67.84569,24,2,3,0,0.849552,1.013353,0.2588715,27.74992,359.421,27.27778,0.9222736,0.9852846,0.2204019,0.4543488,-0.7289233,-0.2206134,Nothing
67.85315,24,2,3,0,0.849333,1.014015,0.2583866,28.14398,0.1297889,27.6972,0.9229753,0.9851919,0.2207206,0.4615839,-0.73895,-0.1986268,Nothing
67.86095,24,2,3,0,0.8489147,1.014572,0.2582463,28.60308,0.942401,28.22066,0.9238119,0.9853133,0.2208726,0.4713199,-0.7506598,-0.1807692,Nothing
67.86869,24,2,3,0,0.8482212,1.01535,0.2579997,28.98289,1.673127,28.71236,0.9246208,0.985314,0.2210527,0.4817636,-0.7651008,-0.1612011,Nothing
67.8778,24,2,3,0,0.8472398,1.016325,0.2578677,29.45556,2.610882,29.43923,0.9257719,0.985722,0.2209297,0.4961723,-0.7841355,-0.1424806,Nothing
67.88547,24,2,3,0,0.8464881,1.017116,0.2577069,29.85159,3.422124,30.04099,0.9270225,0.9862391,0.2207003,0.5110145,-0.7996159,-0.1275325,Nothing
67.89451,24,2,3,0,0.845027,1.01824,0.2578777,30.34724,4.428524,30.9379,0.9287937,0.9870268,0.2203593,0.5328913,-0.8257122,-0.1114954,Nothing
67.90218,24,2,3,0,0.8437178,1.019271,0.2580435,30.80874,5.411547,31.79612,0.9299756,0.9874852,0.2201452,0.547359,-0.8489612,-0.0932252,Nothing
67.9109,24,2,3,0,0.8422774,1.020399,0.2584753,31.30624,6.412322,32.69115,0.9314365,0.9885713,0.21948,0.5658282,-0.8741387,-0.08226315,Nothing
67.91887,24,2,3,0,0.8408986,1.021202,0.2590275,31.82637,7.418775,33.58681,0.932637,0.9892772,0.2189271,0.5809523,-0.8982838,-0.07025101,Nothing
67.92819,24,2,3,0,0.8387807,1.022011,0.2598494,32.62172,8.937236,34.91244,0.934427,0.9904447,0.2180146,0.6062688,-0.9314143,-0.05381769,Nothing
67.93664,24,2,3,0,0.837544,1.022403,0.2607711,33.19975,9.957375,35.7954,0.9354677,0.9912063,0.2171953,0.6197788,-0.9542215,-0.0475731,Nothing
67.94476,24,2,3,0,0.8363434,1.022724,0.2616818,33.75657,10.99779,36.67229,0.9364049,0.991969,0.2163107,0.6325912,-0.9761438,-0.04151428,Nothing
67.95263,24,2,3,0,0.8349239,1.02289,0.2625441,34.29133,12.09744,37.57767,0.9380313,0.9927002,0.2151214,0.653525,-1.003522,-0.0351775,Nothing
67.96138,24,2,3,0,0.8338834,1.023077,0.2632127,34.74892,13.2503,38.47775,0.9387702,0.9933891,0.2141279,0.6645069,-1.022357,-0.02634477,Nothing
67.96939,24,2,3,0,0.8328308,1.023351,0.2639274,35.18484,14.38645,39.39118,0.9394197,0.9940463,0.2131073,0.6736758,-1.042347,-0.0173671,Nothing
67.978,24,2,3,0,0.8318552,1.023523,0.2645146,35.54459,15.54654,40.30829,0.939036,0.9947018,0.212218,0.6745174,-1.054358,-0.008837357,Nothing
67.98703,24,2,3,0,0.8302322,1.023838,0.2655154,36.10729,17.34369,41.76535,0.9394976,0.9953386,0.2107905,0.682565,-1.082972,0.009259136,Nothing
67.99561,24,2,3,0,0.8293718,1.024103,0.2661062,36.4638,18.64155,42.80355,0.9404069,0.9960896,0.2094835,0.6919747,-1.1042,0.02085246,Nothing
68.00346,24,2,3,0,0.8283299,1.024407,0.2668103,36.80299,19.97744,43.90286,0.9399614,0.9964138,0.2085216,0.6884719,-1.121124,0.03513638,Nothing
68.01167,24,2,3,0,0.8271502,1.024653,0.2676229,37.11492,21.3296,45.06517,0.9398926,0.9962826,0.2076246,0.6857492,-1.143777,0.05358905,Nothing
68.01942,24,2,3,0,0.8259383,1.024888,0.2684583,37.40182,22.70876,46.26738,0.9390659,0.9964294,0.2067146,0.6779536,-1.161336,0.06868141,Nothing
68.02819,24,2,3,0,0.8247209,1.024941,0.2692832,37.68467,24.11577,47.48206,0.9384824,0.9965577,0.2058487,0.6731975,-1.178646,0.08483912,Nothing
68.03609,24,2,3,0,0.8235918,1.025072,0.2701349,37.95093,25.56605,48.73066,0.9376357,0.9966325,0.2048172,0.664232,-1.196069,0.1003422,Nothing
68.0447,24,2,3,0,0.8219894,1.025138,0.2715241,38.34424,27.83968,50.65874,0.9365655,0.9968553,0.2034401,0.6530738,-1.220562,0.12542,Nothing
68.05293,24,2,3,0,0.8209115,1.025219,0.2724513,38.61384,29.52893,52.0767,0.9352296,0.9972056,0.2026296,0.6411588,-1.23192,0.1432043,Nothing
68.06202,24,2,3,0,0.8199205,1.025271,0.2733659,38.8728,31.48435,53.66733,0.9340162,0.9974052,0.201762,0.6282411,-1.243716,0.1667017,Nothing
68.06976,24,2,3,0,0.8186296,1.025527,0.2741861,39.04764,33.32839,55.18436,0.9330032,0.9976831,0.2008958,0.6185142,-1.257748,0.1916638,Nothing
68.07882,24,2,3,0,0.8173937,1.025884,0.2748115,39.14967,35.57505,56.98423,0.9319431,0.9979504,0.200141,0.6059684,-1.268312,0.2266579,Nothing
68.08726,24,2,3,0,0.8163588,1.025915,0.2756038,39.20897,37.7351,58.73045,0.9310111,0.9981396,0.1992873,0.5939114,-1.279047,0.256704,Nothing
68.0956,24,2,3,0,0.8144612,1.02629,0.2766745,39.17347,41.18882,61.50516,0.92935,0.9986101,0.1984536,0.5742339,-1.289855,0.3112031,Nothing
68.10829,24,2,3,0,0.8131353,1.026414,0.2774996,39.10879,43.51644,63.33202,0.9281857,0.9989255,0.1980656,0.5623059,-1.294486,0.3480114,Nothing
68.12042,24,2,3,0,0.8110535,1.026447,0.2792925,38.85883,47.95757,66.93199,0.925728,0.999575,0.1980754,0.5328971,-1.293408,0.4164643,Nothing
68.12824,24,2,3,0,0.8100377,1.026371,0.2804069,38.6685,50.09814,68.68013,0.9244605,0.9997637,0.1980437,0.5166805,-1.294121,0.4479503,Nothing
68.13704,24,2,3,0,0.8093063,1.026097,0.2814215,38.45547,52.10347,70.30127,0.9229765,1.000011,0.1982593,0.5002392,-1.288591,0.4740286,Nothing
68.14562,24,2,3,0,0.8085884,1.02579,0.2820988,38.21474,54.04396,71.79369,0.9213845,1.000234,0.1985566,0.4853669,-1.277893,0.4999558,Nothing
68.15369,24,2,3,0,0.808017,1.025458,0.2829769,37.91697,55.98509,73.31125,0.9192021,1.00062,0.1990575,0.466055,-1.263562,0.5196185,Nothing
68.16133,24,2,3,0,0.8078095,1.02515,0.2834512,37.62115,57.8349,74.64542,0.9174289,1.000815,0.1994407,0.4488132,-1.246523,0.5399896,Nothing
68.17115,24,2,3,0,0.8073076,1.024553,0.284572,37.07,60.67366,76.77034,0.9158301,1.001433,0.1994726,0.430998,-1.23326,0.5730718,Nothing
68.18629,24,2,3,0,0.8070206,1.023793,0.2853857,36.23364,64.42607,79.3619,0.9113762,1.001426,0.2003659,0.3887399,-1.190656,0.6074712,Nothing
68.19512,24,2,3,0,0.8070642,1.023418,0.2857645,35.7604,66.27744,80.62912,0.9093542,1.001495,0.2007257,0.3682364,-1.16973,0.6227346,Nothing
68.20298,24,2,3,0,0.8070297,1.023047,0.2863268,35.2337,68.09821,81.92012,0.9071916,1.001362,0.2012816,0.3444885,-1.149151,0.6376854,Nothing
68.21133,24,2,3,0,0.8067903,1.022789,0.286827,34.62748,69.96078,83.2217,0.9050078,1.001235,0.2015466,0.3202589,-1.1308,0.6542326,Nothing
68.21935,24,2,3,0,0.8065153,1.022541,0.2873462,33.93727,71.78646,84.49794,0.9027869,1.001182,0.2018797,0.2958997,-1.111965,0.6695641,Nothing
68.22914,24,2,3,0,0.80621,1.021958,0.2881828,32.87985,74.44935,86.31918,0.8994943,1.001102,0.2022763,0.2616761,-1.084898,0.6881633,Nothing
68.23596,24,2,3,0,0.8053951,1.022129,0.2886806,31.87569,76.32755,87.60713,0.8972459,1.001031,0.2024593,0.2330058,-1.067386,0.7102908,Nothing
68.24503,24,2,3,0,0.8043282,1.022292,0.2894885,30.77159,78.2084,88.92458,0.8951056,1.000906,0.2026782,0.203549,-1.052554,0.7350469,Nothing
68.25312,24,2,3,0,0.8024102,1.022501,0.2904676,29.39552,80.17995,90.30724,0.8929552,1.000789,0.2025966,0.1731426,-1.041803,0.7685204,Nothing
68.26118,24,2,3,0,0.7999027,1.023113,0.2914522,27.7593,82.0899,91.66394,0.8908936,1.000843,0.2024815,0.1391288,-1.031254,0.8089077,Nothing
68.26995,24,2,3,0,0.7963352,1.024116,0.2925081,25.66144,84.02766,93.09196,0.8889428,1.000946,0.2023277,0.09751649,-1.020062,0.8630456,Nothing
68.27782,24,2,3,0,0.792741,1.024645,0.2939691,23.59686,85.93062,94.44176,0.8881981,1.001342,0.2016153,0.06565287,-1.017053,0.9240573,Nothing
68.2865,24,2,3,0,0.7884071,1.024699,0.2962287,20.75281,88.53639,96.20038,0.8853958,1.001644,0.2011801,0.01362598,-1.001963,0.9851491,Nothing
68.29459,24,2,3,0,0.784268,1.024514,0.2983764,18.34258,90.52486,97.52589,0.8836102,1.001885,0.2009026,-0.02723979,-0.9900498,1.043239,Nothing
68.3037,24,2,3,0,0.7812617,1.023845,0.3007359,16.28949,92.3866,98.69872,0.8820375,1.002349,0.2004802,-0.05953256,-0.9813809,1.088366,Nothing
68.31184,24,2,3,0,0.7788162,1.023022,0.302827,14.27787,94.15566,99.75812,0.8804849,1.00285,0.2001571,-0.09097965,-0.9680935,1.12684,Nothing
68.32072,24,2,3,0,0.7777023,1.021459,0.3051681,12.56235,96.0241,100.8362,0.8790337,1.003391,0.1998435,-0.1134944,-0.955788,1.153607,Nothing
68.32773,24,2,3,0,0.7760713,1.020244,0.3070676,10.82153,97.66763,101.6887,0.8776273,1.004026,0.1995551,-0.1356696,-0.9408076,1.183344,Nothing
68.33659,24,2,3,0,0.7755713,1.018742,0.3086555,9.350881,99.1576,102.4028,0.8754048,1.004737,0.1996015,-0.1511277,-0.9254192,1.190071,Nothing
68.34455,24,2,3,0,0.775569,1.017435,0.3095567,8.050121,100.5528,102.9259,0.8741507,1.005504,0.1996074,-0.1599376,-0.9057012,1.199413,Nothing
68.35332,24,2,3,0,0.7765768,1.015365,0.3107074,6.435945,102.4538,103.5839,0.8722063,1.006624,0.1995227,-0.1664124,-0.8828219,1.199708,Nothing
68.36152,24,2,3,0,0.7789011,1.014176,0.3105021,6.059884,103.3962,103.7948,0.8710582,1.007558,0.199631,-0.1549915,-0.8706501,1.177201,Nothing
68.36957,24,2,3,0,0.7814895,1.013134,0.3101427,5.91157,104.1951,103.9393,0.8699871,1.008488,0.1997854,-0.1402655,-0.8616617,1.150118,Nothing
68.37881,24,2,3,0,0.7849144,1.012274,0.3092099,6.156856,104.77,103.9928,0.8689878,1.009475,0.1998802,-0.1195589,-0.8563498,1.110355,Nothing
68.38651,24,2,3,0,0.7881985,1.01177,0.3078475,6.35875,105.227,103.9193,0.8680558,1.01041,0.1999775,-0.1017667,-0.8482953,1.070047,Nothing
68.39594,24,2,3,0,0.7912771,1.011366,0.3063139,6.777349,105.4597,103.7729,0.8672441,1.011515,0.200139,-0.07918992,-0.8427831,1.028281,Nothing
68.40317,24,2,3,0,0.7936125,1.011648,0.3040152,7.305907,105.3757,103.4406,0.8663347,1.012508,0.2003275,-0.05972046,-0.8321431,0.9866228,Nothing
68.41148,24,2,3,0,0.7967322,1.011436,0.3026456,7.688094,105.5662,103.2268,0.864888,1.014055,0.2007389,-0.0371197,-0.8283989,0.936698,Nothing
68.42005,24,2,3,0,0.7986078,1.011343,0.3013875,7.967047,105.5735,103.0419,0.8639025,1.015096,0.2012105,-0.0211625,-0.8220624,0.9019014,Nothing
68.42799,24,2,3,0,0.8009093,1.010944,0.2996716,8.286691,105.5544,102.817,0.8628533,1.015997,0.2016728,-0.003096792,-0.8132742,0.8603063,Nothing
68.43671,24,2,3,0,0.8026807,1.010715,0.2986884,8.468363,105.7043,102.723,0.8618084,1.016933,0.2023031,0.0103273,-0.8053809,0.8282767,Nothing
68.44521,24,2,3,0,0.8041372,1.010657,0.2975087,8.590098,105.9367,102.6727,0.8606897,1.017904,0.20289,0.02191013,-0.7939206,0.7995722,Nothing
68.45316,24,2,3,0,0.8062732,1.010008,0.2966022,8.780829,106.1478,102.6198,0.859742,1.018755,0.2034974,0.0372702,-0.7878366,0.7652693,Nothing
68.4617,24,2,3,0,0.8074116,1.009657,0.2961917,8.732368,106.512,102.7427,0.85869,1.019596,0.2041879,0.04582343,-0.7805503,0.7440313,Nothing
68.46996,24,2,3,0,0.8095289,1.008901,0.2953864,8.778011,106.8078,102.7718,0.8576377,1.020462,0.2048212,0.05921667,-0.7748038,0.7103679,Nothing
68.47905,24,2,3,0,0.810948,1.008101,0.2952223,8.553843,107.3378,102.9884,0.8563209,1.021709,0.205671,0.07227743,-0.7700842,0.6855177,Nothing
68.48705,24,2,3,0,0.8113791,1.007675,0.2952257,8.433405,107.6052,103.1048,0.8555139,1.022596,0.2062755,0.08192779,-0.767332,0.6737019,Nothing
68.49476,24,2,3,0,0.8120024,1.007165,0.2952417,8.242561,107.9243,103.2505,0.8546744,1.023454,0.2068826,0.09071422,-0.7648525,0.6606614,Nothing
68.5034,24,2,3,0,0.8126328,1.006751,0.2950935,8.102824,108.2115,103.3637,0.8541732,1.024262,0.2072535,0.09954444,-0.7624528,0.6506305,Nothing
68.51154,24,2,3,0,0.8136863,1.006238,0.2946912,8.044062,108.4604,103.4523,0.8534454,1.02512,0.2078599,0.1104474,-0.7583194,0.6317451,Nothing
68.51978,24,2,3,0,0.8145045,1.005868,0.2943716,8.025512,108.6645,103.509,0.8527568,1.025965,0.2085014,0.1209438,-0.7541953,0.6150848,Nothing
68.528,24,2,3,0,0.8155968,1.005435,0.2938681,8.085023,108.8071,103.5111,0.8522525,1.026813,0.2090027,0.1332192,-0.750909,0.596139,Nothing
68.53683,24,2,3,0,0.8169639,1.005078,0.2930857,8.264564,108.9146,103.4906,0.8512506,1.02801,0.2100167,0.149203,-0.7436361,0.5656956,Nothing
68.5464,24,2,3,0,0.8179342,1.004924,0.2925569,8.393557,109.0049,103.4844,0.8507634,1.028911,0.2105838,0.1600826,-0.7393367,0.5469667,Nothing
68.56157,24,2,3,0,0.8199565,1.004648,0.291283,8.880302,108.981,103.3844,0.8497207,1.030665,0.2119049,0.1833896,-0.7292686,0.5029601,Nothing
68.57005,24,2,3,0,0.8208907,1.004498,0.2907287,9.106113,108.9872,103.3363,0.8493274,1.03156,0.2124603,0.1951198,-0.7252161,0.4836892,Nothing
68.578,24,2,3,0,0.821867,1.004478,0.2900852,9.315914,108.983,103.2572,0.8491022,1.032637,0.2128913,0.2076468,-0.7211482,0.4655627,Nothing
68.58652,24,2,3,0,0.8227347,1.004446,0.2896527,9.480885,109.0199,103.2191,0.8491039,1.033675,0.213304,0.2194727,-0.717916,0.4521096,Nothing
68.59472,24,2,3,0,0.8233574,1.0044,0.289176,9.635342,109.0222,103.1657,0.8489092,1.034811,0.2137115,0.2324665,-0.714606,0.4384263,Nothing
68.60358,24,2,3,0,0.8244785,1.004266,0.2884672,9.828275,109.0402,103.0731,0.8487567,1.036633,0.2142505,0.2533111,-0.7106392,0.4177112,Nothing
68.61273,24,2,3,0,0.824833,1.004226,0.2880081,9.915481,109.0808,102.9968,0.8486843,1.037905,0.2146279,0.2682081,-0.7063549,0.4084275,Nothing
68.62939,24,2,3,0,0.8253024,1.004273,0.2871161,10.0453,109.1476,102.8579,0.8486003,1.040417,0.2152518,0.2962758,-0.6980643,0.3935624,Nothing
68.6447,24,2,3,0,0.8254282,1.004387,0.2863495,9.974504,109.3503,102.7292,0.848962,1.043274,0.2156305,0.3273196,-0.6902468,0.3898262,Nothing
68.65334,24,2,3,0,0.8257582,1.004356,0.2860367,10.00243,109.4557,102.6892,0.8490144,1.044629,0.2158865,0.3421635,-0.6877309,0.3836953,Nothing
68.66127,24,2,3,0,0.8262812,1.004218,0.2857435,10.10433,109.5408,102.682,0.8490338,1.045938,0.2161432,0.3570262,-0.6866513,0.3744999,Nothing
68.66988,24,2,3,0,0.8273149,1.004048,0.2850595,10.31942,109.6435,102.6144,0.8494955,1.047909,0.216427,0.3806047,-0.6829668,0.3610812,Nothing
68.678,24,2,3,0,0.8280755,1.003884,0.2846217,10.52215,109.6929,102.5719,0.8494318,1.049045,0.2167023,0.3942803,-0.6811114,0.3471125,Nothing
68.68732,24,2,3,0,0.828723,1.003739,0.2842419,10.68607,109.743,102.5322,0.8495625,1.050226,0.2169873,0.4085569,-0.6787972,0.3364494,Nothing
68.69512,24,2,3,0,0.8295262,1.003634,0.2837536,10.91806,109.7597,102.4716,0.8494312,1.051189,0.2173119,0.4199121,-0.6758981,0.3207725,Nothing
68.7038,24,2,3,0,0.8300813,1.003537,0.2833666,11.11804,109.6781,102.3864,0.8493509,1.052257,0.2176392,0.4325112,-0.6736407,0.3073452,Nothing
68.71275,24,2,3,0,0.8305966,1.003443,0.2829337,11.28767,109.6697,102.3013,0.8490648,1.05308,0.2179834,0.4423496,-0.6701612,0.2935879,Nothing
68.72851,24,2,3,0,0.8319052,1.003096,0.2819747,11.64188,109.7099,102.1328,0.8490982,1.055318,0.2187532,0.4704546,-0.6616935,0.2672679,Nothing
68.73782,24,2,3,0,0.8322809,1.002935,0.2817918,11.73142,109.7568,102.105,0.8488554,1.056173,0.2189577,0.4801463,-0.6615325,0.2575409,Nothing
68.7529,24,2,3,0,0.8328916,1.002582,0.2815486,11.82483,109.8976,102.0783,0.8489922,1.05802,0.2192311,0.5022346,-0.6616378,0.2470556,Nothing
68.76173,24,2,3,0,0.8330915,1.002376,0.2816053,11.83202,109.9767,102.0972,0.8491321,1.058982,0.2192476,0.5134884,-0.6643454,0.2448415,Nothing
68.76949,24,2,3,0,0.8332825,1.002221,0.281605,11.85269,110.0431,102.1082,0.8484764,1.059847,0.2194293,0.5216112,-0.6670171,0.2345223,Nothing
68.77946,24,2,3,0,0.833468,1.001953,0.2816617,11.84051,110.1426,102.1289,0.8484186,1.061211,0.2195252,0.5369828,-0.6704071,0.2297496,Nothing
68.78656,24,2,3,0,0.8334579,1.001782,0.2818664,11.80994,110.1911,102.1572,0.8483297,1.062082,0.219553,0.5464104,-0.6744775,0.2282513,Nothing
68.79546,24,2,3,0,0.8334606,1.001598,0.2819974,11.7785,110.2316,102.176,0.8483619,1.062827,0.2195627,0.5551935,-0.6774183,0.2277586,Nothing
68.80305,24,2,3,0,0.8334704,1.001383,0.2820437,11.76615,110.2675,102.1905,0.8481001,1.063478,0.2196026,0.5628158,-0.6800549,0.2239159,Nothing
68.81148,24,2,3,0,0.8334708,1.001193,0.2821473,11.74547,110.2942,102.1985,0.8478839,1.064159,0.2196668,0.5706004,-0.6828344,0.220714,Nothing
68.81982,24,2,3,0,0.8335044,1.001,0.2822288,11.73406,110.3257,102.2071,0.8476716,1.064844,0.2197298,0.5784504,-0.6855121,0.2170887,Nothing
68.82777,24,2,3,0,0.8337132,1.000727,0.2823322,11.75736,110.38,102.2217,0.8475957,1.065412,0.2195815,0.5856549,-0.6904069,0.2137706,Nothing
68.83614,24,2,3,0,0.8340349,1.000526,0.2820388,11.83738,110.4526,102.1973,0.8472875,1.06595,0.2195772,0.5923903,-0.6905591,0.2050007,Nothing
68.84489,24,2,3,0,0.8343016,1.000421,0.2819658,11.90183,110.5365,102.1995,0.846965,1.066459,0.2195307,0.5972999,-0.6930243,0.1980789,Nothing
68.85287,24,2,3,0,0.8345622,1.000297,0.2817742,11.95531,110.6033,102.1767,0.8466398,1.066944,0.21949,0.6025348,-0.6941219,0.1907353,Nothing
68.86189,24,2,3,0,0.8347815,1.00008,0.281518,12.00123,110.7091,102.1421,0.8461894,1.067702,0.2193888,0.611345,-0.6958811,0.1822756,Nothing
68.87094,24,2,3,0,0.8349937,1.000107,0.2812803,12.02003,110.7647,102.1069,0.8458943,1.068216,0.2193353,0.6156222,-0.6960814,0.176134,Nothing
68.87788,24,2,3,0,0.8351269,1.000063,0.2810946,12.03382,110.8228,102.0747,0.8455927,1.068682,0.2192307,0.62014,-0.6970968,0.1710737,Nothing
68.88713,24,2,3,0,0.8351646,1.000059,0.2809477,12.01569,110.876,102.0416,0.8453692,1.069212,0.2192906,0.6254217,-0.6964282,0.1675073,Nothing
68.89454,24,2,3,0,0.8354275,1.00006,0.280613,12.00996,110.9412,101.9708,0.8451453,1.069786,0.2192562,0.6311231,-0.6951973,0.1613726,Nothing
68.90298,24,2,3,0,0.8356362,1.000155,0.2802608,12.00487,111.0538,101.899,0.8450223,1.070478,0.2191908,0.6375985,-0.693401,0.1571137,Nothing
68.91117,24,2,3,0,0.8358365,1.000257,0.2798095,12.00549,111.1665,101.8136,0.844826,1.071046,0.219129,0.6429402,-0.690428,0.1520725,Nothing
68.92045,24,2,3,0,0.8362906,1.000297,0.2792104,12.01615,111.3465,101.6811,0.844537,1.071894,0.218986,0.6515301,-0.6877828,0.1433219,Nothing
68.92857,24,2,3,0,0.8363688,1.000506,0.2786157,12.03366,111.5078,101.5682,0.8446165,1.072392,0.2188219,0.6567289,-0.6822376,0.1423967,Nothing
68.93658,24,2,3,0,0.8366873,1.000677,0.2779525,12.05008,111.674,101.4429,0.8444128,1.072913,0.2187506,0.6614361,-0.6768385,0.1359252,Nothing
68.94462,24,2,3,0,0.8370047,1.00083,0.2772537,12.03613,111.8707,101.3261,0.8442058,1.073414,0.2186241,0.665966,-0.6715845,0.1301795,Nothing
68.9528,24,2,3,0,0.8372514,1.00106,0.2764813,12.04002,112.0331,101.1618,0.8440297,1.073893,0.2185336,0.6703824,-0.6643981,0.1245946,Nothing
68.96217,24,2,3,0,0.8374628,1.001245,0.2758155,12.0236,112.1923,100.9943,0.8438874,1.074391,0.2184086,0.6754073,-0.6584085,0.1202669,Nothing
68.96948,24,2,3,0,0.8376142,1.001544,0.2750679,11.99798,112.3535,100.8165,0.8437361,1.074855,0.2183062,0.6792941,-0.6508509,0.1164474,Nothing
68.97864,24,2,3,0,0.8378712,1.001867,0.2738797,11.98645,112.5704,100.5221,0.8435393,1.075634,0.2181814,0.6874403,-0.6387889,0.1092818,Nothing
68.98653,24,2,3,0,0.8380383,1.002041,0.2731424,11.97246,112.7139,100.3452,0.8435386,1.076225,0.2180552,0.6939528,-0.6316266,0.1059233,Nothing
68.99624,24,2,3,0,0.8385646,1.001994,0.2722294,12.04215,112.8395,100.151,0.8436011,1.076879,0.2179272,0.702873,-0.6242542,0.0972223,Nothing
69.01297,24,2,3,0,0.8394676,1.001978,0.2705338,12.19702,113.1301,99.79773,0.8438729,1.078266,0.2177032,0.7209554,-0.6095681,0.08290676,Nothing
69.02834,24,2,3,0,0.840376,1.001662,0.2693496,12.33532,113.4102,99.5279,0.8441463,1.079616,0.2174763,0.7400743,-0.6011555,0.06999178,Nothing
69.03616,24,2,3,0,0.8408465,1.001414,0.2688133,12.40505,113.5533,99.41135,0.8442845,1.08025,0.2173289,0.749775,-0.5981188,0.06361213,Nothing
69.04479,24,2,3,0,0.8414733,1.001107,0.2679927,12.49734,113.7667,99.21983,0.8444648,1.081116,0.217226,0.7631761,-0.5916142,0.05442132,Nothing
69.05327,24,2,3,0,0.841683,1.000669,0.2677757,12.52203,113.9155,99.13467,0.8446014,1.081639,0.2170748,0.7737278,-0.5910953,0.052169,Nothing
69.06173,24,2,3,0,0.8419603,1.000314,0.2673606,12.5507,114.0725,99.02691,0.8448864,1.082079,0.2169021,0.783219,-0.587993,0.05029171,Nothing
69.07026,24,2,3,0,0.8420496,1.000037,0.2670193,12.50602,114.2407,98.90264,0.8450876,1.082457,0.2166958,0.7916643,-0.5849641,0.05129576,Nothing
69.07829,24,2,3,0,0.8418748,0.9997565,0.2668229,12.38015,114.4253,98.77547,0.8452455,1.082858,0.2165299,0.8008658,-0.5819374,0.05604823,Nothing
69.08749,24,2,3,0,0.8413663,0.9993688,0.2668442,12.17183,114.6131,98.6764,0.8455248,1.083138,0.2162708,0.8105582,-0.5803124,0.06757102,Nothing
69.11066,24,2,3,0,0.8402185,0.9980971,0.2671434,11.57781,115.2019,98.43217,0.8463694,1.084079,0.2154074,0.8398217,-0.5802674,0.09974355,Nothing
69.12325,24,2,3,0,0.8395576,0.997265,0.2672487,11.25021,115.5916,98.29175,0.8470045,1.084171,0.2144522,0.8532928,-0.5821073,0.1224224,Nothing
69.13609,24,2,3,0,0.8386043,0.9965592,0.2667776,10.79463,116.2397,97.94003,0.8477791,1.084289,0.2127886,0.8689629,-0.5782272,0.1540523,Nothing
69.14423,24,2,3,0,0.8380997,0.9962009,0.2662659,10.57802,116.6219,97.69827,0.8481489,1.084325,0.2119539,0.8774268,-0.5720947,0.1691217,Nothing
69.15233,24,2,3,0,0.8372656,0.9960611,0.2652873,10.33508,117.0843,97.29688,0.8486718,1.084126,0.2108981,0.8840697,-0.5578457,0.1892758,Nothing
69.16103,24,2,3,0,0.8366292,0.9957667,0.2646163,10.10632,117.4968,96.97769,0.8492143,1.083996,0.2099804,0.8913731,-0.5474872,0.2075279,Nothing
69.16943,24,2,3,0,0.835521,0.9958353,0.2634744,9.834878,117.9881,96.5117,0.8494704,1.083728,0.2090232,0.8953064,-0.5286945,0.22752,Nothing
69.17911,24,2,3,0,0.8339155,0.9957227,0.2613841,9.39563,118.7996,95.70131,0.8498193,1.083272,0.2076935,0.9028724,-0.4939681,0.2547963,Nothing
69.18575,24,2,3,0,0.8327736,0.9956147,0.2600987,9.099844,119.3089,95.18266,0.8502049,1.08282,0.2067655,0.9062546,-0.471187,0.2754059,Nothing
69.19453,24,2,3,0,0.8312606,0.9955269,0.2582549,8.717517,119.8631,94.4613,0.8501561,1.082105,0.205735,0.907302,-0.4405811,0.2950818,Nothing
69.20221,24,2,3,0,0.8298867,0.9955066,0.2569609,8.385315,120.3831,93.89388,0.8506619,1.081606,0.2048414,0.9088392,-0.4141679,0.3188454,Nothing
69.21119,24,2,3,0,0.8283188,0.9950653,0.2562043,7.944465,120.7546,93.39773,0.8505977,1.080789,0.2038113,0.9089502,-0.3976798,0.3432774,Nothing
69.21893,24,2,3,0,0.8267505,0.9946666,0.255995,7.521177,121.0769,93.02312,0.8510934,1.080147,0.2028178,0.9100107,-0.3849815,0.3743502,Nothing
69.22781,24,2,3,0,0.8252792,0.9942229,0.255703,7.109904,121.4066,92.66209,0.8511505,1.079464,0.2018993,0.9098465,-0.3736023,0.3997345,Nothing
69.23575,24,2,3,0,0.823801,0.9934101,0.2562658,6.686651,121.516,92.565,0.8517637,1.078178,0.2010264,0.9057785,-0.372206,0.4334239,Nothing
69.24459,24,2,3,0,0.8220675,0.9921813,0.2569146,6.116308,121.8076,92.34676,0.8518347,1.077307,0.1997221,0.9092391,-0.3733297,0.4698536,Nothing
69.25235,24,2,3,0,0.8210899,0.991172,0.2576163,5.792248,121.946,92.29924,0.8518071,1.07643,0.1989739,0.9096768,-0.3786422,0.4917095,Nothing
69.26118,24,2,3,0,0.8202237,0.9901098,0.2582402,5.497686,122.0817,92.28859,0.851849,1.075879,0.198117,0.9137324,-0.3851362,0.5125571,Nothing
69.27009,24,2,3,0,0.8197373,0.9889429,0.2591332,5.228842,122.2077,92.36301,0.8504621,1.074768,0.1978049,0.9107674,-0.4002131,0.5164032,Nothing
69.27818,24,2,3,0,0.8190596,0.98794,0.2602118,4.938908,122.3307,92.48625,0.8504394,1.074124,0.1970885,0.9118602,-0.4128793,0.5369271,Nothing
69.28584,24,2,3,0,0.8186458,0.9867317,0.2612997,4.65562,122.4292,92.63631,0.8506386,1.073471,0.196468,0.9145169,-0.4257495,0.5562667,Nothing
69.29523,24,2,3,0,0.8179127,0.9848522,0.2630912,4.229362,122.5801,92.86249,0.8506131,1.072709,0.1955158,0.9207579,-0.447813,0.5844548,Nothing
69.30321,24,2,3,0,0.8178629,0.9836246,0.2643191,4.003804,122.6796,93.10731,0.8506507,1.072118,0.1949889,0.9230424,-0.4654447,0.5987903,Nothing
69.31144,24,2,3,0,0.8177739,0.9823962,0.2655121,3.768314,122.7352,93.36089,0.8508892,1.071801,0.1946937,0.9279201,-0.4802706,0.6134642,Nothing
69.32094,24,2,3,0,0.8172544,0.9812906,0.2667559,3.476464,122.831,93.55642,0.851136,1.071489,0.1943763,0.9316695,-0.4918022,0.633712,Nothing
69.33009,24,2,3,0,0.816178,0.9805313,0.2674611,3.117501,122.9183,93.59409,0.8513465,1.071279,0.1937981,0.9337993,-0.4953778,0.6581783,Nothing
69.34483,24,2,3,0,0.8131056,0.9793837,0.2682813,2.338278,123.2722,93.40395,0.8520663,1.07111,0.1931826,0.9389148,-0.4790885,0.7138324,Nothing
69.35321,24,2,3,0,0.8109766,0.9789028,0.2680438,1.740046,123.6303,93.06802,0.8526346,1.071211,0.1927439,0.9419257,-0.4553179,0.7503582,Nothing
69.36152,24,2,3,0,0.8089775,0.979118,0.267459,1.284798,123.9492,92.69397,0.8531773,1.071396,0.1926806,0.9401453,-0.425672,0.7787794,Nothing
69.36945,24,2,3,0,0.8074896,0.9788205,0.2670027,0.807391,124.244,92.36605,0.8541207,1.071538,0.1925607,0.9416816,-0.399314,0.807201,Nothing
69.37809,24,2,3,0,0.8046113,0.9797657,0.2653953,0.2429113,124.7051,91.61176,0.8547581,1.071804,0.1924971,0.9331514,-0.3464979,0.8400136,Nothing
69.38602,24,2,3,0,0.8028129,0.9798232,0.2644831,359.7938,125.0379,91.16106,0.8554496,1.072165,0.1925004,0.9328228,-0.3119421,0.8646672,Nothing
69.39557,24,2,3,0,0.8005612,0.9803188,0.263156,359.3784,125.4239,90.54311,0.856002,1.072716,0.1925796,0.9305497,-0.2677256,0.8884072,Nothing
69.40282,24,2,3,0,0.7986394,0.9806829,0.2616026,359.0233,125.787,89.92871,0.8566628,1.073038,0.1925951,0.9271327,-0.2237775,0.9078009,Nothing
69.41187,24,2,3,0,0.796945,0.9811748,0.2595489,358.7931,126.0468,89.26832,0.8573467,1.073439,0.1926676,0.9244459,-0.1772791,0.9193587,Nothing
69.42057,24,2,3,0,0.7939242,0.9816316,0.2572956,358.3493,126.4795,88.38335,0.8583154,1.073933,0.1926754,0.9183267,-0.1136611,0.9468898,Nothing
69.4285,24,2,3,0,0.7932232,0.9817417,0.2553652,358.2366,126.6,87.83133,0.8589143,1.074438,0.1928602,0.9205675,-0.0775776,0.9468843,Nothing
69.43627,24,2,3,0,0.792132,0.982083,0.2530679,358.2109,126.7377,87.2436,0.8595306,1.074854,0.1929754,0.9201157,-0.03579941,0.946825,Nothing
69.44561,24,2,3,0,0.7911031,0.9823347,0.251042,358.1563,126.8999,86.68478,0.8609911,1.075118,0.1929007,0.9174162,0.006822641,0.9562792,Nothing
69.45285,24,2,3,0,0.7910168,0.9825654,0.2481279,358.3453,126.9703,86.06016,0.8615557,1.075488,0.1930388,0.9201644,0.04710115,0.9399322,Nothing
69.4617,24,2,3,0,0.7900918,0.9829692,0.2453393,358.4218,127.1765,85.41981,0.862262,1.075817,0.1931092,0.9172711,0.09389623,0.9343721,Nothing
69.47031,24,2,3,0,0.7896686,0.9831876,0.2424828,358.5685,127.4277,84.77789,0.8627284,1.076085,0.1932,0.9162788,0.1376956,0.920858,Nothing
69.47987,24,2,3,0,0.7884027,0.9837185,0.2380837,358.7417,127.8328,83.78006,0.8633985,1.076517,0.1933112,0.909852,0.2083305,0.9050127,Nothing
69.49473,24,2,3,0,0.7866299,0.9839777,0.231545,358.9536,128.4944,82.15909,0.8636584,1.076501,0.1935668,0.8940802,0.310769,0.8733066,Nothing
69.50323,24,2,3,0,0.7852606,0.9842188,0.2284608,358.9699,128.9561,81.35577,0.8636003,1.076422,0.1933315,0.8811212,0.3603186,0.8635886,Nothing
69.51163,24,2,3,0,0.7835233,0.9840688,0.2261454,358.7834,129.3817,80.60595,0.8635356,1.076334,0.1931033,0.868745,0.404589,0.8646014,Nothing
69.52037,24,2,3,0,0.7821072,0.9835718,0.223914,358.6842,129.7299,79.88605,0.8635805,1.076628,0.1929365,0.864724,0.447015,0.8628057,Nothing
69.5292,24,2,3,0,0.7789207,0.982932,0.2214689,358.0965,130.171,78.86002,0.8628889,1.076236,0.1921981,0.843136,0.4966668,0.8783528,Nothing
69.54532,24,2,3,0,0.7738547,0.981487,0.2194129,357.1913,130.7737,77.59284,0.8621886,1.075843,0.1911238,0.8178254,0.5587391,0.9170536,Nothing
69.55306,24,2,3,0,0.771661,0.9806531,0.2185767,356.7646,131.0748,77.04218,0.8615076,1.075424,0.1904544,0.8057957,0.5814616,0.9326547,Nothing
69.5632,24,2,3,0,0.7699214,0.9795794,0.2177513,356.4326,131.3992,76.54366,0.8608403,1.074921,0.1895132,0.7980482,0.5994558,0.9450818,Nothing
69.57854,24,2,3,0,0.7669413,0.9773597,0.2166335,355.8792,131.9787,75.79507,0.8591489,1.073659,0.1877261,0.7868821,0.6220647,0.9648325,Nothing
69.58698,24,2,3,0,0.7666078,0.975844,0.2163093,355.7191,132.1089,75.64024,0.8579247,1.072873,0.1867939,0.7921714,0.6170357,0.9644364,Nothing
69.59542,24,2,3,0,0.7652208,0.9741033,0.2153863,355.4341,132.4466,75.20222,0.8568892,1.071987,0.1857668,0.7893463,0.6307106,0.9706768,Nothing
69.60339,24,2,3,0,0.765177,0.9727046,0.2148888,355.3606,132.5802,75.05566,0.8547713,1.070618,0.1843137,0.7926083,0.6139365,0.9619809,Nothing
69.61269,24,2,3,0,0.7659457,0.9714353,0.2141212,355.5562,132.7873,75.04848,0.8534773,1.069476,0.1832099,0.8015444,0.6023473,0.9444402,Nothing
69.62833,24,2,3,0,0.7666494,0.9692154,0.2124898,355.8085,133.2712,74.87592,0.8495044,1.067,0.1813067,0.8109127,0.5794081,0.9042046,Nothing
69.63621,24,2,3,0,0.7667637,0.9681429,0.2118002,355.8763,133.4807,74.77657,0.8475911,1.065792,0.1803737,0.8140301,0.5684738,0.8884584,Nothing
69.64518,24,2,3,0,0.7670255,0.9670095,0.2112369,355.9683,133.6686,74.74221,0.8454799,1.064263,0.1793831,0.8167636,0.5519859,0.8711087,Nothing
69.65315,24,2,3,0,0.7669883,0.9658757,0.2109075,355.9751,133.8613,74.67229,0.8433232,1.062911,0.1784594,0.8192905,0.5365912,0.8584096,Nothing
69.66132,24,2,3,0,0.7665693,0.9646963,0.2107515,355.8912,134.0512,74.59397,0.8413242,1.061348,0.1774482,0.8179768,0.5221381,0.8529904,Nothing
69.66975,24,2,3,0,0.7661213,0.9625282,0.2106422,355.7027,134.3396,74.47685,0.8377531,1.059111,0.1760011,0.822102,0.4961036,0.8413259,Nothing
69.67786,24,2,3,0,0.76523,0.9614235,0.211004,355.4587,134.5383,74.40161,0.8355107,1.057597,0.1747741,0.8189226,0.4772152,0.8455676,Nothing
69.68618,24,2,3,0,0.7638988,0.9600561,0.2117184,355.0884,134.7923,74.30782,0.8327571,1.056045,0.1737698,0.816175,0.4580016,0.8522993,Nothing
69.69455,24,2,3,0,0.763035,0.9591544,0.2120159,354.8573,135.0111,74.25,0.8302689,1.054493,0.1728244,0.8111684,0.4391125,0.8517858,Nothing
69.70346,24,2,3,0,0.761675,0.958091,0.212561,354.5408,135.2361,74.149,0.8277012,1.052983,0.1718452,0.8058997,0.4219215,0.8578678,Nothing
69.71196,24,2,3,0,0.7603927,0.9569521,0.2130196,354.2349,135.4653,74.03638,0.8250321,1.051369,0.1710789,0.8005307,0.405799,0.8603676,Nothing
69.72011,24,2,3,0,0.7593003,0.9560243,0.213126,354.0131,135.6896,73.95714,0.8223824,1.049735,0.1703034,0.7944575,0.3900772,0.8577194,Nothing
69.72823,24,2,3,0,0.7580054,0.9543491,0.2127763,353.8378,136.0393,73.70817,0.8168803,1.047235,0.1700038,0.7926728,0.366527,0.8285335,Nothing
69.73634,24,2,3,0,0.7573156,0.9532782,0.2127236,353.7268,136.2438,73.55874,0.8142352,1.045344,0.1695496,0.7875172,0.3520973,0.8180535,Nothing
69.74495,24,2,3,0,0.757022,0.9521265,0.2121248,353.7034,136.4002,73.40546,0.8108375,1.044001,0.1696148,0.7918957,0.3387845,0.7912923,Nothing
69.75276,24,2,3,0,0.7567452,0.9511635,0.2114343,353.7664,136.5294,73.23896,0.8081196,1.042038,0.1694943,0.7878824,0.3271078,0.7677934,Nothing
69.76201,24,2,3,0,0.7564371,0.9502139,0.2104608,353.8383,136.6577,73.04873,0.8054426,1.040226,0.1694808,0.784527,0.3192547,0.7420185,Nothing
69.76936,24,2,3,0,0.7560817,0.9492679,0.2092832,353.9502,136.8037,72.8203,0.8029859,1.038513,0.1695415,0.7811926,0.3161637,0.7155972,Nothing
69.77911,24,2,3,0,0.7553418,0.9477537,0.2075617,354.077,137.1314,72.4081,0.7992458,1.035707,0.1695403,0.773359,0.3127488,0.6784557,Nothing
69.79631,24,2,3,0,0.7540839,0.9455597,0.2054317,354.1371,137.6773,71.82898,0.795526,1.032643,0.1699409,0.7646246,0.3233858,0.6402286,Nothing
69.81114,24,2,3,0,0.7528087,0.9435079,0.2034914,354.0721,138.3312,71.23599,0.7913003,1.029542,0.1705796,0.7540026,0.3302051,0.5997896,Nothing
69.81919,24,2,3,0,0.7523605,0.9424841,0.2032187,353.953,138.5927,71.09878,0.7893319,1.028137,0.1709026,0.7515907,0.3258783,0.5860291,Nothing
69.82814,24,2,3,0,0.7521359,0.9414728,0.2030026,353.8263,138.7875,71.01762,0.7877944,1.027366,0.1715353,0.7546633,0.3253207,0.5726234,Nothing
69.83633,24,2,3,0,0.7519217,0.9404137,0.2032911,353.647,139.0151,71.01035,0.7861273,1.026092,0.1719502,0.7547531,0.3165447,0.5640662,Nothing
69.84465,24,2,3,0,0.7516057,0.9394277,0.2038399,353.4094,139.2915,71.03487,0.7846588,1.025041,0.1724863,0.7550845,0.3091733,0.5595877,Nothing
69.85343,24,2,3,0,0.7512956,0.9379908,0.2045714,353.0643,139.6443,71.03503,0.7823927,1.023499,0.1734145,0.7561504,0.297841,0.5497143,Nothing
69.8615,24,2,3,0,0.7509784,0.9368967,0.2051327,352.765,139.8257,71.0267,0.7811472,1.022669,0.1740536,0.7584541,0.2931462,0.5475094,Nothing
69.86956,24,2,3,0,0.7505731,0.9359548,0.2054347,352.5275,140.0143,70.97827,0.7798379,1.022014,0.1747505,0.7608989,0.2915145,0.5422137,Nothing
69.87839,24,2,3,0,0.7500131,0.9350396,0.2053744,352.3193,140.1479,70.84367,0.7787074,1.02189,0.1755356,0.7665409,0.2976855,0.5359249,Nothing
69.88692,24,2,3,0,0.7496428,0.9343809,0.2050645,352.1975,140.2783,70.70099,0.7775443,1.021632,0.1761324,0.7699094,0.301721,0.5259874,Nothing
69.89507,24,2,3,0,0.7497628,0.9336895,0.2045442,352.2092,140.3975,70.6136,0.7764071,1.021607,0.1766644,0.7787475,0.3038482,0.5103835,Nothing
69.90298,24,2,3,0,0.7497754,0.9330062,0.2042184,352.1681,140.5364,70.54046,0.7752872,1.021417,0.177235,0.785292,0.305005,0.4973299,Nothing
69.91188,24,2,3,0,0.7502015,0.9319128,0.2038647,352.1608,140.7809,70.49239,0.7737063,1.021747,0.1781321,0.8035483,0.3056641,0.4766846,Nothing
69.91939,24,2,3,0,0.7513661,0.9316204,0.2032833,352.3761,140.9516,70.57713,0.7733223,1.02206,0.178499,0.8153529,0.3030516,0.4569002,Nothing
69.92831,24,2,3,0,0.7523943,0.9312876,0.2028714,352.5398,141.0836,70.67482,0.7724239,1.022468,0.1790166,0.8294181,0.2973436,0.4358023,Nothing
69.93652,24,2,3,0,0.7534883,0.9308808,0.2028001,352.6588,141.183,70.82257,0.7715248,1.022974,0.1794922,0.8456957,0.288112,0.4181957,Nothing
69.94604,24,2,3,0,0.754935,0.9307154,0.2025513,352.7806,141.2496,70.99476,0.7706748,1.023588,0.1799648,0.8616189,0.2766715,0.3970574,Nothing
69.96178,24,2,3,0,0.7570205,0.9299368,0.2033556,352.8415,141.3653,71.4306,0.7688756,1.02461,0.1809401,0.8937805,0.2493039,0.3725214,Nothing
69.96949,24,2,3,0,0.7578365,0.9295262,0.2039763,352.8067,141.4289,71.6475,0.7679691,1.025043,0.1814386,0.9082764,0.23542,0.3643117,Nothing
69.97896,24,2,3,0,0.7587419,0.928737,0.2052924,352.649,141.5338,71.93837,0.7666747,1.025619,0.1821895,0.929191,0.2154548,0.359414,Nothing
69.98609,24,2,3,0,0.7592236,0.9282612,0.2059679,352.557,141.5937,72.10476,0.7659094,1.025772,0.1825713,0.9395447,0.2037255,0.3563471,Nothing
69.99491,24,2,3,0,0.7590981,0.9276676,0.2070747,352.3106,141.6415,72.21704,0.7649833,1.026057,0.1830896,0.9500022,0.1946718,0.3613783,Nothing
70.00275,24,2,3,0,0.7594074,0.9272938,0.207564,352.1772,141.6967,72.29577,0.7640584,1.026183,0.1835323,0.9582568,0.1854659,0.3570537,Nothing
70.01165,24,2,3,0,0.7593525,0.9268233,0.208276,352.0184,141.7691,72.36317,0.7631534,1.026392,0.183985,0.9669651,0.1784665,0.3575879,Nothing
70.01956,24,2,3,0,0.7592483,0.9264603,0.2086827,351.9098,141.8207,72.39279,0.7621948,1.02617,0.1844338,0.9704537,0.1723417,0.3540814,Nothing
70.02861,24,2,3,0,0.759316,0.9262639,0.2088544,351.8792,141.8593,72.43139,0.7612416,1.026009,0.1848982,0.9737677,0.1661923,0.3460475,Nothing
70.0372,24,2,3,0,0.7596523,0.9258447,0.209184,351.8649,141.9175,72.52311,0.7598169,1.025779,0.1856222,0.9811215,0.1548605,0.3325959,Nothing
70.04504,24,2,3,0,0.7600688,0.9258448,0.2089226,351.9326,141.9314,72.55558,0.7588313,1.025467,0.186133,0.9824864,0.148042,0.3161498,Nothing
70.05327,24,2,3,0,0.76046,0.9257334,0.2089301,352.002,141.919,72.6127,0.7579268,1.025216,0.1866296,0.9854641,0.1402301,0.302766,Nothing
70.06132,24,2,3,0,0.7607844,0.9257225,0.2088092,352.0809,141.8902,72.66412,0.7570415,1.024989,0.1871068,0.9873425,0.13358,0.2887306,Nothing
70.06955,24,2,3,0,0.7611631,0.9258725,0.2087299,352.1307,141.8693,72.72771,0.7561541,1.024763,0.1875806,0.9877304,0.1255098,0.2749944,Nothing
70.07808,24,2,3,0,0.7614908,0.9258384,0.2090229,352.1368,141.8397,72.83285,0.7553017,1.024454,0.1881002,0.9889472,0.1155156,0.2652479,Nothing
70.08679,24,2,3,0,0.7617504,0.9257913,0.2092234,352.1693,141.8216,72.92606,0.7544447,1.024111,0.1886224,0.9897195,0.1067972,0.2546931,Nothing
70.09495,24,2,3,0,0.7619029,0.9257267,0.2096871,352.128,141.8667,73.02856,0.7535869,1.023622,0.1892035,0.9886954,0.09705078,0.2477139,Nothing
70.10907,24,2,3,0,0.7620866,0.9258415,0.2098488,352.0848,141.9412,73.07301,0.7530158,1.02286,0.1896499,0.9822088,0.08997389,0.2405012,Nothing
70.1194,24,2,3,0,0.7620389,0.9258238,0.2100775,352.0458,141.9994,73.10789,0.7515407,1.022005,0.1903124,0.9781453,0.07909209,0.2278431,Nothing
70.12772,24,2,3,0,0.7618252,0.9259817,0.2097879,352.074,141.9901,73.04118,0.7507555,1.021397,0.1905018,0.9722056,0.07677493,0.2188919,Nothing
70.13577,24,2,3,0,0.7613566,0.9260257,0.2093238,352.1065,141.9391,72.91367,0.7500793,1.020758,0.1907434,0.9657052,0.07981343,0.2103009,Nothing
70.14412,24,2,3,0,0.7612077,0.9262137,0.2089417,352.151,141.9166,72.83794,0.7492701,1.02006,0.1910391,0.958781,0.0778672,0.1987429,Nothing
70.15205,24,2,3,0,0.7609907,0.926308,0.2087626,352.1674,141.9226,72.77935,0.7486298,1.019349,0.1914079,0.9518809,0.07679052,0.1903778,Nothing
70.16077,24,2,3,0,0.7607683,0.9264639,0.2085911,352.1794,141.9491,72.72362,0.7479685,1.018649,0.1916425,0.9446365,0.07449867,0.1831262,Nothing
70.17015,24,2,3,0,0.7605095,0.9266621,0.2083729,352.1938,142.0167,72.6527,0.7472214,1.017461,0.1918098,0.9324099,0.07036845,0.1751099,Nothing
70.17845,24,2,3,0,0.7603325,0.9268027,0.2081978,352.2141,142.0364,72.60194,0.7465942,1.016781,0.1920963,0.9255368,0.06831937,0.1672465,Nothing
70.18549,24,2,3,0,0.7602413,0.9269102,0.207992,352.2437,142.0353,72.55107,0.746089,1.01607,0.1922392,0.9187044,0.06581607,0.1602959,Nothing
70.19537,24,2,3,0,0.7601189,0.9269834,0.2078554,352.2735,142.0363,72.51469,0.7455423,1.015483,0.192194,0.9136634,0.06184866,0.1555599,Nothing
70.20258,24,2,3,0,0.7600907,0.9272007,0.2076434,352.3049,142.0434,72.48075,0.7450098,1.014816,0.19232,0.9065093,0.05811709,0.1480592,Nothing
70.21088,24,2,3,0,0.7600425,0.9272045,0.2076053,352.326,142.0749,72.45748,0.7445551,1.014293,0.1924819,0.9025727,0.0551502,0.1430131,Nothing
70.21877,24,2,3,0,0.7599754,0.9272857,0.2075646,352.3392,142.1069,72.439,0.7437915,1.013589,0.1926949,0.8970276,0.04949195,0.1355158,Nothing
70.22702,24,2,3,0,0.7600168,0.9271818,0.2075418,352.3866,142.1314,72.4308,0.7433092,1.013079,0.1928146,0.8947631,0.04542603,0.1299531,Nothing
70.23593,24,2,3,0,0.7601175,0.9272475,0.2075122,352.4254,142.1391,72.44679,0.7428752,1.012851,0.1929981,0.8935533,0.04167297,0.1239827,Nothing
70.24413,24,2,3,0,0.7603372,0.92731,0.2073671,352.4662,142.1511,72.44103,0.742313,1.012027,0.1932102,0.8872758,0.03551906,0.1145231,Nothing
70.25243,24,2,3,0,0.7604797,0.9273087,0.2074889,352.4846,142.1377,72.47334,0.7419648,1.011832,0.1935415,0.8868575,0.03211109,0.1092161,Nothing
70.26064,24,2,3,0,0.7605479,0.9273219,0.2076221,352.4838,142.1291,72.50308,0.741565,1.011602,0.1936991,0.8860062,0.02758576,0.1057686,Nothing
70.26897,24,2,3,0,0.760688,0.9274321,0.2077554,352.478,142.1261,72.54122,0.7413687,1.011563,0.1936937,0.8857736,0.02316754,0.1046604,Nothing
70.27741,24,2,3,0,0.7609048,0.9274397,0.2079758,352.4742,142.0941,72.61603,0.7410325,1.011601,0.19378,0.8879873,0.01715379,0.1022572,Nothing
70.28595,24,2,3,0,0.7611063,0.9273859,0.2080783,352.488,142.0725,72.68191,0.7407768,1.011489,0.193793,0.8890064,0.01200755,0.09975287,SelectionStart
70.28596,24,2,3,0,0.7611063,0.9273859,0.2080783,352.488,142.0725,72.68191,0.7407768,1.011489,0.193793,0.8890064,0.01200755,0.09975287,SelectionEnd
70.28931,24,2,3,0,0.7611063,0.9273859,0.2080783,352.488,142.0725,72.68191,0.7407768,1.011489,0.193793,0.8890064,0.01200755,0.09975287,GotSelection
70.30017,24,2,3,0,0.7615642,0.9274104,0.208342,352.5233,142.0286,72.81667,0.7401622,1.011629,0.1939005,0.8937473,0.001330371,0.09375843,SelectionStart
70.30019,24,2,3,0,0.7615642,0.9274104,0.208342,352.5233,142.0286,72.81667,0.7401622,1.011629,0.1939005,0.8937473,0.001330371,0.09375843,SelectionEnd
70.30348,24,2,3,0,0.7615642,0.9274104,0.208342,352.5233,142.0286,72.81667,0.7401622,1.011629,0.1939005,0.8937473,0.001330371,0.09375843,GotSelection
70.31302,24,2,3,0,0.7619624,0.9274231,0.2084171,352.5707,142.0611,72.91652,0.7398484,1.011994,0.1938722,0.8995359,-0.005131527,0.09006192,SelectionStart
70.31304,24,2,3,0,0.7619624,0.9274231,0.2084171,352.5707,142.0611,72.91652,0.7398484,1.011994,0.1938722,0.8995359,-0.005131527,0.09006192,SelectionEnd
70.31637,24,2,3,0,0.7619624,0.9274231,0.2084171,352.5707,142.0611,72.91652,0.7398484,1.011994,0.1938722,0.8995359,-0.005131527,0.09006192,GotSelection
70.32757,24,2,3,0,0.7622914,0.9274139,0.2084991,352.5804,142.1277,72.98035,0.7397342,1.012948,0.1939505,0.9102272,-0.006641538,0.08877279,SelectionStart
70.32759,24,2,3,0,0.7622914,0.9274139,0.2084991,352.5804,142.1277,72.98035,0.7397342,1.012948,0.1939505,0.9102272,-0.006641538,0.08877279,SelectionEnd
70.33099,24,2,3,0,0.7622914,0.9274139,0.2084991,352.5804,142.1277,72.98035,0.7397342,1.012948,0.1939505,0.9102272,-0.006641538,0.08877279,GotSelection
70.34025,24,2,3,0,0.7622507,0.927421,0.2082785,352.5877,142.1946,72.92381,0.7390379,1.012613,0.1940161,0.908721,-0.00989339,0.08217544,SelectionStart
70.34027,24,2,3,0,0.7622507,0.927421,0.2082785,352.5877,142.1946,72.92381,0.7390379,1.012613,0.1940161,0.908721,-0.00989339,0.08217544,SelectionEnd
70.34373,24,2,3,0,0.7622507,0.927421,0.2082785,352.5877,142.1946,72.92381,0.7390379,1.012613,0.1940161,0.908721,-0.00989339,0.08217544,GotSelection
70.35332,24,2,3,0,0.7621565,0.9274313,0.2078883,352.6313,142.2631,72.84225,0.7385408,1.01242,0.1941187,0.9076422,-0.009157159,0.07513967,SelectionStart
70.35333,24,2,3,0,0.7621565,0.9274313,0.2078883,352.6313,142.2631,72.84225,0.7385408,1.01242,0.1941187,0.9076422,-0.009157159,0.07513967,SelectionEnd
70.35698,24,2,3,0,0.7621565,0.9274313,0.2078883,352.6313,142.2631,72.84225,0.7385408,1.01242,0.1941187,0.9076422,-0.009157159,0.07513967,GotSelection
70.36723,24,2,3,0,0.7621195,0.9274988,0.2073765,352.7004,142.2964,72.75922,0.7381006,1.012585,0.1937281,0.9098368,-0.009801115,0.07091747,SelectionStart
70.36726,24,2,3,0,0.7621195,0.9274988,0.2073765,352.7004,142.2964,72.75922,0.7381006,1.012585,0.1937281,0.9098368,-0.009801115,0.07091747,SelectionEnd
70.37061,24,2,3,0,0.7621195,0.9274988,0.2073765,352.7004,142.2964,72.75922,0.7381006,1.012585,0.1937281,0.9098368,-0.009801115,0.07091747,GotSelection
70.37981,24,2,3,0,0.7622285,0.9276336,0.2069438,352.7928,142.2857,72.7139,0.7379042,1.012285,0.193322,0.9066882,-0.01246412,0.0668096,SelectionStart
70.37983,24,2,3,0,0.7622285,0.9276336,0.2069438,352.7928,142.2857,72.7139,0.7379042,1.012285,0.193322,0.9066882,-0.01246412,0.0668096,SelectionEnd
70.38327,24,2,3,0,0.7622285,0.9276336,0.2069438,352.7928,142.2857,72.7139,0.7379042,1.012285,0.193322,0.9066882,-0.01246412,0.0668096,GotSelection
70.39484,24,2,3,0,0.762503,0.9277554,0.2066759,352.8602,142.2926,72.72028,0.7373362,1.012119,0.19314,0.9065413,-0.01917602,0.05955887,SelectionStart
70.39485,24,2,3,0,0.762503,0.9277554,0.2066759,352.8602,142.2926,72.72028,0.7373362,1.012119,0.19314,0.9065413,-0.01917602,0.05955887,SelectionEnd
70.39819,24,2,3,0,0.762503,0.9277554,0.2066759,352.8602,142.2926,72.72028,0.7373362,1.012119,0.19314,0.9065413,-0.01917602,0.05955887,GotSelection
70.40816,24,2,3,0,0.7624063,0.9279609,0.2065895,352.865,142.345,72.71436,0.7366998,1.011584,0.1931464,0.9009911,-0.02481504,0.05473012,SelectionStart
70.40819,24,2,3,0,0.7624063,0.9279609,0.2065895,352.865,142.345,72.71436,0.7366998,1.011584,0.1931464,0.9009911,-0.02481504,0.05473012,SelectionEnd
70.41157,24,2,3,0,0.7624063,0.9279609,0.2065895,352.865,142.345,72.71436,0.7366998,1.011584,0.1931464,0.9009911,-0.02481504,0.05473012,GotSelection
70.42148,24,2,3,0,0.7622912,0.9280409,0.2065908,352.8425,142.3829,72.69451,0.7361481,1.011311,0.1930081,0.899047,-0.02975203,0.05322817,SelectionStart
70.4215,24,2,3,0,0.7622912,0.9280409,0.2065908,352.8425,142.3829,72.69451,0.7361481,1.011311,0.1930081,0.899047,-0.02975203,0.05322817,SelectionEnd
70.42488,24,2,3,0,0.7622912,0.9280409,0.2065908,352.8425,142.3829,72.69451,0.7361481,1.011311,0.1930081,0.899047,-0.02975203,0.05322817,GotSelection
70.47041,24,2,3,0,0.7620299,0.9281863,0.2064523,352.8122,142.4545,72.58057,0.7335444,1.008443,0.1923562,0.8778254,-0.05791245,0.03986929,SelectionStart
70.47043,24,2,3,0,0.7620299,0.9281863,0.2064523,352.8122,142.4545,72.58057,0.7335444,1.008443,0.1923562,0.8778254,-0.05791245,0.03986929,SelectionEnd
70.47375,24,2,3,0,0.7620299,0.9281863,0.2064523,352.8122,142.4545,72.58057,0.7335444,1.008443,0.1923562,0.8778254,-0.05791245,0.03986929,GotSelection
70.48464,24,2,3,0,0.7622025,0.928317,0.2062876,352.8894,142.4187,72.58784,0.7326446,1.006752,0.1918848,0.8639359,-0.07342286,0.03210413,SelectionStart
70.48466,24,2,3,0,0.7622025,0.928317,0.2062876,352.8894,142.4187,72.58784,0.7326446,1.006752,0.1918848,0.8639359,-0.07342286,0.03210413,SelectionEnd
70.48802,24,2,3,0,0.7622025,0.928317,0.2062876,352.8894,142.4187,72.58784,0.7326446,1.006752,0.1918848,0.8639359,-0.07342286,0.03210413,GotSelection
70.49889,24,2,3,0,0.7621376,0.9284658,0.2061432,352.9096,142.3789,72.57635,0.7315866,1.004672,0.1914454,0.8458499,-0.08921741,0.02501849,SelectionStart
70.49891,24,2,3,0,0.7621376,0.9284658,0.2061432,352.9096,142.3789,72.57635,0.7315866,1.004672,0.1914454,0.8458499,-0.08921741,0.02501849,SelectionEnd
70.50232,24,2,3,0,0.7621376,0.9284658,0.2061432,352.9096,142.3789,72.57635,0.7315866,1.004672,0.1914454,0.8458499,-0.08921741,0.02501849,GotSelection
70.51184,24,2,3,0,0.7620012,0.9286495,0.2062071,352.8871,142.3844,72.54147,0.7310337,1.00311,0.1907711,0.8310261,-0.1017351,0.02649673,SelectionStart
70.51186,24,2,3,0,0.7620012,0.9286495,0.2062071,352.8871,142.3844,72.54147,0.7310337,1.00311,0.1907711,0.8310261,-0.1017351,0.02649673,SelectionEnd
70.51519,24,2,3,0,0.7620012,0.9286495,0.2062071,352.8871,142.3844,72.54147,0.7310337,1.00311,0.1907711,0.8310261,-0.1017351,0.02649673,GotSelection
70.52473,24,2,3,0,0.7616774,0.9287107,0.2062863,352.8271,142.4216,72.48846,0.7301732,1.001226,0.1900234,0.8147539,-0.1161212,0.02836049,SelectionStart
70.52476,24,2,3,0,0.7616774,0.9287107,0.2062863,352.8271,142.4216,72.48846,0.7301732,1.001226,0.1900234,0.8147539,-0.1161212,0.02836049,SelectionEnd
70.52835,24,2,3,0,0.7616774,0.9287107,0.2062863,352.8271,142.4216,72.48846,0.7301732,1.001226,0.1900234,0.8147539,-0.1161212,0.02836049,GotSelection
70.5379,24,2,3,0,0.7613142,0.9287207,0.2062866,352.7668,142.4863,72.42741,0.7290948,0.9985737,0.1889917,0.792352,-0.1352593,0.02999775,SelectionStart
70.53791,24,2,3,0,0.7613142,0.9287207,0.2062866,352.7668,142.4863,72.42741,0.7290948,0.9985737,0.1889917,0.792352,-0.1352593,0.02999775,SelectionEnd
70.5413,24,2,3,0,0.7613142,0.9287207,0.2062866,352.7668,142.4863,72.42741,0.7290948,0.9985737,0.1889917,0.792352,-0.1352593,0.02999775,GotSelection
70.55263,24,2,3,0,0.7612512,0.9288048,0.20611,352.7792,142.5383,72.37396,0.7280588,0.9959254,0.1877264,0.7702025,-0.1570099,0.02942707,SelectionStart
70.55265,24,2,3,0,0.7612512,0.9288048,0.20611,352.7792,142.5383,72.37396,0.7280588,0.9959254,0.1877264,0.7702025,-0.1570099,0.02942707,SelectionEnd
70.55611,24,2,3,0,0.7612512,0.9288048,0.20611,352.7792,142.5383,72.37396,0.7280588,0.9959254,0.1877264,0.7702025,-0.1570099,0.02942707,GotSelection
70.56559,24,2,3,0,0.7612784,0.9288542,0.2059549,352.8471,142.5445,72.3545,0.7272253,0.9939774,0.1865569,0.754698,-0.1756223,0.02897101,SelectionStart
70.56561,24,2,3,0,0.7612784,0.9288542,0.2059549,352.8471,142.5445,72.3545,0.7272253,0.9939774,0.1865569,0.754698,-0.1756223,0.02897101,SelectionEnd
70.5689,24,2,3,0,0.7612784,0.9288542,0.2059549,352.8471,142.5445,72.3545,0.7272253,0.9939774,0.1865569,0.754698,-0.1756223,0.02897101,GotSelection
70.57881,24,2,3,0,0.761449,0.9289465,0.2057856,352.9225,142.5254,72.37388,0.7265418,0.9918314,0.1852184,0.7368901,-0.1963699,0.02928265,SelectionStart
70.57883,24,2,3,0,0.761449,0.9289465,0.2057856,352.9225,142.5254,72.37388,0.7265418,0.9918314,0.1852184,0.7368901,-0.1963699,0.02928265,SelectionEnd
70.58279,24,2,3,0,0.761449,0.9289465,0.2057856,352.9225,142.5254,72.37388,0.7265418,0.9918314,0.1852184,0.7368901,-0.1963699,0.02928265,GotSelection
70.59376,24,2,3,0,0.7615455,0.9289766,0.2057993,352.955,142.5066,72.39639,0.7259567,0.9890217,0.1831985,0.7134907,-0.2230763,0.03736766,SelectionStart
70.59378,24,2,3,0,0.7615455,0.9289766,0.2057993,352.955,142.5066,72.39639,0.7259567,0.9890217,0.1831985,0.7134907,-0.2230763,0.03736766,SelectionEnd
70.59708,24,2,3,0,0.7615455,0.9289766,0.2057993,352.955,142.5066,72.39639,0.7259567,0.9890217,0.1831985,0.7134907,-0.2230763,0.03736766,GotSelection
70.6065,24,2,3,0,0.7614824,0.9290064,0.2059686,352.9288,142.5186,72.41586,0.7254635,0.9868431,0.1814543,0.6952127,-0.2452095,0.04768647,SelectionStart
70.60652,24,2,3,0,0.7614824,0.9290064,0.2059686,352.9288,142.5186,72.41586,0.7254635,0.9868431,0.1814543,0.6952127,-0.2452095,0.04768647,SelectionEnd
70.60988,24,2,3,0,0.7614824,0.9290064,0.2059686,352.9288,142.5186,72.41586,0.7254635,0.9868431,0.1814543,0.6952127,-0.2452095,0.04768647,GotSelection
70.61977,24,2,3,0,0.7614802,0.9290383,0.2059816,352.9391,142.5208,72.42179,0.7249146,0.9841473,0.1789042,0.6729738,-0.2736521,0.06140351,SelectionStart
70.6198,24,2,3,0,0.7614802,0.9290383,0.2059816,352.9391,142.5208,72.42179,0.7249146,0.9841473,0.1789042,0.6729738,-0.2736521,0.06140351,SelectionEnd
70.62314,24,2,3,0,0.7614802,0.9290383,0.2059816,352.9391,142.5208,72.42179,0.7249146,0.9841473,0.1789042,0.6729738,-0.2736521,0.06140351,GotSelection
70.6328,24,2,3,0,0.7612808,0.9290413,0.2059472,352.9247,142.52,72.41557,0.7245117,0.9820974,0.1767698,0.6557676,-0.2944458,0.0745754,SelectionStart
70.63283,24,2,3,0,0.7612808,0.9290413,0.2059472,352.9247,142.52,72.41557,0.7245117,0.9820974,0.1767698,0.6557676,-0.2944458,0.0745754,SelectionEnd
70.63636,24,2,3,0,0.7612808,0.9290413,0.2059472,352.9247,142.52,72.41557,0.7245117,0.9820974,0.1767698,0.6557676,-0.2944458,0.0745754,GotSelection
70.67629,24,2,3,0,0.7613326,0.9291682,0.2058352,353.0485,142.4091,72.42535,0.7237135,0.9743382,0.1690173,0.5897616,-0.3725474,0.1188192,SelectionStart
70.67631,24,2,3,0,0.7613326,0.9291682,0.2058352,353.0485,142.4091,72.42535,0.7237135,0.9743382,0.1690173,0.5897616,-0.3725474,0.1188192,SelectionEnd
70.6797,24,2,3,0,0.7613326,0.9291682,0.2058352,353.0485,142.4091,72.42535,0.7237135,0.9743382,0.1690173,0.5897616,-0.3725474,0.1188192,GotSelection
70.68919,24,2,3,0,0.7613866,0.9290692,0.2060255,353.0482,142.3824,72.45621,0.7237819,0.9712333,0.1658019,0.5637458,-0.4031777,0.142271,SelectionStart
70.68921,24,2,3,0,0.7613866,0.9290692,0.2060255,353.0482,142.3824,72.45621,0.7237819,0.9712333,0.1658019,0.5637458,-0.4031777,0.142271,SelectionEnd
70.69257,24,2,3,0,0.7613866,0.9290692,0.2060255,353.0482,142.3824,72.45621,0.7237819,0.9712333,0.1658019,0.5637458,-0.4031777,0.142271,GotSelection
70.70267,24,2,3,0,0.7613479,0.9290065,0.2062971,353.0107,142.3552,72.48501,0.7237087,0.9685081,0.1633786,0.5404224,-0.4287034,0.1603698,SelectionStart
70.70269,24,2,3,0,0.7613479,0.9290065,0.2062971,353.0107,142.3552,72.48501,0.7237087,0.9685081,0.1633786,0.5404224,-0.4287034,0.1603698,SelectionEnd
70.70602,24,2,3,0,0.7613479,0.9290065,0.2062971,353.0107,142.3552,72.48501,0.7237087,0.9685081,0.1633786,0.5404224,-0.4287034,0.1603698,GotSelection
70.71609,24,2,3,0,0.7613277,0.9290811,0.206435,352.9728,142.3243,72.51027,0.7236247,0.9657124,0.1609695,0.5150412,-0.454134,0.1767551,SelectionStart
70.71612,24,2,3,0,0.7613277,0.9290811,0.206435,352.9728,142.3243,72.51027,0.7236247,0.9657124,0.1609695,0.5150412,-0.454134,0.1767551,SelectionEnd
70.71948,24,2,3,0,0.7613277,0.9290811,0.206435,352.9728,142.3243,72.51027,0.7236247,0.9657124,0.1609695,0.5150412,-0.454134,0.1767551,GotSelection
70.73082,24,2,3,0,0.7612835,0.9290592,0.2067297,352.951,142.2783,72.55862,0.7237421,0.9617466,0.1577212,0.4793577,-0.4875825,0.20086,SelectionStart
70.73084,24,2,3,0,0.7612835,0.9290592,0.2067297,352.951,142.2783,72.55862,0.7237421,0.9617466,0.1577212,0.4793577,-0.4875825,0.20086,SelectionEnd
70.73431,24,2,3,0,0.7612835,0.9290592,0.2067297,352.951,142.2783,72.55862,0.7237421,0.9617466,0.1577212,0.4793577,-0.4875825,0.20086,GotSelection
70.74537,24,2,3,0,0.7613571,0.9290732,0.2069758,352.928,142.2805,72.60756,0.7239391,0.9572979,0.1544433,0.4385893,-0.522631,0.2243869,SelectionStart
70.74539,24,2,3,0,0.7613571,0.9290732,0.2069758,352.928,142.2805,72.60756,0.7239391,0.9572979,0.1544433,0.4385893,-0.522631,0.2243869,SelectionEnd
70.74911,24,2,3,0,0.7613571,0.9290732,0.2069758,352.928,142.2805,72.60756,0.7239391,0.9572979,0.1544433,0.4385893,-0.522631,0.2243869,GotSelection
70.75927,24,2,3,0,0.7612513,0.9290045,0.2070188,352.894,142.3084,72.58854,0.7242131,0.9537684,0.1519538,0.406258,-0.5459237,0.2431181,SelectionStart
70.75929,24,2,3,0,0.7612513,0.9290045,0.2070188,352.894,142.3084,72.58854,0.7242131,0.9537684,0.1519538,0.406258,-0.5459237,0.2431181,SelectionEnd
70.76253,24,2,3,0,0.7612513,0.9290045,0.2070188,352.894,142.3084,72.58854,0.7242131,0.9537684,0.1519538,0.406258,-0.5459237,0.2431181,GotSelection
70.77154,24,2,3,0,0.761158,0.9290306,0.206879,352.9032,142.3236,72.53961,0.7248353,0.9490103,0.1486519,0.3611689,-0.5744582,0.2669855,SelectionStart
70.77156,24,2,3,0,0.761158,0.9290306,0.206879,352.9032,142.3236,72.53961,0.7248353,0.9490103,0.1486519,0.3611689,-0.5744582,0.2669855,SelectionEnd
70.7752,24,2,3,0,0.761158,0.9290306,0.206879,352.9032,142.3236,72.53961,0.7248353,0.9490103,0.1486519,0.3611689,-0.5744582,0.2669855,GotSelection
70.78664,24,2,3,0,0.7612488,0.929118,0.206626,352.9565,142.3064,72.49762,0.7252424,0.945513,0.1464174,0.3281049,-0.5951127,0.2799786,SelectionStart
70.78666,24,2,3,0,0.7612488,0.929118,0.206626,352.9565,142.3064,72.49762,0.7252424,0.945513,0.1464174,0.3281049,-0.5951127,0.2799786,SelectionEnd
70.79036,24,2,3,0,0.7612488,0.929118,0.206626,352.9565,142.3064,72.49762,0.7252424,0.945513,0.1464174,0.3281049,-0.5951127,0.2799786,GotSelection
70.80032,24,2,3,0,0.7614343,0.9292361,0.2064509,353.0071,142.287,72.50072,0.7255895,0.9411911,0.143618,0.2874404,-0.6238382,0.2961456,SelectionStart
70.80033,24,2,3,0,0.7614343,0.9292361,0.2064509,353.0071,142.287,72.50072,0.7255895,0.9411911,0.143618,0.2874404,-0.6238382,0.2961456,SelectionEnd
70.80364,24,2,3,0,0.7614343,0.9292361,0.2064509,353.0071,142.287,72.50072,0.7255895,0.9411911,0.143618,0.2874404,-0.6238382,0.2961456,GotSelection
70.81432,24,2,3,0,0.7615891,0.929256,0.2064608,353.009,142.3049,72.53394,0.7258269,0.937816,0.1417945,0.2556982,-0.6450765,0.3073392,SelectionStart
70.81434,24,2,3,0,0.7615891,0.929256,0.2064608,353.009,142.3049,72.53394,0.7258269,0.937816,0.1417945,0.2556982,-0.6450765,0.3073392,SelectionEnd
70.8185,24,2,3,0,0.7615891,0.929256,0.2064608,353.009,142.3049,72.53394,0.7258269,0.937816,0.1417945,0.2556982,-0.6450765,0.3073392,GotSelection
70.82897,24,2,3,0,0.761775,0.9292537,0.2065357,353.0025,142.3607,72.57162,0.7261952,0.9340749,0.1397759,0.2203209,-0.6680372,0.3212809,SelectionStart
70.82899,24,2,3,0,0.761775,0.9292537,0.2065357,353.0025,142.3607,72.57162,0.7261952,0.9340749,0.1397759,0.2203209,-0.6680372,0.3212809,SelectionEnd
70.83228,24,2,3,0,0.761775,0.9292537,0.2065357,353.0025,142.3607,72.57162,0.7261952,0.9340749,0.1397759,0.2203209,-0.6680372,0.3212809,GotSelection
70.87238,24,2,3,0,0.7621964,0.9292748,0.2058054,353.1363,142.4198,72.52525,0.7269989,0.9272931,0.137353,0.1560735,-0.6957101,0.3296313,SelectionStart
70.8724,24,2,3,0,0.7621964,0.9292748,0.2058054,353.1363,142.4198,72.52525,0.7269989,0.9272931,0.137353,0.1560735,-0.6957101,0.3296313,SelectionEnd
70.8757,24,2,3,0,0.7621964,0.9292748,0.2058054,353.1363,142.4198,72.52525,0.7269989,0.9272931,0.137353,0.1560735,-0.6957101,0.3296313,GotSelection
70.88714,24,2,3,0,0.7625961,0.9292198,0.2057846,353.1919,142.4239,72.59679,0.7268602,0.9267727,0.1376546,0.1523754,-0.699228,0.3232617,SelectionStart
70.88716,24,2,3,0,0.7625961,0.9292198,0.2057846,353.1919,142.4239,72.59679,0.7268602,0.9267727,0.1376546,0.1523754,-0.699228,0.3232617,SelectionEnd
70.89085,24,2,3,0,0.7625961,0.9292198,0.2057846,353.1919,142.4239,72.59679,0.7268602,0.9267727,0.1376546,0.1523754,-0.699228,0.3232617,GotSelection
70.90145,24,2,3,0,0.7630967,0.9292001,0.2058275,353.23,142.4221,72.68121,0.7267957,0.9268737,0.1384031,0.1538136,-0.6988788,0.3142709,SelectionStart
70.90147,24,2,3,0,0.7630967,0.9292001,0.2058275,353.23,142.4221,72.68121,0.7267957,0.9268737,0.1384031,0.1538136,-0.6988788,0.3142709,SelectionEnd
70.9048,24,2,3,0,0.7630967,0.9292001,0.2058275,353.23,142.4221,72.68121,0.7267957,0.9268737,0.1384031,0.1538136,-0.6988788,0.3142709,GotSelection
70.91481,24,2,3,0,0.7634914,0.929187,0.2058583,353.2744,142.3995,72.76013,0.7263405,0.9288138,0.1400748,0.1731361,-0.6894259,0.2979465,SelectionStart
70.91484,24,2,3,0,0.7634914,0.929187,0.2058583,353.2744,142.3995,72.76013,0.7263405,0.9288138,0.1400748,0.1731361,-0.6894259,0.2979465,SelectionEnd
70.91818,24,2,3,0,0.7634914,0.929187,0.2058583,353.2744,142.3995,72.76013,0.7263405,0.9288138,0.1400748,0.1731361,-0.6894259,0.2979465,GotSelection
70.92792,24,2,3,0,0.7637974,0.9291009,0.2058537,353.3271,142.3824,72.82417,0.7257816,0.931313,0.1420438,0.1985094,-0.6760839,0.2796476,SelectionStart
70.92794,24,2,3,0,0.7637974,0.9291009,0.2058537,353.3271,142.3824,72.82417,0.7257816,0.931313,0.1420438,0.1985094,-0.6760839,0.2796476,SelectionEnd
70.93121,24,2,3,0,0.7637974,0.9291009,0.2058537,353.3271,142.3824,72.82417,0.7257816,0.931313,0.1420438,0.1985094,-0.6760839,0.2796476,GotSelection
70.94051,24,2,3,0,0.7638988,0.9289996,0.2058726,353.3521,142.3617,72.85493,0.7252066,0.9342387,0.1440214,0.2278607,-0.6600775,0.2630704,SelectionStart
70.94053,24,2,3,0,0.7638988,0.9289996,0.2058726,353.3521,142.3617,72.85493,0.7252066,0.9342387,0.1440214,0.2278607,-0.6600775,0.2630704,SelectionEnd
70.94385,24,2,3,0,0.7638988,0.9289996,0.2058726,353.3521,142.3617,72.85493,0.7252066,0.9342387,0.1440214,0.2278607,-0.6600775,0.2630704,GotSelection
70.95285,24,2,3,0,0.7640092,0.92896,0.2059267,353.3602,142.3501,72.88552,0.7238913,0.9387335,0.1466397,0.273445,-0.6414374,0.2388786,SelectionStart
70.95287,24,2,3,0,0.7640092,0.92896,0.2059267,353.3602,142.3501,72.88552,0.7238913,0.9387335,0.1466397,0.273445,-0.6414374,0.2388786,SelectionEnd
70.95618,24,2,3,0,0.7640092,0.92896,0.2059267,353.3602,142.3501,72.88552,0.7238913,0.9387335,0.1466397,0.273445,-0.6414374,0.2388786,GotSelection
70.96642,24,2,3,0,0.7642972,0.92892,0.2060345,353.3583,142.3358,72.9393,0.7230467,0.9428461,0.1489637,0.3144899,-0.6240902,0.2188178,SelectionStart
70.96644,24,2,3,0,0.7642972,0.92892,0.2060345,353.3583,142.3358,72.9393,0.7230467,0.9428461,0.1489637,0.3144899,-0.6240902,0.2188178,SelectionEnd
70.96967,24,2,3,0,0.7642972,0.92892,0.2060345,353.3583,142.3358,72.9393,0.7230467,0.9428461,0.1489637,0.3144899,-0.6240902,0.2188178,GotSelection
70.98103,24,2,3,0,0.7644711,0.9288744,0.2061521,353.3602,142.3141,72.98976,0.7216624,0.950054,0.1526006,0.3857618,-0.5926782,0.1892354,SelectionStart
70.98105,24,2,3,0,0.7644711,0.9288744,0.2061521,353.3602,142.3141,72.98976,0.7216624,0.950054,0.1526006,0.3857618,-0.5926782,0.1892354,SelectionEnd
70.98512,24,2,3,0,0.7644711,0.9288744,0.2061521,353.3602,142.3141,72.98976,0.7216624,0.950054,0.1526006,0.3857618,-0.5926782,0.1892354,GotSelection
70.99557,24,2,3,0,0.7645861,0.9290001,0.2060902,353.384,142.2986,73.00895,0.7200053,0.9581707,0.1565428,0.4647757,-0.5574856,0.1552766,SelectionStart
70.99558,24,2,3,0,0.7645861,0.9290001,0.2060902,353.384,142.2986,73.00895,0.7200053,0.9581707,0.1565428,0.4647757,-0.5574856,0.1552766,SelectionEnd
70.99885,24,2,3,0,0.7645861,0.9290001,0.2060902,353.384,142.2986,73.00895,0.7200053,0.9581707,0.1565428,0.4647757,-0.5574856,0.1552766,GotSelection
71.01117,24,2,3,0,0.7646935,0.9289497,0.2060246,353.416,142.2771,73.02319,0.7185081,0.9671554,0.1606031,0.5533501,-0.5171779,0.1224161,SelectionStart
71.01119,24,2,3,0,0.7646935,0.9289497,0.2060246,353.416,142.2771,73.02319,0.7185081,0.9671554,0.1606031,0.5533501,-0.5171779,0.1224161,SelectionEnd
71.01443,24,2,3,0,0.7646935,0.9289497,0.2060246,353.416,142.2771,73.02319,0.7185081,0.9671554,0.1606031,0.5533501,-0.5171779,0.1224161,GotSelection
71.02445,24,2,3,0,0.7648807,0.9290254,0.2058046,353.482,142.2553,73.02468,0.7176179,0.9745232,0.163709,0.6243153,-0.4829262,0.09683537,SelectionStart
71.02447,24,2,3,0,0.7648807,0.9290254,0.2058046,353.482,142.2553,73.02468,0.7176179,0.9745232,0.163709,0.6243153,-0.4829262,0.09683537,SelectionEnd
71.02769,24,2,3,0,0.7648807,0.9290254,0.2058046,353.482,142.2553,73.02468,0.7176179,0.9745232,0.163709,0.6243153,-0.4829262,0.09683537,GotSelection
71.03794,24,2,3,0,0.765099,0.9290981,0.205612,353.5538,142.226,73.04157,0.7169166,0.983707,0.1677424,0.7114134,-0.436675,0.06679747,SelectionStart
71.03796,24,2,3,0,0.765099,0.9290981,0.205612,353.5538,142.226,73.04157,0.7169166,0.983707,0.1677424,0.7114134,-0.436675,0.06679747,SelectionEnd
71.04181,24,2,3,0,0.765099,0.9290981,0.205612,353.5538,142.226,73.04157,0.7169166,0.983707,0.1677424,0.7114134,-0.436675,0.06679747,GotSelection
71.08225,24,2,3,0,0.7652811,0.9290056,0.2058421,353.5499,142.2262,73.11816,0.7161251,1.008219,0.1786306,0.9423258,-0.3059727,0.003588005,SelectionStart
71.08228,24,2,3,0,0.7652811,0.9290056,0.2058421,353.5499,142.2262,73.11816,0.7161251,1.008219,0.1786306,0.9423258,-0.3059727,0.003588005,SelectionEnd
71.08559,24,2,3,0,0.7652811,0.9290056,0.2058421,353.5499,142.2262,73.11816,0.7161251,1.008219,0.1786306,0.9423258,-0.3059727,0.003588005,GotSelection
71.09618,24,2,3,0,0.7652771,0.9290322,0.2056948,353.5772,142.24,73.10029,0.7163082,1.016374,0.1822974,1.017069,-0.2565418,-0.01679357,SelectionStart
71.09621,24,2,3,0,0.7652771,0.9290322,0.2056948,353.5772,142.24,73.10029,0.7163082,1.016374,0.1822974,1.017069,-0.2565418,-0.01679357,SelectionEnd
71.10024,24,2,3,0,0.7652771,0.9290322,0.2056948,353.5772,142.24,73.10029,0.7163082,1.016374,0.1822974,1.017069,-0.2565418,-0.01679357,GotSelection
71.11983,24,2,3,0,0.765328,0.9292994,0.2053148,353.6761,142.2071,73.07261,0.717215,1.025031,0.186778,1.091272,-0.194458,-0.04285371,SelectionStart
71.11989,24,2,3,0,0.765328,0.9292994,0.2053148,353.6761,142.2071,73.07261,0.717215,1.025031,0.186778,1.091272,-0.194458,-0.04285371,SelectionEnd
71.12595,24,2,3,0,0.765328,0.9292994,0.2053148,353.6761,142.2071,73.07261,0.717215,1.025031,0.186778,1.091272,-0.194458,-0.04285371,GotSelection
71.13818,24,2,3,0,0.765381,0.9293016,0.2053017,353.7063,142.1761,73.09077,0.7181008,1.030802,0.1905664,1.140955,-0.1477239,-0.06246486,SelectionStart
71.1382,24,2,3,0,0.765381,0.9293016,0.2053017,353.7063,142.1761,73.09077,0.7181008,1.030802,0.1905664,1.140955,-0.1477239,-0.06246486,SelectionEnd
71.14207,24,2,3,0,0.765381,0.9293016,0.2053017,353.7063,142.1761,73.09077,0.7181008,1.030802,0.1905664,1.140955,-0.1477239,-0.06246486,GotSelection
71.15312,24,2,3,0,0.765133,0.9294336,0.205374,353.6895,142.1831,73.07469,0.7186524,1.034211,0.193039,1.168068,-0.116759,-0.07268181,SelectionStart
71.15314,24,2,3,0,0.765133,0.9294336,0.205374,353.6895,142.1831,73.07469,0.7186524,1.034211,0.193039,1.168068,-0.116759,-0.07268181,SelectionEnd
71.15646,24,2,3,0,0.765133,0.9294336,0.205374,353.6895,142.1831,73.07469,0.7186524,1.034211,0.193039,1.168068,-0.116759,-0.07268181,GotSelection
71.16631,24,2,3,0,0.7649539,0.9294097,0.2053404,353.6833,142.1796,73.04828,0.7192392,1.037309,0.1953225,1.193842,-0.08676253,-0.08288567,SelectionStart
71.16632,24,2,3,0,0.7649539,0.9294097,0.2053404,353.6833,142.1796,73.04828,0.7192392,1.037309,0.1953225,1.193842,-0.08676253,-0.08288567,SelectionEnd
71.16966,24,2,3,0,0.7649539,0.9294097,0.2053404,353.6833,142.1796,73.04828,0.7192392,1.037309,0.1953225,1.193842,-0.08676253,-0.08288567,GotSelection
71.17899,24,2,3,0,0.7647809,0.9294499,0.2052796,353.6836,142.1633,73.01287,0.7191204,1.037315,0.1963148,1.192358,-0.07908523,-0.09114946,SelectionStart
71.17901,24,2,3,0,0.7647809,0.9294499,0.2052796,353.6836,142.1633,73.01287,0.7191204,1.037315,0.1963148,1.192358,-0.07908523,-0.09114946,SelectionEnd
71.18239,24,2,3,0,0.7647809,0.9294499,0.2052796,353.6836,142.1633,73.01287,0.7191204,1.037315,0.1963148,1.192358,-0.07908523,-0.09114946,GotSelection
71.19548,24,2,3,0,0.7646378,0.9294974,0.2051441,353.6914,142.1233,72.98194,0.7190738,1.036327,0.1971454,1.181101,-0.07460362,-0.09988602,SelectionStart
71.1955,24,2,3,0,0.7646378,0.9294974,0.2051441,353.6914,142.1233,72.98194,0.7190738,1.036327,0.1971454,1.181101,-0.07460362,-0.09988602,SelectionEnd
71.19881,24,2,3,0,0.7646378,0.9294974,0.2051441,353.6914,142.1233,72.98194,0.7190738,1.036327,0.1971454,1.181101,-0.07460362,-0.09988602,GotSelection
71.21091,24,2,3,0,0.7644407,0.9295874,0.2053049,353.6802,142.1136,72.98093,0.7186157,1.034036,0.1977033,1.158418,-0.08108239,-0.1072188,SelectionStart
71.21093,24,2,3,0,0.7644407,0.9295874,0.2053049,353.6802,142.1136,72.98093,0.7186157,1.034036,0.1977033,1.158418,-0.08108239,-0.1072188,SelectionEnd
71.21441,24,2,3,0,0.7644407,0.9295874,0.2053049,353.6802,142.1136,72.98093,0.7186157,1.034036,0.1977033,1.158418,-0.08108239,-0.1072188,GotSelection
71.224,24,2,3,0,0.7643557,0.9294898,0.2056245,353.6503,142.1103,72.9976,0.7174467,1.029578,0.1972579,1.120194,-0.1072242,-0.1122242,SelectionStart
71.22402,24,2,3,0,0.7643557,0.9294898,0.2056245,353.6503,142.1103,72.9976,0.7174467,1.029578,0.1972579,1.120194,-0.1072242,-0.1122242,SelectionEnd
71.22743,24,2,3,0,0.7643557,0.9294898,0.2056245,353.6503,142.1103,72.9976,0.7174467,1.029578,0.1972579,1.120194,-0.1072242,-0.1122242,GotSelection
71.2375,24,2,3,0,0.7644126,0.929482,0.2058108,353.6354,142.0819,73.017,0.7162291,1.023713,0.1962964,1.068343,-0.1415602,-0.117551,SelectionStart
71.23753,24,2,3,0,0.7644126,0.929482,0.2058108,353.6354,142.0819,73.017,0.7162291,1.023713,0.1962964,1.068343,-0.1415602,-0.117551,SelectionEnd
71.2409,24,2,3,0,0.7644126,0.929482,0.2058108,353.6354,142.0819,73.017,0.7162291,1.023713,0.1962964,1.068343,-0.1415602,-0.117551,GotSelection
71.25217,24,2,3,0,0.7643347,0.9295147,0.2059912,353.6085,142.0437,73.0219,0.7148298,1.015682,0.1938089,0.996767,-0.1919613,-0.113455,SelectionStart
71.2522,24,2,3,0,0.7643347,0.9295147,0.2059912,353.6085,142.0437,73.0219,0.7148298,1.015682,0.1938089,0.996767,-0.1919613,-0.113455,SelectionEnd
71.25553,24,2,3,0,0.7643347,0.9295147,0.2059912,353.6085,142.0437,73.0219,0.7148298,1.015682,0.1938089,0.996767,-0.1919613,-0.113455,GotSelection
71.26521,24,2,3,0,0.7642917,0.9296335,0.2060846,353.5738,142.0571,73.00665,0.7137397,1.009282,0.1918734,0.9388263,-0.2315887,-0.1105514,SelectionStart
71.26524,24,2,3,0,0.7642917,0.9296335,0.2060846,353.5738,142.0571,73.00665,0.7137397,1.009282,0.1918734,0.9388263,-0.2315887,-0.1105514,SelectionEnd
71.26859,24,2,3,0,0.7642917,0.9296335,0.2060846,353.5738,142.0571,73.00665,0.7137397,1.009282,0.1918734,0.9388263,-0.2315887,-0.1105514,GotSelection
71.30813,24,2,3,0,0.7641423,0.9298019,0.206118,353.5501,142.091,72.95969,0.7113934,0.9847822,0.1814627,0.7167892,-0.3860222,-0.06833614,SelectionStart
71.30815,24,2,3,0,0.7641423,0.9298019,0.206118,353.5501,142.091,72.95969,0.7113934,0.9847822,0.1814627,0.7167892,-0.3860222,-0.06833614,SelectionEnd
71.31157,24,2,3,0,0.7641423,0.9298019,0.206118,353.5501,142.091,72.95969,0.7113934,0.9847822,0.1814627,0.7167892,-0.3860222,-0.06833614,GotSelection
71.32099,24,2,3,0,0.7642234,0.9298859,0.2059811,353.5693,142.0822,72.94791,0.7103371,0.9782454,0.178059,0.6593203,-0.4345017,-0.05714171,SelectionStart
71.32101,24,2,3,0,0.7642234,0.9298859,0.2059811,353.5693,142.0822,72.94791,0.7103371,0.9782454,0.178059,0.6593203,-0.4345017,-0.05714171,SelectionEnd
71.32443,24,2,3,0,0.7642234,0.9298859,0.2059811,353.5693,142.0822,72.94791,0.7103371,0.9782454,0.178059,0.6593203,-0.4345017,-0.05714171,GotSelection
71.33541,24,2,3,0,0.7642494,0.9299681,0.2058883,353.5815,142.1078,72.93318,0.7105057,0.9681571,0.1731519,0.5651164,-0.4936953,-0.02917219,SelectionStart
71.33543,24,2,3,0,0.7642494,0.9299681,0.2058883,353.5815,142.1078,72.93318,0.7105057,0.9681571,0.1731519,0.5651164,-0.4936953,-0.02917219,SelectionEnd
71.339,24,2,3,0,0.7642494,0.9299681,0.2058883,353.5815,142.1078,72.93318,0.7105057,0.9681571,0.1731519,0.5651164,-0.4936953,-0.02917219,GotSelection
71.34858,24,2,3,0,0.7642647,0.9300521,0.2058444,353.592,142.1247,72.92613,0.7102954,0.9614132,0.1700337,0.502685,-0.5348854,-0.01363457,SelectionStart
71.34859,24,2,3,0,0.7642647,0.9300521,0.2058444,353.592,142.1247,72.92613,0.7102954,0.9614132,0.1700337,0.502685,-0.5348854,-0.01363457,SelectionEnd
71.35198,24,2,3,0,0.7642647,0.9300521,0.2058444,353.592,142.1247,72.92613,0.7102954,0.9614132,0.1700337,0.502685,-0.5348854,-0.01363457,GotSelection
71.36146,24,2,3,0,0.7642942,0.9301409,0.2056238,353.6368,142.1256,72.90943,0.7105841,0.952818,0.1658913,0.4217575,-0.5831838,0.009304286,SelectionStart
71.36147,24,2,3,0,0.7642942,0.9301409,0.2056238,353.6368,142.1256,72.90943,0.7105841,0.952818,0.1658913,0.4217575,-0.5831838,0.009304286,SelectionEnd
71.36543,24,2,3,0,0.7642942,0.9301409,0.2056238,353.6368,142.1256,72.90943,0.7105841,0.952818,0.1658913,0.4217575,-0.5831838,0.009304286,GotSelection
71.37547,24,2,3,0,0.7642695,0.9300896,0.2055687,353.6535,142.1069,72.89783,0.7109321,0.9470903,0.1627507,0.3688228,-0.6165049,0.02962357,SelectionStart
71.37549,24,2,3,0,0.7642695,0.9300896,0.2055687,353.6535,142.1069,72.89783,0.7109321,0.9470903,0.1627507,0.3688228,-0.6165049,0.02962357,SelectionEnd
71.37876,24,2,3,0,0.7642695,0.9300896,0.2055687,353.6535,142.1069,72.89783,0.7109321,0.9470903,0.1627507,0.3688228,-0.6165049,0.02962357,GotSelection
71.38851,24,2,3,0,0.764394,0.9300921,0.2054522,353.6822,142.0684,72.91235,0.7116581,0.9393952,0.1585502,0.2963744,-0.660559,0.05684387,SelectionStart
71.38853,24,2,3,0,0.764394,0.9300921,0.2054522,353.6822,142.0684,72.91235,0.7116581,0.9393952,0.1585502,0.2963744,-0.660559,0.05684387,SelectionEnd
71.39194,24,2,3,0,0.764394,0.9300921,0.2054522,353.6822,142.0684,72.91235,0.7116581,0.9393952,0.1585502,0.2963744,-0.660559,0.05684387,GotSelection
71.40279,24,2,3,0,0.7644399,0.9299434,0.2055674,353.6845,142.0512,72.94626,0.7121691,0.9339062,0.155401,0.2460821,-0.6935652,0.07963374,SelectionStart
71.40281,24,2,3,0,0.7644399,0.9299434,0.2055674,353.6845,142.0512,72.94626,0.7121691,0.9339062,0.155401,0.2460821,-0.6935652,0.07963374,SelectionEnd
71.40636,24,2,3,0,0.7644399,0.9299434,0.2055674,353.6845,142.0512,72.94626,0.7121691,0.9339062,0.155401,0.2460821,-0.6935652,0.07963374,GotSelection
71.4177,24,2,3,0,0.7646809,0.9298683,0.2056658,353.7045,142.0317,73.01945,0.7133217,0.9272186,0.1517662,0.1820792,-0.7300122,0.1075087,SelectionStart
71.41774,24,2,3,0,0.7646809,0.9298683,0.2056658,353.7045,142.0317,73.01945,0.7133217,0.9272186,0.1517662,0.1820792,-0.7300122,0.1075087,SelectionEnd
71.42172,24,2,3,0,0.7646809,0.9298683,0.2056658,353.7045,142.0317,73.01945,0.7133217,0.9272186,0.1517662,0.1820792,-0.7300122,0.1075087,GotSelection
71.43263,24,2,3,0,0.7647625,0.9296771,0.2057839,353.7089,142.0118,73.06596,0.7146764,0.9210245,0.1487026,0.1226178,-0.7583079,0.1339145,SelectionStart
71.43266,24,2,3,0,0.7647625,0.9296771,0.2057839,353.7089,142.0118,73.06596,0.7146764,0.9210245,0.1487026,0.1226178,-0.7583079,0.1339145,SelectionEnd
71.43657,24,2,3,0,0.7647625,0.9296771,0.2057839,353.7089,142.0118,73.06596,0.7146764,0.9210245,0.1487026,0.1226178,-0.7583079,0.1339145,GotSelection
71.44638,24,2,3,0,0.7649773,0.9296757,0.2056608,353.7348,141.9886,73.0944,0.7158857,0.9169324,0.146824,0.08141609,-0.774011,0.1493384,SelectionStart
71.4464,24,2,3,0,0.7649773,0.9296757,0.2056608,353.7348,141.9886,73.0944,0.7158857,0.9169324,0.146824,0.08141609,-0.774011,0.1493384,SelectionEnd
71.4497,24,2,3,0,0.7649773,0.9296757,0.2056608,353.7348,141.9886,73.0944,0.7158857,0.9169324,0.146824,0.08141609,-0.774011,0.1493384,GotSelection
71.46165,24,2,3,0,0.7650241,0.9295915,0.2057093,353.7605,141.9815,73.11978,0.717355,0.912168,0.1446989,0.03363267,-0.7907878,0.1703714,SelectionStart
71.46167,24,2,3,0,0.7650241,0.9295915,0.2057093,353.7605,141.9815,73.11978,0.717355,0.912168,0.1446989,0.03363267,-0.7907878,0.1703714,SelectionEnd
71.46493,24,2,3,0,0.7650241,0.9295915,0.2057093,353.7605,141.9815,73.11978,0.717355,0.912168,0.1446989,0.03363267,-0.7907878,0.1703714,GotSelection
71.47419,24,2,3,0,0.7650869,0.9295576,0.2056939,353.7713,141.9796,73.13244,0.7180892,0.9093522,0.1439093,0.005256535,-0.7987985,0.1776838,SelectionStart
71.47421,24,2,3,0,0.7650869,0.9295576,0.2056939,353.7713,141.9796,73.13244,0.7180892,0.9093522,0.1439093,0.005256535,-0.7987985,0.1776838,SelectionEnd
71.47766,24,2,3,0,0.7650869,0.9295576,0.2056939,353.7713,141.9796,73.13244,0.7180892,0.9093522,0.1439093,0.005256535,-0.7987985,0.1776838,GotSelection
71.51866,24,2,3,0,0.765255,0.9295558,0.2057248,353.7565,141.9786,73.15754,0.7198409,0.9052329,0.1417837,-0.03770209,-0.812564,0.2001659,SelectionStart
71.51869,24,2,3,0,0.765255,0.9295558,0.2057248,353.7565,141.9786,73.15754,0.7198409,0.9052329,0.1417837,-0.03770209,-0.812564,0.2001659,SelectionEnd
71.52234,24,2,3,0,0.765255,0.9295558,0.2057248,353.7565,141.9786,73.15754,0.7198409,0.9052329,0.1417837,-0.03770209,-0.812564,0.2001659,GotSelection
71.53181,24,2,3,0,0.7654724,0.9295052,0.2055538,353.7998,141.9921,73.16884,0.7195522,0.9074537,0.1425638,-0.01513371,-0.8036321,0.1922912,SelectionStart
71.53182,24,2,3,0,0.7654724,0.9295052,0.2055538,353.7998,141.9921,73.16884,0.7195522,0.9074537,0.1425638,-0.01513371,-0.8036321,0.1922912,SelectionEnd
71.53516,24,2,3,0,0.7654724,0.9295052,0.2055538,353.7998,141.9921,73.16884,0.7195522,0.9074537,0.1425638,-0.01513371,-0.8036321,0.1922912,GotSelection
71.54478,24,2,3,0,0.7657208,0.9294328,0.2053635,353.8494,141.9842,73.18941,0.7189767,0.9106566,0.1436632,0.01772321,-0.7920964,0.1805272,SelectionStart
71.5448,24,2,3,0,0.7657208,0.9294328,0.2053635,353.8494,141.9842,73.18941,0.7189767,0.9106566,0.1436632,0.01772321,-0.7920964,0.1805272,SelectionEnd
71.54807,24,2,3,0,0.7657208,0.9294328,0.2053635,353.8494,141.9842,73.18941,0.7189767,0.9106566,0.1436632,0.01772321,-0.7920964,0.1805272,GotSelection
71.55824,24,2,3,0,0.7660349,0.9293961,0.2052739,353.9003,141.9777,73.22688,0.7183583,0.9147128,0.1449978,0.05846873,-0.7781766,0.1678585,SelectionStart
71.55826,24,2,3,0,0.7660349,0.9293961,0.2052739,353.9003,141.9777,73.22688,0.7183583,0.9147128,0.1449978,0.05846873,-0.7781766,0.1678585,SelectionEnd
71.56146,24,2,3,0,0.7660349,0.9293961,0.2052739,353.9003,141.9777,73.22688,0.7183583,0.9147128,0.1449978,0.05846873,-0.7781766,0.1678585,GotSelection
71.57088,24,2,3,0,0.7662388,0.9293694,0.2053528,353.9018,141.9813,73.26662,0.7167417,0.9206088,0.14706,0.1188701,-0.7621472,0.1471055,SelectionStart
71.57091,24,2,3,0,0.7662388,0.9293694,0.2053528,353.9018,141.9813,73.26662,0.7167417,0.9206088,0.14706,0.1188701,-0.7621472,0.1471055,SelectionEnd
71.57486,24,2,3,0,0.7662388,0.9293694,0.2053528,353.9018,141.9813,73.26662,0.7167417,0.9206088,0.14706,0.1188701,-0.7621472,0.1471055,GotSelection
71.58762,24,2,3,0,0.7665049,0.9293208,0.2054916,353.9015,141.9878,73.32149,0.7147203,0.9285403,0.1501118,0.1995408,-0.7379425,0.1182686,SelectionStart
71.58765,24,2,3,0,0.7665049,0.9293208,0.2054916,353.9015,141.9878,73.32149,0.7147203,0.9285403,0.1501118,0.1995408,-0.7379425,0.1182686,SelectionEnd
71.59103,24,2,3,0,0.7665049,0.9293208,0.2054916,353.9015,141.9878,73.32149,0.7147203,0.9285403,0.1501118,0.1995408,-0.7379425,0.1182686,GotSelection
71.60376,24,2,3,0,0.7666474,0.9291841,0.2057064,353.8654,142.0061,73.36663,0.7128875,0.9391524,0.1538143,0.3057379,-0.6998755,0.09000148,SelectionStart
71.60378,24,2,3,0,0.7666474,0.9291841,0.2057064,353.8654,142.0061,73.36663,0.7128875,0.9391524,0.1538143,0.3057379,-0.6998755,0.09000148,SelectionEnd
71.60721,24,2,3,0,0.7666474,0.9291841,0.2057064,353.8654,142.0061,73.36663,0.7128875,0.9391524,0.1538143,0.3057379,-0.6998755,0.09000148,GotSelection
71.61784,24,2,3,0,0.7666512,0.929202,0.2056831,353.8751,142.0262,73.35964,0.7112072,0.9467553,0.1568093,0.3815349,-0.6715398,0.0638617,SelectionStart
71.61785,24,2,3,0,0.7666512,0.929202,0.2056831,353.8751,142.0262,73.35964,0.7112072,0.9467553,0.1568093,0.3815349,-0.6715398,0.0638617,SelectionEnd
71.62117,24,2,3,0,0.7666512,0.929202,0.2056831,353.8751,142.0262,73.35964,0.7112072,0.9467553,0.1568093,0.3815349,-0.6715398,0.0638617,GotSelection
71.63038,24,2,3,0,0.7666158,0.9291463,0.2056097,353.8797,142.0231,73.35541,0.7099002,0.9539481,0.1598981,0.4526979,-0.6402095,0.03846925,SelectionStart
71.6304,24,2,3,0,0.7666158,0.9291463,0.2056097,353.8797,142.0231,73.35541,0.7099002,0.9539481,0.1598981,0.4526979,-0.6402095,0.03846925,SelectionEnd
71.6338,24,2,3,0,0.7666158,0.9291463,0.2056097,353.8797,142.0231,73.35541,0.7099002,0.9539481,0.1598981,0.4526979,-0.6402095,0.03846925,GotSelection
71.64487,24,2,3,0,0.7668699,0.9290971,0.2055862,353.8909,142.0326,73.38158,0.7088258,0.9634847,0.163251,0.54619,-0.6014586,0.01365813,SelectionStart
71.64488,24,2,3,0,0.7668699,0.9290971,0.2055862,353.8909,142.0326,73.38158,0.7088258,0.9634847,0.163251,0.54619,-0.6014586,0.01365813,SelectionEnd
71.64818,24,2,3,0,0.7668699,0.9290971,0.2055862,353.8909,142.0326,73.38158,0.7088258,0.9634847,0.163251,0.54619,-0.6014586,0.01365813,GotSelection
71.65712,24,2,3,0,0.7670969,0.9290401,0.205621,353.9008,142.0577,73.41001,0.7082451,0.9705546,0.1657788,0.6150981,-0.5715842,-0.003339795,SelectionStart
71.65714,24,2,3,0,0.7670969,0.9290401,0.205621,353.9008,142.0577,73.41001,0.7082451,0.9705546,0.1657788,0.6150981,-0.5715842,-0.003339795,SelectionEnd
71.66075,24,2,3,0,0.7670969,0.9290401,0.205621,353.9008,142.0577,73.41001,0.7082451,0.9705546,0.1657788,0.6150981,-0.5715842,-0.003339795,GotSelection
71.67144,24,2,3,0,0.7672496,0.9290577,0.2056155,353.9006,142.066,73.41834,0.7065141,0.98057,0.1692937,0.7143195,-0.5348901,-0.03230957,SelectionStart
71.67146,24,2,3,0,0.7672496,0.9290577,0.2056155,353.9006,142.066,73.41834,0.7065141,0.98057,0.1692937,0.7143195,-0.5348901,-0.03230957,SelectionEnd
71.67485,24,2,3,0,0.7672496,0.9290577,0.2056155,353.9006,142.066,73.41834,0.7065141,0.98057,0.1692937,0.7143195,-0.5348901,-0.03230957,GotSelection
71.72071,24,2,3,0,0.7677608,0.9291545,0.2055405,354.0098,141.9858,73.52262,0.7050022,1.009742,0.1807587,0.9908395,-0.395328,-0.1082553,SelectionStart
71.72073,24,2,3,0,0.7677608,0.9291545,0.2055405,354.0098,141.9858,73.52262,0.7050022,1.009742,0.1807587,0.9908395,-0.395328,-0.1082553,SelectionEnd
71.72404,24,2,3,0,0.7677608,0.9291545,0.2055405,354.0098,141.9858,73.52262,0.7050022,1.009742,0.1807587,0.9908395,-0.395328,-0.1082553,GotSelection
71.73672,24,2,3,0,0.7676005,0.9291815,0.2056471,353.9711,141.991,73.52142,0.7049966,1.016013,0.1835691,1.048578,-0.3592394,-0.1215871,SelectionStart
71.73674,24,2,3,0,0.7676005,0.9291815,0.2056471,353.9711,141.991,73.52142,0.7049966,1.016013,0.1835691,1.048578,-0.3592394,-0.1215871,SelectionEnd
71.74006,24,2,3,0,0.7676005,0.9291815,0.2056471,353.9711,141.991,73.52142,0.7049966,1.016013,0.1835691,1.048578,-0.3592394,-0.1215871,GotSelection
71.75028,24,2,3,0,0.7673346,0.9290917,0.2057169,353.9461,141.9948,73.48173,0.7048233,1.020066,0.185445,1.087145,-0.3345542,-0.1305526,SelectionStart
71.75031,24,2,3,0,0.7673346,0.9290917,0.2057169,353.9461,141.9948,73.48173,0.7048233,1.020066,0.185445,1.087145,-0.3345542,-0.1305526,SelectionEnd
71.75377,24,2,3,0,0.7673346,0.9290917,0.2057169,353.9461,141.9948,73.48173,0.7048233,1.020066,0.185445,1.087145,-0.3345542,-0.1305526,GotSelection
71.76317,24,2,3,0,0.7672566,0.9291791,0.2054844,353.9765,141.9727,73.44586,0.7046245,1.023772,0.1877931,1.120302,-0.3080804,-0.1488008,SelectionStart
71.76318,24,2,3,0,0.7672566,0.9291791,0.2054844,353.9765,141.9727,73.44586,0.7046245,1.023772,0.1877931,1.120302,-0.3080804,-0.1488008,SelectionEnd
71.76649,24,2,3,0,0.7672566,0.9291791,0.2054844,353.9765,141.9727,73.44586,0.7046245,1.023772,0.1877931,1.120302,-0.3080804,-0.1488008,GotSelection
71.77836,24,2,3,0,0.7672309,0.9292356,0.2053909,354.0049,141.9277,73.43706,0.7043018,1.024866,0.1891061,1.12983,-0.2981382,-0.1617559,SelectionStart
71.77837,24,2,3,0,0.7672309,0.9292356,0.2053909,354.0049,141.9277,73.43706,0.7043018,1.024866,0.1891061,1.12983,-0.2981382,-0.1617559,SelectionEnd
71.78167,24,2,3,0,0.7672309,0.9292356,0.2053909,354.0049,141.9277,73.43706,0.7043018,1.024866,0.1891061,1.12983,-0.2981382,-0.1617559,GotSelection
71.79154,24,2,3,0,0.7672769,0.9292351,0.205486,354.0217,141.8805,73.48974,0.7037131,1.026055,0.1908432,1.141294,-0.2899985,-0.1783655,SelectionStart
71.79156,24,2,3,0,0.7672769,0.9292351,0.205486,354.0217,141.8805,73.48974,0.7037131,1.026055,0.1908432,1.141294,-0.2899985,-0.1783655,SelectionEnd
71.79482,24,2,3,0,0.7672769,0.9292351,0.205486,354.0217,141.8805,73.48974,0.7037131,1.026055,0.1908432,1.141294,-0.2899985,-0.1783655,GotSelection
71.80432,24,2,3,0,0.7673297,0.9292536,0.205609,354.0226,141.8534,73.52895,0.7030889,1.025461,0.191646,1.136422,-0.2932184,-0.1889805,SelectionStart
71.80434,24,2,3,0,0.7673297,0.9292536,0.205609,354.0226,141.8534,73.52895,0.7030889,1.025461,0.191646,1.136422,-0.2932184,-0.1889805,SelectionEnd
71.80773,24,2,3,0,0.7673297,0.9292536,0.205609,354.0226,141.8534,73.52895,0.7030889,1.025461,0.191646,1.136422,-0.2932184,-0.1889805,GotSelection
71.81946,24,2,3,0,0.7672215,0.9291669,0.2058197,353.9894,141.8302,73.53616,0.7020554,1.022591,0.192438,1.111518,-0.3045032,-0.2020538,SelectionStart
71.81947,24,2,3,0,0.7672215,0.9291669,0.2058197,353.9894,141.8302,73.53616,0.7020554,1.022591,0.192438,1.111518,-0.3045032,-0.2020538,SelectionEnd
71.82296,24,2,3,0,0.7672215,0.9291669,0.2058197,353.9894,141.8302,73.53616,0.7020554,1.022591,0.192438,1.111518,-0.3045032,-0.2020538,GotSelection
71.83299,24,2,3,0,0.7671202,0.9291684,0.2058671,353.9846,141.8138,73.52869,0.7009748,1.018532,0.1924249,1.074968,-0.3236734,-0.2121458,SelectionStart
71.83302,24,2,3,0,0.7671202,0.9291684,0.2058671,353.9846,141.8138,73.52869,0.7009748,1.018532,0.1924249,1.074968,-0.3236734,-0.2121458,SelectionEnd
71.83632,24,2,3,0,0.7671202,0.9291684,0.2058671,353.9846,141.8138,73.52869,0.7009748,1.018532,0.1924249,1.074968,-0.3236734,-0.2121458,GotSelection
71.84602,24,2,3,0,0.7670752,0.9291875,0.2059547,353.9816,141.7772,73.53761,0.6995798,1.013214,0.1921895,1.02722,-0.3511384,-0.2240964,SelectionStart
71.84604,24,2,3,0,0.7670752,0.9291875,0.2059547,353.9816,141.7772,73.53761,0.6995798,1.013214,0.1921895,1.02722,-0.3511384,-0.2240964,SelectionEnd
71.84935,24,2,3,0,0.7670752,0.9291875,0.2059547,353.9816,141.7772,73.53761,0.6995798,1.013214,0.1921895,1.02722,-0.3511384,-0.2240964,GotSelection
71.86177,24,2,3,0,0.7670698,0.9291878,0.2062332,353.944,141.7467,73.57045,0.6983323,1.005964,0.1908429,0.961794,-0.3918605,-0.2265062,SelectionStart
71.86179,24,2,3,0,0.7670698,0.9291878,0.2062332,353.944,141.7467,73.57045,0.6983323,1.005964,0.1908429,0.961794,-0.3918605,-0.2265062,SelectionEnd
71.86507,24,2,3,0,0.7670698,0.9291878,0.2062332,353.944,141.7467,73.57045,0.6983323,1.005964,0.1908429,0.961794,-0.3918605,-0.2265062,GotSelection
71.87814,24,2,3,0,0.7670985,0.9291427,0.206509,353.9059,141.7057,73.6188,0.6972811,0.9987217,0.1888582,0.896864,-0.4353387,-0.2230134,SelectionStart
71.87816,24,2,3,0,0.7670985,0.9291427,0.206509,353.9059,141.7057,73.6188,0.6972811,0.9987217,0.1888582,0.896864,-0.4353387,-0.2230134,SelectionEnd
71.88143,24,2,3,0,0.7670985,0.9291427,0.206509,353.9059,141.7057,73.6188,0.6972811,0.9987217,0.1888582,0.896864,-0.4353387,-0.2230134,GotSelection
71.89178,24,2,3,0,0.7670748,0.9291409,0.2066587,353.8805,141.6715,73.63824,0.6965818,0.9921576,0.1864516,0.837355,-0.4753741,-0.2141285,SelectionStart
71.8918,24,2,3,0,0.7670748,0.9291409,0.2066587,353.8805,141.6715,73.63824,0.6965818,0.9921576,0.1864516,0.837355,-0.4753741,-0.2141285,SelectionEnd
71.89514,24,2,3,0,0.7670748,0.9291409,0.2066587,353.8805,141.6715,73.63824,0.6965818,0.9921576,0.1864516,0.837355,-0.4753741,-0.2141285,GotSelection
71.93679,24,2,3,0,0.7670431,0.9292596,0.2066716,353.9091,141.6515,73.67316,0.6963639,0.9651673,0.1764646,0.5832323,-0.6176444,-0.1656649,SelectionStart
71.93681,24,2,3,0,0.7670431,0.9292596,0.2066716,353.9091,141.6515,73.67316,0.6963639,0.9651673,0.1764646,0.5832323,-0.6176444,-0.1656649,SelectionEnd
71.94008,24,2,3,0,0.7670431,0.9292596,0.2066716,353.9091,141.6515,73.67316,0.6963639,0.9651673,0.1764646,0.5832323,-0.6176444,-0.1656649,GotSelection
71.95001,24,2,3,0,0.767002,0.9293395,0.2066374,353.9124,141.6322,73.67432,0.6964858,0.9582579,0.1738617,0.5171837,-0.6525165,-0.1520463,SelectionStart
71.95003,24,2,3,0,0.767002,0.9293395,0.2066374,353.9124,141.6322,73.67432,0.6964858,0.9582579,0.1738617,0.5171837,-0.6525165,-0.1520463,SelectionEnd
71.95329,24,2,3,0,0.767002,0.9293395,0.2066374,353.9124,141.6322,73.67432,0.6964858,0.9582579,0.1738617,0.5171837,-0.6525165,-0.1520463,GotSelection
71.96276,24,2,3,0,0.76709,0.9293486,0.2066615,353.9217,141.6156,73.67754,0.6974798,0.9517385,0.1708513,0.4538891,-0.6834951,-0.129534,SelectionStart
71.96278,24,2,3,0,0.76709,0.9293486,0.2066615,353.9217,141.6156,73.67754,0.6974798,0.9517385,0.1708513,0.4538891,-0.6834951,-0.129534,SelectionEnd
71.96622,24,2,3,0,0.76709,0.9293486,0.2066615,353.9217,141.6156,73.67754,0.6974798,0.9517385,0.1708513,0.4538891,-0.6834951,-0.129534,GotSelection
71.97857,24,2,3,0,0.766914,0.9294041,0.2067345,353.9136,141.5914,73.67017,0.698608,0.9416912,0.1664978,0.3561723,-0.7303947,-0.09734935,SelectionStart
71.97859,24,2,3,0,0.766914,0.9294041,0.2067345,353.9136,141.5914,73.67017,0.698608,0.9416912,0.1664978,0.3561723,-0.7303947,-0.09734935,SelectionEnd
71.98255,24,2,3,0,0.766914,0.9294041,0.2067345,353.9136,141.5914,73.67017,0.698608,0.9416912,0.1664978,0.3561723,-0.7303947,-0.09734935,GotSelection
71.99481,24,2,3,0,0.7669216,0.9295968,0.2067478,353.8929,141.5893,73.67844,0.6999869,0.9346099,0.1630154,0.2846957,-0.7630069,-0.0687958,SelectionStart
71.99483,24,2,3,0,0.7669216,0.9295968,0.2067478,353.8929,141.5893,73.67844,0.6999869,0.9346099,0.1630154,0.2846957,-0.7630069,-0.0687958,SelectionEnd
71.99813,24,2,3,0,0.7669216,0.9295968,0.2067478,353.8929,141.5893,73.67844,0.6999869,0.9346099,0.1630154,0.2846957,-0.7630069,-0.0687958,GotSelection
72.00767,24,2,3,0,0.7669405,0.9296355,0.2068889,353.8726,141.5807,73.70278,0.7012289,0.9294294,0.1604106,0.2326878,-0.7861774,-0.0450479,SelectionStart
72.00768,24,2,3,0,0.7669405,0.9296355,0.2068889,353.8726,141.5807,73.70278,0.7012289,0.9294294,0.1604106,0.2326878,-0.7861774,-0.0450479,SelectionEnd
72.01101,24,2,3,0,0.7669405,0.9296355,0.2068889,353.8726,141.5807,73.70278,0.7012289,0.9294294,0.1604106,0.2326878,-0.7861774,-0.0450479,GotSelection
72.02023,24,2,3,0,0.7669486,0.9296693,0.2070082,353.8502,141.5774,73.72156,0.7025343,0.9248019,0.1580648,0.1856698,-0.8053863,-0.0224216,SelectionStart
72.02025,24,2,3,0,0.7669486,0.9296693,0.2070082,353.8502,141.5774,73.72156,0.7025343,0.9248019,0.1580648,0.1856698,-0.8053863,-0.0224216,SelectionEnd
72.02367,24,2,3,0,0.7669486,0.9296693,0.2070082,353.8502,141.5774,73.72156,0.7025343,0.9248019,0.1580648,0.1856698,-0.8053863,-0.0224216,GotSelection
72.03619,24,2,3,0,0.76683,0.9296099,0.2072194,353.8264,141.5704,73.73677,0.7043599,0.9190707,0.154787,0.1279423,-0.8290709,0.01121365,SelectionStart
72.03621,24,2,3,0,0.76683,0.9296099,0.2072194,353.8264,141.5704,73.73677,0.7043599,0.9190707,0.154787,0.1279423,-0.8290709,0.01121365,SelectionEnd
72.03968,24,2,3,0,0.76683,0.9296099,0.2072194,353.8264,141.5704,73.73677,0.7043599,0.9190707,0.154787,0.1279423,-0.8290709,0.01121365,GotSelection
72.04965,24,2,3,0,0.7669282,0.9296588,0.2071469,353.8557,141.549,73.7494,0.7060661,0.9141202,0.1518401,0.07721488,-0.8494533,0.03847807,SelectionStart
72.04967,24,2,3,0,0.7669282,0.9296588,0.2071469,353.8557,141.549,73.7494,0.7060661,0.9141202,0.1518401,0.07721488,-0.8494533,0.03847807,SelectionEnd
72.05292,24,2,3,0,0.7669282,0.9296588,0.2071469,353.8557,141.549,73.7494,0.7060661,0.9141202,0.1518401,0.07721488,-0.8494533,0.03847807,GotSelection
72.06284,24,2,3,0,0.767182,0.9295435,0.2070051,353.8853,141.5468,73.75975,0.7072302,0.9110968,0.1499638,0.04779786,-0.8618801,0.05489011,SelectionStart
72.06286,24,2,3,0,0.767182,0.9295435,0.2070051,353.8853,141.5468,73.75975,0.7072302,0.9110968,0.1499638,0.04779786,-0.8618801,0.05489011,SelectionEnd
72.06628,24,2,3,0,0.767182,0.9295435,0.2070051,353.8853,141.5468,73.75975,0.7072302,0.9110968,0.1499638,0.04779786,-0.8618801,0.05489011,GotSelection
72.07783,24,2,3,0,0.7674935,0.9295862,0.2068465,353.9586,141.5356,73.80099,0.7088212,0.9078815,0.1477186,0.01386252,-0.8747535,0.07612877,SelectionStart
72.07784,24,2,3,0,0.7674935,0.9295862,0.2068465,353.9586,141.5356,73.80099,0.7088212,0.9078815,0.1477186,0.01386252,-0.8747535,0.07612877,SelectionEnd
72.08109,24,2,3,0,0.7674935,0.9295862,0.2068465,353.9586,141.5356,73.80099,0.7088212,0.9078815,0.1477186,0.01386252,-0.8747535,0.07612877,GotSelection
72.09164,24,2,3,0,0.767655,0.9295279,0.2067404,353.9913,141.5321,73.82379,0.7098945,0.9061627,0.1463898,-0.004047675,-0.880356,0.08990358,SelectionStart
72.09167,24,2,3,0,0.767655,0.9295279,0.2067404,353.9913,141.5321,73.82379,0.7098945,0.9061627,0.1463898,-0.004047675,-0.880356,0.08990358,SelectionEnd
72.09543,24,2,3,0,0.767655,0.9295279,0.2067404,353.9913,141.5321,73.82379,0.7098945,0.9061627,0.1463898,-0.004047675,-0.880356,0.08990358,GotSelection
72.10894,24,2,3,0,0.7679638,0.9292948,0.2067531,354.0003,141.5294,73.84464,0.7111831,0.9048309,0.144538,-0.01606027,-0.8879194,0.1097263,SelectionStart
72.10896,24,2,3,0,0.7679638,0.9292948,0.2067531,354.0003,141.5294,73.84464,0.7111831,0.9048309,0.144538,-0.01606027,-0.8879194,0.1097263,SelectionEnd
72.11234,24,2,3,0,0.7679638,0.9292948,0.2067531,354.0003,141.5294,73.84464,0.7111831,0.9048309,0.144538,-0.01606027,-0.8879194,0.1097263,GotSelection
72.15422,24,2,3,0,0.7683821,0.9293597,0.206359,354.0454,141.5814,73.87358,0.7105992,0.9097878,0.143402,0.03472205,-0.8862036,0.1154553,SelectionStart
72.15425,24,2,3,0,0.7683821,0.9293597,0.206359,354.0454,141.5814,73.87358,0.7105992,0.9097878,0.143402,0.03472205,-0.8862036,0.1154553,SelectionEnd
72.15791,24,2,3,0,0.7683821,0.9293597,0.206359,354.0454,141.5814,73.87358,0.7105992,0.9097878,0.143402,0.03472205,-0.8862036,0.1154553,GotSelection
72.16879,24,2,3,0,0.7687988,0.929424,0.2060421,354.1523,141.5759,73.90334,0.7087811,0.9145395,0.1443221,0.08531889,-0.8819289,0.09671102,SelectionStart
72.16881,24,2,3,0,0.7687988,0.929424,0.2060421,354.1523,141.5759,73.90334,0.7087811,0.9145395,0.1443221,0.08531889,-0.8819289,0.09671102,SelectionEnd
72.17212,24,2,3,0,0.7687988,0.929424,0.2060421,354.1523,141.5759,73.90334,0.7087811,0.9145395,0.1443221,0.08531889,-0.8819289,0.09671102,GotSelection
72.18131,24,2,3,0,0.7691888,0.9294598,0.2058811,354.2311,141.5707,73.93107,0.7071214,0.9195939,0.1454461,0.1385053,-0.8751048,0.07885449,SelectionStart
72.18134,24,2,3,0,0.7691888,0.9294598,0.2058811,354.2311,141.5707,73.93107,0.7071214,0.9195939,0.1454461,0.1385053,-0.8751048,0.07885449,SelectionEnd
72.18464,24,2,3,0,0.7691888,0.9294598,0.2058811,354.2311,141.5707,73.93107,0.7071214,0.9195939,0.1454461,0.1385053,-0.8751048,0.07885449,GotSelection
72.19498,24,2,3,0,0.7692158,0.9294226,0.2060046,354.2021,141.5647,73.93744,0.7050203,0.9256812,0.1473077,0.2024303,-0.8629228,0.05777362,SelectionStart
72.19501,24,2,3,0,0.7692158,0.9294226,0.2060046,354.2021,141.5647,73.93744,0.7050203,0.9256812,0.1473077,0.2024303,-0.8629228,0.05777362,SelectionEnd
72.19849,24,2,3,0,0.7692158,0.9294226,0.2060046,354.2021,141.5647,73.93744,0.7050203,0.9256812,0.1473077,0.2024303,-0.8629228,0.05777362,GotSelection
72.21062,24,2,3,0,0.7692217,0.9294018,0.2061916,354.1512,141.5718,73.95673,0.7022688,0.9334086,0.1498272,0.2831907,-0.8472169,0.02995919,SelectionStart
72.21064,24,2,3,0,0.7692217,0.9294018,0.2061916,354.1512,141.5718,73.95673,0.7022688,0.9334086,0.1498272,0.2831907,-0.8472169,0.02995919,SelectionEnd
72.21423,24,2,3,0,0.7692217,0.9294018,0.2061916,354.1512,141.5718,73.95673,0.7022688,0.9334086,0.1498272,0.2831907,-0.8472169,0.02995919,GotSelection
72.22352,24,2,3,0,0.7692023,0.9293838,0.2063091,354.1332,141.5862,73.96541,0.7006042,0.9396585,0.1519229,0.3469115,-0.8295389,0.01062686,SelectionStart
72.22353,24,2,3,0,0.7692023,0.9293838,0.2063091,354.1332,141.5862,73.96541,0.7006042,0.9396585,0.1519229,0.3469115,-0.8295389,0.01062686,SelectionEnd
72.22688,24,2,3,0,0.7692023,0.9293838,0.2063091,354.1332,141.5862,73.96541,0.7006042,0.9396585,0.1519229,0.3469115,-0.8295389,0.01062686,GotSelection
72.2363,24,2,3,0,0.7693125,0.9293554,0.2061053,354.1719,141.5843,73.98233,0.698068,0.9475996,0.1549748,0.4287381,-0.8066172,-0.02379404,SelectionStart
72.23632,24,2,3,0,0.7693125,0.9293554,0.2061053,354.1719,141.5843,73.98233,0.698068,0.9475996,0.1549748,0.4287381,-0.8066172,-0.02379404,SelectionEnd
72.23965,24,2,3,0,0.7693125,0.9293554,0.2061053,354.1719,141.5843,73.98233,0.698068,0.9475996,0.1549748,0.4287381,-0.8066172,-0.02379404,GotSelection
72.24906,24,2,3,0,0.7694858,0.9293911,0.2059199,354.2332,141.5777,73.98944,0.6962231,0.953909,0.1575089,0.4928609,-0.7870804,-0.05202439,SelectionStart
72.24908,24,2,3,0,0.7694858,0.9293911,0.2059199,354.2332,141.5777,73.98944,0.6962231,0.953909,0.1575089,0.4928609,-0.7870804,-0.05202439,SelectionEnd
72.25243,24,2,3,0,0.7694858,0.9293911,0.2059199,354.2332,141.5777,73.98944,0.6962231,0.953909,0.1575089,0.4928609,-0.7870804,-0.05202439,GotSelection
72.26176,24,2,3,0,0.7696759,0.9294565,0.2056629,354.2981,141.5632,73.99458,0.6945341,0.9604673,0.1598786,0.5587955,-0.766462,-0.07870322,SelectionStart
72.26177,24,2,3,0,0.7696759,0.9294565,0.2056629,354.2981,141.5632,73.99458,0.6945341,0.9604673,0.1598786,0.5587955,-0.766462,-0.07870322,SelectionEnd
72.26509,24,2,3,0,0.7696759,0.9294565,0.2056629,354.2981,141.5632,73.99458,0.6945341,0.9604673,0.1598786,0.5587955,-0.766462,-0.07870322,GotSelection
72.27802,24,2,3,0,0.7698141,0.9295467,0.2055436,354.3249,141.5594,73.99921,0.6923572,0.9692598,0.1629769,0.6469383,-0.7392216,-0.1103321,SelectionStart
72.27803,24,2,3,0,0.7698141,0.9295467,0.2055436,354.3249,141.5594,73.99921,0.6923572,0.9692598,0.1629769,0.6469383,-0.7392216,-0.1103321,SelectionEnd
72.28143,24,2,3,0,0.7698141,0.9295467,0.2055436,354.3249,141.5594,73.99921,0.6923572,0.9692598,0.1629769,0.6469383,-0.7392216,-0.1103321,GotSelection
72.29105,24,2,3,0,0.7698355,0.9296076,0.2054932,354.3349,141.5469,74.00449,0.6902652,0.9782921,0.166101,0.7371938,-0.7099671,-0.1401444,SelectionStart
72.29108,24,2,3,0,0.7698355,0.9296076,0.2054932,354.3349,141.5469,74.00449,0.6902652,0.9782921,0.166101,0.7371938,-0.7099671,-0.1401444,SelectionEnd
72.29475,24,2,3,0,0.7698355,0.9296076,0.2054932,354.3349,141.5469,74.00449,0.6902652,0.9782921,0.166101,0.7371938,-0.7099671,-0.1401444,GotSelection
72.30479,24,2,3,0,0.769779,0.9296486,0.2054587,354.3304,141.5342,73.99819,0.6890473,0.9851037,0.1687529,0.803956,-0.6826347,-0.1621626,SelectionStart
72.30482,24,2,3,0,0.769779,0.9296486,0.2054587,354.3304,141.5342,73.99819,0.6890473,0.9851037,0.1687529,0.803956,-0.6826347,-0.1621626,SelectionEnd
72.30822,24,2,3,0,0.769779,0.9296486,0.2054587,354.3304,141.5342,73.99819,0.6890473,0.9851037,0.1687529,0.803956,-0.6826347,-0.1621626,GotSelection
72.34912,24,2,3,0,0.7696407,0.9297348,0.205262,354.3766,141.5356,73.97702,0.6872323,0.9995586,0.1744257,0.9431321,-0.6176302,-0.205498,SelectionStart
72.34914,24,2,3,0,0.7696407,0.9297348,0.205262,354.3766,141.5356,73.97702,0.6872323,0.9995586,0.1744257,0.9431321,-0.6176302,-0.205498,SelectionEnd
72.35325,24,2,3,0,0.7696407,0.9297348,0.205262,354.3766,141.5356,73.97702,0.6872323,0.9995586,0.1744257,0.9431321,-0.6176302,-0.205498,GotSelection
72.36465,24,2,3,0,0.7695581,0.9299488,0.2049175,354.4376,141.489,73.95453,0.6865851,1.010813,0.1796337,1.046858,-0.5552517,-0.2437428,SelectionStart
72.36468,24,2,3,0,0.7695581,0.9299488,0.2049175,354.4376,141.489,73.95453,0.6865851,1.010813,0.1796337,1.046858,-0.5552517,-0.2437428,SelectionEnd
72.36823,24,2,3,0,0.7695581,0.9299488,0.2049175,354.4376,141.489,73.95453,0.6865851,1.010813,0.1796337,1.046858,-0.5552517,-0.2437428,GotSelection
72.37798,24,2,3,0,0.7693165,0.9298887,0.2050126,354.4273,141.4671,73.94282,0.6865042,1.01495,0.1820332,1.085179,-0.5273367,-0.2570302,SelectionStart
72.378,24,2,3,0,0.7693165,0.9298887,0.2050126,354.4273,141.4671,73.94282,0.6865042,1.01495,0.1820332,1.085179,-0.5273367,-0.2570302,SelectionEnd
72.38129,24,2,3,0,0.7693165,0.9298887,0.2050126,354.4273,141.4671,73.94282,0.6865042,1.01495,0.1820332,1.085179,-0.5273367,-0.2570302,GotSelection
72.39085,24,2,3,0,0.7691489,0.9299364,0.2050552,354.4108,141.4539,73.92731,0.6861966,1.015953,0.1833092,1.093849,-0.5175061,-0.266688,SelectionStart
72.39088,24,2,3,0,0.7691489,0.9299364,0.2050552,354.4108,141.4539,73.92731,0.6861966,1.015953,0.1833092,1.093849,-0.5175061,-0.266688,SelectionEnd
72.39416,24,2,3,0,0.7691489,0.9299364,0.2050552,354.4108,141.4539,73.92731,0.6861966,1.015953,0.1833092,1.093849,-0.5175061,-0.266688,GotSelection
72.40353,24,2,3,0,0.7689334,0.9299927,0.2050621,354.3803,141.4709,73.89753,0.685814,1.016299,0.1844824,1.096384,-0.5100666,-0.2759971,SelectionStart
72.40356,24,2,3,0,0.7689334,0.9299927,0.2050621,354.3803,141.4709,73.89753,0.685814,1.016299,0.1844824,1.096384,-0.5100666,-0.2759971,SelectionEnd
72.40688,24,2,3,0,0.7689334,0.9299927,0.2050621,354.3803,141.4709,73.89753,0.685814,1.016299,0.1844824,1.096384,-0.5100666,-0.2759971,GotSelection
72.41969,24,2,3,0,0.7686577,0.9301141,0.205112,354.3527,141.4659,73.84817,0.6849151,1.0161,0.1864031,1.093678,-0.5027982,-0.2947484,SelectionStart
72.41972,24,2,3,0,0.7686577,0.9301141,0.205112,354.3527,141.4659,73.84817,0.6849151,1.0161,0.1864031,1.093678,-0.5027982,-0.2947484,SelectionEnd
72.42309,24,2,3,0,0.7686577,0.9301141,0.205112,354.3527,141.4659,73.84817,0.6849151,1.0161,0.1864031,1.093678,-0.5027982,-0.2947484,GotSelection
72.43367,24,2,3,0,0.7686072,0.9301437,0.2051316,354.3599,141.4532,73.83927,0.6843678,1.012886,0.1866848,1.063222,-0.51378,-0.3035117,SelectionStart
72.4337,24,2,3,0,0.7686072,0.9301437,0.2051316,354.3599,141.4532,73.83927,0.6843678,1.012886,0.1866848,1.063222,-0.51378,-0.3035117,SelectionEnd
72.43733,24,2,3,0,0.7686072,0.9301437,0.2051316,354.3599,141.4532,73.83927,0.6843678,1.012886,0.1866848,1.063222,-0.51378,-0.3035117,GotSelection
72.44797,24,2,3,0,0.7686037,0.9302061,0.2052089,354.3654,141.4551,73.85399,0.6833972,1.007635,0.1866526,1.014079,-0.5370145,-0.3141422,SelectionStart
72.44799,24,2,3,0,0.7686037,0.9302061,0.2052089,354.3654,141.4551,73.85399,0.6833972,1.007635,0.1866526,1.014079,-0.5370145,-0.3141422,SelectionEnd
72.45134,24,2,3,0,0.7686037,0.9302061,0.2052089,354.3654,141.4551,73.85399,0.6833972,1.007635,0.1866526,1.014079,-0.5370145,-0.3141422,GotSelection
72.46212,24,2,3,0,0.7687762,0.930243,0.205219,354.3809,141.4536,73.86449,0.683052,1.001552,0.1855505,0.9568056,-0.5653914,-0.3149412,SelectionStart
72.46214,24,2,3,0,0.7687762,0.930243,0.205219,354.3809,141.4536,73.86449,0.683052,1.001552,0.1855505,0.9568056,-0.5653914,-0.3149412,SelectionEnd
72.4654,24,2,3,0,0.7687762,0.930243,0.205219,354.3809,141.4536,73.86449,0.683052,1.001552,0.1855505,0.9568056,-0.5653914,-0.3149412,GotSelection
72.47811,24,2,3,0,0.7688548,0.9303666,0.2050979,354.4297,141.4327,73.86652,0.6819174,0.9938782,0.1843733,0.8849475,-0.6031241,-0.3229015,SelectionStart
72.47814,24,2,3,0,0.7688548,0.9303666,0.2050979,354.4297,141.4327,73.86652,0.6819174,0.9938782,0.1843733,0.8849475,-0.6031241,-0.3229015,SelectionEnd
72.48141,24,2,3,0,0.7688548,0.9303666,0.2050979,354.4297,141.4327,73.86652,0.6819174,0.9938782,0.1843733,0.8849475,-0.6031241,-0.3229015,GotSelection
72.49058,24,2,3,0,0.7690498,0.9304509,0.2050073,354.4933,141.4041,73.88677,0.6814588,0.9862628,0.1827151,0.812705,-0.6398535,-0.3233062,SelectionStart
72.49061,24,2,3,0,0.7690498,0.9304509,0.2050073,354.4933,141.4041,73.88677,0.6814588,0.9862628,0.1827151,0.812705,-0.6398535,-0.3233062,SelectionEnd
72.49402,24,2,3,0,0.7690498,0.9304509,0.2050073,354.4933,141.4041,73.88677,0.6814588,0.9862628,0.1827151,0.812705,-0.6398535,-0.3233062,GotSelection
72.50282,24,2,3,0,0.7691309,0.9303238,0.204996,354.5398,141.384,73.91174,0.6809571,0.9796726,0.1802501,0.7532657,-0.6782256,-0.3145879,SelectionStart
72.50285,24,2,3,0,0.7691309,0.9303238,0.204996,354.5398,141.384,73.91174,0.6809571,0.9796726,0.1802501,0.7532657,-0.6782256,-0.3145879,SelectionEnd
72.50623,24,2,3,0,0.7691309,0.9303238,0.204996,354.5398,141.384,73.91174,0.6809571,0.9796726,0.1802501,0.7532657,-0.6782256,-0.3145879,GotSelection
72.51715,24,2,3,0,0.7693211,0.9302989,0.2050374,354.5597,141.3636,73.94839,0.6808669,0.9730247,0.1772162,0.6920419,-0.7187719,-0.2988654,SelectionStart
72.51717,24,2,3,0,0.7693211,0.9302989,0.2050374,354.5597,141.3636,73.94839,0.6808669,0.9730247,0.1772162,0.6920419,-0.7187719,-0.2988654,SelectionEnd
72.52045,24,2,3,0,0.7693211,0.9302989,0.2050374,354.5597,141.3636,73.94839,0.6808669,0.9730247,0.1772162,0.6920419,-0.7187719,-0.2988654,GotSelection
72.56159,24,2,3,0,0.7692135,0.9302101,0.205285,354.5124,141.3729,73.96081,0.6845818,0.944143,0.1668355,0.4113733,-0.8383514,-0.2178778,SelectionStart
72.56161,24,2,3,0,0.7692135,0.9302101,0.205285,354.5124,141.3729,73.96081,0.6845818,0.944143,0.1668355,0.4113733,-0.8383514,-0.2178778,SelectionEnd
72.56488,24,2,3,0,0.7692135,0.9302101,0.205285,354.5124,141.3729,73.96081,0.6845818,0.944143,0.1668355,0.4113733,-0.8383514,-0.2178778,GotSelection
72.57476,24,2,3,0,0.769235,0.9302562,0.2052668,354.5254,141.3619,73.96088,0.68604,0.9375779,0.164475,0.3452112,-0.8609375,-0.1968362,SelectionStart
72.57479,24,2,3,0,0.769235,0.9302562,0.2052668,354.5254,141.3619,73.96088,0.68604,0.9375779,0.164475,0.3452112,-0.8609375,-0.1968362,SelectionEnd
72.57809,24,2,3,0,0.769235,0.9302562,0.2052668,354.5254,141.3619,73.96088,0.68604,0.9375779,0.164475,0.3452112,-0.8609375,-0.1968362,GotSelection
72.5877,24,2,3,0,0.7693337,0.9304098,0.2051918,354.5331,141.3635,73.93817,0.6880334,0.9314581,0.1614233,0.2820963,-0.8830963,-0.1672927,SelectionStart
72.58772,24,2,3,0,0.7693337,0.9304098,0.2051918,354.5331,141.3635,73.93817,0.6880334,0.9314581,0.1614233,0.2820963,-0.8830963,-0.1672927,SelectionEnd
72.59135,24,2,3,0,0.7693337,0.9304098,0.2051918,354.5331,141.3635,73.93817,0.6880334,0.9314581,0.1614233,0.2820963,-0.8830963,-0.1672927,GotSelection
72.60438,24,2,3,0,0.7692031,0.9307035,0.2050673,354.5502,141.3755,73.90795,0.6912438,0.9217581,0.1569407,0.1801898,-0.9136872,-0.121031,SelectionStart
72.6044,24,2,3,0,0.7692031,0.9307035,0.2050673,354.5502,141.3755,73.90795,0.6912438,0.9217581,0.1569407,0.1801898,-0.9136872,-0.121031,SelectionEnd
72.60797,24,2,3,0,0.7692031,0.9307035,0.2050673,354.5502,141.3755,73.90795,0.6912438,0.9217581,0.1569407,0.1801898,-0.9136872,-0.121031,GotSelection
72.62014,24,2,3,0,0.768964,0.9305607,0.205002,354.5527,141.3796,73.87061,0.6935908,0.9154535,0.153826,0.1166117,-0.9308922,-0.08634039,SelectionStart
72.62016,24,2,3,0,0.768964,0.9305607,0.205002,354.5527,141.3796,73.87061,0.6935908,0.9154535,0.153826,0.1166117,-0.9308922,-0.08634039,SelectionEnd
72.62337,24,2,3,0,0.768964,0.9305607,0.205002,354.5527,141.3796,73.87061,0.6935908,0.9154535,0.153826,0.1166117,-0.9308922,-0.08634039,GotSelection
72.63583,24,2,3,0,0.7689463,0.9306422,0.2047359,354.5795,141.3811,73.84105,0.6961606,0.9101813,0.1511983,0.06006904,-0.9415398,-0.05626726,SelectionStart
72.63585,24,2,3,0,0.7689463,0.9306422,0.2047359,354.5795,141.3811,73.84105,0.6961606,0.9101813,0.1511983,0.06006904,-0.9415398,-0.05626726,SelectionEnd
72.63905,24,2,3,0,0.7689463,0.9306422,0.2047359,354.5795,141.3811,73.84105,0.6961606,0.9101813,0.1511983,0.06006904,-0.9415398,-0.05626726,GotSelection
72.64867,24,2,3,0,0.7689618,0.9306869,0.2046605,354.5996,141.3733,73.84114,0.6981171,0.9066892,0.1495451,0.02179278,-0.9469795,-0.03488995,SelectionStart
72.6487,24,2,3,0,0.7689618,0.9306869,0.2046605,354.5996,141.3733,73.84114,0.6981171,0.9066892,0.1495451,0.02179278,-0.9469795,-0.03488995,SelectionEnd
72.65191,24,2,3,0,0.7689618,0.9306869,0.2046605,354.5996,141.3733,73.84114,0.6981171,0.9066892,0.1495451,0.02179278,-0.9469795,-0.03488995,GotSelection
72.66107,24,2,3,0,0.7689588,0.9308356,0.2046504,354.6127,141.3728,73.85052,0.7002085,0.903676,0.1480503,-0.0134998,-0.949623,-0.01281077,SelectionStart
72.66109,24,2,3,0,0.7689588,0.9308356,0.2046504,354.6127,141.3728,73.85052,0.7002085,0.903676,0.1480503,-0.0134998,-0.949623,-0.01281077,SelectionEnd
72.66478,24,2,3,0,0.7689588,0.9308356,0.2046504,354.6127,141.3728,73.85052,0.7002085,0.903676,0.1480503,-0.0134998,-0.949623,-0.01281077,GotSelection
72.67536,24,2,3,0,0.7692487,0.9307913,0.2046981,354.6333,141.37,73.88204,0.7025585,0.9004701,0.1461182,-0.04852695,-0.9556214,0.0130008,SelectionStart
72.67538,24,2,3,0,0.7692487,0.9307913,0.2046981,354.6333,141.37,73.88204,0.7025585,0.9004701,0.1461182,-0.04852695,-0.9556214,0.0130008,SelectionEnd
72.67921,24,2,3,0,0.7692487,0.9307913,0.2046981,354.6333,141.37,73.88204,0.7025585,0.9004701,0.1461182,-0.04852695,-0.9556214,0.0130008,GotSelection
72.68957,24,2,3,0,0.7692068,0.9306511,0.2048499,354.6285,141.3564,73.89761,0.7045778,0.8980594,0.1443658,-0.07465973,-0.9586203,0.03877124,SelectionStart
72.68959,24,2,3,0,0.7692068,0.9306511,0.2048499,354.6285,141.3564,73.89761,0.7045778,0.8980594,0.1443658,-0.07465973,-0.9586203,0.03877124,SelectionEnd
72.69287,24,2,3,0,0.7692068,0.9306511,0.2048499,354.6285,141.3564,73.89761,0.7045778,0.8980594,0.1443658,-0.07465973,-0.9586203,0.03877124,GotSelection
72.70277,24,2,3,0,0.7691768,0.9306331,0.2049338,354.6184,141.3383,73.90537,0.705529,0.8973891,0.1435574,-0.08292428,-0.958764,0.05110824,SelectionStart
72.70279,24,2,3,0,0.7691768,0.9306331,0.2049338,354.6184,141.3383,73.90537,0.705529,0.8973891,0.1435574,-0.08292428,-0.958764,0.05110824,SelectionEnd
72.70603,24,2,3,0,0.7691768,0.9306331,0.2049338,354.6184,141.3383,73.90537,0.705529,0.8973891,0.1435574,-0.08292428,-0.958764,0.05110824,GotSelection
72.71539,24,2,3,0,0.7691515,0.9306513,0.2049336,354.6153,141.3259,73.91258,0.7063348,0.8968402,0.1428564,-0.09013746,-0.9585778,0.06118426,SelectionStart
72.7154,24,2,3,0,0.7691515,0.9306513,0.2049336,354.6153,141.3259,73.91258,0.7063348,0.8968402,0.1428564,-0.09013746,-0.9585778,0.06118426,SelectionEnd
72.71863,24,2,3,0,0.7691515,0.9306513,0.2049336,354.6153,141.3259,73.91258,0.7063348,0.8968402,0.1428564,-0.09013746,-0.9585778,0.06118426,GotSelection
72.7288,24,2,3,0,0.7692105,0.9306354,0.2050076,354.6166,141.3001,73.93386,0.7069563,0.8968164,0.1424059,-0.09153422,-0.9577087,0.06851449,SelectionStart
72.72881,24,2,3,0,0.7692105,0.9306354,0.2050076,354.6166,141.3001,73.93386,0.7069563,0.8968164,0.1424059,-0.09153422,-0.9577087,0.06851449,SelectionEnd
72.73212,24,2,3,0,0.7692105,0.9306354,0.2050076,354.6166,141.3001,73.93386,0.7069563,0.8968164,0.1424059,-0.09153422,-0.9577087,0.06851449,GotSelection
72.77384,24,2,3,0,0.7695275,0.9306616,0.2051419,354.6053,141.3039,74.00449,0.7064204,0.9019334,0.1424596,-0.04058423,-0.9502437,0.06860761,SelectionStart
72.77386,24,2,3,0,0.7695275,0.9306616,0.2051419,354.6053,141.3039,74.00449,0.7064204,0.9019334,0.1424596,-0.04058423,-0.9502437,0.06860761,SelectionEnd
72.7771,24,2,3,0,0.7695275,0.9306616,0.2051419,354.6053,141.3039,74.00449,0.7064204,0.9019334,0.1424596,-0.04058423,-0.9502437,0.06860761,GotSelection
72.78638,24,2,3,0,0.7696893,0.9307522,0.204999,354.6215,141.3209,73.99747,0.704518,0.9055377,0.1431252,-0.001297032,-0.9507259,0.05280592,SelectionStart
72.78641,24,2,3,0,0.7696893,0.9307522,0.204999,354.6215,141.3209,73.99747,0.704518,0.9055377,0.1431252,-0.001297032,-0.9507259,0.05280592,SelectionEnd
72.78986,24,2,3,0,0.7696893,0.9307522,0.204999,354.6215,141.3209,73.99747,0.704518,0.9055377,0.1431252,-0.001297032,-0.9507259,0.05280592,GotSelection
72.79968,24,2,3,0,0.7697583,0.9306304,0.2049895,354.6353,141.3256,73.99704,0.7022982,0.9105984,0.1440777,0.0546468,-0.9472603,0.03573199,SelectionStart
72.7997,24,2,3,0,0.7697583,0.9306304,0.2049895,354.6353,141.3256,73.99704,0.7022982,0.9105984,0.1440777,0.0546468,-0.9472603,0.03573199,SelectionEnd
72.80311,24,2,3,0,0.7697583,0.9306304,0.2049895,354.6353,141.3256,73.99704,0.7022982,0.9105984,0.1440777,0.0546468,-0.9472603,0.03573199,GotSelection
72.81204,24,2,3,0,0.7697746,0.9305875,0.2049322,354.6613,141.3258,74.00093,0.6998104,0.9155323,0.1449725,0.1091221,-0.9460598,0.01710867,SelectionStart
72.81206,24,2,3,0,0.7697746,0.9305875,0.2049322,354.6613,141.3258,74.00093,0.6998104,0.9155323,0.1449725,0.1091221,-0.9460598,0.01710867,SelectionEnd
72.81528,24,2,3,0,0.7697746,0.9305875,0.2049322,354.6613,141.3258,74.00093,0.6998104,0.9155323,0.1449725,0.1091221,-0.9460598,0.01710867,GotSelection
72.82823,24,2,3,0,0.7697713,0.9305874,0.2050295,354.6349,141.3164,74.02535,0.6971723,0.9220592,0.147516,0.1772058,-0.9321074,-0.01301311,SelectionStart
72.82825,24,2,3,0,0.7697713,0.9305874,0.2050295,354.6349,141.3164,74.02535,0.6971723,0.9220592,0.147516,0.1772058,-0.9321074,-0.01301311,SelectionEnd
72.83158,24,2,3,0,0.7697713,0.9305874,0.2050295,354.6349,141.3164,74.02535,0.6971723,0.9220592,0.147516,0.1772058,-0.9321074,-0.01301311,GotSelection
72.84164,24,2,3,0,0.7697971,0.9306128,0.2051565,354.5935,141.336,74.03943,0.695433,0.9271531,0.1490648,0.2298701,-0.9222242,-0.03035642,SelectionStart
72.84167,24,2,3,0,0.7697971,0.9306128,0.2051565,354.5935,141.336,74.03943,0.695433,0.9271531,0.1490648,0.2298701,-0.9222242,-0.03035642,SelectionEnd
72.84489,24,2,3,0,0.7697971,0.9306128,0.2051565,354.5935,141.336,74.03943,0.695433,0.9271531,0.1490648,0.2298701,-0.9222242,-0.03035642,GotSelection
72.85443,24,2,3,0,0.769826,0.9306716,0.2052314,354.5683,141.346,74.04983,0.6929498,0.934199,0.1507351,0.303252,-0.9114922,-0.0520481,SelectionStart
72.85445,24,2,3,0,0.769826,0.9306716,0.2052314,354.5683,141.346,74.04983,0.6929498,0.934199,0.1507351,0.303252,-0.9114922,-0.0520481,SelectionEnd
72.85786,24,2,3,0,0.769826,0.9306716,0.2052314,354.5683,141.346,74.04983,0.6929498,0.934199,0.1507351,0.303252,-0.9114922,-0.0520481,GotSelection
72.86951,24,2,3,0,0.7697583,0.9307199,0.2051998,354.5681,141.3435,74.03328,0.6914921,0.9411462,0.1530747,0.3722952,-0.8875235,-0.07305114,SelectionStart
72.86953,24,2,3,0,0.7697583,0.9307199,0.2051998,354.5681,141.3435,74.03328,0.6914921,0.9411462,0.1530747,0.3722952,-0.8875235,-0.07305114,SelectionEnd
72.87292,24,2,3,0,0.7697583,0.9307199,0.2051998,354.5681,141.3435,74.03328,0.6914921,0.9411462,0.1530747,0.3722952,-0.8875235,-0.07305114,GotSelection
72.88251,24,2,3,0,0.7697597,0.9307489,0.2050448,354.6006,141.3315,74.01334,0.6903645,0.9474737,0.1543767,0.4356945,-0.8689931,-0.08598618,SelectionStart
72.88252,24,2,3,0,0.7697597,0.9307489,0.2050448,354.6006,141.3315,74.01334,0.6903645,0.9474737,0.1543767,0.4356945,-0.8689931,-0.08598618,SelectionEnd
72.88576,24,2,3,0,0.7697597,0.9307489,0.2050448,354.6006,141.3315,74.01334,0.6903645,0.9474737,0.1543767,0.4356945,-0.8689931,-0.08598618,GotSelection
72.89557,24,2,3,0,0.7698275,0.9308429,0.2049442,354.6391,141.3101,74.01434,0.6891041,0.9535326,0.1559594,0.4958107,-0.8515712,-0.1025554,SelectionStart
72.89558,24,2,3,0,0.7698275,0.9308429,0.2049442,354.6391,141.3101,74.01434,0.6891041,0.9535326,0.1559594,0.4958107,-0.8515712,-0.1025554,SelectionEnd
72.89882,24,2,3,0,0.7698275,0.9308429,0.2049442,354.6391,141.3101,74.01434,0.6891041,0.9535326,0.1559594,0.4958107,-0.8515712,-0.1025554,GotSelection
72.91212,24,2,3,0,0.76975,0.9309714,0.2048681,354.6528,141.2899,73.99186,0.6877534,0.9634117,0.1590207,0.5915797,-0.8136711,-0.1266335,SelectionStart
72.91214,24,2,3,0,0.76975,0.9309714,0.2048681,354.6528,141.2899,73.99186,0.6877534,0.9634117,0.1590207,0.5915797,-0.8136711,-0.1266335,SelectionEnd
72.91586,24,2,3,0,0.76975,0.9309714,0.2048681,354.6528,141.2899,73.99186,0.6877534,0.9634117,0.1590207,0.5915797,-0.8136711,-0.1266335,GotSelection
72.92843,24,2,3,0,0.7695414,0.9310173,0.2048887,354.6486,141.2697,73.96902,0.6875288,0.9718186,0.1618448,0.6706527,-0.7722631,-0.141301,SelectionStart
72.92844,24,2,3,0,0.7695414,0.9310173,0.2048887,354.6486,141.2697,73.96902,0.6875288,0.9718186,0.1618448,0.6706527,-0.7722631,-0.141301,SelectionEnd
72.93179,24,2,3,0,0.7695414,0.9310173,0.2048887,354.6486,141.2697,73.96902,0.6875288,0.9718186,0.1618448,0.6706527,-0.7722631,-0.141301,GotSelection
72.94172,24,2,3,0,0.7694458,0.931016,0.2047791,354.6632,141.2535,73.94151,0.6877668,0.9778567,0.1641923,0.726436,-0.7368502,-0.1532859,SelectionStart
72.94173,24,2,3,0,0.7694458,0.931016,0.2047791,354.6632,141.2535,73.94151,0.6877668,0.9778567,0.1641923,0.726436,-0.7368502,-0.1532859,SelectionEnd
72.94499,24,2,3,0,0.7694458,0.931016,0.2047791,354.6632,141.2535,73.94151,0.6877668,0.9778567,0.1641923,0.726436,-0.7368502,-0.1532859,GotSelection
72.98354,24,2,3,0,0.7687188,0.9312441,0.2047885,354.6399,141.133,73.85498,0.6909574,0.9996974,0.1727751,0.918473,-0.5905106,-0.1772229,SelectionStart
72.98356,24,2,3,0,0.7687188,0.9312441,0.2047885,354.6399,141.133,73.85498,0.6909574,0.9996974,0.1727751,0.918473,-0.5905106,-0.1772229,SelectionEnd
72.98695,24,2,3,0,0.7687188,0.9312441,0.2047885,354.6399,141.133,73.85498,0.6909574,0.9996974,0.1727751,0.918473,-0.5905106,-0.1772229,GotSelection
72.99656,24,2,3,0,0.7684615,0.9312229,0.2049872,354.582,141.1101,73.84515,0.6923426,1.005504,0.1752219,0.9686261,-0.5471833,-0.1785096,SelectionStart
72.99657,24,2,3,0,0.7684615,0.9312229,0.2049872,354.582,141.1101,73.84515,0.6923426,1.005504,0.1752219,0.9686261,-0.5471833,-0.1785096,SelectionEnd
72.99986,24,2,3,0,0.7684615,0.9312229,0.2049872,354.582,141.1101,73.84515,0.6923426,1.005504,0.1752219,0.9686261,-0.5471833,-0.1785096,GotSelection
73.01173,24,2,3,0,0.768222,0.9312732,0.2051299,354.5447,141.0631,73.83843,0.6950541,1.012405,0.1778461,1.024758,-0.4896601,-0.1727745,SelectionStart
73.01174,24,2,3,0,0.768222,0.9312732,0.2051299,354.5447,141.0631,73.83843,0.6950541,1.012405,0.1778461,1.024758,-0.4896601,-0.1727745,SelectionEnd
73.0151,24,2,3,0,0.768222,0.9312732,0.2051299,354.5447,141.0631,73.83843,0.6950541,1.012405,0.1778461,1.024758,-0.4896601,-0.1727745,GotSelection
73.02633,24,2,3,0,0.7681129,0.931273,0.2052368,354.5451,141,73.84818,0.6976622,1.018297,0.1802836,1.072084,-0.4378074,-0.1689233,SelectionStart
73.02634,24,2,3,0,0.7681129,0.931273,0.2052368,354.5451,141,73.84818,0.6976622,1.018297,0.1802836,1.072084,-0.4378074,-0.1689233,SelectionEnd
73.02957,24,2,3,0,0.7681129,0.931273,0.2052368,354.5451,141,73.84818,0.6976622,1.018297,0.1802836,1.072084,-0.4378074,-0.1689233,GotSelection
73.03886,24,2,3,0,0.7680516,0.9312279,0.2053671,354.524,140.9634,73.85164,0.6997463,1.022011,0.1817661,1.101357,-0.4024749,-0.1623305,SelectionStart
73.03888,24,2,3,0,0.7680516,0.9312279,0.2053671,354.524,140.9634,73.85164,0.6997463,1.022011,0.1817661,1.101357,-0.4024749,-0.1623305,SelectionEnd
73.04216,24,2,3,0,0.7680516,0.9312279,0.2053671,354.524,140.9634,73.85164,0.6997463,1.022011,0.1817661,1.101357,-0.4024749,-0.1623305,GotSelection
73.0533,24,2,3,0,0.7678706,0.9312639,0.2054364,354.4821,140.9459,73.83951,0.7017885,1.024854,0.1832501,1.121212,-0.3686281,-0.1560281,SelectionStart
73.05331,24,2,3,0,0.7678706,0.9312639,0.2054364,354.4821,140.9459,73.83951,0.7017885,1.024854,0.1832501,1.121212,-0.3686281,-0.1560281,SelectionEnd
73.05654,24,2,3,0,0.7678706,0.9312639,0.2054364,354.4821,140.9459,73.83951,0.7017885,1.024854,0.1832501,1.121212,-0.3686281,-0.1560281,GotSelection
73.06644,24,2,3,0,0.7676028,0.9312285,0.2055925,354.4104,140.9507,73.81687,0.7025079,1.02469,0.1838402,1.117065,-0.3584046,-0.1519886,SelectionStart
73.06647,24,2,3,0,0.7676028,0.9312285,0.2055925,354.4104,140.9507,73.81687,0.7025079,1.02469,0.1838402,1.117065,-0.3584046,-0.1519886,SelectionEnd
73.06986,24,2,3,0,0.7676028,0.9312285,0.2055925,354.4104,140.9507,73.81687,0.7025079,1.02469,0.1838402,1.117065,-0.3584046,-0.1519886,GotSelection
73.07977,24,2,3,0,0.7674119,0.9311854,0.2058075,354.3526,140.9452,73.81064,0.7033904,1.024979,0.1843897,1.117117,-0.3471615,-0.146508,SelectionStart
73.0798,24,2,3,0,0.7674119,0.9311854,0.2058075,354.3526,140.9452,73.81064,0.7033904,1.024979,0.1843897,1.117117,-0.3471615,-0.146508,SelectionEnd
73.08393,24,2,3,0,0.7674119,0.9311854,0.2058075,354.3526,140.9452,73.81064,0.7033904,1.024979,0.1843897,1.117117,-0.3471615,-0.146508,GotSelection
73.09557,24,2,3,0,0.7674876,0.931179,0.2057581,354.3634,140.9135,73.83862,0.7024307,1.021001,0.183733,1.08173,-0.3703763,-0.1528673,SelectionStart
73.0956,24,2,3,0,0.7674876,0.931179,0.2057581,354.3634,140.9135,73.83862,0.7024307,1.021001,0.183733,1.08173,-0.3703763,-0.1528673,SelectionEnd
73.09899,24,2,3,0,0.7674876,0.931179,0.2057581,354.3634,140.9135,73.83862,0.7024307,1.021001,0.183733,1.08173,-0.3703763,-0.1528673,GotSelection
73.11948,24,2,3,0,0.7675826,0.9311956,0.2055299,354.4115,140.8994,73.82346,0.7001976,1.012914,0.1821556,1.010636,-0.4189097,-0.1661429,SelectionStart
73.11953,24,2,3,0,0.7675826,0.9311956,0.2055299,354.4115,140.8994,73.82346,0.7001976,1.012914,0.1821556,1.010636,-0.4189097,-0.1661429,SelectionEnd
73.1248,24,2,3,0,0.7675826,0.9311956,0.2055299,354.4115,140.8994,73.82346,0.7001976,1.012914,0.1821556,1.010636,-0.4189097,-0.1661429,GotSelection
73.13596,24,2,3,0,0.7675725,0.9312162,0.2053396,354.4317,140.879,73.8008,0.6971241,1.002432,0.1793368,0.9197205,-0.4877458,-0.1760022,SelectionStart
73.13599,24,2,3,0,0.7675725,0.9312162,0.2053396,354.4317,140.879,73.8008,0.6971241,1.002432,0.1793368,0.9197205,-0.4877458,-0.1760022,SelectionEnd
73.13939,24,2,3,0,0.7675725,0.9312162,0.2053396,354.4317,140.879,73.8008,0.6971241,1.002432,0.1793368,0.9197205,-0.4877458,-0.1760022,GotSelection
73.15018,24,2,3,0,0.767575,0.9311879,0.2054304,354.4101,140.8756,73.8046,0.6948162,0.9947642,0.1775191,0.8537713,-0.5387704,-0.1831243,SelectionStart
73.15019,24,2,3,0,0.767575,0.9311879,0.2054304,354.4101,140.8756,73.8046,0.6948162,0.9947642,0.1775191,0.8537713,-0.5387704,-0.1831243,SelectionEnd
73.15354,24,2,3,0,0.767575,0.9311879,0.2054304,354.4101,140.8756,73.8046,0.6948162,0.9947642,0.1775191,0.8537713,-0.5387704,-0.1831243,GotSelection
73.16431,24,2,3,0,0.7675725,0.9311736,0.2054971,354.395,140.8674,73.80423,0.6925835,0.9854571,0.1746989,0.7725266,-0.6000594,-0.1838698,SelectionStart
73.16434,24,2,3,0,0.7675725,0.9311736,0.2054971,354.395,140.8674,73.80423,0.6925835,0.9854571,0.1746989,0.7725266,-0.6000594,-0.1838698,SelectionEnd
73.16784,24,2,3,0,0.7675725,0.9311736,0.2054971,354.395,140.8674,73.80423,0.6925835,0.9854571,0.1746989,0.7725266,-0.6000594,-0.1838698,GotSelection
73.20692,24,2,3,0,0.7680535,0.9311876,0.2053143,354.5095,140.7545,73.83012,0.6889397,0.9590882,0.1660516,0.5351804,-0.7594704,-0.1722531,SelectionStart
73.20695,24,2,3,0,0.7680535,0.9311876,0.2053143,354.5095,140.7545,73.83012,0.6889397,0.9590882,0.1660516,0.5351804,-0.7594704,-0.1722531,SelectionEnd
73.21027,24,2,3,0,0.7680535,0.9311876,0.2053143,354.5095,140.7545,73.83012,0.6889397,0.9590882,0.1660516,0.5351804,-0.7594704,-0.1722531,GotSelection
73.21944,24,2,3,0,0.7682,0.9312038,0.2053366,354.5442,140.7363,73.85091,0.6876885,0.9531783,0.1645466,0.4825404,-0.7965214,-0.1754373,SelectionStart
73.21945,24,2,3,0,0.7682,0.9312038,0.2053366,354.5442,140.7363,73.85091,0.6876885,0.9531783,0.1645466,0.4825404,-0.7965214,-0.1754373,SelectionEnd
73.22295,24,2,3,0,0.7682,0.9312038,0.2053366,354.5442,140.7363,73.85091,0.6876885,0.9531783,0.1645466,0.4825404,-0.7965214,-0.1754373,GotSelection
73.2324,24,2,3,0,0.7684283,0.931278,0.2053212,354.5739,140.697,73.86052,0.6875166,0.9462672,0.1623806,0.4176239,-0.8329645,-0.1685891,SelectionStart
73.23241,24,2,3,0,0.7684283,0.931278,0.2053212,354.5739,140.697,73.86052,0.6875166,0.9462672,0.1623806,0.4176239,-0.8329645,-0.1685891,SelectionEnd
73.23574,24,2,3,0,0.7684283,0.931278,0.2053212,354.5739,140.697,73.86052,0.6875166,0.9462672,0.1623806,0.4176239,-0.8329645,-0.1685891,GotSelection
73.24522,24,2,3,0,0.7683743,0.9313198,0.2053563,354.5756,140.6483,73.84943,0.6875659,0.9420583,0.1614811,0.3770643,-0.8499587,-0.1654624,SelectionStart
73.24525,24,2,3,0,0.7683743,0.9313198,0.2053563,354.5756,140.6483,73.84943,0.6875659,0.9420583,0.1614811,0.3770643,-0.8499587,-0.1654624,SelectionEnd
73.24905,24,2,3,0,0.7683743,0.9313198,0.2053563,354.5756,140.6483,73.84943,0.6875659,0.9420583,0.1614811,0.3770643,-0.8499587,-0.1654624,GotSelection
73.26041,24,2,3,0,0.768188,0.93129,0.2054778,354.572,140.5784,73.82343,0.6875948,0.9394115,0.1606032,0.3524662,-0.8617853,-0.1598714,SelectionStart
73.26042,24,2,3,0,0.768188,0.93129,0.2054778,354.572,140.5784,73.82343,0.6875948,0.9394115,0.1606032,0.3524662,-0.8617853,-0.1598714,SelectionEnd
73.26385,24,2,3,0,0.768188,0.93129,0.2054778,354.572,140.5784,73.82343,0.6875948,0.9394115,0.1606032,0.3524662,-0.8617853,-0.1598714,GotSelection
73.27367,24,2,3,0,0.7681071,0.9312287,0.2055323,354.575,140.5455,73.82071,0.6876389,0.9377666,0.1601362,0.3372942,-0.8685757,-0.1570365,SelectionStart
73.27369,24,2,3,0,0.7681071,0.9312287,0.2055323,354.575,140.5455,73.82071,0.6876389,0.9377666,0.1601362,0.3372942,-0.8685757,-0.1570365,SelectionEnd
73.27702,24,2,3,0,0.7681071,0.9312287,0.2055323,354.575,140.5455,73.82071,0.6876389,0.9377666,0.1601362,0.3372942,-0.8685757,-0.1570365,GotSelection
73.28589,24,2,3,0,0.7681319,0.931256,0.2054437,354.6267,140.5285,73.81602,0.6876022,0.9394276,0.1608666,0.3524475,-0.8590948,-0.1626415,SelectionStart
73.28591,24,2,3,0,0.7681319,0.931256,0.2054437,354.6267,140.5285,73.81602,0.6876022,0.9394276,0.1608666,0.3524475,-0.8590948,-0.1626415,SelectionEnd
73.28933,24,2,3,0,0.7681319,0.931256,0.2054437,354.6267,140.5285,73.81602,0.6876022,0.9394276,0.1608666,0.3524475,-0.8590948,-0.1626415,GotSelection
73.29881,24,2,3,0,0.7682258,0.9314718,0.2051527,354.6999,140.4722,73.7976,0.6876422,0.9423829,0.1623799,0.3774201,-0.839871,-0.1755753,SelectionStart
73.29883,24,2,3,0,0.7682258,0.9314718,0.2051527,354.6999,140.4722,73.7976,0.6876422,0.9423829,0.1623799,0.3774201,-0.839871,-0.1755753,SelectionEnd
73.30225,24,2,3,0,0.7682258,0.9314718,0.2051527,354.6999,140.4722,73.7976,0.6876422,0.9423829,0.1623799,0.3774201,-0.839871,-0.1755753,GotSelection
73.31143,24,2,3,0,0.7681783,0.9314555,0.2050271,354.7548,140.4153,73.77701,0.6879125,0.9453406,0.1637135,0.4040765,-0.819393,-0.1831951,SelectionStart
73.31145,24,2,3,0,0.7681783,0.9314555,0.2050271,354.7548,140.4153,73.77701,0.6879125,0.9453406,0.1637135,0.4040765,-0.819393,-0.1831951,SelectionEnd
73.31516,24,2,3,0,0.7681783,0.9314555,0.2050271,354.7548,140.4153,73.77701,0.6879125,0.9453406,0.1637135,0.4040765,-0.819393,-0.1831951,GotSelection
73.327,24,2,3,0,0.7672101,0.9311867,0.20556,354.7146,140.3492,73.77394,0.6883281,0.951454,0.1662724,0.4604114,-0.7776945,-0.1849944,SelectionStart
73.32702,24,2,3,0,0.7672101,0.9311867,0.20556,354.7146,140.3492,73.77394,0.6883281,0.951454,0.1662724,0.4604114,-0.7776945,-0.1849944,SelectionEnd
73.33049,24,2,3,0,0.7672101,0.9311867,0.20556,354.7146,140.3492,73.77394,0.6883281,0.951454,0.1662724,0.4604114,-0.7776945,-0.1849944,GotSelection
73.33952,24,2,3,0,0.767579,0.9313947,0.2053619,354.6595,140.3568,73.75591,0.6889716,0.9566513,0.1688946,0.5055606,-0.7431269,-0.2002052,SelectionStart
73.33954,24,2,3,0,0.767579,0.9313947,0.2053619,354.6595,140.3568,73.75591,0.6889716,0.9566513,0.1688946,0.5055606,-0.7431269,-0.2002052,SelectionEnd
73.34287,24,2,3,0,0.767579,0.9313947,0.2053619,354.6595,140.3568,73.75591,0.6889716,0.9566513,0.1688946,0.5055606,-0.7431269,-0.2002052,GotSelection
73.35218,24,2,3,0,0.7672654,0.9314396,0.2054145,354.6104,140.3412,73.73771,0.6899977,0.9616097,0.1714742,0.5473228,-0.70269,-0.2065654,SelectionStart
73.3522,24,2,3,0,0.7672654,0.9314396,0.2054145,354.6104,140.3412,73.73771,0.6899977,0.9616097,0.1714742,0.5473228,-0.70269,-0.2065654,SelectionEnd
73.35555,24,2,3,0,0.7672654,0.9314396,0.2054145,354.6104,140.3412,73.73771,0.6899977,0.9616097,0.1714742,0.5473228,-0.70269,-0.2065654,GotSelection
73.39582,24,2,3,0,0.7666365,0.9316666,0.204962,354.6,140.2718,73.54581,0.696067,0.9811518,0.1811773,0.707467,-0.5301037,-0.2248069,SelectionStart
73.39584,24,2,3,0,0.7666365,0.9316666,0.204962,354.6,140.2718,73.54581,0.696067,0.9811518,0.1811773,0.707467,-0.5301037,-0.2248069,SelectionEnd
73.39929,24,2,3,0,0.7666365,0.9316666,0.204962,354.6,140.2718,73.54581,0.696067,0.9811518,0.1811773,0.707467,-0.5301037,-0.2248069,GotSelection
73.41051,24,2,3,0,0.7665766,0.931734,0.2047438,354.6302,140.267,73.50885,0.6992303,0.9887728,0.1838871,0.768837,-0.4652718,-0.2198778,SelectionStart
73.41054,24,2,3,0,0.7665766,0.931734,0.2047438,354.6302,140.267,73.50885,0.6992303,0.9887728,0.1838871,0.768837,-0.4652718,-0.2198778,SelectionEnd
73.41386,24,2,3,0,0.7665766,0.931734,0.2047438,354.6302,140.267,73.50885,0.6992303,0.9887728,0.1838871,0.768837,-0.4652718,-0.2198778,GotSelection
73.42356,24,2,3,0,0.7665893,0.9317716,0.204731,354.6411,140.2806,73.50446,0.7018252,0.9940941,0.1858802,0.8107309,-0.4181137,-0.2137119,SelectionStart
73.42358,24,2,3,0,0.7665893,0.9317716,0.204731,354.6411,140.2806,73.50446,0.7018252,0.9940941,0.1858802,0.8107309,-0.4181137,-0.2137119,SelectionEnd
73.4269,24,2,3,0,0.7665893,0.9317716,0.204731,354.6411,140.2806,73.50446,0.7018252,0.9940941,0.1858802,0.8107309,-0.4181137,-0.2137119,GotSelection
73.43602,24,2,3,0,0.7665622,0.9317843,0.2046141,354.6508,140.2914,73.49348,0.7057332,1.000209,0.1879724,0.8566037,-0.3572133,-0.1996273,SelectionStart
73.43604,24,2,3,0,0.7665622,0.9317843,0.2046141,354.6508,140.2914,73.49348,0.7057332,1.000209,0.1879724,0.8566037,-0.3572133,-0.1996273,SelectionEnd
73.43951,24,2,3,0,0.7665622,0.9317843,0.2046141,354.6508,140.2914,73.49348,0.7057332,1.000209,0.1879724,0.8566037,-0.3572133,-0.1996273,GotSelection
73.44942,24,2,3,0,0.7665622,0.9317045,0.2045317,354.644,140.2793,73.47886,0.7085091,1.004748,0.1887315,0.8929048,-0.3177535,-0.183823,SelectionStart
73.44944,24,2,3,0,0.7665622,0.9317045,0.2045317,354.644,140.2793,73.47886,0.7085091,1.004748,0.1887315,0.8929048,-0.3177535,-0.183823,SelectionEnd
73.45266,24,2,3,0,0.7665622,0.9317045,0.2045317,354.644,140.2793,73.47886,0.7085091,1.004748,0.1887315,0.8929048,-0.3177535,-0.183823,GotSelection
73.46446,24,2,3,0,0.7665371,0.9316796,0.2045283,354.6487,140.226,73.47809,0.712194,1.010312,0.1900821,0.9353004,-0.2653582,-0.1655451,SelectionStart
73.46449,24,2,3,0,0.7665371,0.9316796,0.2045283,354.6487,140.226,73.47809,0.712194,1.010312,0.1900821,0.9353004,-0.2653582,-0.1655451,SelectionEnd
73.46775,24,2,3,0,0.7665371,0.9316796,0.2045283,354.6487,140.226,73.47809,0.712194,1.010312,0.1900821,0.9353004,-0.2653582,-0.1655451,GotSelection
73.47818,24,2,3,0,0.7665619,0.9315786,0.2046047,354.6372,140.213,73.49248,0.7152193,1.013518,0.1902872,0.9588759,-0.2331207,-0.1438477,SelectionStart
73.4782,24,2,3,0,0.7665619,0.9315786,0.2046047,354.6372,140.213,73.49248,0.7152193,1.013518,0.1902872,0.9588759,-0.2331207,-0.1438477,SelectionEnd
73.48193,24,2,3,0,0.7665619,0.9315786,0.2046047,354.6372,140.213,73.49248,0.7152193,1.013518,0.1902872,0.9588759,-0.2331207,-0.1438477,GotSelection
73.49285,24,2,3,0,0.7665685,0.9315274,0.2047562,354.62,140.2087,73.52273,0.7187748,1.017583,0.1905778,0.9887453,-0.1947793,-0.1177082,SelectionStart
73.49287,24,2,3,0,0.7665685,0.9315274,0.2047562,354.62,140.2087,73.52273,0.7187748,1.017583,0.1905778,0.9887453,-0.1947793,-0.1177082,SelectionEnd
73.49626,24,2,3,0,0.7665685,0.9315274,0.2047562,354.62,140.2087,73.52273,0.7187748,1.017583,0.1905778,0.9887453,-0.1947793,-0.1177082,GotSelection
73.50559,24,2,3,0,0.7665437,0.9314989,0.2049809,354.5912,140.2112,73.57066,0.7216747,1.020149,0.1904269,1.006132,-0.1690936,-0.09280433,SelectionStart
73.50562,24,2,3,0,0.7665437,0.9314989,0.2049809,354.5912,140.2112,73.57066,0.7216747,1.020149,0.1904269,1.006132,-0.1690936,-0.09280433,SelectionEnd
73.50885,24,2,3,0,0.7665437,0.9314989,0.2049809,354.5912,140.2112,73.57066,0.7216747,1.020149,0.1904269,1.006132,-0.1690936,-0.09280433,GotSelection
73.51908,24,2,3,0,0.7664164,0.9314827,0.2050755,354.5673,140.2048,73.56945,0.7234069,1.021247,0.1901063,1.012277,-0.1548714,-0.07606575,SelectionStart
73.5191,24,2,3,0,0.7664164,0.9314827,0.2050755,354.5673,140.2048,73.56945,0.7234069,1.021247,0.1901063,1.012277,-0.1548714,-0.07606575,SelectionEnd
73.52235,24,2,3,0,0.7664164,0.9314827,0.2050755,354.5673,140.2048,73.56945,0.7234069,1.021247,0.1901063,1.012277,-0.1548714,-0.07606575,GotSelection
73.53288,24,2,3,0,0.7662808,0.9314717,0.2051068,354.5513,140.1911,73.56105,0.7245989,1.021611,0.1895085,1.012949,-0.1479279,-0.06200789,SelectionStart
73.53291,24,2,3,0,0.7662808,0.9314717,0.2051068,354.5513,140.1911,73.56105,0.7245989,1.021611,0.1895085,1.012949,-0.1479279,-0.06200789,SelectionEnd
73.53628,24,2,3,0,0.7662808,0.9314717,0.2051068,354.5513,140.1911,73.56105,0.7245989,1.021611,0.1895085,1.012949,-0.1479279,-0.06200789,GotSelection
73.54714,24,2,3,0,0.766178,0.9314296,0.2048996,354.5587,140.1722,73.5218,0.7256444,1.021733,0.1888862,1.011877,-0.1409758,-0.05140299,SelectionStart
73.54717,24,2,3,0,0.766178,0.9314296,0.2048996,354.5587,140.1722,73.5218,0.7256444,1.021733,0.1888862,1.011877,-0.1409758,-0.05140299,SelectionEnd
73.55057,24,2,3,0,0.766178,0.9314296,0.2048996,354.5587,140.1722,73.5218,0.7256444,1.021733,0.1888862,1.011877,-0.1409758,-0.05140299,GotSelection
73.56142,24,2,3,0,0.765951,0.9315747,0.2048601,354.5538,140.171,73.49459,0.7256612,1.020568,0.187925,0.9995573,-0.1484523,-0.04382572,SelectionStart
73.56144,24,2,3,0,0.765951,0.9315747,0.2048601,354.5538,140.171,73.49459,0.7256612,1.020568,0.187925,0.9995573,-0.1484523,-0.04382572,SelectionEnd
73.56469,24,2,3,0,0.765951,0.9315747,0.2048601,354.5538,140.171,73.49459,0.7256612,1.020568,0.187925,0.9995573,-0.1484523,-0.04382572,GotSelection
73.60335,24,2,3,0,0.765494,0.9314588,0.2049272,354.4576,140.1694,73.42018,0.7222319,1.014081,0.1848254,0.949869,-0.2078882,-0.0432146,SelectionStart
73.60337,24,2,3,0,0.765494,0.9314588,0.2049272,354.4576,140.1694,73.42018,0.7222319,1.014081,0.1848254,0.949869,-0.2078882,-0.0432146,SelectionEnd
73.607,24,2,3,0,0.765494,0.9314588,0.2049272,354.4576,140.1694,73.42018,0.7222319,1.014081,0.1848254,0.949869,-0.2078882,-0.0432146,GotSelection
73.61708,24,2,3,0,0.7653821,0.9316624,0.204991,354.4359,140.1698,73.37958,0.7187344,1.009001,0.1832796,0.9100989,-0.2577862,-0.05758409,SelectionStart
73.6171,24,2,3,0,0.7653821,0.9316624,0.204991,354.4359,140.1698,73.37958,0.7187344,1.009001,0.1832796,0.9100989,-0.2577862,-0.05758409,SelectionEnd
73.62038,24,2,3,0,0.7653821,0.9316624,0.204991,354.4359,140.1698,73.37958,0.7187344,1.009001,0.1832796,0.9100989,-0.2577862,-0.05758409,GotSelection
73.6304,24,2,3,0,0.7653152,0.9317123,0.2049082,354.4575,140.1571,73.35455,0.7151782,1.004575,0.1818218,0.878168,-0.3048466,-0.07438621,SelectionStart
73.63043,24,2,3,0,0.7653152,0.9317123,0.2049082,354.4575,140.1571,73.35455,0.7151782,1.004575,0.1818218,0.878168,-0.3048466,-0.07438621,SelectionEnd
73.63464,24,2,3,0,0.7653152,0.9317123,0.2049082,354.4575,140.1571,73.35455,0.7151782,1.004575,0.1818218,0.878168,-0.3048466,-0.07438621,GotSelection
73.64507,24,2,3,0,0.7651058,0.9316323,0.2048512,354.4719,140.121,73.34852,0.7110661,0.9984916,0.17964,0.833342,-0.3644726,-0.08967057,SelectionStart
73.6451,24,2,3,0,0.7651058,0.9316323,0.2048512,354.4719,140.121,73.34852,0.7110661,0.9984916,0.17964,0.833342,-0.3644726,-0.08967057,SelectionEnd
73.64851,24,2,3,0,0.7651058,0.9316323,0.2048512,354.4719,140.121,73.34852,0.7110661,0.9984916,0.17964,0.833342,-0.3644726,-0.08967057,GotSelection
73.66077,24,2,3,0,0.7650817,0.9317333,0.2049059,354.4835,140.0836,73.35873,0.707006,0.9922754,0.177182,0.7861791,-0.4287196,-0.1031167,SelectionStart
73.66079,24,2,3,0,0.7650817,0.9317333,0.2049059,354.4835,140.0836,73.35873,0.707006,0.9922754,0.177182,0.7861791,-0.4287196,-0.1031167,SelectionEnd
73.66419,24,2,3,0,0.7650817,0.9317333,0.2049059,354.4835,140.0836,73.35873,0.707006,0.9922754,0.177182,0.7861791,-0.4287196,-0.1031167,GotSelection
73.67331,24,2,3,0,0.7649471,0.9316917,0.2049872,354.4648,140.0563,73.36597,0.7043797,0.9880867,0.1755031,0.7549294,-0.4704312,-0.1098314,SelectionStart
73.67332,24,2,3,0,0.7649471,0.9316917,0.2049872,354.4648,140.0563,73.36597,0.7043797,0.9880867,0.1755031,0.7549294,-0.4704312,-0.1098314,SelectionEnd
73.67661,24,2,3,0,0.7649471,0.9316917,0.2049872,354.4648,140.0563,73.36597,0.7043797,0.9880867,0.1755031,0.7549294,-0.4704312,-0.1098314,GotSelection
73.68693,24,2,3,0,0.7649255,0.9316981,0.2051963,354.4503,140.0164,73.39691,0.7005816,0.9840485,0.1737301,0.7283612,-0.5229281,-0.1233566,SelectionStart
73.68695,24,2,3,0,0.7649255,0.9316981,0.2051963,354.4503,140.0164,73.39691,0.7005816,0.9840485,0.1737301,0.7283612,-0.5229281,-0.1233566,SelectionEnd
73.69046,24,2,3,0,0.7649255,0.9316981,0.2051963,354.4503,140.0164,73.39691,0.7005816,0.9840485,0.1737301,0.7283612,-0.5229281,-0.1233566,GotSelection
73.70313,24,2,3,0,0.7650843,0.931685,0.2052764,354.463,139.9911,73.42878,0.6982926,0.9799212,0.1721887,0.696811,-0.5636045,-0.1312084,SelectionStart
73.70315,24,2,3,0,0.7650843,0.931685,0.2052764,354.463,139.9911,73.42878,0.6982926,0.9799212,0.1721887,0.696811,-0.5636045,-0.1312084,SelectionEnd
73.7065,24,2,3,0,0.7650843,0.931685,0.2052764,354.463,139.9911,73.42878,0.6982926,0.9799212,0.1721887,0.696811,-0.5636045,-0.1312084,GotSelection
73.71594,24,2,3,0,0.7651675,0.9316965,0.2052703,354.498,139.9872,73.43021,0.6971588,0.9778124,0.1716469,0.6801479,-0.5821517,-0.1374208,SelectionStart
73.71596,24,2,3,0,0.7651675,0.9316965,0.2052703,354.498,139.9872,73.43021,0.6971588,0.9778124,0.1716469,0.6801479,-0.5821517,-0.1374208,SelectionEnd
73.71918,24,2,3,0,0.7651675,0.9316965,0.2052703,354.498,139.9872,73.43021,0.6971588,0.9778124,0.1716469,0.6801479,-0.5821517,-0.1374208,GotSelection
73.72874,24,2,3,0,0.7652063,0.9317161,0.2052363,354.5342,139.9637,73.42916,0.6964784,0.9757534,0.1710247,0.6625628,-0.5971841,-0.1401797,SelectionStart
73.72875,24,2,3,0,0.7652063,0.9317161,0.2052363,354.5342,139.9637,73.42916,0.6964784,0.9757534,0.1710247,0.6625628,-0.5971841,-0.1401797,SelectionEnd
73.73203,24,2,3,0,0.7652063,0.9317161,0.2052363,354.5342,139.9637,73.42916,0.6964784,0.9757534,0.1710247,0.6625628,-0.5971841,-0.1401797,GotSelection
73.74439,24,2,3,0,0.7653417,0.9317614,0.2050825,354.5964,139.9295,73.4153,0.6964282,0.9754511,0.1703479,0.6603215,-0.6027147,-0.1386188,SelectionStart
73.74442,24,2,3,0,0.7653417,0.9317614,0.2050825,354.5964,139.9295,73.4153,0.6964282,0.9754511,0.1703479,0.6603215,-0.6027147,-0.1386188,SelectionEnd
73.74767,24,2,3,0,0.7653417,0.9317614,0.2050825,354.5964,139.9295,73.4153,0.6964282,0.9754511,0.1703479,0.6603215,-0.6027147,-0.1386188,GotSelection
73.75703,24,2,3,0,0.7654072,0.9317095,0.205101,354.6023,139.9116,73.41374,0.6975147,0.9768946,0.170913,0.6713666,-0.5872913,-0.1350399,SelectionStart
73.75706,24,2,3,0,0.7654072,0.9317095,0.205101,354.6023,139.9116,73.41374,0.6975147,0.9768946,0.170913,0.6713666,-0.5872913,-0.1350399,SelectionEnd
73.76118,24,2,3,0,0.7654072,0.9317095,0.205101,354.6023,139.9116,73.41374,0.6975147,0.9768946,0.170913,0.6713666,-0.5872913,-0.1350399,GotSelection
73.77192,24,2,3,0,0.7653516,0.9316519,0.2053775,354.5422,139.913,73.44011,0.6988866,0.9786019,0.1716062,0.6838976,-0.5693191,-0.1267111,SelectionStart
73.77195,24,2,3,0,0.7653516,0.9316519,0.2053775,354.5422,139.913,73.44011,0.6988866,0.9786019,0.1716062,0.6838976,-0.5693191,-0.1267111,SelectionEnd
73.77529,24,2,3,0,0.7653516,0.9316519,0.2053775,354.5422,139.913,73.44011,0.6988866,0.9786019,0.1716062,0.6838976,-0.5693191,-0.1267111,GotSelection
73.82751,24,2,3,0,0.7653503,0.9314739,0.2056922,354.4731,139.8999,73.46111,0.7073699,0.9922893,0.1759263,0.790208,-0.441372,-0.08827716,Nothing
73.83616,24,2,3,0,0.765291,0.9314593,0.2056963,354.4632,139.9069,73.4515,0.7086383,0.9943233,0.1763989,0.8059374,-0.422586,-0.08102947,Nothing
73.84429,24,2,3,0,0.7652268,0.931462,0.2057476,354.4426,139.9083,73.45058,0.7099359,0.9965038,0.1766878,0.8230391,-0.404781,-0.07156807,Nothing
73.85356,24,2,3,0,0.7650936,0.9314432,0.2058395,354.4012,139.9235,73.44469,0.7128982,0.9994093,0.1770445,0.8424957,-0.3719384,-0.04982957,Nothing
73.86069,24,2,3,0,0.7650523,0.9314343,0.2058778,354.3863,139.9327,73.44372,0.7137785,1.000504,0.1771081,0.8506014,-0.3618567,-0.04262353,Nothing
73.86874,24,2,3,0,0.7649749,0.9314066,0.2060002,354.348,139.9448,73.44685,0.716315,1.003715,0.1773942,0.8745013,-0.3324041,-0.02296496,Nothing
73.87775,24,2,3,0,0.7649585,0.9314239,0.2060549,354.3243,139.9623,73.45439,0.7181026,1.005796,0.1778802,0.8889219,-0.3105997,-0.01197242,Nothing
73.88561,24,2,3,0,0.7649758,0.9314038,0.206099,354.318,139.96,73.45951,0.7197047,1.007762,0.1782836,0.903313,-0.2910208,-0.002345625,Nothing
73.89381,24,2,3,0,0.7650591,0.9313473,0.2060479,354.3357,139.9758,73.46529,0.7212233,1.009451,0.1787357,0.915608,-0.2723353,0.004774063,Nothing
73.90241,24,2,3,0,0.7651511,0.9313385,0.205983,354.3581,139.978,73.47449,0.7227218,1.011039,0.1790916,0.9266368,-0.2548596,0.01199439,Nothing
73.91067,24,2,3,0,0.7652184,0.9313403,0.2059268,354.3765,139.9875,73.47977,0.7241677,1.01257,0.1792646,0.9373274,-0.2389748,0.0205628,Nothing
73.91885,24,2,3,0,0.7654288,0.9312236,0.2058882,354.3997,140.0011,73.49687,0.7257423,1.013895,0.179306,0.9473361,-0.224617,0.03005825,Nothing
73.92815,24,2,3,0,0.7654026,0.9311958,0.2057253,354.4106,140.0041,73.49642,0.7276139,1.015759,0.1793754,0.9601206,-0.203767,0.04238005,Nothing
73.93547,24,2,3,0,0.765502,0.9312094,0.2056122,354.4239,140.0238,73.49313,0.7287936,1.016863,0.1794324,0.9674844,-0.191576,0.04914462,Nothing
73.94383,24,2,3,0,0.7655302,0.9312305,0.205553,354.4277,140.0229,73.50266,0.7300482,1.017998,0.1795374,0.9746519,-0.1784825,0.05690857,Nothing
73.95255,24,2,3,0,0.765574,0.931204,0.2055102,354.4323,140.0359,73.50334,0.7313467,1.019018,0.1796231,0.9811321,-0.1654716,0.06515535,Nothing
73.96072,24,2,3,0,0.7656015,0.9311897,0.2054413,354.4424,140.0337,73.50275,0.7324232,1.020032,0.1797915,0.9879289,-0.1532717,0.0709923,Nothing
73.96843,24,2,3,0,0.7656996,0.9312299,0.2054024,354.4623,140.0296,73.50781,0.7334291,1.021111,0.1800273,0.9951733,-0.1419292,0.07545407,Nothing
73.97775,24,2,3,0,0.7658122,0.9311757,0.2052562,354.5134,140.0443,73.50662,0.7344524,1.021904,0.1801874,1.000566,-0.1307959,0.07912869,Nothing
73.98586,24,2,3,0,0.7659521,0.9311856,0.2051349,354.5513,140.0586,73.51256,0.7358458,1.023319,0.1804937,1.010255,-0.114885,0.08482515,Nothing
73.99423,24,2,3,0,0.7662246,0.931143,0.2048383,354.6341,140.0984,73.50852,0.7365908,1.024166,0.1807629,1.017034,-0.1050929,0.08326422,Nothing
74.00172,24,2,3,0,0.7664206,0.9311026,0.2045632,354.7104,140.1157,73.5082,0.7373796,1.025023,0.1810163,1.023597,-0.09470143,0.08270691,Nothing
74.01141,24,2,3,0,0.7666956,0.9311349,0.2042248,354.8068,140.1294,73.50837,0.7381216,1.025807,0.1813419,1.028962,-0.08477501,0.07975165,Nothing
74.01978,24,2,3,0,0.7669303,0.9311397,0.2038997,354.8988,140.1367,73.50436,0.7386779,1.026627,0.1817413,1.035275,-0.07526883,0.07543521,Nothing
74.02709,24,2,3,0,0.7673019,0.9311344,0.2035091,354.9998,140.1333,73.50491,0.7392084,1.027527,0.1820585,1.042932,-0.06688572,0.07002117,Nothing
74.03531,24,2,3,0,0.7675115,0.9311378,0.2031862,355.088,140.1247,73.49818,0.73954,1.028315,0.1825835,1.049323,-0.05808864,0.06332106,Nothing
74.04418,24,2,3,0,0.7676998,0.9311221,0.2028526,355.1705,140.125,73.48914,0.7400544,1.029215,0.1830731,1.056438,-0.04753825,0.05838923,Nothing
74.0523,24,2,3,0,0.7679104,0.9310904,0.2025554,355.2554,140.1348,73.48302,0.7403309,1.030066,0.1837291,1.063764,-0.0382199,0.05070403,Nothing
74.06068,24,2,3,0,0.7683268,0.9310988,0.2020793,355.4017,140.1384,73.47861,0.7409598,1.031358,0.1846837,1.07402,-0.02360618,0.03941414,Nothing
74.06864,24,2,3,0,0.7687173,0.9311238,0.2016591,355.5291,140.1338,73.48285,0.7413444,1.032268,0.1854996,1.081169,-0.01317832,0.02812789,Nothing
74.07696,24,2,3,0,0.7692065,0.9311428,0.2011676,355.6972,140.1034,73.49843,0.7415041,1.0333,0.1864741,1.090111,-0.003477334,0.01211293,Nothing
74.08589,24,2,3,0,0.7699233,0.9311876,0.20056,355.8985,140.056,73.52242,0.7419696,1.034099,0.1874199,1.096133,0.006465433,-0.005021818,Nothing
74.09615,24,2,3,0,0.7706333,0.9312262,0.1999359,356.1334,139.9953,73.56025,0.742389,1.035264,0.1882468,1.105901,0.01626568,-0.02210275,Nothing
74.11233,24,2,3,0,0.7721873,0.9310918,0.1987266,356.6426,139.8922,73.64921,0.7436469,1.037696,0.1904469,1.126702,0.04176515,-0.05907058,Nothing
74.12713,24,2,3,0,0.7730721,0.9309822,0.1980994,356.9333,139.928,73.71724,0.7449839,1.039074,0.1922283,1.1364,0.06332344,-0.07943971,Nothing
74.13516,24,2,3,0,0.7735384,0.9309565,0.1978681,357.0581,139.9596,73.759,0.7450614,1.039944,0.1933455,1.144078,0.07069373,-0.09430844,Nothing
74.14365,24,2,3,0,0.7738926,0.9309109,0.1976588,357.1661,139.9584,73.80105,0.7456779,1.040218,0.1943553,1.144646,0.08047368,-0.104052,Nothing
74.15145,24,2,3,0,0.7743434,0.9309481,0.1972963,357.3109,139.9356,73.82487,0.7461913,1.041065,0.1951675,1.150446,0.09027637,-0.1153461,Nothing
74.16032,24,2,3,0,0.7746763,0.9308946,0.1970842,357.4327,139.8862,73.85222,0.7465503,1.041411,0.1960077,1.152499,0.09787179,-0.1257972,Nothing
74.16862,24,2,3,0,0.7749751,0.9308299,0.1968614,357.5543,139.8292,73.87157,0.7466705,1.04182,0.1967519,1.155843,0.1037996,-0.1369299,Nothing
74.17683,24,2,3,0,0.7752414,0.930687,0.196757,357.6497,139.7894,73.89237,0.7467604,1.041877,0.1974172,1.156849,0.1076401,-0.1460489,Nothing
74.18548,24,2,3,0,0.775577,0.9306043,0.1966662,357.7645,139.7472,73.93838,0.7472371,1.041262,0.1985261,1.149224,0.1140123,-0.1571111,Nothing
74.19386,24,2,3,0,0.7757441,0.9305182,0.1967486,357.8102,139.7359,73.97296,0.7472313,1.041048,0.19877,1.148075,0.1127171,-0.1605027,Nothing
74.20269,24,2,3,0,0.7758577,0.9304968,0.1968641,357.8351,139.7117,74.00602,0.7475131,1.040703,0.199349,1.143771,0.115434,-0.1637051,Nothing
74.21005,24,2,3,0,0.7759807,0.9303938,0.1970201,357.8423,139.6878,74.03727,0.7474361,1.04031,0.1994556,1.141501,0.1122748,-0.1649781,Nothing
74.2182,24,2,3,0,0.776018,0.9303609,0.197111,357.8596,139.6576,74.0537,0.747135,1.039892,0.199416,1.13869,0.1076159,-0.1667936,Nothing
74.22702,24,2,3,0,0.7761469,0.9303463,0.1970514,357.9172,139.6221,74.06419,0.7468783,1.039119,0.199484,1.131798,0.103329,-0.1718716,Nothing
74.23569,24,2,3,0,0.7763669,0.9304634,0.1968419,358.0093,139.5892,74.06916,0.7466053,1.03856,0.1994766,1.125727,0.09902942,-0.1788548,Nothing
74.24372,24,2,3,0,0.7764971,0.9304642,0.1966696,358.0859,139.5416,74.06715,0.7460849,1.037612,0.199447,1.117446,0.09262491,-0.1862509,Nothing
74.25213,24,2,3,0,0.776685,0.9304764,0.1964403,358.1971,139.4936,74.06776,0.7453736,1.036469,0.1993163,1.107662,0.0834392,-0.195659,Nothing
74.26036,24,2,3,0,0.7767119,0.9304914,0.196246,358.252,139.4707,74.048,0.7445156,1.035083,0.1989684,1.095997,0.0723955,-0.2018991,SelectionStart
74.26038,24,2,3,0,0.7767119,0.9304914,0.196246,358.252,139.4707,74.048,0.7445156,1.035083,0.1989684,1.095997,0.0723955,-0.2018991,SelectionEnd
74.26374,24,2,3,0,0.7767119,0.9304914,0.196246,358.252,139.4707,74.048,0.7445156,1.035083,0.1989684,1.095997,0.0723955,-0.2018991,GotSelection
74.27325,24,2,3,0,0.7768456,0.9305013,0.1960945,358.3163,139.4601,74.04656,0.7426537,1.032987,0.1981964,1.080743,0.04773753,-0.2121957,SelectionStart
74.27327,24,2,3,0,0.7768456,0.9305013,0.1960945,358.3163,139.4601,74.04656,0.7426537,1.032987,0.1981964,1.080743,0.04773753,-0.2121957,SelectionEnd
74.27668,24,2,3,0,0.7768456,0.9305013,0.1960945,358.3163,139.4601,74.04656,0.7426537,1.032987,0.1981964,1.080743,0.04773753,-0.2121957,GotSelection
74.28664,24,2,3,0,0.7767271,0.9304771,0.196274,358.2661,139.4853,74.06123,0.7410741,1.030674,0.1971132,1.063924,0.02205381,-0.2117618,SelectionStart
74.28667,24,2,3,0,0.7767271,0.9304771,0.196274,358.2661,139.4853,74.06123,0.7410741,1.030674,0.1971132,1.063924,0.02205381,-0.2117618,SelectionEnd
74.29002,24,2,3,0,0.7767271,0.9304771,0.196274,358.2661,139.4853,74.06123,0.7410741,1.030674,0.1971132,1.063924,0.02205381,-0.2117618,GotSelection
74.30184,24,2,3,0,0.7768669,0.9303927,0.1963128,358.2514,139.5168,74.077,0.7380127,1.026986,0.195115,1.039345,-0.02525386,-0.2178645,SelectionStart
74.30186,24,2,3,0,0.7768669,0.9303927,0.1963128,358.2514,139.5168,74.077,0.7380127,1.026986,0.195115,1.039345,-0.02525386,-0.2178645,SelectionEnd
74.30521,24,2,3,0,0.7768669,0.9303927,0.1963128,358.2514,139.5168,74.077,0.7380127,1.026986,0.195115,1.039345,-0.02525386,-0.2178645,GotSelection
74.31537,24,2,3,0,0.7770679,0.9302837,0.1962722,358.2819,139.5225,74.09719,0.7331139,1.023183,0.1926049,1.018749,-0.08966529,-0.234095,SelectionStart
74.31539,24,2,3,0,0.7770679,0.9302837,0.1962722,358.2819,139.5225,74.09719,0.7331139,1.023183,0.1926049,1.018749,-0.08966529,-0.234095,SelectionEnd
74.31872,24,2,3,0,0.7770679,0.9302837,0.1962722,358.2819,139.5225,74.09719,0.7331139,1.023183,0.1926049,1.018749,-0.08966529,-0.234095,GotSelection
74.32814,24,2,3,0,0.777346,0.9302336,0.196166,358.3401,139.4967,74.12125,0.7301294,1.01987,0.190316,0.9974636,-0.137362,-0.2408779,SelectionStart
74.32816,24,2,3,0,0.777346,0.9302336,0.196166,358.3401,139.4967,74.12125,0.7301294,1.01987,0.190316,0.9974636,-0.137362,-0.2408779,SelectionEnd
74.33164,24,2,3,0,0.777346,0.9302336,0.196166,358.3401,139.4967,74.12125,0.7301294,1.01987,0.190316,0.9974636,-0.137362,-0.2408779,GotSelection
74.34193,24,2,3,0,0.7776756,0.9301396,0.1960467,358.4157,139.4897,74.16676,0.7253897,1.014391,0.1856107,0.963175,-0.2202739,-0.2416875,SelectionStart
74.34195,24,2,3,0,0.7776756,0.9301396,0.1960467,358.4157,139.4897,74.16676,0.7253897,1.014391,0.1856107,0.963175,-0.2202739,-0.2416875,SelectionEnd
74.34531,24,2,3,0,0.7776756,0.9301396,0.1960467,358.4157,139.4897,74.16676,0.7253897,1.014391,0.1856107,0.963175,-0.2202739,-0.2416875,GotSelection
74.35477,24,2,3,0,0.7778921,0.9300786,0.1959545,358.4566,139.5034,74.19686,0.7217591,1.010315,0.1820445,0.937871,-0.2829133,-0.2418316,SelectionStart
74.35478,24,2,3,0,0.7778921,0.9300786,0.1959545,358.4566,139.5034,74.19686,0.7217591,1.010315,0.1820445,0.937871,-0.2829133,-0.2418316,SelectionEnd
74.35818,24,2,3,0,0.7778921,0.9300786,0.1959545,358.4566,139.5034,74.19686,0.7217591,1.010315,0.1820445,0.937871,-0.2829133,-0.2418316,GotSelection
74.36868,24,2,3,0,0.7779389,0.9300232,0.1959417,358.45,139.519,74.21122,0.7179531,1.00522,0.178266,0.9032105,-0.3499893,-0.2392813,SelectionStart
74.36871,24,2,3,0,0.7779389,0.9300232,0.1959417,358.45,139.519,74.21122,0.7179531,1.00522,0.178266,0.9032105,-0.3499893,-0.2392813,SelectionEnd
74.37208,24,2,3,0,0.7779389,0.9300232,0.1959417,358.45,139.519,74.21122,0.7179531,1.00522,0.178266,0.9032105,-0.3499893,-0.2392813,GotSelection
74.38142,24,2,3,0,0.7778817,0.9298627,0.1960368,358.3845,139.5683,74.21964,0.7129349,0.9980051,0.1732467,0.8537318,-0.4395206,-0.2330354,SelectionStart
74.38143,24,2,3,0,0.7778817,0.9298627,0.1960368,358.3845,139.5683,74.21964,0.7129349,0.9980051,0.1732467,0.8537318,-0.4395206,-0.2330354,SelectionEnd
74.38477,24,2,3,0,0.7778817,0.9298627,0.1960368,358.3845,139.5683,74.21964,0.7129349,0.9980051,0.1732467,0.8537318,-0.4395206,-0.2330354,GotSelection
74.39516,24,2,3,0,0.7778833,0.9297508,0.196151,358.3315,139.6191,74.22736,0.7097908,0.992926,0.1693995,0.8186609,-0.5023673,-0.22329,SelectionStart
74.39519,24,2,3,0,0.7778833,0.9297508,0.196151,358.3315,139.6191,74.22736,0.7097908,0.992926,0.1693995,0.8186609,-0.5023673,-0.22329,SelectionEnd
74.39854,24,2,3,0,0.7778833,0.9297508,0.196151,358.3315,139.6191,74.22736,0.7097908,0.992926,0.1693995,0.8186609,-0.5023673,-0.22329,GotSelection
74.41081,24,2,3,0,0.7779016,0.9296391,0.1962692,358.2909,139.6486,74.24113,0.7062263,0.9869,0.1644993,0.7767995,-0.5778592,-0.2089215,SelectionStart
74.41084,24,2,3,0,0.7779016,0.9296391,0.1962692,358.2909,139.6486,74.24113,0.7062263,0.9869,0.1644993,0.7767995,-0.5778592,-0.2089215,SelectionEnd
74.41426,24,2,3,0,0.7779016,0.9296391,0.1962692,358.2909,139.6486,74.24113,0.7062263,0.9869,0.1644993,0.7767995,-0.5778592,-0.2089215,GotSelection
74.42656,24,2,3,0,0.7781183,0.9295993,0.1962523,358.3096,139.6239,74.26376,0.7034295,0.9811339,0.1607427,0.7330787,-0.6403283,-0.2020222,SelectionStart
74.42658,24,2,3,0,0.7781183,0.9295993,0.1962523,358.3096,139.6239,74.26376,0.7034295,0.9811339,0.1607427,0.7330787,-0.6403283,-0.2020222,SelectionEnd
74.43018,24,2,3,0,0.7781183,0.9295993,0.1962523,358.3096,139.6239,74.26376,0.7034295,0.9811339,0.1607427,0.7330787,-0.6403283,-0.2020222,GotSelection
74.47485,24,2,3,0,0.7789118,0.9293995,0.1963454,358.4145,139.6274,74.39973,0.6969342,0.9722835,0.1552847,0.6714669,-0.7557616,-0.2104082,SelectionStart
74.47486,24,2,3,0,0.7789118,0.9293995,0.1963454,358.4145,139.6274,74.39973,0.6969342,0.9722835,0.1552847,0.6714669,-0.7557616,-0.2104082,SelectionEnd
74.47842,24,2,3,0,0.7789118,0.9293995,0.1963454,358.4145,139.6274,74.39973,0.6969342,0.9722835,0.1552847,0.6714669,-0.7557616,-0.2104082,GotSelection
74.48985,24,2,3,0,0.7789155,0.9293801,0.1963703,358.416,139.6125,74.4018,0.6967367,0.9729691,0.1556751,0.6782327,-0.7529439,-0.2146249,SelectionStart
74.48988,24,2,3,0,0.7789155,0.9293801,0.1963703,358.416,139.6125,74.4018,0.6967367,0.9729691,0.1556751,0.6782327,-0.7529439,-0.2146249,SelectionEnd
74.49316,24,2,3,0,0.7789155,0.9293801,0.1963703,358.416,139.6125,74.4018,0.6967367,0.9729691,0.1556751,0.6782327,-0.7529439,-0.2146249,GotSelection
74.50256,24,2,3,0,0.778909,0.929435,0.1962831,358.4375,139.5731,74.40929,0.6976976,0.976851,0.1591367,0.7078489,-0.712405,-0.2355072,SelectionStart
74.50257,24,2,3,0,0.778909,0.929435,0.1962831,358.4375,139.5731,74.40929,0.6976976,0.976851,0.1591367,0.7078489,-0.712405,-0.2355072,SelectionEnd
74.50587,24,2,3,0,0.778909,0.929435,0.1962831,358.4375,139.5731,74.40929,0.6976976,0.976851,0.1591367,0.7078489,-0.712405,-0.2355072,GotSelection
74.51532,24,2,3,0,0.7790189,0.9293783,0.1962493,358.4433,139.5379,74.42362,0.7001274,0.9799279,0.1615685,0.7292849,-0.6707601,-0.2390034,SelectionStart
74.51534,24,2,3,0,0.7790189,0.9293783,0.1962493,358.4433,139.5379,74.42362,0.7001274,0.9799279,0.1615685,0.7292849,-0.6707601,-0.2390034,SelectionEnd
74.51859,24,2,3,0,0.7790189,0.9293783,0.1962493,358.4433,139.5379,74.42362,0.7001274,0.9799279,0.1615685,0.7292849,-0.6707601,-0.2390034,GotSelection
74.52814,24,2,3,0,0.7789279,0.9294477,0.1961894,358.445,139.4961,74.42924,0.7024969,0.98452,0.1662613,0.7605696,-0.6093971,-0.2589377,SelectionStart
74.52815,24,2,3,0,0.7789279,0.9294477,0.1961894,358.445,139.4961,74.42924,0.7024969,0.98452,0.1662613,0.7605696,-0.6093971,-0.2589377,SelectionEnd
74.53146,24,2,3,0,0.7789279,0.9294477,0.1961894,358.445,139.4961,74.42924,0.7024969,0.98452,0.1662613,0.7605696,-0.6093971,-0.2589377,GotSelection
74.54525,24,2,3,0,0.7786651,0.929467,0.1961657,358.4522,139.4473,74.40478,0.7064309,0.9919146,0.1722668,0.8141927,-0.5186426,-0.2765425,SelectionStart
74.54528,24,2,3,0,0.7786651,0.929467,0.1961657,358.4522,139.4473,74.40478,0.7064309,0.9919146,0.1722668,0.8141927,-0.5186426,-0.2765425,SelectionEnd
74.5488,24,2,3,0,0.7786651,0.929467,0.1961657,358.4522,139.4473,74.40478,0.7064309,0.9919146,0.1722668,0.8141927,-0.5186426,-0.2765425,GotSelection
74.55859,24,2,3,0,0.7783478,0.9295434,0.1960628,358.4334,139.4552,74.34455,0.7122784,0.9987524,0.1771892,0.8592884,-0.4210997,-0.2724225,SelectionStart
74.55862,24,2,3,0,0.7783478,0.9295434,0.1960628,358.4334,139.4552,74.34455,0.7122784,0.9987524,0.1771892,0.8592884,-0.4210997,-0.2724225,SelectionEnd
74.56194,24,2,3,0,0.7783478,0.9295434,0.1960628,358.4334,139.4552,74.34455,0.7122784,0.9987524,0.1771892,0.8592884,-0.4210997,-0.2724225,GotSelection
74.57211,24,2,3,0,0.7779289,0.9296341,0.1959106,358.4119,139.4724,74.26472,0.7177109,1.005564,0.1825334,0.9038758,-0.3225989,-0.273892,SelectionStart
74.57214,24,2,3,0,0.7779289,0.9296341,0.1959106,358.4119,139.4724,74.26472,0.7177109,1.005564,0.1825334,0.9038758,-0.3225989,-0.273892,SelectionEnd
74.57542,24,2,3,0,0.7779289,0.9296341,0.1959106,358.4119,139.4724,74.26472,0.7177109,1.005564,0.1825334,0.9038758,-0.3225989,-0.273892,GotSelection
74.58646,24,2,3,0,0.7775307,0.9297739,0.1957842,358.3747,139.4808,74.20549,0.7217832,1.010997,0.1862161,0.940016,-0.2493119,-0.2716801,SelectionStart
74.58647,24,2,3,0,0.7775307,0.9297739,0.1957842,358.3747,139.4808,74.20549,0.7217832,1.010997,0.1862161,0.940016,-0.2493119,-0.2716801,SelectionEnd
74.58978,24,2,3,0,0.7775307,0.9297739,0.1957842,358.3747,139.4808,74.20549,0.7217832,1.010997,0.1862161,0.940016,-0.2493119,-0.2716801,GotSelection
74.59937,24,2,3,0,0.7771866,0.9299811,0.1956374,358.3144,139.5152,74.12737,0.7284551,1.018052,0.1907119,0.9842516,-0.1471669,-0.2580035,SelectionStart
74.59939,24,2,3,0,0.7771866,0.9299811,0.1956374,358.3144,139.5152,74.12737,0.7284551,1.018052,0.1907119,0.9842516,-0.1471669,-0.2580035,SelectionEnd
74.60268,24,2,3,0,0.7771866,0.9299811,0.1956374,358.3144,139.5152,74.12737,0.7284551,1.018052,0.1907119,0.9842516,-0.1471669,-0.2580035,GotSelection
74.61223,24,2,3,0,0.7770929,0.9301334,0.1955363,358.3002,139.5171,74.08974,0.7343208,1.022753,0.1938813,1.010002,-0.06860889,-0.2423017,SelectionStart
74.61224,24,2,3,0,0.7770929,0.9301334,0.1955363,358.3002,139.5171,74.08974,0.7343208,1.022753,0.1938813,1.010002,-0.06860889,-0.2423017,SelectionEnd
74.61551,24,2,3,0,0.7770929,0.9301334,0.1955363,358.3002,139.5171,74.08974,0.7343208,1.022753,0.1938813,1.010002,-0.06860889,-0.2423017,GotSelection
74.62742,24,2,3,0,0.7769812,0.9301834,0.1954829,358.2763,139.5385,74.05487,0.7417637,1.028932,0.1980332,1.045995,0.03211273,-0.2225306,SelectionStart
74.62743,24,2,3,0,0.7769812,0.9301834,0.1954829,358.2763,139.5385,74.05487,0.7417637,1.028932,0.1980332,1.045995,0.03211273,-0.2225306,SelectionEnd
74.63079,24,2,3,0,0.7769812,0.9301834,0.1954829,358.2763,139.5385,74.05487,0.7417637,1.028932,0.1980332,1.045995,0.03211273,-0.2225306,GotSelection
74.64152,24,2,3,0,0.7769666,0.9299688,0.1955792,358.2621,139.5521,74.03639,0.7474922,1.033112,0.2005823,1.071855,0.1030494,-0.2018991,SelectionStart
74.64153,24,2,3,0,0.7769666,0.9299688,0.1955792,358.2621,139.5521,74.03639,0.7474922,1.033112,0.2005823,1.071855,0.1030494,-0.2018991,SelectionEnd
74.64494,24,2,3,0,0.7769666,0.9299688,0.1955792,358.2621,139.5521,74.03639,0.7474922,1.033112,0.2005823,1.071855,0.1030494,-0.2018991,GotSelection
74.68442,24,2,3,0,0.7776057,0.9296807,0.1958718,358.245,139.63,74.15549,0.7627154,1.041479,0.2053077,1.116341,0.2613375,-0.1367235,SelectionStart
74.68444,24,2,3,0,0.7776057,0.9296807,0.1958718,358.245,139.63,74.15549,0.7627154,1.041479,0.2053077,1.116341,0.2613375,-0.1367235,SelectionEnd
74.68764,24,2,3,0,0.7776057,0.9296807,0.1958718,358.245,139.63,74.15549,0.7627154,1.041479,0.2053077,1.116341,0.2613375,-0.1367235,GotSelection
74.69794,24,2,3,0,0.7780433,0.9295548,0.1957433,358.2727,139.6656,74.17375,0.7659007,1.042744,0.2060855,1.122247,0.2909512,-0.1257279,SelectionStart
74.69796,24,2,3,0,0.7780433,0.9295548,0.1957433,358.2727,139.6656,74.17375,0.7659007,1.042744,0.2060855,1.122247,0.2909512,-0.1257279,SelectionEnd
74.70122,24,2,3,0,0.7780433,0.9295548,0.1957433,358.2727,139.6656,74.17375,0.7659007,1.042744,0.2060855,1.122247,0.2909512,-0.1257279,GotSelection
74.71141,24,2,3,0,0.7781565,0.9294366,0.1956265,358.3069,139.7168,74.17798,0.7644536,1.042895,0.2054629,1.129279,0.2766175,-0.1326676,SelectionStart
74.71143,24,2,3,0,0.7781565,0.9294366,0.1956265,358.3069,139.7168,74.17798,0.7644536,1.042895,0.2054629,1.129279,0.2766175,-0.1326676,SelectionEnd
74.71486,24,2,3,0,0.7781565,0.9294366,0.1956265,358.3069,139.7168,74.17798,0.7644536,1.042895,0.2054629,1.129279,0.2766175,-0.1326676,GotSelection
74.72588,24,2,3,0,0.7784919,0.929319,0.1952888,358.3914,139.7644,74.19673,0.761211,1.042155,0.2042809,1.132672,0.2422949,-0.1515201,SelectionStart
74.72591,24,2,3,0,0.7784919,0.929319,0.1952888,358.3914,139.7644,74.19673,0.761211,1.042155,0.2042809,1.132672,0.2422949,-0.1515201,SelectionEnd
74.72915,24,2,3,0,0.7784919,0.929319,0.1952888,358.3914,139.7644,74.19673,0.761211,1.042155,0.2042809,1.132672,0.2422949,-0.1515201,GotSelection
74.73811,24,2,3,0,0.7787867,0.9293472,0.1949744,358.4787,139.7801,74.211,0.7578707,1.040529,0.2033486,1.125586,0.206283,-0.1728348,SelectionStart
74.73812,24,2,3,0,0.7787867,0.9293472,0.1949744,358.4787,139.7801,74.211,0.7578707,1.040529,0.2033486,1.125586,0.206283,-0.1728348,SelectionEnd
74.74154,24,2,3,0,0.7787867,0.9293472,0.1949744,358.4787,139.7801,74.211,0.7578707,1.040529,0.2033486,1.125586,0.206283,-0.1728348,GotSelection
74.7523,24,2,3,0,0.7791411,0.9290849,0.1948887,358.5349,139.7991,74.25246,0.7518566,1.038446,0.2014333,1.125142,0.1411544,-0.2020633,SelectionStart
74.75232,24,2,3,0,0.7791411,0.9290849,0.1948887,358.5349,139.7991,74.25246,0.7518566,1.038446,0.2014333,1.125142,0.1411544,-0.2020633,SelectionEnd
74.75558,24,2,3,0,0.7791411,0.9290849,0.1948887,358.5349,139.7991,74.25246,0.7518566,1.038446,0.2014333,1.125142,0.1411544,-0.2020633,GotSelection
74.76514,24,2,3,0,0.7792787,0.9290299,0.1949587,358.5274,139.8177,74.29726,0.7451606,1.034738,0.199509,1.108126,0.06641863,-0.2322459,SelectionStart
74.76516,24,2,3,0,0.7792787,0.9290299,0.1949587,358.5274,139.8177,74.29726,0.7451606,1.034738,0.199509,1.108126,0.06641863,-0.2322459,SelectionEnd
74.76837,24,2,3,0,0.7792787,0.9290299,0.1949587,358.5274,139.8177,74.29726,0.7451606,1.034738,0.199509,1.108126,0.06641863,-0.2322459,GotSelection
74.77829,24,2,3,0,0.7792184,0.9290334,0.1950696,358.4951,139.8572,74.32917,0.7394661,1.030698,0.197728,1.084428,0.0003970753,-0.25485,SelectionStart
74.77831,24,2,3,0,0.7792184,0.9290334,0.1950696,358.4951,139.8572,74.32917,0.7394661,1.030698,0.197728,1.084428,0.0003970753,-0.25485,SelectionEnd
74.78156,24,2,3,0,0.7792184,0.9290334,0.1950696,358.4951,139.8572,74.32917,0.7394661,1.030698,0.197728,1.084428,0.0003970753,-0.25485,GotSelection
74.79189,24,2,3,0,0.7793883,0.9289353,0.1951815,358.458,139.892,74.36438,0.7311653,1.025703,0.1934631,1.062653,-0.1050467,-0.2768555,SelectionStart
74.79192,24,2,3,0,0.7793883,0.9289353,0.1951815,358.458,139.892,74.36438,0.7311653,1.025703,0.1934631,1.062653,-0.1050467,-0.2768555,SelectionEnd
74.79535,24,2,3,0,0.7793883,0.9289353,0.1951815,358.458,139.892,74.36438,0.7311653,1.025703,0.1934631,1.062653,-0.1050467,-0.2768555,GotSelection
74.80569,24,2,3,0,0.7794497,0.9288228,0.1953096,358.4685,139.8757,74.38789,0.7254092,1.019919,0.1902457,1.025288,-0.1857796,-0.2908391,SelectionStart
74.80572,24,2,3,0,0.7794497,0.9288228,0.1953096,358.4685,139.8757,74.38789,0.7254092,1.019919,0.1902457,1.025288,-0.1857796,-0.2908391,SelectionEnd
74.80894,24,2,3,0,0.7794497,0.9288228,0.1953096,358.4685,139.8757,74.38789,0.7254092,1.019919,0.1902457,1.025288,-0.1857796,-0.2908391,GotSelection
74.81871,24,2,3,0,0.7796769,0.9288074,0.1953287,358.5049,139.8384,74.41634,0.7180018,1.011849,0.1857285,0.9702205,-0.2941884,-0.3087355,SelectionStart
74.81873,24,2,3,0,0.7796769,0.9288074,0.1953287,358.5049,139.8384,74.41634,0.7180018,1.011849,0.1857285,0.9702205,-0.2941884,-0.3087355,SelectionEnd
74.822,24,2,3,0,0.7796769,0.9288074,0.1953287,358.5049,139.8384,74.41634,0.7180018,1.011849,0.1857285,0.9702205,-0.2941884,-0.3087355,GotSelection
74.83141,24,2,3,0,0.7799442,0.9289117,0.1952161,358.5614,139.8179,74.43674,0.7118124,1.005828,0.1822908,0.9293998,-0.3807121,-0.3279209,SelectionStart
74.83144,24,2,3,0,0.7799442,0.9289117,0.1952161,358.5614,139.8179,74.43674,0.7118124,1.005828,0.1822908,0.9293998,-0.3807121,-0.3279209,SelectionEnd
74.83475,24,2,3,0,0.7799442,0.9289117,0.1952161,358.5614,139.8179,74.43674,0.7118124,1.005828,0.1822908,0.9293998,-0.3807121,-0.3279209,GotSelection
74.84431,24,2,3,0,0.7801563,0.9289895,0.1952012,358.6151,139.8084,74.45181,0.7067961,0.9984279,0.1789169,0.8725518,-0.4619339,-0.3388536,SelectionStart
74.84434,24,2,3,0,0.7801563,0.9289895,0.1952012,358.6151,139.8084,74.45181,0.7067961,0.9984279,0.1789169,0.8725518,-0.4619339,-0.3388536,SelectionEnd
74.84758,24,2,3,0,0.7801563,0.9289895,0.1952012,358.6151,139.8084,74.45181,0.7067961,0.9984279,0.1789169,0.8725518,-0.4619339,-0.3388536,GotSelection
74.90533,24,2,3,0,0.7800907,0.929141,0.1952879,358.698,139.5601,74.45963,0.6899154,0.965828,0.1621504,0.6142684,-0.7835233,-0.3308415,SelectionStart
74.90535,24,2,3,0,0.7800907,0.929141,0.1952879,358.698,139.5601,74.45963,0.6899154,0.965828,0.1621504,0.6142684,-0.7835233,-0.3308415,SelectionEnd
74.90864,24,2,3,0,0.7800907,0.929141,0.1952879,358.698,139.5601,74.45963,0.6899154,0.965828,0.1621504,0.6142684,-0.7835233,-0.3308415,GotSelection
74.95298,24,2,3,0,0.7795627,0.9290078,0.1954339,358.6715,139.5539,74.43926,0.6861081,0.9521576,0.1540387,0.5022236,-0.8977053,-0.2915709,SelectionStart
74.95302,24,2,3,0,0.7795627,0.9290078,0.1954339,358.6715,139.5539,74.43926,0.6861081,0.9521576,0.1540387,0.5022236,-0.8977053,-0.2915709,SelectionEnd
74.95634,24,2,3,0,0.7795627,0.9290078,0.1954339,358.6715,139.5539,74.43926,0.6861081,0.9521576,0.1540387,0.5022236,-0.8977053,-0.2915709,GotSelection
75.00601,24,2,3,0,0.779762,0.9289494,0.1956866,358.6891,139.4987,74.52464,0.6872286,0.9558156,0.1545944,0.5347472,-0.8792807,-0.2879869,SelectionStart
75.00604,24,2,3,0,0.779762,0.9289494,0.1956866,358.6891,139.4987,74.52464,0.6872286,0.9558156,0.1545944,0.5347472,-0.8792807,-0.2879869,SelectionEnd
75.0094,24,2,3,0,0.779762,0.9289494,0.1956866,358.6891,139.4987,74.52464,0.6872286,0.9558156,0.1545944,0.5347472,-0.8792807,-0.2879869,GotSelection
75.01871,24,2,3,0,0.7793869,0.9289815,0.1961237,358.5399,139.5365,74.5125,0.6888355,0.9609236,0.1572573,0.5776371,-0.8362819,-0.2894362,SelectionStart
75.01873,24,2,3,0,0.7793869,0.9289815,0.1961237,358.5399,139.5365,74.5125,0.6888355,0.9609236,0.1572573,0.5776371,-0.8362819,-0.2894362,SelectionEnd
75.02199,24,2,3,0,0.7793869,0.9289815,0.1961237,358.5399,139.5365,74.5125,0.6888355,0.9609236,0.1572573,0.5776371,-0.8362819,-0.2894362,GotSelection
75.03217,24,2,3,0,0.7791637,0.9291489,0.1960546,358.473,139.5765,74.4567,0.6906313,0.9647412,0.1593915,0.6066689,-0.7966814,-0.2911395,SelectionStart
75.0322,24,2,3,0,0.7791637,0.9291489,0.1960546,358.473,139.5765,74.4567,0.6906313,0.9647412,0.1593915,0.6066689,-0.7966814,-0.2911395,SelectionEnd
75.03571,24,2,3,0,0.7791637,0.9291489,0.1960546,358.473,139.5765,74.4567,0.6906313,0.9647412,0.1593915,0.6066689,-0.7966814,-0.2911395,GotSelection
75.04569,24,2,3,0,0.7790799,0.9292523,0.1958104,358.4952,139.5914,74.39968,0.6935506,0.9710423,0.1626621,0.6559095,-0.7342778,-0.2968204,SelectionStart
75.04571,24,2,3,0,0.7790799,0.9292523,0.1958104,358.4952,139.5914,74.39968,0.6935506,0.9710423,0.1626621,0.6559095,-0.7342778,-0.2968204,SelectionEnd
75.04896,24,2,3,0,0.7790799,0.9292523,0.1958104,358.4952,139.5914,74.39968,0.6935506,0.9710423,0.1626621,0.6559095,-0.7342778,-0.2968204,GotSelection
75.06097,24,2,3,0,0.7794952,0.9293005,0.1953536,358.6302,139.5855,74.40482,0.6964576,0.9775625,0.1661427,0.706862,-0.672933,-0.3104545,SelectionStart
75.06098,24,2,3,0,0.7794952,0.9293005,0.1953536,358.6302,139.5855,74.40482,0.6964576,0.9775625,0.1661427,0.706862,-0.672933,-0.3104545,SelectionEnd
75.06424,24,2,3,0,0.7794952,0.9293005,0.1953536,358.6302,139.5855,74.40482,0.6964576,0.9775625,0.1661427,0.706862,-0.672933,-0.3104545,GotSelection
75.0733,24,2,3,0,0.7797688,0.9293227,0.1951135,358.7153,139.5847,74.42292,0.6992992,0.9824467,0.169104,0.7430971,-0.6203015,-0.3179746,SelectionStart
75.07333,24,2,3,0,0.7797688,0.9293227,0.1951135,358.7153,139.5847,74.42292,0.6992992,0.9824467,0.169104,0.7430971,-0.6203015,-0.3179746,SelectionEnd
75.07657,24,2,3,0,0.7797688,0.9293227,0.1951135,358.7153,139.5847,74.42292,0.6992992,0.9824467,0.169104,0.7430971,-0.6203015,-0.3179746,GotSelection
75.08719,24,2,3,0,0.7799995,0.9292164,0.1949983,358.7773,139.6004,74.4594,0.7026387,0.9881886,0.1721081,0.7879371,-0.5618113,-0.3207562,SelectionStart
75.08721,24,2,3,0,0.7799995,0.9292164,0.1949983,358.7773,139.6004,74.4594,0.7026387,0.9881886,0.1721081,0.7879371,-0.5618113,-0.3207562,SelectionEnd
75.09062,24,2,3,0,0.7799995,0.9292164,0.1949983,358.7773,139.6004,74.4594,0.7026387,0.9881886,0.1721081,0.7879371,-0.5618113,-0.3207562,GotSelection
75.10684,24,2,3,0,0.7798757,0.9291447,0.1949632,358.757,139.6245,74.43839,0.7079925,0.9969529,0.1766548,0.8555466,-0.4672749,-0.3176785,SelectionStart
75.1069,24,2,3,0,0.7798757,0.9291447,0.1949632,358.757,139.6245,74.43839,0.7079925,0.9969529,0.1766548,0.8555466,-0.4672749,-0.3176785,SelectionEnd
75.11291,24,2,3,0,0.7798757,0.9291447,0.1949632,358.757,139.6245,74.43839,0.7079925,0.9969529,0.1766548,0.8555466,-0.4672749,-0.3176785,GotSelection
75.12928,24,2,3,0,0.779368,0.9289073,0.1954081,358.596,139.6605,74.42025,0.7151654,1.00707,0.1819171,0.9334211,-0.3505188,-0.2994413,SelectionStart
75.1293,24,2,3,0,0.779368,0.9289073,0.1954081,358.596,139.6605,74.42025,0.7151654,1.00707,0.1819171,0.9334211,-0.3505188,-0.2994413,SelectionEnd
75.13264,24,2,3,0,0.779368,0.9289073,0.1954081,358.596,139.6605,74.42025,0.7151654,1.00707,0.1819171,0.9334211,-0.3505188,-0.2994413,GotSelection
75.14407,24,2,3,0,0.7794197,0.9288445,0.1956852,358.5517,139.6638,74.46822,0.7203236,1.013476,0.1850842,0.9809011,-0.2770186,-0.2858748,SelectionStart
75.14409,24,2,3,0,0.7794197,0.9288445,0.1956852,358.5517,139.6638,74.46822,0.7203236,1.013476,0.1850842,0.9809011,-0.2770186,-0.2858748,SelectionEnd
75.14746,24,2,3,0,0.7794197,0.9288445,0.1956852,358.5517,139.6638,74.46822,0.7203236,1.013476,0.1850842,0.9809011,-0.2770186,-0.2858748,GotSelection
75.15671,24,2,3,0,0.7796293,0.9288609,0.1957166,358.5792,139.6451,74.51662,0.7243406,1.017838,0.1872145,1.01141,-0.2241259,-0.2765362,SelectionStart
75.15672,24,2,3,0,0.7796293,0.9288609,0.1957166,358.5792,139.6451,74.51662,0.7243406,1.017838,0.1872145,1.01141,-0.2241259,-0.2765362,SelectionEnd
75.16039,24,2,3,0,0.7796293,0.9288609,0.1957166,358.5792,139.6451,74.51662,0.7243406,1.017838,0.1872145,1.01141,-0.2241259,-0.2765362,GotSelection
75.17059,24,2,3,0,0.7799163,0.9288368,0.1956718,358.6351,139.6161,74.55606,0.7290955,1.023015,0.1899776,1.04772,-0.1593141,-0.2686999,SelectionStart
75.17061,24,2,3,0,0.7799163,0.9288368,0.1956718,358.6351,139.6161,74.55606,0.7290955,1.023015,0.1899776,1.04772,-0.1593141,-0.2686999,SelectionEnd
75.17397,24,2,3,0,0.7799163,0.9288368,0.1956718,358.6351,139.6161,74.55606,0.7290955,1.023015,0.1899776,1.04772,-0.1593141,-0.2686999,GotSelection
75.21519,24,2,3,0,0.77996,0.9289429,0.195638,358.631,139.6281,74.55393,0.7397836,1.033617,0.1953363,1.118767,-0.01690639,-0.2375623,SelectionStart
75.2152,24,2,3,0,0.77996,0.9289429,0.195638,358.631,139.6281,74.55393,0.7397836,1.033617,0.1953363,1.118767,-0.01690639,-0.2375623,SelectionEnd
75.21852,24,2,3,0,0.77996,0.9289429,0.195638,358.631,139.6281,74.55393,0.7397836,1.033617,0.1953363,1.118767,-0.01690639,-0.2375623,GotSelection
75.22867,24,2,3,0,0.7798004,0.9288159,0.1958856,358.5504,139.6863,74.5478,0.7423715,1.036459,0.1968704,1.140177,0.01983805,-0.2268413,SelectionStart
75.22869,24,2,3,0,0.7798004,0.9288159,0.1958856,358.5504,139.6863,74.5478,0.7423715,1.036459,0.1968704,1.140177,0.01983805,-0.2268413,SelectionEnd
75.23204,24,2,3,0,0.7798004,0.9288159,0.1958856,358.5504,139.6863,74.5478,0.7423715,1.036459,0.1968704,1.140177,0.01983805,-0.2268413,GotSelection
75.24401,24,2,3,0,0.7798904,0.9288062,0.1958413,358.5595,139.6976,74.54156,0.7445307,1.038948,0.198208,1.157924,0.05098239,-0.2234175,SelectionStart
75.24403,24,2,3,0,0.7798904,0.9288062,0.1958413,358.5595,139.6976,74.54156,0.7445307,1.038948,0.198208,1.157924,0.05098239,-0.2234175,SelectionEnd
75.24746,24,2,3,0,0.7798904,0.9288062,0.1958413,358.5595,139.6976,74.54156,0.7445307,1.038948,0.198208,1.157924,0.05098239,-0.2234175,GotSelection
75.25705,24,2,3,0,0.7801381,0.928835,0.195562,358.6336,139.6854,74.53886,0.7462705,1.040574,0.1989062,1.16846,0.07274469,-0.222302,SelectionStart
75.25706,24,2,3,0,0.7801381,0.928835,0.195562,358.6336,139.6854,74.53886,0.7462705,1.040574,0.1989062,1.16846,0.07274469,-0.222302,SelectionEnd
75.26051,24,2,3,0,0.7801381,0.928835,0.195562,358.6336,139.6854,74.53886,0.7462705,1.040574,0.1989062,1.16846,0.07274469,-0.222302,GotSelection
75.27082,24,2,3,0,0.7804255,0.9287903,0.1953506,358.7096,139.7014,74.55453,0.7474424,1.042233,0.1997479,1.181337,0.09025303,-0.2257191,SelectionStart
75.27085,24,2,3,0,0.7804255,0.9287903,0.1953506,358.7096,139.7014,74.55453,0.7474424,1.042233,0.1997479,1.181337,0.09025303,-0.2257191,SelectionEnd
75.27428,24,2,3,0,0.7804255,0.9287903,0.1953506,358.7096,139.7014,74.55453,0.7474424,1.042233,0.1997479,1.181337,0.09025303,-0.2257191,GotSelection
75.28532,24,2,3,0,0.7805754,0.9285131,0.1953187,358.7455,139.7263,74.57391,0.7488967,1.044122,0.2006122,1.198241,0.1110615,-0.2242381,SelectionStart
75.28534,24,2,3,0,0.7805754,0.9285131,0.1953187,358.7455,139.7263,74.57391,0.7488967,1.044122,0.2006122,1.198241,0.1110615,-0.2242381,SelectionEnd
75.2887,24,2,3,0,0.7805754,0.9285131,0.1953187,358.7455,139.7263,74.57391,0.7488967,1.044122,0.2006122,1.198241,0.1110615,-0.2242381,GotSelection
75.29813,24,2,3,0,0.7806517,0.9284279,0.1952785,358.751,139.729,74.58768,0.749722,1.045149,0.2011132,1.206674,0.1228275,-0.2233689,SelectionStart
75.29815,24,2,3,0,0.7806517,0.9284279,0.1952785,358.751,139.729,74.58768,0.749722,1.045149,0.2011132,1.206674,0.1228275,-0.2233689,SelectionEnd
75.30144,24,2,3,0,0.7806517,0.9284279,0.1952785,358.751,139.729,74.58768,0.749722,1.045149,0.2011132,1.206674,0.1228275,-0.2233689,GotSelection
75.31058,24,2,3,0,0.7809139,0.9284418,0.1951666,358.7646,139.7496,74.61224,0.7501993,1.046643,0.2019973,1.219206,0.1341974,-0.2295895,SelectionStart
75.3106,24,2,3,0,0.7809139,0.9284418,0.1951666,358.7646,139.7496,74.61224,0.7501993,1.046643,0.2019973,1.219206,0.1341974,-0.2295895,SelectionEnd
75.31496,24,2,3,0,0.7809139,0.9284418,0.1951666,358.7646,139.7496,74.61224,0.7501993,1.046643,0.2019973,1.219206,0.1341974,-0.2295895,GotSelection
75.3251,24,2,3,0,0.7810406,0.9283491,0.195278,358.7502,139.7513,74.64924,0.7491724,1.046707,0.2022875,1.223145,0.1263691,-0.2382388,SelectionStart
75.32513,24,2,3,0,0.7810406,0.9283491,0.195278,358.7502,139.7513,74.64924,0.7491724,1.046707,0.2022875,1.223145,0.1263691,-0.2382388,SelectionEnd
75.32864,24,2,3,0,0.7810406,0.9283491,0.195278,358.7502,139.7513,74.64924,0.7491724,1.046707,0.2022875,1.223145,0.1263691,-0.2382388,GotSelection
75.33841,24,2,3,0,0.7812711,0.9282333,0.1955131,358.7306,139.7583,74.70258,0.7481785,1.04653,0.2025784,1.225341,0.1162605,-0.246315,SelectionStart
75.33843,24,2,3,0,0.7812711,0.9282333,0.1955131,358.7306,139.7583,74.70258,0.7481785,1.04653,0.2025784,1.225341,0.1162605,-0.246315,SelectionEnd
75.34176,24,2,3,0,0.7812711,0.9282333,0.1955131,358.7306,139.7583,74.70258,0.7481785,1.04653,0.2025784,1.225341,0.1162605,-0.246315,GotSelection
75.35213,24,2,3,0,0.7814236,0.9280076,0.1957067,358.7405,139.7607,74.75479,0.7458839,1.045575,0.2025746,1.223901,0.09361103,-0.2612661,SelectionStart
75.35215,24,2,3,0,0.7814236,0.9280076,0.1957067,358.7405,139.7607,74.75479,0.7458839,1.045575,0.2025746,1.223901,0.09361103,-0.2612661,SelectionEnd
75.35544,24,2,3,0,0.7814236,0.9280076,0.1957067,358.7405,139.7607,74.75479,0.7458839,1.045575,0.2025746,1.223901,0.09361103,-0.2612661,GotSelection
75.36478,24,2,3,0,0.781738,0.9278845,0.195597,358.8072,139.7593,74.79272,0.7426911,1.044433,0.2024654,1.22126,0.06377224,-0.2860028,SelectionStart
75.3648,24,2,3,0,0.781738,0.9278845,0.195597,358.8072,139.7593,74.79272,0.7426911,1.044433,0.2024654,1.22126,0.06377224,-0.2860028,SelectionEnd
75.36813,24,2,3,0,0.781738,0.9278845,0.195597,358.8072,139.7593,74.79272,0.7426911,1.044433,0.2024654,1.22126,0.06377224,-0.2860028,GotSelection
75.3774,24,2,3,0,0.7822191,0.9277392,0.1954773,358.906,139.7493,74.84785,0.7385661,1.041404,0.201542,1.203648,0.01522378,-0.312771,SelectionStart
75.37743,24,2,3,0,0.7822191,0.9277392,0.1954773,358.906,139.7493,74.84785,0.7385661,1.041404,0.201542,1.203648,0.01522378,-0.312771,SelectionEnd
75.38071,24,2,3,0,0.7822191,0.9277392,0.1954773,358.906,139.7493,74.84785,0.7385661,1.041404,0.201542,1.203648,0.01522378,-0.312771,GotSelection
75.42181,24,2,3,0,0.7836029,0.9273742,0.1949225,359.1864,139.6751,74.99508,0.723389,1.028924,0.1964924,1.124762,-0.1726492,-0.3949817,SelectionStart
75.42182,24,2,3,0,0.7836029,0.9273742,0.1949225,359.1864,139.6751,74.99508,0.723389,1.028924,0.1964924,1.124762,-0.1726492,-0.3949817,SelectionEnd
75.42514,24,2,3,0,0.7836029,0.9273742,0.1949225,359.1864,139.6751,74.99508,0.723389,1.028924,0.1964924,1.124762,-0.1726492,-0.3949817,GotSelection
75.43609,24,2,3,0,0.7842267,0.9271415,0.1945117,359.3692,139.6024,75.04948,0.7170383,1.022118,0.1935191,1.077085,-0.2594878,-0.4258237,SelectionStart
75.43611,24,2,3,0,0.7842267,0.9271415,0.1945117,359.3692,139.6024,75.04948,0.7170383,1.022118,0.1935191,1.077085,-0.2594878,-0.4258237,SelectionEnd
75.43949,24,2,3,0,0.7842267,0.9271415,0.1945117,359.3692,139.6024,75.04948,0.7170383,1.022118,0.1935191,1.077085,-0.2594878,-0.4258237,GotSelection
75.44913,24,2,3,0,0.7848424,0.9271579,0.193891,359.5622,139.5605,75.06463,0.7118414,1.015848,0.1904099,1.029605,-0.3358424,-0.4491183,SelectionStart
75.44916,24,2,3,0,0.7848424,0.9271579,0.193891,359.5622,139.5605,75.06463,0.7118414,1.015848,0.1904099,1.029605,-0.3358424,-0.4491183,SelectionEnd
75.45248,24,2,3,0,0.7848424,0.9271579,0.193891,359.5622,139.5605,75.06463,0.7118414,1.015848,0.1904099,1.029605,-0.3358424,-0.4491183,GotSelection
75.46188,24,2,3,0,0.78553,0.9270942,0.1931785,359.806,139.5327,75.08192,0.7067105,1.008605,0.1858145,0.9750933,-0.4237604,-0.4619029,SelectionStart
75.46191,24,2,3,0,0.78553,0.9270942,0.1931785,359.806,139.5327,75.08192,0.7067105,1.008605,0.1858145,0.9750933,-0.4237604,-0.4619029,SelectionEnd
75.46624,24,2,3,0,0.78553,0.9270942,0.1931785,359.806,139.5327,75.08192,0.7067105,1.008605,0.1858145,0.9750933,-0.4237604,-0.4619029,GotSelection
75.47762,24,2,3,0,0.7863,0.9270608,0.1926181,0.008271359,139.5266,75.1245,0.7007776,1.000128,0.1795433,0.9129909,-0.5337964,-0.4649657,SelectionStart
75.47764,24,2,3,0,0.7863,0.9270608,0.1926181,0.008271359,139.5266,75.1245,0.7007776,1.000128,0.1795433,0.9129909,-0.5337964,-0.4649657,SelectionEnd
75.48153,24,2,3,0,0.7863,0.9270608,0.1926181,0.008271359,139.5266,75.1245,0.7007776,1.000128,0.1795433,0.9129909,-0.5337964,-0.4649657,GotSelection
75.49317,24,2,3,0,0.7866831,0.9268497,0.1924962,0.1126009,139.5464,75.17616,0.6960061,0.9918333,0.1736556,0.8520283,-0.6316635,-0.4552629,SelectionStart
75.4932,24,2,3,0,0.7866831,0.9268497,0.1924962,0.1126009,139.5464,75.17616,0.6960061,0.9918333,0.1736556,0.8520283,-0.6316635,-0.4552629,SelectionEnd
75.49654,24,2,3,0,0.7866831,0.9268497,0.1924962,0.1126009,139.5464,75.17616,0.6960061,0.9918333,0.1736556,0.8520283,-0.6316635,-0.4552629,GotSelection
75.50566,24,2,3,0,0.7865914,0.9267864,0.1928976,0.00985767,139.613,75.2252,0.691918,0.9842237,0.1676238,0.7967384,-0.7234744,-0.4295251,SelectionStart
75.50569,24,2,3,0,0.7865914,0.9267864,0.1928976,0.00985767,139.613,75.2252,0.691918,0.9842237,0.1676238,0.7967384,-0.7234744,-0.4295251,SelectionEnd
75.50903,24,2,3,0,0.7865914,0.9267864,0.1928976,0.00985767,139.613,75.2252,0.691918,0.9842237,0.1676238,0.7967384,-0.7234744,-0.4295251,GotSelection
75.51889,24,2,3,0,0.7863769,0.9268037,0.1932987,359.9121,139.6286,75.23093,0.6898169,0.979891,0.1639062,0.7651378,-0.7752971,-0.408803,SelectionStart
75.51891,24,2,3,0,0.7863769,0.9268037,0.1932987,359.9121,139.6286,75.23093,0.6898169,0.979891,0.1639062,0.7651378,-0.7752971,-0.408803,SelectionEnd
75.52216,24,2,3,0,0.7863769,0.9268037,0.1932987,359.9121,139.6286,75.23093,0.6898169,0.979891,0.1639062,0.7651378,-0.7752971,-0.408803,GotSelection
75.53163,24,2,3,0,0.7861103,0.9268827,0.1934396,359.8556,139.6116,75.21587,0.6879738,0.9752848,0.1604584,0.7286227,-0.8218656,-0.391203,SelectionStart
75.53165,24,2,3,0,0.7861103,0.9268827,0.1934396,359.8556,139.6116,75.21587,0.6879738,0.9752848,0.1604584,0.7286227,-0.8218656,-0.391203,SelectionEnd
75.53485,24,2,3,0,0.7861103,0.9268827,0.1934396,359.8556,139.6116,75.21587,0.6879738,0.9752848,0.1604584,0.7286227,-0.8218656,-0.391203,GotSelection
75.54584,24,2,3,0,0.7859613,0.9269919,0.1933547,359.8445,139.5986,75.18156,0.6859869,0.9705489,0.1564128,0.6916825,-0.8731012,-0.3728458,SelectionStart
75.54586,24,2,3,0,0.7859613,0.9269919,0.1933547,359.8445,139.5986,75.18156,0.6859869,0.9705489,0.1564128,0.6916825,-0.8731012,-0.3728458,SelectionEnd
75.54921,24,2,3,0,0.7859613,0.9269919,0.1933547,359.8445,139.5986,75.18156,0.6859869,0.9705489,0.1564128,0.6916825,-0.8731012,-0.3728458,GotSelection
75.56124,24,2,3,0,0.7855987,0.9270765,0.1933109,359.8239,139.6126,75.12356,0.6849576,0.9682128,0.1538006,0.6744943,-0.9002215,-0.3569615,SelectionStart
75.56126,24,2,3,0,0.7855987,0.9270765,0.1933109,359.8239,139.6126,75.12356,0.6849576,0.9682128,0.1538006,0.6744943,-0.9002215,-0.3569615,SelectionEnd
75.565,24,2,3,0,0.7855987,0.9270765,0.1933109,359.8239,139.6126,75.12356,0.6849576,0.9682128,0.1538006,0.6744943,-0.9002215,-0.3569615,GotSelection
75.57494,24,2,3,0,0.7853509,0.9271734,0.1931967,359.834,139.6217,75.08451,0.6846043,0.9677996,0.152558,0.6721392,-0.9091775,-0.3488114,SelectionStart
75.57496,24,2,3,0,0.7853509,0.9271734,0.1931967,359.834,139.6217,75.08451,0.6846043,0.9677996,0.152558,0.6721392,-0.9091775,-0.3488114,SelectionEnd
75.57824,24,2,3,0,0.7853509,0.9271734,0.1931967,359.834,139.6217,75.08451,0.6846043,0.9677996,0.152558,0.6721392,-0.9091775,-0.3488114,GotSelection
75.58802,24,2,3,0,0.7851047,0.927273,0.1930923,359.833,139.6246,75.03262,0.6844419,0.9683211,0.1519333,0.6778384,-0.9101676,-0.344142,SelectionStart
75.58804,24,2,3,0,0.7851047,0.927273,0.1930923,359.833,139.6246,75.03262,0.6844419,0.9683211,0.1519333,0.6778384,-0.9101676,-0.344142,SelectionEnd
75.59135,24,2,3,0,0.7851047,0.927273,0.1930923,359.833,139.6246,75.03262,0.6844419,0.9683211,0.1519333,0.6778384,-0.9101676,-0.344142,GotSelection
75.63255,24,2,3,0,0.784575,0.9274993,0.1929372,359.8124,139.5263,74.9437,0.6885806,0.9805403,0.158968,0.7756685,-0.7957421,-0.3702815,SelectionStart
75.63258,24,2,3,0,0.784575,0.9274993,0.1929372,359.8124,139.5263,74.9437,0.6885806,0.9805403,0.158968,0.7756685,-0.7957421,-0.3702815,SelectionEnd
75.63593,24,2,3,0,0.784575,0.9274993,0.1929372,359.8124,139.5263,74.9437,0.6885806,0.9805403,0.158968,0.7756685,-0.7957421,-0.3702815,GotSelection
75.6459,24,2,3,0,0.784282,0.9275392,0.1932081,359.7296,139.4888,74.9521,0.6906533,0.9847884,0.1626899,0.8068155,-0.7445157,-0.3810189,SelectionStart
75.64593,24,2,3,0,0.784282,0.9275392,0.1932081,359.7296,139.4888,74.9521,0.6906533,0.9847884,0.1626899,0.8068155,-0.7445157,-0.3810189,SelectionEnd
75.64931,24,2,3,0,0.784282,0.9275392,0.1932081,359.7296,139.4888,74.9521,0.6906533,0.9847884,0.1626899,0.8068155,-0.7445157,-0.3810189,GotSelection
75.66108,24,2,3,0,0.7838041,0.9277036,0.1933858,359.619,139.4621,74.92089,0.6936663,0.9899735,0.1676838,0.8420849,-0.6733935,-0.3941726,SelectionStart
75.6611,24,2,3,0,0.7838041,0.9277036,0.1933858,359.619,139.4621,74.92089,0.6936663,0.9899735,0.1676838,0.8420849,-0.6733935,-0.3941726,SelectionEnd
75.66453,24,2,3,0,0.7838041,0.9277036,0.1933858,359.619,139.4621,74.92089,0.6936663,0.9899735,0.1676838,0.8420849,-0.6733935,-0.3941726,GotSelection
75.67393,24,2,3,0,0.7833477,0.9277808,0.1935935,359.5274,139.4473,74.89225,0.697202,0.9952118,0.1728267,0.8773326,-0.5974831,-0.4047191,SelectionStart
75.67395,24,2,3,0,0.7833477,0.9277808,0.1935935,359.5274,139.4473,74.89225,0.697202,0.9952118,0.1728267,0.8773326,-0.5974831,-0.4047191,SelectionEnd
75.67769,24,2,3,0,0.7833477,0.9277808,0.1935935,359.5274,139.4473,74.89225,0.697202,0.9952118,0.1728267,0.8773326,-0.5974831,-0.4047191,GotSelection
75.68657,24,2,3,0,0.7830041,0.9277748,0.1936321,359.4721,139.462,74.85595,0.7002255,0.9992867,0.1770138,0.904379,-0.5342759,-0.4132979,SelectionStart
75.68658,24,2,3,0,0.7830041,0.9277748,0.1936321,359.4721,139.462,74.85595,0.7002255,0.9992867,0.1770138,0.904379,-0.5342759,-0.4132979,SelectionEnd
75.68991,24,2,3,0,0.7830041,0.9277748,0.1936321,359.4721,139.462,74.85595,0.7002255,0.9992867,0.1770138,0.904379,-0.5342759,-0.4132979,GotSelection
75.70226,24,2,3,0,0.7827096,0.9278275,0.1936269,359.4211,139.474,74.81734,0.7050146,1.005268,0.1828949,0.9430555,-0.44208,-0.4238222,SelectionStart
75.70227,24,2,3,0,0.7827096,0.9278275,0.1936269,359.4211,139.474,74.81734,0.7050146,1.005268,0.1828949,0.9430555,-0.44208,-0.4238222,SelectionEnd
75.70557,24,2,3,0,0.7827096,0.9278275,0.1936269,359.4211,139.474,74.81734,0.7050146,1.005268,0.1828949,0.9430555,-0.44208,-0.4238222,GotSelection
75.71592,24,2,3,0,0.7825344,0.9279685,0.1935853,359.4074,139.4811,74.79116,0.7095821,1.009699,0.1865429,0.96951,-0.3711079,-0.4202759,SelectionStart
75.71594,24,2,3,0,0.7825344,0.9279685,0.1935853,359.4074,139.4811,74.79116,0.7095821,1.009699,0.1865429,0.96951,-0.3711079,-0.4202759,SelectionEnd
75.71918,24,2,3,0,0.7825344,0.9279685,0.1935853,359.4074,139.4811,74.79116,0.7095821,1.009699,0.1865429,0.96951,-0.3711079,-0.4202759,GotSelection
75.72893,24,2,3,0,0.782483,0.9280835,0.193458,359.425,139.4864,74.76954,0.7148765,1.014948,0.1915802,1.000232,-0.2840125,-0.4245775,SelectionStart
75.72895,24,2,3,0,0.782483,0.9280835,0.193458,359.425,139.4864,74.76954,0.7148765,1.014948,0.1915802,1.000232,-0.2840125,-0.4245775,SelectionEnd
75.73251,24,2,3,0,0.782483,0.9280835,0.193458,359.425,139.4864,74.76954,0.7148765,1.014948,0.1915802,1.000232,-0.2840125,-0.4245775,GotSelection
75.74409,24,2,3,0,0.7826166,0.9281581,0.1932909,359.4695,139.4921,74.7694,0.7189485,1.01851,0.1951035,1.019816,-0.2217156,-0.4274139,SelectionStart
75.74412,24,2,3,0,0.7826166,0.9281581,0.1932909,359.4695,139.4921,74.7694,0.7189485,1.01851,0.1951035,1.019816,-0.2217156,-0.4274139,SelectionEnd
75.74736,24,2,3,0,0.7826166,0.9281581,0.1932909,359.4695,139.4921,74.7694,0.7189485,1.01851,0.1951035,1.019816,-0.2217156,-0.4274139,GotSelection
75.75636,24,2,3,0,0.7824799,0.9281035,0.1933625,359.447,139.5307,74.74847,0.7243574,1.023303,0.1994615,1.049023,-0.139678,-0.4227964,SelectionStart
75.75639,24,2,3,0,0.7824799,0.9281035,0.1933625,359.447,139.5307,74.74847,0.7243574,1.023303,0.1994615,1.049023,-0.139678,-0.4227964,SelectionEnd
75.75976,24,2,3,0,0.7824799,0.9281035,0.1933625,359.447,139.5307,74.74847,0.7243574,1.023303,0.1994615,1.049023,-0.139678,-0.4227964,GotSelection
75.76903,24,2,3,0,0.7824136,0.928301,0.1932908,359.4067,139.5641,74.72275,0.729105,1.027125,0.2023795,1.069966,-0.07450802,-0.4128498,SelectionStart
75.76904,24,2,3,0,0.7824136,0.928301,0.1932908,359.4067,139.5641,74.72275,0.729105,1.027125,0.2023795,1.069966,-0.07450802,-0.4128498,SelectionEnd
75.77237,24,2,3,0,0.7824136,0.928301,0.1932908,359.4067,139.5641,74.72275,0.729105,1.027125,0.2023795,1.069966,-0.07450802,-0.4128498,GotSelection
75.78165,24,2,3,0,0.7822117,0.9283838,0.1934414,359.3288,139.581,74.70227,0.7337789,1.030775,0.2054754,1.090427,-0.009206994,-0.4015648,SelectionStart
75.78166,24,2,3,0,0.7822117,0.9283838,0.1934414,359.3288,139.581,74.70227,0.7337789,1.030775,0.2054754,1.090427,-0.009206994,-0.4015648,SelectionEnd
75.78517,24,2,3,0,0.7822117,0.9283838,0.1934414,359.3288,139.581,74.70227,0.7337789,1.030775,0.2054754,1.090427,-0.009206994,-0.4015648,GotSelection
75.8266,24,2,3,0,0.780703,0.9286302,0.1936989,359.0437,139.5296,74.42397,0.7546322,1.04482,0.216487,1.161097,0.2702571,-0.3296556,SelectionStart
75.82662,24,2,3,0,0.780703,0.9286302,0.1936989,359.0437,139.5296,74.42397,0.7546322,1.04482,0.216487,1.161097,0.2702571,-0.3296556,SelectionEnd
75.8299,24,2,3,0,0.780703,0.9286302,0.1936989,359.0437,139.5296,74.42397,0.7546322,1.04482,0.216487,1.161097,0.2702571,-0.3296556,GotSelection
75.83897,24,2,3,0,0.7801423,0.9287499,0.1935466,358.988,139.5174,74.29184,0.7598445,1.047848,0.218753,1.172519,0.3395719,-0.3085157,SelectionStart
75.839,24,2,3,0,0.7801423,0.9287499,0.1935466,358.988,139.5174,74.29184,0.7598445,1.047848,0.218753,1.172519,0.3395719,-0.3085157,SelectionEnd
75.84222,24,2,3,0,0.7801423,0.9287499,0.1935466,358.988,139.5174,74.29184,0.7598445,1.047848,0.218753,1.172519,0.3395719,-0.3085157,GotSelection
75.85214,24,2,3,0,0.7796854,0.9288669,0.1935214,358.9204,139.5223,74.19413,0.7647338,1.050081,0.2211113,1.177158,0.4025419,-0.2897637,SelectionStart
75.85216,24,2,3,0,0.7796854,0.9288669,0.1935214,358.9204,139.5223,74.19413,0.7647338,1.050081,0.2211113,1.177158,0.4025419,-0.2897637,SelectionEnd
75.8554,24,2,3,0,0.7796854,0.9288669,0.1935214,358.9204,139.5223,74.19413,0.7647338,1.050081,0.2211113,1.177158,0.4025419,-0.2897637,GotSelection
75.86618,24,2,3,0,0.7791006,0.9290154,0.1936403,358.826,139.4797,74.11575,0.7714425,1.053156,0.2237714,1.185053,0.4831185,-0.2584265,SelectionStart
75.8662,24,2,3,0,0.7791006,0.9290154,0.1936403,358.826,139.4797,74.11575,0.7714425,1.053156,0.2237714,1.185053,0.4831185,-0.2584265,SelectionEnd
75.86948,24,2,3,0,0.7791006,0.9290154,0.1936403,358.826,139.4797,74.11575,0.7714425,1.053156,0.2237714,1.185053,0.4831185,-0.2584265,GotSelection
75.89411,24,2,3,0,0.7777282,0.9291767,0.1938672,358.5952,139.2625,73.94642,0.7811027,1.05746,0.2257515,1.196675,0.5923849,-0.1918474,Nothing
75.90205,24,2,3,0,0.7772715,0.9292146,0.1939279,358.5262,139.211,73.87733,0.7834733,1.058437,0.2258723,1.198692,0.6179764,-0.1714333,Nothing
75.91032,24,2,3,0,0.7768114,0.9292406,0.1938923,358.4771,139.1547,73.8035,0.7849113,1.059582,0.2260523,1.204162,0.6383029,-0.1587408,Nothing
75.91855,24,2,3,0,0.7763953,0.9292539,0.1938695,358.4297,139.1105,73.73991,0.7868057,1.060431,0.2259168,1.206505,0.6584629,-0.1408989,Nothing
75.92774,24,2,3,0,0.7758612,0.9293009,0.193905,358.3753,139.0624,73.66658,0.7884238,1.061396,0.2258572,1.209826,0.6780044,-0.1239958,Nothing
75.93481,24,2,3,0,0.7753835,0.9292974,0.1939104,358.3172,139.0073,73.59586,0.7898294,1.061676,0.2252467,1.208407,0.69031,-0.1049046,Nothing
75.94482,24,2,3,0,0.7745826,0.9292051,0.1939132,358.1915,138.9439,73.46066,0.7922326,1.062522,0.2247305,1.209315,0.7161638,-0.07582717,Nothing
75.96114,24,2,3,0,0.773214,0.9291673,0.1940737,357.9544,138.8476,73.25287,0.7947527,1.063699,0.2231181,1.212252,0.7411863,-0.02946726,Nothing
75.96852,24,2,3,0,0.7722831,0.9291619,0.1942258,357.7894,138.7864,73.11195,0.795947,1.063887,0.2226339,1.208145,0.7561356,-0.005894485,Nothing
75.97709,24,2,3,0,0.7711868,0.9291607,0.1943781,357.5725,138.7396,72.93832,0.7965581,1.064027,0.221419,1.205174,0.7637118,0.02162897,Nothing
75.98515,24,2,3,0,0.7702774,0.9290996,0.19449,357.4054,138.686,72.79964,0.797501,1.064291,0.2205373,1.203306,0.7745091,0.04621511,Nothing
75.99331,24,2,3,0,0.7691611,0.9290911,0.1945897,357.1915,138.6582,72.61629,0.7987418,1.064435,0.2195998,1.1977,0.7889819,0.07542416,Nothing
76.00163,24,2,3,0,0.7674685,0.9290739,0.1946741,356.8788,138.6199,72.32605,0.799473,1.064548,0.2179965,1.190831,0.8016504,0.1125036,Nothing
76.01017,24,2,3,0,0.7661982,0.9291875,0.1945989,356.6569,138.6249,72.07713,0.8001962,1.064389,0.217191,1.180034,0.8153215,0.136644,Nothing
76.01919,24,2,3,0,0.7646617,0.9291835,0.194231,356.4325,138.5968,71.73873,0.8000036,1.064173,0.2160752,1.170119,0.8260871,0.1568523,Nothing
76.02708,24,2,3,0,0.7630338,0.9292387,0.1937796,356.2321,138.5074,71.39317,0.7999858,1.06406,0.2149147,1.159549,0.839062,0.1784457,Nothing
76.0358,24,2,3,0,0.7613841,0.9292706,0.1932326,356.0258,138.4196,71.00155,0.7996067,1.063796,0.2138774,1.147433,0.8513812,0.1961223,Nothing
76.04379,24,2,3,0,0.7596779,0.9293497,0.1926348,355.824,138.38,70.61533,0.7990077,1.063474,0.212801,1.134668,0.8620727,0.21204,Nothing
76.05171,24,2,3,0,0.7580684,0.9293425,0.1920895,355.6298,138.3484,70.24609,0.7978702,1.063064,0.2116792,1.124118,0.8671849,0.2241346,Nothing
76.06055,24,2,3,0,0.7556964,0.9293362,0.1910489,355.3853,138.4017,69.66087,0.7966641,1.062494,0.2099242,1.106488,0.879837,0.242336,Nothing
76.06848,24,2,3,0,0.7542434,0.9293333,0.1904278,355.2382,138.4288,69.31546,0.7953962,1.061995,0.2086229,1.096482,0.8813793,0.2515794,Nothing
76.07669,24,2,3,0,0.7530876,0.9292599,0.1897378,355.1365,138.4801,68.9648,0.7941689,1.061429,0.2072462,1.087446,0.8812534,0.2578791,Nothing
76.08491,24,2,3,0,0.7519588,0.9292002,0.1887745,355.0793,138.4521,68.62595,0.7925801,1.060719,0.2058803,1.078112,0.8792898,0.2588113,Nothing
76.09507,24,2,3,0,0.7509906,0.9288594,0.1876974,355.0916,138.2907,68.26407,0.7912164,1.059979,0.2044541,1.070862,0.8791832,0.2593485,Nothing
76.11209,24,2,3,0,0.7483293,0.9282675,0.1844177,355.1372,137.8031,67.28766,0.7867446,1.057589,0.2009819,1.045909,0.8755724,0.2493854,Nothing
76.12782,24,2,3,0,0.746798,0.9278243,0.1820072,355.2522,137.4792,66.58362,0.7833585,1.055356,0.1981387,1.026421,0.8653049,0.2380283,Nothing
76.13527,24,2,3,0,0.7466836,0.9275243,0.1805895,355.4309,137.1641,66.32823,0.7816332,1.054107,0.1967297,1.020164,0.8549395,0.2241587,Nothing
76.14368,24,2,3,0,0.7462775,0.9272504,0.1792846,355.5413,136.9182,66.04272,0.7801008,1.052842,0.1954458,1.011086,0.8482794,0.2145267,Nothing
76.15184,24,2,3,0,0.7464972,0.9270823,0.1779075,355.7733,136.6418,65.91887,0.7783312,1.051384,0.1940445,1.005179,0.8316811,0.1964564,Nothing
76.16023,24,2,3,0,0.7466229,0.9267973,0.1768053,355.9392,136.3922,65.76852,0.7764607,1.049829,0.1926644,0.9994389,0.8139038,0.1814509,Nothing
76.16925,24,2,3,0,0.7464202,0.9263654,0.1756467,356.0636,136.2156,65.61314,0.7745609,1.047861,0.1912863,0.989852,0.7975264,0.1683532,Nothing
76.17706,24,2,3,0,0.7461926,0.9257225,0.1745742,356.1352,136.0779,65.49818,0.772316,1.045853,0.1900697,0.9832124,0.7795828,0.1534507,Nothing
76.18563,24,2,3,0,0.7459261,0.9249268,0.173327,356.1906,135.9219,65.31098,0.7691318,1.043261,0.1881719,0.9760368,0.7518352,0.1359715,Nothing
76.19424,24,2,3,0,0.7458947,0.9245133,0.1732279,356.136,135.9174,65.30112,0.7662201,1.040824,0.1870917,0.9696133,0.7182056,0.1225226,Nothing
76.20191,24,2,3,0,0.7461032,0.9241416,0.1733344,356.0837,135.9309,65.36761,0.7633541,1.038374,0.1861471,0.9644948,0.6813633,0.1080178,Nothing
76.21004,24,2,3,0,0.746453,0.9238185,0.1733716,356.0533,135.9101,65.46424,0.7607012,1.036043,0.1852085,0.9599011,0.6453047,0.09317064,Nothing
76.21886,24,2,3,0,0.7470254,0.9234849,0.1738742,355.9826,135.9406,65.65224,0.7574577,1.033213,0.1842656,0.9555798,0.5972868,0.07626149,Nothing
76.22722,24,2,3,0,0.7476742,0.9230822,0.1738757,355.9859,135.9003,65.74341,0.7543942,1.030308,0.1832453,0.9486601,0.5544325,0.0556908,Nothing
76.23533,24,2,3,0,0.7481697,0.9227283,0.1738859,355.9863,135.8548,65.83856,0.7516662,1.027632,0.1821862,0.9417393,0.5151675,0.03907779,Nothing
76.24408,24,2,3,0,0.7485628,0.9222215,0.1737833,355.9991,135.7737,65.88756,0.7489564,1.025372,0.1813255,0.9384006,0.4819621,0.02121335,Nothing
76.25166,24,2,3,0,0.7490519,0.9216191,0.1735593,356.0052,135.6712,65.94334,0.7458692,1.021691,0.1798131,0.9256219,0.4365962,0.002961913,Nothing
76.26076,24,2,3,0,0.7493374,0.9212074,0.1732553,356.0351,135.5969,65.94373,0.744351,1.019763,0.1791399,0.9185785,0.4162584,-0.008773396,Nothing
76.26897,24,2,3,0,0.7497705,0.9208053,0.1732084,356.0789,135.5364,65.95672,0.7433178,1.018028,0.1786199,0.9124081,0.3979553,-0.01748503,Nothing
76.27728,24,2,3,0,0.7502528,0.9204426,0.1729903,356.1459,135.4935,66.00311,0.7435099,1.017278,0.1787184,0.9092864,0.3959202,-0.02328914,Nothing
76.28521,24,2,3,0,0.7508056,0.9202179,0.1729925,356.21,135.48,66.10212,0.743945,1.01651,0.1785866,0.9056061,0.3904538,-0.02463573,Nothing
76.29368,24,2,3,0,0.75158,0.9199173,0.1730641,356.2947,135.4834,66.24559,0.7438117,1.015494,0.178572,0.9031412,0.3787769,-0.03241701,Nothing
76.30169,24,2,3,0,0.752437,0.9196377,0.1733195,356.3648,135.5057,66.42914,0.7447037,1.015157,0.1790816,0.9030524,0.3775363,-0.03524305,Nothing
76.31013,24,2,3,0,0.7537386,0.9193027,0.1737759,356.4517,135.5055,66.70863,0.7469702,1.01465,0.1803705,0.8980461,0.3843079,-0.03599707,Nothing
76.31814,24,2,3,0,0.7548261,0.9190981,0.1743124,356.5222,135.5062,66.97965,0.7483185,1.014543,0.1813879,0.8987363,0.3853779,-0.03877021,Nothing
76.32675,24,2,3,0,0.7560546,0.918987,0.1748084,356.6069,135.4643,67.2523,0.7498071,1.014147,0.1822169,0.8961784,0.3839728,-0.04094592,Nothing
76.33629,24,2,3,0,0.7571696,0.9188684,0.1752555,356.7061,135.3557,67.52048,0.7515467,1.014482,0.1840203,0.8969266,0.3949757,-0.04771079,Nothing
76.34348,24,2,3,0,0.7579372,0.9186699,0.1756242,356.7627,135.297,67.69559,0.7528347,1.01428,0.184991,0.8949783,0.3998031,-0.04928754,Nothing
76.35249,24,2,3,0,0.7585135,0.9185057,0.1758045,356.8191,135.2376,67.81598,0.7542651,1.014571,0.1865447,0.894152,0.4146952,-0.0537703,Nothing
76.36015,24,2,3,0,0.7589235,0.9183772,0.1758967,356.8707,135.1929,67.89256,0.7556086,1.014485,0.1877846,0.8894601,0.4276601,-0.05618923,Nothing
76.3683,24,2,3,0,0.759198,0.9181752,0.1759757,356.9074,135.1474,67.93224,0.7566151,1.01452,0.1893629,0.8861612,0.4430339,-0.06220951,Nothing
76.37682,24,2,3,0,0.7595916,0.9179507,0.1759947,356.9631,135.0735,67.98475,0.7584317,1.014458,0.1914947,0.8786743,0.4666961,-0.06798413,Nothing
76.38533,24,2,3,0,0.7597041,0.9178171,0.1759929,356.9787,135.0269,67.98751,0.7596471,1.014359,0.1928262,0.8724597,0.4831927,-0.06981935,Nothing
76.39348,24,2,3,0,0.7595921,0.9177355,0.17604,356.9534,134.9988,67.95763,0.7600487,1.014415,0.1943887,0.868368,0.4979501,-0.07646413,Nothing
76.40224,24,2,3,0,0.7594824,0.9177575,0.1763133,356.9168,134.9844,67.98696,0.7606168,1.014434,0.1958313,0.8638074,0.5099654,-0.07933518,Nothing
76.40987,24,2,3,0,0.7596787,0.9177684,0.1765752,356.8964,134.9817,68.03448,0.7610195,1.014638,0.1968598,0.8636611,0.516597,-0.08290094,Nothing
76.4196,24,2,3,0,0.7596918,0.9177141,0.1771097,356.8029,135.0574,68.09885,0.7611981,1.014556,0.19787,0.8625711,0.5197423,-0.08373888,Nothing
76.42796,24,2,3,0,0.7598501,0.9177779,0.1776309,356.7133,135.1135,68.18426,0.7614169,1.014426,0.1991917,0.8596706,0.5235165,-0.08779567,Nothing
76.43491,24,2,3,0,0.7598338,0.9177501,0.1778667,356.6571,135.1314,68.20914,0.7607208,1.014418,0.1988883,0.8635024,0.515065,-0.08785588,Nothing
76.44388,24,2,3,0,0.7599459,0.9176192,0.1783012,356.5739,135.1357,68.26585,0.760614,1.014334,0.1993111,0.8652825,0.5129099,-0.08788354,Nothing
76.45416,24,2,3,0,0.7599314,0.917565,0.1783936,356.5327,135.1005,68.26151,0.760109,1.014174,0.1991252,0.8663962,0.5075578,-0.08865641,Nothing
76.46852,24,2,3,0,0.7599308,0.9173346,0.17859,356.4796,135.0508,68.2618,0.7583302,1.013764,0.198066,0.8730435,0.4867781,-0.09146299,Nothing
76.47726,24,2,3,0,0.7599474,0.917292,0.1785006,356.4815,135.0133,68.23767,0.7571924,1.013511,0.1972509,0.876013,0.4739158,-0.09462618,Nothing
76.4852,24,2,3,0,0.7599642,0.9172268,0.1784824,356.4863,134.9885,68.2425,0.7560739,1.013407,0.1965548,0.8806812,0.4616783,-0.09798034,SelectionStart
76.48521,24,2,3,0,0.7599642,0.9172268,0.1784824,356.4863,134.9885,68.2425,0.7560739,1.013407,0.1965548,0.8806812,0.4616783,-0.09798034,SelectionEnd
76.48879,24,2,3,0,0.7599642,0.9172268,0.1784824,356.4863,134.9885,68.2425,0.7560739,1.013407,0.1965548,0.8806812,0.4616783,-0.09798034,GotSelection
76.49942,24,2,3,0,0.7602307,0.9171973,0.1785574,356.5146,135.0211,68.30214,0.7530514,1.012609,0.1938662,0.8902396,0.4172833,-0.102772,SelectionStart
76.49945,24,2,3,0,0.7602307,0.9171973,0.1785574,356.5146,135.0211,68.30214,0.7530514,1.012609,0.1938662,0.8902396,0.4172833,-0.102772,SelectionEnd
76.50312,24,2,3,0,0.7602307,0.9171973,0.1785574,356.5146,135.0211,68.30214,0.7530514,1.012609,0.1938662,0.8902396,0.4172833,-0.102772,GotSelection
76.51369,24,2,3,0,0.7604284,0.9171505,0.1787451,356.5026,135.1567,68.37177,0.7495601,1.011445,0.1906666,0.8992778,0.3642521,-0.1054311,SelectionStart
76.51371,24,2,3,0,0.7604284,0.9171505,0.1787451,356.5026,135.1567,68.37177,0.7495601,1.011445,0.1906666,0.8992778,0.3642521,-0.1054311,SelectionEnd
76.51705,24,2,3,0,0.7604284,0.9171505,0.1787451,356.5026,135.1567,68.37177,0.7495601,1.011445,0.1906666,0.8992778,0.3642521,-0.1054311,GotSelection
76.52689,24,2,3,0,0.7606422,0.9170527,0.1787696,356.504,135.228,68.41324,0.7462561,1.010234,0.1880064,0.9058733,0.3177418,-0.1119768,SelectionStart
76.52691,24,2,3,0,0.7606422,0.9170527,0.1787696,356.504,135.228,68.41324,0.7462561,1.010234,0.1880064,0.9058733,0.3177418,-0.1119768,SelectionEnd
76.53036,24,2,3,0,0.7606422,0.9170527,0.1787696,356.504,135.228,68.41324,0.7462561,1.010234,0.1880064,0.9058733,0.3177418,-0.1119768,GotSelection
76.54018,24,2,3,0,0.760777,0.917019,0.1787287,356.531,135.2714,68.44114,0.7419359,1.009058,0.1844514,0.9167032,0.2595344,-0.1196082,SelectionStart
76.5402,24,2,3,0,0.760777,0.917019,0.1787287,356.531,135.2714,68.44114,0.7419359,1.009058,0.1844514,0.9167032,0.2595344,-0.1196082,SelectionEnd
76.54354,24,2,3,0,0.760777,0.917019,0.1787287,356.531,135.2714,68.44114,0.7419359,1.009058,0.1844514,0.9167032,0.2595344,-0.1196082,GotSelection
76.55256,24,2,3,0,0.7608245,0.9169893,0.1784555,356.5712,135.2718,68.42708,0.737035,1.006915,0.179757,0.9216055,0.1890204,-0.1250383,SelectionStart
76.55257,24,2,3,0,0.7608245,0.9169893,0.1784555,356.5712,135.2718,68.42708,0.737035,1.006915,0.179757,0.9216055,0.1890204,-0.1250383,SelectionEnd
76.556,24,2,3,0,0.7608245,0.9169893,0.1784555,356.5712,135.2718,68.42708,0.737035,1.006915,0.179757,0.9216055,0.1890204,-0.1250383,GotSelection
76.569,24,2,3,0,0.7605947,0.9167676,0.1784081,356.5577,135.233,68.38245,0.7319699,1.004547,0.1741857,0.9283515,0.11224,-0.1209843,SelectionStart
76.56903,24,2,3,0,0.7605947,0.9167676,0.1784081,356.5577,135.233,68.38245,0.7319699,1.004547,0.1741857,0.9283515,0.11224,-0.1209843,SelectionEnd
76.5724,24,2,3,0,0.7605947,0.9167676,0.1784081,356.5577,135.233,68.38245,0.7319699,1.004547,0.1741857,0.9283515,0.11224,-0.1209843,GotSelection
76.58231,24,2,3,0,0.7603832,0.916742,0.1784181,356.5384,135.1943,68.35285,0.7276907,1.001947,0.1697481,0.926424,0.04602603,-0.119482,SelectionStart
76.58234,24,2,3,0,0.7603832,0.916742,0.1784181,356.5384,135.1943,68.35285,0.7276907,1.001947,0.1697481,0.926424,0.04602603,-0.119482,SelectionEnd
76.58586,24,2,3,0,0.7603832,0.916742,0.1784181,356.5384,135.1943,68.35285,0.7276907,1.001947,0.1697481,0.926424,0.04602603,-0.119482,GotSelection
76.59579,24,2,3,0,0.7603799,0.916718,0.1788816,356.494,135.1787,68.41386,0.7221588,0.9978072,0.1641419,0.9181164,-0.04818002,-0.1172938,SelectionStart
76.59583,24,2,3,0,0.7603799,0.916718,0.1788816,356.494,135.1787,68.41386,0.7221588,0.9978072,0.1641419,0.9181164,-0.04818002,-0.1172938,SelectionEnd
76.5992,24,2,3,0,0.7603799,0.916718,0.1788816,356.494,135.1787,68.41386,0.7221588,0.9978072,0.1641419,0.9181164,-0.04818002,-0.1172938,GotSelection
76.64134,24,2,3,0,0.7603521,0.9166334,0.1804623,356.2746,135.0624,68.64051,0.7102644,0.9854161,0.1516144,0.8688231,-0.2718221,-0.106684,SelectionStart
76.64137,24,2,3,0,0.7603521,0.9166334,0.1804623,356.2746,135.0624,68.64051,0.7102644,0.9854161,0.1516144,0.8688231,-0.2718221,-0.106684,SelectionEnd
76.64482,24,2,3,0,0.7603521,0.9166334,0.1804623,356.2746,135.0624,68.64051,0.7102644,0.9854161,0.1516144,0.8688231,-0.2718221,-0.106684,GotSelection
76.65431,24,2,3,0,0.7603906,0.9167307,0.1807131,356.244,135.012,68.70187,0.708662,0.9825484,0.1488059,0.8521338,-0.3153899,-0.09856858,SelectionStart
76.65433,24,2,3,0,0.7603906,0.9167307,0.1807131,356.244,135.012,68.70187,0.708662,0.9825484,0.1488059,0.8521338,-0.3153899,-0.09856858,SelectionEnd
76.65791,24,2,3,0,0.7603906,0.9167307,0.1807131,356.244,135.012,68.70187,0.708662,0.9825484,0.1488059,0.8521338,-0.3153899,-0.09856858,GotSelection
76.66975,24,2,3,0,0.7603681,0.916707,0.181043,356.2276,134.9852,68.77617,0.7079617,0.9813858,0.1476453,0.8462406,-0.3353348,-0.09357382,SelectionStart
76.66977,24,2,3,0,0.7603681,0.916707,0.181043,356.2276,134.9852,68.77617,0.7079617,0.9813858,0.1476453,0.8462406,-0.3353348,-0.09357382,SelectionEnd
76.67323,24,2,3,0,0.7603681,0.916707,0.181043,356.2276,134.9852,68.77617,0.7079617,0.9813858,0.1476453,0.8462406,-0.3353348,-0.09357382,GotSelection
76.68538,24,2,3,0,0.7602587,0.9168143,0.1811227,356.2211,134.979,68.80987,0.7085375,0.9813558,0.1481995,0.8416322,-0.3285537,-0.09213785,SelectionStart
76.68539,24,2,3,0,0.7602587,0.9168143,0.1811227,356.2211,134.979,68.80987,0.7085375,0.9813558,0.1481995,0.8416322,-0.3285537,-0.09213785,SelectionEnd
76.6888,24,2,3,0,0.7602587,0.9168143,0.1811227,356.2211,134.979,68.80987,0.7085375,0.9813558,0.1481995,0.8416322,-0.3285537,-0.09213785,GotSelection
76.69838,24,2,3,0,0.7602541,0.9169464,0.1808686,356.2773,134.9365,68.79991,0.7094718,0.9820741,0.1495027,0.8409138,-0.3092807,-0.09728645,SelectionStart
76.69839,24,2,3,0,0.7602541,0.9169464,0.1808686,356.2773,134.9365,68.79991,0.7094718,0.9820741,0.1495027,0.8409138,-0.3092807,-0.09728645,SelectionEnd
76.70172,24,2,3,0,0.7602541,0.9169464,0.1808686,356.2773,134.9365,68.79991,0.7094718,0.9820741,0.1495027,0.8409138,-0.3092807,-0.09728645,GotSelection
76.71088,24,2,3,0,0.7602744,0.9171623,0.1805632,356.3248,134.8658,68.78899,0.7110609,0.9834331,0.1515271,0.8418712,-0.2784031,-0.1032389,SelectionStart
76.71091,24,2,3,0,0.7602744,0.9171623,0.1805632,356.3248,134.8658,68.78899,0.7110609,0.9834331,0.1515271,0.8418712,-0.2784031,-0.1032389,SelectionEnd
76.71425,24,2,3,0,0.7602744,0.9171623,0.1805632,356.3248,134.8658,68.78899,0.7110609,0.9834331,0.1515271,0.8418712,-0.2784031,-0.1032389,GotSelection
76.72389,24,2,3,0,0.7601171,0.9173162,0.180347,356.3455,134.8051,68.76269,0.712945,0.985172,0.1542208,0.8444039,-0.2385732,-0.109182,SelectionStart
76.72391,24,2,3,0,0.7601171,0.9173162,0.180347,356.3455,134.8051,68.76269,0.712945,0.985172,0.1542208,0.8444039,-0.2385732,-0.109182,SelectionEnd
76.72726,24,2,3,0,0.7601171,0.9173162,0.180347,356.3455,134.8051,68.76269,0.712945,0.985172,0.1542208,0.8444039,-0.2385732,-0.109182,GotSelection
76.73752,24,2,3,0,0.7595186,0.91752,0.1803318,356.2668,134.8235,68.69021,0.7162139,0.9883609,0.1584345,0.8520821,-0.1719795,-0.1084897,SelectionStart
76.73753,24,2,3,0,0.7595186,0.91752,0.1803318,356.2668,134.8235,68.69021,0.7162139,0.9883609,0.1584345,0.8520821,-0.1719795,-0.1084897,SelectionEnd
76.74101,24,2,3,0,0.7595186,0.91752,0.1803318,356.2668,134.8235,68.69021,0.7162139,0.9883609,0.1584345,0.8520821,-0.1719795,-0.1084897,GotSelection
76.75166,24,2,3,0,0.7588239,0.9176036,0.1805066,356.1595,134.8712,68.62983,0.7207568,0.9925192,0.1634343,0.8644534,-0.08850893,-0.1008139,SelectionStart
76.75168,24,2,3,0,0.7588239,0.9176036,0.1805066,356.1595,134.8712,68.62983,0.7207568,0.9925192,0.1634343,0.8644534,-0.08850893,-0.1008139,SelectionEnd
76.75502,24,2,3,0,0.7588239,0.9176036,0.1805066,356.1595,134.8712,68.62983,0.7207568,0.9925192,0.1634343,0.8644534,-0.08850893,-0.1008139,GotSelection
76.76454,24,2,3,0,0.7582989,0.9177643,0.180585,356.0632,134.917,68.56918,0.7246836,0.9959959,0.167744,0.8731508,-0.01705992,-0.09519745,SelectionStart
76.76456,24,2,3,0,0.7582989,0.9177643,0.180585,356.0632,134.917,68.56918,0.7246836,0.9959959,0.167744,0.8731508,-0.01705992,-0.09519745,SelectionEnd
76.76788,24,2,3,0,0.7582989,0.9177643,0.180585,356.0632,134.917,68.56918,0.7246836,0.9959959,0.167744,0.8731508,-0.01705992,-0.09519745,GotSelection
76.77724,24,2,3,0,0.7579502,0.9179572,0.1805579,356.0199,134.9723,68.50775,0.7290585,0.9996048,0.172444,0.8806362,0.05993127,-0.09183995,SelectionStart
76.77725,24,2,3,0,0.7579502,0.9179572,0.1805579,356.0199,134.9723,68.50775,0.7290585,0.9996048,0.172444,0.8806362,0.05993127,-0.09183995,SelectionEnd
76.78056,24,2,3,0,0.7579502,0.9179572,0.1805579,356.0199,134.9723,68.50775,0.7290585,0.9996048,0.172444,0.8806362,0.05993127,-0.09183995,GotSelection
76.78995,24,2,3,0,0.7579244,0.9181829,0.1802845,356.0328,135.0092,68.45061,0.7339934,1.00334,0.1771491,0.8874814,0.1405212,-0.08951923,SelectionStart
76.78998,24,2,3,0,0.7579244,0.9181829,0.1802845,356.0328,135.0092,68.45061,0.7339934,1.00334,0.1771491,0.8874814,0.1405212,-0.08951923,SelectionEnd
76.79359,24,2,3,0,0.7579244,0.9181829,0.1802845,356.0328,135.0092,68.45061,0.7339934,1.00334,0.1771491,0.8874814,0.1405212,-0.08951923,GotSelection
76.80263,24,2,3,0,0.7576843,0.9184133,0.1800469,356.0363,135.0483,68.36233,0.7407348,1.008036,0.1831891,0.8939422,0.2473319,-0.081305,SelectionStart
76.80264,24,2,3,0,0.7576843,0.9184133,0.1800469,356.0363,135.0483,68.36233,0.7407348,1.008036,0.1831891,0.8939422,0.2473319,-0.081305,SelectionEnd
76.80595,24,2,3,0,0.7576843,0.9184133,0.1800469,356.0363,135.0483,68.36233,0.7407348,1.008036,0.1831891,0.8939422,0.2473319,-0.081305,GotSelection
76.84589,24,2,3,0,0.7567367,0.9189014,0.1798935,355.9709,134.9622,68.13081,0.7627099,1.021365,0.1968153,0.9113035,0.543795,-0.005229248,SelectionStart
76.8459,24,2,3,0,0.7567367,0.9189014,0.1798935,355.9709,134.9622,68.13081,0.7627099,1.021365,0.1968153,0.9113035,0.543795,-0.005229248,SelectionEnd
76.84918,24,2,3,0,0.7567367,0.9189014,0.1798935,355.9709,134.9622,68.13081,0.7627099,1.021365,0.1968153,0.9113035,0.543795,-0.005229248,GotSelection
76.86046,24,2,3,0,0.7562238,0.9187403,0.1802635,355.8348,134.9515,68.11954,0.7695282,1.024499,0.1995651,0.9137978,0.6204947,0.03541472,SelectionStart
76.86047,24,2,3,0,0.7562238,0.9187403,0.1802635,355.8348,134.9515,68.11954,0.7695282,1.024499,0.1995651,0.9137978,0.6204947,0.03541472,SelectionEnd
76.86388,24,2,3,0,0.7562238,0.9187403,0.1802635,355.8348,134.9515,68.11954,0.7695282,1.024499,0.1995651,0.9137978,0.6204947,0.03541472,GotSelection
76.8735,24,2,3,0,0.7557952,0.9186583,0.1809931,355.6657,134.9519,68.14072,0.778112,1.027962,0.2029679,0.9128152,0.710457,0.08700107,SelectionStart
76.87354,24,2,3,0,0.7557952,0.9186583,0.1809931,355.6657,134.9519,68.14072,0.778112,1.027962,0.2029679,0.9128152,0.710457,0.08700107,SelectionEnd
76.87718,24,2,3,0,0.7557952,0.9186583,0.1809931,355.6657,134.9519,68.14072,0.778112,1.027962,0.2029679,0.9128152,0.710457,0.08700107,GotSelection
76.88779,24,2,3,0,0.755691,0.9184723,0.1815038,355.5808,134.9499,68.19282,0.7842559,1.029807,0.2050984,0.9090493,0.7689615,0.1235943,SelectionStart
76.88782,24,2,3,0,0.755691,0.9184723,0.1815038,355.5808,134.9499,68.19282,0.7842559,1.029807,0.2050984,0.9090493,0.7689615,0.1235943,SelectionEnd
76.89113,24,2,3,0,0.755691,0.9184723,0.1815038,355.5808,134.9499,68.19282,0.7842559,1.029807,0.2050984,0.9090493,0.7689615,0.1235943,GotSelection
76.90196,24,2,3,0,0.7559153,0.9182711,0.182127,355.5497,134.8952,68.31488,0.790922,1.032161,0.2070827,0.9113345,0.8277479,0.1632319,SelectionStart
76.90199,24,2,3,0,0.7559153,0.9182711,0.182127,355.5497,134.8952,68.31488,0.790922,1.032161,0.2070827,0.9113345,0.8277479,0.1632319,SelectionEnd
76.9053,24,2,3,0,0.7559153,0.9182711,0.182127,355.5497,134.8952,68.31488,0.790922,1.032161,0.2070827,0.9113345,0.8277479,0.1632319,GotSelection
76.91516,24,2,3,0,0.7562625,0.9181353,0.1824562,355.5757,134.8399,68.42779,0.7947585,1.033317,0.2079836,0.9129903,0.8573224,0.1852088,SelectionStart
76.91518,24,2,3,0,0.7562625,0.9181353,0.1824562,355.5757,134.8399,68.42779,0.7947585,1.033317,0.2079836,0.9129903,0.8573224,0.1852088,SelectionEnd
76.91859,24,2,3,0,0.7562625,0.9181353,0.1824562,355.5757,134.8399,68.42779,0.7947585,1.033317,0.2079836,0.9129903,0.8573224,0.1852088,GotSelection
76.92827,24,2,3,0,0.7568325,0.9179587,0.1827504,355.6403,134.7657,68.54928,0.7997322,1.034794,0.2088145,0.915681,0.8937655,0.2137334,SelectionStart
76.9283,24,2,3,0,0.7568325,0.9179587,0.1827504,355.6403,134.7657,68.54928,0.7997322,1.034794,0.2088145,0.915681,0.8937655,0.2137334,SelectionEnd
76.93172,24,2,3,0,0.7568325,0.9179587,0.1827504,355.6403,134.7657,68.54928,0.7997322,1.034794,0.2088145,0.915681,0.8937655,0.2137334,GotSelection
76.94388,24,2,3,0,0.7572034,0.9177747,0.183009,355.6869,134.6734,68.64737,0.8018019,1.03544,0.2092571,0.9195575,0.9074158,0.2251827,SelectionStart
76.94391,24,2,3,0,0.7572034,0.9177747,0.183009,355.6869,134.6734,68.64737,0.8018019,1.03544,0.2092571,0.9195575,0.9074158,0.2251827,SelectionEnd
76.94734,24,2,3,0,0.7572034,0.9177747,0.183009,355.6869,134.6734,68.64737,0.8018019,1.03544,0.2092571,0.9195575,0.9074158,0.2251827,GotSelection
76.95667,24,2,3,0,0.7573928,0.9176233,0.1831657,355.7035,134.6038,68.70517,0.8021535,1.035712,0.2091347,0.9246495,0.9070105,0.2289497,SelectionStart
76.95668,24,2,3,0,0.7573928,0.9176233,0.1831657,355.7035,134.6038,68.70517,0.8021535,1.035712,0.2091347,0.9246495,0.9070105,0.2289497,SelectionEnd
76.96011,24,2,3,0,0.7573928,0.9176233,0.1831657,355.7035,134.6038,68.70517,0.8021535,1.035712,0.2091347,0.9246495,0.9070105,0.2289497,GotSelection
76.97029,24,2,3,0,0.7575126,0.9174155,0.1834155,355.688,134.5926,68.76427,0.8006722,1.035757,0.2084205,0.9349489,0.8898487,0.2248522,SelectionStart
76.97032,24,2,3,0,0.7575126,0.9174155,0.1834155,355.688,134.5926,68.76427,0.8006722,1.035757,0.2084205,0.9349489,0.8898487,0.2248522,SelectionEnd
76.97369,24,2,3,0,0.7575126,0.9174155,0.1834155,355.688,134.5926,68.76427,0.8006722,1.035757,0.2084205,0.9349489,0.8898487,0.2248522,GotSelection
76.98558,24,2,3,0,0.7577887,0.9172133,0.183677,355.6939,134.6003,68.84882,0.7985543,1.035768,0.2074816,0.9482579,0.8653919,0.2160581,SelectionStart
76.9856,24,2,3,0,0.7577887,0.9172133,0.183677,355.6939,134.6003,68.84882,0.7985543,1.035768,0.2074816,0.9482579,0.8653919,0.2160581,SelectionEnd
76.98894,24,2,3,0,0.7577887,0.9172133,0.183677,355.6939,134.6003,68.84882,0.7985543,1.035768,0.2074816,0.9482579,0.8653919,0.2160581,GotSelection
76.99849,24,2,3,0,0.7580558,0.9170251,0.1839951,355.6816,134.6522,68.93988,0.7943661,1.035377,0.2060891,0.9650016,0.8223907,0.1957273,SelectionStart
76.9985,24,2,3,0,0.7580558,0.9170251,0.1839951,355.6816,134.6522,68.93988,0.7943661,1.035377,0.2060891,0.9650016,0.8223907,0.1957273,SelectionEnd
77.00188,24,2,3,0,0.7580558,0.9170251,0.1839951,355.6816,134.6522,68.93988,0.7943661,1.035377,0.2060891,0.9650016,0.8223907,0.1957273,GotSelection
77.04483,24,2,3,0,0.7591999,0.9167603,0.1837793,355.8216,134.6524,69.0543,0.7699757,1.031218,0.1993639,1.021852,0.5949769,0.051634,SelectionStart
77.04486,24,2,3,0,0.7591999,0.9167603,0.1837793,355.8216,134.6524,69.0543,0.7699757,1.031218,0.1993639,1.021852,0.5949769,0.051634,SelectionEnd
77.04848,24,2,3,0,0.7591999,0.9167603,0.1837793,355.8216,134.6524,69.0543,0.7699757,1.031218,0.1993639,1.021852,0.5949769,0.051634,GotSelection
77.06046,24,2,3,0,0.7597445,0.9165878,0.1838845,355.8637,134.6765,69.13476,0.7575613,1.027715,0.1943291,1.04131,0.4612424,-0.008747248,SelectionStart
77.06047,24,2,3,0,0.7597445,0.9165878,0.1838845,355.8637,134.6765,69.13476,0.7575613,1.027715,0.1943291,1.04131,0.4612424,-0.008747248,SelectionEnd
77.0638,24,2,3,0,0.7597445,0.9165878,0.1838845,355.8637,134.6765,69.13476,0.7575613,1.027715,0.1943291,1.04131,0.4612424,-0.008747248,GotSelection
77.07277,24,2,3,0,0.760031,0.916464,0.1839338,355.8837,134.7244,69.18905,0.7508093,1.024794,0.1901282,1.045439,0.3745635,-0.03169583,SelectionStart
77.07278,24,2,3,0,0.760031,0.916464,0.1839338,355.8837,134.7244,69.18905,0.7508093,1.024794,0.1901282,1.045439,0.3745635,-0.03169583,SelectionEnd
77.07614,24,2,3,0,0.760031,0.916464,0.1839338,355.8837,134.7244,69.18905,0.7508093,1.024794,0.1901282,1.045439,0.3745635,-0.03169583,GotSelection
77.08516,24,2,3,0,0.7603916,0.916348,0.1838613,355.9388,134.7612,69.23779,0.7428238,1.020698,0.1864971,1.04058,0.2799468,-0.07043104,SelectionStart
77.08517,24,2,3,0,0.7603916,0.916348,0.1838613,355.9388,134.7612,69.23779,0.7428238,1.020698,0.1864971,1.04058,0.2799468,-0.07043104,SelectionEnd
77.08861,24,2,3,0,0.7603916,0.916348,0.1838613,355.9388,134.7612,69.23779,0.7428238,1.020698,0.1864971,1.04058,0.2799468,-0.07043104,GotSelection
77.09872,24,2,3,0,0.7607371,0.9162908,0.1836175,356.0341,134.7617,69.26213,0.7355766,1.016851,0.182209,1.035887,0.188034,-0.1007693,SelectionStart
77.09875,24,2,3,0,0.7607371,0.9162908,0.1836175,356.0341,134.7617,69.26213,0.7355766,1.016851,0.182209,1.035887,0.188034,-0.1007693,SelectionEnd
77.10422,24,2,3,0,0.7607371,0.9162908,0.1836175,356.0341,134.7617,69.26213,0.7355766,1.016851,0.182209,1.035887,0.188034,-0.1007693,GotSelection
77.12549,24,2,3,0,0.7619411,0.9161015,0.182701,356.3916,134.7502,69.34221,0.7201229,1.006771,0.172125,1.010168,-0.02201927,-0.1683539,SelectionStart
77.12552,24,2,3,0,0.7619411,0.9161015,0.182701,356.3916,134.7502,69.34221,0.7201229,1.006771,0.172125,1.010168,-0.02201927,-0.1683539,SelectionEnd
77.129,24,2,3,0,0.7619411,0.9161015,0.182701,356.3916,134.7502,69.34221,0.7201229,1.006771,0.172125,1.010168,-0.02201927,-0.1683539,GotSelection
77.14053,24,2,3,0,0.7626107,0.9159777,0.1824197,356.5627,134.7593,69.42178,0.7132139,1.000934,0.1663572,0.9891758,-0.1319332,-0.1900486,SelectionStart
77.14055,24,2,3,0,0.7626107,0.9159777,0.1824197,356.5627,134.7593,69.42178,0.7132139,1.000934,0.1663572,0.9891758,-0.1319332,-0.1900486,SelectionEnd
77.14423,24,2,3,0,0.7626107,0.9159777,0.1824197,356.5627,134.7593,69.42178,0.7132139,1.000934,0.1663572,0.9891758,-0.1319332,-0.1900486,GotSelection
77.15401,24,2,3,0,0.762982,0.9159126,0.1824712,356.6333,134.7486,69.50895,0.7079127,0.9953794,0.1608271,0.9648508,-0.2290692,-0.1955194,SelectionStart
77.15402,24,2,3,0,0.762982,0.9159126,0.1824712,356.6333,134.7486,69.50895,0.7079127,0.9953794,0.1608271,0.9648508,-0.2290692,-0.1955194,SelectionEnd
77.15753,24,2,3,0,0.762982,0.9159126,0.1824712,356.6333,134.7486,69.50895,0.7079127,0.9953794,0.1608271,0.9648508,-0.2290692,-0.1955194,GotSelection
77.16862,24,2,3,0,0.7627998,0.9157766,0.1827037,356.5769,134.7054,69.52355,0.7045624,0.9915902,0.1566891,0.9486486,-0.2932447,-0.1889701,SelectionStart
77.16864,24,2,3,0,0.7627998,0.9157766,0.1827037,356.5769,134.7054,69.52355,0.7045624,0.9915902,0.1566891,0.9486486,-0.2932447,-0.1889701,SelectionEnd
77.17197,24,2,3,0,0.7627998,0.9157766,0.1827037,356.5769,134.7054,69.52355,0.7045624,0.9915902,0.1566891,0.9486486,-0.2932447,-0.1889701,GotSelection
77.18123,24,2,3,0,0.7626336,0.9157444,0.1828908,356.5505,134.6599,69.5523,0.7011036,0.9873826,0.1522554,0.928146,-0.3620942,-0.1824245,SelectionStart
77.18126,24,2,3,0,0.7626336,0.9157444,0.1828908,356.5505,134.6599,69.5523,0.7011036,0.9873826,0.1522554,0.928146,-0.3620942,-0.1824245,SelectionEnd
77.18456,24,2,3,0,0.7626336,0.9157444,0.1828908,356.5505,134.6599,69.5523,0.7011036,0.9873826,0.1522554,0.928146,-0.3620942,-0.1824245,GotSelection
77.19437,24,2,3,0,0.7625365,0.915714,0.1831453,356.5143,134.6417,69.57611,0.6991659,0.9847926,0.149786,0.9148169,-0.4024883,-0.1775991,SelectionStart
77.19438,24,2,3,0,0.7625365,0.915714,0.1831453,356.5143,134.6417,69.57611,0.6991659,0.9847926,0.149786,0.9148169,-0.4024883,-0.1775991,SelectionEnd
77.19788,24,2,3,0,0.7625365,0.915714,0.1831453,356.5143,134.6417,69.57611,0.6991659,0.9847926,0.149786,0.9148169,-0.4024883,-0.1775991,GotSelection
77.20695,24,2,3,0,0.7625012,0.9158077,0.1834193,356.4896,134.6072,69.60876,0.6978995,0.9827741,0.1480695,0.9022826,-0.4322751,-0.1737195,SelectionStart
77.20699,24,2,3,0,0.7625012,0.9158077,0.1834193,356.4896,134.6072,69.60876,0.6978995,0.9827741,0.1480695,0.9022826,-0.4322751,-0.1737195,SelectionEnd
77.21031,24,2,3,0,0.7625012,0.9158077,0.1834193,356.4896,134.6072,69.60876,0.6978995,0.9827741,0.1480695,0.9022826,-0.4322751,-0.1737195,GotSelection
77.22153,24,2,3,0,0.7625932,0.9159089,0.1834709,356.5143,134.567,69.62592,0.6968066,0.980962,0.1470964,0.8894132,-0.4541084,-0.1769837,SelectionStart
77.22156,24,2,3,0,0.7625932,0.9159089,0.1834709,356.5143,134.567,69.62592,0.6968066,0.980962,0.1470964,0.8894132,-0.4541084,-0.1769837,SelectionEnd
77.22493,24,2,3,0,0.7625932,0.9159089,0.1834709,356.5143,134.567,69.62592,0.6968066,0.980962,0.1470964,0.8894132,-0.4541084,-0.1769837,GotSelection
77.26392,24,2,3,0,0.7625973,0.9162222,0.1828133,356.6663,134.4788,69.48473,0.69889,0.983774,0.1505634,0.8989151,-0.4004921,-0.1927451,SelectionStart
77.26393,24,2,3,0,0.7625973,0.9162222,0.1828133,356.6663,134.4788,69.48473,0.69889,0.983774,0.1505634,0.8989151,-0.4004921,-0.1927451,SelectionEnd
77.26732,24,2,3,0,0.7625973,0.9162222,0.1828133,356.6663,134.4788,69.48473,0.69889,0.983774,0.1505634,0.8989151,-0.4004921,-0.1927451,GotSelection
77.2774,24,2,3,0,0.7621524,0.9165127,0.1828816,356.5833,134.4821,69.42107,0.7015254,0.9875778,0.1542173,0.9163852,-0.341719,-0.1927566,SelectionStart
77.27742,24,2,3,0,0.7621524,0.9165127,0.1828816,356.5833,134.4821,69.42107,0.7015254,0.9875778,0.1542173,0.9163852,-0.341719,-0.1927566,SelectionEnd
77.2811,24,2,3,0,0.7621524,0.9165127,0.1828816,356.5833,134.4821,69.42107,0.7015254,0.9875778,0.1542173,0.9163852,-0.341719,-0.1927566,GotSelection
77.29298,24,2,3,0,0.7616131,0.9167331,0.1829607,356.4792,134.5551,69.35076,0.7060772,0.9920933,0.1601295,0.9305823,-0.2514653,-0.1926414,SelectionStart
77.293,24,2,3,0,0.7616131,0.9167331,0.1829607,356.4792,134.5551,69.35076,0.7060772,0.9920933,0.1601295,0.9305823,-0.2514653,-0.1926414,SelectionEnd
77.29636,24,2,3,0,0.7616131,0.9167331,0.1829607,356.4792,134.5551,69.35076,0.7060772,0.9920933,0.1601295,0.9305823,-0.2514653,-0.1926414,GotSelection
77.30605,24,2,3,0,0.7613267,0.9169263,0.1828891,356.4452,134.5888,69.2967,0.709927,0.9954247,0.1650678,0.9378461,-0.1775029,-0.1956782,SelectionStart
77.30606,24,2,3,0,0.7613267,0.9169263,0.1828891,356.4452,134.5888,69.2967,0.709927,0.9954247,0.1650678,0.9378461,-0.1775029,-0.1956782,SelectionEnd
77.30945,24,2,3,0,0.7613267,0.9169263,0.1828891,356.4452,134.5888,69.2967,0.709927,0.9954247,0.1650678,0.9378461,-0.1775029,-0.1956782,GotSelection
77.31844,24,2,3,0,0.7609597,0.9171689,0.1825902,356.435,134.5887,69.20412,0.7147754,0.9993702,0.1714982,0.94339,-0.08173678,-0.2034673,SelectionStart
77.31845,24,2,3,0,0.7609597,0.9171689,0.1825902,356.435,134.5887,69.20412,0.7147754,0.9993702,0.1714982,0.94339,-0.08173678,-0.2034673,SelectionEnd
77.32173,24,2,3,0,0.7609597,0.9171689,0.1825902,356.435,134.5887,69.20412,0.7147754,0.9993702,0.1714982,0.94339,-0.08173678,-0.2034673,GotSelection
77.33087,24,2,3,0,0.7608295,0.9172896,0.1820758,356.5005,134.557,69.11305,0.7196616,1.002466,0.1770808,0.9433768,0.005731463,-0.2099799,SelectionStart
77.33089,24,2,3,0,0.7608295,0.9172896,0.1820758,356.5005,134.557,69.11305,0.7196616,1.002466,0.1770808,0.9433768,0.005731463,-0.2099799,SelectionEnd
77.33418,24,2,3,0,0.7608295,0.9172896,0.1820758,356.5005,134.557,69.11305,0.7196616,1.002466,0.1770808,0.9433768,0.005731463,-0.2099799,GotSelection
77.3432,24,2,3,0,0.7603242,0.9173875,0.1817441,356.4982,134.5648,69.02765,0.7238263,1.005265,0.1822125,0.943179,0.08535784,-0.213373,SelectionStart
77.34323,24,2,3,0,0.7603242,0.9173875,0.1817441,356.4982,134.5648,69.02765,0.7238263,1.005265,0.1822125,0.943179,0.08535784,-0.213373,SelectionEnd
77.34679,24,2,3,0,0.7603242,0.9173875,0.1817441,356.4982,134.5648,69.02765,0.7238263,1.005265,0.1822125,0.943179,0.08535784,-0.213373,GotSelection
77.35649,24,2,3,0,0.7599944,0.9175371,0.1815439,356.4847,134.6085,68.94884,0.7288256,1.008659,0.1872727,0.9465091,0.1696108,-0.2099179,SelectionStart
77.35652,24,2,3,0,0.7599944,0.9175371,0.1815439,356.4847,134.6085,68.94884,0.7288256,1.008659,0.1872727,0.9465091,0.1696108,-0.2099179,SelectionEnd
77.35977,24,2,3,0,0.7599944,0.9175371,0.1815439,356.4847,134.6085,68.94884,0.7288256,1.008659,0.1872727,0.9465091,0.1696108,-0.2099179,GotSelection
77.37076,24,2,3,0,0.7594053,0.9176182,0.1812698,356.4384,134.689,68.82936,0.7357474,1.012589,0.1940074,0.9449083,0.2829994,-0.2022771,SelectionStart
77.37077,24,2,3,0,0.7594053,0.9176182,0.1812698,356.4384,134.689,68.82936,0.7357474,1.012589,0.1940074,0.9449083,0.2829994,-0.2022771,SelectionEnd
77.37408,24,2,3,0,0.7594053,0.9176182,0.1812698,356.4384,134.689,68.82936,0.7357474,1.012589,0.1940074,0.9449083,0.2829994,-0.2022771,GotSelection
77.38489,24,2,3,0,0.7589778,0.9177662,0.1809545,356.4205,134.7408,68.72116,0.7433467,1.016183,0.2001949,0.9385265,0.3946792,-0.1882609,SelectionStart
77.3849,24,2,3,0,0.7589778,0.9177662,0.1809545,356.4205,134.7408,68.72116,0.7433467,1.016183,0.2001949,0.9385265,0.3946792,-0.1882609,SelectionEnd
77.38823,24,2,3,0,0.7589778,0.9177662,0.1809545,356.4205,134.7408,68.72116,0.7433467,1.016183,0.2001949,0.9385265,0.3946792,-0.1882609,GotSelection
77.39749,24,2,3,0,0.7588794,0.9178566,0.1807747,356.4326,134.768,68.66822,0.7486207,1.018682,0.2044306,0.9349197,0.4699233,-0.1797851,SelectionStart
77.39752,24,2,3,0,0.7588794,0.9178566,0.1807747,356.4326,134.768,68.66822,0.7486207,1.018682,0.2044306,0.9349197,0.4699233,-0.1797851,SelectionEnd
77.40086,24,2,3,0,0.7588794,0.9178566,0.1807747,356.4326,134.768,68.66822,0.7486207,1.018682,0.2044306,0.9349197,0.4699233,-0.1797851,GotSelection
77.4106,24,2,3,0,0.7590104,0.9179232,0.1804874,356.4964,134.769,68.64268,0.7540361,1.020783,0.2084539,0.9282056,0.5420814,-0.1723883,SelectionStart
77.41061,24,2,3,0,0.7590104,0.9179232,0.1804874,356.4964,134.769,68.64268,0.7540361,1.020783,0.2084539,0.9282056,0.5420814,-0.1723883,SelectionEnd
77.41394,24,2,3,0,0.7590104,0.9179232,0.1804874,356.4964,134.769,68.64268,0.7540361,1.020783,0.2084539,0.9282056,0.5420814,-0.1723883,GotSelection
77.4241,24,2,3,0,0.7591609,0.9179693,0.1802825,356.5554,134.7729,68.61677,0.7604579,1.023299,0.2135962,0.9202793,0.629457,-0.164991,SelectionStart
77.42412,24,2,3,0,0.7591609,0.9179693,0.1802825,356.5554,134.7729,68.61677,0.7604579,1.023299,0.2135962,0.9202793,0.629457,-0.164991,SelectionEnd
77.42744,24,2,3,0,0.7591609,0.9179693,0.1802825,356.5554,134.7729,68.61677,0.7604579,1.023299,0.2135962,0.9202793,0.629457,-0.164991,GotSelection
77.4697,24,2,3,0,0.7589181,0.9180095,0.1804684,356.4446,134.8583,68.54807,0.7744185,1.027661,0.2251349,0.8923083,0.8175205,-0.1395495,SelectionStart
77.46973,24,2,3,0,0.7589181,0.9180095,0.1804684,356.4446,134.8583,68.54807,0.7744185,1.027661,0.2251349,0.8923083,0.8175205,-0.1395495,SelectionEnd
77.47298,24,2,3,0,0.7589181,0.9180095,0.1804684,356.4446,134.8583,68.54807,0.7744185,1.027661,0.2251349,0.8923083,0.8175205,-0.1395495,GotSelection
77.48511,24,2,3,0,0.7589145,0.9180494,0.1804767,356.4183,134.9197,68.53435,0.7780875,1.02827,0.2285993,0.8787658,0.8675001,-0.1375018,SelectionStart
77.48512,24,2,3,0,0.7589145,0.9180494,0.1804767,356.4183,134.9197,68.53435,0.7780875,1.02827,0.2285993,0.8787658,0.8675001,-0.1375018,SelectionEnd
77.48837,24,2,3,0,0.7589145,0.9180494,0.1804767,356.4183,134.9197,68.53435,0.7780875,1.02827,0.2285993,0.8787658,0.8675001,-0.1375018,GotSelection
77.49831,24,2,3,0,0.7590681,0.9180659,0.1803365,356.4541,134.9838,68.51995,0.7800213,1.028348,0.2306475,0.868852,0.8944215,-0.1416465,SelectionStart
77.49834,24,2,3,0,0.7590681,0.9180659,0.1803365,356.4541,134.9838,68.51995,0.7800213,1.028348,0.2306475,0.868852,0.8944215,-0.1416465,SelectionEnd
77.50218,24,2,3,0,0.7590681,0.9180659,0.1803365,356.4541,134.9838,68.51995,0.7800213,1.028348,0.2306475,0.868852,0.8944215,-0.1416465,GotSelection
77.51149,24,2,3,0,0.7594386,0.9181159,0.1797969,356.5971,135.0338,68.48334,0.7809179,1.028176,0.2329843,0.8578694,0.917047,-0.1620022,SelectionStart
77.51152,24,2,3,0,0.7594386,0.9181159,0.1797969,356.5971,135.0338,68.48334,0.7809179,1.028176,0.2329843,0.8578694,0.917047,-0.1620022,SelectionEnd
77.51559,24,2,3,0,0.7594386,0.9181159,0.1797969,356.5971,135.0338,68.48334,0.7809179,1.028176,0.2329843,0.8578694,0.917047,-0.1620022,GotSelection
77.52782,24,2,3,0,0.7599569,0.9181951,0.1791049,356.7755,135.0118,68.43816,0.7805011,1.027832,0.234921,0.8494789,0.9279179,-0.1912408,SelectionStart
77.52785,24,2,3,0,0.7599569,0.9181951,0.1791049,356.7755,135.0118,68.43816,0.7805011,1.027832,0.234921,0.8494789,0.9279179,-0.1912408,SelectionEnd
77.53111,24,2,3,0,0.7599569,0.9181951,0.1791049,356.7755,135.0118,68.43816,0.7805011,1.027832,0.234921,0.8494789,0.9279179,-0.1912408,GotSelection
77.54134,24,2,3,0,0.7602481,0.9182366,0.1786378,356.8855,135.0074,68.39712,0.7793093,1.027687,0.236674,0.8460867,0.9331834,-0.2201464,SelectionStart
77.54135,24,2,3,0,0.7602481,0.9182366,0.1786378,356.8855,135.0074,68.39712,0.7793093,1.027687,0.236674,0.8460867,0.9331834,-0.2201464,SelectionEnd
77.54463,24,2,3,0,0.7602481,0.9182366,0.1786378,356.8855,135.0074,68.39712,0.7793093,1.027687,0.236674,0.8460867,0.9331834,-0.2201464,GotSelection
77.55391,24,2,3,0,0.760268,0.9182534,0.1786386,356.8839,135.0532,68.39088,0.7773951,1.026924,0.2369056,0.8440302,0.9190269,-0.2365742,SelectionStart
77.55392,24,2,3,0,0.760268,0.9182534,0.1786386,356.8839,135.0532,68.39088,0.7773951,1.026924,0.2369056,0.8440302,0.9190269,-0.2365742,SelectionEnd
77.55721,24,2,3,0,0.760268,0.9182534,0.1786386,356.8839,135.0532,68.39088,0.7773951,1.026924,0.2369056,0.8440302,0.9190269,-0.2365742,GotSelection
77.56844,24,2,3,0,0.7602007,0.918339,0.1787236,356.8661,135.1283,68.39808,0.7752948,1.025336,0.2366824,0.8354019,0.8968444,-0.2502582,SelectionStart
77.56845,24,2,3,0,0.7602007,0.918339,0.1787236,356.8661,135.1283,68.39808,0.7752948,1.025336,0.2366824,0.8354019,0.8968444,-0.2502582,SelectionEnd
77.57187,24,2,3,0,0.7602007,0.918339,0.1787236,356.8661,135.1283,68.39808,0.7752948,1.025336,0.2366824,0.8354019,0.8968444,-0.2502582,GotSelection
77.5816,24,2,3,0,0.7599923,0.918157,0.1790115,356.7989,135.2085,68.38917,0.7735299,1.02446,0.2361392,0.8357831,0.8781667,-0.2552512,SelectionStart
77.58162,24,2,3,0,0.7599923,0.918157,0.1790115,356.7989,135.2085,68.38917,0.7735299,1.02446,0.2361392,0.8357831,0.8781667,-0.2552512,SelectionEnd
77.58488,24,2,3,0,0.7599923,0.918157,0.1790115,356.7989,135.2085,68.38917,0.7735299,1.02446,0.2361392,0.8357831,0.8781667,-0.2552512,GotSelection
77.59404,24,2,3,0,0.759857,0.9181082,0.1790938,356.7596,135.2728,68.36006,0.7714409,1.023297,0.235375,0.8329902,0.8555049,-0.2635882,SelectionStart
77.59407,24,2,3,0,0.759857,0.9181082,0.1790938,356.7596,135.2728,68.36006,0.7714409,1.023297,0.235375,0.8329902,0.8555049,-0.2635882,SelectionEnd
77.59813,24,2,3,0,0.759857,0.9181082,0.1790938,356.7596,135.2728,68.36006,0.7714409,1.023297,0.235375,0.8329902,0.8555049,-0.2635882,GotSelection
77.60965,24,2,3,0,0.7599885,0.9180627,0.1787606,356.8336,135.2756,68.31878,0.7673808,1.02173,0.2331125,0.83483,0.809464,-0.2819598,SelectionStart
77.60968,24,2,3,0,0.7599885,0.9180627,0.1787606,356.8336,135.2756,68.31878,0.7673808,1.02173,0.2331125,0.83483,0.809464,-0.2819598,SelectionEnd
77.61301,24,2,3,0,0.7599885,0.9180627,0.1787606,356.8336,135.2756,68.31878,0.7673808,1.02173,0.2331125,0.83483,0.809464,-0.2819598,GotSelection
77.62251,24,2,3,0,0.7602919,0.9181859,0.1785392,356.9263,135.2481,68.31081,0.764298,1.020296,0.2314375,0.8330942,0.7714716,-0.2981058,SelectionStart
77.62253,24,2,3,0,0.7602919,0.9181859,0.1785392,356.9263,135.2481,68.31081,0.764298,1.020296,0.2314375,0.8330942,0.7714716,-0.2981058,SelectionEnd
77.62576,24,2,3,0,0.7602919,0.9181859,0.1785392,356.9263,135.2481,68.31081,0.764298,1.020296,0.2314375,0.8330942,0.7714716,-0.2981058,GotSelection
77.63504,24,2,3,0,0.760542,0.9182372,0.178391,357.0014,135.204,68.31564,0.7589048,1.018399,0.2272627,0.8405757,0.6995307,-0.3116185,SelectionStart
77.63506,24,2,3,0,0.760542,0.9182372,0.178391,357.0014,135.204,68.31564,0.7589048,1.018399,0.2272627,0.8405757,0.6995307,-0.3116185,SelectionEnd
77.63838,24,2,3,0,0.760542,0.9182372,0.178391,357.0014,135.204,68.31564,0.7589048,1.018399,0.2272627,0.8405757,0.6995307,-0.3116185,GotSelection
77.68022,24,2,3,0,0.7600833,0.9180129,0.1789575,356.8547,135.2357,68.31814,0.7418526,1.012409,0.2100728,0.8779057,0.4474857,-0.3029756,SelectionStart
77.68024,24,2,3,0,0.7600833,0.9180129,0.1789575,356.8547,135.2357,68.31814,0.7418526,1.012409,0.2100728,0.8779057,0.4474857,-0.3029756,SelectionEnd
77.68353,24,2,3,0,0.7600833,0.9180129,0.1789575,356.8547,135.2357,68.31814,0.7418526,1.012409,0.2100728,0.8779057,0.4474857,-0.3029756,GotSelection
77.69435,24,2,3,0,0.7598281,0.9179579,0.1789881,356.8282,135.2573,68.30357,0.736228,1.01035,0.2029009,0.891809,0.3556003,-0.2900785,SelectionStart
77.69437,24,2,3,0,0.7598281,0.9179579,0.1789881,356.8282,135.2573,68.30357,0.736228,1.01035,0.2029009,0.891809,0.3556003,-0.2900785,SelectionEnd
77.69771,24,2,3,0,0.7598281,0.9179579,0.1789881,356.8282,135.2573,68.30357,0.736228,1.01035,0.2029009,0.891809,0.3556003,-0.2900785,GotSelection
77.70651,24,2,3,0,0.7598112,0.9178838,0.1788828,356.8556,135.2548,68.27817,0.7314163,1.009309,0.1974693,0.9091703,0.2844183,-0.2869259,SelectionStart
77.70653,24,2,3,0,0.7598112,0.9178838,0.1788828,356.8556,135.2548,68.27817,0.7314163,1.009309,0.1974693,0.9091703,0.2844183,-0.2869259,SelectionEnd
77.70987,24,2,3,0,0.7598112,0.9178838,0.1788828,356.8556,135.2548,68.27817,0.7314163,1.009309,0.1974693,0.9091703,0.2844183,-0.2869259,GotSelection
77.7188,24,2,3,0,0.7599401,0.917907,0.1785849,356.9262,135.2455,68.25735,0.7275797,1.007085,0.1921685,0.9110213,0.2159701,-0.2815872,SelectionStart
77.71881,24,2,3,0,0.7599401,0.917907,0.1785849,356.9262,135.2455,68.25735,0.7275797,1.007085,0.1921685,0.9110213,0.2159701,-0.2815872,SelectionEnd
77.72205,24,2,3,0,0.7599401,0.917907,0.1785849,356.9262,135.2455,68.25735,0.7275797,1.007085,0.1921685,0.9110213,0.2159701,-0.2815872,GotSelection
77.73227,24,2,3,0,0.7601412,0.9179144,0.1781331,357.0445,135.2064,68.24071,0.7221698,1.004325,0.185072,0.9165421,0.1235446,-0.2772835,SelectionStart
77.73228,24,2,3,0,0.7601412,0.9179144,0.1781331,357.0445,135.2064,68.24071,0.7221698,1.004325,0.185072,0.9165421,0.1235446,-0.2772835,SelectionEnd
77.73578,24,2,3,0,0.7601412,0.9179144,0.1781331,357.0445,135.2064,68.24071,0.7221698,1.004325,0.185072,0.9165421,0.1235446,-0.2772835,GotSelection
77.74553,24,2,3,0,0.7602878,0.9179681,0.1778592,357.1034,135.1751,68.24257,0.7184858,1.002325,0.1792829,0.9211908,0.05300758,-0.2670432,SelectionStart
77.74554,24,2,3,0,0.7602878,0.9179681,0.1778592,357.1034,135.1751,68.24257,0.7184858,1.002325,0.1792829,0.9211908,0.05300758,-0.2670432,SelectionEnd
77.74887,24,2,3,0,0.7602878,0.9179681,0.1778592,357.1034,135.1751,68.24257,0.7184858,1.002325,0.1792829,0.9211908,0.05300758,-0.2670432,GotSelection
77.76016,24,2,3,0,0.760324,0.9178507,0.1776975,357.1466,135.1564,68.25085,0.7140734,0.9999692,0.1715912,0.9307471,-0.03617421,-0.2465002,SelectionStart
77.76018,24,2,3,0,0.760324,0.9178507,0.1776975,357.1466,135.1564,68.25085,0.7140734,0.9999692,0.1715912,0.9307471,-0.03617421,-0.2465002,SelectionEnd
77.76357,24,2,3,0,0.760324,0.9178507,0.1776975,357.1466,135.1564,68.25085,0.7140734,0.9999692,0.1715912,0.9307471,-0.03617421,-0.2465002,GotSelection
77.77263,24,2,3,0,0.7603698,0.9178375,0.1775804,357.1735,135.1447,68.25854,0.7115121,0.9985329,0.1659651,0.9378491,-0.09637566,-0.226636,SelectionStart
77.77264,24,2,3,0,0.7603698,0.9178375,0.1775804,357.1735,135.1447,68.25854,0.7115121,0.9985329,0.1659651,0.9378491,-0.09637566,-0.226636,SelectionEnd
77.77591,24,2,3,0,0.7603698,0.9178375,0.1775804,357.1735,135.1447,68.25854,0.7115121,0.9985329,0.1659651,0.9378491,-0.09637566,-0.226636,GotSelection
77.78589,24,2,3,0,0.7604605,0.9178127,0.1774786,357.2124,135.1429,68.26466,0.7091001,0.9970031,0.1613516,0.9415131,-0.1494367,-0.2133632,SelectionStart
77.7859,24,2,3,0,0.7604605,0.9178127,0.1774786,357.2124,135.1429,68.26466,0.7091001,0.9970031,0.1613516,0.9415131,-0.1494367,-0.2133632,SelectionEnd
77.78951,24,2,3,0,0.7604605,0.9178127,0.1774786,357.2124,135.1429,68.26466,0.7091001,0.9970031,0.1613516,0.9415131,-0.1494367,-0.2133632,GotSelection
77.80026,24,2,3,0,0.7605567,0.9178523,0.1771891,357.2903,135.1238,68.25523,0.7058691,0.9948112,0.1558619,0.9423006,-0.2150827,-0.2020837,SelectionStart
77.80028,24,2,3,0,0.7605567,0.9178523,0.1771891,357.2903,135.1238,68.25523,0.7058691,0.9948112,0.1558619,0.9423006,-0.2150827,-0.2020837,SelectionEnd
77.80362,24,2,3,0,0.7605567,0.9178523,0.1771891,357.2903,135.1238,68.25523,0.7058691,0.9948112,0.1558619,0.9423006,-0.2150827,-0.2020837,GotSelection
77.81328,24,2,3,0,0.7605876,0.9178706,0.176968,357.3412,135.1078,68.24165,0.7039583,0.9933541,0.1528381,0.9406146,-0.2523186,-0.1973738,SelectionStart
77.81329,24,2,3,0,0.7605876,0.9178706,0.176968,357.3412,135.1078,68.24165,0.7039583,0.9933541,0.1528381,0.9406146,-0.2523186,-0.1973738,SelectionEnd
77.8166,24,2,3,0,0.7605876,0.9178706,0.176968,357.3412,135.1078,68.24165,0.7039583,0.9933541,0.1528381,0.9406146,-0.2523186,-0.1973738,GotSelection
77.82698,24,2,3,0,0.760626,0.9178434,0.1766417,357.3945,135.1171,68.19913,0.7023981,0.9918664,0.1498672,0.9378619,-0.2857879,-0.1910814,SelectionStart
77.82701,24,2,3,0,0.760626,0.9178434,0.1766417,357.3945,135.1171,68.19913,0.7023981,0.9918664,0.1498672,0.9378619,-0.2857879,-0.1910814,SelectionEnd
77.83031,24,2,3,0,0.760626,0.9178434,0.1766417,357.3945,135.1171,68.19913,0.7023981,0.9918664,0.1498672,0.9378619,-0.2857879,-0.1910814,GotSelection
77.871,24,2,3,0,0.7604167,0.9182332,0.1757741,357.5112,135.0923,68.05078,0.7001225,0.9900892,0.1457008,0.9318261,-0.3276955,-0.1849203,SelectionStart
77.87102,24,2,3,0,0.7604167,0.9182332,0.1757741,357.5112,135.0923,68.05078,0.7001225,0.9900892,0.1457008,0.9318261,-0.3276955,-0.1849203,SelectionEnd
77.87434,24,2,3,0,0.7604167,0.9182332,0.1757741,357.5112,135.0923,68.05078,0.7001225,0.9900892,0.1457008,0.9318261,-0.3276955,-0.1849203,GotSelection
77.88484,24,2,3,0,0.7603055,0.9183466,0.1756737,357.5306,135.0736,68.00788,0.7007363,0.9908957,0.1468884,0.9332712,-0.3107795,-0.1891544,SelectionStart
77.88487,24,2,3,0,0.7603055,0.9183466,0.1756737,357.5306,135.0736,68.00788,0.7007363,0.9908957,0.1468884,0.9332712,-0.3107795,-0.1891544,SelectionEnd
77.88823,24,2,3,0,0.7603055,0.9183466,0.1756737,357.5306,135.0736,68.00788,0.7007363,0.9908957,0.1468884,0.9332712,-0.3107795,-0.1891544,GotSelection
77.89859,24,2,3,0,0.7601876,0.9185387,0.175533,357.5406,135.0778,67.96211,0.7017239,0.9919595,0.1486964,0.9337075,-0.2862168,-0.1949658,SelectionStart
77.89861,24,2,3,0,0.7601876,0.9185387,0.175533,357.5406,135.0778,67.96211,0.7017239,0.9919595,0.1486964,0.9337075,-0.2862168,-0.1949658,SelectionEnd
77.90201,24,2,3,0,0.7601876,0.9185387,0.175533,357.5406,135.0778,67.96211,0.7017239,0.9919595,0.1486964,0.9337075,-0.2862168,-0.1949658,GotSelection
77.91138,24,2,3,0,0.7599504,0.9186704,0.175387,357.5338,135.0857,67.89658,0.7032198,0.9934825,0.1517275,0.9342979,-0.2468606,-0.2046385,SelectionStart
77.91141,24,2,3,0,0.7599504,0.9186704,0.175387,357.5338,135.0857,67.89658,0.7032198,0.9934825,0.1517275,0.9342979,-0.2468606,-0.2046385,SelectionEnd
77.91513,24,2,3,0,0.7599504,0.9186704,0.175387,357.5338,135.0857,67.89658,0.7032198,0.9934825,0.1517275,0.9342979,-0.2468606,-0.2046385,GotSelection
77.92723,24,2,3,0,0.7595375,0.9188125,0.175189,357.5229,135.0929,67.80152,0.7056777,0.9955971,0.1567056,0.9321131,-0.1837346,-0.2202579,SelectionStart
77.92725,24,2,3,0,0.7595375,0.9188125,0.175189,357.5229,135.0929,67.80152,0.7056777,0.9955971,0.1567056,0.9321131,-0.1837346,-0.2202579,SelectionEnd
77.9305,24,2,3,0,0.7595375,0.9188125,0.175189,357.5229,135.0929,67.80152,0.7056777,0.9955971,0.1567056,0.9321131,-0.1837346,-0.2202579,GotSelection
77.94003,24,2,3,0,0.7592046,0.9189801,0.1751151,357.4954,135.1012,67.72822,0.7085703,0.9977264,0.1622078,0.9275957,-0.1159477,-0.2359804,SelectionStart
77.94006,24,2,3,0,0.7592046,0.9189801,0.1751151,357.4954,135.1012,67.72822,0.7085703,0.9977264,0.1622078,0.9275957,-0.1159477,-0.2359804,SelectionEnd
77.94339,24,2,3,0,0.7592046,0.9189801,0.1751151,357.4954,135.1012,67.72822,0.7085703,0.9977264,0.1622078,0.9275957,-0.1159477,-0.2359804,GotSelection
77.9523,24,2,3,0,0.7589658,0.9191059,0.1752327,357.4463,135.1083,67.68981,0.7113436,0.999409,0.167369,0.9211087,-0.05527297,-0.2492666,SelectionStart
77.95232,24,2,3,0,0.7589658,0.9191059,0.1752327,357.4463,135.1083,67.68981,0.7113436,0.999409,0.167369,0.9211087,-0.05527297,-0.2492666,SelectionEnd
77.95575,24,2,3,0,0.7589658,0.9191059,0.1752327,357.4463,135.1083,67.68981,0.7113436,0.999409,0.167369,0.9211087,-0.05527297,-0.2492666,GotSelection
77.96829,24,2,3,0,0.7586015,0.9191626,0.1752762,357.3779,135.1019,67.63619,0.7152463,1.001351,0.1740903,0.9099067,0.02633573,-0.2649523,SelectionStart
77.96831,24,2,3,0,0.7586015,0.9191626,0.1752762,357.3779,135.1019,67.63619,0.7152463,1.001351,0.1740903,0.9099067,0.02633573,-0.2649523,SelectionEnd
77.9724,24,2,3,0,0.7586015,0.9191626,0.1752762,357.3779,135.1019,67.63619,0.7152463,1.001351,0.1740903,0.9099067,0.02633573,-0.2649523,GotSelection
77.98335,24,2,3,0,0.7582547,0.9191713,0.1751894,357.3285,135.1101,67.57777,0.719286,1.00331,0.1804834,0.8992477,0.1075978,-0.2784793,SelectionStart
77.98338,24,2,3,0,0.7582547,0.9191713,0.1751894,357.3285,135.1101,67.57777,0.719286,1.00331,0.1804834,0.8992477,0.1075978,-0.2784793,SelectionEnd
77.98755,24,2,3,0,0.7582547,0.9191713,0.1751894,357.3285,135.1101,67.57777,0.719286,1.00331,0.1804834,0.8992477,0.1075978,-0.2784793,GotSelection
77.99762,24,2,3,0,0.7580671,0.9192076,0.1751015,357.3147,135.1316,67.54346,0.7227106,1.004685,0.1856027,0.8881016,0.1722392,-0.2891791,SelectionStart
77.99763,24,2,3,0,0.7580671,0.9192076,0.1751015,357.3147,135.1316,67.54346,0.7227106,1.004685,0.1856027,0.8881016,0.1722392,-0.2891791,SelectionEnd
78.00092,24,2,3,0,0.7580671,0.9192076,0.1751015,357.3147,135.1316,67.54346,0.7227106,1.004685,0.1856027,0.8881016,0.1722392,-0.2891791,GotSelection
78.01041,24,2,3,0,0.757965,0.9192467,0.1750054,357.319,135.1728,67.51265,0.7275013,1.006422,0.1921611,0.8727726,0.2562651,-0.3012522,SelectionStart
78.01042,24,2,3,0,0.757965,0.9192467,0.1750054,357.319,135.1728,67.51265,0.7275013,1.006422,0.1921611,0.8727726,0.2562651,-0.3012522,SelectionEnd
78.01382,24,2,3,0,0.757965,0.9192467,0.1750054,357.319,135.1728,67.51265,0.7275013,1.006422,0.1921611,0.8727726,0.2562651,-0.3012522,GotSelection
78.0229,24,2,3,0,0.7579041,0.91926,0.1749499,357.3094,135.1829,67.49052,0.7314526,1.007913,0.1970288,0.8622856,0.3219831,-0.3071439,SelectionStart
78.02293,24,2,3,0,0.7579041,0.91926,0.1749499,357.3094,135.1829,67.49052,0.7314526,1.007913,0.1970288,0.8622856,0.3219831,-0.3071439,SelectionEnd
78.02614,24,2,3,0,0.7579041,0.91926,0.1749499,357.3094,135.1829,67.49052,0.7314526,1.007913,0.1970288,0.8622856,0.3219831,-0.3071439,GotSelection
78.0356,24,2,3,0,0.7579486,0.9192554,0.1748529,357.3232,135.1615,67.48051,0.7355925,1.00925,0.2017935,0.850242,0.3872365,-0.3124433,SelectionStart
78.03561,24,2,3,0,0.7579486,0.9192554,0.1748529,357.3232,135.1615,67.48051,0.7355925,1.00925,0.2017935,0.850242,0.3872365,-0.3124433,SelectionEnd
78.03891,24,2,3,0,0.7579486,0.9192554,0.1748529,357.3232,135.1615,67.48051,0.7355925,1.00925,0.2017935,0.850242,0.3872365,-0.3124433,GotSelection
78.07996,24,2,3,0,0.7582161,0.9190959,0.17494,357.3316,135.1657,67.48563,0.7504015,1.012812,0.2177644,0.8016937,0.6045538,-0.3211221,SelectionStart
78.07997,24,2,3,0,0.7582161,0.9190959,0.17494,357.3316,135.1657,67.48563,0.7504015,1.012812,0.2177644,0.8016937,0.6045538,-0.3211221,SelectionEnd
78.08324,24,2,3,0,0.7582161,0.9190959,0.17494,357.3316,135.1657,67.48563,0.7504015,1.012812,0.2177644,0.8016937,0.6045538,-0.3211221,GotSelection
78.0945,24,2,3,0,0.7583768,0.9188871,0.1749188,357.3602,135.1493,67.49118,0.7551396,1.013877,0.2221639,0.7886586,0.6694303,-0.3199769,SelectionStart
78.09451,24,2,3,0,0.7583768,0.9188871,0.1749188,357.3602,135.1493,67.49118,0.7551396,1.013877,0.2221639,0.7886586,0.6694303,-0.3199769,SelectionEnd
78.09785,24,2,3,0,0.7583768,0.9188871,0.1749188,357.3602,135.1493,67.49118,0.7551396,1.013877,0.2221639,0.7886586,0.6694303,-0.3199769,GotSelection
78.11189,24,2,3,0,0.7588595,0.9187291,0.1748224,357.4424,135.14,67.53201,0.759825,1.014929,0.2269701,0.7751985,0.7342328,-0.3259908,SelectionStart
78.11192,24,2,3,0,0.7588595,0.9187291,0.1748224,357.4424,135.14,67.53201,0.759825,1.014929,0.2269701,0.7751985,0.7342328,-0.3259908,SelectionEnd
78.11531,24,2,3,0,0.7588595,0.9187291,0.1748224,357.4424,135.14,67.53201,0.759825,1.014929,0.2269701,0.7751985,0.7342328,-0.3259908,GotSelection
78.12827,24,2,3,0,0.7594497,0.9185898,0.1749384,357.4911,135.1691,67.63232,0.761632,1.015689,0.2293115,0.775642,0.7591546,-0.3339733,SelectionStart
78.1283,24,2,3,0,0.7594497,0.9185898,0.1749384,357.4911,135.1691,67.63232,0.761632,1.015689,0.2293115,0.775642,0.7591546,-0.3339733,SelectionEnd
78.13158,24,2,3,0,0.7594497,0.9185898,0.1749384,357.4911,135.1691,67.63232,0.761632,1.015689,0.2293115,0.775642,0.7591546,-0.3339733,GotSelection
78.14314,24,2,3,0,0.759897,0.9184015,0.1752357,357.5152,135.1902,67.72714,0.7634302,1.016293,0.231128,0.7765003,0.7799256,-0.3354759,SelectionStart
78.14317,24,2,3,0,0.759897,0.9184015,0.1752357,357.5152,135.1902,67.72714,0.7634302,1.016293,0.231128,0.7765003,0.7799256,-0.3354759,SelectionEnd
78.14656,24,2,3,0,0.759897,0.9184015,0.1752357,357.5152,135.1902,67.72714,0.7634302,1.016293,0.231128,0.7765003,0.7799256,-0.3354759,GotSelection
78.15768,24,2,3,0,0.7599892,0.9181992,0.1754382,357.4782,135.1745,67.78739,0.7628585,1.01655,0.2310185,0.7845787,0.7745724,-0.3370125,SelectionStart
78.15771,24,2,3,0,0.7599892,0.9181992,0.1754382,357.4782,135.1745,67.78739,0.7628585,1.01655,0.2310185,0.7845787,0.7745724,-0.3370125,SelectionEnd
78.16136,24,2,3,0,0.7599892,0.9181992,0.1754382,357.4782,135.1745,67.78739,0.7628585,1.01655,0.2310185,0.7845787,0.7745724,-0.3370125,GotSelection
78.17113,24,2,3,0,0.7602639,0.9179941,0.1757021,357.4531,135.1546,67.86484,0.7622091,1.016952,0.2309391,0.7950562,0.7676095,-0.3403052,SelectionStart
78.17116,24,2,3,0,0.7602639,0.9179941,0.1757021,357.4531,135.1546,67.86484,0.7622091,1.016952,0.2309391,0.7950562,0.7676095,-0.3403052,SelectionEnd
78.17448,24,2,3,0,0.7602639,0.9179941,0.1757021,357.4531,135.1546,67.86484,0.7622091,1.016952,0.2309391,0.7950562,0.7676095,-0.3403052,GotSelection
78.18501,24,2,3,0,0.760581,0.9178666,0.1758766,357.4597,135.1489,67.93482,0.7599847,1.017169,0.2295417,0.8106385,0.7405767,-0.3471379,SelectionStart
78.18503,24,2,3,0,0.760581,0.9178666,0.1758766,357.4597,135.1489,67.93482,0.7599847,1.017169,0.2295417,0.8106385,0.7405767,-0.3471379,SelectionEnd
78.18826,24,2,3,0,0.760581,0.9178666,0.1758766,357.4597,135.1489,67.93482,0.7599847,1.017169,0.2295417,0.8106385,0.7405767,-0.3471379,GotSelection
78.19778,24,2,3,0,0.7609503,0.9177005,0.1760456,357.4746,135.1532,68.02031,0.7573689,1.017572,0.2276009,0.8310629,0.7074798,-0.353389,SelectionStart
78.19781,24,2,3,0,0.7609503,0.9177005,0.1760456,357.4746,135.1532,68.02031,0.7573689,1.017572,0.2276009,0.8310629,0.7074798,-0.353389,SelectionEnd
78.2023,24,2,3,0,0.7609503,0.9177005,0.1760456,357.4746,135.1532,68.02031,0.7573689,1.017572,0.2276009,0.8310629,0.7074798,-0.353389,GotSelection
78.21198,24,2,3,0,0.76116,0.9175723,0.1760903,357.4896,135.1833,68.05804,0.7543347,1.017464,0.2252807,0.847094,0.6693361,-0.3600371,SelectionStart
78.21199,24,2,3,0,0.76116,0.9175723,0.1760903,357.4896,135.1833,68.05804,0.7543347,1.017464,0.2252807,0.847094,0.6693361,-0.3600371,SelectionEnd
78.21544,24,2,3,0,0.76116,0.9175723,0.1760903,357.4896,135.1833,68.05804,0.7543347,1.017464,0.2252807,0.847094,0.6693361,-0.3600371,GotSelection
78.22838,24,2,3,0,0.7613841,0.9173516,0.1761494,357.5214,135.222,68.08151,0.7497586,1.017022,0.2219272,0.8677279,0.612982,-0.3706845,SelectionStart
78.22841,24,2,3,0,0.7613841,0.9173516,0.1761494,357.5214,135.222,68.08151,0.7497586,1.017022,0.2219272,0.8677279,0.612982,-0.3706845,SelectionEnd
78.23189,24,2,3,0,0.7613841,0.9173516,0.1761494,357.5214,135.222,68.08151,0.7497586,1.017022,0.2219272,0.8677279,0.612982,-0.3706845,GotSelection
78.24352,24,2,3,0,0.761783,0.9173324,0.175936,357.584,135.2536,68.10284,0.7456402,1.016253,0.2181997,0.8824647,0.5557697,-0.3792465,SelectionStart
78.24353,24,2,3,0,0.761783,0.9173324,0.175936,357.584,135.2536,68.10284,0.7456402,1.016253,0.2181997,0.8824647,0.5557697,-0.3792465,SelectionEnd
78.24687,24,2,3,0,0.761783,0.9173324,0.175936,357.584,135.2536,68.10284,0.7456402,1.016253,0.2181997,0.8824647,0.5557697,-0.3792465,GotSelection
78.25606,24,2,3,0,0.7620878,0.9172503,0.1758043,357.6397,135.2588,68.12887,0.7403361,1.015752,0.2138038,0.9053339,0.4876117,-0.3898089,SelectionStart
78.25609,24,2,3,0,0.7620878,0.9172503,0.1758043,357.6397,135.2588,68.12887,0.7403361,1.015752,0.2138038,0.9053339,0.4876117,-0.3898089,SelectionEnd
78.25929,24,2,3,0,0.7620878,0.9172503,0.1758043,357.6397,135.2588,68.12887,0.7403361,1.015752,0.2138038,0.9053339,0.4876117,-0.3898089,GotSelection
78.29985,24,2,3,0,0.7622981,0.9172077,0.1761895,357.6006,135.2326,68.19952,0.7238333,1.011029,0.1982878,0.9493917,0.2506702,-0.395954,SelectionStart
78.29988,24,2,3,0,0.7622981,0.9172077,0.1761895,357.6006,135.2326,68.19952,0.7238333,1.011029,0.1982878,0.9493917,0.2506702,-0.395954,SelectionEnd
78.30322,24,2,3,0,0.7622981,0.9172077,0.1761895,357.6006,135.2326,68.19952,0.7238333,1.011029,0.1982878,0.9493917,0.2506702,-0.395954,GotSelection
78.31323,24,2,3,0,0.762257,0.9172163,0.1763449,357.5759,135.224,68.21727,0.719164,1.008621,0.1934211,0.9524324,0.1766756,-0.3934837,SelectionStart
78.31325,24,2,3,0,0.762257,0.9172163,0.1763449,357.5759,135.224,68.21727,0.719164,1.008621,0.1934211,0.9524324,0.1766756,-0.3934837,SelectionEnd
78.31647,24,2,3,0,0.762257,0.9172163,0.1763449,357.5759,135.224,68.21727,0.719164,1.008621,0.1934211,0.9524324,0.1766756,-0.3934837,GotSelection
78.327,24,2,3,0,0.7623194,0.9172659,0.1764163,357.5969,135.1891,68.2353,0.7136323,1.006065,0.1874182,0.9586625,0.08850355,-0.391322,SelectionStart
78.32701,24,2,3,0,0.7623194,0.9172659,0.1764163,357.5969,135.1891,68.2353,0.7136323,1.006065,0.1874182,0.9586625,0.08850355,-0.391322,SelectionEnd
78.33031,24,2,3,0,0.7623194,0.9172659,0.1764163,357.5969,135.1891,68.2353,0.7136323,1.006065,0.1874182,0.9586625,0.08850355,-0.391322,GotSelection
78.33958,24,2,3,0,0.7622687,0.9172966,0.1764235,357.6169,135.1436,68.24648,0.7100114,1.004358,0.1831208,0.9628226,0.0291883,-0.3871636,SelectionStart
78.33961,24,2,3,0,0.7622687,0.9172966,0.1764235,357.6169,135.1436,68.24648,0.7100114,1.004358,0.1831208,0.9628226,0.0291883,-0.3871636,SelectionEnd
78.34311,24,2,3,0,0.7622687,0.9172966,0.1764235,357.6169,135.1436,68.24648,0.7100114,1.004358,0.1831208,0.9628226,0.0291883,-0.3871636,GotSelection
78.35287,24,2,3,0,0.7622788,0.9173362,0.1764347,357.6441,135.1032,68.26682,0.7066637,1.002457,0.1791772,0.9635447,-0.02732735,-0.3842421,SelectionStart
78.35289,24,2,3,0,0.7622788,0.9173362,0.1764347,357.6441,135.1032,68.26682,0.7066637,1.002457,0.1791772,0.9635447,-0.02732735,-0.3842421,SelectionEnd
78.35651,24,2,3,0,0.7622788,0.9173362,0.1764347,357.6441,135.1032,68.26682,0.7066637,1.002457,0.1791772,0.9635447,-0.02732735,-0.3842421,GotSelection
78.36983,24,2,3,0,0.7621176,0.9173596,0.1765716,357.6396,135.0798,68.28944,0.7017941,0.9993829,0.172735,0.9637624,-0.1150547,-0.3720325,SelectionStart
78.36986,24,2,3,0,0.7621176,0.9173596,0.1765716,357.6396,135.0798,68.28944,0.7017941,0.9993829,0.172735,0.9637624,-0.1150547,-0.3720325,SelectionEnd
78.37361,24,2,3,0,0.7621176,0.9173596,0.1765716,357.6396,135.0798,68.28944,0.7017941,0.9993829,0.172735,0.9637624,-0.1150547,-0.3720325,GotSelection
78.38368,24,2,3,0,0.7619019,0.9172603,0.1766111,357.5992,135.0718,68.27802,0.6993065,0.9977086,0.1691204,0.9645222,-0.1605109,-0.3621524,SelectionStart
78.3837,24,2,3,0,0.7619019,0.9172603,0.1766111,357.5992,135.0718,68.27802,0.6993065,0.9977086,0.1691204,0.9645222,-0.1605109,-0.3621524,SelectionEnd
78.38708,24,2,3,0,0.7619019,0.9172603,0.1766111,357.5992,135.0718,68.27802,0.6993065,0.9977086,0.1691204,0.9645222,-0.1605109,-0.3621524,GotSelection
78.39676,24,2,3,0,0.761559,0.9172738,0.176704,357.5544,135.0488,68.26016,0.6963168,0.9955758,0.1645532,0.9634076,-0.2172364,-0.3480803,SelectionStart
78.39677,24,2,3,0,0.761559,0.9172738,0.176704,357.5544,135.0488,68.26016,0.6963168,0.9955758,0.1645532,0.9634076,-0.2172364,-0.3480803,SelectionEnd
78.40005,24,2,3,0,0.761559,0.9172738,0.176704,357.5544,135.0488,68.26016,0.6963168,0.9955758,0.1645532,0.9634076,-0.2172364,-0.3480803,GotSelection
78.41002,24,2,3,0,0.7611004,0.9173722,0.1767396,357.4946,135.0388,68.22099,0.6944454,0.9945258,0.1618499,0.9637216,-0.2486829,-0.3382622,SelectionStart
78.41003,24,2,3,0,0.7611004,0.9173722,0.1767396,357.4946,135.0388,68.22099,0.6944454,0.9945258,0.1618499,0.9637216,-0.2486829,-0.3382622,SelectionEnd
78.41362,24,2,3,0,0.7611004,0.9173722,0.1767396,357.4946,135.0388,68.22099,0.6944454,0.9945258,0.1618499,0.9637216,-0.2486829,-0.3382622,GotSelection
78.42325,24,2,3,0,0.760842,0.9174645,0.1768639,357.4488,135.045,68.20953,0.6930395,0.9933798,0.1594068,0.9618372,-0.2781596,-0.3278653,SelectionStart
78.42326,24,2,3,0,0.760842,0.9174645,0.1768639,357.4488,135.045,68.20953,0.6930395,0.9933798,0.1594068,0.9618372,-0.2781596,-0.3278653,SelectionEnd
78.4267,24,2,3,0,0.760842,0.9174645,0.1768639,357.4488,135.045,68.20953,0.6930395,0.9933798,0.1594068,0.9618372,-0.2781596,-0.3278653,GotSelection
78.43692,24,2,3,0,0.7607089,0.9175822,0.1768905,357.4369,135.056,68.20114,0.6912609,0.9922454,0.1565958,0.9617618,-0.3129632,-0.3195325,SelectionStart
78.43694,24,2,3,0,0.7607089,0.9175822,0.1768905,357.4369,135.056,68.20114,0.6912609,0.9922454,0.1565958,0.9617618,-0.3129632,-0.3195325,SelectionEnd
78.44022,24,2,3,0,0.7607089,0.9175822,0.1768905,357.4369,135.056,68.20114,0.6912609,0.9922454,0.1565958,0.9617618,-0.3129632,-0.3195325,GotSelection
78.45293,24,2,3,0,0.7606493,0.9177304,0.176681,357.4731,135.0316,68.17005,0.6899015,0.9913759,0.1546884,0.9599929,-0.3363476,-0.3178758,SelectionStart
78.45294,24,2,3,0,0.7606493,0.9177304,0.176681,357.4731,135.0316,68.17005,0.6899015,0.9913759,0.1546884,0.9599929,-0.3363476,-0.3178758,SelectionEnd
78.45634,24,2,3,0,0.7606493,0.9177304,0.176681,357.4731,135.0316,68.17005,0.6899015,0.9913759,0.1546884,0.9599929,-0.3363476,-0.3178758,GotSelection
78.46803,24,2,3,0,0.7606804,0.9177955,0.1764133,357.528,134.9818,68.1293,0.6888255,0.9904305,0.1531531,0.9566357,-0.3552387,-0.3184836,SelectionStart
78.46805,24,2,3,0,0.7606804,0.9177955,0.1764133,357.528,134.9818,68.1293,0.6888255,0.9904305,0.1531531,0.9566357,-0.3552387,-0.3184836,SelectionEnd
78.47128,24,2,3,0,0.7606804,0.9177955,0.1764133,357.528,134.9818,68.1293,0.6888255,0.9904305,0.1531531,0.9566357,-0.3552387,-0.3184836,GotSelection
78.51434,24,2,3,0,0.7603923,0.918384,0.1760128,357.5156,135.0108,68.04396,0.6900136,0.9936875,0.1552235,0.9721481,-0.3172648,-0.323969,SelectionStart
78.51436,24,2,3,0,0.7603923,0.918384,0.1760128,357.5156,135.0108,68.04396,0.6900136,0.9936875,0.1552235,0.9721481,-0.3172648,-0.323969,SelectionEnd
78.51761,24,2,3,0,0.7603923,0.918384,0.1760128,357.5156,135.0108,68.04396,0.6900136,0.9936875,0.1552235,0.9721481,-0.3172648,-0.323969,GotSelection
78.52701,24,2,3,0,0.7600495,0.9185545,0.175741,357.5192,135.0489,67.95592,0.6917099,0.9954086,0.1576094,0.9748005,-0.2786,-0.3273828,SelectionStart
78.52704,24,2,3,0,0.7600495,0.9185545,0.175741,357.5192,135.0489,67.95592,0.6917099,0.9954086,0.1576094,0.9748005,-0.2786,-0.3273828,SelectionEnd
78.53043,24,2,3,0,0.7600495,0.9185545,0.175741,357.5192,135.0489,67.95592,0.6917099,0.9954086,0.1576094,0.9748005,-0.2786,-0.3273828,GotSelection
78.54102,24,2,3,0,0.7597618,0.9186764,0.1752808,357.551,135.065,67.8425,0.6939988,0.9977825,0.1615589,0.9779957,-0.2213032,-0.3399378,SelectionStart
78.54103,24,2,3,0,0.7597618,0.9186764,0.1752808,357.551,135.065,67.8425,0.6939988,0.9977825,0.1615589,0.9779957,-0.2213032,-0.3399378,SelectionEnd
78.54442,24,2,3,0,0.7597618,0.9186764,0.1752808,357.551,135.065,67.8425,0.6939988,0.9977825,0.1615589,0.9779957,-0.2213032,-0.3399378,GotSelection
78.55458,24,2,3,0,0.7595798,0.9187929,0.1749048,357.5842,135.0607,67.76845,0.6958197,0.9996428,0.1646987,0.9799123,-0.1763462,-0.3506522,SelectionStart
78.55461,24,2,3,0,0.7595798,0.9187929,0.1749048,357.5842,135.0607,67.76845,0.6958197,0.9996428,0.1646987,0.9799123,-0.1763462,-0.3506522,SelectionEnd
78.55797,24,2,3,0,0.7595798,0.9187929,0.1749048,357.5842,135.0607,67.76845,0.6958197,0.9996428,0.1646987,0.9799123,-0.1763462,-0.3506522,GotSelection
78.56825,24,2,3,0,0.7593127,0.9189972,0.1746641,357.5702,135.0889,67.70758,0.6985268,1.001922,0.1693569,0.9788196,-0.1146765,-0.3632479,SelectionStart
78.56828,24,2,3,0,0.7593127,0.9189972,0.1746641,357.5702,135.0889,67.70758,0.6985268,1.001922,0.1693569,0.9788196,-0.1146765,-0.3632479,SelectionEnd
78.57164,24,2,3,0,0.7593127,0.9189972,0.1746641,357.5702,135.0889,67.70758,0.6985268,1.001922,0.1693569,0.9788196,-0.1146765,-0.3632479,GotSelection
78.58119,24,2,3,0,0.7590729,0.919054,0.1747114,357.528,135.1308,67.6809,0.7008514,1.003774,0.1732474,0.9789698,-0.0645505,-0.3707951,SelectionStart
78.58122,24,2,3,0,0.7590729,0.919054,0.1747114,357.528,135.1308,67.6809,0.7008514,1.003774,0.1732474,0.9789698,-0.0645505,-0.3707951,SelectionEnd
78.58484,24,2,3,0,0.7590729,0.919054,0.1747114,357.528,135.1308,67.6809,0.7008514,1.003774,0.1732474,0.9789698,-0.0645505,-0.3707951,GotSelection
78.59366,24,2,3,0,0.7588866,0.9192047,0.1747961,357.4763,135.1453,67.66042,0.7033544,1.005524,0.1770243,0.9772252,-0.01528922,-0.3765171,SelectionStart
78.59367,24,2,3,0,0.7588866,0.9192047,0.1747961,357.4763,135.1453,67.66042,0.7033544,1.005524,0.1770243,0.9772252,-0.01528922,-0.3765171,SelectionEnd
78.59703,24,2,3,0,0.7588866,0.9192047,0.1747961,357.4763,135.1453,67.66042,0.7033544,1.005524,0.1770243,0.9772252,-0.01528922,-0.3765171,GotSelection
78.60773,24,2,3,0,0.7586789,0.9193538,0.1747428,357.4455,135.15,67.62408,0.7069979,1.007945,0.1820175,0.9747835,0.05367228,-0.3837508,SelectionStart
78.60776,24,2,3,0,0.7586789,0.9193538,0.1747428,357.4455,135.15,67.62408,0.7069979,1.007945,0.1820175,0.9747835,0.05367228,-0.3837508,SelectionEnd
78.61099,24,2,3,0,0.7586789,0.9193538,0.1747428,357.4455,135.15,67.62408,0.7069979,1.007945,0.1820175,0.9747835,0.05367228,-0.3837508,GotSelection
78.62146,24,2,3,0,0.7585024,0.9193189,0.1746285,357.4432,135.1691,67.56864,0.7098694,1.009866,0.1857995,0.974363,0.1084871,-0.3889788,SelectionStart
78.62148,24,2,3,0,0.7585024,0.9193189,0.1746285,357.4432,135.1691,67.56864,0.7098694,1.009866,0.1857995,0.974363,0.1084871,-0.3889788,SelectionEnd
78.62479,24,2,3,0,0.7585024,0.9193189,0.1746285,357.4432,135.1691,67.56864,0.7098694,1.009866,0.1857995,0.974363,0.1084871,-0.3889788,GotSelection
78.63507,24,2,3,0,0.7583507,0.9193879,0.1743657,357.4594,135.1893,67.50087,0.7138324,1.012028,0.1906845,0.9686556,0.1794603,-0.3958683,SelectionStart
78.63509,24,2,3,0,0.7583507,0.9193879,0.1743657,357.4594,135.1893,67.50087,0.7138324,1.012028,0.1906845,0.9686556,0.1794603,-0.3958683,SelectionEnd
78.63847,24,2,3,0,0.7583507,0.9193879,0.1743657,357.4594,135.1893,67.50087,0.7138324,1.012028,0.1906845,0.9686556,0.1794603,-0.3958683,GotSelection
78.64853,24,2,3,0,0.7583002,0.9194078,0.1741143,357.4994,135.2046,67.44341,0.7170219,1.013359,0.1943347,0.9610437,0.2329837,-0.4008557,SelectionStart
78.64854,24,2,3,0,0.7583002,0.9194078,0.1741143,357.4994,135.2046,67.44341,0.7170219,1.013359,0.1943347,0.9610437,0.2329837,-0.4008557,SelectionEnd
78.65178,24,2,3,0,0.7583002,0.9194078,0.1741143,357.4994,135.2046,67.44341,0.7170219,1.013359,0.1943347,0.9610437,0.2329837,-0.4008557,GotSelection
78.66141,24,2,3,0,0.7583193,0.9194648,0.1738598,357.541,135.219,67.40724,0.7200257,1.01495,0.1977044,0.956989,0.2834621,-0.4056436,SelectionStart
78.66144,24,2,3,0,0.7583193,0.9194648,0.1738598,357.541,135.219,67.40724,0.7200257,1.01495,0.1977044,0.956989,0.2834621,-0.4056436,SelectionEnd
78.66486,24,2,3,0,0.7583193,0.9194648,0.1738598,357.541,135.219,67.40724,0.7200257,1.01495,0.1977044,0.956989,0.2834621,-0.4056436,GotSelection
78.67714,24,2,3,0,0.7583442,0.9195617,0.1737645,357.5636,135.237,67.38291,0.7241654,1.016642,0.2019822,0.948316,0.3464771,-0.4074252,SelectionStart
78.67717,24,2,3,0,0.7583442,0.9195617,0.1737645,357.5636,135.237,67.38291,0.7241654,1.016642,0.2019822,0.948316,0.3464771,-0.4074252,SelectionEnd
78.68073,24,2,3,0,0.7583442,0.9195617,0.1737645,357.5636,135.237,67.38291,0.7241654,1.016642,0.2019822,0.948316,0.3464771,-0.4074252,GotSelection
78.7204,24,2,3,0,0.7582911,0.9197114,0.1742098,357.4492,135.2842,67.38132,0.7350084,1.02024,0.212052,0.9243456,0.4965311,-0.3953792,SelectionStart
78.72041,24,2,3,0,0.7582911,0.9197114,0.1742098,357.4492,135.2842,67.38132,0.7350084,1.02024,0.212052,0.9243456,0.4965311,-0.3953792,SelectionEnd
78.72375,24,2,3,0,0.7582911,0.9197114,0.1742098,357.4492,135.2842,67.38132,0.7350084,1.02024,0.212052,0.9243456,0.4965311,-0.3953792,GotSelection
78.735,24,2,3,0,0.7582943,0.9196938,0.1744124,357.3972,135.2711,67.39796,0.7385339,1.021199,0.214894,0.916615,0.5412728,-0.387801,SelectionStart
78.73502,24,2,3,0,0.7582943,0.9196938,0.1744124,357.3972,135.2711,67.39796,0.7385339,1.021199,0.214894,0.916615,0.5412728,-0.387801,SelectionEnd
78.73836,24,2,3,0,0.7582943,0.9196938,0.1744124,357.3972,135.2711,67.39796,0.7385339,1.021199,0.214894,0.916615,0.5412728,-0.387801,GotSelection
78.74855,24,2,3,0,0.7582284,0.9196049,0.1744552,357.3711,135.2321,67.40802,0.7417813,1.022048,0.2172249,0.909741,0.5823325,-0.3795576,SelectionStart
78.74857,24,2,3,0,0.7582284,0.9196049,0.1744552,357.3711,135.2321,67.40802,0.7417813,1.022048,0.2172249,0.909741,0.5823325,-0.3795576,SelectionEnd
78.75179,24,2,3,0,0.7582284,0.9196049,0.1744552,357.3711,135.2321,67.40802,0.7417813,1.022048,0.2172249,0.909741,0.5823325,-0.3795576,GotSelection
78.76141,24,2,3,0,0.758364,0.9195641,0.1745203,357.3778,135.2187,67.43733,0.743957,1.022688,0.2186813,0.9066663,0.6073965,-0.3747392,SelectionStart
78.76144,24,2,3,0,0.758364,0.9195641,0.1745203,357.3778,135.2187,67.43733,0.743957,1.022688,0.2186813,0.9066663,0.6073965,-0.3747392,SelectionEnd
78.76494,24,2,3,0,0.758364,0.9195641,0.1745203,357.3778,135.2187,67.43733,0.743957,1.022688,0.2186813,0.9066663,0.6073965,-0.3747392,GotSelection
78.77731,24,2,3,0,0.7584768,0.9195088,0.1746791,357.3689,135.2162,67.5022,0.7470902,1.023396,0.2202398,0.9018764,0.6386822,-0.3626473,SelectionStart
78.77733,24,2,3,0,0.7584768,0.9195088,0.1746791,357.3689,135.2162,67.5022,0.7470902,1.023396,0.2202398,0.9018764,0.6386822,-0.3626473,SelectionEnd
78.78062,24,2,3,0,0.7584768,0.9195088,0.1746791,357.3689,135.2162,67.5022,0.7470902,1.023396,0.2202398,0.9018764,0.6386822,-0.3626473,GotSelection
78.79143,24,2,3,0,0.7584832,0.9194699,0.1749208,357.3242,135.2178,67.55633,0.7503445,1.024048,0.2216867,0.8963341,0.6700954,-0.3468862,SelectionStart
78.79144,24,2,3,0,0.7584832,0.9194699,0.1749208,357.3242,135.2178,67.55633,0.7503445,1.024048,0.2216867,0.8963341,0.6700954,-0.3468862,SelectionEnd
78.79485,24,2,3,0,0.7584832,0.9194699,0.1749208,357.3242,135.2178,67.55633,0.7503445,1.024048,0.2216867,0.8963341,0.6700954,-0.3468862,GotSelection
78.80455,24,2,3,0,0.7584237,0.9194503,0.1751228,357.2734,135.2198,67.58507,0.7524333,1.024675,0.2225408,0.8948604,0.6907824,-0.3349192,SelectionStart
78.80457,24,2,3,0,0.7584237,0.9194503,0.1751228,357.2734,135.2198,67.58507,0.7524333,1.024675,0.2225408,0.8948604,0.6907824,-0.3349192,SelectionEnd
78.80785,24,2,3,0,0.7584237,0.9194503,0.1751228,357.2734,135.2198,67.58507,0.7524333,1.024675,0.2225408,0.8948604,0.6907824,-0.3349192,GotSelection
78.81779,24,2,3,0,0.7583606,0.9195388,0.17543,357.215,135.1961,67.63197,0.7561942,1.025636,0.2231431,0.8914138,0.7207969,-0.3079257,SelectionStart
78.81781,24,2,3,0,0.7583606,0.9195388,0.17543,357.215,135.1961,67.63197,0.7561942,1.025636,0.2231431,0.8914138,0.7207969,-0.3079257,SelectionEnd
78.82106,24,2,3,0,0.7583606,0.9195388,0.17543,357.215,135.1961,67.63197,0.7561942,1.025636,0.2231431,0.8914138,0.7207969,-0.3079257,GotSelection
78.83075,24,2,3,0,0.7581943,0.9195675,0.1757228,357.1377,135.1734,67.66996,0.7591833,1.026617,0.2234346,0.8914698,0.7448593,-0.2831547,SelectionStart
78.83078,24,2,3,0,0.7581943,0.9195675,0.1757228,357.1377,135.1734,67.66996,0.7591833,1.026617,0.2234346,0.8914698,0.7448593,-0.2831547,SelectionEnd
78.8349,24,2,3,0,0.7581943,0.9195675,0.1757228,357.1377,135.1734,67.66996,0.7591833,1.026617,0.2234346,0.8914698,0.7448593,-0.2831547,GotSelection
78.85284,24,2,3,0,0.7577792,0.9197832,0.1765158,356.9529,135.1237,67.74836,0.7646571,1.028165,0.2237497,0.8886948,0.7846855,-0.2327728,Nothing
78.86809,24,2,3,0,0.7573371,0.9199296,0.177202,356.777,135.0754,67.80581,0.7686263,1.029539,0.2241282,0.8886392,0.8157353,-0.1943554,Nothing
78.87628,24,2,3,0,0.757055,0.9199302,0.1776429,356.6673,135.0662,67.83137,0.7708012,1.030096,0.224465,0.8871676,0.8329879,-0.1733672,Nothing
78.88425,24,2,3,0,0.7567558,0.9201028,0.178376,356.4969,135.0286,67.89073,0.7740483,1.030659,0.224738,0.8820853,0.8538666,-0.1406222,Nothing
78.89296,24,2,3,0,0.7565038,0.9201947,0.1789204,356.3614,134.9969,67.94012,0.7760981,1.031077,0.224931,0.8797363,0.8671618,-0.1183632,Nothing
78.90144,24,2,3,0,0.7562129,0.9202776,0.1795137,356.2209,134.9662,67.994,0.7782328,1.031349,0.2250884,0.8759121,0.8800369,-0.0945797,Nothing
78.90965,24,2,3,0,0.7560559,0.9204476,0.1801503,356.0768,134.9179,68.07149,0.7803419,1.031609,0.2254037,0.8716732,0.8919162,-0.07259127,Nothing
78.91913,24,2,3,0,0.7558089,0.9205778,0.1808858,355.8791,134.8439,68.1608,0.7823345,1.031796,0.2254568,0.8681502,0.9008359,-0.04690938,Nothing
78.9272,24,2,3,0,0.7555405,0.9206806,0.1815351,355.6993,134.7713,68.24977,0.7841911,1.031953,0.2256033,0.8644534,0.9101472,-0.0236893,Nothing
78.93634,24,2,3,0,0.7550421,0.9207928,0.1830383,355.3264,134.6938,68.43634,0.7867386,1.032234,0.2255858,0.862538,0.9172007,0.01747124,Nothing
78.95184,24,2,3,0,0.7544088,0.9210318,0.1852718,354.757,134.6983,68.73304,0.7895557,1.032449,0.2255301,0.8603568,0.9187765,0.07000375,Nothing
78.95975,24,2,3,0,0.7540784,0.9211334,0.1863523,354.469,134.724,68.86883,0.7905675,1.032574,0.2255657,0.8601409,0.9180053,0.09263644,Nothing
78.96809,24,2,3,0,0.7537932,0.9212463,0.1873014,354.21,134.7099,69.00408,0.7917042,1.032471,0.2254914,0.8571881,0.9169959,0.1152335,Nothing
78.97649,24,2,3,0,0.7535104,0.9214038,0.1880517,353.9621,134.7305,69.10057,0.7929676,1.032517,0.2254626,0.8536162,0.9194366,0.1365066,Nothing
78.985,24,2,3,0,0.753248,0.9214914,0.1885337,353.7647,134.7369,69.16731,0.7939343,1.032655,0.2253753,0.851734,0.9223495,0.1532981,Nothing
78.99318,24,2,3,0,0.7530704,0.9216603,0.1888502,353.612,134.7472,69.20798,0.7950032,1.03246,0.2252251,0.8452959,0.9250154,0.1680856,Nothing
79.00267,24,2,3,0,0.7529069,0.9218081,0.1892712,353.4072,134.7749,69.26308,0.7965478,1.032389,0.2251449,0.8387925,0.9306684,0.1874225,Nothing
79.00957,24,2,3,0,0.7529958,0.9221321,0.1893322,353.3461,134.814,69.26405,0.7974973,1.032277,0.2250593,0.8319148,0.9335694,0.1949399,Nothing
79.01799,24,2,3,0,0.7530126,0.9225343,0.1889162,353.33,134.8795,69.22434,0.798537,1.032402,0.2247547,0.8250204,0.9405916,0.2008148,Nothing
79.0264,24,2,3,0,0.7530573,0.9227567,0.1886676,353.3129,134.9676,69.18657,0.7994907,1.032346,0.2245907,0.8185709,0.9467001,0.2058263,Nothing
79.03474,24,2,3,0,0.7531623,0.9230493,0.1881432,353.3221,135.0733,69.12035,0.8002192,1.032154,0.2244212,0.8102651,0.9525996,0.205902,Nothing
79.04373,24,2,3,0,0.753106,0.9232661,0.1877151,353.3158,135.1828,69.03472,0.8006802,1.031963,0.2242622,0.802804,0.9577338,0.2061573,Nothing
79.05118,24,2,3,0,0.7530391,0.9235009,0.1874498,353.2706,135.2683,68.98586,0.8011478,1.031629,0.2239105,0.7948585,0.9592898,0.2098715,Nothing
79.05965,24,2,3,0,0.7528468,0.9236904,0.1872174,353.2021,135.3411,68.92223,0.8016835,1.031468,0.2237162,0.7877535,0.963909,0.2148857,Nothing
79.06859,24,2,3,0,0.7526598,0.9239814,0.1872197,353.0667,135.4442,68.88303,0.8024423,1.031104,0.2233839,0.7778469,0.9658434,0.2246691,Nothing
79.0761,24,2,3,0,0.7522926,0.9241496,0.1874066,352.9167,135.508,68.8653,0.8024296,1.030734,0.2232953,0.7712179,0.9644003,0.2306212,Nothing
79.08586,24,2,3,0,0.7520691,0.9242753,0.1876968,352.7551,135.5564,68.88438,0.8027343,1.030381,0.2230847,0.7654673,0.9621779,0.2398528,Nothing
79.10445,24,2,3,0,0.7515238,0.924328,0.1887469,352.3744,135.6121,68.98001,0.8032525,1.02963,0.2228087,0.7564933,0.9551091,0.2623138,Nothing
79.11484,24,2,3,0,0.7512447,0.9243824,0.1895335,352.1059,135.6432,69.0728,0.8036023,1.028739,0.2225883,0.7473859,0.9471015,0.2772875,Nothing
79.1274,24,2,3,0,0.751546,0.9243949,0.1907456,351.826,135.5879,69.34168,0.8040707,1.027615,0.2225519,0.7411111,0.9311827,0.291474,Nothing
79.13544,24,2,3,0,0.7520786,0.9245325,0.191218,351.7774,135.5414,69.52493,0.8042222,1.026976,0.2225411,0.7385526,0.9199706,0.2924842,Nothing
79.1434,24,2,3,0,0.7529485,0.924794,0.1917155,351.7845,135.4732,69.75795,0.8042938,1.026295,0.2226382,0.7367411,0.9054875,0.2889282,Nothing
79.15263,24,2,3,0,0.7540216,0.9250138,0.192072,351.8506,135.3775,70.02697,0.8043374,1.02538,0.2229947,0.7340054,0.8912753,0.2798052,Nothing
79.16815,24,2,3,0,0.7563233,0.9254703,0.1929097,351.9709,135.1709,70.63175,0.8039731,1.023789,0.2233875,0.7338607,0.8557725,0.2610955,Nothing
79.17632,24,2,3,0,0.7581359,0.9256905,0.1935944,352.0634,135.025,71.06334,0.8031679,1.022977,0.2238624,0.7396234,0.8280894,0.2422928,Nothing
79.18456,24,2,3,0,0.7596622,0.9259223,0.1943327,352.1124,134.8545,71.46649,0.8027589,1.022061,0.2241472,0.7413802,0.8030244,0.2308241,Nothing
79.19279,24,2,3,0,0.7617131,0.9261768,0.1953572,352.1732,134.5546,72.04941,0.8020464,1.020808,0.2246234,0.7444723,0.7682828,0.2144261,Nothing
79.20111,24,2,3,0,0.7630712,0.9263373,0.1960418,352.2099,134.3403,72.43176,0.8013942,1.019976,0.2249488,0.7466866,0.7442648,0.2023098,Nothing
79.20935,24,2,3,0,0.764065,0.9263486,0.1968734,352.1611,134.0863,72.78413,0.8007481,1.019197,0.2251979,0.7490079,0.7219638,0.1963254,Nothing
79.21832,24,2,3,0,0.7647214,0.9261857,0.1976002,352.0872,133.9807,73.03348,0.799867,1.018777,0.2253809,0.7546631,0.7037724,0.1906523,Nothing
79.22646,24,2,3,0,0.76515,0.9261779,0.1983236,351.953,133.9546,73.22017,0.7992673,1.017868,0.2257149,0.7513569,0.6890014,0.1869935,Nothing
79.23706,24,2,3,0,0.7652996,0.9260538,0.1990474,351.7267,133.9986,73.39272,0.797853,1.017199,0.2260571,0.7526567,0.6720637,0.1808033,Nothing
79.25154,24,2,3,0,0.7670075,0.9268451,0.201106,351.4609,133.9468,73.85149,0.7967594,1.016116,0.2266044,0.7489976,0.6311533,0.1728116,Nothing
79.2594,24,2,3,0,0.7672746,0.9267177,0.2014509,351.326,134.0807,73.93359,0.7957581,1.015411,0.2270588,0.7477583,0.6210217,0.1631538,Nothing
79.26753,24,2,3,0,0.7677084,0.9262142,0.2013278,351.286,134.2072,73.90084,0.7951535,1.014733,0.2275179,0.7482849,0.6185076,0.1510546,Nothing
79.27623,24,2,3,0,0.7679825,0.9263715,0.2007809,351.3788,134.3602,73.85599,0.7944202,1.014433,0.2280314,0.745738,0.619106,0.1331494,Nothing
79.28439,24,2,3,0,0.7684211,0.9262475,0.1996695,351.5779,134.4415,73.71837,0.7937673,1.01397,0.228468,0.7431728,0.6242027,0.1102087,Nothing
79.29362,24,2,3,0,0.7688032,0.9262244,0.1984476,351.7393,134.4502,73.52362,0.7933398,1.013849,0.2288463,0.7411269,0.6328666,0.09035401,Nothing
79.30145,24,2,3,0,0.7694297,0.9261297,0.1973511,351.9075,134.5558,73.55098,0.7927261,1.013612,0.2293511,0.7424048,0.635607,0.06653862,Nothing
79.30962,24,2,3,0,0.7700252,0.9262296,0.1968504,352.0638,134.6341,73.55679,0.7921692,1.013332,0.2298053,0.7414467,0.6337596,0.04796607,Nothing
79.31923,24,2,3,0,0.7706556,0.9262953,0.1965141,352.1672,134.7431,73.60299,0.7914316,1.013172,0.2304142,0.7430131,0.6302217,0.02874866,Nothing
79.33499,24,2,3,0,0.7709961,0.9264975,0.1963784,352.2461,134.8454,73.63362,0.7906334,1.013008,0.2311291,0.742402,0.6272465,0.01209491,Nothing
79.34277,24,2,3,0,0.7709583,0.9266319,0.1966088,352.1898,134.8701,73.66639,0.7903109,1.012987,0.2314893,0.7419828,0.6253882,0.009622159,Nothing
79.35127,24,2,3,0,0.770613,0.9266822,0.1968621,352.1164,134.8736,73.64363,0.7901713,1.013117,0.2320755,0.7415191,0.6296641,0.009945961,Nothing
79.35931,24,2,3,0,0.7704268,0.9266569,0.197156,352.057,134.8589,73.64214,0.7901261,1.013188,0.2325081,0.7418408,0.6319149,0.01112503,Nothing
79.36766,24,2,3,0,0.7698444,0.9267176,0.1973533,351.9707,134.8378,73.57146,0.7899603,1.013383,0.2329562,0.7407885,0.6378074,0.01399941,Nothing
79.3766,24,2,3,0,0.7691777,0.9266982,0.1976402,351.8892,134.7828,73.4937,0.7900465,1.013443,0.2335855,0.7379433,0.646566,0.01872358,Nothing
79.38589,24,2,3,0,0.7685883,0.9268797,0.1977564,351.8242,134.7398,73.42654,0.7901576,1.013331,0.2342815,0.731498,0.6554536,0.0205171,Nothing
79.39258,24,2,3,0,0.7679939,0.9269495,0.1979272,351.7672,134.6749,73.35782,0.7901614,1.013152,0.2348905,0.7258781,0.6628083,0.0226925,Nothing
79.40131,24,2,3,0,0.7674898,0.9271006,0.1981241,351.7155,134.6327,73.29076,0.7901746,1.013081,0.2354116,0.7209339,0.6688143,0.02489283,Nothing
79.40945,24,2,3,0,0.7669294,0.9272076,0.1982318,351.6652,134.5894,73.21497,0.7901602,1.01303,0.2359922,0.7162331,0.6763709,0.02633429,Nothing
79.41844,24,2,3,0,0.7664062,0.927288,0.1981269,351.6132,134.5527,73.19077,0.7902919,1.012779,0.236417,0.7100525,0.6838787,0.02787789,Nothing
79.42624,24,2,3,0,0.765859,0.9273716,0.1982946,351.5416,134.539,73.128,0.7902161,1.012595,0.2368359,0.704928,0.6887883,0.03029318,Nothing
79.43488,24,2,3,0,0.7654939,0.9273566,0.1984505,351.4704,134.5145,73.08138,0.7900828,1.012364,0.2371034,0.7013604,0.6910731,0.03212137,Nothing
79.44293,24,2,3,0,0.7648726,0.9274342,0.1987551,351.3637,134.5132,73.02593,0.7898915,1.012092,0.2376319,0.6956688,0.6951393,0.03473064,Nothing
79.45222,24,2,3,0,0.7644507,0.9273093,0.1989056,351.2939,134.5269,73.02045,0.7895162,1.011821,0.2378969,0.6939002,0.6958809,0.03497751,Nothing
79.46904,24,2,3,0,0.76392,0.9273407,0.1991562,351.1937,134.5787,72.95822,0.7882243,1.011034,0.2382413,0.6875877,0.6898526,0.02867235,Nothing
79.47697,24,2,3,0,0.7639315,0.927297,0.1991171,351.1654,134.5795,72.93067,0.7875108,1.010645,0.2383153,0.686094,0.6852532,0.02254505,Nothing
79.48454,24,2,3,0,0.7637221,0.9272435,0.198912,351.147,134.5905,72.91322,0.7868964,1.01027,0.2383813,0.6837933,0.6838236,0.01740404,Nothing
79.4929,24,2,3,0,0.7636091,0.9272963,0.1987605,351.1477,134.6057,72.86769,0.7862941,1.009905,0.2384911,0.680517,0.6818097,0.01125546,Nothing
79.50128,24,2,3,0,0.7635704,0.9272698,0.1986039,351.1432,134.6337,72.84385,0.7857335,1.009508,0.2385557,0.6781412,0.6791519,0.005213893,Nothing
79.50977,24,2,3,0,0.7635036,0.9272619,0.198393,351.1451,134.6704,72.78053,0.7848641,1.008944,0.23868,0.6742945,0.6753765,-0.004100654,SelectionStart
79.50978,24,2,3,0,0.7635036,0.9272619,0.198393,351.1451,134.6704,72.78053,0.7848641,1.008944,0.23868,0.6742945,0.6753765,-0.004100654,SelectionEnd
79.51324,24,2,3,0,0.7635036,0.9272619,0.198393,351.1451,134.6704,72.78053,0.7848641,1.008944,0.23868,0.6742945,0.6753765,-0.004100654,GotSelection
79.52266,24,2,3,0,0.7638887,0.9272287,0.1980406,351.1996,134.7456,72.77307,0.7838358,1.0084,0.238565,0.6736633,0.6662844,-0.01808525,SelectionStart
79.52269,24,2,3,0,0.7638887,0.9272287,0.1980406,351.1996,134.7456,72.77307,0.7838358,1.0084,0.238565,0.6736633,0.6662844,-0.01808525,SelectionEnd
79.52603,24,2,3,0,0.7638887,0.9272287,0.1980406,351.1996,134.7456,72.77307,0.7838358,1.0084,0.238565,0.6736633,0.6662844,-0.01808525,GotSelection
79.53523,24,2,3,0,0.7642703,0.9272109,0.1978032,351.275,134.8578,72.76655,0.7829195,1.007846,0.2383433,0.6727111,0.6561285,-0.03025533,SelectionStart
79.53529,24,2,3,0,0.7642703,0.9272109,0.1978032,351.275,134.8578,72.76655,0.7829195,1.007846,0.2383433,0.6727111,0.6561285,-0.03025533,SelectionEnd
79.53889,24,2,3,0,0.7642703,0.9272109,0.1978032,351.275,134.8578,72.76655,0.7829195,1.007846,0.2383433,0.6727111,0.6561285,-0.03025533,GotSelection
79.58391,24,2,3,0,0.7654395,0.9273118,0.1971074,351.4802,135.1184,72.8103,0.7793648,1.005712,0.2371754,0.6674834,0.6137892,-0.06880694,SelectionStart
79.58394,24,2,3,0,0.7654395,0.9273118,0.1971074,351.4802,135.1184,72.8103,0.7793648,1.005712,0.2371754,0.6674834,0.6137892,-0.06880694,SelectionEnd
79.5873,24,2,3,0,0.7654395,0.9273118,0.1971074,351.4802,135.1184,72.8103,0.7793648,1.005712,0.2371754,0.6674834,0.6137892,-0.06880694,GotSelection
79.59631,24,2,3,0,0.7663013,0.9272709,0.1969035,351.5719,135.1835,72.85505,0.7745437,1.003649,0.2338793,0.6697443,0.5472842,-0.09186588,SelectionStart
79.59633,24,2,3,0,0.7663013,0.9272709,0.1969035,351.5719,135.1835,72.85505,0.7745437,1.003649,0.2338793,0.6697443,0.5472842,-0.09186588,SelectionEnd
79.59984,24,2,3,0,0.7663013,0.9272709,0.1969035,351.5719,135.1835,72.85505,0.7745437,1.003649,0.2338793,0.6697443,0.5472842,-0.09186588,GotSelection
79.60963,24,2,3,0,0.7662728,0.9271692,0.1967773,351.5647,135.2079,72.853,0.7728739,1.003308,0.2319406,0.6746329,0.5226604,-0.09094856,SelectionStart
79.60965,24,2,3,0,0.7662728,0.9271692,0.1967773,351.5647,135.2079,72.853,0.7728739,1.003308,0.2319406,0.6746329,0.5226604,-0.09094856,SelectionEnd
79.61325,24,2,3,0,0.7662728,0.9271692,0.1967773,351.5647,135.2079,72.853,0.7728739,1.003308,0.2319406,0.6746329,0.5226604,-0.09094856,GotSelection
79.62347,24,2,3,0,0.7658867,0.9271412,0.1966503,351.5553,135.2301,72.81677,0.7706999,1.00291,0.2292186,0.6792853,0.4914741,-0.08560324,SelectionStart
79.6235,24,2,3,0,0.7658867,0.9271412,0.1966503,351.5553,135.2301,72.81677,0.7706999,1.00291,0.2292186,0.6792853,0.4914741,-0.08560324,SelectionEnd
79.62694,24,2,3,0,0.7658867,0.9271412,0.1966503,351.5553,135.2301,72.81677,0.7706999,1.00291,0.2292186,0.6792853,0.4914741,-0.08560324,GotSelection
79.63707,24,2,3,0,0.7655887,0.9271111,0.1968145,351.5265,135.246,72.78658,0.7693506,1.002824,0.2265811,0.6849733,0.4645754,-0.0727539,SelectionStart
79.6371,24,2,3,0,0.7655887,0.9271111,0.1968145,351.5265,135.246,72.78658,0.7693506,1.002824,0.2265811,0.6849733,0.4645754,-0.0727539,SelectionEnd
79.6411,24,2,3,0,0.7655887,0.9271111,0.1968145,351.5265,135.246,72.78658,0.7693506,1.002824,0.2265811,0.6849733,0.4645754,-0.0727539,GotSelection
79.65208,24,2,3,0,0.7652569,0.9269229,0.1967981,351.5023,135.2466,72.76492,0.7665008,1.002126,0.222557,0.6923079,0.4179203,-0.06236184,SelectionStart
79.65211,24,2,3,0,0.7652569,0.9269229,0.1967981,351.5023,135.2466,72.76492,0.7665008,1.002126,0.222557,0.6923079,0.4179203,-0.06236184,SelectionEnd
79.65593,24,2,3,0,0.7652569,0.9269229,0.1967981,351.5023,135.2466,72.76492,0.7665008,1.002126,0.222557,0.6923079,0.4179203,-0.06236184,GotSelection
79.66727,24,2,3,0,0.7649536,0.9267359,0.1968495,351.4582,135.2229,72.75546,0.7632301,1.001232,0.2183062,0.6995735,0.3655197,-0.05302479,SelectionStart
79.66728,24,2,3,0,0.7649536,0.9267359,0.1968495,351.4582,135.2229,72.75546,0.7632301,1.001232,0.2183062,0.6995735,0.3655197,-0.05302479,SelectionEnd
79.67079,24,2,3,0,0.7649536,0.9267359,0.1968495,351.4582,135.2229,72.75546,0.7632301,1.001232,0.2183062,0.6995735,0.3655197,-0.05302479,GotSelection
79.68315,24,2,3,0,0.7647924,0.9266057,0.1971274,351.3924,135.1472,72.78455,0.7593182,1.000039,0.2133327,0.7071249,0.299723,-0.04270327,SelectionStart
79.68317,24,2,3,0,0.7647924,0.9266057,0.1971274,351.3924,135.1472,72.78455,0.7593182,1.000039,0.2133327,0.7071249,0.299723,-0.04270327,SelectionEnd
79.68663,24,2,3,0,0.7647924,0.9266057,0.1971274,351.3924,135.1472,72.78455,0.7593182,1.000039,0.2133327,0.7071249,0.299723,-0.04270327,GotSelection
79.69789,24,2,3,0,0.7646536,0.9263877,0.1977365,351.3091,135.0741,72.83583,0.7547768,0.9980438,0.2083982,0.7102253,0.2250902,-0.03600587,SelectionStart
79.69791,24,2,3,0,0.7646536,0.9263877,0.1977365,351.3091,135.0741,72.83583,0.7547768,0.9980438,0.2083982,0.7102253,0.2250902,-0.03600587,SelectionEnd
79.70145,24,2,3,0,0.7646536,0.9263877,0.1977365,351.3091,135.0741,72.83583,0.7547768,0.9980438,0.2083982,0.7102253,0.2250902,-0.03600587,GotSelection
79.71129,24,2,3,0,0.7645656,0.9262369,0.1980868,351.2658,135.0288,72.86313,0.7516399,0.9964586,0.2044355,0.7108224,0.1694556,-0.02862258,SelectionStart
79.71132,24,2,3,0,0.7645656,0.9262369,0.1980868,351.2658,135.0288,72.86313,0.7516399,0.9964586,0.2044355,0.7108224,0.1694556,-0.02862258,SelectionEnd
79.71526,24,2,3,0,0.7645656,0.9262369,0.1980868,351.2658,135.0288,72.86313,0.7516399,0.9964586,0.2044355,0.7108224,0.1694556,-0.02862258,GotSelection
79.72672,24,2,3,0,0.7643707,0.9262378,0.1982752,351.2845,134.9834,72.8595,0.7477181,0.9945772,0.1993011,0.7102137,0.1011114,-0.02044513,SelectionStart
79.72675,24,2,3,0,0.7643707,0.9262378,0.1982752,351.2845,134.9834,72.8595,0.7477181,0.9945772,0.1993011,0.7102137,0.1011114,-0.02044513,SelectionEnd
79.73019,24,2,3,0,0.7643707,0.9262378,0.1982752,351.2845,134.9834,72.8595,0.7477181,0.9945772,0.1993011,0.7102137,0.1011114,-0.02044513,GotSelection
79.73956,24,2,3,0,0.7645088,0.9262099,0.1979928,351.3532,134.9728,72.83532,0.745359,0.9931429,0.195489,0.708356,0.05536688,-0.01612929,SelectionStart
79.73959,24,2,3,0,0.7645088,0.9262099,0.1979928,351.3532,134.9728,72.83532,0.745359,0.9931429,0.195489,0.708356,0.05536688,-0.01612929,SelectionEnd
79.74292,24,2,3,0,0.7645088,0.9262099,0.1979928,351.3532,134.9728,72.83532,0.745359,0.9931429,0.195489,0.708356,0.05536688,-0.01612929,GotSelection
79.75215,24,2,3,0,0.7645485,0.9260803,0.1977544,351.4326,134.9574,72.82461,0.742427,0.9916825,0.1906272,0.7099842,-0.001316225,-0.007411566,SelectionStart
79.75218,24,2,3,0,0.7645485,0.9260803,0.1977544,351.4326,134.9574,72.82461,0.742427,0.9916825,0.1906272,0.7099842,-0.001316225,-0.007411566,SelectionEnd
79.75552,24,2,3,0,0.7645485,0.9260803,0.1977544,351.4326,134.9574,72.82461,0.742427,0.9916825,0.1906272,0.7099842,-0.001316225,-0.007411566,GotSelection
79.79817,24,2,3,0,0.7653447,0.9259467,0.1977037,351.6557,134.778,72.93079,0.7368536,0.9887758,0.1797713,0.7152121,-0.1304031,0.01637375,SelectionStart
79.79819,24,2,3,0,0.7653447,0.9259467,0.1977037,351.6557,134.778,72.93079,0.7368536,0.9887758,0.1797713,0.7152121,-0.1304031,0.01637375,SelectionEnd
79.80157,24,2,3,0,0.7653447,0.9259467,0.1977037,351.6557,134.778,72.93079,0.7368536,0.9887758,0.1797713,0.7152121,-0.1304031,0.01637375,GotSelection
79.81099,24,2,3,0,0.7653391,0.9258677,0.1980622,351.6173,134.727,72.98083,0.7355384,0.9880797,0.1768927,0.7168558,-0.1647873,0.02919448,SelectionStart
79.81102,24,2,3,0,0.7653391,0.9258677,0.1980622,351.6173,134.727,72.98083,0.7355384,0.9880797,0.1768927,0.7168558,-0.1647873,0.02919448,SelectionEnd
79.81465,24,2,3,0,0.7653391,0.9258677,0.1980622,351.6173,134.727,72.98083,0.7355384,0.9880797,0.1768927,0.7168558,-0.1647873,0.02919448,GotSelection
79.82645,24,2,3,0,0.7649654,0.9257647,0.1984398,351.5219,134.7372,72.99496,0.7348717,0.9877819,0.1750312,0.7182756,-0.1836976,0.04383032,SelectionStart
79.82646,24,2,3,0,0.7649654,0.9257647,0.1984398,351.5219,134.7372,72.99496,0.7348717,0.9877819,0.1750312,0.7182756,-0.1836976,0.04383032,SelectionEnd
79.8299,24,2,3,0,0.7649654,0.9257647,0.1984398,351.5219,134.7372,72.99496,0.7348717,0.9877819,0.1750312,0.7182756,-0.1836976,0.04383032,GotSelection
79.83989,24,2,3,0,0.7646923,0.9257103,0.1986322,351.469,134.7535,72.97137,0.7348205,0.987633,0.1741353,0.717895,-0.1901348,0.05370065,SelectionStart
79.83992,24,2,3,0,0.7646923,0.9257103,0.1986322,351.469,134.7535,72.97137,0.7348205,0.987633,0.1741353,0.717895,-0.1901348,0.05370065,SelectionEnd
79.84337,24,2,3,0,0.7646923,0.9257103,0.1986322,351.469,134.7535,72.97137,0.7348205,0.987633,0.1741353,0.717895,-0.1901348,0.05370065,GotSelection
79.85306,24,2,3,0,0.7643895,0.9256853,0.198417,351.4662,134.7653,72.90512,0.734779,0.9878367,0.1739731,0.7194291,-0.1865441,0.05565289,SelectionStart
79.85307,24,2,3,0,0.7643895,0.9256853,0.198417,351.4662,134.7653,72.90512,0.734779,0.9878367,0.1739731,0.7194291,-0.1865441,0.05565289,SelectionEnd
79.85645,24,2,3,0,0.7643895,0.9256853,0.198417,351.4662,134.7653,72.90512,0.734779,0.9878367,0.1739731,0.7194291,-0.1865441,0.05565289,GotSelection
79.86951,24,2,3,0,0.7642865,0.9259019,0.1978464,351.5607,134.7727,72.7894,0.7352567,0.9885659,0.1746217,0.7216182,-0.1709221,0.05092021,SelectionStart
79.86954,24,2,3,0,0.7642865,0.9259019,0.1978464,351.5607,134.7727,72.7894,0.7352567,0.9885659,0.1746217,0.7216182,-0.1709221,0.05092021,SelectionEnd
79.87354,24,2,3,0,0.7642865,0.9259019,0.1978464,351.5607,134.7727,72.7894,0.7352567,0.9885659,0.1746217,0.7216182,-0.1709221,0.05092021,GotSelection
79.88351,24,2,3,0,0.7644224,0.9261168,0.1975396,351.643,134.7914,72.74576,0.7366272,0.9895636,0.1767492,0.7226781,-0.1423512,0.04281817,SelectionStart
79.88354,24,2,3,0,0.7644224,0.9261168,0.1975396,351.643,134.7914,72.74576,0.7366272,0.9895636,0.1767492,0.7226781,-0.1423512,0.04281817,SelectionEnd
79.88692,24,2,3,0,0.7644224,0.9261168,0.1975396,351.643,134.7914,72.74576,0.7366272,0.9895636,0.1767492,0.7226781,-0.1423512,0.04281817,GotSelection
79.89647,24,2,3,0,0.7642995,0.9263365,0.1973421,351.6967,134.7925,72.69566,0.7383393,0.9906558,0.179235,0.7223756,-0.1076922,0.03756529,SelectionStart
79.89648,24,2,3,0,0.7642995,0.9263365,0.1973421,351.6967,134.7925,72.69566,0.7383393,0.9906558,0.179235,0.7223756,-0.1076922,0.03756529,SelectionEnd
79.89981,24,2,3,0,0.7642995,0.9263365,0.1973421,351.6967,134.7925,72.69566,0.7383393,0.9906558,0.179235,0.7223756,-0.1076922,0.03756529,GotSelection
79.91075,24,2,3,0,0.7639883,0.9263438,0.1970602,351.7018,134.7762,72.63294,0.7399863,0.9921454,0.1822916,0.7267182,-0.06548729,0.02989377,SelectionStart
79.91078,24,2,3,0,0.7639883,0.9263438,0.1970602,351.7018,134.7762,72.63294,0.7399863,0.9921454,0.1822916,0.7267182,-0.06548729,0.02989377,SelectionEnd
79.9142,24,2,3,0,0.7639883,0.9263438,0.1970602,351.7018,134.7762,72.63294,0.7399863,0.9921454,0.1822916,0.7267182,-0.06548729,0.02989377,GotSelection
79.92696,24,2,3,0,0.7634878,0.9264977,0.1971411,351.6448,134.771,72.5608,0.7432966,0.9940889,0.1875776,0.725862,0.003353594,0.02349829,SelectionStart
79.92697,24,2,3,0,0.7634878,0.9264977,0.1971411,351.6448,134.771,72.5608,0.7432966,0.9940889,0.1875776,0.725862,0.003353594,0.02349829,SelectionEnd
79.9304,24,2,3,0,0.7634878,0.9264977,0.1971411,351.6448,134.771,72.5608,0.7432966,0.9940889,0.1875776,0.725862,0.003353594,0.02349829,GotSelection
79.94194,24,2,3,0,0.7630686,0.9265077,0.1970133,351.6064,134.7974,72.49009,0.7467008,0.9956626,0.1929164,0.7223303,0.0734155,0.01489731,SelectionStart
79.94197,24,2,3,0,0.7630686,0.9265077,0.1970133,351.6064,134.7974,72.49009,0.7467008,0.9956626,0.1929164,0.7223303,0.0734155,0.01489731,SelectionEnd
79.94539,24,2,3,0,0.7630686,0.9265077,0.1970133,351.6064,134.7974,72.49009,0.7467008,0.9956626,0.1929164,0.7223303,0.0734155,0.01489731,GotSelection
79.95528,24,2,3,0,0.7627854,0.9265218,0.1970534,351.5744,134.8255,72.43143,0.750489,0.9968498,0.1990162,0.7134371,0.148021,0.003151956,SelectionStart
79.95529,24,2,3,0,0.7627854,0.9265218,0.1970534,351.5744,134.8255,72.43143,0.750489,0.9968498,0.1990162,0.7134371,0.148021,0.003151956,SelectionEnd
79.95866,24,2,3,0,0.7627854,0.9265218,0.1970534,351.5744,134.8255,72.43143,0.750489,0.9968498,0.1990162,0.7134371,0.148021,0.003151956,GotSelection
79.96794,24,2,3,0,0.7625681,0.9264947,0.1968152,351.5779,134.8456,72.38319,0.7530591,0.9978403,0.2038391,0.7082259,0.20642,-0.01142095,SelectionStart
79.96796,24,2,3,0,0.7625681,0.9264947,0.1968152,351.5779,134.8456,72.38319,0.7530591,0.9978403,0.2038391,0.7082259,0.20642,-0.01142095,SelectionEnd
79.97131,24,2,3,0,0.7625681,0.9264947,0.1968152,351.5779,134.8456,72.38319,0.7530591,0.9978403,0.2038391,0.7082259,0.20642,-0.01142095,GotSelection
80.0112,24,2,3,0,0.7619878,0.926614,0.1961911,351.5926,134.9248,72.22399,0.7640277,1.001405,0.2210982,0.6822929,0.4231086,-0.05137477,SelectionStart
80.01123,24,2,3,0,0.7619878,0.926614,0.1961911,351.5926,134.9248,72.22399,0.7640277,1.001405,0.2210982,0.6822929,0.4231086,-0.05137477,SelectionEnd
80.01463,24,2,3,0,0.7619878,0.926614,0.1961911,351.5926,134.9248,72.22399,0.7640277,1.001405,0.2210982,0.6822929,0.4231086,-0.05137477,GotSelection
80.02786,24,2,3,0,0.7617935,0.9265978,0.1960471,351.5743,134.9668,72.16724,0.7682794,1.002725,0.2270304,0.6731693,0.5006009,-0.0608587,SelectionStart
80.02789,24,2,3,0,0.7617935,0.9265978,0.1960471,351.5743,134.9668,72.16724,0.7682794,1.002725,0.2270304,0.6731693,0.5006009,-0.0608587,SelectionEnd
80.0313,24,2,3,0,0.7617935,0.9265978,0.1960471,351.5743,134.9668,72.16724,0.7682794,1.002725,0.2270304,0.6731693,0.5006009,-0.0608587,GotSelection
80.04375,24,2,3,0,0.7617626,0.9265522,0.1960661,351.5486,135.0047,72.1221,0.7723657,1.003649,0.2328613,0.6618946,0.5727584,-0.07132287,SelectionStart
80.04378,24,2,3,0,0.7617626,0.9265522,0.1960661,351.5486,135.0047,72.1221,0.7723657,1.003649,0.2328613,0.6618946,0.5727584,-0.07132287,SelectionEnd
80.04721,24,2,3,0,0.7617626,0.9265522,0.1960661,351.5486,135.0047,72.1221,0.7723657,1.003649,0.2328613,0.6618946,0.5727584,-0.07132287,GotSelection
80.05736,24,2,3,0,0.7617738,0.9265383,0.1960718,351.5376,135.0165,72.11401,0.7759244,1.004234,0.2382266,0.6496983,0.6364138,-0.08328711,SelectionStart
80.05739,24,2,3,0,0.7617738,0.9265383,0.1960718,351.5376,135.0165,72.11401,0.7759244,1.004234,0.2382266,0.6496983,0.6364138,-0.08328711,SelectionEnd
80.06088,24,2,3,0,0.7617738,0.9265383,0.1960718,351.5376,135.0165,72.11401,0.7759244,1.004234,0.2382266,0.6496983,0.6364138,-0.08328711,GotSelection
80.07031,24,2,3,0,0.762033,0.9264565,0.196186,351.5388,135.0414,72.14646,0.7779779,1.004503,0.2419437,0.6433722,0.6746942,-0.0958889,SelectionStart
80.07033,24,2,3,0,0.762033,0.9264565,0.196186,351.5388,135.0414,72.14646,0.7779779,1.004503,0.2419437,0.6433722,0.6746942,-0.0958889,SelectionEnd
80.07381,24,2,3,0,0.762033,0.9264565,0.196186,351.5388,135.0414,72.14646,0.7779779,1.004503,0.2419437,0.6433722,0.6746942,-0.0958889,GotSelection
80.08469,24,2,3,0,0.7622019,0.9262921,0.1962696,351.5271,135.0727,72.17311,0.780888,1.004725,0.2466327,0.6331695,0.7265409,-0.1087452,SelectionStart
80.08472,24,2,3,0,0.7622019,0.9262921,0.1962696,351.5271,135.0727,72.17311,0.780888,1.004725,0.2466327,0.6331695,0.7265409,-0.1087452,SelectionEnd
80.0881,24,2,3,0,0.7622019,0.9262921,0.1962696,351.5271,135.0727,72.17311,0.780888,1.004725,0.2466327,0.6331695,0.7265409,-0.1087452,GotSelection
80.10165,24,2,3,0,0.7621121,0.9261068,0.1964366,351.5067,135.0797,72.18934,0.7826263,1.004705,0.2502465,0.6250322,0.7636021,-0.1198642,SelectionStart
80.10168,24,2,3,0,0.7621121,0.9261068,0.1964366,351.5067,135.0797,72.18934,0.7826263,1.004705,0.2502465,0.6250322,0.7636021,-0.1198642,SelectionEnd
80.10965,24,2,3,0,0.7621121,0.9261068,0.1964366,351.5067,135.0797,72.18934,0.7826263,1.004705,0.2502465,0.6250322,0.7636021,-0.1198642,GotSelection
80.12253,24,2,3,0,0.762172,0.9259449,0.1965294,351.5015,135.0536,72.21568,0.7838905,1.004241,0.253893,0.6143331,0.7959158,-0.1367956,SelectionStart
80.12256,24,2,3,0,0.762172,0.9259449,0.1965294,351.5015,135.0536,72.21568,0.7838905,1.004241,0.253893,0.6143331,0.7959158,-0.1367956,SelectionEnd
80.12598,24,2,3,0,0.762172,0.9259449,0.1965294,351.5015,135.0536,72.21568,0.7838905,1.004241,0.253893,0.6143331,0.7959158,-0.1367956,GotSelection
80.13687,24,2,3,0,0.7625438,0.9258505,0.19654,351.5369,135.0567,72.2591,0.7839447,1.004018,0.2564009,0.6116925,0.8108851,-0.1576308,SelectionStart
80.1369,24,2,3,0,0.7625438,0.9258505,0.19654,351.5369,135.0567,72.2591,0.7839447,1.004018,0.2564009,0.6116925,0.8108851,-0.1576308,SelectionEnd
80.14041,24,2,3,0,0.7625438,0.9258505,0.19654,351.5369,135.0567,72.2591,0.7839447,1.004018,0.2564009,0.6116925,0.8108851,-0.1576308,GotSelection
80.15105,24,2,3,0,0.7630151,0.925833,0.1963966,351.5999,135.0715,72.30663,0.7828007,1.003232,0.2573485,0.6087278,0.8051456,-0.1791467,SelectionStart
80.15106,24,2,3,0,0.7630151,0.925833,0.1963966,351.5999,135.0715,72.30663,0.7828007,1.003232,0.2573485,0.6087278,0.8051456,-0.1791467,SelectionEnd
80.15442,24,2,3,0,0.7630151,0.925833,0.1963966,351.5999,135.0715,72.30663,0.7828007,1.003232,0.2573485,0.6087278,0.8051456,-0.1791467,GotSelection
80.1664,24,2,3,0,0.7633181,0.9257759,0.1963197,351.6541,135.0529,72.33709,0.7814343,1.002761,0.2569436,0.6106618,0.7902712,-0.1899152,SelectionStart
80.16643,24,2,3,0,0.7633181,0.9257759,0.1963197,351.6541,135.0529,72.33709,0.7814343,1.002761,0.2569436,0.6106618,0.7902712,-0.1899152,SelectionEnd
80.17049,24,2,3,0,0.7633181,0.9257759,0.1963197,351.6541,135.0529,72.33709,0.7814343,1.002761,0.2569436,0.6106618,0.7902712,-0.1899152,GotSelection
80.18172,24,2,3,0,0.7635306,0.9256868,0.1962954,351.6663,135.0686,72.351,0.7789963,1.002603,0.255985,0.619749,0.7657125,-0.2025644,SelectionStart
80.18173,24,2,3,0,0.7635306,0.9256868,0.1962954,351.6663,135.0686,72.351,0.7789963,1.002603,0.255985,0.619749,0.7657125,-0.2025644,SelectionEnd
80.18533,24,2,3,0,0.7635306,0.9256868,0.1962954,351.6663,135.0686,72.351,0.7789963,1.002603,0.255985,0.619749,0.7657125,-0.2025644,GotSelection
80.22459,24,2,3,0,0.7633682,0.9255916,0.1964366,351.637,135.1548,72.31758,0.770912,1.002193,0.2476741,0.6519385,0.6520082,-0.1993173,SelectionStart
80.22461,24,2,3,0,0.7633682,0.9255916,0.1964366,351.637,135.1548,72.31758,0.770912,1.002193,0.2476741,0.6519385,0.6520082,-0.1993173,SelectionEnd
80.22797,24,2,3,0,0.7633682,0.9255916,0.1964366,351.637,135.1548,72.31758,0.770912,1.002193,0.2476741,0.6519385,0.6520082,-0.1993173,GotSelection
80.23843,24,2,3,0,0.7634811,0.9254698,0.1962253,351.6881,135.1626,72.32465,0.7675311,1.002047,0.2436885,0.667256,0.6017161,-0.197992,SelectionStart
80.23845,24,2,3,0,0.7634811,0.9254698,0.1962253,351.6881,135.1626,72.32465,0.7675311,1.002047,0.2436885,0.667256,0.6017161,-0.197992,SelectionEnd
80.242,24,2,3,0,0.7634811,0.9254698,0.1962253,351.6881,135.1626,72.32465,0.7675311,1.002047,0.2436885,0.667256,0.6017161,-0.197992,GotSelection
80.25345,24,2,3,0,0.7637275,0.9253789,0.1961948,351.7477,135.1679,72.33727,0.7624444,1.001709,0.2384457,0.6879951,0.5282612,-0.1998807,SelectionStart
80.25346,24,2,3,0,0.7637275,0.9253789,0.1961948,351.7477,135.1679,72.33727,0.7624444,1.001709,0.2384457,0.6879951,0.5282612,-0.1998807,SelectionEnd
80.25681,24,2,3,0,0.7637275,0.9253789,0.1961948,351.7477,135.1679,72.33727,0.7624444,1.001709,0.2384457,0.6879951,0.5282612,-0.1998807,GotSelection
80.26753,24,2,3,0,0.7639134,0.9252655,0.1962345,351.7818,135.1373,72.36457,0.7571678,1.000668,0.2324657,0.7036529,0.4461035,-0.1973887,SelectionStart
80.26756,24,2,3,0,0.7639134,0.9252655,0.1962345,351.7818,135.1373,72.36457,0.7571678,1.000668,0.2324657,0.7036529,0.4461035,-0.1973887,SelectionEnd
80.27084,24,2,3,0,0.7639134,0.9252655,0.1962345,351.7818,135.1373,72.36457,0.7571678,1.000668,0.2324657,0.7036529,0.4461035,-0.1973887,GotSelection
80.28117,24,2,3,0,0.7639019,0.9250976,0.1964385,351.7632,135.1234,72.38702,0.7532476,0.9999808,0.2275406,0.7173629,0.3818199,-0.1889823,SelectionStart
80.28119,24,2,3,0,0.7639019,0.9250976,0.1964385,351.7632,135.1234,72.38702,0.7532476,0.9999808,0.2275406,0.7173629,0.3818199,-0.1889823,SelectionEnd
80.28441,24,2,3,0,0.7639019,0.9250976,0.1964385,351.7632,135.1234,72.38702,0.7532476,0.9999808,0.2275406,0.7173629,0.3818199,-0.1889823,GotSelection
80.29472,24,2,3,0,0.7639708,0.9249865,0.1967085,351.7488,135.0868,72.43242,0.7475563,0.9991341,0.2211301,0.7367168,0.2933612,-0.1830606,SelectionStart
80.29474,24,2,3,0,0.7639708,0.9249865,0.1967085,351.7488,135.0868,72.43242,0.7475563,0.9991341,0.2211301,0.7367168,0.2933612,-0.1830606,SelectionEnd
80.29811,24,2,3,0,0.7639708,0.9249865,0.1967085,351.7488,135.0868,72.43242,0.7475563,0.9991341,0.2211301,0.7367168,0.2933612,-0.1830606,GotSelection
80.31041,24,2,3,0,0.7642517,0.9248739,0.1968697,351.7691,135.0282,72.5001,0.7434089,0.9984054,0.215894,0.7513229,0.2229863,-0.1772303,SelectionStart
80.31044,24,2,3,0,0.7642517,0.9248739,0.1968697,351.7691,135.0282,72.5001,0.7434089,0.9984054,0.215894,0.7513229,0.2229863,-0.1772303,SelectionEnd
80.31387,24,2,3,0,0.7642517,0.9248739,0.1968697,351.7691,135.0282,72.5001,0.7434089,0.9984054,0.215894,0.7513229,0.2229863,-0.1772303,GotSelection
80.32381,24,2,3,0,0.7645137,0.9247345,0.1971324,351.7948,134.9404,72.57976,0.7382557,0.9972273,0.2089277,0.7669626,0.1316018,-0.1662572,SelectionStart
80.32382,24,2,3,0,0.7645137,0.9247345,0.1971324,351.7948,134.9404,72.57976,0.7382557,0.9972273,0.2089277,0.7669626,0.1316018,-0.1662572,SelectionEnd
80.32712,24,2,3,0,0.7645137,0.9247345,0.1971324,351.7948,134.9404,72.57976,0.7382557,0.9972273,0.2089277,0.7669626,0.1316018,-0.1662572,GotSelection
80.33885,24,2,3,0,0.7647865,0.924644,0.1971954,351.8524,134.8494,72.65584,0.7334977,0.9958758,0.2016842,0.7790689,0.04148359,-0.1530005,SelectionStart
80.33888,24,2,3,0,0.7647865,0.924644,0.1971954,351.8524,134.8494,72.65584,0.7334977,0.9958758,0.2016842,0.7790689,0.04148359,-0.1530005,SelectionEnd
80.34265,24,2,3,0,0.7647865,0.924644,0.1971954,351.8524,134.8494,72.65584,0.7334977,0.9958758,0.2016842,0.7790689,0.04148359,-0.1530005,GotSelection
80.35318,24,2,3,0,0.7648782,0.9246484,0.1972439,351.9,134.7931,72.71534,0.730019,0.9948175,0.1963736,0.7861384,-0.02438309,-0.1427975,SelectionStart
80.35321,24,2,3,0,0.7648782,0.9246484,0.1972439,351.9,134.7931,72.71534,0.730019,0.9948175,0.1963736,0.7861384,-0.02438309,-0.1427975,SelectionEnd
80.3566,24,2,3,0,0.7648782,0.9246484,0.1972439,351.9,134.7931,72.71534,0.730019,0.9948175,0.1963736,0.7861384,-0.02438309,-0.1427975,GotSelection
80.399,24,2,3,0,0.7650073,0.9246433,0.1976577,351.9023,134.4094,72.85205,0.7179555,0.9908406,0.178286,0.8070834,-0.2502462,-0.107438,SelectionStart
80.39902,24,2,3,0,0.7650073,0.9246433,0.1976577,351.9023,134.4094,72.85205,0.7179555,0.9908406,0.178286,0.8070834,-0.2502462,-0.107438,SelectionEnd
80.40245,24,2,3,0,0.7650073,0.9246433,0.1976577,351.9023,134.4094,72.85205,0.7179555,0.9908406,0.178286,0.8070834,-0.2502462,-0.107438,GotSelection
80.45094,24,2,3,0,0.763757,0.924937,0.1978039,351.7457,134.3853,72.68592,0.7085679,0.9872383,0.1632256,0.8140693,-0.4228165,-0.06275884,SelectionStart
80.45096,24,2,3,0,0.763757,0.924937,0.1978039,351.7457,134.3853,72.68592,0.7085679,0.9872383,0.1632256,0.8140693,-0.4228165,-0.06275884,SelectionEnd
80.45422,24,2,3,0,0.763757,0.924937,0.1978039,351.7457,134.3853,72.68592,0.7085679,0.9872383,0.1632256,0.8140693,-0.4228165,-0.06275884,GotSelection
80.51355,24,2,3,0,0.7632813,0.9257765,0.1960832,352.0266,134.3697,72.38303,0.7097944,0.9896218,0.1652461,0.8208256,-0.3756566,-0.07807907,SelectionStart
80.51357,24,2,3,0,0.7632813,0.9257765,0.1960832,352.0266,134.3697,72.38303,0.7097944,0.9896218,0.1652461,0.8208256,-0.3756566,-0.07807907,SelectionEnd
80.51678,24,2,3,0,0.7632813,0.9257765,0.1960832,352.0266,134.3697,72.38303,0.7097944,0.9896218,0.1652461,0.8208256,-0.3756566,-0.07807907,GotSelection
80.52655,24,2,3,0,0.7628748,0.9259906,0.1959411,351.9984,134.357,72.30166,0.7121801,0.9913384,0.169194,0.8219041,-0.322056,-0.08446876,SelectionStart
80.52657,24,2,3,0,0.7628748,0.9259906,0.1959411,351.9984,134.357,72.30166,0.7121801,0.9913384,0.169194,0.8219041,-0.322056,-0.08446876,SelectionEnd
80.52988,24,2,3,0,0.7628748,0.9259906,0.1959411,351.9984,134.357,72.30166,0.7121801,0.9913384,0.169194,0.8219041,-0.322056,-0.08446876,GotSelection
80.53969,24,2,3,0,0.7623847,0.9260666,0.1956993,351.9688,134.3329,72.2237,0.7146104,0.9925842,0.1725879,0.8198016,-0.2719469,-0.0872419,SelectionStart
80.5397,24,2,3,0,0.7623847,0.9260666,0.1956993,351.9688,134.3329,72.2237,0.7146104,0.9925842,0.1725879,0.8198016,-0.2719469,-0.0872419,SelectionEnd
80.54321,24,2,3,0,0.7623847,0.9260666,0.1956993,351.9688,134.3329,72.2237,0.7146104,0.9925842,0.1725879,0.8198016,-0.2719469,-0.0872419,GotSelection
80.55356,24,2,3,0,0.7617555,0.9261181,0.1956125,351.9044,134.339,72.13842,0.7181513,0.9940893,0.177642,0.814481,-0.2019421,-0.09048177,SelectionStart
80.55359,24,2,3,0,0.7617555,0.9261181,0.1956125,351.9044,134.339,72.13842,0.7181513,0.9940893,0.177642,0.814481,-0.2019421,-0.09048177,SelectionEnd
80.55707,24,2,3,0,0.7617555,0.9261181,0.1956125,351.9044,134.339,72.13842,0.7181513,0.9940893,0.177642,0.814481,-0.2019421,-0.09048177,GotSelection
80.56894,24,2,3,0,0.7612908,0.9262373,0.1956605,351.8392,134.3484,72.07944,0.7220929,0.9956253,0.1833018,0.8071974,-0.1275069,-0.09534154,SelectionStart
80.56895,24,2,3,0,0.7612908,0.9262373,0.1956605,351.8392,134.3484,72.07944,0.7220929,0.9956253,0.1833018,0.8071974,-0.1275069,-0.09534154,SelectionEnd
80.57239,24,2,3,0,0.7612908,0.9262373,0.1956605,351.8392,134.3484,72.07944,0.7220929,0.9956253,0.1833018,0.8071974,-0.1275069,-0.09534154,GotSelection
80.58229,24,2,3,0,0.7609588,0.926241,0.1956966,351.7919,134.3611,72.04082,0.725668,0.9967164,0.1881097,0.7992315,-0.06373475,-0.09855676,SelectionStart
80.58232,24,2,3,0,0.7609588,0.926241,0.1956966,351.7919,134.3611,72.04082,0.725668,0.9967164,0.1881097,0.7992315,-0.06373475,-0.09855676,SelectionEnd
80.58569,24,2,3,0,0.7609588,0.926241,0.1956966,351.7919,134.3611,72.04082,0.725668,0.9967164,0.1881097,0.7992315,-0.06373475,-0.09855676,GotSelection
80.59529,24,2,3,0,0.7606345,0.926336,0.1956744,351.7601,134.3763,71.99524,0.7292461,0.997713,0.1929088,0.7893345,-0.0001458343,-0.1026272,SelectionStart
80.59531,24,2,3,0,0.7606345,0.926336,0.1956744,351.7601,134.3763,71.99524,0.7292461,0.997713,0.1929088,0.7893345,-0.0001458343,-0.1026272,SelectionEnd
80.59862,24,2,3,0,0.7606345,0.926336,0.1956744,351.7601,134.3763,71.99524,0.7292461,0.997713,0.1929088,0.7893345,-0.0001458343,-0.1026272,GotSelection
80.60965,24,2,3,0,0.7603429,0.9264414,0.1956437,351.7269,134.3849,71.93812,0.7344583,0.9991963,0.1992558,0.7767633,0.08672914,-0.105463,SelectionStart
80.60966,24,2,3,0,0.7603429,0.9264414,0.1956437,351.7269,134.3849,71.93812,0.7344583,0.9991963,0.1992558,0.7767633,0.08672914,-0.105463,SelectionEnd
80.61293,24,2,3,0,0.7603429,0.9264414,0.1956437,351.7269,134.3849,71.93812,0.7344583,0.9991963,0.1992558,0.7767633,0.08672914,-0.105463,GotSelection
80.62262,24,2,3,0,0.7601803,0.9264841,0.1956416,351.7095,134.3881,71.90761,0.7386994,1.000387,0.2039584,0.7675531,0.1532806,-0.1049866,SelectionStart
80.62263,24,2,3,0,0.7601803,0.9264841,0.1956416,351.7095,134.3881,71.90761,0.7386994,1.000387,0.2039584,0.7675531,0.1532806,-0.1049866,SelectionEnd
80.62589,24,2,3,0,0.7601803,0.9264841,0.1956416,351.7095,134.3881,71.90761,0.7386994,1.000387,0.2039584,0.7675531,0.1532806,-0.1049866,GotSelection
80.63638,24,2,3,0,0.7599735,0.9264795,0.1957359,351.6591,134.3998,71.87592,0.7442784,1.001893,0.2100256,0.7557308,0.2390798,-0.1025075,SelectionStart
80.6364,24,2,3,0,0.7599735,0.9264795,0.1957359,351.6591,134.3998,71.87592,0.7442784,1.001893,0.2100256,0.7557308,0.2390798,-0.1025075,SelectionEnd
80.63972,24,2,3,0,0.7599735,0.9264795,0.1957359,351.6591,134.3998,71.87592,0.7442784,1.001893,0.2100256,0.7557308,0.2390798,-0.1025075,GotSelection
80.67973,24,2,3,0,0.7594568,0.9263738,0.1963332,351.4096,134.5055,71.84924,0.7593003,1.00556,0.2250896,0.7235613,0.4562094,-0.08379539,SelectionStart
80.67976,24,2,3,0,0.7594568,0.9263738,0.1963332,351.4096,134.5055,71.84924,0.7593003,1.00556,0.2250896,0.7235613,0.4562094,-0.08379539,SelectionEnd
80.68307,24,2,3,0,0.7594568,0.9263738,0.1963332,351.4096,134.5055,71.84924,0.7593003,1.00556,0.2250896,0.7235613,0.4562094,-0.08379539,GotSelection
80.69289,24,2,3,0,0.7594593,0.9262782,0.1965344,351.339,134.5341,71.85874,0.764422,1.006515,0.2298732,0.7114356,0.5255944,-0.07687124,SelectionStart
80.69292,24,2,3,0,0.7594593,0.9262782,0.1965344,351.339,134.5341,71.85874,0.764422,1.006515,0.2298732,0.7114356,0.5255944,-0.07687124,SelectionEnd
80.69632,24,2,3,0,0.7594593,0.9262782,0.1965344,351.339,134.5341,71.85874,0.764422,1.006515,0.2298732,0.7114356,0.5255944,-0.07687124,GotSelection
80.7061,24,2,3,0,0.7596574,0.9262741,0.196567,351.3438,134.5289,71.88524,0.7681069,1.007089,0.2331741,0.701769,0.5732995,-0.07407503,SelectionStart
80.70613,24,2,3,0,0.7596574,0.9262741,0.196567,351.3438,134.5289,71.88524,0.7681069,1.007089,0.2331741,0.701769,0.5732995,-0.07407503,SelectionEnd
80.70958,24,2,3,0,0.7596574,0.9262741,0.196567,351.3438,134.5289,71.88524,0.7681069,1.007089,0.2331741,0.701769,0.5732995,-0.07407503,GotSelection
80.72005,24,2,3,0,0.7598206,0.9262394,0.196608,351.3423,134.5297,71.89503,0.771642,1.007575,0.2361966,0.6921766,0.6182013,-0.07010063,SelectionStart
80.72008,24,2,3,0,0.7598206,0.9262394,0.196608,351.3423,134.5297,71.89503,0.771642,1.007575,0.2361966,0.6921766,0.6182013,-0.07010063,SelectionEnd
80.72351,24,2,3,0,0.7598206,0.9262394,0.196608,351.3423,134.5297,71.89503,0.771642,1.007575,0.2361966,0.6921766,0.6182013,-0.07010063,GotSelection
80.73427,24,2,3,0,0.759868,0.9262046,0.1966234,351.3382,134.5176,71.90291,0.775862,1.007893,0.2396563,0.6777484,0.6711649,-0.0637711,SelectionStart
80.7343,24,2,3,0,0.759868,0.9262046,0.1966234,351.3382,134.5176,71.90291,0.775862,1.007893,0.2396563,0.6777484,0.6711649,-0.0637711,SelectionEnd
80.73776,24,2,3,0,0.759868,0.9262046,0.1966234,351.3382,134.5176,71.90291,0.775862,1.007893,0.2396563,0.6777484,0.6711649,-0.0637711,GotSelection
80.7478,24,2,3,0,0.7599107,0.9261774,0.1966543,351.3192,134.5094,71.90913,0.7782491,1.007991,0.2416041,0.6690103,0.7005534,-0.0599247,SelectionStart
80.74782,24,2,3,0,0.7599107,0.9261774,0.1966543,351.3192,134.5094,71.90913,0.7782491,1.007991,0.2416041,0.6690103,0.7005534,-0.0599247,SelectionEnd
80.75117,24,2,3,0,0.7599107,0.9261774,0.1966543,351.3192,134.5094,71.90913,0.7782491,1.007991,0.2416041,0.6690103,0.7005534,-0.0599247,GotSelection
80.76111,24,2,3,0,0.7597903,0.9262027,0.1967243,351.2672,134.506,71.90677,0.7814744,1.00792,0.2439199,0.6543948,0.7381854,-0.0510881,SelectionStart
80.76112,24,2,3,0,0.7597903,0.9262027,0.1967243,351.2672,134.506,71.90677,0.7814744,1.00792,0.2439199,0.6543948,0.7381854,-0.0510881,SelectionEnd
80.76443,24,2,3,0,0.7597903,0.9262027,0.1967243,351.2672,134.506,71.90677,0.7814744,1.00792,0.2439199,0.6543948,0.7381854,-0.0510881,GotSelection
80.77614,24,2,3,0,0.7595639,0.9261509,0.1969245,351.1848,134.4965,71.91047,0.7834485,1.007545,0.245175,0.6428894,0.7590302,-0.04191706,SelectionStart
80.77615,24,2,3,0,0.7595639,0.9261509,0.1969245,351.1848,134.4965,71.91047,0.7834485,1.007545,0.245175,0.6428894,0.7590302,-0.04191706,SelectionEnd
80.77946,24,2,3,0,0.7595639,0.9261509,0.1969245,351.1848,134.4965,71.91047,0.7834485,1.007545,0.245175,0.6428894,0.7590302,-0.04191706,GotSelection
80.79051,24,2,3,0,0.7592239,0.9261588,0.1971504,351.0831,134.4816,71.90603,0.7844805,1.007357,0.2455424,0.6363006,0.7683937,-0.03172475,SelectionStart
80.79054,24,2,3,0,0.7592239,0.9261588,0.1971504,351.0831,134.4816,71.90603,0.7844805,1.007357,0.2455424,0.6363006,0.7683937,-0.03172475,SelectionEnd
80.79385,24,2,3,0,0.7592239,0.9261588,0.1971504,351.0831,134.4816,71.90603,0.7844805,1.007357,0.2455424,0.6363006,0.7683937,-0.03172475,GotSelection
80.80507,24,2,3,0,0.7587649,0.9261365,0.1975625,350.9345,134.4682,71.90186,0.7853488,1.00695,0.2451562,0.6291648,0.7700311,-0.01485483,SelectionStart
80.8051,24,2,3,0,0.7587649,0.9261365,0.1975625,350.9345,134.4682,71.90186,0.7853488,1.00695,0.2451562,0.6291648,0.7700311,-0.01485483,SelectionEnd
80.80884,24,2,3,0,0.7587649,0.9261365,0.1975625,350.9345,134.4682,71.90186,0.7853488,1.00695,0.2451562,0.6291648,0.7700311,-0.01485483,GotSelection
80.85036,24,2,3,0,0.7566712,0.9258332,0.1996495,350.2219,134.4065,71.91856,0.7848192,1.005935,0.2405572,0.6246777,0.7289598,0.05316667,SelectionStart
80.85039,24,2,3,0,0.7566712,0.9258332,0.1996495,350.2219,134.4065,71.91856,0.7848192,1.005935,0.2405572,0.6246777,0.7289598,0.05316667,SelectionEnd
80.8537,24,2,3,0,0.7566712,0.9258332,0.1996495,350.2219,134.4065,71.91856,0.7848192,1.005935,0.2405572,0.6246777,0.7289598,0.05316667,GotSelection
80.86436,24,2,3,0,0.7560745,0.9257362,0.2001569,350.0295,134.4003,71.90182,0.7836398,1.005311,0.2379737,0.6245984,0.7011186,0.07258809,SelectionStart
80.8644,24,2,3,0,0.7560745,0.9257362,0.2001569,350.0295,134.4003,71.90182,0.7836398,1.005311,0.2379737,0.6245984,0.7011186,0.07258809,SelectionEnd
80.86772,24,2,3,0,0.7560745,0.9257362,0.2001569,350.0295,134.4003,71.90182,0.7836398,1.005311,0.2379737,0.6245984,0.7011186,0.07258809,GotSelection
80.87764,24,2,3,0,0.7563866,0.9262365,0.2016042,349.8488,134.4209,72.07623,0.782609,1.004719,0.2347471,0.6255865,0.6529477,0.09623595,SelectionStart
80.87766,24,2,3,0,0.7563866,0.9262365,0.2016042,349.8488,134.4209,72.07623,0.782609,1.004719,0.2347471,0.6255865,0.6529477,0.09623595,SelectionEnd
80.88136,24,2,3,0,0.7563866,0.9262365,0.2016042,349.8488,134.4209,72.07623,0.782609,1.004719,0.2347471,0.6255865,0.6529477,0.09623595,GotSelection
80.89343,24,2,3,0,0.756311,0.9262995,0.2021665,349.7258,134.4173,72.17268,0.7804844,1.004008,0.2311698,0.6303098,0.6060086,0.1109542,SelectionStart
80.89345,24,2,3,0,0.756311,0.9262995,0.2021665,349.7258,134.4173,72.17268,0.7804844,1.004008,0.2311698,0.6303098,0.6060086,0.1109542,SelectionEnd
80.89674,24,2,3,0,0.756311,0.9262995,0.2021665,349.7258,134.4173,72.17268,0.7804844,1.004008,0.2311698,0.6303098,0.6060086,0.1109542,GotSelection
80.90712,24,2,3,0,0.7562549,0.9263068,0.2024494,349.6631,134.3922,72.20447,0.7790577,1.003521,0.2285031,0.6334523,0.5737166,0.1219556,SelectionStart
80.90714,24,2,3,0,0.7562549,0.9263068,0.2024494,349.6631,134.3922,72.20447,0.7790577,1.003521,0.2285031,0.6334523,0.5737166,0.1219556,SelectionEnd
80.91042,24,2,3,0,0.7562549,0.9263068,0.2024494,349.6631,134.3922,72.20447,0.7790577,1.003521,0.2285031,0.6334523,0.5737166,0.1219556,GotSelection
80.92039,24,2,3,0,0.7560403,0.926219,0.2028881,349.5469,134.3748,72.29211,0.7776368,1.003111,0.2252741,0.6387395,0.5370522,0.1401259,SelectionStart
80.92043,24,2,3,0,0.7560403,0.926219,0.2028881,349.5469,134.3748,72.29211,0.7776368,1.003111,0.2252741,0.6387395,0.5370522,0.1401259,SelectionEnd
80.92372,24,2,3,0,0.7560403,0.926219,0.2028881,349.5469,134.3748,72.29211,0.7776368,1.003111,0.2252741,0.6387395,0.5370522,0.1401259,GotSelection
80.93437,24,2,3,0,0.7558671,0.9260468,0.2031527,349.4533,134.3674,72.34396,0.776904,1.002692,0.2234461,0.6405908,0.5167039,0.1516316,SelectionStart
80.93439,24,2,3,0,0.7558671,0.9260468,0.2031527,349.4533,134.3674,72.34396,0.776904,1.002692,0.2234461,0.6405908,0.5167039,0.1516316,SelectionEnd
80.93776,24,2,3,0,0.7558671,0.9260468,0.2031527,349.4533,134.3674,72.34396,0.776904,1.002692,0.2234461,0.6405908,0.5167039,0.1516316,GotSelection
80.948,24,2,3,0,0.7554957,0.9260075,0.2035943,349.316,134.325,72.37215,0.7762248,1.002357,0.2211583,0.6412877,0.4933192,0.1700357,SelectionStart
80.94803,24,2,3,0,0.7554957,0.9260075,0.2035943,349.316,134.325,72.37215,0.7762248,1.002357,0.2211583,0.6412877,0.4933192,0.1700357,SelectionEnd
80.95222,24,2,3,0,0.7554957,0.9260075,0.2035943,349.316,134.325,72.37215,0.7762248,1.002357,0.2211583,0.6412877,0.4933192,0.1700357,GotSelection
80.96417,24,2,3,0,0.7551503,0.9256038,0.2043058,349.1073,134.33,72.38953,0.7765359,1.002219,0.2195713,0.6432296,0.481006,0.1940898,SelectionStart
80.96419,24,2,3,0,0.7551503,0.9256038,0.2043058,349.1073,134.33,72.38953,0.7765359,1.002219,0.2195713,0.6432296,0.481006,0.1940898,SelectionEnd
80.96791,24,2,3,0,0.7551503,0.9256038,0.2043058,349.1073,134.33,72.38953,0.7765359,1.002219,0.2195713,0.6432296,0.481006,0.1940898,GotSelection
80.99321,24,2,3,0,0.7538977,0.9255044,0.206069,348.5487,134.2965,72.54358,0.7774677,1.002442,0.2170926,0.641614,0.4621775,0.2475339,Nothing
81.00175,24,2,3,0,0.7534019,0.9254429,0.2068875,348.319,134.2656,72.61195,0.7781841,1.00281,0.2164506,0.6421852,0.4592305,0.2704171,Nothing
81.00949,24,2,3,0,0.7527982,0.9254109,0.2077978,348.0435,134.2451,72.66467,0.7792397,1.003168,0.2155105,0.6405693,0.4561673,0.2996787,Nothing
81.0177,24,2,3,0,0.7521933,0.9252115,0.2083147,347.8334,134.212,72.71335,0.7798406,1.003325,0.2151403,0.6396267,0.4573148,0.3181096,Nothing
81.02573,24,2,3,0,0.7516021,0.9252244,0.2089876,347.6329,134.1712,72.75549,0.7806992,1.003564,0.2147585,0.6365708,0.458388,0.3390707,Nothing
81.03526,24,2,3,0,0.7509851,0.9250448,0.2093448,347.4406,134.153,72.77393,0.7816272,1.003902,0.2145826,0.6353239,0.465102,0.3575286,Nothing
81.04352,24,2,3,0,0.7504003,0.9250068,0.2099806,347.2281,134.1254,72.80767,0.7825724,1.00405,0.2145298,0.6309713,0.4693,0.3765244,Nothing
81.05115,24,2,3,0,0.7498258,0.9249823,0.2105522,347.0225,134.1221,72.83894,0.7835806,1.00405,0.2141885,0.6249441,0.4717704,0.3968673,Nothing
81.05934,24,2,3,0,0.7491232,0.9247994,0.2108999,346.83,134.1334,72.82906,0.784341,1.004223,0.2143012,0.6217012,0.4800234,0.4121702,Nothing
81.06766,24,2,3,0,0.7486178,0.9247255,0.2114257,346.6408,134.1174,72.85371,0.7851348,1.004282,0.2140845,0.617486,0.4822889,0.4293731,Nothing
81.07616,24,2,3,0,0.747761,0.9247556,0.2118558,346.3866,134.102,72.82918,0.786368,1.004557,0.2142603,0.610099,0.493846,0.449917,Nothing
81.08408,24,2,3,0,0.7473069,0.924731,0.2120881,346.2501,134.0909,72.81379,0.7871007,1.004643,0.2141135,0.6057367,0.4985578,0.4630354,Nothing
81.09325,24,2,3,0,0.7467105,0.9247265,0.2122198,346.1334,134.0582,72.76424,0.7881448,1.004534,0.2137804,0.5974702,0.5051033,0.4792981,Nothing
81.10605,24,2,3,0,0.7463682,0.9247066,0.2122879,346.0361,134.0491,72.73691,0.7351278,1.012929,0.1604395,0.9048192,-0.2004241,0.4940998,Nothing
81.12428,24,2,3,0,0.7454682,0.9241325,0.2119105,345.5603,133.4719,72.51855,0.7589697,0.9850628,0.1720922,0.5440067,-0.0383894,0.5224569,Nothing
81.13467,24,2,3,0,0.7445457,0.924087,0.2123644,345.3221,133.4641,72.49384,0.7729738,1.004349,0.206142,0.6478407,0.3652211,0.453349,Nothing
81.14256,24,2,3,0,0.744355,0.9239698,0.2126137,345.1877,133.4342,72.51931,0.7737307,1.004534,0.2075264,0.6455555,0.3798085,0.4550076,Nothing
81.15073,24,2,3,0,0.7442017,0.9238695,0.2128566,345.0673,133.4097,72.54855,0.7771388,1.002678,0.2082951,0.6141057,0.3996747,0.4739383,Nothing
81.15913,24,2,3,0,0.7444276,0.9238141,0.2129913,345.0024,133.4281,72.61057,0.7803624,1.00817,0.2077905,0.6547253,0.4287561,0.5151055,Nothing
81.16837,24,2,3,0,0.7446306,0.9237198,0.213088,344.9462,133.4258,72.6657,0.7735529,1.00786,0.206445,0.6808365,0.3734224,0.4748729,Nothing
81.17548,24,2,3,0,0.7449164,0.9237033,0.2131184,344.9188,133.4241,72.70738,0.7733141,1.008205,0.2070078,0.6861079,0.3747533,0.4688438,Nothing
81.18518,24,2,3,0,0.7451969,0.9236134,0.2130222,344.9026,133.4138,72.74293,0.7752985,1.007077,0.207613,0.6694512,0.3869867,0.4737707,Nothing
81.19238,24,2,3,0,0.745613,0.923247,0.2126613,344.8737,133.3559,72.72379,0.7687234,1.003388,0.2077825,0.6650997,0.3384624,0.4118242,Nothing
81.20044,24,2,3,0,0.7458379,0.9231052,0.2124215,344.8643,133.361,72.72017,0.7676797,1.003199,0.2082069,0.6692526,0.3356762,0.3982343,Nothing
81.2094,24,2,3,0,0.7460163,0.9229607,0.2121229,344.8256,133.3682,72.70483,0.7747954,1.003451,0.2055338,0.6464031,0.3612496,0.4654863,Nothing
81.21956,24,2,3,0,0.7461712,0.9228955,0.2119961,344.8208,133.4269,72.68116,0.7743973,1.003434,0.2055224,0.6487534,0.3594082,0.4607895,Nothing
81.23299,24,2,3,0,0.7465962,0.9226578,0.2118574,344.7678,133.535,72.72273,0.773393,1.005056,0.2081915,0.670428,0.3773293,0.4369342,Nothing
81.24106,24,2,3,0,0.7469674,0.9225281,0.2119434,344.7466,133.6227,72.79076,0.7727712,1.005161,0.2085255,0.6766986,0.3732953,0.4288456,Nothing
81.25021,24,2,3,0,0.7476041,0.9224582,0.2120783,344.7613,133.7719,72.88768,0.7706045,1.005278,0.2100485,0.6895944,0.3665085,0.3993808,Nothing
81.2581,24,2,3,0,0.7484969,0.9224779,0.2121665,344.8485,133.9499,73.00757,0.769605,1.005352,0.2106339,0.6986043,0.3579889,0.3811029,Nothing
81.26649,24,2,3,0,0.7491897,0.9224191,0.2120752,344.9188,134.0111,73.08287,0.7714486,1.003444,0.2119156,0.6770874,0.3696238,0.3738567,Nothing
81.27498,24,2,3,0,0.7499351,0.9225451,0.2119299,345.0359,134.0531,73.17315,0.762477,0.9976119,0.216499,0.6580034,0.3269462,0.2552729,Nothing
81.28302,24,2,3,0,0.7503208,0.9226391,0.2117446,345.127,134.0292,73.21408,0.7607363,0.9970272,0.2173872,0.6599962,0.3194566,0.2299607,Nothing
81.29112,24,2,3,0,0.7505785,0.9227505,0.2118591,345.209,134.0337,73.27896,0.7551723,1.003551,0.2182803,0.7432707,0.3064784,0.1989937,Nothing
81.29973,24,2,3,0,0.7505683,0.9227772,0.2119231,345.2154,134.0346,73.29145,0.7528774,1.003693,0.2189294,0.7529866,0.2967766,0.1789906,Nothing
81.30775,24,2,3,0,0.7504161,0.9226961,0.2120796,345.1684,134.0534,73.28033,0.7605334,1.003252,0.2234494,0.7178153,0.3776025,0.2041116,Nothing
81.3165,24,2,3,0,0.7495784,0.9224837,0.2122749,345.1088,134.1648,73.18162,0.7592658,1.003414,0.2243758,0.7219521,0.3826706,0.1975668,Nothing
81.3243,24,2,3,0,0.7489876,0.9223862,0.2124772,345.0118,134.184,73.11711,0.7579057,1.003674,0.2250998,0.7273828,0.3835294,0.1907965,Nothing
81.33307,24,2,3,0,0.7484497,0.9224398,0.2126474,344.9586,134.2493,73.04845,0.7596883,1.004898,0.2246986,0.7290155,0.3979127,0.2147791,Nothing
81.34093,24,2,3,0,0.747893,0.9223799,0.2128874,344.8769,134.2212,73.0154,0.7628378,1.002111,0.2245739,0.6884524,0.4108013,0.237423,Nothing
81.34995,24,2,3,0,0.7473814,0.922356,0.2131218,344.8129,134.2355,72.99258,0.7645035,0.9985381,0.2286675,0.6447389,0.4434632,0.2176127,Nothing
81.35829,24,2,3,0,0.746896,0.9222578,0.2134396,344.7261,134.1774,72.99994,0.763914,0.9982913,0.2294414,0.6432752,0.4456152,0.214711,Nothing
81.36613,24,2,3,0,0.7466682,0.9223808,0.2137115,344.6497,134.1615,73.00688,0.7632473,0.9979771,0.2302472,0.6404683,0.4454849,0.2078309,Nothing
81.37434,24,2,3,0,0.7462448,0.922291,0.2140304,344.5527,134.1437,73.0097,0.768684,1.000376,0.227775,0.6413622,0.4678889,0.2763881,Nothing
81.38269,24,2,3,0,0.7457156,0.9220853,0.2145357,344.386,134.1576,73.02884,0.7683682,1.000178,0.2282891,0.6399822,0.4688766,0.2799724,Nothing
81.39166,24,2,3,0,0.745341,0.9219589,0.2149774,344.2523,134.1825,73.03548,0.7689655,0.9981877,0.2290301,0.6179788,0.4716186,0.2812451,Nothing
81.39966,24,2,3,0,0.7449828,0.9218008,0.215273,344.1301,134.237,73.02713,0.7685716,0.9977827,0.2295381,0.6151491,0.4722966,0.2801582,Nothing
81.40843,24,2,3,0,0.7446182,0.9215875,0.2157268,343.9926,134.2561,73.03413,0.7680138,0.997225,0.2303005,0.6120446,0.4722011,0.2773741,Nothing
81.41699,24,2,3,0,0.744524,0.9215222,0.2157209,343.9539,134.297,73.01576,0.7680389,0.9969038,0.2307635,0.6087558,0.4759568,0.2745806,Nothing
81.42496,24,2,3,0,0.7443625,0.9214459,0.215818,343.8995,134.329,73.00728,0.7678114,0.9965833,0.231054,0.6063961,0.4763689,0.2726384,Nothing
81.43304,24,2,3,0,0.7445945,0.9214375,0.2157868,343.8928,134.365,73.00663,0.7695114,0.9967884,0.2304836,0.6026218,0.4821044,0.2871398,Nothing
81.44121,24,2,3,0,0.7447852,0.9214658,0.2156237,343.9214,134.4277,72.99414,0.7697631,0.9966738,0.2304628,0.6010937,0.4834267,0.2855281,Nothing
81.4494,24,2,3,0,0.7448797,0.9214291,0.2157147,343.9099,134.4584,72.99989,0.7657339,0.9977376,0.2316879,0.6277391,0.4693652,0.2519996,Nothing
81.45755,24,2,3,0,0.745212,0.9215054,0.2155795,343.9641,134.5111,73.01733,0.7655993,0.9977121,0.2318163,0.6290206,0.4680707,0.2457039,Nothing
81.46629,24,2,3,0,0.7455814,0.9214661,0.2155464,343.9787,134.5542,73.0315,0.7653365,0.9976386,0.2320475,0.6313927,0.4659073,0.2389928,Nothing
81.47424,24,2,3,0,0.7457427,0.9214712,0.2155428,343.984,134.6021,73.04478,0.7674339,0.996747,0.2316529,0.6154957,0.4724346,0.2523997,Nothing
81.48323,24,2,3,0,0.7458739,0.9214713,0.2155623,343.982,134.6557,73.05636,0.767453,0.9966034,0.2316815,0.6147375,0.4713186,0.2509306,Nothing
81.49141,24,2,3,0,0.7456909,0.9214766,0.215599,343.9199,134.6965,73.04411,0.7678018,0.9968528,0.2315046,0.6146186,0.4738451,0.2574002,Nothing
81.50053,24,2,3,0,0.7455285,0.921406,0.2156723,343.8595,134.741,73.02459,0.7677965,0.9967426,0.2315048,0.613255,0.4743508,0.2594458,Nothing
81.5081,24,2,3,0,0.7451656,0.9216027,0.2156756,343.839,134.7494,73.00176,0.7699977,0.9962403,0.2317969,0.596047,0.4908454,0.2735335,Nothing
81.51701,24,2,3,0,0.7448657,0.9215309,0.2157961,343.7552,134.7905,72.97327,0.7701597,0.9961022,0.2318026,0.592998,0.4929343,0.2781865,Nothing
81.52444,24,2,3,0,0.7445397,0.9214585,0.2159211,343.667,134.8312,72.94102,0.7703195,0.9959635,0.2317003,0.5898063,0.4943568,0.2838307,Nothing
81.53316,24,2,3,0,0.7442179,0.9212523,0.2162274,343.5536,134.9145,72.91882,0.7704833,0.9955318,0.2315015,0.5851648,0.4931721,0.2910169,Nothing
81.54155,24,2,3,0,0.743929,0.9211731,0.2164026,343.4696,134.9765,72.89457,0.7705108,0.9953525,0.2313847,0.5824296,0.4929144,0.2956557,Nothing
81.55038,24,2,3,0,0.7441094,0.9208495,0.2166234,343.4138,135.0277,72.90023,0.7696462,0.9958174,0.2318736,0.5938557,0.4905663,0.2893046,Nothing
81.55882,24,2,3,0,0.7439445,0.9208058,0.2167,343.3629,135.0771,72.88,0.7695741,0.9957,0.231829,0.5924356,0.4902464,0.2909564,Nothing
81.56699,24,2,3,0,0.7437233,0.9208038,0.2167635,343.3274,135.1245,72.87263,0.7706475,0.9950654,0.2315776,0.5810718,0.4943279,0.3004203,Nothing
81.57545,24,2,3,0,0.7436501,0.9208716,0.2168113,343.3057,135.1457,72.85645,0.7707806,0.994565,0.2310376,0.5747721,0.48976,0.3044077,Nothing
81.58472,24,2,3,0,0.7436474,0.9208742,0.2169671,343.2698,135.1898,72.83446,0.7708562,0.9943137,0.2308219,0.5718004,0.4869931,0.306989,Nothing
81.59293,24,2,3,0,0.7435284,0.920904,0.2167876,343.2671,135.2217,72.79715,0.7707863,0.9945736,0.2306097,0.5734483,0.4881556,0.3081045,Nothing
81.60027,24,2,3,0,0.7433786,0.9208804,0.216752,343.2332,135.2738,72.76476,0.7708057,0.9944678,0.2304152,0.5716022,0.4881727,0.3102793,Nothing
81.60852,24,2,3,0,0.7430804,0.9208541,0.2166439,343.1672,135.3769,72.70269,0.7710167,0.9939754,0.2304862,0.5643515,0.4920992,0.3114347,Nothing
81.61713,24,2,3,0,0.7427937,0.9208293,0.2165683,343.0974,135.5119,72.62,0.7710131,0.9938374,0.2303021,0.5611864,0.4937366,0.3139442,Nothing
81.62589,24,2,3,0,0.7425925,0.9208373,0.2164593,343.0565,135.5921,72.57041,0.7709778,0.993704,0.2301151,0.5586222,0.4943841,0.3152802,Nothing
81.63409,24,2,3,0,0.7421808,0.9206905,0.2162663,343.0433,135.7596,72.47147,0.770829,0.993679,0.2299072,0.557891,0.497605,0.3168432,Nothing
81.64267,24,2,3,0,0.7421318,0.9208044,0.2159654,343.076,135.8207,72.4102,0.7707375,0.9935476,0.2295846,0.5554863,0.4972363,0.3152756,Nothing
81.65135,24,2,3,0,0.7423079,0.9210656,0.2157454,343.1375,135.8316,72.3904,0.7709269,0.9936406,0.2289528,0.5540777,0.494088,0.3169661,Nothing
81.65979,24,2,3,0,0.7425107,0.9212478,0.2154325,343.2163,135.8172,72.3883,0.7708578,0.9936178,0.2286734,0.5536827,0.4921222,0.3134167,Nothing
81.66798,24,2,3,0,0.7428858,0.921294,0.2151656,343.2914,135.7963,72.40513,0.7707325,0.9938726,0.228243,0.5582485,0.4882634,0.3109835,Nothing
81.67596,24,2,3,0,0.7429998,0.9214455,0.2150349,343.3538,135.8707,72.38615,0.7706571,0.9938703,0.2279878,0.5578462,0.4861285,0.3090091,Nothing
81.68423,24,2,3,0,0.7430813,0.9217319,0.2149392,343.4339,135.9327,72.42384,0.7704222,0.9940282,0.2278792,0.5587468,0.4835302,0.305319,Nothing
81.69244,24,2,3,0,0.7430277,0.9217681,0.214908,343.4221,135.9936,72.40479,0.7702855,0.9936288,0.2272665,0.5549469,0.47771,0.307419,Nothing
81.70113,24,2,3,0,0.7430375,0.9217381,0.2148436,343.4207,136.0782,72.37761,0.7700657,0.9935641,0.2268883,0.5554574,0.4742657,0.3075795,Nothing
81.70926,24,2,3,0,0.7429267,0.9217538,0.2147654,343.4062,136.133,72.34013,0.7699161,0.9935215,0.2266356,0.5547609,0.4730135,0.3082873,Nothing
81.71851,24,2,3,0,0.7426502,0.9217254,0.2146951,343.3686,136.1929,72.27145,0.7699869,0.9936231,0.2263529,0.5538421,0.4747899,0.3126737,Nothing
81.73511,24,2,3,0,0.7422311,0.9213789,0.2142488,343.3065,136.2753,72.21204,0.7699628,0.9933015,0.2258179,0.5516831,0.4773923,0.3163784,Nothing
81.74364,24,2,3,0,0.7421656,0.9215273,0.2141828,343.2989,136.3341,72.17029,0.7699001,0.9930133,0.2257238,0.5472724,0.4764195,0.3151233,Nothing
81.75099,24,2,3,0,0.741964,0.9214836,0.2141536,343.2585,136.3815,72.12971,0.7697103,0.9928999,0.2255957,0.5460756,0.4759864,0.31594,Nothing
81.75943,24,2,3,0,0.7416986,0.9213994,0.214171,343.1892,136.4598,72.0798,0.7693889,0.9926971,0.2255315,0.5445011,0.4752074,0.3162224,Nothing
81.76743,24,2,3,0,0.7420639,0.9215627,0.2150669,343.1689,136.4897,72.05756,0.7689751,0.9929212,0.2253495,0.5482177,0.4627247,0.3188913,Nothing
81.77635,24,2,3,0,0.7420471,0.9215479,0.2150959,343.1522,136.5149,72.04305,0.7688123,0.9928426,0.2253731,0.5480516,0.4617248,0.3178396,Nothing
81.78419,24,2,3,0,0.7420333,0.9215915,0.2150526,343.1494,136.5372,72.03885,0.7688374,0.9923394,0.2251144,0.5428033,0.4588339,0.3179424,Nothing
81.79442,24,2,3,0,0.7420214,0.9215081,0.2149827,343.144,136.5461,72.02866,0.768743,0.9922409,0.2250616,0.5429052,0.4584929,0.3172446,Nothing
81.81056,24,2,3,0,0.7419729,0.9214558,0.2149334,343.1208,136.5914,72.01355,0.7685538,0.9920527,0.224957,0.5420319,0.4569815,0.3163532,SelectionStart
81.81059,24,2,3,0,0.7419729,0.9214558,0.2149334,343.1208,136.5914,72.01355,0.7685538,0.9920527,0.224957,0.5420319,0.4569815,0.3163532,SelectionEnd
81.8141,24,2,3,0,0.7419729,0.9214558,0.2149334,343.1208,136.5914,72.01355,0.7685538,0.9920527,0.224957,0.5420319,0.4569815,0.3163532,GotSelection
81.85831,24,2,3,0,0.7417739,0.9209611,0.2154169,342.9626,136.6022,72.10453,0.7674353,0.9890639,0.2269945,0.5225357,0.453896,0.2934864,SelectionStart
81.85834,24,2,3,0,0.7417739,0.9209611,0.2154169,342.9626,136.6022,72.10453,0.7674353,0.9890639,0.2269945,0.5225357,0.453896,0.2934864,SelectionEnd
81.86169,24,2,3,0,0.7417739,0.9209611,0.2154169,342.9626,136.6022,72.10453,0.7674353,0.9890639,0.2269945,0.5225357,0.453896,0.2934864,GotSelection
81.87099,24,2,3,0,0.7413602,0.9208685,0.2157204,342.9234,136.6011,72.11155,0.7660453,0.9881473,0.226282,0.5189705,0.4375747,0.2921149,SelectionStart
81.871,24,2,3,0,0.7413602,0.9208685,0.2157204,342.9234,136.6011,72.11155,0.7660453,0.9881473,0.226282,0.5189705,0.4375747,0.2921149,SelectionEnd
81.87422,24,2,3,0,0.7413602,0.9208685,0.2157204,342.9234,136.6011,72.11155,0.7660453,0.9881473,0.226282,0.5189705,0.4375747,0.2921149,GotSelection
81.88506,24,2,3,0,0.7412629,0.9207033,0.2159323,342.8601,136.654,72.12151,0.7649578,0.987318,0.2252652,0.5169037,0.4201244,0.2926716,SelectionStart
81.88507,24,2,3,0,0.7412629,0.9207033,0.2159323,342.8601,136.654,72.12151,0.7649578,0.987318,0.2252652,0.5169037,0.4201244,0.2926716,SelectionEnd
81.88852,24,2,3,0,0.7412629,0.9207033,0.2159323,342.8601,136.654,72.12151,0.7649578,0.987318,0.2252652,0.5169037,0.4201244,0.2926716,GotSelection
81.89934,24,2,3,0,0.7414367,0.9205311,0.2159967,342.8392,136.7318,72.12435,0.7642392,0.9866942,0.2244643,0.5165237,0.406784,0.2914055,SelectionStart
81.89935,24,2,3,0,0.7414367,0.9205311,0.2159967,342.8392,136.7318,72.12435,0.7642392,0.9866942,0.2244643,0.5165237,0.406784,0.2914055,SelectionEnd
81.90314,24,2,3,0,0.7414367,0.9205311,0.2159967,342.8392,136.7318,72.12435,0.7642392,0.9866942,0.2244643,0.5165237,0.406784,0.2914055,GotSelection
81.91467,24,2,3,0,0.7413794,0.9202853,0.2162955,342.785,136.7969,72.11727,0.7626578,0.9865311,0.2230916,0.5235786,0.3850803,0.2936952,SelectionStart
81.91469,24,2,3,0,0.7413794,0.9202853,0.2162955,342.785,136.7969,72.11727,0.7626578,0.9865311,0.2230916,0.5235786,0.3850803,0.2936952,SelectionEnd
81.91805,24,2,3,0,0.7413794,0.9202853,0.2162955,342.785,136.7969,72.11727,0.7626578,0.9865311,0.2230916,0.5235786,0.3850803,0.2936952,GotSelection
81.92856,24,2,3,0,0.7414515,0.9202039,0.2164294,342.7638,136.9032,72.09371,0.7609839,0.9861639,0.2214838,0.5282237,0.3606106,0.2934633,SelectionStart
81.92857,24,2,3,0,0.7414515,0.9202039,0.2164294,342.7638,136.9032,72.09371,0.7609839,0.9861639,0.2214838,0.5282237,0.3606106,0.2934633,SelectionEnd
81.93192,24,2,3,0,0.7414515,0.9202039,0.2164294,342.7638,136.9032,72.09371,0.7609839,0.9861639,0.2214838,0.5282237,0.3606106,0.2934633,GotSelection
81.94302,24,2,3,0,0.7415991,0.9201972,0.2164114,342.772,136.9673,72.08833,0.7596108,0.9857197,0.2198735,0.5307308,0.3380302,0.2930893,SelectionStart
81.94304,24,2,3,0,0.7415991,0.9201972,0.2164114,342.772,136.9673,72.08833,0.7596108,0.9857197,0.2198735,0.5307308,0.3380302,0.2930893,SelectionEnd
81.94632,24,2,3,0,0.7415991,0.9201972,0.2164114,342.772,136.9673,72.08833,0.7596108,0.9857197,0.2198735,0.5307308,0.3380302,0.2930893,GotSelection
81.95728,24,2,3,0,0.741694,0.9202204,0.2164124,342.7865,137.0237,72.07361,0.7582415,0.9845945,0.2176927,0.5263964,0.3094616,0.2951467,SelectionStart
81.95731,24,2,3,0,0.741694,0.9202204,0.2164124,342.7865,137.0237,72.07361,0.7582415,0.9845945,0.2176927,0.5263964,0.3094616,0.2951467,SelectionEnd
81.96111,24,2,3,0,0.741694,0.9202204,0.2164124,342.7865,137.0237,72.07361,0.7582415,0.9845945,0.2176927,0.5263964,0.3094616,0.2951467,GotSelection
81.9725,24,2,3,0,0.7417257,0.9202234,0.2163799,342.7911,137.0914,72.05026,0.7557496,0.9836591,0.2154194,0.528428,0.2743236,0.2913681,SelectionStart
81.97252,24,2,3,0,0.7417257,0.9202234,0.2163799,342.7911,137.0914,72.05026,0.7557496,0.9836591,0.2154194,0.528428,0.2743236,0.2913681,SelectionEnd
81.976,24,2,3,0,0.7417257,0.9202234,0.2163799,342.7911,137.0914,72.05026,0.7557496,0.9836591,0.2154194,0.528428,0.2743236,0.2913681,GotSelection
81.98524,24,2,3,0,0.7417073,0.9202012,0.216286,342.7993,137.1248,72.01519,0.7537992,0.9825097,0.2131752,0.5261666,0.2431517,0.2903754,SelectionStart
81.98526,24,2,3,0,0.7417073,0.9202012,0.216286,342.7993,137.1248,72.01519,0.7537992,0.9825097,0.2131752,0.5261666,0.2431517,0.2903754,SelectionEnd
81.98863,24,2,3,0,0.7417073,0.9202012,0.216286,342.7993,137.1248,72.01519,0.7537992,0.9825097,0.2131752,0.5261666,0.2431517,0.2903754,GotSelection
81.99835,24,2,3,0,0.7416118,0.9201769,0.2160956,342.8064,137.1609,71.96455,0.7512791,0.9809995,0.2099984,0.5226847,0.2017622,0.2910571,SelectionStart
81.99837,24,2,3,0,0.7416118,0.9201769,0.2160956,342.8064,137.1609,71.96455,0.7512791,0.9809995,0.2099984,0.5226847,0.2017622,0.2910571,SelectionEnd
82.00177,24,2,3,0,0.7416118,0.9201769,0.2160956,342.8064,137.1609,71.96455,0.7512791,0.9809995,0.2099984,0.5226847,0.2017622,0.2910571,GotSelection
82.04413,24,2,3,0,0.7412212,0.9201168,0.2162023,342.7461,137.2732,71.91549,0.7430753,0.9747164,0.1973685,0.4984145,0.04023192,0.312266,SelectionStart
82.04414,24,2,3,0,0.7412212,0.9201168,0.2162023,342.7461,137.2732,71.91549,0.7430753,0.9747164,0.1973685,0.4984145,0.04023192,0.312266,SelectionEnd
82.04794,24,2,3,0,0.7412212,0.9201168,0.2162023,342.7461,137.2732,71.91549,0.7430753,0.9747164,0.1973685,0.4984145,0.04023192,0.312266,GotSelection
82.06038,24,2,3,0,0.7413196,0.9199721,0.2163304,342.717,137.2459,71.95985,0.7393586,0.9717814,0.1911405,0.4889846,-0.03966413,0.3242382,SelectionStart
82.06039,24,2,3,0,0.7413196,0.9199721,0.2163304,342.717,137.2459,71.95985,0.7393586,0.9717814,0.1911405,0.4889846,-0.03966413,0.3242382,SelectionEnd
82.06386,24,2,3,0,0.7413196,0.9199721,0.2163304,342.717,137.2459,71.95985,0.7393586,0.9717814,0.1911405,0.4889846,-0.03966413,0.3242382,GotSelection
82.07671,24,2,3,0,0.7413323,0.920009,0.2163913,342.7544,137.2098,72.0078,0.7362807,0.968949,0.1864416,0.4759574,-0.1034193,0.3287261,SelectionStart
82.07674,24,2,3,0,0.7413323,0.920009,0.2163913,342.7544,137.2098,72.0078,0.7362807,0.968949,0.1864416,0.4759574,-0.1034193,0.3287261,SelectionEnd
82.08006,24,2,3,0,0.7413323,0.920009,0.2163913,342.7544,137.2098,72.0078,0.7362807,0.968949,0.1864416,0.4759574,-0.1034193,0.3287261,GotSelection
82.09109,24,2,3,0,0.7414694,0.9198534,0.216433,342.7895,137.2162,72.02803,0.7342938,0.9667972,0.1825948,0.4667637,-0.1515817,0.3362212,SelectionStart
82.09113,24,2,3,0,0.7414694,0.9198534,0.216433,342.7895,137.2162,72.02803,0.7342938,0.9667972,0.1825948,0.4667637,-0.1515817,0.3362212,SelectionEnd
82.09456,24,2,3,0,0.7414694,0.9198534,0.216433,342.7895,137.2162,72.02803,0.7342938,0.9667972,0.1825948,0.4667637,-0.1515817,0.3362212,GotSelection
82.10971,24,2,3,0,0.7414675,0.9197001,0.2163917,342.8087,137.2258,72.02158,0.7313156,0.962933,0.1760968,0.4453535,-0.2289083,0.351436,SelectionStart
82.10974,24,2,3,0,0.7414675,0.9197001,0.2163917,342.8087,137.2258,72.02158,0.7313156,0.962933,0.1760968,0.4453535,-0.2289083,0.351436,SelectionEnd
82.11452,24,2,3,0,0.7414675,0.9197001,0.2163917,342.8087,137.2258,72.02158,0.7313156,0.962933,0.1760968,0.4453535,-0.2289083,0.351436,GotSelection
82.12517,24,2,3,0,0.7413975,0.919613,0.2164225,342.7977,137.2011,72.03084,0.7291064,0.9601969,0.1714987,0.4300309,-0.2846076,0.3622996,SelectionStart
82.1252,24,2,3,0,0.7413975,0.919613,0.2164225,342.7977,137.2011,72.03084,0.7291064,0.9601969,0.1714987,0.4300309,-0.2846076,0.3622996,SelectionEnd
82.12857,24,2,3,0,0.7413975,0.919613,0.2164225,342.7977,137.2011,72.03084,0.7291064,0.9601969,0.1714987,0.4300309,-0.2846076,0.3622996,GotSelection
82.14041,24,2,3,0,0.7414538,0.9194826,0.2164627,342.7979,137.2047,72.04822,0.7274301,0.9579272,0.1678262,0.4175885,-0.3294078,0.3709477,SelectionStart
82.14044,24,2,3,0,0.7414538,0.9194826,0.2164627,342.7979,137.2047,72.04822,0.7274301,0.9579272,0.1678262,0.4175885,-0.3294078,0.3709477,SelectionEnd
82.14432,24,2,3,0,0.7414538,0.9194826,0.2164627,342.7979,137.2047,72.04822,0.7274301,0.9579272,0.1678262,0.4175885,-0.3294078,0.3709477,GotSelection
82.15524,24,2,3,0,0.7417785,0.9195663,0.2163568,342.8637,137.2368,72.06812,0.7261638,0.9560241,0.1654664,0.4061685,-0.3619881,0.3704725,SelectionStart
82.15527,24,2,3,0,0.7417785,0.9195663,0.2163568,342.8637,137.2368,72.06812,0.7261638,0.9560241,0.1654664,0.4061685,-0.3619881,0.3704725,SelectionEnd
82.15897,24,2,3,0,0.7417785,0.9195663,0.2163568,342.8637,137.2368,72.06812,0.7261638,0.9560241,0.1654664,0.4061685,-0.3619881,0.3704725,GotSelection
82.16922,24,2,3,0,0.7421118,0.9195099,0.2161918,342.9502,137.214,72.10783,0.7255166,0.9549669,0.1643214,0.4014367,-0.3786809,0.3674045,SelectionStart
82.16924,24,2,3,0,0.7421118,0.9195099,0.2161918,342.9502,137.214,72.10783,0.7255166,0.9549669,0.1643214,0.4014367,-0.3786809,0.3674045,SelectionEnd
82.17265,24,2,3,0,0.7421118,0.9195099,0.2161918,342.9502,137.214,72.10783,0.7255166,0.9549669,0.1643214,0.4014367,-0.3786809,0.3674045,GotSelection
82.18506,24,2,3,0,0.7424674,0.9195548,0.2160266,343.0699,137.1837,72.14571,0.7254578,0.9544216,0.1634729,0.3983308,-0.3882529,0.3669931,SelectionStart
82.18509,24,2,3,0,0.7424674,0.9195548,0.2160266,343.0699,137.1837,72.14571,0.7254578,0.9544216,0.1634729,0.3983308,-0.3882529,0.3669931,SelectionEnd
82.18921,24,2,3,0,0.7424674,0.9195548,0.2160266,343.0699,137.1837,72.14571,0.7254578,0.9544216,0.1634729,0.3983308,-0.3882529,0.3669931,GotSelection
82.23248,24,2,3,0,0.7423349,0.9192172,0.2166062,342.8818,137.2328,72.17328,0.7275303,0.9581548,0.167951,0.4251691,-0.3337918,0.3671661,SelectionStart
82.23251,24,2,3,0,0.7423349,0.9192172,0.2166062,342.8818,137.2328,72.17328,0.7275303,0.9581548,0.167951,0.4251691,-0.3337918,0.3671661,SelectionEnd
82.23598,24,2,3,0,0.7423349,0.9192172,0.2166062,342.8818,137.2328,72.17328,0.7275303,0.9581548,0.167951,0.4251691,-0.3337918,0.3671661,GotSelection
82.24596,24,2,3,0,0.7423432,0.9192465,0.2166097,342.8924,137.2506,72.17171,0.7286972,0.9604279,0.1711806,0.4410284,-0.2960117,0.3585463,SelectionStart
82.24599,24,2,3,0,0.7423432,0.9192465,0.2166097,342.8924,137.2506,72.17171,0.7286972,0.9604279,0.1711806,0.4410284,-0.2960117,0.3585463,SelectionEnd
82.24951,24,2,3,0,0.7423432,0.9192465,0.2166097,342.8924,137.2506,72.17171,0.7286972,0.9604279,0.1711806,0.4410284,-0.2960117,0.3585463,GotSelection
82.26099,24,2,3,0,0.7425334,0.9193162,0.216339,342.9514,137.2819,72.16196,0.7305237,0.9634816,0.1756164,0.4619817,-0.241967,0.3444498,SelectionStart
82.261,24,2,3,0,0.7425334,0.9193162,0.216339,342.9514,137.2819,72.16196,0.7305237,0.9634816,0.1756164,0.4619817,-0.241967,0.3444498,SelectionEnd
82.26512,24,2,3,0,0.7425334,0.9193162,0.216339,342.9514,137.2819,72.16196,0.7305237,0.9634816,0.1756164,0.4619817,-0.241967,0.3444498,GotSelection
82.27681,24,2,3,0,0.7426314,0.9193889,0.2160004,342.9969,137.3232,72.14539,0.7327505,0.9666772,0.1810361,0.4820056,-0.1766267,0.3265084,SelectionStart
82.27682,24,2,3,0,0.7426314,0.9193889,0.2160004,342.9969,137.3232,72.14539,0.7327505,0.9666772,0.1810361,0.4820056,-0.1766267,0.3265084,SelectionEnd
82.28058,24,2,3,0,0.7426314,0.9193889,0.2160004,342.9969,137.3232,72.14539,0.7327505,0.9666772,0.1810361,0.4820056,-0.1766267,0.3265084,GotSelection
82.29332,24,2,3,0,0.7426029,0.919396,0.2158383,342.9969,137.3986,72.09562,0.7357646,0.9701644,0.1864109,0.5012168,-0.1055891,0.3176198,SelectionStart
82.29335,24,2,3,0,0.7426029,0.919396,0.2158383,342.9969,137.3986,72.09562,0.7357646,0.9701644,0.1864109,0.5012168,-0.1055891,0.3176198,SelectionEnd
82.29688,24,2,3,0,0.7426029,0.919396,0.2158383,342.9969,137.3986,72.09562,0.7357646,0.9701644,0.1864109,0.5012168,-0.1055891,0.3176198,GotSelection
82.30658,24,2,3,0,0.7427029,0.9193901,0.2157027,343.0107,137.4718,72.07208,0.7382503,0.9736856,0.191692,0.5236452,-0.03979715,0.3051241,SelectionStart
82.30659,24,2,3,0,0.7427029,0.9193901,0.2157027,343.0107,137.4718,72.07208,0.7382503,0.9736856,0.191692,0.5236452,-0.03979715,0.3051241,SelectionEnd
82.30991,24,2,3,0,0.7427029,0.9193901,0.2157027,343.0107,137.4718,72.07208,0.7382503,0.9736856,0.191692,0.5236452,-0.03979715,0.3051241,GotSelection
82.31958,24,2,3,0,0.7427189,0.9194785,0.2156185,343.0224,137.5167,72.05542,0.7405981,0.9764206,0.1957192,0.5382004,0.01340578,0.2988409,SelectionStart
82.3196,24,2,3,0,0.7427189,0.9194785,0.2156185,343.0224,137.5167,72.05542,0.7405981,0.9764206,0.1957192,0.5382004,0.01340578,0.2988409,SelectionEnd
82.32286,24,2,3,0,0.7427189,0.9194785,0.2156185,343.0224,137.5167,72.05542,0.7405981,0.9764206,0.1957192,0.5382004,0.01340578,0.2988409,GotSelection
82.3342,24,2,3,0,0.7427826,0.9195298,0.2154692,343.0427,137.5783,72.04198,0.7438337,0.9801489,0.2007604,0.5587517,0.08300804,0.2932453,SelectionStart
82.33423,24,2,3,0,0.7427826,0.9195298,0.2154692,343.0427,137.5783,72.04198,0.7438337,0.9801489,0.2007604,0.5587517,0.08300804,0.2932453,SelectionEnd
82.33749,24,2,3,0,0.7427826,0.9195298,0.2154692,343.0427,137.5783,72.04198,0.7438337,0.9801489,0.2007604,0.5587517,0.08300804,0.2932453,GotSelection
82.34802,24,2,3,0,0.7428255,0.9195929,0.2153543,343.068,137.6067,72.02662,0.7460796,0.9827352,0.2043426,0.5727946,0.131966,0.2883886,SelectionStart
82.34804,24,2,3,0,0.7428255,0.9195929,0.2153543,343.068,137.6067,72.02662,0.7460796,0.9827352,0.2043426,0.5727946,0.131966,0.2883886,SelectionEnd
82.35135,24,2,3,0,0.7428255,0.9195929,0.2153543,343.068,137.6067,72.02662,0.7460796,0.9827352,0.2043426,0.5727946,0.131966,0.2883886,GotSelection
82.3614,24,2,3,0,0.742873,0.9196549,0.2152142,343.1068,137.6365,72.00144,0.7493029,0.986177,0.2090797,0.5906463,0.1985183,0.2837483,SelectionStart
82.36142,24,2,3,0,0.742873,0.9196549,0.2152142,343.1068,137.6365,72.00144,0.7493029,0.986177,0.2090797,0.5906463,0.1985183,0.2837483,SelectionEnd
82.3647,24,2,3,0,0.742873,0.9196549,0.2152142,343.1068,137.6365,72.00144,0.7493029,0.986177,0.2090797,0.5906463,0.1985183,0.2837483,GotSelection
82.37682,24,2,3,0,0.7428396,0.9196739,0.2151567,343.131,137.6524,71.97537,0.7516654,0.9884481,0.2124955,0.6012785,0.2464008,0.2808459,SelectionStart
82.37683,24,2,3,0,0.7428396,0.9196739,0.2151567,343.131,137.6524,71.97537,0.7516654,0.9884481,0.2124955,0.6012785,0.2464008,0.2808459,SelectionEnd
82.38028,24,2,3,0,0.7428396,0.9196739,0.2151567,343.131,137.6524,71.97537,0.7516654,0.9884481,0.2124955,0.6012785,0.2464008,0.2808459,GotSelection
82.41913,24,2,3,0,0.7428758,0.9198598,0.21542,343.1267,137.7111,71.99628,0.7584697,0.9945284,0.2227128,0.6270681,0.3801754,0.2708722,SelectionStart
82.41914,24,2,3,0,0.7428758,0.9198598,0.21542,343.1267,137.7111,71.99628,0.7584697,0.9945284,0.2227128,0.6270681,0.3801754,0.2708722,SelectionEnd
82.42249,24,2,3,0,0.7428758,0.9198598,0.21542,343.1267,137.7111,71.99628,0.7584697,0.9945284,0.2227128,0.6270681,0.3801754,0.2708722,GotSelection
82.43527,24,2,3,0,0.742641,0.919822,0.2156327,343.0591,137.691,71.99184,0.7598733,0.9958178,0.2255228,0.6320196,0.413577,0.2677333,SelectionStart
82.4353,24,2,3,0,0.742641,0.919822,0.2156327,343.0591,137.691,71.99184,0.7598733,0.9958178,0.2255228,0.6320196,0.413577,0.2677333,SelectionEnd
82.43883,24,2,3,0,0.742641,0.919822,0.2156327,343.0591,137.691,71.99184,0.7598733,0.9958178,0.2255228,0.6320196,0.413577,0.2677333,GotSelection
82.44878,24,2,3,0,0.742233,0.9196953,0.2158546,342.9717,137.6902,71.97102,0.7610565,0.9971784,0.2280497,0.6384598,0.445222,0.2671116,SelectionStart
82.44879,24,2,3,0,0.742233,0.9196953,0.2158546,342.9717,137.6902,71.97102,0.7610565,0.9971784,0.2280497,0.6384598,0.445222,0.2671116,SelectionEnd
82.4521,24,2,3,0,0.742233,0.9196953,0.2158546,342.9717,137.6902,71.97102,0.7610565,0.9971784,0.2280497,0.6384598,0.445222,0.2671116,GotSelection
82.46169,24,2,3,0,0.7420539,0.9196352,0.2160352,342.9127,137.7056,71.96383,0.7603502,0.9970109,0.2288743,0.6393914,0.4461006,0.2593951,SelectionStart
82.4617,24,2,3,0,0.7420539,0.9196352,0.2160352,342.9127,137.7056,71.96383,0.7603502,0.9970109,0.2288743,0.6393914,0.4461006,0.2593951,SelectionEnd
82.46512,24,2,3,0,0.7420539,0.9196352,0.2160352,342.9127,137.7056,71.96383,0.7603502,0.9970109,0.2288743,0.6393914,0.4461006,0.2593951,GotSelection
82.47653,24,2,3,0,0.741933,0.919647,0.2161953,342.861,137.7183,71.97235,0.7596545,0.9968597,0.2301015,0.6401746,0.4493839,0.2480629,SelectionStart
82.47655,24,2,3,0,0.741933,0.919647,0.2161953,342.861,137.7183,71.97235,0.7596545,0.9968597,0.2301015,0.6401746,0.4493839,0.2480629,SelectionEnd
82.47992,24,2,3,0,0.741933,0.919647,0.2161953,342.861,137.7183,71.97235,0.7596545,0.9968597,0.2301015,0.6401746,0.4493839,0.2480629,GotSelection
82.48982,24,2,3,0,0.7418779,0.9196823,0.2164799,342.8209,137.6978,71.99937,0.7584386,0.9962768,0.2302554,0.6394145,0.4386083,0.2401296,SelectionStart
82.48984,24,2,3,0,0.7418779,0.9196823,0.2164799,342.8209,137.6978,71.99937,0.7584386,0.9962768,0.2302554,0.6394145,0.4386083,0.2401296,SelectionEnd
82.49312,24,2,3,0,0.7418779,0.9196823,0.2164799,342.8209,137.6978,71.99937,0.7584386,0.9962768,0.2302554,0.6394145,0.4386083,0.2401296,GotSelection
82.50429,24,2,3,0,0.7418774,0.9196805,0.2166425,342.7957,137.6816,72.02002,0.7566526,0.9952587,0.2299959,0.6376429,0.4205394,0.2287765,SelectionStart
82.5043,24,2,3,0,0.7418774,0.9196805,0.2166425,342.7957,137.6816,72.02002,0.7566526,0.9952587,0.2299959,0.6376429,0.4205394,0.2287765,SelectionEnd
82.50755,24,2,3,0,0.7418774,0.9196805,0.2166425,342.7957,137.6816,72.02002,0.7566526,0.9952587,0.2299959,0.6376429,0.4205394,0.2287765,GotSelection
82.51884,24,2,3,0,0.7418568,0.9197779,0.2166893,342.7944,137.634,72.04275,0.7538687,0.9934199,0.2276158,0.6315712,0.3788307,0.2224382,SelectionStart
82.51886,24,2,3,0,0.7418568,0.9197779,0.2166893,342.7944,137.634,72.04275,0.7538687,0.9934199,0.2276158,0.6315712,0.3788307,0.2224382,SelectionEnd
82.5228,24,2,3,0,0.7418568,0.9197779,0.2166893,342.7944,137.634,72.04275,0.7538687,0.9934199,0.2276158,0.6315712,0.3788307,0.2224382,GotSelection
82.53452,24,2,3,0,0.7416838,0.9198525,0.2164727,342.8004,137.6006,71.99786,0.7508482,0.9913626,0.2247493,0.6236671,0.3351294,0.2163835,SelectionStart
82.53453,24,2,3,0,0.7416838,0.9198525,0.2164727,342.8004,137.6006,71.99786,0.7508482,0.9913626,0.2247493,0.6236671,0.3351294,0.2163835,SelectionEnd
82.53781,24,2,3,0,0.7416838,0.9198525,0.2164727,342.8004,137.6006,71.99786,0.7508482,0.9913626,0.2247493,0.6236671,0.3351294,0.2163835,GotSelection
82.54776,24,2,3,0,0.7414929,0.9199563,0.216187,342.8193,137.5878,71.93212,0.7481186,0.9890109,0.2221092,0.61147,0.2948367,0.2090343,SelectionStart
82.54778,24,2,3,0,0.7414929,0.9199563,0.216187,342.8193,137.5878,71.93212,0.7481186,0.9890109,0.2221092,0.61147,0.2948367,0.2090343,SelectionEnd
82.55099,24,2,3,0,0.7414929,0.9199563,0.216187,342.8193,137.5878,71.93212,0.7481186,0.9890109,0.2221092,0.61147,0.2948367,0.2090343,GotSelection
82.56049,24,2,3,0,0.741307,0.9201018,0.2159117,342.8466,137.5592,71.87012,0.7441306,0.9859415,0.2181694,0.5978116,0.2344633,0.2004339,SelectionStart
82.56052,24,2,3,0,0.741307,0.9201018,0.2159117,342.8466,137.5592,71.87012,0.7441306,0.9859415,0.2181694,0.5978116,0.2344633,0.2004339,SelectionEnd
82.56375,24,2,3,0,0.741307,0.9201018,0.2159117,342.8466,137.5592,71.87012,0.7441306,0.9859415,0.2181694,0.5978116,0.2344633,0.2004339,GotSelection
82.60855,24,2,3,0,0.7415664,0.9205832,0.2148353,343.057,137.543,71.72565,0.7318076,0.9760748,0.2011717,0.5569086,0.007456468,0.1990688,SelectionStart
82.60858,24,2,3,0,0.7415664,0.9205832,0.2148353,343.057,137.543,71.72565,0.7318076,0.9760748,0.2011717,0.5569086,0.007456468,0.1990688,SelectionEnd
82.61188,24,2,3,0,0.7415664,0.9205832,0.2148353,343.057,137.543,71.72565,0.7318076,0.9760748,0.2011717,0.5569086,0.007456468,0.1990688,GotSelection
82.62114,24,2,3,0,0.7415747,0.9205699,0.2144328,343.0892,137.5502,71.71816,0.7292441,0.9733617,0.1969698,0.5432566,-0.0449181,0.2011992,SelectionStart
82.62115,24,2,3,0,0.7415747,0.9205699,0.2144328,343.0892,137.5502,71.71816,0.7292441,0.9733617,0.1969698,0.5432566,-0.0449181,0.2011992,SelectionEnd
82.62453,24,2,3,0,0.7415747,0.9205699,0.2144328,343.0892,137.5502,71.71816,0.7292441,0.9733617,0.1969698,0.5432566,-0.0449181,0.2011992,GotSelection
82.63454,24,2,3,0,0.7417607,0.9205791,0.2141837,343.1309,137.6059,71.71178,0.7259827,0.9701248,0.1910163,0.5283933,-0.1184019,0.2098595,SelectionStart
82.63455,24,2,3,0,0.7417607,0.9205791,0.2141837,343.1309,137.6059,71.71178,0.7259827,0.9701248,0.1910163,0.5283933,-0.1184019,0.2098595,SelectionEnd
82.63779,24,2,3,0,0.7417607,0.9205791,0.2141837,343.1309,137.6059,71.71178,0.7259827,0.9701248,0.1910163,0.5283933,-0.1184019,0.2098595,GotSelection
82.64769,24,2,3,0,0.7421557,0.9208398,0.2142497,343.1961,137.6414,71.63371,0.7233217,0.9674239,0.1868292,0.5147073,-0.1773156,0.2113453,SelectionStart
82.64771,24,2,3,0,0.7421557,0.9208398,0.2142497,343.1961,137.6414,71.63371,0.7233217,0.9674239,0.1868292,0.5147073,-0.1773156,0.2113453,SelectionEnd
82.65109,24,2,3,0,0.7421557,0.9208398,0.2142497,343.1961,137.6414,71.63371,0.7233217,0.9674239,0.1868292,0.5147073,-0.1773156,0.2113453,GotSelection
82.66104,24,2,3,0,0.742444,0.9208561,0.2141972,343.2346,137.6684,71.6599,0.7209914,0.9649223,0.1828994,0.5028759,-0.2302762,0.2145672,SelectionStart
82.66106,24,2,3,0,0.742444,0.9208561,0.2141972,343.2346,137.6684,71.6599,0.7209914,0.9649223,0.1828994,0.5028759,-0.2302762,0.2145672,SelectionEnd
82.66473,24,2,3,0,0.742444,0.9208561,0.2141972,343.2346,137.6684,71.6599,0.7209914,0.9649223,0.1828994,0.5028759,-0.2302762,0.2145672,GotSelection
82.67659,24,2,3,0,0.7425693,0.9204339,0.2139896,343.2535,137.6576,71.72503,0.7185214,0.9621373,0.1778705,0.4922454,-0.2897878,0.2251569,SelectionStart
82.67661,24,2,3,0,0.7425693,0.9204339,0.2139896,343.2535,137.6576,71.72503,0.7185214,0.9621373,0.1778705,0.4922454,-0.2897878,0.2251569,SelectionEnd
82.68013,24,2,3,0,0.7425693,0.9204339,0.2139896,343.2535,137.6576,71.72503,0.7185214,0.9621373,0.1778705,0.4922454,-0.2897878,0.2251569,GotSelection
82.69031,24,2,3,0,0.7428066,0.9202334,0.2143052,343.2478,137.6292,71.82103,0.7167723,0.9600953,0.1736516,0.4834998,-0.3419522,0.2392249,SelectionStart
82.69032,24,2,3,0,0.7428066,0.9202334,0.2143052,343.2478,137.6292,71.82103,0.7167723,0.9600953,0.1736516,0.4834998,-0.3419522,0.2392249,SelectionEnd
82.69354,24,2,3,0,0.7428066,0.9202334,0.2143052,343.2478,137.6292,71.82103,0.7167723,0.9600953,0.1736516,0.4834998,-0.3419522,0.2392249,GotSelection
82.70352,24,2,3,0,0.7429165,0.9201303,0.2142977,343.3015,137.5717,71.91986,0.7160619,0.9589335,0.1710598,0.4771212,-0.370019,0.2485668,SelectionStart
82.70354,24,2,3,0,0.7429165,0.9201303,0.2142977,343.3015,137.5717,71.91986,0.7160619,0.9589335,0.1710598,0.4771212,-0.370019,0.2485668,SelectionEnd
82.70685,24,2,3,0,0.7429165,0.9201303,0.2142977,343.3015,137.5717,71.91986,0.7160619,0.9589335,0.1710598,0.4771212,-0.370019,0.2485668,GotSelection
82.71779,24,2,3,0,0.7430805,0.9200324,0.214654,343.3004,137.4927,72.03439,0.7153115,0.9581152,0.1682152,0.4739966,-0.4023741,0.2628199,SelectionStart
82.71782,24,2,3,0,0.7430805,0.9200324,0.214654,343.3004,137.4927,72.03439,0.7153115,0.9581152,0.1682152,0.4739966,-0.4023741,0.2628199,SelectionEnd
82.72105,24,2,3,0,0.7430805,0.9200324,0.214654,343.3004,137.4927,72.03439,0.7153115,0.9581152,0.1682152,0.4739966,-0.4023741,0.2628199,GotSelection
82.73218,24,2,3,0,0.7433397,0.9200839,0.2147762,343.3729,137.3482,72.15675,0.7159124,0.9588631,0.1668869,0.4790978,-0.4097212,0.2758518,SelectionStart
82.73219,24,2,3,0,0.7433397,0.9200839,0.2147762,343.3729,137.3482,72.15675,0.7159124,0.9588631,0.1668869,0.4790978,-0.4097212,0.2758518,SelectionEnd
82.73553,24,2,3,0,0.7433397,0.9200839,0.2147762,343.3729,137.3482,72.15675,0.7159124,0.9588631,0.1668869,0.4790978,-0.4097212,0.2758518,GotSelection
82.74536,24,2,3,0,0.7433803,0.920029,0.2152967,343.3482,137.2747,72.23194,0.7160113,0.9596934,0.1658266,0.4868026,-0.4189683,0.2896596,SelectionStart
82.74538,24,2,3,0,0.7433803,0.920029,0.2152967,343.3482,137.2747,72.23194,0.7160113,0.9596934,0.1658266,0.4868026,-0.4189683,0.2896596,SelectionEnd
82.74867,24,2,3,0,0.7433803,0.920029,0.2152967,343.3482,137.2747,72.23194,0.7160113,0.9596934,0.1658266,0.4868026,-0.4189683,0.2896596,GotSelection
82.78906,24,2,3,0,0.7428642,0.9203609,0.2162561,343.4038,136.7105,72.43288,0.720838,0.9640293,0.1649751,0.5029294,-0.3886181,0.34453,SelectionStart
82.78908,24,2,3,0,0.7428642,0.9203609,0.2162561,343.4038,136.7105,72.43288,0.720838,0.9640293,0.1649751,0.5029294,-0.3886181,0.34453,SelectionEnd
82.79236,24,2,3,0,0.7428642,0.9203609,0.2162561,343.4038,136.7105,72.43288,0.720838,0.9640293,0.1649751,0.5029294,-0.3886181,0.34453,GotSelection
82.80138,24,2,3,0,0.7428342,0.9205357,0.2164041,343.5003,136.4693,72.50349,0.7230658,0.9659259,0.1647387,0.5106709,-0.3729628,0.3647353,SelectionStart
82.80139,24,2,3,0,0.7428342,0.9205357,0.2164041,343.5003,136.4693,72.50349,0.7230658,0.9659259,0.1647387,0.5106709,-0.3729628,0.3647353,SelectionEnd
82.80505,24,2,3,0,0.7428342,0.9205357,0.2164041,343.5003,136.4693,72.50349,0.7230658,0.9659259,0.1647387,0.5106709,-0.3729628,0.3647353,GotSelection
82.81482,24,2,3,0,0.7430695,0.9208522,0.216247,343.7017,136.051,72.62059,0.7265899,0.9683253,0.1652438,0.518568,-0.3429186,0.3834855,SelectionStart
82.81485,24,2,3,0,0.7430695,0.9208522,0.216247,343.7017,136.051,72.62059,0.7265899,0.9683253,0.1652438,0.518568,-0.3429186,0.3834855,SelectionEnd
82.81816,24,2,3,0,0.7430695,0.9208522,0.216247,343.7017,136.051,72.62059,0.7265899,0.9683253,0.1652438,0.518568,-0.3429186,0.3834855,GotSelection
82.84238,24,2,3,0,0.7450932,0.921628,0.2170346,344.2388,134.976,73.29276,0.7335614,0.97237,0.1665291,0.532763,-0.3074626,0.4110095,Nothing
82.85069,24,2,3,0,0.7464029,0.9218518,0.2177076,344.4595,134.4461,73.73367,0.7359514,0.9731548,0.1672325,0.5347922,-0.3046836,0.4142871,Nothing
82.85869,24,2,3,0,0.7473016,0.9220602,0.2181731,344.6389,134.0297,74.04752,0.7380527,0.9742652,0.1677287,0.5396787,-0.2987677,0.4205703,Nothing
82.86765,24,2,3,0,0.7485778,0.9223282,0.2193159,344.8319,133.5513,74.54523,0.7402843,0.9748798,0.1686136,0.5397559,-0.3002043,0.4250692,Nothing
82.87514,24,2,3,0,0.7494457,0.9222772,0.2207724,344.8818,132.999,75.05238,0.7426846,0.9757079,0.1692112,0.5421019,-0.3021507,0.4397877,Nothing
82.88432,24,2,3,0,0.7505437,0.9221783,0.2222004,344.9387,132.5491,75.48292,0.7458296,0.9768184,0.1698972,0.5459309,-0.2982926,0.4590674,Nothing
82.89212,24,2,3,0,0.7509488,0.921876,0.2243147,344.8054,132.1773,75.96512,0.7487525,0.9776122,0.1706434,0.5451496,-0.2974905,0.4877953,Nothing
82.90155,24,2,3,0,0.7517005,0.9213393,0.2263907,344.7229,131.5434,76.60439,0.7532938,0.9788163,0.1718425,0.5465433,-0.2869167,0.522256,Nothing
82.90919,24,2,3,0,0.7519864,0.9208973,0.2286278,344.54,131.1276,77.12231,0.7564429,0.9793622,0.1726983,0.5431098,-0.2860388,0.5537171,Nothing
82.91762,24,2,3,0,0.75235,0.9206686,0.2303058,344.4797,130.6645,77.59566,0.7596433,0.9799154,0.1737475,0.5393862,-0.2798599,0.5783935,Nothing
82.92549,24,2,3,0,0.752815,0.92028,0.2326103,344.37,130.1465,78.1134,0.7628886,0.9803785,0.1748468,0.5360384,-0.2797867,0.6067345,Nothing
82.93451,24,2,3,0,0.7530476,0.9199272,0.2344496,344.2871,129.6268,78.58624,0.7662031,0.9807026,0.1759149,0.530584,-0.2747816,0.6340494,Nothing
82.94229,24,2,3,0,0.7533618,0.9196733,0.2361393,344.2516,129.0846,79.07297,0.7696552,0.9809607,0.1771934,0.5240614,-0.2674951,0.658787,Nothing
82.95097,24,2,3,0,0.7544322,0.9195302,0.2390744,344.2349,128.0719,79.9319,0.7748721,0.9813309,0.1791474,0.5143157,-0.2669024,0.6921009,Nothing
82.95885,24,2,3,0,0.7549886,0.9188656,0.2407431,344.2629,127.3286,80.48471,0.7785578,0.9814521,0.180604,0.5119968,-0.2610103,0.7152982,Nothing
82.96852,24,2,3,0,0.7558626,0.9184434,0.24281,344.3352,126.6778,81.15968,0.7821212,0.981555,0.182146,0.5083168,-0.2613248,0.7366548,Nothing
82.98557,24,2,3,0,0.7571111,0.917753,0.2471049,344.3975,125.6378,82.40397,0.7893485,0.9816173,0.1856544,0.4953981,-0.2546223,0.7844908,Nothing
82.99297,24,2,3,0,0.7580026,0.9171692,0.2493739,344.4227,125.1506,83.07648,0.7928591,0.9815142,0.1875393,0.4908868,-0.2537378,0.8061989,Nothing
83.00105,24,2,3,0,0.7594603,0.9170383,0.251623,344.4633,124.4425,83.8615,0.7963604,0.9814796,0.1895146,0.484759,-0.2592828,0.8204736,Nothing
83.00938,24,2,3,0,0.7612426,0.9160932,0.2551926,344.5941,123.5383,85.0207,0.8015539,0.9812412,0.1923917,0.480563,-0.2661036,0.8482867,Nothing
83.01732,24,2,3,0,0.7624791,0.9154314,0.2575892,344.7355,122.803,85.84891,0.8049822,0.9810303,0.1944861,0.4788099,-0.2722575,0.8642598,Nothing
83.02597,24,2,3,0,0.763748,0.9146069,0.2600859,344.8869,121.9055,86.73566,0.8082651,0.9809553,0.1966884,0.4806643,-0.2821145,0.8786974,Nothing
83.03432,24,2,3,0,0.7649039,0.9137414,0.2626449,345.0471,121.0507,87.60712,0.8115724,0.9807989,0.1987161,0.4815695,-0.293318,0.8955992,Nothing
83.0421,24,2,3,0,0.765757,0.9125938,0.2651941,345.185,120.117,88.46824,0.8146774,0.9805067,0.2006907,0.4833423,-0.3059861,0.9137263,Nothing
83.05098,24,2,3,0,0.7665667,0.9116054,0.267651,345.3072,119.271,89.28875,0.8176131,0.9803374,0.2026475,0.4847882,-0.3178632,0.9309112,Nothing
83.05914,24,2,3,0,0.7673526,0.9105494,0.2701396,345.4235,118.485,90.09394,0.8206278,0.9801096,0.2043893,0.4855205,-0.3311559,0.9505478,Nothing
83.06801,24,2,3,0,0.7683677,0.909511,0.2723512,345.5553,117.7637,90.87124,0.8234705,0.9798853,0.2061683,0.4875559,-0.3430461,0.9653783,Nothing
83.07594,24,2,3,0,0.7696796,0.9079468,0.2758116,345.7709,116.7802,92.01574,0.827668,0.9795488,0.208735,0.4900368,-0.3618163,0.9903519,Nothing
83.08429,24,2,3,0,0.7704812,0.9068397,0.2780198,345.9378,116.191,92.74108,0.8300815,0.9791902,0.2103758,0.4920529,-0.3748371,1.004054,Nothing
83.09315,24,2,3,0,0.771358,0.9057856,0.2799502,346.1303,115.5878,93.41548,0.8323953,0.9788681,0.2119299,0.4951824,-0.3871265,1.014941,Nothing
83.10451,24,2,3,0,0.772024,0.9045859,0.2817233,346.3538,114.9797,94.02065,0.8345714,0.9786503,0.2133358,0.5015441,-0.3990989,1.026658,Nothing
83.12129,24,2,3,0,0.7732031,0.9024652,0.2851984,347.0085,113.4712,95.22825,0.8393548,0.9776213,0.2166609,0.5091208,-0.4207083,1.046912,Nothing
83.13452,24,2,3,0,0.7739869,0.9013687,0.287381,347.6422,112.1998,96.08437,0.8427817,0.9767253,0.2191501,0.512275,-0.4360574,1.056196,Nothing
83.14287,24,2,3,0,0.7744601,0.9007097,0.2881573,347.9826,111.5953,96.47328,0.8440908,0.9761581,0.2202598,0.5155237,-0.4435593,1.055639,Nothing
83.1512,24,2,3,0,0.775612,0.9001471,0.2888222,348.3627,111.1575,96.82967,0.8453315,0.9755348,0.2213386,0.5194975,-0.4503034,1.048207,Nothing
83.15955,24,2,3,0,0.7765585,0.8991953,0.2899512,348.6898,110.8205,97.22229,0.8460976,0.9747633,0.2224009,0.5240103,-0.4615165,1.041613,Nothing
83.16734,24,2,3,0,0.7774044,0.8985279,0.290988,348.9565,110.6523,97.5891,0.8469992,0.9739161,0.2233536,0.5236905,-0.4685097,1.038245,Nothing
83.17513,24,2,3,0,0.7782816,0.8978474,0.2919068,349.1388,110.6623,97.86504,0.8480387,0.9731982,0.2244228,0.5244232,-0.4692419,1.037378,Nothing
83.18408,24,2,3,0,0.7790375,0.8974663,0.2923075,349.2318,110.7173,98.01752,0.8484062,0.9724454,0.2250154,0.5220763,-0.4691663,1.03177,Nothing
83.19191,24,2,3,0,0.7792449,0.8970537,0.2925936,349.222,110.8325,98.09131,0.8487723,0.971562,0.2258013,0.5175425,-0.4620458,1.031448,Nothing
83.20079,24,2,3,0,0.7792654,0.8968431,0.2927862,349.257,110.9015,98.10001,0.8498039,0.9703724,0.2271904,0.5096019,-0.4446675,1.034875,Nothing
83.20934,24,2,3,0,0.7788443,0.897084,0.2921962,349.1557,110.9884,97.90354,0.8500589,0.9693845,0.2276877,0.4985048,-0.4268201,1.036489,Nothing
83.21704,24,2,3,0,0.7788377,0.8973852,0.2916822,349.2381,110.994,97.77522,0.850268,0.9685222,0.2283639,0.4914536,-0.412282,1.031255,Nothing
83.22597,24,2,3,0,0.7788911,0.8974038,0.2914389,349.2471,110.9947,97.72506,0.850908,0.967824,0.2288572,0.4855528,-0.4017485,1.032655,Nothing
83.23395,24,2,3,0,0.7790771,0.8975357,0.2911502,349.3284,110.9765,97.68164,0.851068,0.9669649,0.2294245,0.4791379,-0.3926345,1.026602,Nothing
83.24187,24,2,3,0,0.7794831,0.8980347,0.2905832,349.4669,111.0188,97.57765,0.8510165,0.9660808,0.2298709,0.4711168,-0.3818775,1.015051,Nothing
83.25093,24,2,3,0,0.7802742,0.8983693,0.2900904,349.529,111.1786,97.5328,0.850548,0.9652367,0.2302669,0.4642023,-0.374165,0.9981649,Nothing
83.25909,24,2,3,0,0.7807148,0.8987716,0.2895716,349.6104,111.3165,97.42285,0.850092,0.9638553,0.230779,0.4517628,-0.3628741,0.9827495,Nothing
83.26765,24,2,3,0,0.7812223,0.8989924,0.2889113,349.6385,111.514,97.28273,0.8495935,0.9622782,0.2316658,0.4395513,-0.3460349,0.9651377,Nothing
83.27505,24,2,3,0,0.7813305,0.8993535,0.288171,349.632,111.6903,97.07533,0.8491969,0.9611905,0.2322879,0.4295634,-0.3292736,0.9536379,Nothing
83.28426,24,2,3,0,0.7811307,0.8997111,0.2874797,349.5522,111.8759,96.86792,0.8483907,0.9597859,0.23297,0.4153052,-0.3122936,0.9411157,Nothing
83.29242,24,2,3,0,0.7810865,0.900148,0.2866053,349.5086,112.0507,96.63094,0.8474877,0.9586222,0.2337888,0.4041971,-0.2937315,0.9248995,Nothing
83.30038,24,2,3,0,0.7811004,0.90062,0.2857036,349.5062,112.2215,96.39949,0.8466309,0.9575361,0.2343377,0.3936088,-0.2778787,0.9091498,Nothing
83.30902,24,2,3,0,0.7810926,0.9011571,0.2844932,349.4294,112.4864,96.11327,0.8459227,0.9566328,0.2350952,0.3839137,-0.2550148,0.8940271,Nothing
83.31741,24,2,3,0,0.7812377,0.9015251,0.2836676,349.4327,112.6887,95.88438,0.8453801,0.9557677,0.2357746,0.37627,-0.2382106,0.8802462,Nothing
83.3253,24,2,3,0,0.7815461,0.9018335,0.2826744,349.4181,112.9492,95.66919,0.8443021,0.9553682,0.2364139,0.3746033,-0.2230513,0.8607127,Nothing
83.33383,24,2,3,0,0.7819094,0.9023322,0.2814019,349.4214,113.2737,95.37481,0.8435603,0.9544872,0.2372071,0.3670511,-0.2009326,0.8407578,Nothing
83.34198,24,2,3,0,0.7819908,0.9026591,0.2808577,349.4138,113.4855,95.19191,0.8432016,0.9540225,0.2377846,0.3621924,-0.1877107,0.8313915,Nothing
83.35071,24,2,3,0,0.7822514,0.9027678,0.2803921,349.4152,113.6457,95.08706,0.8430365,0.9541624,0.2378565,0.364395,-0.1818175,0.8257891,Nothing
83.35895,24,2,3,0,0.782445,0.9029425,0.2798228,349.4044,113.8108,94.96152,0.8425002,0.9535918,0.2383681,0.3599752,-0.1713453,0.8138087,Nothing
83.36772,24,2,3,0,0.7825582,0.9028593,0.2795843,349.3467,113.9588,94.91899,0.8422309,0.9535576,0.2386776,0.3612476,-0.1657434,0.8088928,Nothing
83.37498,24,2,3,0,0.7826292,0.9029093,0.2791663,349.2839,114.1833,94.81756,0.8415687,0.9534772,0.2391448,0.3618824,-0.1570842,0.799226,Nothing
83.38449,24,2,3,0,0.7827625,0.9028758,0.2786097,349.1644,114.5536,94.66286,0.8411763,0.9535869,0.239542,0.364508,-0.1449991,0.7923014,Nothing
83.39247,24,2,3,0,0.7827263,0.9028747,0.2782406,349.0269,114.8742,94.53327,0.8402671,0.9535479,0.240293,0.3657231,-0.1336298,0.7810953,Nothing
83.40048,24,2,3,0,0.782768,0.9028001,0.2778202,348.8707,115.2071,94.39327,0.8395929,0.9535901,0.2408614,0.3678436,-0.1227839,0.7722296,Nothing
83.40851,24,2,3,0,0.7827724,0.9028049,0.2773772,348.7304,115.5361,94.24465,0.8386388,0.9536916,0.241405,0.3703533,-0.1131662,0.7609524,Nothing
83.41739,24,2,3,0,0.7827632,0.9028594,0.2768255,348.6321,115.8021,94.09488,0.8379771,0.953748,0.2418581,0.3720164,-0.1028183,0.7517352,Nothing
83.42552,24,2,3,0,0.7828327,0.9029067,0.2761649,348.5605,116.0144,93.93452,0.8373247,0.9541443,0.2422163,0.3775914,-0.09355327,0.7422301,Nothing
83.43419,24,2,3,0,0.7830135,0.9031873,0.2755471,348.5516,116.2234,93.76659,0.8366247,0.9546659,0.2425457,0.3830124,-0.08569499,0.7309291,Nothing
83.44354,24,2,3,0,0.783149,0.9033421,0.2746183,348.4959,116.5757,93.5332,0.8354872,0.9553848,0.2429411,0.3923508,-0.07446652,0.715501,Nothing
83.4593,24,2,3,0,0.7836567,0.9039021,0.2735304,348.4657,117.0594,93.25631,0.8341074,0.9566242,0.2435518,0.4047036,-0.06130678,0.6929628,Nothing
83.46764,24,2,3,0,0.7839475,0.9037533,0.2730801,348.4431,117.288,93.13561,0.8335059,0.957435,0.2438109,0.4166419,-0.05645078,0.6840521,Nothing
83.47595,24,2,3,0,0.7840804,0.9041644,0.2725944,348.3941,117.5447,92.99483,0.8327293,0.9580319,0.2440946,0.4206798,-0.05032777,0.673319,Nothing
83.4843,24,2,3,0,0.7841958,0.9045614,0.2720664,348.3472,117.7521,92.89706,0.8318328,0.9586463,0.244444,0.42531,-0.04463958,0.6611806,Nothing
83.49219,24,2,3,0,0.7842461,0.9047036,0.2717006,348.2747,118.007,92.79649,0.8309121,0.9593583,0.2446392,0.4326794,-0.04134645,0.6518013,Nothing
83.50098,24,2,3,0,0.7848406,0.9047296,0.2714696,348.2185,118.3853,92.76453,0.8300917,0.9600037,0.2449181,0.4413761,-0.04017723,0.6387842,Nothing
83.50871,24,2,3,0,0.784939,0.9048027,0.2711431,348.1178,118.6954,92.66535,0.8291645,0.9606448,0.2451754,0.4485871,-0.03664608,0.6290659,Nothing
83.51785,24,2,3,0,0.785202,0.9051101,0.2707296,347.9677,119.2718,92.51532,0.8277003,0.9617057,0.2456697,0.4588698,-0.03119006,0.6125122,Nothing
83.52554,24,2,3,0,0.7853671,0.9052107,0.2703722,347.8651,119.6227,92.40816,0.8267905,0.9624397,0.245979,0.4669873,-0.02709172,0.6021435,Nothing
83.53445,24,2,3,0,0.7854228,0.9050962,0.2700262,347.7814,119.9224,92.29526,0.8259463,0.9631892,0.2463225,0.4773514,-0.02250081,0.5935169,Nothing
83.54314,24,2,3,0,0.7849771,0.9051353,0.2696215,347.7317,120.1235,92.13455,0.8251776,0.9639696,0.2467685,0.4860912,-0.01394564,0.5885058,Nothing
83.55075,24,2,3,0,0.784981,0.9052871,0.2691031,347.6752,120.3729,91.98859,0.8244431,0.9647565,0.2473389,0.4947326,-0.005173685,0.5785099,Nothing
83.55931,24,2,3,0,0.785105,0.9054927,0.2684531,347.6957,120.5717,91.83578,0.8237121,0.9655368,0.2478621,0.5038214,0.003321097,0.5662532,Nothing
83.56754,24,2,3,0,0.7853272,0.9053953,0.2679249,347.6702,120.7781,91.69561,0.8232052,0.9663889,0.2486479,0.5161378,0.01351029,0.55553,Nothing
83.57578,24,2,3,0,0.7850134,0.9058237,0.2672524,347.6754,121.0813,91.51505,0.8223013,0.9675952,0.2497221,0.5273724,0.02928594,0.5429984,Nothing
83.58409,24,2,3,0,0.7851371,0.9060282,0.2667157,347.7,121.2953,91.39097,0.8218409,0.9684392,0.2505255,0.5367912,0.04034939,0.5320864,Nothing
83.59276,24,2,3,0,0.7852191,0.9063005,0.2661753,347.6966,121.5416,91.26402,0.8213179,0.9693065,0.2513185,0.5455077,0.05145534,0.5210933,Nothing
83.6021,24,2,3,0,0.7856399,0.9063081,0.2657234,347.6698,121.8764,91.15083,0.8208933,0.9701639,0.2521783,0.5569651,0.06140704,0.5087721,Nothing
83.60934,24,2,3,0,0.785628,0.9064635,0.2653096,347.6077,122.1818,91.01366,0.8207226,0.9711899,0.2529739,0.5669309,0.07415909,0.5031391,Nothing
83.61749,24,2,3,0,0.7853604,0.9068297,0.2649077,347.5296,122.4658,90.86497,0.820383,0.9720218,0.2538527,0.5726168,0.08800557,0.4970699,Nothing
83.62529,24,2,3,0,0.7850405,0.9070163,0.2644766,347.4331,122.6958,90.69699,0.8199992,0.9729594,0.2548389,0.5810609,0.1028478,0.4911582,Nothing
83.63515,24,2,3,0,0.7845155,0.9073945,0.2638984,347.2981,122.9947,90.45229,0.8196061,0.9742757,0.2562662,0.5912778,0.1249782,0.4842945,Nothing
83.64221,24,2,3,0,0.784559,0.9074048,0.263456,347.2175,123.1741,90.30834,0.8195794,0.9753153,0.2573152,0.6026568,0.1398167,0.4783463,Nothing
83.65091,24,2,3,0,0.7842485,0.9076173,0.263051,347.1631,123.2979,90.15816,0.8196777,0.9763201,0.2584143,0.610926,0.1572064,0.4755965,Nothing
83.65898,24,2,3,0,0.7841592,0.9079284,0.2627071,347.1448,123.4364,90.03384,0.8198012,0.9773936,0.2594152,0.6193863,0.1719647,0.471543,Nothing
83.66817,24,2,3,0,0.7841998,0.9081761,0.2624354,347.1575,123.5425,89.95907,0.8197675,0.9784681,0.2604194,0.629293,0.1838063,0.4653406,Nothing
83.68471,24,2,3,0,0.7839986,0.9082705,0.2621374,347.12,123.715,89.83087,0.8200033,0.9804293,0.2624186,0.6492687,0.2081866,0.4603921,SelectionStart
83.68472,24,2,3,0,0.7839986,0.9082705,0.2621374,347.12,123.715,89.83087,0.8200033,0.9804293,0.2624186,0.6492687,0.2081866,0.4603921,SelectionEnd
83.68822,24,2,3,0,0.7839986,0.9082705,0.2621374,347.12,123.715,89.83087,0.8200033,0.9804293,0.2624186,0.6492687,0.2081866,0.4603921,GotSelection
83.69884,24,2,3,0,0.7836091,0.9083213,0.2620846,347.0261,123.7755,89.76351,0.8203458,0.9822077,0.2642314,0.6663889,0.2293145,0.4609393,SelectionStart
83.69887,24,2,3,0,0.7836091,0.9083213,0.2620846,347.0261,123.7755,89.76351,0.8203458,0.9822077,0.2642314,0.6663889,0.2293145,0.4609393,SelectionEnd
83.70221,24,2,3,0,0.7836091,0.9083213,0.2620846,347.0261,123.7755,89.76351,0.8203458,0.9822077,0.2642314,0.6663889,0.2293145,0.4609393,GotSelection
83.7124,24,2,3,0,0.7833278,0.9083157,0.2621348,346.9322,123.9021,89.7126,0.8199157,0.9832989,0.2657184,0.6785167,0.2419482,0.454882,SelectionStart
83.71243,24,2,3,0,0.7833278,0.9083157,0.2621348,346.9322,123.9021,89.7126,0.8199157,0.9832989,0.2657184,0.6785167,0.2419482,0.454882,SelectionEnd
83.71623,24,2,3,0,0.7833278,0.9083157,0.2621348,346.9322,123.9021,89.7126,0.8199157,0.9832989,0.2657184,0.6785167,0.2419482,0.454882,GotSelection
83.72609,24,2,3,0,0.7828237,0.9082204,0.2622532,346.7838,124.2921,89.59534,0.8202462,0.9851683,0.2671626,0.6967308,0.2614059,0.4590653,SelectionStart
83.7261,24,2,3,0,0.7828237,0.9082204,0.2622532,346.7838,124.2921,89.59534,0.8202462,0.9851683,0.2671626,0.6967308,0.2614059,0.4590653,SelectionEnd
83.72939,24,2,3,0,0.7828237,0.9082204,0.2622532,346.7838,124.2921,89.59534,0.8202462,0.9851683,0.2671626,0.6967308,0.2614059,0.4590653,GotSelection
83.73935,24,2,3,0,0.7826579,0.9083705,0.2621966,346.7013,124.5415,89.51974,0.8196027,0.9857624,0.2685805,0.7031834,0.2732576,0.4478179,SelectionStart
83.73936,24,2,3,0,0.7826579,0.9083705,0.2621966,346.7013,124.5415,89.51974,0.8196027,0.9857624,0.2685805,0.7031834,0.2732576,0.4478179,SelectionEnd
83.74265,24,2,3,0,0.7826579,0.9083705,0.2621966,346.7013,124.5415,89.51974,0.8196027,0.9857624,0.2685805,0.7031834,0.2732576,0.4478179,GotSelection
83.75223,24,2,3,0,0.7827517,0.9084614,0.2617564,346.6575,124.8285,89.38254,0.8190053,0.9865927,0.2704115,0.714047,0.2914245,0.4302825,SelectionStart
83.75224,24,2,3,0,0.7827517,0.9084614,0.2617564,346.6575,124.8285,89.38254,0.8190053,0.9865927,0.2704115,0.714047,0.2914245,0.4302825,SelectionEnd
83.75597,24,2,3,0,0.7827517,0.9084614,0.2617564,346.6575,124.8285,89.38254,0.8190053,0.9865927,0.2704115,0.714047,0.2914245,0.4302825,GotSelection
83.76761,24,2,3,0,0.7826129,0.9084947,0.2611963,346.7043,124.987,89.21326,0.818059,0.9875351,0.2723219,0.7273865,0.3103554,0.4104314,SelectionStart
83.76762,24,2,3,0,0.7826129,0.9084947,0.2611963,346.7043,124.987,89.21326,0.818059,0.9875351,0.2723219,0.7273865,0.3103554,0.4104314,SelectionEnd
83.77115,24,2,3,0,0.7826129,0.9084947,0.2611963,346.7043,124.987,89.21326,0.818059,0.9875351,0.2723219,0.7273865,0.3103554,0.4104314,GotSelection
83.78159,24,2,3,0,0.7826927,0.9087034,0.2606765,346.7638,125.0412,89.10325,0.8172929,0.9872012,0.2738363,0.7260453,0.3239951,0.389651,SelectionStart
83.7816,24,2,3,0,0.7826927,0.9087034,0.2606765,346.7638,125.0412,89.10325,0.8172929,0.9872012,0.2738363,0.7260453,0.3239951,0.389651,SelectionEnd
83.78484,24,2,3,0,0.7826927,0.9087034,0.2606765,346.7638,125.0412,89.10325,0.8172929,0.9872012,0.2738363,0.7260453,0.3239951,0.389651,GotSelection
83.82961,24,2,3,0,0.7826082,0.9089715,0.2608248,346.5889,125.3945,89.09177,0.8142039,0.986789,0.2775059,0.7289018,0.33702,0.3438475,SelectionStart
83.82962,24,2,3,0,0.7826082,0.9089715,0.2608248,346.5889,125.3945,89.09177,0.8142039,0.986789,0.2775059,0.7289018,0.33702,0.3438475,SelectionEnd
83.83293,24,2,3,0,0.7826082,0.9089715,0.2608248,346.5889,125.3945,89.09177,0.8142039,0.986789,0.2775059,0.7289018,0.33702,0.3438475,GotSelection
83.84248,24,2,3,0,0.7824842,0.9088552,0.2609439,346.4493,125.6863,89.05346,0.8125141,0.9862105,0.2780279,0.7273281,0.3323368,0.327972,SelectionStart
83.8425,24,2,3,0,0.7824842,0.9088552,0.2609439,346.4493,125.6863,89.05346,0.8125141,0.9862105,0.2780279,0.7273281,0.3323368,0.327972,SelectionEnd
83.84587,24,2,3,0,0.7824842,0.9088552,0.2609439,346.4493,125.6863,89.05346,0.8125141,0.9862105,0.2780279,0.7273281,0.3323368,0.327972,GotSelection
83.85745,24,2,3,0,0.7823052,0.9089557,0.2606786,346.3751,125.8622,88.96552,0.8106287,0.9859554,0.2779532,0.726838,0.3252788,0.3122927,SelectionStart
83.85748,24,2,3,0,0.7823052,0.9089557,0.2606786,346.3751,125.8622,88.96552,0.8106287,0.9859554,0.2779532,0.726838,0.3252788,0.3122927,SelectionEnd
83.86079,24,2,3,0,0.7823052,0.9089557,0.2606786,346.3751,125.8622,88.96552,0.8106287,0.9859554,0.2779532,0.726838,0.3252788,0.3122927,GotSelection
83.87109,24,2,3,0,0.7824351,0.9091302,0.2600925,346.4107,125.9524,88.86398,0.8089409,0.9851308,0.2768953,0.7198147,0.3118582,0.2971206,SelectionStart
83.87112,24,2,3,0,0.7824351,0.9091302,0.2600925,346.4107,125.9524,88.86398,0.8089409,0.9851308,0.2768953,0.7198147,0.3118582,0.2971206,SelectionEnd
83.87434,24,2,3,0,0.7824351,0.9091302,0.2600925,346.4107,125.9524,88.86398,0.8089409,0.9851308,0.2768953,0.7198147,0.3118582,0.2971206,GotSelection
83.88445,24,2,3,0,0.7828898,0.909614,0.2592555,346.4835,126.1516,88.74736,0.8064666,0.9845032,0.2752808,0.7138379,0.2895771,0.2736317,SelectionStart
83.88448,24,2,3,0,0.7828898,0.909614,0.2592555,346.4835,126.1516,88.74736,0.8064666,0.9845032,0.2752808,0.7138379,0.2895771,0.2736317,SelectionEnd
83.88773,24,2,3,0,0.7828898,0.909614,0.2592555,346.4835,126.1516,88.74736,0.8064666,0.9845032,0.2752808,0.7138379,0.2895771,0.2736317,GotSelection
83.89769,24,2,3,0,0.7830644,0.9099032,0.2588006,346.5546,126.1888,88.66782,0.8046473,0.9838226,0.2738173,0.7070699,0.2701627,0.2602059,SelectionStart
83.89771,24,2,3,0,0.7830644,0.9099032,0.2588006,346.5546,126.1888,88.66782,0.8046473,0.9838226,0.2738173,0.7070699,0.2701627,0.2602059,SelectionEnd
83.90126,24,2,3,0,0.7830644,0.9099032,0.2588006,346.5546,126.1888,88.66782,0.8046473,0.9838226,0.2738173,0.7070699,0.2701627,0.2602059,GotSelection
83.91122,24,2,3,0,0.7837089,0.9097754,0.2586894,346.6224,126.2808,88.6843,0.8023943,0.9828349,0.27145,0.7022023,0.23393,0.2470027,SelectionStart
83.91125,24,2,3,0,0.7837089,0.9097754,0.2586894,346.6224,126.2808,88.6843,0.8023943,0.9828349,0.27145,0.7022023,0.23393,0.2470027,SelectionEnd
83.9147,24,2,3,0,0.7837089,0.9097754,0.2586894,346.6224,126.2808,88.6843,0.8023943,0.9828349,0.27145,0.7022023,0.23393,0.2470027,GotSelection
83.92578,24,2,3,0,0.7845194,0.909565,0.2584977,346.6718,126.411,88.69851,0.7988765,0.9814121,0.2682147,0.6956563,0.1825666,0.2264165,SelectionStart
83.9258,24,2,3,0,0.7845194,0.909565,0.2584977,346.6718,126.411,88.69851,0.7988765,0.9814121,0.2682147,0.6956563,0.1825666,0.2264165,SelectionEnd
83.92912,24,2,3,0,0.7845194,0.909565,0.2584977,346.6718,126.411,88.69851,0.7988765,0.9814121,0.2682147,0.6956563,0.1825666,0.2264165,GotSelection
83.94044,24,2,3,0,0.7847987,0.9094459,0.2583726,346.658,126.4277,88.68994,0.7951106,0.9798901,0.2643216,0.6853247,0.1270027,0.2131355,SelectionStart
83.94046,24,2,3,0,0.7847987,0.9094459,0.2583726,346.658,126.4277,88.68994,0.7951106,0.9798901,0.2643216,0.6853247,0.1270027,0.2131355,SelectionEnd
83.94376,24,2,3,0,0.7847987,0.9094459,0.2583726,346.658,126.4277,88.68994,0.7951106,0.9798901,0.2643216,0.6853247,0.1270027,0.2131355,GotSelection
83.95363,24,2,3,0,0.7845561,0.9092696,0.2586124,346.6041,126.4417,88.68978,0.7924893,0.9783809,0.2610858,0.6725305,0.08377437,0.2121039,SelectionStart
83.95364,24,2,3,0,0.7845561,0.9092696,0.2586124,346.6041,126.4417,88.68978,0.7924893,0.9783809,0.2610858,0.6725305,0.08377437,0.2121039,SelectionEnd
83.957,24,2,3,0,0.7845561,0.9092696,0.2586124,346.6041,126.4417,88.68978,0.7924893,0.9783809,0.2610858,0.6725305,0.08377437,0.2121039,GotSelection
83.99947,24,2,3,0,0.7841826,0.9096622,0.2588696,346.6589,126.4982,88.73598,0.7862034,0.9753699,0.2521159,0.6397663,-0.02901882,0.2106813,SelectionStart
83.9995,24,2,3,0,0.7841826,0.9096622,0.2588696,346.6589,126.4982,88.73598,0.7862034,0.9753699,0.2521159,0.6397663,-0.02901882,0.2106813,SelectionEnd
84.00322,24,2,3,0,0.7841826,0.9096622,0.2588696,346.6589,126.4982,88.73598,0.7862034,0.9753699,0.2521159,0.6397663,-0.02901882,0.2106813,GotSelection
84.01393,24,2,3,0,0.783554,0.9102625,0.2590374,346.9995,126.2897,88.78044,0.7790857,0.9708225,0.2400617,0.5882423,-0.1705361,0.2148266,SelectionStart
84.01396,24,2,3,0,0.783554,0.9102625,0.2590374,346.9995,126.2897,88.78044,0.7790857,0.9708225,0.2400617,0.5882423,-0.1705361,0.2148266,SelectionEnd
84.01744,24,2,3,0,0.783554,0.9102625,0.2590374,346.9995,126.2897,88.78044,0.7790857,0.9708225,0.2400617,0.5882423,-0.1705361,0.2148266,GotSelection
84.02649,24,2,3,0,0.7833592,0.9101855,0.2591062,347.0314,126.2081,88.80605,0.77718,0.9691549,0.2357701,0.5707631,-0.2174868,0.2224872,SelectionStart
84.0265,24,2,3,0,0.7833592,0.9101855,0.2591062,347.0314,126.2081,88.80605,0.77718,0.9691549,0.2357701,0.5707631,-0.2174868,0.2224872,SelectionEnd
84.02994,24,2,3,0,0.7833592,0.9101855,0.2591062,347.0314,126.2081,88.80605,0.77718,0.9691549,0.2357701,0.5707631,-0.2174868,0.2224872,GotSelection
84.04189,24,2,3,0,0.7837952,0.9099712,0.2593254,347.0015,126.0329,88.90621,0.7745327,0.9668473,0.2301558,0.5487433,-0.2858142,0.2266218,SelectionStart
84.04192,24,2,3,0,0.7837952,0.9099712,0.2593254,347.0015,126.0329,88.90621,0.7745327,0.9668473,0.2301558,0.5487433,-0.2858142,0.2266218,SelectionEnd
84.04527,24,2,3,0,0.7837952,0.9099712,0.2593254,347.0015,126.0329,88.90621,0.7745327,0.9668473,0.2301558,0.5487433,-0.2858142,0.2266218,GotSelection
84.05495,24,2,3,0,0.7834626,0.9098662,0.2595959,346.9266,126.0133,88.93912,0.773002,0.9652609,0.2258888,0.5304949,-0.3311363,0.2406961,SelectionStart
84.05496,24,2,3,0,0.7834626,0.9098662,0.2595959,346.9266,126.0133,88.93912,0.773002,0.9652609,0.2258888,0.5304949,-0.3311363,0.2406961,SelectionEnd
84.05821,24,2,3,0,0.7834626,0.9098662,0.2595959,346.9266,126.0133,88.93912,0.773002,0.9652609,0.2258888,0.5304949,-0.3311363,0.2406961,GotSelection
84.06851,24,2,3,0,0.782974,0.9098048,0.2597642,346.8346,126.0157,88.91782,0.7711356,0.9631991,0.2203241,0.5061669,-0.3869788,0.2593204,SelectionStart
84.06853,24,2,3,0,0.782974,0.9098048,0.2597642,346.8346,126.0157,88.91782,0.7711356,0.9631991,0.2203241,0.5061669,-0.3869788,0.2593204,SelectionEnd
84.07188,24,2,3,0,0.782974,0.9098048,0.2597642,346.8346,126.0157,88.91782,0.7711356,0.9631991,0.2203241,0.5061669,-0.3869788,0.2593204,GotSelection
84.08475,24,2,3,0,0.7828932,0.9100132,0.2595023,346.8349,126.0049,88.85262,0.7693058,0.9612225,0.2152437,0.4826373,-0.4371745,0.2682503,SelectionStart
84.08478,24,2,3,0,0.7828932,0.9100132,0.2595023,346.8349,126.0049,88.85262,0.7693058,0.9612225,0.2152437,0.4826373,-0.4371745,0.2682503,SelectionEnd
84.08855,24,2,3,0,0.7828932,0.9100132,0.2595023,346.8349,126.0049,88.85262,0.7693058,0.9612225,0.2152437,0.4826373,-0.4371745,0.2682503,GotSelection
84.10057,24,2,3,0,0.7827551,0.9103154,0.2591347,346.9084,125.9545,88.7719,0.7682521,0.9594749,0.2106991,0.4602278,-0.4771105,0.2795289,SelectionStart
84.10062,24,2,3,0,0.7827551,0.9103154,0.2591347,346.9084,125.9545,88.7719,0.7682521,0.9594749,0.2106991,0.4602278,-0.4771105,0.2795289,SelectionEnd
84.10606,24,2,3,0,0.7827551,0.9103154,0.2591347,346.9084,125.9545,88.7719,0.7682521,0.9594749,0.2106991,0.4602278,-0.4771105,0.2795289,GotSelection
84.11774,24,2,3,0,0.7826828,0.910504,0.258924,346.9612,125.9383,88.71045,0.7676435,0.9582194,0.2070533,0.4437512,-0.5086403,0.2913786,SelectionStart
84.11777,24,2,3,0,0.7826828,0.910504,0.258924,346.9612,125.9383,88.71045,0.7676435,0.9582194,0.2070533,0.4437512,-0.5086403,0.2913786,SelectionEnd
84.12105,24,2,3,0,0.7826828,0.910504,0.258924,346.9612,125.9383,88.71045,0.7676435,0.9582194,0.2070533,0.4437512,-0.5086403,0.2913786,GotSelection
84.131,24,2,3,0,0.7825122,0.9108063,0.2586928,346.9656,125.9855,88.63838,0.7672162,0.9574776,0.2037907,0.4309509,-0.5348188,0.3049965,SelectionStart
84.13101,24,2,3,0,0.7825122,0.9108063,0.2586928,346.9656,125.9855,88.63838,0.7672162,0.9574776,0.2037907,0.4309509,-0.5348188,0.3049965,SelectionEnd
84.13431,24,2,3,0,0.7825122,0.9108063,0.2586928,346.9656,125.9855,88.63838,0.7672162,0.9574776,0.2037907,0.4309509,-0.5348188,0.3049965,GotSelection
84.14458,24,2,3,0,0.782079,0.9110491,0.2586525,346.9016,126.0043,88.56225,0.7670687,0.9569054,0.2021105,0.4207148,-0.5462775,0.3156297,SelectionStart
84.14459,24,2,3,0,0.782079,0.9110491,0.2586525,346.9016,126.0043,88.56225,0.7670687,0.9569054,0.2021105,0.4207148,-0.5462775,0.3156297,SelectionEnd
84.14793,24,2,3,0,0.782079,0.9110491,0.2586525,346.9016,126.0043,88.56225,0.7670687,0.9569054,0.2021105,0.4207148,-0.5462775,0.3156297,GotSelection
84.18983,24,2,3,0,0.7817155,0.9109132,0.258372,346.7659,126.1498,88.4388,0.7682689,0.9589412,0.2005185,0.4376477,-0.5457855,0.3432611,SelectionStart
84.18987,24,2,3,0,0.7817155,0.9109132,0.258372,346.7659,126.1498,88.4388,0.7682689,0.9589412,0.2005185,0.4376477,-0.5457855,0.3432611,SelectionEnd
84.19312,24,2,3,0,0.7817155,0.9109132,0.258372,346.7659,126.1498,88.4388,0.7682689,0.9589412,0.2005185,0.4376477,-0.5457855,0.3432611,GotSelection
84.20245,24,2,3,0,0.7817153,0.9108744,0.2583012,346.7188,126.2159,88.42239,0.7688063,0.959757,0.2012039,0.4456199,-0.5357029,0.3461081,SelectionStart
84.20248,24,2,3,0,0.7817153,0.9108744,0.2583012,346.7188,126.2159,88.42239,0.7688063,0.959757,0.2012039,0.4456199,-0.5357029,0.3461081,SelectionEnd
84.2057,24,2,3,0,0.7817153,0.9108744,0.2583012,346.7188,126.2159,88.42239,0.7688063,0.959757,0.2012039,0.4456199,-0.5357029,0.3461081,GotSelection
84.21854,24,2,3,0,0.7818787,0.9108022,0.2582232,346.6739,126.3385,88.37603,0.7699633,0.9619489,0.2034999,0.4686663,-0.5086644,0.346891,SelectionStart
84.21857,24,2,3,0,0.7818787,0.9108022,0.2582232,346.6739,126.3385,88.37603,0.7699633,0.9619489,0.2034999,0.4686663,-0.5086644,0.346891,SelectionEnd
84.22221,24,2,3,0,0.7818787,0.9108022,0.2582232,346.6739,126.3385,88.37603,0.7699633,0.9619489,0.2034999,0.4686663,-0.5086644,0.346891,GotSelection
84.23285,24,2,3,0,0.7820385,0.9107878,0.2579999,346.6472,126.4733,88.34504,0.7712144,0.9646362,0.2068335,0.4971658,-0.4712333,0.3423832,SelectionStart
84.23288,24,2,3,0,0.7820385,0.9107878,0.2579999,346.6472,126.4733,88.34504,0.7712144,0.9646362,0.2068335,0.4971658,-0.4712333,0.3423832,SelectionEnd
84.23668,24,2,3,0,0.7820385,0.9107878,0.2579999,346.6472,126.4733,88.34504,0.7712144,0.9646362,0.2068335,0.4971658,-0.4712333,0.3423832,GotSelection
84.24696,24,2,3,0,0.7825267,0.9108374,0.2576583,346.6986,126.5629,88.34559,0.7722642,0.9665197,0.2103301,0.5187824,-0.4353872,0.3287724,SelectionStart
84.24698,24,2,3,0,0.7825267,0.9108374,0.2576583,346.6986,126.5629,88.34559,0.7722642,0.9665197,0.2103301,0.5187824,-0.4353872,0.3287724,SelectionEnd
84.25023,24,2,3,0,0.7825267,0.9108374,0.2576583,346.6986,126.5629,88.34559,0.7722642,0.9665197,0.2103301,0.5187824,-0.4353872,0.3287724,GotSelection
84.25972,24,2,3,0,0.7829528,0.9108841,0.2572559,346.7667,126.6475,88.33441,0.7738208,0.9685736,0.2147955,0.542329,-0.3875554,0.3136571,SelectionStart
84.25974,24,2,3,0,0.7829528,0.9108841,0.2572559,346.7667,126.6475,88.33441,0.7738208,0.9685736,0.2147955,0.542329,-0.3875554,0.3136571,SelectionEnd
84.26367,24,2,3,0,0.7829528,0.9108841,0.2572559,346.7667,126.6475,88.33441,0.7738208,0.9685736,0.2147955,0.542329,-0.3875554,0.3136571,GotSelection
84.27559,24,2,3,0,0.7835128,0.9108785,0.2566916,346.8546,126.7443,88.31431,0.7752331,0.9709796,0.2200974,0.5717196,-0.3330121,0.2910216,SelectionStart
84.2756,24,2,3,0,0.7835128,0.9108785,0.2566916,346.8546,126.7443,88.31431,0.7752331,0.9709796,0.2200974,0.5717196,-0.3330121,0.2910216,SelectionEnd
84.2789,24,2,3,0,0.7835128,0.9108785,0.2566916,346.8546,126.7443,88.31431,0.7752331,0.9709796,0.2200974,0.5717196,-0.3330121,0.2910216,GotSelection
84.28844,24,2,3,0,0.7839615,0.9108555,0.2563789,346.89,126.8052,88.30463,0.7762635,0.9728097,0.2245188,0.5945058,-0.2898341,0.271771,SelectionStart
84.28845,24,2,3,0,0.7839615,0.9108555,0.2563789,346.89,126.8052,88.30463,0.7762635,0.9728097,0.2245188,0.5945058,-0.2898341,0.271771,SelectionEnd
84.29179,24,2,3,0,0.7839615,0.9108555,0.2563789,346.89,126.8052,88.30463,0.7762635,0.9728097,0.2245188,0.5945058,-0.2898341,0.271771,GotSelection
84.30281,24,2,3,0,0.7841497,0.9109907,0.2561311,346.9025,126.8841,88.29393,0.7778105,0.9749129,0.2300803,0.6179503,-0.2330956,0.2527585,SelectionStart
84.30283,24,2,3,0,0.7841497,0.9109907,0.2561311,346.9025,126.8841,88.29393,0.7778105,0.9749129,0.2300803,0.6179503,-0.2330956,0.2527585,SelectionEnd
84.30608,24,2,3,0,0.7841497,0.9109907,0.2561311,346.9025,126.8841,88.29393,0.7778105,0.9749129,0.2300803,0.6179503,-0.2330956,0.2527585,GotSelection
84.31859,24,2,3,0,0.7843547,0.9109784,0.2558988,346.9058,126.9813,88.26756,0.7793913,0.9771919,0.2359768,0.6449404,-0.1733978,0.2327205,SelectionStart
84.31862,24,2,3,0,0.7843547,0.9109784,0.2558988,346.9058,126.9813,88.26756,0.7793913,0.9771919,0.2359768,0.6449404,-0.1733978,0.2327205,SelectionEnd
84.3228,24,2,3,0,0.7843547,0.9109784,0.2558988,346.9058,126.9813,88.26756,0.7793913,0.9771919,0.2359768,0.6449404,-0.1733978,0.2327205,GotSelection
84.33444,24,2,3,0,0.7845001,0.9110617,0.2555725,346.9015,127.1404,88.19536,0.7809836,0.9792484,0.2417395,0.6686001,-0.1131576,0.2127828,SelectionStart
84.33446,24,2,3,0,0.7845001,0.9110617,0.2555725,346.9015,127.1404,88.19536,0.7809836,0.9792484,0.2417395,0.6686001,-0.1131576,0.2127828,SelectionEnd
84.33772,24,2,3,0,0.7845001,0.9110617,0.2555725,346.9015,127.1404,88.19536,0.7809836,0.9792484,0.2417395,0.6686001,-0.1131576,0.2127828,GotSelection
84.37903,24,2,3,0,0.7844058,0.9115958,0.2546473,346.9217,127.3662,87.94749,0.7842953,0.9833523,0.2573041,0.715781,0.04652278,0.1487543,SelectionStart
84.37904,24,2,3,0,0.7844058,0.9115958,0.2546473,346.9217,127.3662,87.94749,0.7842953,0.9833523,0.2573041,0.715781,0.04652278,0.1487543,SelectionEnd
84.38248,24,2,3,0,0.7844058,0.9115958,0.2546473,346.9217,127.3662,87.94749,0.7842953,0.9833523,0.2573041,0.715781,0.04652278,0.1487543,GotSelection
84.39378,24,2,3,0,0.7839372,0.9117382,0.2547369,346.8592,127.3296,87.88588,0.7856004,0.9843087,0.2626531,0.7257903,0.1013495,0.1337648,SelectionStart
84.3938,24,2,3,0,0.7839372,0.9117382,0.2547369,346.8592,127.3296,87.88588,0.7856004,0.9843087,0.2626531,0.7257903,0.1013495,0.1337648,SelectionEnd
84.39743,24,2,3,0,0.7839372,0.9117382,0.2547369,346.8592,127.3296,87.88588,0.7856004,0.9843087,0.2626531,0.7257903,0.1013495,0.1337648,GotSelection
84.40929,24,2,3,0,0.7832925,0.9118307,0.2550328,346.7644,127.2701,87.86232,0.7868565,0.9847286,0.2670122,0.7292998,0.146579,0.1263961,SelectionStart
84.40932,24,2,3,0,0.7832925,0.9118307,0.2550328,346.7644,127.2701,87.86232,0.7868565,0.9847286,0.2670122,0.7292998,0.146579,0.1263961,SelectionEnd
84.41272,24,2,3,0,0.7832925,0.9118307,0.2550328,346.7644,127.2701,87.86232,0.7868565,0.9847286,0.2670122,0.7292998,0.146579,0.1263961,GotSelection
84.42386,24,2,3,0,0.7830811,0.9117892,0.2554244,346.6951,127.2009,87.89753,0.7877758,0.9848584,0.2709127,0.732463,0.1818095,0.1157055,SelectionStart
84.42389,24,2,3,0,0.7830811,0.9117892,0.2554244,346.6951,127.2009,87.89753,0.7877758,0.9848584,0.2709127,0.732463,0.1818095,0.1157055,SelectionEnd
84.42737,24,2,3,0,0.7830811,0.9117892,0.2554244,346.6951,127.2009,87.89753,0.7877758,0.9848584,0.2709127,0.732463,0.1818095,0.1157055,GotSelection
84.4391,24,2,3,0,0.7828027,0.9116387,0.2559848,346.643,127.1102,87.97411,0.7884777,0.9848527,0.2731334,0.7338044,0.2005147,0.1147742,SelectionStart
84.43912,24,2,3,0,0.7828027,0.9116387,0.2559848,346.643,127.1102,87.97411,0.7884777,0.9848527,0.2731334,0.7338044,0.2005147,0.1147742,SelectionEnd
84.44247,24,2,3,0,0.7828027,0.9116387,0.2559848,346.643,127.1102,87.97411,0.7884777,0.9848527,0.2731334,0.7338044,0.2005147,0.1147742,GotSelection
84.45427,24,2,3,0,0.7825081,0.9114828,0.2565303,346.5727,127.0402,88.03334,0.7892428,0.9847552,0.27521,0.7339272,0.2188163,0.1152683,SelectionStart
84.45428,24,2,3,0,0.7825081,0.9114828,0.2565303,346.5727,127.0402,88.03334,0.7892428,0.9847552,0.27521,0.7339272,0.2188163,0.1152683,SelectionEnd
84.45767,24,2,3,0,0.7825081,0.9114828,0.2565303,346.5727,127.0402,88.03334,0.7892428,0.9847552,0.27521,0.7339272,0.2188163,0.1152683,GotSelection
84.46898,24,2,3,0,0.7819469,0.9113085,0.2570965,346.4825,126.9247,88.09485,0.7899063,0.9844707,0.2755799,0.7299802,0.2239182,0.1274329,SelectionStart
84.46901,24,2,3,0,0.7819469,0.9113085,0.2570965,346.4825,126.9247,88.09485,0.7899063,0.9844707,0.2755799,0.7299802,0.2239182,0.1274329,SelectionEnd
84.47311,24,2,3,0,0.7819469,0.9113085,0.2570965,346.4825,126.9247,88.09485,0.7899063,0.9844707,0.2755799,0.7299802,0.2239182,0.1274329,GotSelection
84.48425,24,2,3,0,0.781619,0.9111906,0.2576981,346.4082,126.8113,88.1905,0.7893289,0.9839822,0.2743351,0.7247705,0.2060042,0.1368739,SelectionStart
84.48427,24,2,3,0,0.781619,0.9111906,0.2576981,346.4082,126.8113,88.1905,0.7893289,0.9839822,0.2743351,0.7247705,0.2060042,0.1368739,SelectionEnd
84.4877,24,2,3,0,0.781619,0.9111906,0.2576981,346.4082,126.8113,88.1905,0.7893289,0.9839822,0.2743351,0.7247705,0.2060042,0.1368739,GotSelection
84.49792,24,2,3,0,0.7815727,0.9108189,0.258338,346.3604,126.6955,88.32435,0.7884768,0.9831643,0.2711455,0.7177341,0.1679153,0.1530522,SelectionStart
84.49794,24,2,3,0,0.7815727,0.9108189,0.258338,346.3604,126.6955,88.32435,0.7884768,0.9831643,0.2711455,0.7177341,0.1679153,0.1530522,SelectionEnd
84.50133,24,2,3,0,0.7815727,0.9108189,0.258338,346.3604,126.6955,88.32435,0.7884768,0.9831643,0.2711455,0.7177341,0.1679153,0.1530522,GotSelection
84.51105,24,2,3,0,0.7814217,0.9106492,0.2588072,346.312,126.5945,88.42161,0.7874087,0.9820842,0.2678104,0.7061219,0.1296545,0.1668975,SelectionStart
84.51106,24,2,3,0,0.7814217,0.9106492,0.2588072,346.312,126.5945,88.42161,0.7874087,0.9820842,0.2678104,0.7061219,0.1296545,0.1668975,SelectionEnd
84.51466,24,2,3,0,0.7814217,0.9106492,0.2588072,346.312,126.5945,88.42161,0.7874087,0.9820842,0.2678104,0.7061219,0.1296545,0.1668975,GotSelection
84.52748,24,2,3,0,0.780931,0.9104726,0.2596204,346.1962,126.4487,88.53262,0.7857168,0.980161,0.2634124,0.6847662,0.07768538,0.1854515,SelectionStart
84.52751,24,2,3,0,0.780931,0.9104726,0.2596204,346.1962,126.4487,88.53262,0.7857168,0.980161,0.2634124,0.6847662,0.07768538,0.1854515,SelectionEnd
84.53104,24,2,3,0,0.780931,0.9104726,0.2596204,346.1962,126.4487,88.53262,0.7857168,0.980161,0.2634124,0.6847662,0.07768538,0.1854515,GotSelection
84.57344,24,2,3,0,0.7798557,0.9099219,0.2614312,345.8315,126.2912,88.7216,0.7800644,0.9727706,0.2474298,0.6029456,-0.1004451,0.2405799,SelectionStart
84.57347,24,2,3,0,0.7798557,0.9099219,0.2614312,345.8315,126.2912,88.7216,0.7800644,0.9727706,0.2474298,0.6029456,-0.1004451,0.2405799,SelectionEnd
84.57672,24,2,3,0,0.7798557,0.9099219,0.2614312,345.8315,126.2912,88.7216,0.7800644,0.9727706,0.2474298,0.6029456,-0.1004451,0.2405799,GotSelection
84.58629,24,2,3,0,0.7796032,0.9098225,0.2615795,345.7443,126.3285,88.71447,0.7779601,0.9707668,0.242992,0.5817674,-0.1496865,0.2488948,SelectionStart
84.5863,24,2,3,0,0.7796032,0.9098225,0.2615795,345.7443,126.3285,88.71447,0.7779601,0.9707668,0.242992,0.5817674,-0.1496865,0.2488948,SelectionEnd
84.58958,24,2,3,0,0.7796032,0.9098225,0.2615795,345.7443,126.3285,88.71447,0.7779601,0.9707668,0.242992,0.5817674,-0.1496865,0.2488948,GotSelection
84.60193,24,2,3,0,0.7791699,0.9097927,0.2617504,345.6324,126.369,88.67514,0.7758254,0.9679608,0.2365451,0.5489531,-0.2146516,0.2683506,SelectionStart
84.60196,24,2,3,0,0.7791699,0.9097927,0.2617504,345.6324,126.369,88.67514,0.7758254,0.9679608,0.2365451,0.5489531,-0.2146516,0.2683506,SelectionEnd
84.60551,24,2,3,0,0.7791699,0.9097927,0.2617504,345.6324,126.369,88.67514,0.7758254,0.9679608,0.2365451,0.5489531,-0.2146516,0.2683506,GotSelection
84.61563,24,2,3,0,0.7789783,0.9097643,0.2618244,345.5533,126.4111,88.6555,0.7737265,0.9649776,0.2304409,0.5154647,-0.2774501,0.2828065,SelectionStart
84.61566,24,2,3,0,0.7789783,0.9097643,0.2618244,345.5533,126.4111,88.6555,0.7737265,0.9649776,0.2304409,0.5154647,-0.2774501,0.2828065,SelectionEnd
84.61952,24,2,3,0,0.7789783,0.9097643,0.2618244,345.5533,126.4111,88.6555,0.7737265,0.9649776,0.2304409,0.5154647,-0.2774501,0.2828065,GotSelection
84.63063,24,2,3,0,0.7788334,0.9098971,0.2618096,345.4932,126.4208,88.6457,0.7721923,0.9624798,0.226258,0.4867704,-0.3206615,0.2900657,SelectionStart
84.63066,24,2,3,0,0.7788334,0.9098971,0.2618096,345.4932,126.4208,88.6457,0.7721923,0.9624798,0.226258,0.4867704,-0.3206615,0.2900657,SelectionEnd
84.63422,24,2,3,0,0.7788334,0.9098971,0.2618096,345.4932,126.4208,88.6457,0.7721923,0.9624798,0.226258,0.4867704,-0.3206615,0.2900657,GotSelection
84.64424,24,2,3,0,0.7775403,0.9099637,0.2619413,345.11,126.4326,88.59011,0.7705591,0.9590691,0.2210003,0.4443075,-0.3675191,0.3130705,SelectionStart
84.64427,24,2,3,0,0.7775403,0.9099637,0.2619413,345.11,126.4326,88.59011,0.7705591,0.9590691,0.2210003,0.4443075,-0.3675191,0.3130705,SelectionEnd
84.64787,24,2,3,0,0.7775403,0.9099637,0.2619413,345.11,126.4326,88.59011,0.7705591,0.9590691,0.2210003,0.4443075,-0.3675191,0.3130705,GotSelection
84.659,24,2,3,0,0.7778471,0.9095172,0.2624227,345.2673,126.4225,88.55261,0.7687791,0.9555349,0.2160416,0.4123929,-0.4253902,0.3191012,SelectionStart
84.65903,24,2,3,0,0.7778471,0.9095172,0.2624227,345.2673,126.4225,88.55261,0.7687791,0.9555349,0.2160416,0.4123929,-0.4253902,0.3191012,SelectionEnd
84.66229,24,2,3,0,0.7778471,0.9095172,0.2624227,345.2673,126.4225,88.55261,0.7687791,0.9555349,0.2160416,0.4123929,-0.4253902,0.3191012,GotSelection
84.6727,24,2,3,0,0.7775891,0.909586,0.2621817,345.2433,126.4564,88.5079,0.7675484,0.9528156,0.2127536,0.3831611,-0.4566254,0.3224164,SelectionStart
84.67273,24,2,3,0,0.7775891,0.909586,0.2621817,345.2433,126.4564,88.5079,0.7675484,0.9528156,0.2127536,0.3831611,-0.4566254,0.3224164,SelectionEnd
84.67598,24,2,3,0,0.7775891,0.909586,0.2621817,345.2433,126.4564,88.5079,0.7675484,0.9528156,0.2127536,0.3831611,-0.4566254,0.3224164,GotSelection
84.68614,24,2,3,0,0.7777896,0.9099914,0.2615449,345.2541,126.552,88.41618,0.7658218,0.9490024,0.2084146,0.3415959,-0.4988837,0.3186241,SelectionStart
84.68616,24,2,3,0,0.7777896,0.9099914,0.2615449,345.2541,126.552,88.41618,0.7658218,0.9490024,0.2084146,0.3415959,-0.4988837,0.3186241,SelectionEnd
84.68944,24,2,3,0,0.7777896,0.9099914,0.2615449,345.2541,126.552,88.41618,0.7658218,0.9490024,0.2084146,0.3415959,-0.4988837,0.3186241,GotSelection
84.70099,24,2,3,0,0.7777419,0.9102275,0.2612277,345.2611,126.6076,88.33427,0.7644911,0.9456937,0.2056552,0.3069588,-0.5270206,0.3140678,SelectionStart
84.701,24,2,3,0,0.7777419,0.9102275,0.2612277,345.2611,126.6076,88.33427,0.7644911,0.9456937,0.2056552,0.3069588,-0.5270206,0.3140678,SelectionEnd
84.70462,24,2,3,0,0.7777419,0.9102275,0.2612277,345.2611,126.6076,88.33427,0.7644911,0.9456937,0.2056552,0.3069588,-0.5270206,0.3140678,GotSelection
84.71518,24,2,3,0,0.7776163,0.9105773,0.2608192,345.2712,126.6601,88.23097,0.7629908,0.9414537,0.2022352,0.2617856,-0.5607162,0.309447,SelectionStart
84.71519,24,2,3,0,0.7776163,0.9105773,0.2608192,345.2712,126.6601,88.23097,0.7629908,0.9414537,0.2022352,0.2617856,-0.5607162,0.309447,SelectionEnd
84.71851,24,2,3,0,0.7776163,0.9105773,0.2608192,345.2712,126.6601,88.23097,0.7629908,0.9414537,0.2022352,0.2617856,-0.5607162,0.309447,GotSelection
84.76022,24,2,3,0,0.7746711,0.9126005,0.2601693,345.0953,126.5853,87.81435,0.7582257,0.9287519,0.1952209,0.1163418,-0.6280607,0.2938294,SelectionStart
84.76025,24,2,3,0,0.7746711,0.9126005,0.2601693,345.0953,126.5853,87.81435,0.7582257,0.9287519,0.1952209,0.1163418,-0.6280607,0.2938294,SelectionEnd
84.76398,24,2,3,0,0.7746711,0.9126005,0.2601693,345.0953,126.5853,87.81435,0.7582257,0.9287519,0.1952209,0.1163418,-0.6280607,0.2938294,GotSelection
84.77556,24,2,3,0,0.7740282,0.9123745,0.2603986,345.0469,126.6014,87.74635,0.7566282,0.9239426,0.1931324,0.07100549,-0.6544704,0.288081,SelectionStart
84.77559,24,2,3,0,0.7740282,0.9123745,0.2603986,345.0469,126.6014,87.74635,0.7566282,0.9239426,0.1931324,0.07100549,-0.6544704,0.288081,SelectionEnd
84.77919,24,2,3,0,0.7740282,0.9123745,0.2603986,345.0469,126.6014,87.74635,0.7566282,0.9239426,0.1931324,0.07100549,-0.6544704,0.288081,GotSelection
84.78856,24,2,3,0,0.7753338,0.9116915,0.2601028,345.0766,126.6604,87.72224,0.7547817,0.9191648,0.1915498,0.03671411,-0.6852956,0.260601,SelectionStart
84.78857,24,2,3,0,0.7753338,0.9116915,0.2601028,345.0766,126.6604,87.72224,0.7547817,0.9191648,0.1915498,0.03671411,-0.6852956,0.260601,SelectionEnd
84.79184,24,2,3,0,0.7753338,0.9116915,0.2601028,345.0766,126.6604,87.72224,0.7547817,0.9191648,0.1915498,0.03671411,-0.6852956,0.260601,GotSelection
84.80141,24,2,3,0,0.7753018,0.9115526,0.2600716,345.0768,126.6404,87.69274,0.7535945,0.9155788,0.1904621,0.004589017,-0.7023666,0.2483911,SelectionStart
84.80144,24,2,3,0,0.7753018,0.9115526,0.2600716,345.0768,126.6404,87.69274,0.7535945,0.9155788,0.1904621,0.004589017,-0.7023666,0.2483911,SelectionEnd
84.80542,24,2,3,0,0.7753018,0.9115526,0.2600716,345.0768,126.6404,87.69274,0.7535945,0.9155788,0.1904621,0.004589017,-0.7023666,0.2483911,GotSelection
84.81522,24,2,3,0,0.7752273,0.9115584,0.2600842,345.081,126.6113,87.68753,0.7518517,0.9112219,0.1896118,-0.03534593,-0.7213374,0.2284607,SelectionStart
84.81525,24,2,3,0,0.7752273,0.9115584,0.2600842,345.081,126.6113,87.68753,0.7518517,0.9112219,0.1896118,-0.03534593,-0.7213374,0.2284607,SelectionEnd
84.81859,24,2,3,0,0.7752273,0.9115584,0.2600842,345.081,126.6113,87.68753,0.7518517,0.9112219,0.1896118,-0.03534593,-0.7213374,0.2284607,GotSelection
84.82791,24,2,3,0,0.7751293,0.9116436,0.2600569,345.0726,126.5872,87.6857,0.7506928,0.9085646,0.1889255,-0.06060369,-0.734318,0.216428,SelectionStart
84.82793,24,2,3,0,0.7751293,0.9116436,0.2600569,345.0726,126.5872,87.6857,0.7506928,0.9085646,0.1889255,-0.06060369,-0.734318,0.216428,SelectionEnd
84.83119,24,2,3,0,0.7751293,0.9116436,0.2600569,345.0726,126.5872,87.6857,0.7506928,0.9085646,0.1889255,-0.06060369,-0.734318,0.216428,GotSelection
84.84248,24,2,3,0,0.7749041,0.9117104,0.2600525,345.0533,126.5587,87.67941,0.7498419,0.9052095,0.1882896,-0.09350226,-0.7447621,0.2057951,SelectionStart
84.84251,24,2,3,0,0.7749041,0.9117104,0.2600525,345.0533,126.5587,87.67941,0.7498419,0.9052095,0.1882896,-0.09350226,-0.7447621,0.2057951,SelectionEnd
84.84576,24,2,3,0,0.7749041,0.9117104,0.2600525,345.0533,126.5587,87.67941,0.7498419,0.9052095,0.1882896,-0.09350226,-0.7447621,0.2057951,GotSelection
84.85757,24,2,3,0,0.7750778,0.9114964,0.2599956,345.0781,126.531,87.68164,0.7496418,0.903925,0.1884761,-0.1027095,-0.7455165,0.1983009,SelectionStart
84.8576,24,2,3,0,0.7750778,0.9114964,0.2599956,345.0781,126.531,87.68164,0.7496418,0.903925,0.1884761,-0.1027095,-0.7455165,0.1983009,SelectionEnd
84.86133,24,2,3,0,0.7750778,0.9114964,0.2599956,345.0781,126.531,87.68164,0.7496418,0.903925,0.1884761,-0.1027095,-0.7455165,0.1983009,GotSelection
84.87216,24,2,3,0,0.775036,0.9116832,0.2597434,345.1062,126.5099,87.64242,0.74954,0.9028929,0.1889993,-0.1129479,-0.7401124,0.1898826,SelectionStart
84.87218,24,2,3,0,0.775036,0.9116832,0.2597434,345.1062,126.5099,87.64242,0.74954,0.9028929,0.1889993,-0.1129479,-0.7401124,0.1898826,SelectionEnd
84.87553,24,2,3,0,0.775036,0.9116832,0.2597434,345.1062,126.5099,87.64242,0.74954,0.9028929,0.1889993,-0.1129479,-0.7401124,0.1898826,GotSelection
84.88553,24,2,3,0,0.774806,0.9119523,0.2594968,345.123,126.5217,87.57352,0.7500454,0.9031097,0.1901571,-0.1125932,-0.7242327,0.1875203,SelectionStart
84.88556,24,2,3,0,0.774806,0.9119523,0.2594968,345.123,126.5217,87.57352,0.7500454,0.9031097,0.1901571,-0.1125932,-0.7242327,0.1875203,SelectionEnd
84.88881,24,2,3,0,0.774806,0.9119523,0.2594968,345.123,126.5217,87.57352,0.7500454,0.9031097,0.1901571,-0.1125932,-0.7242327,0.1875203,GotSelection
84.90068,24,2,3,0,0.7746784,0.9120619,0.2592671,345.1558,126.5461,87.50564,0.751105,0.9040484,0.1916801,-0.1042464,-0.7023481,0.1891791,SelectionStart
84.9007,24,2,3,0,0.7746784,0.9120619,0.2592671,345.1558,126.5461,87.50564,0.751105,0.9040484,0.1916801,-0.1042464,-0.7023481,0.1891791,SelectionEnd
84.90405,24,2,3,0,0.7746784,0.9120619,0.2592671,345.1558,126.5461,87.50564,0.751105,0.9040484,0.1916801,-0.1042464,-0.7023481,0.1891791,GotSelection
84.94583,24,2,3,0,0.7740905,0.9126805,0.2587305,345.1588,126.5683,87.3411,0.7578213,0.9143358,0.1986023,-0.01565225,-0.592916,0.2287413,SelectionStart
84.94585,24,2,3,0,0.7740905,0.9126805,0.2587305,345.1588,126.5683,87.3411,0.7578213,0.9143358,0.1986023,-0.01565225,-0.592916,0.2287413,SelectionEnd
84.94908,24,2,3,0,0.7740905,0.9126805,0.2587305,345.1588,126.5683,87.3411,0.7578213,0.9143358,0.1986023,-0.01565225,-0.592916,0.2287413,GotSelection
84.95961,24,2,3,0,0.7738435,0.9127593,0.2586698,345.1353,126.5788,87.28507,0.761095,0.91918,0.2012753,0.02653244,-0.547066,0.2531149,SelectionStart
84.95964,24,2,3,0,0.7738435,0.9127593,0.2586698,345.1353,126.5788,87.28507,0.761095,0.91918,0.2012753,0.02653244,-0.547066,0.2531149,SelectionEnd
84.96339,24,2,3,0,0.7738435,0.9127593,0.2586698,345.1353,126.5788,87.28507,0.761095,0.91918,0.2012753,0.02653244,-0.547066,0.2531149,GotSelection
84.9731,24,2,3,0,0.7736549,0.9129127,0.2585939,345.1298,126.5774,87.23916,0.7641154,0.92409,0.2029957,0.06820893,-0.5107972,0.2804095,SelectionStart
84.97313,24,2,3,0,0.7736549,0.9129127,0.2585939,345.1298,126.5774,87.23916,0.7641154,0.92409,0.2029957,0.06820893,-0.5107972,0.2804095,SelectionEnd
84.97658,24,2,3,0,0.7736549,0.9129127,0.2585939,345.1298,126.5774,87.23916,0.7641154,0.92409,0.2029957,0.06820893,-0.5107972,0.2804095,GotSelection
84.98605,24,2,3,0,0.773574,0.9130631,0.2583593,345.1505,126.5942,87.18282,0.7678048,0.9298058,0.2055153,0.1177321,-0.462698,0.3087502,SelectionStart
84.98607,24,2,3,0,0.773574,0.9130631,0.2583593,345.1505,126.5942,87.18282,0.7678048,0.9298058,0.2055153,0.1177321,-0.462698,0.3087502,SelectionEnd
84.98936,24,2,3,0,0.773574,0.9130631,0.2583593,345.1505,126.5942,87.18282,0.7678048,0.9298058,0.2055153,0.1177321,-0.462698,0.3087502,GotSelection
85.0011,24,2,3,0,0.7736688,0.9130591,0.2583036,345.1706,126.5948,87.17481,0.7709211,0.9338507,0.2074611,0.1528562,-0.4261355,0.3314497,SelectionStart
85.00113,24,2,3,0,0.7736688,0.9130591,0.2583036,345.1706,126.5948,87.17481,0.7709211,0.9338507,0.2074611,0.1528562,-0.4261355,0.3314497,SelectionEnd
85.00459,24,2,3,0,0.7736688,0.9130591,0.2583036,345.1706,126.5948,87.17481,0.7709211,0.9338507,0.2074611,0.1528562,-0.4261355,0.3314497,GotSelection
85.01498,24,2,3,0,0.7735351,0.9129868,0.2584278,345.1458,126.5655,87.18346,0.7751203,0.9393186,0.2100251,0.199708,-0.377616,0.3657669,SelectionStart
85.01501,24,2,3,0,0.7735351,0.9129868,0.2584278,345.1458,126.5655,87.18346,0.7751203,0.9393186,0.2100251,0.199708,-0.377616,0.3657669,SelectionEnd
85.01828,24,2,3,0,0.7735351,0.9129868,0.2584278,345.1458,126.5655,87.18346,0.7751203,0.9393186,0.2100251,0.199708,-0.377616,0.3657669,GotSelection
85.02783,24,2,3,0,0.7735542,0.9129134,0.2586557,345.1193,126.5478,87.20261,0.7782661,0.9428765,0.2117804,0.2294775,-0.3447655,0.3910469,SelectionStart
85.02785,24,2,3,0,0.7735542,0.9129134,0.2586557,345.1193,126.5478,87.20261,0.7782661,0.9428765,0.2117804,0.2294775,-0.3447655,0.3910469,SelectionEnd
85.0312,24,2,3,0,0.7735542,0.9129134,0.2586557,345.1193,126.5478,87.20261,0.7782661,0.9428765,0.2117804,0.2294775,-0.3447655,0.3910469,GotSelection
85.04259,24,2,3,0,0.7737522,0.9127909,0.2587752,345.1145,126.526,87.24368,0.7824462,0.9469875,0.2135789,0.263345,-0.3054225,0.4237251,SelectionStart
85.0426,24,2,3,0,0.7737522,0.9127909,0.2587752,345.1145,126.526,87.24368,0.7824462,0.9469875,0.2135789,0.263345,-0.3054225,0.4237251,SelectionEnd
85.04593,24,2,3,0,0.7737522,0.9127909,0.2587752,345.1145,126.526,87.24368,0.7824462,0.9469875,0.2135789,0.263345,-0.3054225,0.4237251,GotSelection
85.05598,24,2,3,0,0.7738777,0.9127409,0.2588394,345.1288,126.487,87.27116,0.7849045,0.9494579,0.2146408,0.2837783,-0.2824433,0.4426977,SelectionStart
85.05602,24,2,3,0,0.7738777,0.9127409,0.2588394,345.1288,126.487,87.27116,0.7849045,0.9494579,0.2146408,0.2837783,-0.2824433,0.4426977,SelectionEnd
85.05925,24,2,3,0,0.7738777,0.9127409,0.2588394,345.1288,126.487,87.27116,0.7849045,0.9494579,0.2146408,0.2837783,-0.2824433,0.4426977,GotSelection
85.06953,24,2,3,0,0.774262,0.9126526,0.2589522,345.206,126.4208,87.34756,0.7873777,0.9519394,0.2154436,0.305268,-0.2638858,0.4612368,SelectionStart
85.06956,24,2,3,0,0.774262,0.9126526,0.2589522,345.206,126.4208,87.34756,0.7873777,0.9519394,0.2154436,0.305268,-0.2638858,0.4612368,SelectionEnd
85.07278,24,2,3,0,0.774262,0.9126526,0.2589522,345.206,126.4208,87.34756,0.7873777,0.9519394,0.2154436,0.305268,-0.2638858,0.4612368,GotSelection
85.08467,24,2,3,0,0.7742814,0.9123321,0.2591934,345.2225,126.3388,87.42339,0.7889168,0.9539041,0.2157423,0.3241681,-0.2542856,0.4784527,SelectionStart
85.0847,24,2,3,0,0.7742814,0.9123321,0.2591934,345.2225,126.3388,87.42339,0.7889168,0.9539041,0.2157423,0.3241681,-0.2542856,0.4784527,SelectionEnd
85.08847,24,2,3,0,0.7742814,0.9123321,0.2591934,345.2225,126.3388,87.42339,0.7889168,0.9539041,0.2157423,0.3241681,-0.2542856,0.4784527,GotSelection
85.14575,24,2,3,0,0.7756103,0.9117957,0.2601897,345.2748,126.1732,87.85291,0.7878482,0.9531068,0.2110348,0.3189471,-0.3193915,0.4908588,SelectionStart
85.14577,24,2,3,0,0.7756103,0.9117957,0.2601897,345.2748,126.1732,87.85291,0.7878482,0.9531068,0.2110348,0.3189471,-0.3193915,0.4908588,SelectionEnd
85.14906,24,2,3,0,0.7756103,0.9117957,0.2601897,345.2748,126.1732,87.85291,0.7878482,0.9531068,0.2110348,0.3189471,-0.3193915,0.4908588,GotSelection
85.15828,24,2,3,0,0.7756534,0.9117721,0.2602879,345.3518,126.123,87.91004,0.7856686,0.9508715,0.2092733,0.3004068,-0.349435,0.477561,SelectionStart
85.15829,24,2,3,0,0.7756534,0.9117721,0.2602879,345.3518,126.123,87.91004,0.7856686,0.9508715,0.2092733,0.3004068,-0.349435,0.477561,SelectionEnd
85.16179,24,2,3,0,0.7756534,0.9117721,0.2602879,345.3518,126.123,87.91004,0.7856686,0.9508715,0.2092733,0.3004068,-0.349435,0.477561,GotSelection
85.1712,24,2,3,0,0.7757498,0.9118747,0.2601993,345.4206,126.0422,87.93402,0.783613,0.9486548,0.2079052,0.2814758,-0.3742738,0.4610203,SelectionStart
85.17122,24,2,3,0,0.7757498,0.9118747,0.2601993,345.4206,126.0422,87.93402,0.783613,0.9486548,0.2079052,0.2814758,-0.3742738,0.4610203,SelectionEnd
85.17462,24,2,3,0,0.7757498,0.9118747,0.2601993,345.4206,126.0422,87.93402,0.783613,0.9486548,0.2079052,0.2814758,-0.3742738,0.4610203,GotSelection
85.18506,24,2,3,0,0.7757304,0.9119249,0.2603039,345.4379,125.9757,87.9804,0.781303,0.9461303,0.206607,0.2595632,-0.4010269,0.4437369,SelectionStart
85.18507,24,2,3,0,0.7757304,0.9119249,0.2603039,345.4379,125.9757,87.9804,0.781303,0.9461303,0.206607,0.2595632,-0.4010269,0.4437369,SelectionEnd
85.18852,24,2,3,0,0.7757304,0.9119249,0.2603039,345.4379,125.9757,87.9804,0.781303,0.9461303,0.206607,0.2595632,-0.4010269,0.4437369,GotSelection
85.19978,24,2,3,0,0.7757257,0.9120307,0.2605297,345.453,125.8769,88.05636,0.7782044,0.9422083,0.2048625,0.2242414,-0.4379907,0.4193134,SelectionStart
85.1998,24,2,3,0,0.7757257,0.9120307,0.2605297,345.453,125.8769,88.05636,0.7782044,0.9422083,0.2048625,0.2242414,-0.4379907,0.4193134,SelectionEnd
85.20314,24,2,3,0,0.7757257,0.9120307,0.2605297,345.453,125.8769,88.05636,0.7782044,0.9422083,0.2048625,0.2242414,-0.4379907,0.4193134,GotSelection
85.21266,24,2,3,0,0.7757497,0.9120258,0.2609929,345.4583,125.7017,88.19247,0.7752204,0.9383227,0.2031264,0.1894194,-0.4768139,0.396585,SelectionStart
85.21268,24,2,3,0,0.7757497,0.9120258,0.2609929,345.4583,125.7017,88.19247,0.7752204,0.9383227,0.2031264,0.1894194,-0.4768139,0.396585,SelectionEnd
85.21599,24,2,3,0,0.7757497,0.9120258,0.2609929,345.4583,125.7017,88.19247,0.7752204,0.9383227,0.2031264,0.1894194,-0.4768139,0.396585,GotSelection
85.22537,24,2,3,0,0.7760144,0.9119508,0.2613946,345.4834,125.5147,88.35265,0.7732509,0.9357017,0.2016905,0.16629,-0.5075885,0.3810537,SelectionStart
85.2254,24,2,3,0,0.7760144,0.9119508,0.2613946,345.4834,125.5147,88.35265,0.7732509,0.9357017,0.2016905,0.16629,-0.5075885,0.3810537,SelectionEnd
85.22873,24,2,3,0,0.7760144,0.9119508,0.2613946,345.4834,125.5147,88.35265,0.7732509,0.9357017,0.2016905,0.16629,-0.5075885,0.3810537,GotSelection
85.23886,24,2,3,0,0.7747362,0.9110796,0.2630632,345.3321,125.1123,88.59101,0.77106,0.9325234,0.200909,0.1403012,-0.5369863,0.3785445,SelectionStart
85.23888,24,2,3,0,0.7747362,0.9110796,0.2630632,345.3321,125.1123,88.59101,0.77106,0.9325234,0.200909,0.1403012,-0.5369863,0.3785445,SelectionEnd
85.2422,24,2,3,0,0.7747362,0.9110796,0.2630632,345.3321,125.1123,88.59101,0.77106,0.9325234,0.200909,0.1403012,-0.5369863,0.3785445,GotSelection
85.2523,24,2,3,0,0.7753418,0.9105808,0.2644479,345.5113,124.4828,89.08401,0.7682833,0.928654,0.1998028,0.1092811,-0.5827206,0.3501676,SelectionStart
85.25235,24,2,3,0,0.7753418,0.9105808,0.2644479,345.5113,124.4828,89.08401,0.7682833,0.928654,0.1998028,0.1092811,-0.5827206,0.3501676,SelectionEnd
85.25598,24,2,3,0,0.7753418,0.9105808,0.2644479,345.5113,124.4828,89.08401,0.7682833,0.928654,0.1998028,0.1092811,-0.5827206,0.3501676,GotSelection
85.26721,24,2,3,0,0.7763405,0.9104185,0.2655183,345.6883,123.8136,89.61977,0.7667331,0.9258298,0.1993965,0.08375963,-0.6144655,0.3237001,SelectionStart
85.26723,24,2,3,0,0.7763405,0.9104185,0.2655183,345.6883,123.8136,89.61977,0.7667331,0.9258298,0.1993965,0.08375963,-0.6144655,0.3237001,SelectionEnd
85.27116,24,2,3,0,0.7763405,0.9104185,0.2655183,345.6883,123.8136,89.61977,0.7667331,0.9258298,0.1993965,0.08375963,-0.6144655,0.3237001,GotSelection
85.28142,24,2,3,0,0.7781884,0.9094947,0.2677154,345.9677,122.7953,90.48945,0.7645048,0.9217042,0.1991345,0.05173821,-0.6642151,0.2840066,SelectionStart
85.28145,24,2,3,0,0.7781884,0.9094947,0.2677154,345.9677,122.7953,90.48945,0.7645048,0.9217042,0.1991345,0.05173821,-0.6642151,0.2840066,SelectionEnd
85.28479,24,2,3,0,0.7781884,0.9094947,0.2677154,345.9677,122.7953,90.48945,0.7645048,0.9217042,0.1991345,0.05173821,-0.6642151,0.2840066,GotSelection
85.33315,24,2,3,0,0.7850162,0.8978308,0.2869092,347.5809,117.047,96.61324,0.7601714,0.9115756,0.2005294,-0.005012239,-0.9055614,0.2010351,Nothing
85.34181,24,2,3,0,0.7883979,0.8940451,0.2911566,348.009,115.5373,98.26203,0.7598314,0.9100577,0.2011692,-0.006257584,-0.9630839,0.1638475,Nothing
85.34964,24,2,3,0,0.789344,0.8911423,0.2948507,348.2595,114.7305,99.40213,0.7601452,0.9093737,0.2015591,-0.007536982,-1.001299,0.1627797,Nothing
85.35797,24,2,3,0,0.790991,0.8884182,0.2980543,348.473,114.0584,100.4508,0.760589,0.9084897,0.2018771,-0.01109333,-1.037593,0.1553463,Nothing
85.36646,24,2,3,0,0.7918596,0.8857175,0.3011588,348.6494,113.5758,101.3806,0.7608921,0.9080619,0.2025703,-0.009482529,-1.067309,0.1553806,Nothing
85.3746,24,2,3,0,0.7924801,0.8832527,0.3040623,348.8856,113.1098,102.2046,0.7615392,0.9074506,0.2033005,-0.01062526,-1.091791,0.1586098,Nothing
85.38297,24,2,3,0,0.7932679,0.8810995,0.3063402,349.1086,112.7379,102.904,0.7617965,0.9066902,0.203879,-0.01298293,-1.113373,0.1552949,Nothing
85.39186,24,2,3,0,0.79387,0.8795655,0.307842,349.3854,112.3676,103.3996,0.762131,0.905969,0.2044852,-0.01522218,-1.125428,0.1497009,Nothing
85.40007,24,2,3,0,0.7942133,0.8775704,0.3102613,349.6685,111.8636,104.074,0.7622208,0.9052192,0.205229,-0.01893724,-1.145787,0.1451561,Nothing
85.40904,24,2,3,0,0.7949122,0.8754156,0.3124939,350.1336,111.206,104.8056,0.7625491,0.9040678,0.2061424,-0.02460453,-1.163278,0.1334907,Nothing
85.41701,24,2,3,0,0.7952998,0.8742976,0.3136029,350.443,110.8229,105.126,0.7622721,0.9033082,0.2066193,-0.02741841,-1.17342,0.1211701,Nothing
85.42488,24,2,3,0,0.7952724,0.873795,0.3141997,350.6252,110.5252,105.3013,0.7623167,0.9025623,0.2071757,-0.03233017,-1.17348,0.1148522,Nothing
85.43301,24,2,3,0,0.7949136,0.8735825,0.3146015,350.6981,110.2829,105.3821,0.762384,0.9017432,0.207753,-0.03874844,-1.169106,0.1121499,Nothing
85.44218,24,2,3,0,0.7938349,0.8738415,0.3149741,350.6331,110.1074,105.3995,0.7620987,0.9009909,0.2081424,-0.04894728,-1.163535,0.1147838,Nothing
85.45062,24,2,3,0,0.7924768,0.8741705,0.3153396,350.3038,110.0162,105.3544,0.7620066,0.899804,0.2090115,-0.06234553,-1.150168,0.1221282,Nothing
85.45845,24,2,3,0,0.7917211,0.8745341,0.3152703,350.0874,110.0195,105.322,0.761786,0.8990617,0.2096315,-0.0710815,-1.138838,0.1238554,Nothing
85.46686,24,2,3,0,0.7909131,0.8754315,0.3148568,349.7587,110.2141,105.1085,0.7615597,0.8982664,0.2103467,-0.08143129,-1.121544,0.1274142,Nothing
85.47585,24,2,3,0,0.791014,0.8760952,0.3146822,349.7036,110.2292,105.013,0.761381,0.8977028,0.2111713,-0.08833238,-1.110419,0.1195654,Nothing
85.4841,24,2,3,0,0.7908861,0.8769717,0.3140467,349.6204,110.3719,104.8197,0.7613098,0.8971102,0.2119987,-0.09498719,-1.093065,0.1152651,Nothing
85.49243,24,2,3,0,0.7908067,0.8779455,0.3131878,349.5763,110.523,104.5698,0.7613334,0.8967355,0.2128869,-0.09863019,-1.073434,0.1105464,Nothing
85.50078,24,2,3,0,0.7909278,0.8791699,0.3118033,349.6085,110.7446,104.162,0.7615009,0.8964605,0.2138848,-0.09912912,-1.048124,0.1037028,Nothing
85.50815,24,2,3,0,0.7909044,0.8800721,0.3108971,349.6025,110.8893,103.9005,0.7618964,0.8963611,0.2149063,-0.09921714,-1.026669,0.1014912,Nothing
85.5173,24,2,3,0,0.7909751,0.8814581,0.309287,349.6374,111.1353,103.4531,0.7628043,0.8966314,0.2166096,-0.09392928,-0.9908438,0.09950734,Nothing
85.52559,24,2,3,0,0.791048,0.8823606,0.3081649,349.6874,111.342,103.0748,0.763419,0.8967566,0.2177098,-0.08968505,-0.9668875,0.09841128,Nothing
85.53401,24,2,3,0,0.7912419,0.8831152,0.3071676,349.748,111.4942,102.8103,0.7646553,0.8970814,0.2189731,-0.08435585,-0.9412821,0.1014279,Nothing
85.54207,24,2,3,0,0.7909883,0.8835695,0.3064308,349.7592,111.5658,102.6282,0.7657647,0.8977639,0.2205336,-0.07415777,-0.9154862,0.1072174,Nothing
85.55122,24,2,3,0,0.7908279,0.8835384,0.3064381,349.697,111.5358,102.6329,0.7672098,0.8987358,0.2221644,-0.06136303,-0.8964587,0.117725,Nothing
85.55852,24,2,3,0,0.7907693,0.8837473,0.3061768,349.6615,111.576,102.5626,0.7684605,0.8996252,0.2236321,-0.05016587,-0.8768798,0.1255084,Nothing
85.56743,24,2,3,0,0.7904872,0.8834422,0.3061318,349.5671,111.6157,102.5742,0.7698383,0.900512,0.2252412,-0.03587542,-0.8575612,0.1379038,Nothing
85.57571,24,2,3,0,0.7904273,0.8831019,0.3064678,349.4494,111.6604,102.665,0.7712581,0.9014801,0.2268456,-0.02260122,-0.8426678,0.1504022,Nothing
85.58417,24,2,3,0,0.7904174,0.8824248,0.3067793,349.288,111.8015,102.7767,0.7735778,0.9029599,0.2293308,0.0001202475,-0.8176838,0.1705421,Nothing
85.59181,24,2,3,0,0.7904911,0.882116,0.3070057,349.2005,111.8709,102.8481,0.775097,0.9038823,0.2309459,0.01334717,-0.8016451,0.1823789,Nothing
85.60033,24,2,3,0,0.7907821,0.8815583,0.3073323,349.1646,111.9497,102.9614,0.7766767,0.9050105,0.2325323,0.03038204,-0.7884782,0.1940425,Nothing
85.60899,24,2,3,0,0.791097,0.8811802,0.3075058,349.1557,111.9982,103.0476,0.7784192,0.9060662,0.2341929,0.04604736,-0.7722557,0.2051399,Nothing
85.61737,24,2,3,0,0.7913967,0.8809515,0.307658,349.1377,112.04,103.1083,0.7798153,0.9069963,0.2359173,0.05992629,-0.7560318,0.2122396,Nothing
85.62631,24,2,3,0,0.7918765,0.8807102,0.3076159,349.205,112.084,103.1522,0.7813811,0.9078726,0.2374748,0.07405911,-0.7395774,0.2187074,Nothing
85.6353,24,2,3,0,0.7925647,0.8805326,0.3073133,349.3427,112.1317,103.1586,0.7836301,0.9088506,0.2396947,0.09157754,-0.7129146,0.2258538,Nothing
85.65063,24,2,3,0,0.7931981,0.8806473,0.3069391,349.4799,112.1873,103.0886,0.7859388,0.9097272,0.2420436,0.1066781,-0.6828995,0.232557,Nothing
85.65845,24,2,3,0,0.7934565,0.8807026,0.3066965,349.5158,112.2478,103.0425,0.7865094,0.9100123,0.2430527,0.1128132,-0.6705405,0.2316321,Nothing
85.66707,24,2,3,0,0.7936929,0.880697,0.3065588,349.5285,112.3039,103.0287,0.7869924,0.9101328,0.2440698,0.1172413,-0.6591511,0.2303044,Nothing
85.67522,24,2,3,0,0.7941026,0.8809276,0.3065247,349.5471,112.3666,103.0326,0.7876056,0.910274,0.2451001,0.1191534,-0.6482921,0.2285397,Nothing
85.68385,24,2,3,0,0.7941474,0.8808994,0.3065424,349.4834,112.4308,103.0409,0.7872745,0.9098235,0.2455063,0.1160051,-0.645139,0.2237398,Nothing
85.69171,24,2,3,0,0.7941372,0.8808751,0.3065261,349.4102,112.4937,103.0352,0.7871695,0.9094883,0.2461274,0.114555,-0.638795,0.2208119,Nothing
85.70084,24,2,3,0,0.7939358,0.8808078,0.3065279,349.3267,112.5687,103.0173,0.7865418,0.9092685,0.2465998,0.1145415,-0.6356428,0.2159069,SelectionStart
85.70087,24,2,3,0,0.7939358,0.8808078,0.3065279,349.3267,112.5687,103.0173,0.7865418,0.9092685,0.2465998,0.1145415,-0.6356428,0.2159069,SelectionEnd
85.70436,24,2,3,0,0.7939358,0.8808078,0.3065279,349.3267,112.5687,103.0173,0.7865418,0.9092685,0.2465998,0.1145415,-0.6356428,0.2159069,GotSelection
85.71567,24,2,3,0,0.7937796,0.8809041,0.3063216,349.1799,112.7164,102.968,0.7855574,0.9082293,0.247162,0.1061451,-0.6289739,0.2052576,SelectionStart
85.71571,24,2,3,0,0.7937796,0.8809041,0.3063216,349.1799,112.7164,102.968,0.7855574,0.9082293,0.247162,0.1061451,-0.6289739,0.2052576,SelectionEnd
85.7191,24,2,3,0,0.7937796,0.8809041,0.3063216,349.1799,112.7164,102.968,0.7855574,0.9082293,0.247162,0.1061451,-0.6289739,0.2052576,GotSelection
85.72949,24,2,3,0,0.7936622,0.8810694,0.305963,349.0608,112.862,102.8862,0.7842459,0.9067686,0.2472588,0.09287229,-0.6256359,0.1912946,SelectionStart
85.72951,24,2,3,0,0.7936622,0.8810694,0.305963,349.0608,112.862,102.8862,0.7842459,0.9067686,0.2472588,0.09287229,-0.6256359,0.1912946,SelectionEnd
85.73286,24,2,3,0,0.7936622,0.8810694,0.305963,349.0608,112.862,102.8862,0.7842459,0.9067686,0.2472588,0.09287229,-0.6256359,0.1912946,GotSelection
85.74228,24,2,3,0,0.7936243,0.8813892,0.3057173,349.0126,112.9804,102.7977,0.782128,0.9050896,0.2465115,0.07438123,-0.634092,0.1715795,SelectionStart
85.74229,24,2,3,0,0.7936243,0.8813892,0.3057173,349.0126,112.9804,102.7977,0.782128,0.9050896,0.2465115,0.07438123,-0.634092,0.1715795,SelectionEnd
85.74567,24,2,3,0,0.7936243,0.8813892,0.3057173,349.0126,112.9804,102.7977,0.782128,0.9050896,0.2465115,0.07438123,-0.634092,0.1715795,GotSelection
85.755,24,2,3,0,0.7934363,0.8816024,0.3054323,348.9673,113.0811,102.696,0.7800948,0.9032759,0.2456719,0.05548033,-0.6421163,0.1540084,SelectionStart
85.75502,24,2,3,0,0.7934363,0.8816024,0.3054323,348.9673,113.0811,102.696,0.7800948,0.9032759,0.2456719,0.05548033,-0.6421163,0.1540084,SelectionEnd
85.75826,24,2,3,0,0.7934363,0.8816024,0.3054323,348.9673,113.0811,102.696,0.7800948,0.9032759,0.2456719,0.05548033,-0.6421163,0.1540084,GotSelection
85.7679,24,2,3,0,0.7934849,0.8821248,0.3048871,348.9479,113.2295,102.5373,0.7767404,0.900799,0.2439381,0.02734271,-0.6604465,0.1231515,SelectionStart
85.76793,24,2,3,0,0.7934849,0.8821248,0.3048871,348.9479,113.2295,102.5373,0.7767404,0.900799,0.2439381,0.02734271,-0.6604465,0.1231515,SelectionEnd
85.77129,24,2,3,0,0.7934849,0.8821248,0.3048871,348.9479,113.2295,102.5373,0.7767404,0.900799,0.2439381,0.02734271,-0.6604465,0.1231515,GotSelection
85.78421,24,2,3,0,0.7934355,0.8826046,0.3043629,348.9537,113.3492,102.3744,0.7724483,0.8974478,0.2411553,-0.01092763,-0.6905881,0.08691669,SelectionStart
85.78423,24,2,3,0,0.7934355,0.8826046,0.3043629,348.9537,113.3492,102.3744,0.7724483,0.8974478,0.2411553,-0.01092763,-0.6905881,0.08691669,SelectionEnd
85.78746,24,2,3,0,0.7934355,0.8826046,0.3043629,348.9537,113.3492,102.3744,0.7724483,0.8974478,0.2411553,-0.01092763,-0.6905881,0.08691669,GotSelection
85.79845,24,2,3,0,0.7932178,0.8828723,0.3040813,348.9342,113.4286,102.2678,0.769054,0.8946123,0.239073,-0.04230281,-0.7138569,0.05979305,SelectionStart
85.79848,24,2,3,0,0.7932178,0.8828723,0.3040813,348.9342,113.4286,102.2678,0.769054,0.8946123,0.239073,-0.04230281,-0.7138569,0.05979305,SelectionEnd
85.80202,24,2,3,0,0.7932178,0.8828723,0.3040813,348.9342,113.4286,102.2678,0.769054,0.8946123,0.239073,-0.04230281,-0.7138569,0.05979305,GotSelection
85.81322,24,2,3,0,0.7926515,0.8832246,0.3038337,348.8726,113.5055,102.1365,0.7644281,0.8909303,0.2361507,-0.08399921,-0.7470723,0.02631194,SelectionStart
85.81323,24,2,3,0,0.7926515,0.8832246,0.3038337,348.8726,113.5055,102.1365,0.7644281,0.8909303,0.2361507,-0.08399921,-0.7470723,0.02631194,SelectionEnd
85.81647,24,2,3,0,0.7926515,0.8832246,0.3038337,348.8726,113.5055,102.1365,0.7644281,0.8909303,0.2361507,-0.08399921,-0.7470723,0.02631194,GotSelection
85.82626,24,2,3,0,0.7921737,0.8834354,0.3037391,348.7917,113.5484,102.0554,0.7597525,0.88671,0.2326402,-0.1318772,-0.786893,-0.006672066,SelectionStart
85.82628,24,2,3,0,0.7921737,0.8834354,0.3037391,348.7917,113.5484,102.0554,0.7597525,0.88671,0.2326402,-0.1318772,-0.786893,-0.006672066,SelectionEnd
85.82976,24,2,3,0,0.7921737,0.8834354,0.3037391,348.7917,113.5484,102.0554,0.7597525,0.88671,0.2326402,-0.1318772,-0.786893,-0.006672066,GotSelection
85.84294,24,2,3,0,0.791714,0.8835021,0.3039163,348.7002,113.5528,102.022,0.7546868,0.8825705,0.2289862,-0.1786898,-0.8327348,-0.04188833,SelectionStart
85.84296,24,2,3,0,0.791714,0.8835021,0.3039163,348.7002,113.5528,102.022,0.7546868,0.8825705,0.2289862,-0.1786898,-0.8327348,-0.04188833,SelectionEnd
85.84625,24,2,3,0,0.791714,0.8835021,0.3039163,348.7002,113.5528,102.022,0.7546868,0.8825705,0.2289862,-0.1786898,-0.8327348,-0.04188833,GotSelection
85.88998,24,2,3,0,0.7913946,0.8838899,0.303527,348.5486,113.5854,101.8264,0.743602,0.8702623,0.2188855,-0.3158427,-0.9417126,-0.1269287,SelectionStart
85.89,24,2,3,0,0.7913946,0.8838899,0.303527,348.5486,113.5854,101.8264,0.743602,0.8702623,0.2188855,-0.3158427,-0.9417126,-0.1269287,SelectionEnd
85.89322,24,2,3,0,0.7913946,0.8838899,0.303527,348.5486,113.5854,101.8264,0.743602,0.8702623,0.2188855,-0.3158427,-0.9417126,-0.1269287,GotSelection
85.90294,24,2,3,0,0.7913057,0.8840398,0.303359,348.5548,113.6236,101.7745,0.7414954,0.8674319,0.2170649,-0.3468035,-0.9596412,-0.1441658,SelectionStart
85.90297,24,2,3,0,0.7913057,0.8840398,0.303359,348.5548,113.6236,101.7745,0.7414954,0.8674319,0.2170649,-0.3468035,-0.9596412,-0.1441658,SelectionEnd
85.90625,24,2,3,0,0.7913057,0.8840398,0.303359,348.5548,113.6236,101.7745,0.7414954,0.8674319,0.2170649,-0.3468035,-0.9596412,-0.1441658,GotSelection
85.91791,24,2,3,0,0.7912483,0.8841589,0.3032343,348.5535,113.6841,101.7172,0.7398461,0.8647102,0.2151795,-0.3770612,-0.9770968,-0.1563811,SelectionStart
85.91792,24,2,3,0,0.7912483,0.8841589,0.3032343,348.5535,113.6841,101.7172,0.7398461,0.8647102,0.2151795,-0.3770612,-0.9770968,-0.1563811,SelectionEnd
85.92128,24,2,3,0,0.7912483,0.8841589,0.3032343,348.5535,113.6841,101.7172,0.7398461,0.8647102,0.2151795,-0.3770612,-0.9770968,-0.1563811,GotSelection
85.93504,24,2,3,0,0.7908977,0.884416,0.3029443,348.5151,113.7419,101.6075,0.7388811,0.8628547,0.2140792,-0.3975654,-0.9836426,-0.1621247,SelectionStart
85.93506,24,2,3,0,0.7908977,0.884416,0.3029443,348.5151,113.7419,101.6075,0.7388811,0.8628547,0.2140792,-0.3975654,-0.9836426,-0.1621247,SelectionEnd
85.93832,24,2,3,0,0.7908977,0.884416,0.3029443,348.5151,113.7419,101.6075,0.7388811,0.8628547,0.2140792,-0.3975654,-0.9836426,-0.1621247,GotSelection
85.94884,24,2,3,0,0.7907383,0.8846749,0.3026632,348.4848,113.779,101.5151,0.7389823,0.8623943,0.2139601,-0.4029177,-0.9803111,-0.1612991,SelectionStart
85.94885,24,2,3,0,0.7907383,0.8846749,0.3026632,348.4848,113.779,101.5151,0.7389823,0.8623943,0.2139601,-0.4029177,-0.9803111,-0.1612991,SelectionEnd
85.95232,24,2,3,0,0.7907383,0.8846749,0.3026632,348.4848,113.779,101.5151,0.7389823,0.8623943,0.2139601,-0.4029177,-0.9803111,-0.1612991,GotSelection
85.9628,24,2,3,0,0.7904266,0.8848372,0.3025033,348.4513,113.8063,101.4638,0.7395614,0.8629541,0.2144398,-0.3973608,-0.9718441,-0.1545524,SelectionStart
85.96281,24,2,3,0,0.7904266,0.8848372,0.3025033,348.4513,113.8063,101.4638,0.7395614,0.8629541,0.2144398,-0.3973608,-0.9718441,-0.1545524,SelectionEnd
85.96628,24,2,3,0,0.7904266,0.8848372,0.3025033,348.4513,113.8063,101.4638,0.7395614,0.8629541,0.2144398,-0.3973608,-0.9718441,-0.1545524,GotSelection
85.97591,24,2,3,0,0.7905031,0.8850314,0.3024464,348.4111,113.8768,101.4452,0.742012,0.8653336,0.2161633,-0.3734821,-0.9499354,-0.1344738,SelectionStart
85.97592,24,2,3,0,0.7905031,0.8850314,0.3024464,348.4111,113.8768,101.4452,0.742012,0.8653336,0.2161633,-0.3734821,-0.9499354,-0.1344738,SelectionEnd
85.97932,24,2,3,0,0.7905031,0.8850314,0.3024464,348.4111,113.8768,101.4452,0.742012,0.8653336,0.2161633,-0.3734821,-0.9499354,-0.1344738,GotSelection
85.98935,24,2,3,0,0.7903904,0.8851389,0.3022905,348.3631,113.9347,101.4015,0.744557,0.8676293,0.2182358,-0.3482267,-0.9228469,-0.113886,SelectionStart
85.98936,24,2,3,0,0.7903904,0.8851389,0.3022905,348.3631,113.9347,101.4015,0.744557,0.8676293,0.2182358,-0.3482267,-0.9228469,-0.113886,SelectionEnd
85.99263,24,2,3,0,0.7903904,0.8851389,0.3022905,348.3631,113.9347,101.4015,0.744557,0.8676293,0.2182358,-0.3482267,-0.9228469,-0.113886,GotSelection
86.00235,24,2,3,0,0.7902303,0.8853431,0.3021475,348.2944,114.0182,101.3259,0.7474027,0.870171,0.2207027,-0.3204734,-0.8912039,-0.09103262,SelectionStart
86.00238,24,2,3,0,0.7902303,0.8853431,0.3021475,348.2944,114.0182,101.3259,0.7474027,0.870171,0.2207027,-0.3204734,-0.8912039,-0.09103262,SelectionEnd
86.00562,24,2,3,0,0.7902303,0.8853431,0.3021475,348.2944,114.0182,101.3259,0.7474027,0.870171,0.2207027,-0.3204734,-0.8912039,-0.09103262,GotSelection
86.0174,24,2,3,0,0.7900195,0.885609,0.3016649,348.2307,114.1198,101.1853,0.7515591,0.873494,0.2243799,-0.2822087,-0.8411875,-0.06036844,SelectionStart
86.01741,24,2,3,0,0.7900195,0.885609,0.3016649,348.2307,114.1198,101.1853,0.7515591,0.873494,0.2243799,-0.2822087,-0.8411875,-0.06036844,SelectionEnd
86.02089,24,2,3,0,0.7900195,0.885609,0.3016649,348.2307,114.1198,101.1853,0.7515591,0.873494,0.2243799,-0.2822087,-0.8411875,-0.06036844,GotSelection
86.03172,24,2,3,0,0.7900192,0.8858523,0.3012484,348.2166,114.2261,101.0731,0.7555956,0.8765096,0.2268988,-0.250288,-0.8026831,-0.02828804,SelectionStart
86.03174,24,2,3,0,0.7900192,0.8858523,0.3012484,348.2166,114.2261,101.0731,0.7555956,0.8765096,0.2268988,-0.250288,-0.8026831,-0.02828804,SelectionEnd
86.03497,24,2,3,0,0.7900192,0.8858523,0.3012484,348.2166,114.2261,101.0731,0.7555956,0.8765096,0.2268988,-0.250288,-0.8026831,-0.02828804,GotSelection
86.07397,24,2,3,0,0.7903979,0.8863379,0.30026,348.242,114.4856,100.8193,0.769342,0.8886423,0.2356457,-0.1222708,-0.6780352,0.08087908,SelectionStart
86.07401,24,2,3,0,0.7903979,0.8863379,0.30026,348.242,114.4856,100.8193,0.769342,0.8886423,0.2356457,-0.1222708,-0.6780352,0.08087908,SelectionEnd
86.07724,24,2,3,0,0.7903979,0.8863379,0.30026,348.242,114.4856,100.8193,0.769342,0.8886423,0.2356457,-0.1222708,-0.6780352,0.08087908,GotSelection
86.08798,24,2,3,0,0.7903202,0.8863024,0.3002936,348.2056,114.4981,100.8126,0.7734494,0.8916323,0.2374774,-0.09241076,-0.6487012,0.1179257,SelectionStart
86.08801,24,2,3,0,0.7903202,0.8863024,0.3002936,348.2056,114.4981,100.8126,0.7734494,0.8916323,0.2374774,-0.09241076,-0.6487012,0.1179257,SelectionEnd
86.09213,24,2,3,0,0.7903202,0.8863024,0.3002936,348.2056,114.4981,100.8126,0.7734494,0.8916323,0.2374774,-0.09241076,-0.6487012,0.1179257,GotSelection
86.10443,24,2,3,0,0.7902355,0.8863583,0.3003458,348.1554,114.5436,100.8035,0.7788393,0.895137,0.2399369,-0.05832294,-0.6087498,0.1654215,SelectionStart
86.10448,24,2,3,0,0.7902355,0.8863583,0.3003458,348.1554,114.5436,100.8035,0.7788393,0.895137,0.2399369,-0.05832294,-0.6087498,0.1654215,SelectionEnd
86.11011,24,2,3,0,0.7902355,0.8863583,0.3003458,348.1554,114.5436,100.8035,0.7788393,0.895137,0.2399369,-0.05832294,-0.6087498,0.1654215,GotSelection
86.12239,24,2,3,0,0.7903234,0.8862004,0.3005016,348.1269,114.5855,100.7976,0.7848793,0.8988439,0.2421583,-0.02157417,-0.5704149,0.2194545,SelectionStart
86.12242,24,2,3,0,0.7903234,0.8862004,0.3005016,348.1269,114.5855,100.7976,0.7848793,0.8988439,0.2421583,-0.02157417,-0.5704149,0.2194545,SelectionEnd
86.12576,24,2,3,0,0.7903234,0.8862004,0.3005016,348.1269,114.5855,100.7976,0.7848793,0.8988439,0.2421583,-0.02157417,-0.5704149,0.2194545,GotSelection
86.13602,24,2,3,0,0.7908947,0.886255,0.3001432,348.2513,114.4846,100.7593,0.7889011,0.9015258,0.2431466,0.004977731,-0.5481772,0.2495416,SelectionStart
86.13603,24,2,3,0,0.7908947,0.886255,0.3001432,348.2513,114.4846,100.7593,0.7889011,0.9015258,0.2431466,0.004977731,-0.5481772,0.2495416,SelectionEnd
86.13936,24,2,3,0,0.7908947,0.886255,0.3001432,348.2513,114.4846,100.7593,0.7889011,0.9015258,0.2431466,0.004977731,-0.5481772,0.2495416,GotSelection
86.15024,24,2,3,0,0.791164,0.8862643,0.2999461,348.3281,114.491,100.7291,0.792406,0.9041363,0.2434484,0.02897966,-0.5340008,0.2821769,SelectionStart
86.15025,24,2,3,0,0.791164,0.8862643,0.2999461,348.3281,114.491,100.7291,0.792406,0.9041363,0.2434484,0.02897966,-0.5340008,0.2821769,SelectionEnd
86.1537,24,2,3,0,0.791164,0.8862643,0.2999461,348.3281,114.491,100.7291,0.792406,0.9041363,0.2434484,0.02897966,-0.5340008,0.2821769,GotSelection
86.16408,24,2,3,0,0.7916003,0.8862426,0.2997269,348.4491,114.4901,100.7118,0.794297,0.9061633,0.2434687,0.04894667,-0.5292184,0.2983232,SelectionStart
86.16412,24,2,3,0,0.7916003,0.8862426,0.2997269,348.4491,114.4901,100.7118,0.794297,0.9061633,0.2434687,0.04894667,-0.5292184,0.2983232,SelectionEnd
86.16769,24,2,3,0,0.7916003,0.8862426,0.2997269,348.4491,114.4901,100.7118,0.794297,0.9061633,0.2434687,0.04894667,-0.5292184,0.2983232,GotSelection
86.17731,24,2,3,0,0.792051,0.8862137,0.2994972,348.5632,114.5234,100.6978,0.7968156,0.9088726,0.2431753,0.07425825,-0.5254974,0.3229373,SelectionStart
86.17732,24,2,3,0,0.792051,0.8862137,0.2994972,348.5632,114.5234,100.6978,0.7968156,0.9088726,0.2431753,0.07425825,-0.5254974,0.3229373,SelectionEnd
86.18074,24,2,3,0,0.792051,0.8862137,0.2994972,348.5632,114.5234,100.6978,0.7968156,0.9088726,0.2431753,0.07425825,-0.5254974,0.3229373,GotSelection
86.19284,24,2,3,0,0.7923207,0.8862098,0.299266,348.6311,114.5471,100.6676,0.7976772,0.9109194,0.2427856,0.09404634,-0.5279586,0.3331068,SelectionStart
86.19286,24,2,3,0,0.7923207,0.8862098,0.299266,348.6311,114.5471,100.6676,0.7976772,0.9109194,0.2427856,0.09404634,-0.5279586,0.3331068,SelectionEnd
86.19617,24,2,3,0,0.7923207,0.8862098,0.299266,348.6311,114.5471,100.6676,0.7976772,0.9109194,0.2427856,0.09404634,-0.5279586,0.3331068,GotSelection
86.2058,24,2,3,0,0.7927068,0.886269,0.2990726,348.7315,114.6038,100.6301,0.7982022,0.9137895,0.2424658,0.1221051,-0.5334006,0.340653,SelectionStart
86.20581,24,2,3,0,0.7927068,0.886269,0.2990726,348.7315,114.6038,100.6301,0.7982022,0.9137895,0.2424658,0.1221051,-0.5334006,0.340653,SelectionEnd
86.20917,24,2,3,0,0.7927068,0.886269,0.2990726,348.7315,114.6038,100.6301,0.7982022,0.9137895,0.2424658,0.1221051,-0.5334006,0.340653,GotSelection
86.21915,24,2,3,0,0.7928621,0.8863205,0.2989564,348.807,114.6531,100.6039,0.7987168,0.9161055,0.2419869,0.1437622,-0.5389628,0.3500548,SelectionStart
86.21916,24,2,3,0,0.7928621,0.8863205,0.2989564,348.807,114.6531,100.6039,0.7987168,0.9161055,0.2419869,0.1437622,-0.5389628,0.3500548,SelectionEnd
86.2225,24,2,3,0,0.7928621,0.8863205,0.2989564,348.807,114.6531,100.6039,0.7987168,0.9161055,0.2419869,0.1437622,-0.5389628,0.3500548,GotSelection
86.29497,24,2,3,0,0.7940977,0.8862057,0.2981339,349.1662,114.8159,100.6354,0.789934,0.9297074,0.2354633,0.2755584,-0.6603481,0.3091075,Nothing
86.30287,24,2,3,0,0.7940778,0.886277,0.2981016,349.2074,114.868,100.6553,0.7882849,0.9309176,0.2348501,0.2867315,-0.67496,0.2991699,Nothing
86.31094,24,2,3,0,0.7943653,0.886188,0.2980186,349.2643,114.9013,100.6587,0.7866743,0.9320862,0.234145,0.2994843,-0.6914099,0.2868724,Nothing
86.31949,24,2,3,0,0.7946805,0.8861315,0.2977537,349.3429,114.9345,100.6506,0.784379,0.9332566,0.2335279,0.3134494,-0.7085947,0.2667183,Nothing
86.32777,24,2,3,0,0.7950197,0.8861487,0.2974878,349.437,114.9609,100.637,0.7823862,0.9336597,0.2327441,0.3185616,-0.7244525,0.2479968,Nothing
86.33723,24,2,3,0,0.7959589,0.8862529,0.2970889,349.5935,115.0076,100.6354,0.7795167,0.934755,0.2314561,0.3299708,-0.7515243,0.2182623,Nothing
86.34523,24,2,3,0,0.7965475,0.8863449,0.2967025,349.7633,115.0397,100.6147,0.7773267,0.9351206,0.2305476,0.334518,-0.7692486,0.1947047,Nothing
86.35344,24,2,3,0,0.7970555,0.8862891,0.2965178,349.8848,115.0703,100.6127,0.775214,0.9354882,0.229651,0.3394254,-0.7883127,0.1740185,Nothing
86.36195,24,2,3,0,0.7977248,0.8863287,0.2963452,350.0448,115.0965,100.6429,0.7725047,0.9348562,0.2288055,0.3337669,-0.8086646,0.1439417,Nothing
86.37032,24,2,3,0,0.7982087,0.8863249,0.2961495,350.1665,115.117,100.6575,0.7696137,0.9343781,0.2281066,0.3304386,-0.8277419,0.1137892,Nothing
86.37782,24,2,3,0,0.7996342,0.8858258,0.295812,350.203,115.2068,100.6838,0.7669659,0.9335894,0.22732,0.3289919,-0.8498709,0.07901806,Nothing
86.3864,24,2,3,0,0.7999375,0.8856781,0.2957969,350.2567,115.2052,100.726,0.7643949,0.9326026,0.2265237,0.3203332,-0.8686409,0.05429115,Nothing
86.39452,24,2,3,0,0.8001953,0.8857225,0.2958209,350.3133,115.243,100.7541,0.761681,0.9312037,0.2258114,0.3059316,-0.8862376,0.0279872,Nothing
86.40546,24,2,3,0,0.8007343,0.8856066,0.2956658,350.4005,115.318,100.7727,0.7581966,0.9291165,0.2245432,0.2861035,-0.9110022,-0.006821045,Nothing
86.44344,24,2,3,0,0.8011617,0.8858875,0.2953582,350.6171,115.4388,100.7673,0.7529375,0.9254079,0.2224259,0.2457451,-0.9457959,-0.05727575,Nothing
86.44899,24,2,3,0,0.803323,0.8856036,0.2940892,350.9478,115.6991,100.6379,0.747377,0.9208111,0.219353,0.2044973,-0.9892877,-0.1248645,Nothing
86.45882,24,2,3,0,0.8041109,0.8857172,0.2935297,351.1872,115.7434,100.5904,0.745634,0.9192834,0.2183876,0.1888861,-1.001393,-0.1495236,Nothing
86.46696,24,2,3,0,0.8046409,0.8857844,0.2932044,351.3452,115.7694,100.5736,0.744804,0.9187368,0.2181228,0.1834894,-1.00594,-0.163677,Nothing
86.47557,24,2,3,0,0.8041385,0.8862497,0.2931473,351.4924,115.7459,100.5566,0.744401,0.9186377,0.2180752,0.1778186,-1.004147,-0.1649916,Nothing
86.48355,24,2,3,0,0.8042584,0.8862295,0.2931321,351.5272,115.7664,100.5759,0.7438551,0.9185767,0.218396,0.1780392,-1.004253,-0.1724561,Nothing
86.49152,24,2,3,0,0.8044103,0.886255,0.293014,351.5873,115.7893,100.5708,0.74332,0.9188049,0.2190724,0.1820861,-1.000743,-0.1818847,Nothing
86.50055,24,2,3,0,0.8043429,0.8863612,0.2929064,351.5256,115.8056,100.5647,0.7431408,0.9194524,0.220129,0.1904687,-0.9919628,-0.1865428,Nothing
86.5094,24,2,3,0,0.8043155,0.8863758,0.2928374,351.5219,115.8239,100.5529,0.7427764,0.9198627,0.2210776,0.1970957,-0.9852161,-0.1931603,Nothing
86.51749,24,2,3,0,0.8049332,0.8856797,0.2928766,351.4109,115.9358,100.5311,0.7422524,0.9202602,0.222089,0.2112007,-0.9842904,-0.2036137,Nothing
86.52588,24,2,3,0,0.8047607,0.8857129,0.2927524,351.3538,115.9491,100.4781,0.7423328,0.9211754,0.2233402,0.224082,-0.9723895,-0.205438,Nothing
86.53397,24,2,3,0,0.804438,0.8861734,0.292542,351.3545,115.9695,100.4338,0.7422298,0.9217548,0.2242384,0.2283967,-0.9616309,-0.2078414,Nothing
86.5424,24,2,3,0,0.8045913,0.8863193,0.2922551,351.3969,116.0098,100.383,0.7424436,0.9227118,0.2253655,0.2402541,-0.9501789,-0.211977,Nothing
86.55025,24,2,3,0,0.8045668,0.8865772,0.2920436,351.4604,116.026,100.3273,0.7426664,0.9234866,0.2262008,0.2482958,-0.9404414,-0.2137879,Nothing
86.55818,24,2,3,0,0.8047747,0.8867375,0.291719,351.522,116.0747,100.2751,0.7427463,0.9242212,0.2271172,0.2573834,-0.9309661,-0.2192928,Nothing
86.56705,24,2,3,0,0.8049605,0.8868834,0.2914194,351.5735,116.1231,100.2251,0.742825,0.9249441,0.2279973,0.2663212,-0.9219558,-0.2242903,Nothing
86.57498,24,2,3,0,0.8050406,0.8871074,0.2911355,351.6182,116.1322,100.1769,0.7427979,0.9254248,0.2286702,0.2716696,-0.9141834,-0.2293304,Nothing
86.58441,24,2,3,0,0.8055694,0.8873191,0.2904778,351.7433,116.2633,100.085,0.7428832,0.9264591,0.2297745,0.2845967,-0.9021158,-0.2390186,Nothing
86.59181,24,2,3,0,0.8060188,0.8873974,0.2899579,351.7755,116.2737,100.0254,0.7430187,0.92752,0.2303458,0.297732,-0.8953333,-0.2453986,Nothing
86.60149,24,2,3,0,0.8060449,0.8874759,0.2897052,351.7798,116.2925,99.97822,0.7430962,0.9282617,0.2309896,0.3069552,-0.8881215,-0.2477406,Nothing
86.6098,24,2,3,0,0.8060932,0.8876356,0.2894215,351.7787,116.3349,99.93304,0.7432365,0.9288965,0.2318112,0.3146603,-0.8786568,-0.2505551,Nothing
86.62517,24,2,3,0,0.8061876,0.8876875,0.2891356,351.7491,116.4166,99.89809,0.7433394,0.9302205,0.232998,0.3309907,-0.8679771,-0.2538469,Nothing
86.63388,24,2,3,0,0.8063525,0.8877855,0.2889879,351.7397,116.473,99.88664,0.7434701,0.931003,0.2338066,0.3399794,-0.8610593,-0.2566021,Nothing
86.64156,24,2,3,0,0.8064613,0.8877859,0.2888604,351.7238,116.5315,99.87804,0.7436089,0.932001,0.2345896,0.3519285,-0.8548257,-0.2580411,SelectionStart
86.64157,24,2,3,0,0.8064613,0.8877859,0.2888604,351.7238,116.5315,99.87804,0.7436089,0.932001,0.2345896,0.3519285,-0.8548257,-0.2580411,SelectionEnd
86.64484,24,2,3,0,0.8064613,0.8877859,0.2888604,351.7238,116.5315,99.87804,0.7436089,0.932001,0.2345896,0.3519285,-0.8548257,-0.2580411,GotSelection
86.65431,24,2,3,0,0.8065719,0.8878752,0.2885524,351.698,116.6164,99.83355,0.7438289,0.934292,0.236182,0.3784985,-0.8414342,-0.2610356,SelectionStart
86.65433,24,2,3,0,0.8065719,0.8878752,0.2885524,351.698,116.6164,99.83355,0.7438289,0.934292,0.236182,0.3784985,-0.8414342,-0.2610356,SelectionEnd
86.65775,24,2,3,0,0.8065719,0.8878752,0.2885524,351.698,116.6164,99.83355,0.7438289,0.934292,0.236182,0.3784985,-0.8414342,-0.2610356,GotSelection
86.66899,24,2,3,0,0.8066881,0.8880004,0.2881757,351.7037,116.6819,99.77197,0.7444683,0.9367613,0.2375877,0.4061568,-0.8271018,-0.2601305,SelectionStart
86.66901,24,2,3,0,0.8066881,0.8880004,0.2881757,351.7037,116.6819,99.77197,0.7444683,0.9367613,0.2375877,0.4061568,-0.8271018,-0.2601305,SelectionEnd
86.67256,24,2,3,0,0.8066881,0.8880004,0.2881757,351.7037,116.6819,99.77197,0.7444683,0.9367613,0.2375877,0.4061568,-0.8271018,-0.2601305,GotSelection
86.6844,24,2,3,0,0.8065966,0.8877925,0.2879953,351.6814,116.8233,99.69464,0.744516,0.9400717,0.2404261,0.4485162,-0.805904,-0.2654037,SelectionStart
86.68443,24,2,3,0,0.8065966,0.8877925,0.2879953,351.6814,116.8233,99.69464,0.744516,0.9400717,0.2404261,0.4485162,-0.805904,-0.2654037,SelectionEnd
86.68781,24,2,3,0,0.8065966,0.8877925,0.2879953,351.6814,116.8233,99.69464,0.744516,0.9400717,0.2404261,0.4485162,-0.805904,-0.2654037,GotSelection
86.69785,24,2,3,0,0.8070046,0.8881012,0.2873716,351.7467,116.9874,99.62034,0.7450659,0.9432825,0.24278,0.4840954,-0.7840556,-0.2721367,SelectionStart
86.69788,24,2,3,0,0.8070046,0.8881012,0.2873716,351.7467,116.9874,99.62034,0.7450659,0.9432825,0.24278,0.4840954,-0.7840556,-0.2721367,SelectionEnd
86.70113,24,2,3,0,0.8070046,0.8881012,0.2873716,351.7467,116.9874,99.62034,0.7450659,0.9432825,0.24278,0.4840954,-0.7840556,-0.2721367,GotSelection
86.71097,24,2,3,0,0.8072346,0.8881904,0.2869997,351.7841,117.0985,99.55482,0.745831,0.9460194,0.2446395,0.5154288,-0.7662536,-0.2727986,SelectionStart
86.71098,24,2,3,0,0.8072346,0.8881904,0.2869997,351.7841,117.0985,99.55482,0.745831,0.9460194,0.2446395,0.5154288,-0.7662536,-0.2727986,SelectionEnd
86.71434,24,2,3,0,0.8072346,0.8881904,0.2869997,351.7841,117.0985,99.55482,0.745831,0.9460194,0.2446395,0.5154288,-0.7662536,-0.2727986,GotSelection
86.7262,24,2,3,0,0.8073611,0.8884078,0.2864192,351.8132,117.207,99.44915,0.7467352,0.9503706,0.2464789,0.5623847,-0.7476367,-0.270047,SelectionStart
86.72621,24,2,3,0,0.8073611,0.8884078,0.2864192,351.8132,117.207,99.44915,0.7467352,0.9503706,0.2464789,0.5623847,-0.7476367,-0.270047,SelectionEnd
86.72966,24,2,3,0,0.8073611,0.8884078,0.2864192,351.8132,117.207,99.44915,0.7467352,0.9503706,0.2464789,0.5623847,-0.7476367,-0.270047,GotSelection
86.74051,24,2,3,0,0.8081376,0.8886068,0.2860582,351.8249,117.2401,99.41743,0.7476016,0.9539824,0.2486912,0.6021156,-0.7299739,-0.275953,SelectionStart
86.74054,24,2,3,0,0.8081376,0.8886068,0.2860582,351.8249,117.2401,99.41743,0.7476016,0.9539824,0.2486912,0.6021156,-0.7299739,-0.275953,SelectionEnd
86.74397,24,2,3,0,0.8081376,0.8886068,0.2860582,351.8249,117.2401,99.41743,0.7476016,0.9539824,0.2486912,0.6021156,-0.7299739,-0.275953,GotSelection
86.75479,24,2,3,0,0.8083224,0.8886198,0.2860019,351.8449,117.2619,99.43053,0.7484505,0.9570797,0.2502685,0.6356845,-0.7176955,-0.2730993,SelectionStart
86.75482,24,2,3,0,0.8083224,0.8886198,0.2860019,351.8449,117.2619,99.43053,0.7484505,0.9570797,0.2502685,0.6356845,-0.7176955,-0.2730993,SelectionEnd
86.75882,24,2,3,0,0.8083224,0.8886198,0.2860019,351.8449,117.2619,99.43053,0.7484505,0.9570797,0.2502685,0.6356845,-0.7176955,-0.2730993,GotSelection
86.7695,24,2,3,0,0.8083974,0.8885602,0.2860207,351.8316,117.3024,99.45265,0.7499235,0.961145,0.2532147,0.6820332,-0.6924387,-0.267539,SelectionStart
86.76952,24,2,3,0,0.8083974,0.8885602,0.2860207,351.8316,117.3024,99.45265,0.7499235,0.961145,0.2532147,0.6820332,-0.6924387,-0.267539,SelectionEnd
86.77274,24,2,3,0,0.8083974,0.8885602,0.2860207,351.8316,117.3024,99.45265,0.7499235,0.961145,0.2532147,0.6820332,-0.6924387,-0.267539,GotSelection
86.78398,24,2,3,0,0.8082783,0.8885549,0.2860228,351.774,117.3574,99.44711,0.7531468,0.9650477,0.2559234,0.7252648,-0.6591748,-0.2430861,SelectionStart
86.78401,24,2,3,0,0.8082783,0.8885549,0.2860228,351.774,117.3574,99.44711,0.7531468,0.9650477,0.2559234,0.7252648,-0.6591748,-0.2430861,SelectionEnd
86.78732,24,2,3,0,0.8082783,0.8885549,0.2860228,351.774,117.3574,99.44711,0.7531468,0.9650477,0.2559234,0.7252648,-0.6591748,-0.2430861,GotSelection
86.8298,24,2,3,0,0.8071799,0.8892604,0.2859041,351.5674,117.5587,99.24711,0.7584562,0.9738516,0.2640563,0.822714,-0.5671477,-0.2073505,SelectionStart
86.82982,24,2,3,0,0.8071799,0.8892604,0.2859041,351.5674,117.5587,99.24711,0.7584562,0.9738516,0.2640563,0.822714,-0.5671477,-0.2073505,SelectionEnd
86.83307,24,2,3,0,0.8071799,0.8892604,0.2859041,351.5674,117.5587,99.24711,0.7584562,0.9738516,0.2640563,0.822714,-0.5671477,-0.2073505,GotSelection
86.84404,24,2,3,0,0.8070695,0.8895677,0.2856605,351.5992,117.6035,99.15524,0.7599572,0.976342,0.2664651,0.8499058,-0.5383273,-0.2022575,SelectionStart
86.84407,24,2,3,0,0.8070695,0.8895677,0.2856605,351.5992,117.6035,99.15524,0.7599572,0.976342,0.2664651,0.8499058,-0.5383273,-0.2022575,SelectionEnd
86.84758,24,2,3,0,0.8070695,0.8895677,0.2856605,351.5992,117.6035,99.15524,0.7599572,0.976342,0.2664651,0.8499058,-0.5383273,-0.2022575,GotSelection
86.85889,24,2,3,0,0.8070102,0.8898578,0.2854856,351.6149,117.6627,99.08857,0.761229,0.978292,0.2683752,0.8705664,-0.5154289,-0.1975069,SelectionStart
86.8589,24,2,3,0,0.8070102,0.8898578,0.2854856,351.6149,117.6627,99.08857,0.761229,0.978292,0.2683752,0.8705664,-0.5154289,-0.1975069,SelectionEnd
86.86221,24,2,3,0,0.8070102,0.8898578,0.2854856,351.6149,117.6627,99.08857,0.761229,0.978292,0.2683752,0.8705664,-0.5154289,-0.1975069,GotSelection
86.87238,24,2,3,0,0.8069027,0.8900363,0.2853767,351.5856,117.6694,99.04943,0.762941,0.979445,0.2691708,0.8816037,-0.4995723,-0.1835041,SelectionStart
86.87241,24,2,3,0,0.8069027,0.8900363,0.2853767,351.5856,117.6694,99.04943,0.762941,0.979445,0.2691708,0.8816037,-0.4995723,-0.1835041,SelectionEnd
86.8757,24,2,3,0,0.8069027,0.8900363,0.2853767,351.5856,117.6694,99.04943,0.762941,0.979445,0.2691708,0.8816037,-0.4995723,-0.1835041,GotSelection
86.88583,24,2,3,0,0.8064106,0.8901454,0.2854981,351.5179,117.6191,99.024,0.76355,0.9801714,0.2701516,0.889457,-0.486969,-0.1759356,SelectionStart
86.88585,24,2,3,0,0.8064106,0.8901454,0.2854981,351.5179,117.6191,99.024,0.76355,0.9801714,0.2701516,0.889457,-0.486969,-0.1759356,SelectionEnd
86.88936,24,2,3,0,0.8064106,0.8901454,0.2854981,351.5179,117.6191,99.024,0.76355,0.9801714,0.2701516,0.889457,-0.486969,-0.1759356,GotSelection
86.90106,24,2,3,0,0.8064869,0.8899059,0.2853859,351.4863,117.6088,99.01664,0.7627761,0.9792695,0.2700065,0.8834571,-0.4902059,-0.18392,SelectionStart
86.90108,24,2,3,0,0.8064869,0.8899059,0.2853859,351.4863,117.6088,99.01664,0.7627761,0.9792695,0.2700065,0.8834571,-0.4902059,-0.18392,SelectionEnd
86.90515,24,2,3,0,0.8064869,0.8899059,0.2853859,351.4863,117.6088,99.01664,0.7627761,0.9792695,0.2700065,0.8834571,-0.4902059,-0.18392,GotSelection
86.91722,24,2,3,0,0.8060955,0.8898236,0.2856047,351.4312,117.628,99.02402,0.7623182,0.9783534,0.2695335,0.8738045,-0.4955564,-0.1815181,SelectionStart
86.91724,24,2,3,0,0.8060955,0.8898236,0.2856047,351.4312,117.628,99.02402,0.7623182,0.9783534,0.2695335,0.8738045,-0.4955564,-0.1815181,SelectionEnd
86.92058,24,2,3,0,0.8060955,0.8898236,0.2856047,351.4312,117.628,99.02402,0.7623182,0.9783534,0.2695335,0.8738045,-0.4955564,-0.1815181,GotSelection
86.931,24,2,3,0,0.8059987,0.8896456,0.2857572,351.4132,117.6401,99.0238,0.761142,0.9767781,0.2682202,0.8574569,-0.5116103,-0.1860641,SelectionStart
86.93102,24,2,3,0,0.8059987,0.8896456,0.2857572,351.4132,117.6401,99.0238,0.761142,0.9767781,0.2682202,0.8574569,-0.5116103,-0.1860641,SelectionEnd
86.93423,24,2,3,0,0.8059987,0.8896456,0.2857572,351.4132,117.6401,99.0238,0.761142,0.9767781,0.2682202,0.8574569,-0.5116103,-0.1860641,GotSelection
86.94525,24,2,3,0,0.8059546,0.889652,0.2857832,351.4437,117.6336,99.03097,0.7598928,0.9745245,0.2658844,0.8305017,-0.5347955,-0.1897475,SelectionStart
86.94527,24,2,3,0,0.8059546,0.889652,0.2857832,351.4437,117.6336,99.03097,0.7598928,0.9745245,0.2658844,0.8305017,-0.5347955,-0.1897475,SelectionEnd
86.94865,24,2,3,0,0.8059546,0.889652,0.2857832,351.4437,117.6336,99.03097,0.7598928,0.9745245,0.2658844,0.8305017,-0.5347955,-0.1897475,GotSelection
86.95912,24,2,3,0,0.8065323,0.8895166,0.2857273,351.5045,117.5947,99.04847,0.7575005,0.9713398,0.2629863,0.7955375,-0.5695184,-0.2088442,SelectionStart
86.95914,24,2,3,0,0.8065323,0.8895166,0.2857273,351.5045,117.5947,99.04847,0.7575005,0.9713398,0.2629863,0.7955375,-0.5695184,-0.2088442,SelectionEnd
86.96246,24,2,3,0,0.8065323,0.8895166,0.2857273,351.5045,117.5947,99.04847,0.7575005,0.9713398,0.2629863,0.7955375,-0.5695184,-0.2088442,GotSelection
86.97345,24,2,3,0,0.8065861,0.8894642,0.2858056,351.5223,117.6032,99.06593,0.7558704,0.9686264,0.260379,0.764056,-0.5974621,-0.2155556,SelectionStart
86.97346,24,2,3,0,0.8065861,0.8894642,0.2858056,351.5223,117.6032,99.06593,0.7558704,0.9686264,0.260379,0.764056,-0.5974621,-0.2155556,SelectionEnd
86.97688,24,2,3,0,0.8065861,0.8894642,0.2858056,351.5223,117.6032,99.06593,0.7558704,0.9686264,0.260379,0.764056,-0.5974621,-0.2155556,GotSelection
87.01779,24,2,3,0,0.8062143,0.8893403,0.2860604,351.4516,117.6538,99.05064,0.749272,0.9554852,0.2486093,0.6128515,-0.7133335,-0.2331759,SelectionStart
87.01782,24,2,3,0,0.8062143,0.8893403,0.2860604,351.4516,117.6538,99.05064,0.749272,0.9554852,0.2486093,0.6128515,-0.7133335,-0.2331759,SelectionEnd
87.02127,24,2,3,0,0.8062143,0.8893403,0.2860604,351.4516,117.6538,99.05064,0.749272,0.9554852,0.2486093,0.6128515,-0.7133335,-0.2331759,GotSelection
87.03053,24,2,3,0,0.806155,0.8893703,0.2859402,351.463,117.6514,99.05006,0.7479268,0.9520474,0.2456264,0.5729558,-0.739319,-0.2366823,SelectionStart
87.03056,24,2,3,0,0.806155,0.8893703,0.2859402,351.463,117.6514,99.05006,0.7479268,0.9520474,0.2456264,0.5729558,-0.739319,-0.2366823,SelectionEnd
87.03386,24,2,3,0,0.806155,0.8893703,0.2859402,351.463,117.6514,99.05006,0.7479268,0.9520474,0.2456264,0.5729558,-0.739319,-0.2366823,GotSelection
87.04341,24,2,3,0,0.8063862,0.889196,0.2859445,351.4976,117.6593,99.08801,0.7466646,0.9486848,0.2424981,0.5347563,-0.7695395,-0.2404917,SelectionStart
87.04343,24,2,3,0,0.8063862,0.889196,0.2859445,351.4976,117.6593,99.08801,0.7466646,0.9486848,0.2424981,0.5347563,-0.7695395,-0.2404917,SelectionEnd
87.04688,24,2,3,0,0.8063862,0.889196,0.2859445,351.4976,117.6593,99.08801,0.7466646,0.9486848,0.2424981,0.5347563,-0.7695395,-0.2404917,GotSelection
87.05879,24,2,3,0,0.8067151,0.8892398,0.2860656,351.5468,117.7116,99.14327,0.7449073,0.9443807,0.238682,0.4831541,-0.8082206,-0.2471225,SelectionStart
87.05881,24,2,3,0,0.8067151,0.8892398,0.2860656,351.5468,117.7116,99.14327,0.7449073,0.9443807,0.238682,0.4831541,-0.8082206,-0.2471225,SelectionEnd
87.06221,24,2,3,0,0.8067151,0.8892398,0.2860656,351.5468,117.7116,99.14327,0.7449073,0.9443807,0.238682,0.4831541,-0.8082206,-0.2471225,GotSelection
87.07324,24,2,3,0,0.8074679,0.8892757,0.2856613,351.5836,117.7135,99.13322,0.7436714,0.9407114,0.2350251,0.4404208,-0.8405635,-0.2555213,SelectionStart
87.07327,24,2,3,0,0.8074679,0.8892757,0.2856613,351.5836,117.7135,99.13322,0.7436714,0.9407114,0.2350251,0.4404208,-0.8405635,-0.2555213,SelectionEnd
87.077,24,2,3,0,0.8074679,0.8892757,0.2856613,351.5836,117.7135,99.13322,0.7436714,0.9407114,0.2350251,0.4404208,-0.8405635,-0.2555213,GotSelection
87.08742,24,2,3,0,0.807691,0.8891183,0.2857333,351.5973,117.7221,99.16506,0.7429379,0.9384907,0.2324517,0.4142178,-0.8655037,-0.2547466,SelectionStart
87.08743,24,2,3,0,0.807691,0.8891183,0.2857333,351.5973,117.7221,99.16506,0.7429379,0.9384907,0.2324517,0.4142178,-0.8655037,-0.2547466,SelectionEnd
87.0909,24,2,3,0,0.807691,0.8891183,0.2857333,351.5973,117.7221,99.16506,0.7429379,0.9384907,0.2324517,0.4142178,-0.8655037,-0.2547466,GotSelection
87.103,24,2,3,0,0.8079076,0.8888965,0.2857979,351.6162,117.6739,99.23788,0.7422596,0.9363804,0.2294898,0.3883918,-0.8937248,-0.2522042,SelectionStart
87.10304,24,2,3,0,0.8079076,0.8888965,0.2857979,351.6162,117.6739,99.23788,0.7422596,0.9363804,0.2294898,0.3883918,-0.8937248,-0.2522042,SelectionEnd
87.10963,24,2,3,0,0.8079076,0.8888965,0.2857979,351.6162,117.6739,99.23788,0.7422596,0.9363804,0.2294898,0.3883918,-0.8937248,-0.2522042,GotSelection
87.12755,24,2,3,0,0.8079708,0.8888112,0.2859636,351.622,117.6835,99.31456,0.7414767,0.9340241,0.2248113,0.354587,-0.9373625,-0.2403443,SelectionStart
87.12758,24,2,3,0,0.8079708,0.8888112,0.2859636,351.622,117.6835,99.31456,0.7414767,0.9340241,0.2248113,0.354587,-0.9373625,-0.2403443,SelectionEnd
87.131,24,2,3,0,0.8079708,0.8888112,0.2859636,351.622,117.6835,99.31456,0.7414767,0.9340241,0.2248113,0.354587,-0.9373625,-0.2403443,GotSelection
87.14215,24,2,3,0,0.8080853,0.8888322,0.285888,351.6626,117.6852,99.32207,0.7413874,0.9339437,0.223034,0.3497444,-0.9532011,-0.2346647,SelectionStart
87.14217,24,2,3,0,0.8080853,0.8888322,0.285888,351.6626,117.6852,99.32207,0.7413874,0.9339437,0.223034,0.3497444,-0.9532011,-0.2346647,SelectionEnd
87.14552,24,2,3,0,0.8080853,0.8888322,0.285888,351.6626,117.6852,99.32207,0.7413874,0.9339437,0.223034,0.3497444,-0.9532011,-0.2346647,GotSelection
87.15533,24,2,3,0,0.8083419,0.8889435,0.2858385,351.6937,117.6905,99.3371,0.7409288,0.9336749,0.220571,0.3407689,-0.9774175,-0.2304872,SelectionStart
87.15535,24,2,3,0,0.8083419,0.8889435,0.2858385,351.6937,117.6905,99.3371,0.7409288,0.9336749,0.220571,0.3407689,-0.9774175,-0.2304872,SelectionEnd
87.159,24,2,3,0,0.8083419,0.8889435,0.2858385,351.6937,117.6905,99.3371,0.7409288,0.9336749,0.220571,0.3407689,-0.9774175,-0.2304872,GotSelection
87.19879,24,2,3,0,0.808107,0.8888809,0.2858906,351.7669,117.6195,99.32566,0.7407574,0.9347366,0.2167796,0.3438625,-1.012353,-0.2120323,SelectionStart
87.19882,24,2,3,0,0.808107,0.8888809,0.2858906,351.7669,117.6195,99.32566,0.7407574,0.9347366,0.2167796,0.3438625,-1.012353,-0.2120323,SelectionEnd
87.20224,24,2,3,0,0.808107,0.8888809,0.2858906,351.7669,117.6195,99.32566,0.7407574,0.9347366,0.2167796,0.3438625,-1.012353,-0.2120323,GotSelection
87.21153,24,2,3,0,0.8084766,0.8888815,0.2861805,351.8174,117.5549,99.42213,0.7413448,0.937049,0.2118303,0.3538669,-1.061542,-0.1837475,SelectionStart
87.21155,24,2,3,0,0.8084766,0.8888815,0.2861805,351.8174,117.5549,99.42213,0.7413448,0.937049,0.2118303,0.3538669,-1.061542,-0.1837475,SelectionEnd
87.21492,24,2,3,0,0.8084766,0.8888815,0.2861805,351.8174,117.5549,99.42213,0.7413448,0.937049,0.2118303,0.3538669,-1.061542,-0.1837475,GotSelection
87.22575,24,2,3,0,0.8083389,0.8887865,0.2867123,351.8013,117.4667,99.52857,0.7419996,0.9382623,0.2091426,0.3579064,-1.088576,-0.1611103,SelectionStart
87.22577,24,2,3,0,0.8083389,0.8887865,0.2867123,351.8013,117.4667,99.52857,0.7419996,0.9382623,0.2091426,0.3579064,-1.088576,-0.1611103,SelectionEnd
87.22925,24,2,3,0,0.8083389,0.8887865,0.2867123,351.8013,117.4667,99.52857,0.7419996,0.9382623,0.2091426,0.3579064,-1.088576,-0.1611103,GotSelection
87.23918,24,2,3,0,0.8079436,0.8885744,0.2876011,351.767,117.2691,99.70673,0.7425765,0.9393381,0.2072804,0.3615638,-1.110757,-0.1409175,SelectionStart
87.23921,24,2,3,0,0.8079436,0.8885744,0.2876011,351.767,117.2691,99.70673,0.7425765,0.9393381,0.2072804,0.3615638,-1.110757,-0.1409175,SelectionEnd
87.24257,24,2,3,0,0.8079436,0.8885744,0.2876011,351.767,117.2691,99.70673,0.7425765,0.9393381,0.2072804,0.3615638,-1.110757,-0.1409175,GotSelection
87.26671,24,2,3,0,0.8066229,0.8881639,0.2900698,351.4822,116.8053,100.1813,0.7440851,0.9420924,0.2028535,0.3688215,-1.165416,-0.08485021,Nothing
87.27449,24,2,3,0,0.8057402,0.8879156,0.2911373,351.2846,116.7357,100.3443,0.7446121,0.942734,0.2018798,0.3693601,-1.179285,-0.06085361,Nothing
87.28328,24,2,3,0,0.8040621,0.8875571,0.2929559,350.8773,116.5236,100.5909,0.745423,0.9436437,0.2004303,0.3687201,-1.199945,-0.02157751,Nothing
87.29231,24,2,3,0,0.8030348,0.8869106,0.2942379,350.5507,116.3475,100.7391,0.7457568,0.9443632,0.1997888,0.3743113,-1.213807,0.00152947,Nothing
87.30003,24,2,3,0,0.8010299,0.8867229,0.2956081,350.1176,116.1159,100.8532,0.7463583,0.9448387,0.199098,0.3723148,-1.221532,0.03534958,Nothing
87.30779,24,2,3,0,0.7994916,0.8865784,0.2968136,349.8023,115.9047,100.9558,0.7472882,0.9453201,0.1985753,0.370669,-1.226991,0.06553156,Nothing
87.31612,24,2,3,0,0.7970503,0.8865981,0.29782,349.3504,115.6178,100.9457,0.7480337,0.9457848,0.198164,0.369552,-1.225408,0.100455,Nothing
87.32449,24,2,3,0,0.7941113,0.8867966,0.2985849,348.8217,115.3138,100.8236,0.7487168,0.9462451,0.1976552,0.3683034,-1.219676,0.138785,Nothing
87.33258,24,2,3,0,0.7922031,0.8869083,0.29914,348.3754,115.0337,100.7387,0.7498598,0.9468426,0.1974857,0.369879,-1.212589,0.1696671,Nothing
87.34105,24,2,3,0,0.7872236,0.8881165,0.2985793,347.5886,114.6685,100.0607,0.750783,0.9472558,0.197581,0.3699825,-1.174186,0.2197275,Nothing
87.34987,24,2,3,0,0.7820643,0.8892583,0.2989694,346.8598,114.2309,99.65646,0.7521787,0.9479972,0.1973069,0.3625682,-1.147987,0.2799966,Nothing
87.35815,24,2,3,0,0.7776896,0.8907515,0.2977967,346.173,114.1585,98.85806,0.7531589,0.9483114,0.1976047,0.3591554,-1.103511,0.3248187,Nothing
87.36674,24,2,3,0,0.7741235,0.8917002,0.2972342,345.5851,114.0986,98.31774,0.7540104,0.9487945,0.1974707,0.3554503,-1.075585,0.3660741,Nothing
87.37473,24,2,3,0,0.7713687,0.8939456,0.2948108,345.1249,114.4612,97.27178,0.7549308,0.9491792,0.1977928,0.3519028,-1.023136,0.3932284,Nothing
87.38275,24,2,3,0,0.7680389,0.8957698,0.2928673,344.5952,114.8224,96.28142,0.7559679,0.9496375,0.1977854,0.3466332,-0.9758788,0.4308159,Nothing
87.39111,24,2,3,0,0.7642056,0.8979669,0.290327,344.1368,115.0808,95.18029,0.7571813,0.9500975,0.197918,0.3385305,-0.9185481,0.4673462,Nothing
87.39941,24,2,3,0,0.7604979,0.9002067,0.2874143,343.6993,115.269,93.98444,0.7583647,0.9505191,0.1979689,0.3299177,-0.8594862,0.4990408,Nothing
87.40765,24,2,3,0,0.7541485,0.9033793,0.2834027,343.0371,115.4308,92.25155,0.7599534,0.9511838,0.1981074,0.3117167,-0.7732687,0.5508537,Nothing
87.41722,24,2,3,0,0.7500875,0.905593,0.2800677,342.6545,115.4589,90.99009,0.7612003,0.9516813,0.1981952,0.2990079,-0.7106819,0.580602,Nothing
87.42453,24,2,3,0,0.7461374,0.9076356,0.2768317,342.2606,115.5413,89.77677,0.7623639,0.9521574,0.1982008,0.284258,-0.6513117,0.6100765,Nothing
87.43315,24,2,3,0,0.7422126,0.9092678,0.2737116,341.8403,115.734,88.56889,0.7635459,0.9525474,0.1983544,0.2692584,-0.5914965,0.6410749,Nothing
87.44186,24,2,3,0,0.738292,0.9107927,0.2711664,341.3036,116.0253,87.51407,0.7647104,0.9530371,0.1984137,0.2497896,-0.5383695,0.6760327,Nothing
87.45041,24,2,3,0,0.7341686,0.9120714,0.2685595,340.7587,116.3,86.40119,0.7658951,0.9536606,0.198413,0.2313458,-0.4845743,0.7131395,Nothing
87.45892,24,2,3,0,0.7279689,0.9132715,0.2659362,339.6689,116.997,84.97374,0.7676941,0.9544169,0.198321,0.1964661,-0.4150473,0.7780777,Nothing
87.46715,24,2,3,0,0.7237181,0.9136052,0.2642283,338.8457,117.554,84.00822,0.7694837,0.9551588,0.1980089,0.1724464,-0.366962,0.830474,Nothing
87.47461,24,2,3,0,0.7194418,0.9140263,0.2625414,338.0648,118.0705,83.01802,0.7707206,0.9556633,0.1977996,0.1456269,-0.3213078,0.8751614,Nothing
87.48315,24,2,3,0,0.7148339,0.9137365,0.2613321,337.0497,118.7725,82.04053,0.7720158,0.9561054,0.1975765,0.1158891,-0.2759422,0.9276985,Nothing
87.4915,24,2,3,0,0.7104154,0.9138067,0.2595833,336.2567,119.3531,80.98875,0.7730964,0.9565318,0.1973746,0.08624242,-0.2290268,0.9704552,Nothing
87.50005,24,2,3,0,0.7066731,0.9138357,0.2577066,335.5804,119.8857,79.98672,0.7742461,0.9571177,0.1968771,0.06054076,-0.1868784,1.008329,Nothing
87.50819,24,2,3,0,0.7035081,0.9139326,0.2555877,335.1063,120.3317,79.04646,0.775559,0.9573531,0.196593,0.03486525,-0.1442686,1.037655,Nothing
87.51622,24,2,3,0,0.701061,0.9144685,0.2531278,334.8624,120.6435,78.17261,0.7767843,0.9578403,0.1961285,0.01432937,-0.1058562,1.057969,Nothing
87.52539,24,2,3,0,0.6975918,0.9153512,0.2487156,334.6867,121.036,76.74552,0.7786607,0.9585162,0.1954463,-0.01506119,-0.0438601,1.082184,Nothing
87.53311,24,2,3,0,0.6953555,0.9155712,0.2461191,334.5191,121.2379,75.9299,0.7798073,0.9588887,0.1951899,-0.0335065,-0.005762304,1.098357,Nothing
87.5428,24,2,3,0,0.6942258,0.9158216,0.2440247,334.4773,121.4756,75.29373,0.7808556,0.959383,0.1947306,-0.0439206,0.02213368,1.108627,Nothing
87.55815,24,2,3,0,0.6930301,0.9166065,0.2402138,334.5938,122.2503,74.10995,0.782922,0.9598733,0.1943443,-0.06522691,0.07875286,1.115514,Nothing
87.56682,24,2,3,0,0.6924409,0.9168386,0.2390699,334.537,122.6141,73.68163,0.7839296,0.9599848,0.1944049,-0.0778181,0.1014647,1.120797,Nothing
87.57491,24,2,3,0,0.6921729,0.9169146,0.2384427,334.484,122.9793,73.38776,0.7846889,0.959982,0.1943868,-0.08693745,0.1167517,1.124584,Nothing
87.58435,24,2,3,0,0.691642,0.9169222,0.2373404,334.3689,123.4405,72.9262,0.7858797,0.9598986,0.1943187,-0.1018985,0.1397966,1.131029,Nothing
87.59177,24,2,3,0,0.6914633,0.9167026,0.2373251,334.2421,123.64,72.82446,0.7865341,0.959642,0.1945124,-0.1100596,0.1477623,1.135528,Nothing
87.60098,24,2,3,0,0.6913419,0.9163313,0.2376428,334.0742,123.7458,72.8315,0.7868663,0.9592246,0.1946648,-0.1164025,0.14906,1.139151,Nothing
87.61691,24,2,3,0,0.6922659,0.915462,0.2391022,333.9055,123.5134,73.31724,0.7870216,0.95789,0.1950696,-0.117433,0.1310047,1.136959,Nothing
87.62589,24,2,3,0,0.6930022,0.9151329,0.2398909,333.8907,123.2826,73.62659,0.7870467,0.9571159,0.1955675,-0.11629,0.1206017,1.131526,Nothing
87.63383,24,2,3,0,0.6938864,0.9147452,0.2409096,333.9065,122.9657,74.07874,0.7869489,0.9562399,0.1957749,-0.1130347,0.1032396,1.126575,Nothing
87.64177,24,2,3,0,0.6947495,0.914465,0.2416821,333.9392,122.7213,74.4351,0.7869176,0.9555627,0.1958031,-0.1097577,0.08828472,1.122123,Nothing
87.64992,24,2,3,0,0.6965456,0.9138414,0.2433519,334.0541,122.2726,75.1522,0.7866558,0.9538534,0.1962592,-0.1040988,0.05996551,1.108201,Nothing
87.65839,24,2,3,0,0.6984467,0.9133878,0.2450669,334.2499,121.9614,75.84634,0.7859544,0.9523238,0.1966534,-0.09537879,0.03116015,1.090251,Nothing
87.66702,24,2,3,0,0.6997662,0.9129481,0.2466809,334.3109,121.7879,76.39645,0.7853906,0.9508864,0.1968856,-0.09325052,0.006599857,1.078046,Nothing
87.67603,24,2,3,0,0.7010128,0.912389,0.248093,334.3872,121.7087,76.85418,0.7845378,0.9492019,0.1974444,-0.09158956,-0.01287979,1.06093,Nothing
87.69221,24,2,3,0,0.7029559,0.9114769,0.2507162,334.419,121.6955,77.60298,0.7821861,0.9452368,0.1982893,-0.09860495,-0.05279863,1.022507,Nothing
87.70084,24,2,3,0,0.7035372,0.9108108,0.2517898,334.4092,121.5264,78.03931,0.7804404,0.942232,0.198697,-0.1087725,-0.07564459,0.9970512,Nothing
87.70854,24,2,3,0,0.7046787,0.9102849,0.2525252,334.4973,121.3708,78.39635,0.7792281,0.9402439,0.1985155,-0.1096346,-0.09859964,0.9765759,Nothing
87.71648,24,2,3,0,0.7044814,0.909799,0.2527247,334.424,121.2123,78.4976,0.7779776,0.9380688,0.1983719,-0.1208324,-0.1120291,0.96213,Nothing
87.72507,24,2,3,0,0.7039847,0.9094263,0.2526829,334.3313,121.1006,78.51025,0.7768918,0.9358699,0.1978594,-0.1358361,-0.1242583,0.9512764,Nothing
87.73404,24,2,3,0,0.7036721,0.9090303,0.2527591,334.2466,121.0878,78.50063,0.7754908,0.9334821,0.1979579,-0.1498754,-0.1330045,0.9335235,Nothing
87.74159,24,2,3,0,0.7033315,0.9089383,0.2525796,334.1896,121.1409,78.41604,0.774426,0.9313433,0.1976206,-0.1658274,-0.1409756,0.9193994,Nothing
87.75098,24,2,3,0,0.7032148,0.9095916,0.2523251,334.2297,121.2513,78.3755,0.7732694,0.9294077,0.1969761,-0.1840552,-0.152165,0.9019216,Nothing
87.75853,24,2,3,0,0.7031763,0.9097695,0.2522366,334.2209,121.3509,78.33498,0.7721672,0.9271953,0.1965856,-0.2010498,-0.162671,0.8845562,Nothing
87.76698,24,2,3,0,0.7032469,0.9100118,0.2521945,334.2185,121.4778,78.29202,0.7708424,0.9251374,0.1964176,-0.2155546,-0.1725346,0.8642458,Nothing
87.77585,24,2,3,0,0.7030847,0.9103461,0.252001,334.1765,121.7,78.16721,0.769165,0.9220444,0.1958115,-0.2404469,-0.1867481,0.8394184,Nothing
87.78365,24,2,3,0,0.7027875,0.9105594,0.2516792,334.1363,121.9269,77.97907,0.7673114,0.9197385,0.1955546,-0.25644,-0.1955399,0.8160428,Nothing
87.79128,24,2,3,0,0.7024357,0.910945,0.2512345,334.0863,122.1776,77.74683,0.7660279,0.9174257,0.1954334,-0.2769244,-0.1996634,0.7954756,Nothing
87.80005,24,2,3,0,0.7019967,0.911357,0.2506618,334.038,122.4241,77.48019,0.7648218,0.9151074,0.1953025,-0.2981964,-0.2025237,0.7754261,Nothing
87.80817,24,2,3,0,0.7018103,0.911694,0.2498422,334.0204,122.6385,77.19453,0.7632586,0.9128289,0.1949706,-0.3147675,-0.2082363,0.7510318,Nothing
87.81717,24,2,3,0,0.701225,0.9121646,0.2488926,334.0087,122.8662,76.83861,0.7621363,0.9106616,0.1949122,-0.3351378,-0.2070789,0.7310656,Nothing
87.82483,24,2,3,0,0.7008647,0.9125956,0.2481776,333.9887,123.0677,76.57017,0.7608353,0.9086004,0.1946932,-0.3526529,-0.2111157,0.7104682,Nothing
87.83392,24,2,3,0,0.7003049,0.9132861,0.2470426,333.9899,123.373,76.14786,0.7592887,0.9053035,0.1945236,-0.3826368,-0.2142725,0.6807926,Nothing
87.84152,24,2,3,0,0.7000311,0.9137464,0.2463284,334.0153,123.5966,75.87811,0.7581473,0.9032528,0.1942303,-0.400147,-0.2188858,0.6613963,Nothing
87.85011,24,2,3,0,0.6997409,0.9142072,0.2457305,334.0723,123.8704,75.62568,0.7576619,0.9013628,0.1937542,-0.4195858,-0.2220679,0.6497248,Nothing
87.85939,24,2,3,0,0.7002445,0.9144946,0.2457333,334.2004,123.9705,75.6358,0.756844,0.8994903,0.1938051,-0.4312589,-0.2309111,0.6310247,Nothing
87.86699,24,2,3,0,0.7007794,0.9147335,0.2457827,334.3141,124.0374,75.70054,0.7559832,0.8975327,0.1935941,-0.4433113,-0.242993,0.6130818,Nothing
87.87476,24,2,3,0,0.7012885,0.9148611,0.2459492,334.4159,124.1428,75.75581,0.7553328,0.8957806,0.193512,-0.4540431,-0.2527932,0.5983317,Nothing
87.88385,24,2,3,0,0.7015932,0.9149992,0.2459724,334.4863,124.3094,75.70879,0.7546027,0.8939534,0.1933465,-0.4663125,-0.2618566,0.5837681,Nothing
87.89215,24,2,3,0,0.7018535,0.9147318,0.2463811,334.4904,124.5715,75.7084,0.7540703,0.8923847,0.1932022,-0.4752665,-0.2701309,0.5755337,Nothing
87.89986,24,2,3,0,0.7017497,0.9143447,0.2467258,334.4206,124.7637,75.66465,0.7532741,0.8900059,0.19299,-0.4910918,-0.2809789,0.5642371,Nothing
87.90987,24,2,3,0,0.7016034,0.9139557,0.2471817,334.3442,125.0014,75.63898,0.7527428,0.8885179,0.192974,-0.5007839,-0.2869183,0.558803,Nothing
87.92572,24,2,3,0,0.7016616,0.9134015,0.2475304,334.2859,125.3683,75.56318,0.7516151,0.8860934,0.1924476,-0.5136628,-0.3008176,0.5465987,Nothing
87.93378,24,2,3,0,0.702027,0.9132173,0.2474028,334.3418,125.5026,75.51839,0.7512861,0.8851506,0.1921352,-0.5168882,-0.3061529,0.5399373,Nothing
87.94159,24,2,3,0,0.7022321,0.913215,0.2472467,334.4064,125.6768,75.43877,0.7511649,0.8846671,0.1917372,-0.5194111,-0.3093989,0.5377814,Nothing
87.94989,24,2,3,0,0.7024899,0.9132394,0.2469417,334.4882,125.8476,75.33066,0.7511726,0.8839507,0.1915119,-0.5241736,-0.3103748,0.5335097,Nothing
87.95802,24,2,3,0,0.7027162,0.9134325,0.2464775,334.5983,125.9821,75.22253,0.7509776,0.8834824,0.1913189,-0.5268999,-0.3107506,0.5274838,Nothing
87.96646,24,2,3,0,0.7029902,0.9135233,0.2460074,334.721,126.1908,75.08018,0.7509573,0.8825557,0.1913819,-0.533383,-0.3085358,0.5197568,Nothing
87.97501,24,2,3,0,0.7034153,0.9138973,0.2453472,334.8848,126.2526,74.97027,0.7507258,0.8825296,0.1915808,-0.5316648,-0.3052296,0.5102954,Nothing
87.98369,24,2,3,0,0.7036942,0.9142143,0.2448124,335.0084,126.3723,74.87688,0.7506741,0.8821274,0.1919474,-0.5351208,-0.3000226,0.5013651,Nothing
87.99255,24,2,3,0,0.7038395,0.9146032,0.2444182,335.1021,126.447,74.79566,0.750685,0.8821277,0.192432,-0.5367605,-0.2937583,0.4950134,Nothing
88.00845,24,2,3,0,0.7038193,0.9149096,0.2439456,335.1553,126.6055,74.61826,0.7508224,0.8819866,0.193288,-0.5404592,-0.2824017,0.4878404,Nothing
88.01678,24,2,3,0,0.703786,0.9150448,0.2437159,335.1661,126.7007,74.52983,0.7509059,0.8820657,0.1936276,-0.541243,-0.2768069,0.4856224,Nothing
88.02429,24,2,3,0,0.7035673,0.9150493,0.2435932,335.1163,126.8131,74.4241,0.7509654,0.882132,0.1941427,-0.5422435,-0.2696472,0.4841106,Nothing
88.0327,24,2,3,0,0.7032108,0.9150394,0.2435464,335.0413,126.9129,74.32501,0.7510303,0.882219,0.1946361,-0.5438677,-0.2626656,0.484044,Nothing
88.04109,24,2,3,0,0.7027968,0.9149947,0.243322,334.9606,127.0868,74.16839,0.7510127,0.8824254,0.1953446,-0.5439839,-0.2517847,0.4823025,Nothing
88.04893,24,2,3,0,0.7023003,0.9149181,0.2432405,334.8605,127.2625,74.0163,0.7512155,0.8825807,0.1959105,-0.5460833,-0.2418661,0.4840502,Nothing
88.05762,24,2,3,0,0.7020241,0.9149107,0.2430504,334.8183,127.4463,73.86389,0.7512406,0.8826776,0.1963585,-0.5469121,-0.2341174,0.4829282,Nothing
88.06744,24,2,3,0,0.7018549,0.9149756,0.2426771,334.8156,127.5819,73.72921,0.7511976,0.882647,0.1968479,-0.5481529,-0.2261434,0.478706,Nothing
88.07472,24,2,3,0,0.7018028,0.9150836,0.2423125,334.846,127.6896,73.60732,0.7512635,0.8825918,0.1972192,-0.5496851,-0.219602,0.4751247,Nothing
88.08305,24,2,3,0,0.7019484,0.9153358,0.2417606,334.9252,127.7389,73.5203,0.7512215,0.8826295,0.1975221,-0.5496464,-0.2139416,0.46885,Nothing
88.09363,24,2,3,0,0.7022608,0.9156731,0.2411115,335.0741,127.803,73.42054,0.7511429,0.8824817,0.1979831,-0.5504204,-0.2076694,0.4591865,Nothing
88.10991,24,2,3,0,0.70316,0.9160867,0.2403564,335.353,127.7525,73.41262,0.7510527,0.8823544,0.1985158,-0.5476637,-0.2031529,0.4451386,SelectionStart
88.10992,24,2,3,0,0.70316,0.9160867,0.2403564,335.353,127.7525,73.41262,0.7510527,0.8823544,0.1985158,-0.5476637,-0.2031529,0.4451386,SelectionEnd
88.11339,24,2,3,0,0.70316,0.9160867,0.2403564,335.353,127.7525,73.41262,0.7510527,0.8823544,0.1985158,-0.5476637,-0.2031529,0.4451386,GotSelection
88.12556,24,2,3,0,0.70382,0.91625,0.2400959,335.4886,127.7256,73.45299,0.75079,0.8826632,0.1990373,-0.5406613,-0.2003871,0.4358992,SelectionStart
88.1256,24,2,3,0,0.70382,0.91625,0.2400959,335.4886,127.7256,73.45299,0.75079,0.8826632,0.1990373,-0.5406613,-0.2003871,0.4358992,SelectionEnd
88.12894,24,2,3,0,0.70382,0.91625,0.2400959,335.4886,127.7256,73.45299,0.75079,0.8826632,0.1990373,-0.5406613,-0.2003871,0.4358992,GotSelection
88.13989,24,2,3,0,0.7044324,0.916218,0.240124,335.5665,127.6876,73.56839,0.751233,0.883351,0.1994712,-0.5330348,-0.1950549,0.4361456,SelectionStart
88.13992,24,2,3,0,0.7044324,0.916218,0.240124,335.5665,127.6876,73.56839,0.751233,0.883351,0.1994712,-0.5330348,-0.1950549,0.4361456,SelectionEnd
88.1433,24,2,3,0,0.7044324,0.916218,0.240124,335.5665,127.6876,73.56839,0.751233,0.883351,0.1994712,-0.5330348,-0.1950549,0.4361456,GotSelection
88.15344,24,2,3,0,0.704709,0.9161226,0.2405422,335.5426,127.7049,73.68074,0.7515969,0.8837374,0.2000773,-0.5297474,-0.1905887,0.4375287,SelectionStart
88.15349,24,2,3,0,0.704709,0.9161226,0.2405422,335.5426,127.7049,73.68074,0.7515969,0.8837374,0.2000773,-0.5297474,-0.1905887,0.4375287,SelectionEnd
88.15765,24,2,3,0,0.704709,0.9161226,0.2405422,335.5426,127.7049,73.68074,0.7515969,0.8837374,0.2000773,-0.5297474,-0.1905887,0.4375287,GotSelection
88.16904,24,2,3,0,0.705403,0.9160054,0.2409579,335.5667,127.8784,73.78777,0.7526163,0.8838189,0.2019499,-0.5299881,-0.1732348,0.4327727,SelectionStart
88.16905,24,2,3,0,0.705403,0.9160054,0.2409579,335.5667,127.8784,73.78777,0.7526163,0.8838189,0.2019499,-0.5299881,-0.1732348,0.4327727,SelectionEnd
88.1725,24,2,3,0,0.705403,0.9160054,0.2409579,335.5667,127.8784,73.78777,0.7526163,0.8838189,0.2019499,-0.5299881,-0.1732348,0.4327727,GotSelection
88.18314,24,2,3,0,0.7061892,0.9160124,0.240741,335.6829,128.1146,73.77856,0.7530934,0.8838382,0.2033716,-0.5278225,-0.1583467,0.4223536,SelectionStart
88.18317,24,2,3,0,0.7061892,0.9160124,0.240741,335.6829,128.1146,73.77856,0.7530934,0.8838382,0.2033716,-0.5278225,-0.1583467,0.4223536,SelectionEnd
88.18668,24,2,3,0,0.7061892,0.9160124,0.240741,335.6829,128.1146,73.77856,0.7530934,0.8838382,0.2033716,-0.5278225,-0.1583467,0.4223536,GotSelection
88.19609,24,2,3,0,0.7068489,0.9162745,0.2401153,335.8358,128.2283,73.71171,0.7528867,0.8832502,0.2038035,-0.5299848,-0.1552508,0.4078537,SelectionStart
88.19612,24,2,3,0,0.7068489,0.9162745,0.2401153,335.8358,128.2283,73.71171,0.7528867,0.8832502,0.2038035,-0.5299848,-0.1552508,0.4078537,SelectionEnd
88.19951,24,2,3,0,0.7068489,0.9162745,0.2401153,335.8358,128.2283,73.71171,0.7528867,0.8832502,0.2038035,-0.5299848,-0.1552508,0.4078537,GotSelection
88.24312,24,2,3,0,0.7097567,0.9172114,0.2385136,336.4571,128.3857,73.78578,0.7521189,0.883015,0.2048352,-0.5185981,-0.1518047,0.3668003,SelectionStart
88.24316,24,2,3,0,0.7097567,0.9172114,0.2385136,336.4571,128.3857,73.78578,0.7521189,0.883015,0.2048352,-0.5185981,-0.1518047,0.3668003,SelectionEnd
88.24654,24,2,3,0,0.7097567,0.9172114,0.2385136,336.4571,128.3857,73.78578,0.7521189,0.883015,0.2048352,-0.5185981,-0.1518047,0.3668003,GotSelection
88.25787,24,2,3,0,0.7099762,0.9171371,0.2385047,336.437,128.5814,73.75406,0.7523981,0.8842798,0.2057211,-0.5072441,-0.1390132,0.3672894,SelectionStart
88.25789,24,2,3,0,0.7099762,0.9171371,0.2385047,336.437,128.5814,73.75406,0.7523981,0.8842798,0.2057211,-0.5072441,-0.1390132,0.3672894,SelectionEnd
88.26129,24,2,3,0,0.7099762,0.9171371,0.2385047,336.437,128.5814,73.75406,0.7523981,0.8842798,0.2057211,-0.5072441,-0.1390132,0.3672894,GotSelection
88.27087,24,2,3,0,0.7096765,0.9168391,0.2385247,336.3096,128.8293,73.63396,0.7525285,0.8854026,0.2066924,-0.4975252,-0.1240957,0.3694643,SelectionStart
88.27089,24,2,3,0,0.7096765,0.9168391,0.2385247,336.3096,128.8293,73.63396,0.7525285,0.8854026,0.2066924,-0.4975252,-0.1240957,0.3694643,SelectionEnd
88.27423,24,2,3,0,0.7096765,0.9168391,0.2385247,336.3096,128.8293,73.63396,0.7525285,0.8854026,0.2066924,-0.4975252,-0.1240957,0.3694643,GotSelection
88.28368,24,2,3,0,0.7094367,0.9166495,0.238259,336.2141,129.2293,73.39578,0.7528062,0.8869039,0.2084822,-0.4855427,-0.0983458,0.3670265,SelectionStart
88.28369,24,2,3,0,0.7094367,0.9166495,0.238259,336.2141,129.2293,73.39578,0.7528062,0.8869039,0.2084822,-0.4855427,-0.0983458,0.3670265,SelectionEnd
88.28719,24,2,3,0,0.7094367,0.9166495,0.238259,336.2141,129.2293,73.39578,0.7528062,0.8869039,0.2084822,-0.4855427,-0.0983458,0.3670265,GotSelection
88.2982,24,2,3,0,0.7096112,0.9167641,0.2376676,336.2688,129.4521,73.23595,0.7531824,0.8886038,0.2106431,-0.471652,-0.06941981,0.3589648,SelectionStart
88.29822,24,2,3,0,0.7096112,0.9167641,0.2376676,336.2688,129.4521,73.23595,0.7531824,0.8886038,0.2106431,-0.471652,-0.06941981,0.3589648,SelectionEnd
88.30176,24,2,3,0,0.7096112,0.9167641,0.2376676,336.2688,129.4521,73.23595,0.7531824,0.8886038,0.2106431,-0.471652,-0.06941981,0.3589648,GotSelection
88.31216,24,2,3,0,0.7101291,0.9172366,0.2366724,336.4724,129.6367,73.07712,0.7537029,0.8912857,0.213781,-0.4500561,-0.02850961,0.3447859,SelectionStart
88.31219,24,2,3,0,0.7101291,0.9172366,0.2366724,336.4724,129.6367,73.07712,0.7537029,0.8912857,0.213781,-0.4500561,-0.02850961,0.3447859,SelectionEnd
88.31557,24,2,3,0,0.7101291,0.9172366,0.2366724,336.4724,129.6367,73.07712,0.7537029,0.8912857,0.213781,-0.4500561,-0.02850961,0.3447859,GotSelection
88.32573,24,2,3,0,0.7105895,0.9176522,0.2359181,336.6418,129.756,72.96875,0.7543643,0.8936719,0.216595,-0.4319493,0.007879862,0.3339262,SelectionStart
88.32574,24,2,3,0,0.7105895,0.9176522,0.2359181,336.6418,129.756,72.96875,0.7543643,0.8936719,0.216595,-0.4319493,0.007879862,0.3339262,SelectionEnd
88.32907,24,2,3,0,0.7105895,0.9176522,0.2359181,336.6418,129.756,72.96875,0.7543643,0.8936719,0.216595,-0.4319493,0.007879862,0.3339262,GotSelection
88.33926,24,2,3,0,0.7110265,0.9181359,0.234949,336.8248,129.9515,72.8015,0.7554204,0.896997,0.2206367,-0.408058,0.06096345,0.3204958,SelectionStart
88.33928,24,2,3,0,0.7110265,0.9181359,0.234949,336.8248,129.9515,72.8015,0.7554204,0.896997,0.2206367,-0.408058,0.06096345,0.3204958,SelectionEnd
88.34265,24,2,3,0,0.7110265,0.9181359,0.234949,336.8248,129.9515,72.8015,0.7554204,0.896997,0.2206367,-0.408058,0.06096345,0.3204958,GotSelection
88.35216,24,2,3,0,0.7112593,0.9184002,0.2343123,336.9178,130.1399,72.65182,0.7564979,0.9000366,0.2238219,-0.3866712,0.1051942,0.3145927,SelectionStart
88.35219,24,2,3,0,0.7112593,0.9184002,0.2343123,336.9178,130.1399,72.65182,0.7564979,0.9000366,0.2238219,-0.3866712,0.1051942,0.3145927,SelectionEnd
88.35551,24,2,3,0,0.7112593,0.9184002,0.2343123,336.9178,130.1399,72.65182,0.7564979,0.9000366,0.2238219,-0.3866712,0.1051942,0.3145927,GotSelection
88.36659,24,2,3,0,0.7114053,0.9186735,0.2335297,337.0248,130.3642,72.45718,0.7578694,0.9038757,0.2282009,-0.3601009,0.164693,0.3060151,SelectionStart
88.36661,24,2,3,0,0.7114053,0.9186735,0.2335297,337.0248,130.3642,72.45718,0.7578694,0.9038757,0.2282009,-0.3601009,0.164693,0.3060151,SelectionEnd
88.36998,24,2,3,0,0.7114053,0.9186735,0.2335297,337.0248,130.3642,72.45718,0.7578694,0.9038757,0.2282009,-0.3601009,0.164693,0.3060151,GotSelection
88.41141,24,2,3,0,0.7115257,0.9191277,0.232301,337.1766,130.5753,72.21816,0.7601638,0.9100438,0.2364835,-0.3187568,0.2707494,0.2858524,SelectionStart
88.41144,24,2,3,0,0.7115257,0.9191277,0.232301,337.1766,130.5753,72.21816,0.7601638,0.9100438,0.2364835,-0.3187568,0.2707494,0.2858524,SelectionEnd
88.41478,24,2,3,0,0.7115257,0.9191277,0.232301,337.1766,130.5753,72.21816,0.7601638,0.9100438,0.2364835,-0.3187568,0.2707494,0.2858524,GotSelection
88.4256,24,2,3,0,0.7111037,0.9193591,0.2319078,337.1758,130.9325,71.97907,0.7626897,0.9153109,0.2434596,-0.2885894,0.3623269,0.2792725,SelectionStart
88.42561,24,2,3,0,0.7111037,0.9193591,0.2319078,337.1758,130.9325,71.97907,0.7626897,0.9153109,0.2434596,-0.2885894,0.3623269,0.2792725,SelectionEnd
88.42896,24,2,3,0,0.7111037,0.9193591,0.2319078,337.1758,130.9325,71.97907,0.7626897,0.9153109,0.2434596,-0.2885894,0.3623269,0.2792725,GotSelection
88.44017,24,2,3,0,0.7109278,0.9193606,0.2318119,337.1397,131.1586,71.86507,0.7638031,0.9175507,0.2459997,-0.2753586,0.3980623,0.2792768,SelectionStart
88.4402,24,2,3,0,0.7109278,0.9193606,0.2318119,337.1397,131.1586,71.86507,0.7638031,0.9175507,0.2459997,-0.2753586,0.3980623,0.2792768,SelectionEnd
88.44366,24,2,3,0,0.7109278,0.9193606,0.2318119,337.1397,131.1586,71.86507,0.7638031,0.9175507,0.2459997,-0.2753586,0.3980623,0.2792768,GotSelection
88.45488,24,2,3,0,0.7109095,0.9194352,0.2316836,337.1545,131.2135,71.80988,0.7646224,0.9190543,0.2465906,-0.2669082,0.4127496,0.2860327,SelectionStart
88.45491,24,2,3,0,0.7109095,0.9194352,0.2316836,337.1545,131.2135,71.80988,0.7646224,0.9190543,0.2465906,-0.2669082,0.4127496,0.2860327,SelectionEnd
88.45822,24,2,3,0,0.7109095,0.9194352,0.2316836,337.1545,131.2135,71.80988,0.7646224,0.9190543,0.2465906,-0.2669082,0.4127496,0.2860327,GotSelection
88.46927,24,2,3,0,0.7107112,0.9195395,0.2315682,337.1468,131.2705,71.73514,0.7653198,0.92041,0.2475272,-0.2605729,0.4298383,0.2903432,SelectionStart
88.4693,24,2,3,0,0.7107112,0.9195395,0.2315682,337.1468,131.2705,71.73514,0.7653198,0.92041,0.2475272,-0.2605729,0.4298383,0.2903432,SelectionEnd
88.47267,24,2,3,0,0.7107112,0.9195395,0.2315682,337.1468,131.2705,71.73514,0.7653198,0.92041,0.2475272,-0.2605729,0.4298383,0.2903432,GotSelection
88.48401,24,2,3,0,0.7105129,0.9194787,0.2315945,337.1102,131.211,71.73295,0.7655604,0.920525,0.2470803,-0.2614879,0.428473,0.2974702,SelectionStart
88.48402,24,2,3,0,0.7105129,0.9194787,0.2315945,337.1102,131.211,71.73295,0.7655604,0.920525,0.2470803,-0.2614879,0.428473,0.2974702,SelectionEnd
88.48734,24,2,3,0,0.7105129,0.9194787,0.2315945,337.1102,131.211,71.73295,0.7655604,0.920525,0.2470803,-0.2614879,0.428473,0.2974702,GotSelection
88.49771,24,2,3,0,0.7102098,0.9192625,0.2317829,337.0818,131.2222,71.72699,0.7654239,0.9202077,0.2459961,-0.2634845,0.4187626,0.3059812,SelectionStart
88.49773,24,2,3,0,0.7102098,0.9192625,0.2317829,337.0818,131.2222,71.72699,0.7654239,0.9202077,0.2459961,-0.2634845,0.4187626,0.3059812,SelectionEnd
88.50101,24,2,3,0,0.7102098,0.9192625,0.2317829,337.0818,131.2222,71.72699,0.7654239,0.9202077,0.2459961,-0.2634845,0.4187626,0.3059812,GotSelection
88.51143,24,2,3,0,0.7101476,0.9193534,0.2317241,337.0421,131.17,71.71709,0.764818,0.9194337,0.2436728,-0.2690261,0.3944329,0.3130191,SelectionStart
88.51146,24,2,3,0,0.7101476,0.9193534,0.2317241,337.0421,131.17,71.71709,0.764818,0.9194337,0.2436728,-0.2690261,0.3944329,0.3130191,SelectionEnd
88.51498,24,2,3,0,0.7101476,0.9193534,0.2317241,337.0421,131.17,71.71709,0.764818,0.9194337,0.2436728,-0.2690261,0.3944329,0.3130191,GotSelection
88.52687,24,2,3,0,0.7100626,0.9193634,0.2318626,337.0133,131.0956,71.74037,0.7636514,0.9175085,0.2409552,-0.2812228,0.3592415,0.3157674,SelectionStart
88.5269,24,2,3,0,0.7100626,0.9193634,0.2318626,337.0133,131.0956,71.74037,0.7636514,0.9175085,0.2409552,-0.2812228,0.3592415,0.3157674,SelectionEnd
88.53027,24,2,3,0,0.7100626,0.9193634,0.2318626,337.0133,131.0956,71.74037,0.7636514,0.9175085,0.2409552,-0.2812228,0.3592415,0.3157674,GotSelection
88.54355,24,2,3,0,0.7099367,0.9193342,0.2319146,337.025,131.0893,71.74482,0.7621927,0.914352,0.2376777,-0.3026922,0.3157636,0.3145086,SelectionStart
88.54358,24,2,3,0,0.7099367,0.9193342,0.2319146,337.025,131.0893,71.74482,0.7621927,0.914352,0.2376777,-0.3026922,0.3157636,0.3145086,SelectionEnd
88.54727,24,2,3,0,0.7099367,0.9193342,0.2319146,337.025,131.0893,71.74482,0.7621927,0.914352,0.2376777,-0.3026922,0.3157636,0.3145086,GotSelection
88.55901,24,2,3,0,0.7099439,0.9194086,0.2321233,337.0366,131.0613,71.75587,0.7602288,0.9102645,0.2338366,-0.3302654,0.2598161,0.3091862,SelectionStart
88.55904,24,2,3,0,0.7099439,0.9194086,0.2321233,337.0366,131.0613,71.75587,0.7602288,0.9102645,0.2338366,-0.3302654,0.2598161,0.3091862,SelectionEnd
88.56248,24,2,3,0,0.7099439,0.9194086,0.2321233,337.0366,131.0613,71.75587,0.7602288,0.9102645,0.2338366,-0.3302654,0.2598161,0.3091862,GotSelection
88.60077,24,2,3,0,0.7089238,0.9193771,0.2329216,336.833,130.8881,71.76114,0.7536893,0.8957543,0.2227782,-0.4338238,0.08942688,0.284878,SelectionStart
88.6008,24,2,3,0,0.7089238,0.9193771,0.2329216,336.833,130.8881,71.76114,0.7536893,0.8957543,0.2227782,-0.4338238,0.08942688,0.284878,SelectionEnd
88.60457,24,2,3,0,0.7089238,0.9193771,0.2329216,336.833,130.8881,71.76114,0.7536893,0.8957543,0.2227782,-0.4338238,0.08942688,0.284878,GotSelection
88.61356,24,2,3,0,0.7081973,0.9193156,0.2333615,336.6754,130.9222,71.72503,0.7519272,0.8915522,0.2194601,-0.4666693,0.04078839,0.282704,SelectionStart
88.61357,24,2,3,0,0.7081973,0.9193156,0.2333615,336.6754,130.9222,71.72503,0.7519272,0.8915522,0.2194601,-0.4666693,0.04078839,0.282704,SelectionEnd
88.61703,24,2,3,0,0.7081973,0.9193156,0.2333615,336.6754,130.9222,71.72503,0.7519272,0.8915522,0.2194601,-0.4666693,0.04078839,0.282704,GotSelection
88.62749,24,2,3,0,0.7075208,0.9192227,0.2336468,336.5437,131.0335,71.62759,0.7492677,0.8860331,0.2150312,-0.5062157,-0.02445814,0.2743142,SelectionStart
88.62752,24,2,3,0,0.7075208,0.9192227,0.2336468,336.5437,131.0335,71.62759,0.7492677,0.8860331,0.2150312,-0.5062157,-0.02445814,0.2743142,SelectionEnd
88.63106,24,2,3,0,0.7075208,0.9192227,0.2336468,336.5437,131.0335,71.62759,0.7492677,0.8860331,0.2150312,-0.5062157,-0.02445814,0.2743142,GotSelection
88.64154,24,2,3,0,0.707186,0.9192419,0.2333517,336.5497,131.0853,71.52493,0.7476293,0.881794,0.211831,-0.5377459,-0.06825705,0.265636,SelectionStart
88.64156,24,2,3,0,0.707186,0.9192419,0.2333517,336.5497,131.0853,71.52493,0.7476293,0.881794,0.211831,-0.5377459,-0.06825705,0.265636,SelectionEnd
88.64487,24,2,3,0,0.707186,0.9192419,0.2333517,336.5497,131.0853,71.52493,0.7476293,0.881794,0.211831,-0.5377459,-0.06825705,0.265636,GotSelection
88.6553,24,2,3,0,0.7069772,0.9195401,0.2328742,336.6268,131.1268,71.40569,0.7455205,0.8765585,0.2078242,-0.5771576,-0.124401,0.2522207,SelectionStart
88.65533,24,2,3,0,0.7069772,0.9195401,0.2328742,336.6268,131.1268,71.40569,0.7455205,0.8765585,0.2078242,-0.5771576,-0.124401,0.2522207,SelectionEnd
88.6586,24,2,3,0,0.7069772,0.9195401,0.2328742,336.6268,131.1268,71.40569,0.7455205,0.8765585,0.2078242,-0.5771576,-0.124401,0.2522207,GotSelection
88.6689,24,2,3,0,0.7072895,0.9198733,0.2322785,336.7625,131.1087,71.35546,0.7440559,0.8728843,0.2048167,-0.6032411,-0.1660441,0.2398128,SelectionStart
88.66893,24,2,3,0,0.7072895,0.9198733,0.2322785,336.7625,131.1087,71.35546,0.7440559,0.8728843,0.2048167,-0.6032411,-0.1660441,0.2398128,SelectionEnd
88.67229,24,2,3,0,0.7072895,0.9198733,0.2322785,336.7625,131.1087,71.35546,0.7440559,0.8728843,0.2048167,-0.6032411,-0.1660441,0.2398128,GotSelection
88.68376,24,2,3,0,0.7075416,0.9200498,0.2319948,336.8598,131.0857,71.35883,0.74237,0.8685778,0.201108,-0.6330875,-0.217779,0.2303265,SelectionStart
88.68378,24,2,3,0,0.7075416,0.9200498,0.2319948,336.8598,131.0857,71.35883,0.74237,0.8685778,0.201108,-0.6330875,-0.217779,0.2303265,SelectionEnd
88.68703,24,2,3,0,0.7075416,0.9200498,0.2319948,336.8598,131.0857,71.35883,0.74237,0.8685778,0.201108,-0.6330875,-0.217779,0.2303265,GotSelection
88.69736,24,2,3,0,0.7076686,0.9201034,0.2318708,336.8891,131.0346,71.39834,0.7407731,0.8642825,0.1974629,-0.6631765,-0.268638,0.2227394,SelectionStart
88.69737,24,2,3,0,0.7076686,0.9201034,0.2318708,336.8891,131.0346,71.39834,0.7407731,0.8642825,0.1974629,-0.6631765,-0.268638,0.2227394,SelectionEnd
88.70081,24,2,3,0,0.7076686,0.9201034,0.2318708,336.8891,131.0346,71.39834,0.7407731,0.8642825,0.1974629,-0.6631765,-0.268638,0.2227394,GotSelection
88.71156,24,2,3,0,0.7077919,0.9199374,0.2319144,336.8651,130.9757,71.43095,0.739881,0.8618075,0.1952221,-0.6787885,-0.299707,0.220006,SelectionStart
88.71158,24,2,3,0,0.7077919,0.9199374,0.2319144,336.8651,130.9757,71.43095,0.739881,0.8618075,0.1952221,-0.6787885,-0.299707,0.220006,SelectionEnd
88.71492,24,2,3,0,0.7077919,0.9199374,0.2319144,336.8651,130.9757,71.43095,0.739881,0.8618075,0.1952221,-0.6787885,-0.299707,0.220006,GotSelection
88.72513,24,2,3,0,0.7077975,0.9200528,0.2320315,336.8834,130.9792,71.47149,0.7386532,0.8588663,0.1925899,-0.7000986,-0.3373014,0.2161823,SelectionStart
88.72514,24,2,3,0,0.7077975,0.9200528,0.2320315,336.8834,130.9792,71.47149,0.7386532,0.8588663,0.1925899,-0.7000986,-0.3373014,0.2161823,SelectionEnd
88.72841,24,2,3,0,0.7077975,0.9200528,0.2320315,336.8834,130.9792,71.47149,0.7386532,0.8588663,0.1925899,-0.7000986,-0.3373014,0.2161823,GotSelection
88.73744,24,2,3,0,0.7080969,0.9200993,0.2319965,336.9432,130.9797,71.51256,0.7382329,0.8571038,0.1912421,-0.7127014,-0.356666,0.2127404,SelectionStart
88.73746,24,2,3,0,0.7080969,0.9200993,0.2319965,336.9432,130.9797,71.51256,0.7382329,0.8571038,0.1912421,-0.7127014,-0.356666,0.2127404,SelectionEnd
88.7408,24,2,3,0,0.7080969,0.9200993,0.2319965,336.9432,130.9797,71.51256,0.7382329,0.8571038,0.1912421,-0.7127014,-0.356666,0.2127404,GotSelection
88.78358,24,2,3,0,0.7089005,0.9204385,0.2317021,337.1759,130.8941,71.60789,0.7372403,0.8553731,0.1893271,-0.7217942,-0.384913,0.2048073,SelectionStart
88.78362,24,2,3,0,0.7089005,0.9204385,0.2317021,337.1759,130.8941,71.60789,0.7372403,0.8553731,0.1893271,-0.7217942,-0.384913,0.2048073,SelectionEnd
88.78734,24,2,3,0,0.7089005,0.9204385,0.2317021,337.1759,130.8941,71.60789,0.7372403,0.8553731,0.1893271,-0.7217942,-0.384913,0.2048073,GotSelection
88.79828,24,2,3,0,0.7088274,0.9203644,0.2318835,337.131,130.9039,71.62673,0.7376708,0.8567585,0.1905651,-0.7115474,-0.3690096,0.2070563,SelectionStart
88.79829,24,2,3,0,0.7088274,0.9203644,0.2318835,337.131,130.9039,71.62673,0.7376708,0.8567585,0.1905651,-0.7115474,-0.3690096,0.2070563,SelectionEnd
88.80168,24,2,3,0,0.7088274,0.9203644,0.2318835,337.131,130.9039,71.62673,0.7376708,0.8567585,0.1905651,-0.7115474,-0.3690096,0.2070563,GotSelection
88.81107,24,2,3,0,0.7087401,0.9203452,0.2320925,337.0748,130.934,71.63643,0.7381162,0.8579424,0.1917578,-0.7037766,-0.354274,0.2088475,SelectionStart
88.81108,24,2,3,0,0.7087401,0.9203452,0.2320925,337.0748,130.934,71.63643,0.7381162,0.8579424,0.1917578,-0.7037766,-0.354274,0.2088475,SelectionEnd
88.81436,24,2,3,0,0.7087401,0.9203452,0.2320925,337.0748,130.934,71.63643,0.7381162,0.8579424,0.1917578,-0.7037766,-0.354274,0.2088475,GotSelection
88.82629,24,2,3,0,0.7086107,0.9203343,0.2320979,337.069,130.9234,71.62491,0.7391531,0.8607318,0.1944194,-0.684391,-0.3183086,0.2118117,SelectionStart
88.82632,24,2,3,0,0.7086107,0.9203343,0.2320979,337.069,130.9234,71.62491,0.7391531,0.8607318,0.1944194,-0.684391,-0.3183086,0.2118117,SelectionEnd
88.82962,24,2,3,0,0.7086107,0.9203343,0.2320979,337.069,130.9234,71.62491,0.7391531,0.8607318,0.1944194,-0.684391,-0.3183086,0.2118117,GotSelection
88.84164,24,2,3,0,0.7087376,0.9204952,0.2319268,337.1368,130.8404,71.64345,0.7406501,0.8637609,0.1976043,-0.665077,-0.2754656,0.2130653,SelectionStart
88.84167,24,2,3,0,0.7087376,0.9204952,0.2319268,337.1368,130.8404,71.64345,0.7406501,0.8637609,0.1976043,-0.665077,-0.2754656,0.2130653,SelectionEnd
88.84491,24,2,3,0,0.7087376,0.9204952,0.2319268,337.1368,130.8404,71.64345,0.7406501,0.8637609,0.1976043,-0.665077,-0.2754656,0.2130653,GotSelection
88.85638,24,2,3,0,0.7088924,0.9206329,0.2318111,337.1961,130.7464,71.66922,0.74181,0.86671,0.2003732,-0.6445239,-0.238601,0.2142991,SelectionStart
88.8564,24,2,3,0,0.7088924,0.9206329,0.2318111,337.1961,130.7464,71.66922,0.74181,0.86671,0.2003732,-0.6445239,-0.238601,0.2142991,SelectionEnd
88.85971,24,2,3,0,0.7088924,0.9206329,0.2318111,337.1961,130.7464,71.66922,0.74181,0.86671,0.2003732,-0.6445239,-0.238601,0.2142991,GotSelection
88.87138,24,2,3,0,0.708732,0.920668,0.2320008,337.1809,130.7108,71.69832,0.7433283,0.8704632,0.2042384,-0.6196167,-0.1885967,0.218237,SelectionStart
88.87141,24,2,3,0,0.708732,0.920668,0.2320008,337.1809,130.7108,71.69832,0.7433283,0.8704632,0.2042384,-0.6196167,-0.1885967,0.218237,SelectionEnd
88.87511,24,2,3,0,0.708732,0.920668,0.2320008,337.1809,130.7108,71.69832,0.7433283,0.8704632,0.2042384,-0.6196167,-0.1885967,0.218237,GotSelection
88.88593,24,2,3,0,0.7082945,0.9205103,0.2324643,337.0411,130.768,71.69436,0.7453371,0.8748112,0.2082177,-0.5920358,-0.1332659,0.2304116,SelectionStart
88.88596,24,2,3,0,0.7082945,0.9205103,0.2324643,337.0411,130.768,71.69436,0.7453371,0.8748112,0.2082177,-0.5920358,-0.1332659,0.2304116,SelectionEnd
88.88945,24,2,3,0,0.7082945,0.9205103,0.2324643,337.0411,130.768,71.69436,0.7453371,0.8748112,0.2082177,-0.5920358,-0.1332659,0.2304116,GotSelection
88.89987,24,2,3,0,0.7078459,0.9202936,0.2327567,336.908,130.8024,71.67265,0.7468235,0.8777321,0.2109678,-0.574101,-0.09369875,0.2402029,SelectionStart
88.89989,24,2,3,0,0.7078459,0.9202936,0.2327567,336.908,130.8024,71.67265,0.7468235,0.8777321,0.2109678,-0.574101,-0.09369875,0.2402029,SelectionEnd
88.9032,24,2,3,0,0.7078459,0.9202936,0.2327567,336.908,130.8024,71.67265,0.7468235,0.8777321,0.2109678,-0.574101,-0.09369875,0.2402029,GotSelection
88.91273,24,2,3,0,0.7075767,0.9202585,0.232844,336.8369,130.8315,71.63297,0.7488756,0.8813962,0.2146964,-0.5528001,-0.04087573,0.2484339,SelectionStart
88.91277,24,2,3,0,0.7075767,0.9202585,0.232844,336.8369,130.8315,71.63297,0.7488756,0.8813962,0.2146964,-0.5528001,-0.04087573,0.2484339,SelectionEnd
88.91602,24,2,3,0,0.7075767,0.9202585,0.232844,336.8369,130.8315,71.63297,0.7488756,0.8813962,0.2146964,-0.5528001,-0.04087573,0.2484339,GotSelection
88.92625,24,2,3,0,0.7076324,0.9203246,0.232703,336.8724,130.8492,71.60239,0.750509,0.8839566,0.2173995,-0.5381691,-0.001943647,0.2524679,SelectionStart
88.92627,24,2,3,0,0.7076324,0.9203246,0.232703,336.8724,130.8492,71.60239,0.750509,0.8839566,0.2173995,-0.5381691,-0.001943647,0.2524679,SelectionEnd
88.92984,24,2,3,0,0.7076324,0.9203246,0.232703,336.8724,130.8492,71.60239,0.750509,0.8839566,0.2173995,-0.5381691,-0.001943647,0.2524679,GotSelection
88.97041,24,2,3,0,0.7078466,0.9208841,0.2316906,337.0937,130.8581,71.46694,0.7564796,0.892126,0.2278312,-0.4979242,0.1439952,0.2551934,SelectionStart
88.97043,24,2,3,0,0.7078466,0.9208841,0.2316906,337.0937,130.8581,71.46694,0.7564796,0.892126,0.2278312,-0.4979242,0.1439952,0.2551934,SelectionEnd
88.97374,24,2,3,0,0.7078466,0.9208841,0.2316906,337.0937,130.8581,71.46694,0.7564796,0.892126,0.2278312,-0.4979242,0.1439952,0.2551934,GotSelection
88.98386,24,2,3,0,0.7074705,0.9208341,0.2317977,337.0069,130.9322,71.40018,0.7587044,0.8943209,0.2316895,-0.4914067,0.1950599,0.258515,SelectionStart
88.98387,24,2,3,0,0.7074705,0.9208341,0.2317977,337.0069,130.9322,71.40018,0.7587044,0.8943209,0.2316895,-0.4914067,0.1950599,0.258515,SelectionEnd
88.9872,24,2,3,0,0.7074705,0.9208341,0.2317977,337.0069,130.9322,71.40018,0.7587044,0.8943209,0.2316895,-0.4914067,0.1950599,0.258515,GotSelection
88.99745,24,2,3,0,0.7070984,0.9207546,0.2318982,336.9041,131.0056,71.33631,0.760318,0.8951526,0.234383,-0.4938332,0.2294011,0.2591303,SelectionStart
88.99747,24,2,3,0,0.7070984,0.9207546,0.2318982,336.9041,131.0056,71.33631,0.760318,0.8951526,0.234383,-0.4938332,0.2294011,0.2591303,SelectionEnd
89.00182,24,2,3,0,0.7070984,0.9207546,0.2318982,336.9041,131.0056,71.33631,0.760318,0.8951526,0.234383,-0.4938332,0.2294011,0.2591303,GotSelection
89.01196,24,2,3,0,0.7066065,0.9207351,0.2319757,336.7957,131.0893,71.25462,0.7622133,0.8961703,0.2378689,-0.4972809,0.2728209,0.257915,SelectionStart
89.01198,24,2,3,0,0.7066065,0.9207351,0.2319757,336.7957,131.0893,71.25462,0.7622133,0.8961703,0.2378689,-0.4972809,0.2728209,0.257915,SelectionEnd
89.0153,24,2,3,0,0.7066065,0.9207351,0.2319757,336.7957,131.0893,71.25462,0.7622133,0.8961703,0.2378689,-0.4972809,0.2728209,0.257915,GotSelection
89.02701,24,2,3,0,0.7064216,0.9207779,0.2317256,336.759,131.1509,71.16426,0.7639138,0.8961962,0.2410744,-0.5073853,0.3105973,0.2491793,SelectionStart
89.02702,24,2,3,0,0.7064216,0.9207779,0.2317256,336.759,131.1509,71.16426,0.7639138,0.8961962,0.2410744,-0.5073853,0.3105973,0.2491793,SelectionEnd
89.03041,24,2,3,0,0.7064216,0.9207779,0.2317256,336.759,131.1509,71.16426,0.7639138,0.8961962,0.2410744,-0.5073853,0.3105973,0.2491793,GotSelection
89.0416,24,2,3,0,0.7065024,0.9208757,0.2313821,336.795,131.2198,71.08214,0.7648929,0.896118,0.2441208,-0.5136521,0.3422377,0.2335952,SelectionStart
89.04161,24,2,3,0,0.7065024,0.9208757,0.2313821,336.795,131.2198,71.08214,0.7648929,0.896118,0.2441208,-0.5136521,0.3422377,0.2335952,SelectionEnd
89.045,24,2,3,0,0.7065024,0.9208757,0.2313821,336.795,131.2198,71.08214,0.7648929,0.896118,0.2441208,-0.5136521,0.3422377,0.2335952,GotSelection
89.05479,24,2,3,0,0.7068064,0.9210132,0.2310128,336.8893,131.2308,71.06346,0.7658995,0.895806,0.2462555,-0.5208942,0.3650026,0.221798,SelectionStart
89.05482,24,2,3,0,0.7068064,0.9210132,0.2310128,336.8893,131.2308,71.06346,0.7658995,0.895806,0.2462555,-0.5208942,0.3650026,0.221798,SelectionEnd
89.05815,24,2,3,0,0.7068064,0.9210132,0.2310128,336.8893,131.2308,71.06346,0.7658995,0.895806,0.2462555,-0.5208942,0.3650026,0.221798,GotSelection
89.06804,24,2,3,0,0.7070402,0.9212264,0.2307494,336.9762,131.2305,71.06791,0.7664757,0.8950813,0.2480195,-0.530601,0.3805815,0.2084958,SelectionStart
89.06805,24,2,3,0,0.7070402,0.9212264,0.2307494,336.9762,131.2305,71.06791,0.7664757,0.8950813,0.2480195,-0.530601,0.3805815,0.2084958,SelectionEnd
89.07162,24,2,3,0,0.7070402,0.9212264,0.2307494,336.9762,131.2305,71.06791,0.7664757,0.8950813,0.2480195,-0.530601,0.3805815,0.2084958,GotSelection
89.08348,24,2,3,0,0.7073694,0.9212213,0.2304401,337.0543,131.2198,71.08926,0.7672987,0.8938499,0.2502034,-0.5435967,0.399943,0.1922822,SelectionStart
89.08351,24,2,3,0,0.7073694,0.9212213,0.2304401,337.0543,131.2198,71.08926,0.7672987,0.8938499,0.2502034,-0.5435967,0.399943,0.1922822,SelectionEnd
89.08752,24,2,3,0,0.7073694,0.9212213,0.2304401,337.0543,131.2198,71.08926,0.7672987,0.8938499,0.2502034,-0.5435967,0.399943,0.1922822,GotSelection
89.09798,24,2,3,0,0.7076217,0.921185,0.2303904,337.0737,131.2714,71.10626,0.767746,0.8924116,0.2521306,-0.5567715,0.4132747,0.1755056,SelectionStart
89.09799,24,2,3,0,0.7076217,0.921185,0.2303904,337.0737,131.2714,71.10626,0.767746,0.8924116,0.2521306,-0.5567715,0.4132747,0.1755056,SelectionEnd
89.10341,24,2,3,0,0.7076217,0.921185,0.2303904,337.0737,131.2714,71.10626,0.767746,0.8924116,0.2521306,-0.5567715,0.4132747,0.1755056,GotSelection
89.15671,24,2,3,0,0.708362,0.9209828,0.2302441,337.106,131.4293,71.1069,0.7674716,0.8860534,0.2545595,-0.6060182,0.4109196,0.1266775,SelectionStart
89.15672,24,2,3,0,0.708362,0.9209828,0.2302441,337.106,131.4293,71.1069,0.7674716,0.8860534,0.2545595,-0.6060182,0.4109196,0.1266775,SelectionEnd
89.16014,24,2,3,0,0.708362,0.9209828,0.2302441,337.106,131.4293,71.1069,0.7674716,0.8860534,0.2545595,-0.6060182,0.4109196,0.1266775,GotSelection
89.17081,24,2,3,0,0.7091219,0.9212389,0.2298638,337.2632,131.4219,71.14004,0.7649246,0.8777195,0.2521526,-0.6654734,0.350869,0.0833689,SelectionStart
89.17084,24,2,3,0,0.7091219,0.9212389,0.2298638,337.2632,131.4219,71.14004,0.7649246,0.8777195,0.2521526,-0.6654734,0.350869,0.0833689,SelectionEnd
89.17432,24,2,3,0,0.7091219,0.9212389,0.2298638,337.2632,131.4219,71.14004,0.7649246,0.8777195,0.2521526,-0.6654734,0.350869,0.0833689,GotSelection
89.1844,24,2,3,0,0.709395,0.9212361,0.2298403,337.2986,131.4213,71.17467,0.7636146,0.8747296,0.2500543,-0.6839441,0.3168416,0.07367902,SelectionStart
89.18442,24,2,3,0,0.709395,0.9212361,0.2298403,337.2986,131.4213,71.17467,0.7636146,0.8747296,0.2500543,-0.6839441,0.3168416,0.07367902,SelectionEnd
89.18787,24,2,3,0,0.709395,0.9212361,0.2298403,337.2986,131.4213,71.17467,0.7636146,0.8747296,0.2500543,-0.6839441,0.3168416,0.07367902,GotSelection
89.19731,24,2,3,0,0.7095682,0.9211662,0.2298973,337.3093,131.4297,71.20451,0.7619027,0.8710695,0.2472505,-0.7063786,0.2729921,0.06409448,SelectionStart
89.19733,24,2,3,0,0.7095682,0.9211662,0.2298973,337.3093,131.4297,71.20451,0.7619027,0.8710695,0.2472505,-0.7063786,0.2729921,0.06409448,SelectionEnd
89.2007,24,2,3,0,0.7095682,0.9211662,0.2298973,337.3093,131.4297,71.20451,0.7619027,0.8710695,0.2472505,-0.7063786,0.2729921,0.06409448,GotSelection
89.20953,24,2,3,0,0.7092907,0.9210735,0.2300251,337.2834,131.4645,71.1767,0.7605294,0.868476,0.2448561,-0.7233161,0.2389106,0.0616958,SelectionStart
89.20956,24,2,3,0,0.7092907,0.9210735,0.2300251,337.2834,131.4645,71.1767,0.7605294,0.868476,0.2448561,-0.7233161,0.2389106,0.0616958,SelectionEnd
89.21294,24,2,3,0,0.7092907,0.9210735,0.2300251,337.2834,131.4645,71.1767,0.7605294,0.868476,0.2448561,-0.7233161,0.2389106,0.0616958,GotSelection
89.22462,24,2,3,0,0.7092851,0.9210964,0.2299486,337.2741,131.4425,71.15756,0.7585703,0.8650053,0.2413935,-0.7448204,0.1899389,0.05530184,SelectionStart
89.22464,24,2,3,0,0.7092851,0.9210964,0.2299486,337.2741,131.4425,71.15756,0.7585703,0.8650053,0.2413935,-0.7448204,0.1899389,0.05530184,SelectionEnd
89.22794,24,2,3,0,0.7092851,0.9210964,0.2299486,337.2741,131.4425,71.15756,0.7585703,0.8650053,0.2413935,-0.7448204,0.1899389,0.05530184,GotSelection
89.23926,24,2,3,0,0.7092677,0.9209974,0.2301102,337.2646,131.3977,71.18369,0.7566935,0.8624386,0.2383749,-0.7575131,0.1467141,0.05243155,SelectionStart
89.23929,24,2,3,0,0.7092677,0.9209974,0.2301102,337.2646,131.3977,71.18369,0.7566935,0.8624386,0.2383749,-0.7575131,0.1467141,0.05243155,SelectionEnd
89.24268,24,2,3,0,0.7092677,0.9209974,0.2301102,337.2646,131.3977,71.18369,0.7566935,0.8624386,0.2383749,-0.7575131,0.1467141,0.05243155,GotSelection
89.25241,24,2,3,0,0.7095236,0.9206574,0.2301274,337.2603,131.3201,71.20442,0.7546899,0.8590867,0.2343446,-0.7730929,0.0923909,0.0501607,SelectionStart
89.25243,24,2,3,0,0.7095236,0.9206574,0.2301274,337.2603,131.3201,71.20442,0.7546899,0.8590867,0.2343446,-0.7730929,0.0923909,0.0501607,SelectionEnd
89.25583,24,2,3,0,0.7095236,0.9206574,0.2301274,337.2603,131.3201,71.20442,0.7546899,0.8590867,0.2343446,-0.7730929,0.0923909,0.0501607,GotSelection
89.26743,24,2,3,0,0.709121,0.920598,0.2305728,337.196,131.3026,71.2527,0.753161,0.856779,0.2312495,-0.7875185,0.05135297,0.05459664,SelectionStart
89.26744,24,2,3,0,0.709121,0.920598,0.2305728,337.196,131.3026,71.2527,0.753161,0.856779,0.2312495,-0.7875185,0.05135297,0.05459664,SelectionEnd
89.27083,24,2,3,0,0.709121,0.920598,0.2305728,337.196,131.3026,71.2527,0.753161,0.856779,0.2312495,-0.7875185,0.05135297,0.05459664,GotSelection
89.28036,24,2,3,0,0.7088203,0.9204633,0.2308996,337.116,131.3045,71.26445,0.751195,0.8538424,0.2275053,-0.8042917,0.00104723,0.05595083,SelectionStart
89.28038,24,2,3,0,0.7088203,0.9204633,0.2308996,337.116,131.3045,71.26445,0.751195,0.8538424,0.2275053,-0.8042917,0.00104723,0.05595083,SelectionEnd
89.28372,24,2,3,0,0.7088203,0.9204633,0.2308996,337.116,131.3045,71.26445,0.751195,0.8538424,0.2275053,-0.8042917,0.00104723,0.05595083,GotSelection
89.29408,24,2,3,0,0.7085276,0.9203435,0.2311021,337.0471,131.2825,71.25561,0.7500191,0.8521087,0.225025,-0.8143548,-0.03062854,0.05910053,SelectionStart
89.2941,24,2,3,0,0.7085276,0.9203435,0.2311021,337.0471,131.2825,71.25561,0.7500191,0.8521087,0.225025,-0.8143548,-0.03062854,0.05910053,SelectionEnd
89.2981,24,2,3,0,0.7085276,0.9203435,0.2311021,337.0471,131.2825,71.25561,0.7500191,0.8521087,0.225025,-0.8143548,-0.03062854,0.05910053,GotSelection
89.34004,24,2,3,0,0.7111418,0.9221512,0.2293787,337.3252,131.1727,71.2853,0.7458766,0.8457122,0.2149958,-0.8535756,-0.15947,0.03463085,SelectionStart
89.34006,24,2,3,0,0.7111418,0.9221512,0.2293787,337.3252,131.1727,71.2853,0.7458766,0.8457122,0.2149958,-0.8535756,-0.15947,0.03463085,SelectionEnd
89.34349,24,2,3,0,0.7111418,0.9221512,0.2293787,337.3252,131.1727,71.2853,0.7458766,0.8457122,0.2149958,-0.8535756,-0.15947,0.03463085,GotSelection
89.35307,24,2,3,0,0.7107832,0.9221469,0.2295246,337.4501,131.2081,71.23827,0.7452836,0.8443562,0.2130706,-0.8642563,-0.1820587,0.04234114,SelectionStart
89.3531,24,2,3,0,0.7107832,0.9221469,0.2295246,337.4501,131.2081,71.23827,0.7452836,0.8443562,0.2130706,-0.8642563,-0.1820587,0.04234114,SelectionEnd
89.3564,24,2,3,0,0.7107832,0.9221469,0.2295246,337.4501,131.2081,71.23827,0.7452836,0.8443562,0.2130706,-0.8642563,-0.1820587,0.04234114,GotSelection
89.36662,24,2,3,0,0.7106134,0.9229268,0.2293871,337.6012,131.1848,71.20811,0.744652,0.8430398,0.210345,-0.8803291,-0.2124435,0.04934073,SelectionStart
89.36665,24,2,3,0,0.7106134,0.9229268,0.2293871,337.6012,131.1848,71.20811,0.744652,0.8430398,0.210345,-0.8803291,-0.2124435,0.04934073,SelectionEnd
89.37003,24,2,3,0,0.7106134,0.9229268,0.2293871,337.6012,131.1848,71.20811,0.744652,0.8430398,0.210345,-0.8803291,-0.2124435,0.04934073,GotSelection
89.3799,24,2,3,0,0.7108994,0.9230638,0.2289816,337.8339,131.1863,71.11127,0.7440373,0.8426703,0.2084904,-0.8797481,-0.2319984,0.05366189,SelectionStart
89.37991,24,2,3,0,0.7108994,0.9230638,0.2289816,337.8339,131.1863,71.11127,0.7440373,0.8426703,0.2084904,-0.8797481,-0.2319984,0.05366189,SelectionEnd
89.38336,24,2,3,0,0.7108994,0.9230638,0.2289816,337.8339,131.1863,71.11127,0.7440373,0.8426703,0.2084904,-0.8797481,-0.2319984,0.05366189,GotSelection
89.39294,24,2,3,0,0.7108003,0.9223235,0.2284486,337.8383,131.2061,71.08449,0.743881,0.8428069,0.206658,-0.871435,-0.2404039,0.0647677,SelectionStart
89.39296,24,2,3,0,0.7108003,0.9223235,0.2284486,337.8383,131.2061,71.08449,0.743881,0.8428069,0.206658,-0.871435,-0.2404039,0.0647677,SelectionEnd
89.39627,24,2,3,0,0.7108003,0.9223235,0.2284486,337.8383,131.2061,71.08449,0.743881,0.8428069,0.206658,-0.871435,-0.2404039,0.0647677,GotSelection
89.40837,24,2,3,0,0.7113619,0.9224961,0.229162,337.8238,131.2101,71.30795,0.7437079,0.8428503,0.204697,-0.8697964,-0.2629856,0.07546167,SelectionStart
89.40839,24,2,3,0,0.7113619,0.9224961,0.229162,337.8238,131.2101,71.30795,0.7437079,0.8428503,0.204697,-0.8697964,-0.2629856,0.07546167,SelectionEnd
89.41179,24,2,3,0,0.7113619,0.9224961,0.229162,337.8238,131.2101,71.30795,0.7437079,0.8428503,0.204697,-0.8697964,-0.2629856,0.07546167,GotSelection
89.42186,24,2,3,0,0.7122797,0.9220827,0.2283392,338.0199,131.4115,71.28031,0.7437961,0.843747,0.2038123,-0.8540575,-0.2629949,0.07797334,SelectionStart
89.42188,24,2,3,0,0.7122797,0.9220827,0.2283392,338.0199,131.4115,71.28031,0.7437961,0.843747,0.2038123,-0.8540575,-0.2629949,0.07797334,SelectionEnd
89.42516,24,2,3,0,0.7122797,0.9220827,0.2283392,338.0199,131.4115,71.28031,0.7437961,0.843747,0.2038123,-0.8540575,-0.2629949,0.07797334,GotSelection
89.43578,24,2,3,0,0.7110719,0.9210907,0.2288162,338.1549,131.3407,71.28835,0.7440026,0.8448913,0.2026001,-0.8413447,-0.2626854,0.1088362,SelectionStart
89.43579,24,2,3,0,0.7110719,0.9210907,0.2288162,338.1549,131.3407,71.28835,0.7440026,0.8448913,0.2026001,-0.8413447,-0.2626854,0.1088362,SelectionEnd
89.43907,24,2,3,0,0.7110719,0.9210907,0.2288162,338.1549,131.3407,71.28835,0.7440026,0.8448913,0.2026001,-0.8413447,-0.2626854,0.1088362,GotSelection
89.45033,24,2,3,0,0.7111938,0.9211566,0.22844,338.1917,131.3584,71.23306,0.7448927,0.8465749,0.2023839,-0.8303075,-0.2529293,0.1199882,SelectionStart
89.45035,24,2,3,0,0.7111938,0.9211566,0.22844,338.1917,131.3584,71.23306,0.7448927,0.8465749,0.2023839,-0.8303075,-0.2529293,0.1199882,SelectionEnd
89.45357,24,2,3,0,0.7111938,0.9211566,0.22844,338.1917,131.3584,71.23306,0.7448927,0.8465749,0.2023839,-0.8303075,-0.2529293,0.1199882,GotSelection
89.46451,24,2,3,0,0.7114298,0.9211558,0.2280845,338.3093,131.507,71.15952,0.7456815,0.848008,0.2016924,-0.8198696,-0.2481202,0.1331426,SelectionStart
89.46452,24,2,3,0,0.7114298,0.9211558,0.2280845,338.3093,131.507,71.15952,0.7456815,0.848008,0.2016924,-0.8198696,-0.2481202,0.1331426,SelectionEnd
89.46783,24,2,3,0,0.7114298,0.9211558,0.2280845,338.3093,131.507,71.15952,0.7456815,0.848008,0.2016924,-0.8198696,-0.2481202,0.1331426,GotSelection
89.47954,24,2,3,0,0.711668,0.9213845,0.2281205,338.3152,131.6255,71.13345,0.7469141,0.8505884,0.201442,-0.803723,-0.2372388,0.1508873,SelectionStart
89.47957,24,2,3,0,0.711668,0.9213845,0.2281205,338.3152,131.6255,71.13345,0.7469141,0.8505884,0.201442,-0.803723,-0.2372388,0.1508873,SelectionEnd
89.4828,24,2,3,0,0.711668,0.9213845,0.2281205,338.3152,131.6255,71.13345,0.7469141,0.8505884,0.201442,-0.803723,-0.2372388,0.1508873,GotSelection
89.53314,24,2,3,0,0.7124424,0.9223419,0.2275934,338.3088,131.7331,71.1854,0.7521133,0.8596016,0.2018185,-0.7534665,-0.1794091,0.2067069,Nothing
89.54169,24,2,3,0,0.7126334,0.9223968,0.2275037,338.3572,131.6897,71.20912,0.7530119,0.8609571,0.2020145,-0.7450548,-0.1692202,0.2155126,Nothing
89.54976,24,2,3,0,0.712579,0.9223331,0.227733,338.3587,131.6602,71.23648,0.7538373,0.8624377,0.2025089,-0.7354823,-0.1574111,0.225942,Nothing
89.55856,24,2,3,0,0.7127589,0.922405,0.2276838,338.408,131.6057,71.26255,0.7550723,0.8636724,0.2028339,-0.7299395,-0.1450989,0.236154,Nothing
89.56647,24,2,3,0,0.7128043,0.9220073,0.2276073,338.3954,131.5228,71.23048,0.7562009,0.8651489,0.203218,-0.7181823,-0.1308376,0.2479574,Nothing
89.57533,24,2,3,0,0.712936,0.9222259,0.2276757,338.4099,131.4947,71.26014,0.7573067,0.8665724,0.2034721,-0.7120345,-0.1201641,0.2584658,Nothing
89.58357,24,2,3,0,0.7128831,0.9223046,0.2276148,338.4005,131.4427,71.25433,0.7586256,0.8682728,0.2038328,-0.7040633,-0.104829,0.2716444,Nothing
89.59119,24,2,3,0,0.7131526,0.9223913,0.2275518,338.4642,131.3999,71.27944,0.7601012,0.8701575,0.2042083,-0.6934425,-0.08917411,0.285077,Nothing
89.60037,24,2,3,0,0.7134019,0.9224656,0.2274629,338.5252,131.3539,71.30466,0.7613638,0.8716651,0.2046131,-0.6851472,-0.07528442,0.2953871,Nothing
89.60803,24,2,3,0,0.7136098,0.9225887,0.2272648,338.5702,131.2974,71.30604,0.7626337,0.8731053,0.2050237,-0.6781527,-0.06097021,0.3047243,Nothing
89.6167,24,2,3,0,0.7140461,0.9228056,0.2269828,338.6958,131.2038,71.35924,0.7638031,0.874273,0.2053833,-0.6724283,-0.0488994,0.3111652,Nothing
89.62436,24,2,3,0,0.7142391,0.9227205,0.2269449,338.7668,131.1441,71.39335,0.7652017,0.8757018,0.2059595,-0.6641842,-0.03277642,0.3225231,Nothing
89.63359,24,2,3,0,0.7145512,0.9227556,0.2268974,338.8307,131.0966,71.44363,0.7666883,0.8772332,0.2064329,-0.6559638,-0.01735688,0.3340512,Nothing
89.64095,24,2,3,0,0.7148011,0.9227598,0.2268829,338.8719,131.0751,71.48144,0.7680551,0.8785805,0.2069321,-0.6489808,-0.002732021,0.3443098,Nothing
89.65018,24,2,3,0,0.7145928,0.9226743,0.2269489,338.8766,131.0506,71.52103,0.7701461,0.8805922,0.207613,-0.6410037,0.0213672,0.3648099,Nothing
89.65828,24,2,3,0,0.714663,0.922624,0.2269906,338.8682,131.0455,71.54559,0.7716351,0.8817776,0.2080804,-0.6366847,0.03650132,0.3768059,Nothing
89.66679,24,2,3,0,0.7146046,0.9224817,0.2270657,338.8494,131.0453,71.54926,0.7728322,0.8827786,0.2087419,-0.6325316,0.05154735,0.386167,Nothing
89.67461,24,2,3,0,0.7144543,0.9224355,0.2270763,338.7883,131.0505,71.56046,0.7741971,0.8838008,0.209288,-0.6305655,0.0674217,0.3969893,Nothing
89.683,24,2,3,0,0.7141426,0.9219445,0.2274035,338.6964,131.0641,71.55412,0.7754928,0.8847709,0.2099736,-0.6257385,0.08337137,0.4107015,Nothing
89.69145,24,2,3,0,0.714049,0.9220074,0.2273973,338.6426,131.147,71.51519,0.7768654,0.8857332,0.210689,-0.6252826,0.1002363,0.4191161,Nothing
89.70009,24,2,3,0,0.7140201,0.9219974,0.2272176,338.6384,131.2099,71.46294,0.7780715,0.8865979,0.21138,-0.6236354,0.1167414,0.425403,Nothing
89.7088,24,2,3,0,0.7140133,0.922188,0.2268218,338.6662,131.2742,71.3905,0.7794195,0.8873347,0.2120484,-0.6253875,0.1343502,0.4303804,Nothing
89.71634,24,2,3,0,0.7140221,0.9223086,0.2262414,338.7183,131.3647,71.26586,0.7812728,0.8884037,0.2129782,-0.6259596,0.1592385,0.4375815,Nothing
89.72552,24,2,3,0,0.714292,0.9224205,0.2256189,338.7979,131.4093,71.16689,0.7824714,0.8889715,0.2136636,-0.6262758,0.1758333,0.4381572,Nothing
89.73294,24,2,3,0,0.71436,0.9226183,0.2250919,338.8672,131.4528,71.07872,0.7836593,0.8895152,0.2143248,-0.6285669,0.1922593,0.4403188,Nothing
89.74084,24,2,3,0,0.7146596,0.922858,0.2244971,338.9932,131.4868,71.00925,0.7847673,0.8901234,0.2150936,-0.6287417,0.2086941,0.4397863,Nothing
89.74968,24,2,3,0,0.7149094,0.9230649,0.2239371,339.1107,131.5761,70.93196,0.7859191,0.8904843,0.2157299,-0.6314429,0.2241186,0.4397043,Nothing
89.75803,24,2,3,0,0.7154178,0.9233344,0.223324,339.2854,131.6538,70.87932,0.7868852,0.891127,0.2165217,-0.6295978,0.2397244,0.4364682,Nothing
89.76624,24,2,3,0,0.7156828,0.9235796,0.2227492,339.4237,131.7535,70.79967,0.788136,0.8916302,0.2171939,-0.6316968,0.2564627,0.4370258,Nothing
89.7749,24,2,3,0,0.7163826,0.9239434,0.2216897,339.7133,131.9544,70.66817,0.7899622,0.8924826,0.2182182,-0.6318695,0.2822403,0.4345381,Nothing
89.78293,24,2,3,0,0.71687,0.9241841,0.2208682,339.925,132.1076,70.55196,0.7912754,0.893047,0.2189442,-0.6324816,0.3010041,0.4322593,Nothing
89.79172,24,2,3,0,0.7171888,0.924481,0.2200658,340.1,132.2514,70.43399,0.7925804,0.8936567,0.2195886,-0.6342402,0.3196031,0.4313608,Nothing
89.80016,24,2,3,0,0.7179688,0.924835,0.2189143,340.4312,132.3623,70.32111,0.7939509,0.8943235,0.2202044,-0.6331674,0.338598,0.4270665,Nothing
89.80865,24,2,3,0,0.7187002,0.9252037,0.2178946,340.739,132.4345,70.22397,0.7954351,0.8949032,0.220889,-0.6339073,0.3573615,0.424003,Nothing
89.8166,24,2,3,0,0.7196346,0.925639,0.2167051,341.1145,132.4593,70.15743,0.7968374,0.8956283,0.221525,-0.6320795,0.3757241,0.4192808,Nothing
89.82481,24,2,3,0,0.7206547,0.9260585,0.2154975,341.4971,132.4383,70.11613,0.7982644,0.8964474,0.2221447,-0.6288586,0.3939265,0.4148564,Nothing
89.83339,24,2,3,0,0.7220916,0.9266448,0.2141653,341.993,132.3382,70.13461,0.7996964,0.8971784,0.2227319,-0.6250563,0.4098109,0.4076489,Nothing
89.84137,24,2,3,0,0.7244993,0.9275845,0.212043,342.8121,132.1512,70.18662,0.8018289,0.8984805,0.2235604,-0.6165234,0.4332066,0.3956849,Nothing
89.84988,24,2,3,0,0.7267993,0.9282961,0.2103062,343.5611,131.9371,70.28696,0.8033313,0.8993111,0.2240772,-0.6079668,0.447457,0.383321,Nothing
89.85883,24,2,3,0,0.7294695,0.9291967,0.2083915,344.4302,131.6925,70.41867,0.8046156,0.9002807,0.2245004,-0.5968844,0.4591378,0.3669771,Nothing
89.8672,24,2,3,0,0.7322676,0.9300666,0.2064386,345.3144,131.4182,70.54794,0.806197,0.9011388,0.224995,-0.5878814,0.4720877,0.3511493,Nothing
89.87479,24,2,3,0,0.7356177,0.9310491,0.2042243,346.409,131.1863,70.69046,0.8077465,0.9020687,0.2253231,-0.5763829,0.4831367,0.3310224,Nothing
89.88374,24,2,3,0,0.7385158,0.9317312,0.202366,347.3159,130.9274,70.80979,0.8093718,0.9030595,0.225625,-0.5651191,0.494551,0.3169445,Nothing
89.89185,24,2,3,0,0.7416198,0.932418,0.2007709,348.259,130.7286,70.99689,0.8109726,0.9040318,0.2258354,-0.5525567,0.5029049,0.3026738,Nothing
89.89967,24,2,3,0,0.7449141,0.9331447,0.1990786,349.2685,130.4814,71.19778,0.8126737,0.9049867,0.2259585,-0.5403476,0.5104403,0.2881941,Nothing
89.9086,24,2,3,0,0.7501962,0.9340607,0.1962444,350.8486,130.0046,71.47761,0.8152519,0.9064142,0.2261024,-0.5208272,0.5215414,0.2637297,Nothing
89.9165,24,2,3,0,0.754308,0.9347178,0.1942133,352.1002,129.5953,71.71742,0.8168876,0.9073573,0.2261196,-0.5059817,0.5255314,0.2434243,Nothing
89.92477,24,2,3,0,0.7587129,0.9352527,0.1918989,353.4594,129.1346,71.93526,0.8185356,0.9082879,0.2261532,-0.4907058,0.5302234,0.2198527,Nothing
89.93373,24,2,3,0,0.7640215,0.9358199,0.1891942,355.087,128.4455,72.18481,0.8201992,0.9091081,0.2259987,-0.4750471,0.5305189,0.191277,Nothing
89.94203,24,2,3,0,0.7692463,0.9362473,0.1865546,356.6744,127.7135,72.41773,0.8218351,0.9100691,0.2258307,-0.4589643,0.531344,0.1635158,Nothing
89.94991,24,2,3,0,0.7750883,0.9364802,0.1837757,358.4452,126.8397,72.66199,0.8235323,0.911006,0.2257249,-0.4419588,0.5312576,0.1318335,Nothing
89.95935,24,2,3,0,0.7835093,0.936453,0.179964,0.9624069,125.7086,72.96192,0.8261057,0.9124358,0.2254858,-0.4177284,0.5316719,0.08590911,Nothing
89.97472,24,2,3,0,0.7990428,0.9352896,0.1740121,5.559638,123.564,73.43396,0.8290402,0.9145493,0.2251743,-0.3772165,0.5180704,-0.01290776,Nothing
89.98376,24,2,3,0,0.8069239,0.9337533,0.1705639,7.935878,122.4905,73.50337,0.8308747,0.9156032,0.2249225,-0.3580877,0.5186789,-0.06534389,Nothing
89.99211,24,2,3,0,0.8150859,0.9320304,0.1671615,10.46354,121.502,73.51891,0.8326538,0.9166223,0.2246717,-0.3434905,0.5177169,-0.122657,Nothing
90.00102,24,2,3,0,0.8233032,0.9297928,0.1637026,13.03158,120.4862,73.43132,0.8343932,0.9176463,0.2243577,-0.3309209,0.5177788,-0.1829214,Nothing
90.01711,24,2,3,0,0.8383417,0.924587,0.1568279,18.02201,118.2584,72.80505,0.8380379,0.919463,0.2239282,-0.3219001,0.5300266,-0.2946209,Nothing
90.0264,24,2,3,0,0.8492357,0.9198583,0.1518821,21.50827,116.3431,72.01462,0.8408923,0.9208705,0.2236866,-0.3218549,0.5459962,-0.3771787,Nothing
90.04344,24,2,3,0,0.8600185,0.9130042,0.1471962,25.405,113.1608,70.3524,0.8447359,0.9227819,0.2234332,-0.3164686,0.5811849,-0.4485989,Nothing
90.05998,24,2,3,0,0.8687844,0.9067339,0.1459239,28.60215,109.2292,68.53733,0.8487411,0.9248147,0.2228977,-0.2971846,0.6075079,-0.4848823,Nothing
90.07649,24,2,3,0,0.8786663,0.8998129,0.1473397,31.78379,105.0696,66.94767,0.8529398,0.9269101,0.2219851,-0.2637775,0.612738,-0.5293341,Nothing
90.08336,24,2,3,0,0.8837683,0.8961504,0.1483309,33.38645,102.872,66.04984,0.8551428,0.9280273,0.2215373,-0.2478331,0.6153978,-0.5555887,Nothing
90.09261,24,2,3,0,0.8905302,0.8909696,0.1509891,35.54052,99.67692,64.78384,0.8585312,0.9296178,0.2209592,-0.2184847,0.6142461,-0.5886784,Nothing
90.11362,24,2,3,0,0.896914,0.885414,0.1577462,37.71325,94.72173,62.99948,0.8641559,0.9321193,0.220079,-0.1494422,0.6042601,-0.5963557,Nothing
90.12662,24,2,3,0,0.8988726,0.8832399,0.1620146,38.38947,91.78365,61.85561,0.8673685,0.9336176,0.2196254,-0.103099,0.599729,-0.5852957,Nothing
90.14192,24,2,3,0,0.899411,0.8818571,0.1667896,38.81659,88.20139,60.21706,0.871708,0.9355994,0.2187488,-0.04144101,0.5969554,-0.5508088,Nothing
90.15018,24,2,3,0,0.9006565,0.880268,0.1696127,39.27229,85.34904,58.69726,0.8749018,0.9370347,0.2181069,-0.004142687,0.5995256,-0.5382702,Nothing
90.15863,24,2,3,0,0.9010739,0.8792925,0.1706212,39.50652,83.45371,57.44032,0.8769824,0.9380077,0.2175602,0.01676047,0.6084065,-0.5273393,Nothing
90.16745,24,2,3,0,0.9023892,0.8778141,0.1708256,39.88594,81.41399,55.85268,0.8788905,0.9388876,0.2170664,0.02532054,0.6240465,-0.5273946,Nothing
90.17621,24,2,3,0,0.9034335,0.8764362,0.1713228,40.21965,79.40985,54.36639,0.8808194,0.93982,0.2164515,0.03833221,0.6364574,-0.5260957,Nothing
90.19197,24,2,3,0,0.9062256,0.8745121,0.1729704,40.77129,75.55231,51.69958,0.884355,0.9416585,0.2152923,0.05796114,0.649487,-0.5293944,Nothing
90.20003,24,2,3,0,0.9069403,0.8737812,0.1738814,40.92116,73.7882,50.49384,0.8860627,0.9426271,0.2147574,0.07238217,0.6557407,-0.526624,Nothing
90.20764,24,2,3,0,0.9073904,0.8736929,0.1748302,40.93489,72.30418,49.50343,0.8875961,0.9434556,0.2141346,0.08580064,0.6563349,-0.5195739,Nothing
90.21678,24,2,3,0,0.9068862,0.874285,0.1763883,40.78724,70.52828,48.40495,0.8898711,0.9447327,0.213183,0.1147686,0.6524771,-0.4986632,Nothing
90.22479,24,2,3,0,0.9067693,0.8742737,0.1770063,40.74585,69.35217,47.62731,0.8913127,0.9454942,0.2125557,0.1309915,0.6541355,-0.4891474,Nothing
90.23399,24,2,3,0,0.9054955,0.8753736,0.1782328,40.40616,68.73954,47.33469,0.892456,0.9462797,0.2118582,0.1558825,0.6440362,-0.4685756,Nothing
90.24139,24,2,3,0,0.9041288,0.8764739,0.1790944,40.16723,67.94736,46.88138,0.8936532,0.9470898,0.211214,0.1781196,0.6378311,-0.4463587,Nothing
90.25049,24,2,3,0,0.9033451,0.8770313,0.1801147,39.92517,67.21389,46.46239,0.8948801,0.947835,0.2106124,0.1999539,0.6318356,-0.4322307,Nothing
90.25844,24,2,3,0,0.9023896,0.8777571,0.1808971,39.74549,66.44664,45.99271,0.8957028,0.9486334,0.2099796,0.2177465,0.6263698,-0.4192373,Nothing
90.26653,24,2,3,0,0.9021144,0.8780621,0.1818938,39.57475,65.67456,45.55523,0.896656,0.9493493,0.2093261,0.2349301,0.6197504,-0.4135821,Nothing
90.27547,24,2,3,0,0.9017515,0.8783281,0.1828465,39.44446,64.80341,45.04953,0.8975503,0.9500581,0.2086519,0.2517064,0.6136491,-0.4083197,Nothing
90.28319,24,2,3,0,0.9017475,0.8788569,0.1839511,39.24641,63.53272,44.32352,0.8991014,0.9511423,0.2076237,0.2726589,0.6058105,-0.401908,Nothing
90.29152,24,2,3,0,0.9020404,0.8784903,0.1852238,39.22752,62.42412,43.69099,0.8998163,0.9518226,0.2069006,0.2869217,0.5993195,-0.4093945,Nothing
90.30005,24,2,3,0,0.9016919,0.8782237,0.1866957,39.20238,61.35949,43.08867,0.9006864,0.9525291,0.2062157,0.307389,0.5916547,-0.4121463,Nothing
90.30916,24,2,3,0,0.9019388,0.8778145,0.1878998,39.17968,60.24788,42.41495,0.901158,0.9530751,0.2056715,0.317706,0.5869782,-0.4206773,Nothing
90.31711,24,2,3,0,0.9027732,0.876492,0.1892646,39.36915,58.88112,41.48067,0.9017915,0.953784,0.2051032,0.327742,0.5873553,-0.4422411,Nothing
90.32518,24,2,3,0,0.9035867,0.8754799,0.1904827,39.44597,57.65047,40.67865,0.9025201,0.9545426,0.2044422,0.3380879,0.5868707,-0.4607182,Nothing
90.33287,24,2,3,0,0.9055266,0.8729806,0.1917446,39.85135,56.07339,39.43754,0.9032072,0.955231,0.2039827,0.3393785,0.5964864,-0.4992748,Nothing
90.34178,24,2,3,0,0.9078727,0.8701662,0.1934416,40.26034,53.87693,37.7466,0.90422,0.9562915,0.203175,0.3409188,0.6072673,-0.5461287,Nothing
90.34946,24,2,3,0,0.9098357,0.8674757,0.1946781,40.65836,52.28241,36.42141,0.9049178,0.9569948,0.2027059,0.3385334,0.6196307,-0.5871315,Nothing
90.35796,24,2,3,0,0.9115283,0.8648224,0.1957316,40.984,50.73063,35.09877,0.9055686,0.9577287,0.2022155,0.3360586,0.6341785,-0.6255514,Nothing
90.36588,24,2,3,0,0.9133582,0.8620563,0.1972295,41.23697,49.12149,33.72787,0.9062123,0.9584515,0.2017495,0.3328093,0.6472197,-0.6669956,Nothing
90.37447,24,2,3,0,0.9144779,0.8597439,0.1979444,41.3284,47.63755,32.39381,0.9070027,0.9590632,0.2012349,0.331364,0.6644869,-0.6944475,Nothing
90.38261,24,2,3,0,0.9159197,0.857455,0.1992719,41.43851,46.12152,31.09701,0.9076282,0.9597686,0.2008068,0.3271467,0.6777537,-0.7283691,Nothing
90.39091,24,2,3,0,0.9170061,0.8552225,0.2000915,41.42743,44.65468,29.78529,0.9083182,0.9604777,0.2003172,0.3238867,0.6960565,-0.7559821,Nothing
90.3998,24,2,3,0,0.9183224,0.8525913,0.2007688,41.41715,43.12237,28.39244,0.9089827,0.9611528,0.1998913,0.3165933,0.7190986,-0.7864143,Nothing
90.40791,24,2,3,0,0.9202853,0.8485311,0.2023987,41.37272,40.68613,26.22616,0.9098144,0.9621373,0.1992297,0.3030922,0.7508621,-0.8366995,Nothing
90.41681,24,2,3,0,0.9220085,0.8452079,0.2034823,41.30954,38.80542,24.51485,0.910429,0.9627124,0.1988931,0.2862908,0.7789307,-0.8743511,Nothing
90.42525,24,2,3,0,0.9236459,0.842048,0.2049328,41.17493,36.93779,22.86775,0.9110236,0.9632851,0.1986531,0.2695214,0.8048363,-0.9110794,Nothing
90.43356,24,2,3,0,0.9250467,0.8390968,0.2063955,41.02146,35.15256,21.31498,0.9116082,0.9637606,0.1983825,0.253426,0.8283989,-0.9447187,Nothing
90.44173,24,2,3,0,0.9262531,0.8366625,0.2077818,40.81466,33.44639,19.87899,0.9121552,0.964296,0.1980927,0.2375207,0.8496048,-0.9734879,Nothing
90.44933,24,2,3,0,0.9271435,0.834641,0.209278,40.58929,31.99063,18.68288,0.9125915,0.9646235,0.1978252,0.2248886,0.8648919,-0.9977584,Nothing
90.4579,24,2,3,0,0.9278402,0.8330479,0.2108148,40.32858,30.68851,17.6655,0.9132149,0.9649394,0.197552,0.2170118,0.8766674,-1.017549,Nothing
90.46634,24,2,3,0,0.9286586,0.8309608,0.213151,39.88867,28.83701,16.2655,0.9139973,0.9653352,0.1972716,0.205393,0.8927918,-1.043378,Nothing
90.47476,24,2,3,0,0.9288177,0.830397,0.2147088,39.52623,27.83012,15.62357,0.9146333,0.9655607,0.1969962,0.2054793,0.8967034,-1.052958,Nothing
90.4839,24,2,3,0,0.9288213,0.8298068,0.2163538,39.07718,26.83541,15.01002,0.9149423,0.9655586,0.196713,0.2041513,0.899946,-1.061426,Nothing
90.49106,24,2,3,0,0.9287682,0.8296384,0.217827,38.58141,25.89593,14.48487,0.9156589,0.9657236,0.196419,0.2075646,0.9031234,-1.065041,Nothing
90.49991,24,2,3,0,0.9286176,0.8295842,0.219129,38.05206,24.99475,13.95176,0.9166439,0.965735,0.196102,0.213284,0.9060152,-1.064449,Nothing
90.5087,24,2,3,0,0.9284652,0.8294842,0.220161,37.52293,24.22343,13.50422,0.9177261,0.966238,0.1958415,0.2216446,0.9148486,-1.064853,Nothing
90.51669,24,2,3,0,0.9284441,0.8292986,0.2212493,36.97863,23.38679,12.97665,0.9187587,0.9663911,0.1956474,0.2258639,0.9223277,-1.064124,Nothing
90.52461,24,2,3,0,0.9280798,0.8293541,0.222326,36.52057,22.74681,12.6369,0.9195504,0.966673,0.1953504,0.2344053,0.925919,-1.064698,Nothing
90.53304,24,2,3,0,0.9277154,0.8297634,0.2239657,35.89068,21.85703,12.21319,0.9212065,0.9669809,0.1951164,0.2498313,0.9276025,-1.061988,Nothing
90.54175,24,2,3,0,0.9275457,0.8307291,0.2248537,35.56715,21.59682,12.25951,0.9224747,0.9670143,0.1949613,0.2654599,0.9195681,-1.054853,Nothing
90.54991,24,2,3,0,0.9266527,0.832611,0.2255598,35.40965,21.71565,12.66669,0.9240217,0.9675152,0.1949075,0.2963515,0.9046534,-1.042315,Nothing
90.55981,24,2,3,0,0.9257916,0.8340782,0.2265056,35.14863,21.56884,12.82726,0.9253889,0.9676613,0.1947544,0.3210772,0.890965,-1.032108,Nothing
90.57629,24,2,3,0,0.9228044,0.8408471,0.227994,34.70201,22.41193,14.5362,0.9286794,0.968163,0.1945544,0.4057533,0.8258819,-0.9799454,Nothing
90.59116,24,2,3,0,0.9205691,0.8448071,0.2293171,34.28681,22.92663,15.72964,0.9308766,0.9683474,0.1944893,0.4650322,0.7833233,-0.9465258,Nothing
90.59995,24,2,3,0,0.9183539,0.8489351,0.2308212,33.91224,23.32891,16.86761,0.9329069,0.9683047,0.1943073,0.5190274,0.7335578,-0.9145106,Nothing
90.60776,24,2,3,0,0.9166301,0.8512605,0.2320954,33.80939,23.70552,17.75883,0.9342746,0.9683858,0.1941838,0.560053,0.6985102,-0.8989961,Nothing
90.61641,24,2,3,0,0.9154327,0.8534733,0.2335614,33.74047,23.90771,18.46264,0.9355332,0.9681476,0.1940177,0.5907257,0.6611024,-0.8873739,Nothing
90.62421,24,2,3,0,0.9141962,0.8552877,0.2345539,33.7059,24.08851,19.07294,0.9367204,0.9679961,0.1939453,0.6190652,0.6310629,-0.874685,Nothing
90.63303,24,2,3,0,0.9132489,0.8567274,0.235972,33.70306,24.17369,19.59025,0.9378486,0.9677341,0.1938965,0.6434579,0.6008999,-0.8686889,Nothing
90.64119,24,2,3,0,0.9117565,0.8582614,0.2372952,33.71595,24.30368,20.07264,0.9387533,0.9675675,0.193825,0.6701456,0.5708044,-0.8608835,Nothing
90.65024,24,2,3,0,0.9111964,0.8588783,0.2384739,33.76118,24.31942,20.35087,0.9396263,0.9671297,0.1939339,0.6856072,0.5503125,-0.8586729,Nothing
90.65843,24,2,3,0,0.9102691,0.8605981,0.2403032,33.72643,24.42472,21.00192,0.9411191,0.966601,0.1939395,0.7126628,0.5110947,-0.850387,Nothing
90.66698,24,2,3,0,0.9099582,0.8616505,0.2410172,33.73388,24.41199,21.22682,0.9416134,0.9657477,0.1941608,0.7173574,0.4890156,-0.8407562,Nothing
90.67426,24,2,3,0,0.9096797,0.8619293,0.2420318,33.70375,24.29293,21.3401,0.9422032,0.965162,0.1944069,0.7248395,0.4749542,-0.8392492,Nothing
90.68311,24,2,3,0,0.9092249,0.8624149,0.2430961,33.66221,24.16472,21.45093,0.9426969,0.9645395,0.1947177,0.7321994,0.4590776,-0.8359461,Nothing
90.6911,24,2,3,0,0.9091166,0.8624991,0.24402,33.60648,23.98014,21.46784,0.9431433,0.9638911,0.195277,0.7350817,0.4503285,-0.8334252,Nothing
90.69966,24,2,3,0,0.9094617,0.8627508,0.2447495,33.58165,23.85061,21.55323,0.9434394,0.9632041,0.1957349,0.7321158,0.4401537,-0.8310874,Nothing
90.70782,24,2,3,0,0.9095446,0.8628072,0.2455645,33.57733,23.74188,21.55547,0.9437349,0.9624394,0.1963704,0.7312018,0.4319945,-0.8278924,Nothing
90.71634,24,2,3,0,0.9095733,0.8629504,0.2466592,33.56852,23.58948,21.59612,0.9440576,0.9613523,0.1971977,0.7299389,0.4193886,-0.8230857,Nothing
90.72536,24,2,3,0,0.9098839,0.8632898,0.2473347,33.60256,23.52412,21.64925,0.9444363,0.9606458,0.1978866,0.7270283,0.4098176,-0.8177345,Nothing
90.73314,24,2,3,0,0.9100015,0.8635858,0.2478027,33.56966,23.47707,21.6941,0.9443448,0.9598545,0.1987693,0.7210071,0.4038759,-0.8090621,Nothing
90.74139,24,2,3,0,0.909845,0.8639898,0.248579,33.48449,23.39463,21.78763,0.9445949,0.9590366,0.1995004,0.7216285,0.3930937,-0.8008346,Nothing
90.74934,24,2,3,0,0.9096655,0.8644668,0.2490463,33.35732,23.32108,21.87774,0.9444726,0.9582193,0.2007777,0.7173432,0.3881904,-0.7861963,Nothing
90.75798,24,2,3,0,0.9095165,0.8651433,0.2494582,33.20102,23.25957,21.99766,0.9443837,0.9574339,0.2018775,0.7131833,0.3811677,-0.7711861,Nothing
90.76636,24,2,3,0,0.9092988,0.8657412,0.2497962,33.03034,23.19731,22.1206,0.9443405,0.9565985,0.2030064,0.7100599,0.3749271,-0.7550302,Nothing
90.77443,24,2,3,0,0.9090825,0.8665488,0.2501889,32.83134,23.11259,22.25222,0.9440444,0.9558027,0.2042987,0.7037821,0.3685034,-0.7378386,Nothing
90.78255,24,2,3,0,0.9089046,0.8669865,0.2505089,32.6658,23.05194,22.36345,0.9437196,0.9549583,0.2055903,0.6976091,0.3650299,-0.7222926,Nothing
90.79213,24,2,3,0,0.9085768,0.8681946,0.251092,32.34056,22.86455,22.53421,0.9433381,0.9537483,0.2074482,0.6883566,0.3549601,-0.6971141,Nothing
90.80869,24,2,3,0,0.9080573,0.8695657,0.2516835,31.98531,22.6119,22.67175,0.942585,0.952232,0.2102813,0.6736554,0.347728,-0.6625677,Nothing
90.81631,24,2,3,0,0.9079469,0.870103,0.2518384,31.81528,22.50033,22.69507,0.9422259,0.9514191,0.2116866,0.6649207,0.3462431,-0.6451976,Nothing
90.82426,24,2,3,0,0.9078381,0.8707562,0.2519184,31.64287,22.42286,22.74924,0.9418857,0.9504551,0.2132177,0.655503,0.3434767,-0.624474,Nothing
90.83336,24,2,3,0,0.907778,0.8712156,0.2517403,31.47643,22.40653,22.75929,0.9415239,0.9496266,0.2146512,0.6462715,0.3449383,-0.6041062,Nothing
90.84129,24,2,3,0,0.9076748,0.8719935,0.2518706,31.2081,22.31179,22.81235,0.9410837,0.9488391,0.2162284,0.636285,0.3434324,-0.5832549,Nothing
90.84933,24,2,3,0,0.907613,0.8723876,0.251862,30.96871,22.17639,22.79499,0.9406654,0.9475805,0.2183942,0.6238535,0.3458633,-0.5567021,Nothing
90.85789,24,2,3,0,0.9077058,0.8728921,0.2521538,30.72896,21.97507,22.82924,0.9403633,0.9467998,0.219956,0.6138406,0.3450538,-0.539951,Nothing
90.86658,24,2,3,0,0.907667,0.8733493,0.2524165,30.51479,21.81541,22.84549,0.9401891,0.9460222,0.2213891,0.6066187,0.3435353,-0.5233998,Nothing
90.87465,24,2,3,0,0.9075225,0.8737835,0.2528455,30.28048,21.55843,22.87348,0.9402443,0.9454421,0.2227216,0.6035129,0.3412961,-0.5095173,Nothing
90.88303,24,2,3,0,0.9073724,0.8743566,0.2530394,30.04564,21.35004,22.91841,0.9402302,0.9448346,0.2241836,0.5989828,0.3397826,-0.4916976,Nothing
90.89143,24,2,3,0,0.9071152,0.8749483,0.253397,29.81197,21.15396,23.01003,0.9404698,0.9445432,0.2253254,0.5999904,0.3365505,-0.4781708,Nothing
90.89984,24,2,3,0,0.9067237,0.875954,0.2538098,29.4731,20.93532,23.2007,0.9406725,0.9437357,0.2272174,0.5984519,0.3290809,-0.4530829,Nothing
90.90787,24,2,3,0,0.9062687,0.876695,0.2539397,29.26618,20.86923,23.38574,0.941031,0.9435946,0.2282595,0.6031484,0.3247473,-0.4369943,Nothing
90.91678,24,2,3,0,0.9055818,0.8775527,0.2539436,29.16361,20.97864,23.64919,0.9414695,0.9435713,0.2292247,0.6113626,0.318799,-0.4193578,Nothing
90.92471,24,2,3,0,0.9051387,0.8783264,0.2540091,29.00874,21.01086,23.86618,0.9417847,0.9437113,0.2301638,0.616697,0.3157214,-0.4048553,Nothing
90.93317,24,2,3,0,0.904537,0.8793011,0.2535818,28.90621,21.32516,24.20501,0.9424006,0.9440527,0.2308529,0.627238,0.3120417,-0.3854296,Nothing
90.94095,24,2,3,0,0.9038612,0.8802049,0.2533517,28.74091,21.57367,24.50039,0.9429561,0.9442452,0.2316134,0.6373823,0.307563,-0.3663952,Nothing
90.94934,24,2,3,0,0.90321,0.8811958,0.2528114,28.54811,21.85473,24.81255,0.9435083,0.9445336,0.2322809,0.6470173,0.3044166,-0.3451269,Nothing
90.95853,24,2,3,0,0.902269,0.882121,0.2522961,28.34154,22.11758,25.07404,0.944171,0.9449102,0.2329859,0.6604723,0.3021231,-0.3230641,Nothing
90.96638,24,2,3,0,0.9012963,0.8834565,0.2516506,28.00789,22.40543,25.47089,0.944979,0.9453964,0.2338393,0.6747882,0.2974953,-0.295087,Nothing
90.97591,24,2,3,0,0.9007257,0.8841835,0.2513516,27.78534,22.51503,25.67948,0.9454902,0.9456772,0.2344322,0.6833981,0.2952237,-0.278802,Nothing
90.98331,24,2,3,0,0.9003259,0.8844893,0.2512642,27.59033,22.54265,25.81636,0.9460709,0.946081,0.234994,0.6929777,0.2965726,-0.2683206,Nothing
90.99161,24,2,3,0,0.9000574,0.8847821,0.2513042,27.43996,22.4997,25.89299,0.9465519,0.9464052,0.2353917,0.7001123,0.296506,-0.2617151,Nothing
91.00079,24,2,3,0,0.9000524,0.8846672,0.251431,27.33799,22.32827,25.84686,0.9469406,0.9466335,0.2358282,0.7043701,0.3003703,-0.2596824,Nothing
91.01645,24,2,3,0,0.8999839,0.8847809,0.2515916,27.10534,22.06347,25.7968,0.9476903,0.9469491,0.2365004,0.7118211,0.3033183,-0.2532463,Nothing
91.02432,24,2,3,0,0.8999575,0.8847558,0.2517345,27.01206,21.93791,25.75433,0.9480208,0.9471158,0.2366963,0.7156177,0.3046741,-0.2525213,Nothing
91.03252,24,2,3,0,0.8998812,0.8848025,0.2518042,26.9091,21.84684,25.73621,0.9484594,0.9471978,0.2369234,0.7202853,0.3047848,-0.249286,Nothing
91.0423,24,2,3,0,0.8998489,0.884973,0.2515043,26.78128,21.79721,25.69962,0.9489233,0.9473616,0.2371327,0.7240584,0.3070117,-0.2423594,Nothing
91.05853,24,2,3,0,0.8996525,0.8854759,0.2507863,26.6425,21.99532,25.7389,0.9495875,0.9475816,0.2371633,0.7303706,0.3074154,-0.2287602,Nothing
91.06688,24,2,3,0,0.8993639,0.885775,0.2500488,26.634,22.3205,25.82298,0.9498667,0.9476341,0.2370407,0.7343544,0.3076396,-0.2177312,Nothing
91.07458,24,2,3,0,0.8990655,0.8860887,0.2492522,26.69543,22.75294,25.93977,0.950218,0.9477805,0.2370119,0.7391792,0.3090196,-0.2053088,Nothing
91.0833,24,2,3,0,0.8987817,0.8864335,0.2485374,26.81351,23.23005,26.08981,0.9505533,0.9478453,0.2367641,0.7437754,0.3075792,-0.1951954,Nothing
91.09145,24,2,3,0,0.8982349,0.8871264,0.2476929,27.02654,23.94299,26.39754,0.9511406,0.9479619,0.2362946,0.7527081,0.300813,-0.1815705,Nothing
91.10132,24,2,3,0,0.8979942,0.8880239,0.2479452,27.44737,24.76902,26.96435,0.9514776,0.9481176,0.2361634,0.7581215,0.2865079,-0.1765721,Nothing
91.11388,24,2,3,0,0.8967435,0.8896625,0.2476531,27.96761,25.99559,27.81423,0.9523044,0.948291,0.2355423,0.7750683,0.261228,-0.1591587,Nothing
91.12733,24,2,3,0,0.8937867,0.8932884,0.2478499,28.93783,28.43775,29.79742,0.9538772,0.948242,0.2348,0.8086665,0.1998028,-0.1182373,Nothing
91.14313,24,2,3,0,0.8908213,0.8970326,0.2484325,29.88254,31.32987,32.26419,0.9553351,0.948487,0.234113,0.8404143,0.1358082,-0.07300489,Nothing
91.15755,24,2,3,0,0.8873091,0.9008075,0.2492951,30.56404,33.95981,34.68371,0.9569172,0.9489568,0.2332553,0.8757069,0.06974012,-0.02507656,Nothing
91.16609,24,2,3,0,0.8835303,0.9046615,0.2500822,31.07796,36.61252,37.08775,0.958212,0.9493247,0.2324985,0.9051536,0.005812058,0.03064108,Nothing
91.17398,24,2,3,0,0.8810138,0.9077802,0.2508855,31.35259,38.65131,39.05433,0.9589908,0.9498267,0.2320603,0.9201035,-0.04239314,0.07303824,Nothing
91.1825,24,2,3,0,0.877638,0.9108617,0.2518162,31.59246,40.84679,41.1106,0.9598539,0.950202,0.2314177,0.9401145,-0.09470902,0.1229315,Nothing
91.1917,24,2,3,0,0.8740674,0.9139408,0.253014,31.77851,43.13632,43.28394,0.9606847,0.950607,0.2307298,0.9588412,-0.1491638,0.1755929,Nothing
91.19943,24,2,3,0,0.869663,0.9169329,0.2542157,31.86696,45.51151,45.51151,0.961664,0.9508753,0.2301177,0.9809099,-0.2042658,0.2395264,Nothing
91.20853,24,2,3,0,0.8654602,0.9201416,0.255746,31.82622,48.02315,47.92844,0.9623694,0.9513338,0.2293848,0.9950353,-0.2619398,0.3038395,Nothing
91.21606,24,2,3,0,0.8615969,0.9229562,0.2569706,31.74987,50.40526,50.10484,0.9632764,0.9516467,0.228804,1.005787,-0.3095177,0.3699541,Nothing
91.22435,24,2,3,0,0.8574221,0.9257444,0.2583422,31.54515,53.01635,52.44086,0.9639646,0.9520405,0.228151,1.013055,-0.3562197,0.441684,Nothing
91.23244,24,2,3,0,0.8514543,0.9295162,0.2606393,31.11016,56.8294,55.83192,0.964811,0.9526634,0.2271438,1.017177,-0.4199881,0.5466915,Nothing
91.24301,24,2,3,0,0.84697,0.9331813,0.2620555,30.68649,59.74284,58.38589,0.9649612,0.9531261,0.2265167,1.003604,-0.4622182,0.6332083,Nothing
91.2576,24,2,3,0,0.8389467,0.9375648,0.2660465,29.57898,64.45059,62.73337,0.965075,0.9540423,0.2252696,0.9867967,-0.5379736,0.7706106,Nothing
91.26567,24,2,3,0,0.8353128,0.9393286,0.2681456,28.94861,66.52494,64.69595,0.964904,0.9545292,0.2245989,0.9751438,-0.5722412,0.8312148,Nothing
91.27443,24,2,3,0,0.8320579,0.9406971,0.2702534,28.33681,68.50674,66.57821,0.964608,0.9550064,0.2239788,0.9621242,-0.6018648,0.8859203,Nothing
91.28224,24,2,3,0,0.8293458,0.9418212,0.2722869,27.77755,70.29596,68.26989,0.9641495,0.9556545,0.2234185,0.9491776,-0.6261117,0.9310333,Nothing
91.29251,24,2,3,0,0.8256446,0.9431842,0.2753586,26.91076,72.9852,70.74148,0.9632274,0.95645,0.2225068,0.9255106,-0.6578586,0.9948804,Nothing
91.30777,24,2,3,0,0.8224792,0.9443251,0.2788548,25.95233,76.48082,73.65744,0.9609439,0.9573685,0.2214056,0.8873117,-0.6777872,1.053529,Nothing
91.31621,24,2,3,0,0.8212703,0.9449655,0.2803115,25.42797,78.16621,74.99377,0.9594808,0.9579009,0.2209622,0.8642777,-0.6812074,1.077546,Nothing
91.32399,24,2,3,0,0.8203694,0.9452719,0.2816566,24.90925,79.78328,76.24921,0.957539,0.9586171,0.2204538,0.8431218,-0.6818268,1.091298,Nothing
91.3326,24,2,3,0,0.8197809,0.9454771,0.2827704,24.41074,81.27247,77.38534,0.9551819,0.9593234,0.2197504,0.8213838,-0.6821584,1.096083,Nothing
91.34064,24,2,3,0,0.8191422,0.9457202,0.2835268,23.9058,82.63323,78.37006,0.9528161,0.9599968,0.2192561,0.8002014,-0.6777272,1.100562,Nothing
91.34944,24,2,3,0,0.8185013,0.946121,0.2840798,23.07008,84.56349,79.6731,0.9493661,0.9609406,0.2183292,0.7670885,-0.6675516,1.105057,Nothing
91.35754,24,2,3,0,0.817727,0.9465258,0.2846291,22.45057,85.86707,80.5384,0.9467084,0.9616361,0.2176935,0.7439262,-0.6626496,1.108606,Nothing
91.36581,24,2,3,0,0.8175701,0.9469624,0.283793,21.8766,86.84167,81.0024,0.9437904,0.9622399,0.2170355,0.7196696,-0.6463637,1.100245,Nothing
91.37462,24,2,3,0,0.8173296,0.9472909,0.2831074,21.26033,87.9379,81.5266,0.9407641,0.9625087,0.2164555,0.6924745,-0.6296816,1.093703,Nothing
91.38249,24,2,3,0,0.8169624,0.9476424,0.2827929,20.60583,89.11246,82.15211,0.9376025,0.9630665,0.2156907,0.6673146,-0.6182213,1.086573,Nothing
91.3907,24,2,3,0,0.8168687,0.9482102,0.2813811,19.92143,90.44054,82.58067,0.9343687,0.9636163,0.2148679,0.6397301,-0.5916671,1.078308,Nothing
91.3987,24,2,3,0,0.8165995,0.9486877,0.280654,19.23317,91.78308,83.16387,0.9317409,0.9640963,0.213894,0.6149886,-0.5750822,1.076784,Nothing
91.40758,24,2,3,0,0.8169789,0.9492465,0.2792259,18.50657,93.46504,83.63836,0.9284488,0.9646347,0.2129837,0.5860502,-0.5442417,1.065325,Nothing
91.41605,24,2,3,0,0.8167877,0.9498821,0.2779474,17.27536,95.80518,84.45913,0.9235981,0.9657009,0.2118727,0.5480732,-0.5098754,1.052355,Nothing
91.42534,24,2,3,0,0.8161681,0.9504488,0.2773802,16.24081,97.56766,85.11514,0.9204423,0.9662645,0.2112377,0.5179958,-0.4864595,1.05264,Nothing
91.4328,24,2,3,0,0.8151879,0.9510002,0.2770979,15.06054,99.35285,85.80174,0.9174131,0.9668344,0.2105238,0.4874907,-0.4662292,1.058289,Nothing
91.44293,24,2,3,0,0.8140107,0.9512295,0.277017,13.77468,101.1353,86.46476,0.9144471,0.9672703,0.2102628,0.4578158,-0.442925,1.06521,Nothing
91.44968,24,2,3,0,0.8116131,0.9516871,0.2775748,12.04553,103.1582,87.25775,0.9116344,0.9678972,0.2098682,0.422508,-0.4205812,1.091002,Nothing
91.45779,24,2,3,0,0.8099235,0.9518726,0.2777046,10.55399,104.9769,87.85034,0.9093005,0.9684476,0.2095613,0.3936246,-0.3950825,1.108469,Nothing
91.46638,24,2,3,0,0.8058118,0.9519958,0.2791239,7.656573,108.0302,88.85254,0.9055171,0.9695109,0.209093,0.342657,-0.3577345,1.153963,Nothing
91.4743,24,2,3,0,0.8027771,0.9517787,0.2802838,5.600246,110.1055,89.41757,0.9029725,0.970306,0.2087811,0.3096295,-0.3305037,1.186419,Nothing
91.48265,24,2,3,0,0.7997608,0.9510414,0.2815531,3.379785,112.3104,89.90822,0.9006505,0.9711108,0.2084979,0.2776844,-0.298328,1.220929,Nothing
91.49118,24,2,3,0,0.7965279,0.9502759,0.2829364,1.113355,114.502,90.27744,0.8984017,0.9719433,0.208214,0.2442504,-0.2638197,1.257324,Nothing
91.49956,24,2,3,0,0.7933939,0.9493425,0.2841245,358.8783,116.7104,90.50406,0.8961895,0.9728319,0.2079996,0.2124528,-0.2242472,1.290318,Nothing
91.50792,24,2,3,0,0.7900171,0.9479858,0.284932,356.6661,118.7986,90.46204,0.8942791,0.973847,0.2077402,0.1856779,-0.1792006,1.324599,Nothing
91.5162,24,2,3,0,0.7868066,0.9470198,0.2859128,354.6242,120.7599,90.40847,0.8922409,0.9748,0.2074119,0.1562046,-0.1391871,1.354582,Nothing
91.52617,24,2,3,0,0.7823054,0.9449293,0.2858003,351.8075,123.4845,89.82569,0.8896481,0.9764927,0.2069941,0.1255617,-0.06598169,1.388946,Nothing
91.5419,24,2,3,0,0.7778081,0.9421343,0.2846651,348.5639,126.9183,88.78445,0.8868485,0.9789168,0.2064424,0.09575672,0.03222953,1.415947,Nothing
91.54915,24,2,3,0,0.7765453,0.9412083,0.2816611,347.9019,128.0918,88.00217,0.8855171,0.9802641,0.2061171,0.1037396,0.08295757,1.403918,Nothing
91.558,24,2,3,0,0.7757693,0.9402926,0.2790344,347.1454,129.4733,87.31724,0.8843291,0.9816183,0.2059479,0.1092384,0.1337659,1.389407,Nothing
91.56699,24,2,3,0,0.7761542,0.9399089,0.2749367,347.1462,130.6723,86.50982,0.8832794,0.9830099,0.2057353,0.1309073,0.1851236,1.354522,Nothing
91.58322,24,2,3,0,0.7757784,0.9378647,0.268327,346.5544,133.0922,84.99523,0.8814737,0.9857938,0.2051936,0.1661976,0.2818911,1.307497,Nothing
91.59196,24,2,3,0,0.7760703,0.9372625,0.2647349,346.5967,134.1558,84.27776,0.8805947,0.9872248,0.2048945,0.1884165,0.3252442,1.276049,Nothing
91.59976,24,2,3,0,0.775144,0.9359093,0.2606367,346.3918,135.7575,83.27283,0.8793026,0.9892527,0.2046059,0.2139112,0.3901751,1.246617,Nothing
91.60785,24,2,3,0,0.7749103,0.9349581,0.258009,346.4135,136.393,82.73821,0.8784825,0.9906367,0.2042676,0.236457,0.4202113,1.22769,Nothing
91.61601,24,2,3,0,0.7722772,0.9351081,0.2557438,346.1265,137.3509,81.98104,0.8776593,0.9920869,0.2039259,0.2332039,0.4697185,1.223995,Nothing
91.62485,24,2,3,0,0.7711746,0.933957,0.2544159,345.7632,138.1313,81.45518,0.8767818,0.9933766,0.2035657,0.2444544,0.4979166,1.220524,Nothing
91.63284,24,2,3,0,0.7699679,0.9326225,0.2537527,345.2805,138.8736,81.01207,0.8759065,0.9945927,0.2031981,0.2538687,0.5209386,1.223902,Nothing
91.64124,24,2,3,0,0.7688636,0.9309846,0.2538334,344.55,139.4204,80.65283,0.8747907,0.9956389,0.2028546,0.2603475,0.5317934,1.234009,Nothing
91.64934,24,2,3,0,0.7672505,0.929347,0.2540493,343.8738,140.0173,80.26789,0.8737607,0.9966838,0.2024443,0.2653039,0.547032,1.249063,Nothing
91.65828,24,2,3,0,0.7650833,0.9271623,0.2538509,342.9929,140.9016,79.6245,0.8717161,0.9981157,0.2019657,0.2733856,0.5689633,1.260604,Nothing
91.66611,24,2,3,0,0.7635723,0.9255858,0.2542349,342.3842,141.3856,79.26036,0.8702776,0.9986869,0.2015214,0.2754473,0.5763978,1.273697,Nothing
91.67528,24,2,3,0,0.7624245,0.9242696,0.2543534,341.9231,141.8548,78.92354,0.8688076,0.9992654,0.2011122,0.2800492,0.5827075,1.280746,Nothing
91.68327,24,2,3,0,0.7623215,0.9223523,0.2543051,341.6384,142.2056,78.73488,0.8672624,0.999684,0.2007096,0.2983475,0.5803824,1.281282,Nothing
91.69131,24,2,3,0,0.762517,0.9213626,0.2539943,341.5494,142.4992,78.6336,0.8656315,0.9999454,0.2003506,0.3133284,0.5744249,1.273063,Nothing
91.69958,24,2,3,0,0.7630985,0.9207428,0.2530794,341.6283,142.7996,78.57944,0.8638188,0.9999041,0.2000393,0.3288892,0.5676647,1.253165,Nothing
91.70781,24,2,3,0,0.7639867,0.9201061,0.2522981,341.782,143.0535,78.56629,0.8620456,0.9998501,0.1997832,0.3473102,0.5573916,1.232205,Nothing
91.71582,24,2,3,0,0.7647225,0.9198708,0.251197,341.9975,143.2662,78.58546,0.8598959,0.9998803,0.1996075,0.3655216,0.546503,1.205705,Nothing
91.72444,24,2,3,0,0.7659457,0.9188901,0.2501061,342.2269,143.5975,78.54675,0.8571587,0.9995939,0.1993206,0.3907879,0.529636,1.174304,Nothing
91.73254,24,2,3,0,0.7661992,0.9180844,0.249649,342.2269,143.8732,78.48829,0.8553345,0.9992024,0.1991987,0.4014779,0.5216607,1.159029,Nothing
91.74113,24,2,3,0,0.7661523,0.9183635,0.2484024,342.3045,144.0298,78.35685,0.8535339,0.99856,0.1992803,0.4005807,0.5186402,1.133911,Nothing
91.74947,24,2,3,0,0.7655513,0.9177418,0.2479859,342.204,144.4133,78.13208,0.851859,0.9980475,0.1994112,0.4016476,0.5214214,1.121985,Nothing
91.75899,24,2,3,0,0.7652463,0.9164832,0.2472591,342.1166,144.658,77.81883,0.850672,0.997534,0.1994424,0.4079757,0.5266565,1.112378,Nothing
91.77455,24,2,3,0,0.7624111,0.9157764,0.2457968,341.9289,145.1979,77.11488,0.8476837,0.9964259,0.2001256,0.3966711,0.5507284,1.090961,Nothing
91.78271,24,2,3,0,0.7602497,0.9150477,0.2450032,341.6773,145.5908,76.54902,0.845677,0.9955767,0.2010043,0.3864478,0.5709189,1.077347,Nothing
91.79114,24,2,3,0,0.7583535,0.9146081,0.2444017,341.475,145.801,76.1149,0.8442327,0.9950575,0.2015651,0.3771476,0.5866546,1.070412,Nothing
91.79938,24,2,3,0,0.7571051,0.9144948,0.2433805,341.3194,145.8002,75.74709,0.8430294,0.9944102,0.2024701,0.3677061,0.5994016,1.054894,Nothing
91.80769,24,2,3,0,0.7552809,0.9141806,0.2426193,341.1501,146.0423,75.27935,0.8418878,0.9937235,0.2035455,0.3555701,0.6209329,1.042156,Nothing
91.8161,24,2,3,0,0.7532133,0.9137876,0.2419867,341.0688,146.3585,74.80114,0.8411608,0.9930511,0.204658,0.3427372,0.6485267,1.032414,Nothing
91.82576,24,2,3,0,0.7516745,0.913825,0.2407539,341.0515,146.7202,74.27752,0.8402796,0.9922757,0.2062499,0.3291953,0.6770745,1.007354,Nothing
91.84145,24,2,3,0,0.7490414,0.9137605,0.2382373,341.078,147.2483,73.39571,0.8384784,0.9906603,0.2092356,0.3069126,0.7252489,0.9567387,Nothing
91.849,24,2,3,0,0.7469968,0.9140926,0.2360314,341.1578,147.5057,72.78664,0.8372756,0.9894629,0.2114568,0.2872159,0.7612306,0.9167252,Nothing
91.85777,24,2,3,0,0.7456433,0.9141902,0.2345394,341.2419,147.743,72.36958,0.8365583,0.9887397,0.2129218,0.275544,0.7870727,0.8898987,Nothing
91.86652,24,2,3,0,0.7442145,0.9142552,0.233266,341.2676,148.0667,71.88499,0.8360186,0.9879572,0.2144188,0.2602493,0.8144194,0.8651471,Nothing
91.87424,24,2,3,0,0.7428603,0.9140873,0.232185,341.2719,148.4352,71.34415,0.835516,0.9872546,0.2158012,0.2462817,0.840877,0.8431508,Nothing
91.88263,24,2,3,0,0.7412366,0.9141082,0.2307866,341.2986,148.7651,70.79305,0.8351589,0.9865164,0.2172721,0.2285979,0.871515,0.819149,Nothing
91.89117,24,2,3,0,0.7395573,0.9141213,0.229302,341.3511,149.0617,70.23643,0.834741,0.9859414,0.2185987,0.2122655,0.9016383,0.796055,Nothing
91.89912,24,2,3,0,0.7381065,0.9141046,0.2280375,341.4246,149.3367,69.70561,0.8345019,0.9851822,0.2199658,0.1948366,0.9291736,0.7735384,Nothing
91.90825,24,2,3,0,0.7358125,0.9141878,0.2256828,341.5674,149.7056,68.91126,0.8341807,0.984187,0.2221084,0.1683184,0.9738958,0.7359258,Nothing
91.91693,24,2,3,0,0.7341923,0.9142314,0.2239933,341.6787,149.8869,68.47671,0.8340403,0.9834583,0.2235636,0.1506653,1.004263,0.7107557,Nothing
91.92426,24,2,3,0,0.73237,0.9141816,0.2222656,341.714,149.9707,67.97701,0.8339249,0.9827261,0.2249566,0.1301261,1.035037,0.6891391,Nothing
91.93263,24,2,3,0,0.7311679,0.9141417,0.2210074,341.7881,150.0907,67.65211,0.8338842,0.9820799,0.2262752,0.1157932,1.058673,0.6687024,Nothing
91.94073,24,2,3,0,0.7299538,0.9140792,0.220044,341.8038,150.5004,67.19476,0.8337206,0.9813533,0.2274649,0.09836978,1.081311,0.646935,Nothing
91.94939,24,2,3,0,0.7289962,0.9141139,0.2189783,341.8451,150.8875,66.82465,0.8334717,0.9805897,0.2285318,0.08313832,1.100104,0.6231464,Nothing
91.9574,24,2,3,0,0.727924,0.9139893,0.2179965,341.8804,151.1523,66.48988,0.8332378,0.9798765,0.2293852,0.06923248,1.117511,0.6049966,Nothing
91.96623,24,2,3,0,0.7273601,0.9138936,0.217289,341.8755,151.548,66.23936,0.8329472,0.979191,0.2300498,0.05932962,1.128677,0.5861799,Nothing
91.97531,24,2,3,0,0.7270597,0.9138243,0.2163792,341.9066,151.7403,66.0385,0.8323843,0.9781746,0.2309494,0.05007405,1.134965,0.5630215,Nothing
91.98282,24,2,3,0,0.7267469,0.9137614,0.2157574,341.9286,151.8541,65.89346,0.8319077,0.977664,0.2308608,0.04483561,1.136045,0.5541811,Nothing
91.99078,24,2,3,0,0.7263154,0.9136981,0.2151101,341.9533,151.9907,65.70528,0.8314636,0.977142,0.2307795,0.03797785,1.138592,0.5452976,Nothing
91.99933,24,2,3,0,0.7261137,0.9134611,0.2145017,342.0142,152.0228,65.60304,0.8309263,0.9766164,0.2305287,0.0359002,1.137418,0.5387177,Nothing
92.00772,24,2,3,0,0.7263183,0.9134318,0.2139798,342.1063,152.0193,65.58025,0.8304021,0.9760551,0.2303928,0.03542453,1.132217,0.5296705,Nothing
92.01575,24,2,3,0,0.7263684,0.9133427,0.2134926,342.1932,152.0747,65.54983,0.829563,0.9754884,0.2294803,0.0357383,1.121986,0.5260922,Nothing
92.02457,24,2,3,0,0.7267342,0.9132247,0.2132208,342.259,152.1017,65.58574,0.8287889,0.9749574,0.2287658,0.03892433,1.109663,0.5224045,Nothing
92.03238,24,2,3,0,0.7268323,0.9130526,0.2128737,342.3136,152.1412,65.57642,0.8279058,0.9744571,0.2278967,0.04106354,1.098533,0.520292,Nothing
92.04164,24,2,3,0,0.7274675,0.9127162,0.2128063,342.3475,152.1051,65.71671,0.8265012,0.9736177,0.226563,0.04908015,1.073785,0.5206377,Nothing
92.04941,24,2,3,0,0.7281026,0.912143,0.213664,342.2452,152.1167,65.9108,0.8256379,0.9731157,0.22564,0.05902664,1.052402,0.530027,Nothing
92.05939,24,2,3,0,0.7284308,0.9113586,0.2142383,342.131,152.2009,65.99992,0.8245872,0.9727262,0.2242815,0.06912409,1.032963,0.5412707,Nothing
92.07436,24,2,3,0,0.7287787,0.9100966,0.2152317,341.8983,152.3762,66.1145,0.8225729,0.972052,0.2219776,0.08439963,0.999486,0.5601373,Nothing
92.0822,24,2,3,0,0.7287179,0.9095998,0.2155022,341.788,152.4711,66.11977,0.821449,0.9717838,0.2208734,0.09008668,0.9850406,0.5674596,Nothing
92.09189,24,2,3,0,0.7284501,0.9085096,0.2160242,341.6111,152.6206,66.06008,0.8199745,0.9712865,0.2194124,0.09760801,0.9678947,0.5803838,Nothing
92.09996,24,2,3,0,0.7281622,0.9078635,0.2161661,341.5127,152.6958,66.01848,0.8189039,0.9710073,0.2186014,0.1025999,0.9584247,0.5860643,Nothing
92.11031,24,2,3,0,0.7279197,0.9072822,0.2161701,341.441,152.7298,65.95989,0.8178025,0.9706652,0.2179244,0.1069505,0.9491549,0.5890238,Nothing
92.12425,24,2,3,0,0.7276282,0.9063462,0.2163869,341.2636,152.8167,65.91463,0.8160077,0.9699238,0.2168142,0.112981,0.9312227,0.5947441,Nothing
92.1331,24,2,3,0,0.7271955,0.9059552,0.21666,341.1655,152.8925,65.87054,0.8150737,0.9694757,0.2163778,0.1129237,0.9235914,0.5982698,Nothing
92.14081,24,2,3,0,0.7269682,0.9055324,0.2168075,341.0699,152.9686,65.81729,0.8139597,0.9689787,0.2159148,0.1146249,0.9135087,0.5991819,Nothing
92.14902,24,2,3,0,0.7267803,0.9052049,0.2168774,340.999,153.0394,65.76734,0.8128985,0.9683269,0.2155143,0.1144621,0.9033551,0.5980027,Nothing
92.15828,24,2,3,0,0.7263945,0.904712,0.2168772,340.9188,153.0976,65.71275,0.8112717,0.9675261,0.2148519,0.1160088,0.889268,0.5971742,Nothing
92.166,24,2,3,0,0.7264084,0.9047621,0.2166577,340.9579,153.085,65.70431,0.810719,0.9671903,0.2147278,0.1158187,0.8839877,0.5924318,Nothing
92.17374,24,2,3,0,0.7262161,0.9044341,0.216614,340.9333,153.1022,65.66855,0.8090224,0.9663351,0.2141145,0.1176676,0.8673741,0.5889983,Nothing
92.18228,24,2,3,0,0.7260886,0.9043807,0.2164748,340.9303,153.0911,65.6439,0.8079621,0.965701,0.2139953,0.1169531,0.8579689,0.5829803,Nothing
92.19083,24,2,3,0,0.7259294,0.9043688,0.2163134,340.931,153.072,65.61736,0.8067735,0.9650638,0.2138142,0.1163183,0.8473897,0.5767958,Nothing
92.19905,24,2,3,0,0.7257255,0.9043797,0.2161565,340.9308,153.0514,65.58597,0.8058518,0.9645578,0.2137697,0.1150687,0.8403425,0.5712184,Nothing
92.20766,24,2,3,0,0.7252483,0.9043952,0.2159723,340.9132,153.0749,65.48335,0.8047819,0.9639471,0.2138396,0.1111856,0.8350037,0.5642163,Nothing
92.21577,24,2,3,0,0.72485,0.9044359,0.2154574,340.906,153.1017,65.37633,0.8038485,0.9634174,0.2140588,0.1079222,0.8329996,0.5534099,Nothing
92.22513,24,2,3,0,0.7239723,0.9045478,0.2148713,340.9265,153.147,65.14948,0.8024569,0.9626251,0.2144753,0.100367,0.8317148,0.5388418,Nothing
92.23268,24,2,3,0,0.7233508,0.9048327,0.2143836,340.9488,153.143,65.00735,0.8012673,0.9620507,0.2149353,0.09464454,0.8293412,0.5252274,Nothing
92.24025,24,2,3,0,0.7227004,0.9049503,0.2140024,340.9562,153.1362,64.85693,0.8003998,0.9615726,0.2156099,0.08922686,0.8312136,0.513239,Nothing
92.24892,24,2,3,0,0.7222263,0.9051278,0.2137906,340.9685,153.1207,64.74065,0.7998627,0.9612975,0.2162631,0.08462249,0.8336923,0.5041061,Nothing
92.25731,24,2,3,0,0.7216007,0.9052274,0.213425,340.9788,153.1369,64.59228,0.7991141,0.9609331,0.2171069,0.08001751,0.8377858,0.491353,Nothing
92.26608,24,2,3,0,0.7208372,0.9052601,0.2130026,340.9934,153.1731,64.41525,0.7983983,0.9606385,0.2180464,0.07542226,0.8447263,0.4782088,Nothing
92.27487,24,2,3,0,0.7195711,0.9053665,0.2124084,340.9854,153.2924,64.07384,0.7971085,0.9603608,0.219551,0.06868019,0.8555112,0.45737,Nothing
92.28275,24,2,3,0,0.7190676,0.9054161,0.2121171,340.9877,153.3427,63.92741,0.7968051,0.9603859,0.2201633,0.06590067,0.862312,0.4497341,Nothing
92.29018,24,2,3,0,0.7182586,0.9055033,0.2116371,340.9961,153.3958,63.70985,0.7962123,0.9602461,0.2211327,0.06057329,0.8714194,0.4366954,Nothing
92.29944,24,2,3,0,0.7171654,0.9056329,0.2109097,341.0313,153.4569,63.40149,0.7952418,0.9602357,0.2227516,0.05578953,0.8852225,0.4154775,Nothing
92.30811,24,2,3,0,0.71657,0.9057153,0.2104775,341.0422,153.5104,63.23913,0.7945859,0.9601976,0.2237956,0.05363161,0.8927157,0.4013082,Nothing
92.31538,24,2,3,0,0.7161226,0.9059162,0.2099278,341.1079,153.5636,63.07404,0.7940573,0.9603498,0.2247878,0.05249679,0.9008622,0.386277,Nothing
92.32408,24,2,3,0,0.7158303,0.9060905,0.2095097,341.1573,153.627,62.94584,0.793485,0.9605377,0.2258768,0.05341681,0.9075438,0.3708753,Nothing
92.33214,24,2,3,0,0.7157394,0.9062942,0.2091219,341.2224,153.6778,62.86409,0.7926138,0.9605361,0.2268961,0.05589656,0.9088892,0.3534964,Nothing
92.34035,24,2,3,0,0.7158408,0.9065279,0.2087447,341.304,153.7002,62.8316,0.7919841,0.9606946,0.2279709,0.06002359,0.9112461,0.3365878,Nothing
92.34843,24,2,3,0,0.7160614,0.9067757,0.208361,341.3997,153.7072,62.83143,0.7912833,0.9608772,0.2289401,0.06572645,0.911597,0.3198275,Nothing
92.35683,24,2,3,0,0.7158983,0.9067222,0.2079045,341.476,153.7282,62.78701,0.7908379,0.9611422,0.2299641,0.07050336,0.9191443,0.3059051,Nothing
92.36563,24,2,3,0,0.7161124,0.9069729,0.2074437,341.5844,153.8007,62.74976,0.7898743,0.9613479,0.231437,0.07764296,0.9210388,0.2820753,Nothing
92.37408,24,2,3,0,0.7161531,0.9069548,0.2070446,341.6362,153.8445,62.71688,0.7891465,0.9614971,0.232354,0.08376388,0.923351,0.2668823,Nothing
92.38214,24,2,3,0,0.7162048,0.9070555,0.2067474,341.6857,153.8915,62.67365,0.7884331,0.9616572,0.2331795,0.08865891,0.9241765,0.2530101,Nothing
92.39044,24,2,3,0,0.7162094,0.9071912,0.2063515,341.7494,153.9279,62.62011,0.7875015,0.9616222,0.2341464,0.09246685,0.9239547,0.2355881,Nothing
92.39833,24,2,3,0,0.7160797,0.9071876,0.2060535,341.7906,153.9778,62.55716,0.7867733,0.9617335,0.2349849,0.0965682,0.9263261,0.2225021,Nothing
92.40678,24,2,3,0,0.7160496,0.9072857,0.2057129,341.8448,154.0418,62.49447,0.7860061,0.961827,0.2357028,0.1004471,0.9267505,0.2088253,Nothing
92.4153,24,2,3,0,0.7161272,0.9075568,0.2054448,341.9051,154.0935,62.46095,0.7852466,0.9619406,0.2362422,0.1038791,0.9243135,0.1965248,Nothing
92.42383,24,2,3,0,0.7161797,0.907752,0.2050085,341.992,154.163,62.39445,0.7840791,0.9620275,0.2371941,0.1096902,0.9223909,0.1772253,Nothing
92.43161,24,2,3,0,0.716229,0.9078816,0.2047363,342.0478,154.2001,62.3583,0.7833078,0.9620997,0.2377888,0.1137805,0.9207488,0.1650203,Nothing
92.44069,24,2,3,0,0.7161981,0.9080721,0.2045116,342.1117,154.2188,62.34694,0.7823991,0.9622124,0.2380804,0.1181906,0.9166579,0.1557317,Nothing
92.44861,24,2,3,0,0.7162967,0.9082171,0.2042694,342.1784,154.2374,62.33154,0.7816355,0.9621375,0.2384273,0.1212489,0.9124225,0.1454005,Nothing
92.45749,24,2,3,0,0.7162563,0.9084926,0.2039754,342.2475,154.2179,62.3269,0.780822,0.9621255,0.238704,0.1232482,0.9083684,0.1358497,Nothing
92.46532,24,2,3,0,0.7162411,0.9085963,0.2037794,342.2857,154.2127,62.31434,0.7799855,0.9620742,0.2388964,0.1264239,0.9035968,0.1282074,Nothing
92.47357,24,2,3,0,0.7161922,0.9087187,0.2035893,342.3162,154.1715,62.32378,0.7794138,0.9620597,0.2388097,0.128195,0.8995563,0.1248891,SelectionStart
92.47359,24,2,3,0,0.7161922,0.9087187,0.2035893,342.3162,154.1715,62.32378,0.7794138,0.9620597,0.2388097,0.128195,0.8995563,0.1248891,SelectionEnd
92.4769,24,2,3,0,0.7161922,0.9087187,0.2035893,342.3162,154.1715,62.32378,0.7794138,0.9620597,0.2388097,0.128195,0.8995563,0.1248891,GotSelection
92.48712,24,2,3,0,0.7160737,0.9087714,0.2035823,342.3154,154.1409,62.3093,0.777779,0.9619038,0.2388119,0.1343408,0.8872845,0.1181166,SelectionStart
92.48714,24,2,3,0,0.7160737,0.9087714,0.2035823,342.3154,154.1409,62.3093,0.777779,0.9619038,0.2388119,0.1343408,0.8872845,0.1181166,SelectionEnd
92.49039,24,2,3,0,0.7160737,0.9087714,0.2035823,342.3154,154.1409,62.3093,0.777779,0.9619038,0.2388119,0.1343408,0.8872845,0.1181166,GotSelection
92.50015,24,2,3,0,0.7157004,0.9084904,0.2037406,342.2701,154.139,62.27241,0.7768121,0.9618926,0.2380288,0.1388675,0.8791631,0.1251136,SelectionStart
92.50017,24,2,3,0,0.7157004,0.9084904,0.2037406,342.2701,154.139,62.27241,0.7768121,0.9618926,0.2380288,0.1388675,0.8791631,0.1251136,SelectionEnd
92.50356,24,2,3,0,0.7157004,0.9084904,0.2037406,342.2701,154.139,62.27241,0.7768121,0.9618926,0.2380288,0.1388675,0.8791631,0.1251136,GotSelection
92.51399,24,2,3,0,0.7154542,0.9084818,0.2038485,342.2415,154.127,62.24325,0.775423,0.9618711,0.2367726,0.143917,0.8634187,0.1325615,SelectionStart
92.51401,24,2,3,0,0.7154542,0.9084818,0.2038485,342.2415,154.127,62.24325,0.775423,0.9618711,0.2367726,0.143917,0.8634187,0.1325615,SelectionEnd
92.51733,24,2,3,0,0.7154542,0.9084818,0.2038485,342.2415,154.127,62.24325,0.775423,0.9618711,0.2367726,0.143917,0.8634187,0.1325615,GotSelection
92.52895,24,2,3,0,0.7153774,0.9085058,0.2038757,342.2508,154.1095,62.22229,0.7742712,0.9621112,0.2350439,0.1506037,0.8471804,0.1441372,SelectionStart
92.52896,24,2,3,0,0.7153774,0.9085058,0.2038757,342.2508,154.1095,62.22229,0.7742712,0.9621112,0.2350439,0.1506037,0.8471804,0.1441372,SelectionEnd
92.53244,24,2,3,0,0.7153774,0.9085058,0.2038757,342.2508,154.1095,62.22229,0.7742712,0.9621112,0.2350439,0.1506037,0.8471804,0.1441372,GotSelection
92.54236,24,2,3,0,0.7154695,0.9085478,0.2038607,342.2854,154.0661,62.24091,0.7725574,0.9621046,0.2325184,0.1592923,0.8201988,0.1584235,SelectionStart
92.54237,24,2,3,0,0.7154695,0.9085478,0.2038607,342.2854,154.0661,62.24091,0.7725574,0.9621046,0.2325184,0.1592923,0.8201988,0.1584235,SelectionEnd
92.54561,24,2,3,0,0.7154695,0.9085478,0.2038607,342.2854,154.0661,62.24091,0.7725574,0.9621046,0.2325184,0.1592923,0.8201988,0.1584235,GotSelection
92.55708,24,2,3,0,0.7156957,0.9087111,0.2039083,342.3286,154.009,62.28896,0.7705675,0.9621403,0.2298898,0.169892,0.7888093,0.1721947,SelectionStart
92.5571,24,2,3,0,0.7156957,0.9087111,0.2039083,342.3286,154.009,62.28896,0.7705675,0.9621403,0.2298898,0.169892,0.7888093,0.1721947,SelectionEnd
92.56038,24,2,3,0,0.7156957,0.9087111,0.2039083,342.3286,154.009,62.28896,0.7705675,0.9621403,0.2298898,0.169892,0.7888093,0.1721947,GotSelection
92.57071,24,2,3,0,0.7157947,0.9087582,0.2039125,342.3531,153.9938,62.30381,0.7691115,0.9617785,0.2280253,0.174377,0.765469,0.1805654,SelectionStart
92.57072,24,2,3,0,0.7157947,0.9087582,0.2039125,342.3531,153.9938,62.30381,0.7691115,0.9617785,0.2280253,0.174377,0.765469,0.1805654,SelectionEnd
92.57407,24,2,3,0,0.7157947,0.9087582,0.2039125,342.3531,153.9938,62.30381,0.7691115,0.9617785,0.2280253,0.174377,0.765469,0.1805654,GotSelection
92.58371,24,2,3,0,0.7150152,0.9079621,0.2036109,342.3409,154.0678,62.2615,0.7676097,0.9612021,0.2257722,0.1790594,0.7510581,0.1946097,SelectionStart
92.58372,24,2,3,0,0.7150152,0.9079621,0.2036109,342.3409,154.0678,62.2615,0.7676097,0.9612021,0.2257722,0.1790594,0.7510581,0.1946097,SelectionEnd
92.58731,24,2,3,0,0.7150152,0.9079621,0.2036109,342.3409,154.0678,62.2615,0.7676097,0.9612021,0.2257722,0.1790594,0.7510581,0.1946097,GotSelection
92.59727,24,2,3,0,0.7151984,0.9083452,0.2031799,342.3839,154.0807,62.2401,0.765497,0.9605696,0.222566,0.1817006,0.7148794,0.2054797,SelectionStart
92.59729,24,2,3,0,0.7151984,0.9083452,0.2031799,342.3839,154.0807,62.2401,0.765497,0.9605696,0.222566,0.1817006,0.7148794,0.2054797,SelectionEnd
92.60074,24,2,3,0,0.7151984,0.9083452,0.2031799,342.3839,154.0807,62.2401,0.765497,0.9605696,0.222566,0.1817006,0.7148794,0.2054797,GotSelection
92.64551,24,2,3,0,0.7156061,0.9088359,0.2041953,342.2888,154.1898,62.18713,0.7571927,0.955498,0.2118165,0.176219,0.5630566,0.2541079,SelectionStart
92.64554,24,2,3,0,0.7156061,0.9088359,0.2041953,342.2888,154.1898,62.18713,0.7571927,0.955498,0.2118165,0.176219,0.5630566,0.2541079,SelectionEnd
92.64888,24,2,3,0,0.7156061,0.9088359,0.2041953,342.2888,154.1898,62.18713,0.7571927,0.955498,0.2118165,0.176219,0.5630566,0.2541079,GotSelection
92.65814,24,2,3,0,0.7158101,0.9088205,0.2044812,342.2493,154.2193,62.21086,0.7541705,0.9531868,0.2076325,0.172443,0.5050184,0.2725271,SelectionStart
92.65816,24,2,3,0,0.7158101,0.9088205,0.2044812,342.2493,154.2193,62.21086,0.7541705,0.9531868,0.2076325,0.172443,0.5050184,0.2725271,SelectionEnd
92.66165,24,2,3,0,0.7158101,0.9088205,0.2044812,342.2493,154.2193,62.21086,0.7541705,0.9531868,0.2076325,0.172443,0.5050184,0.2725271,GotSelection
92.67143,24,2,3,0,0.7160277,0.90881,0.2045963,342.2362,154.2335,62.25037,0.7518914,0.9514236,0.2044455,0.1699724,0.4609882,0.2854199,SelectionStart
92.67145,24,2,3,0,0.7160277,0.90881,0.2045963,342.2362,154.2335,62.25037,0.7518914,0.9514236,0.2044455,0.1699724,0.4609882,0.2854199,SelectionEnd
92.67471,24,2,3,0,0.7160277,0.90881,0.2045963,342.2362,154.2335,62.25037,0.7518914,0.9514236,0.2044455,0.1699724,0.4609882,0.2854199,GotSelection
92.68503,24,2,3,0,0.7178586,0.9081866,0.2040816,342.3913,154.1039,62.41317,0.7495695,0.9494334,0.2011188,0.1816486,0.4083728,0.2878832,SelectionStart
92.68504,24,2,3,0,0.7178586,0.9081866,0.2040816,342.3913,154.1039,62.41317,0.7495695,0.9494334,0.2011188,0.1816486,0.4083728,0.2878832,SelectionEnd
92.68843,24,2,3,0,0.7178586,0.9081866,0.2040816,342.3913,154.1039,62.41317,0.7495695,0.9494334,0.2011188,0.1816486,0.4083728,0.2878832,GotSelection
92.69948,24,2,3,0,0.717482,0.908375,0.2047891,342.3547,154.1463,62.50141,0.7468636,0.9469589,0.1966876,0.1696769,0.3517938,0.3147586,SelectionStart
92.69951,24,2,3,0,0.717482,0.908375,0.2047891,342.3547,154.1463,62.50141,0.7468636,0.9469589,0.1966876,0.1696769,0.3517938,0.3147586,SelectionEnd
92.70284,24,2,3,0,0.717482,0.908375,0.2047891,342.3547,154.1463,62.50141,0.7468636,0.9469589,0.1966876,0.1696769,0.3517938,0.3147586,GotSelection
92.71297,24,2,3,0,0.7174305,0.9090915,0.2048561,342.3544,154.0957,62.54774,0.7440412,0.9442471,0.1924936,0.1536938,0.2929454,0.3298489,SelectionStart
92.71298,24,2,3,0,0.7174305,0.9090915,0.2048561,342.3544,154.0957,62.54774,0.7440412,0.9442471,0.1924936,0.1536938,0.2929454,0.3298489,SelectionEnd
92.71635,24,2,3,0,0.7174305,0.9090915,0.2048561,342.3544,154.0957,62.54774,0.7440412,0.9442471,0.1924936,0.1536938,0.2929454,0.3298489,GotSelection
92.72614,24,2,3,0,0.7172127,0.9090228,0.2046555,342.3367,154.1048,62.52838,0.7420138,0.9422318,0.1893873,0.145332,0.2554317,0.3416064,SelectionStart
92.72615,24,2,3,0,0.7172127,0.9090228,0.2046555,342.3367,154.1048,62.52838,0.7420138,0.9422318,0.1893873,0.145332,0.2554317,0.3416064,SelectionEnd
92.72955,24,2,3,0,0.7172127,0.9090228,0.2046555,342.3367,154.1048,62.52838,0.7420138,0.9422318,0.1893873,0.145332,0.2554317,0.3416064,GotSelection
92.74174,24,2,3,0,0.7168326,0.9091936,0.2047733,342.2954,154.1167,62.47935,0.7394392,0.9396509,0.1852573,0.131333,0.2043911,0.3610465,SelectionStart
92.74176,24,2,3,0,0.7168326,0.9091936,0.2047733,342.2954,154.1167,62.47935,0.7394392,0.9396509,0.1852573,0.131333,0.2043911,0.3610465,SelectionEnd
92.74513,24,2,3,0,0.7168326,0.9091936,0.2047733,342.2954,154.1167,62.47935,0.7394392,0.9396509,0.1852573,0.131333,0.2043911,0.3610465,GotSelection
92.75635,24,2,3,0,0.7168783,0.9091552,0.2047149,342.3086,154.1083,62.44862,0.7372761,0.9372019,0.181222,0.1209255,0.1561963,0.3789404,SelectionStart
92.75638,24,2,3,0,0.7168783,0.9091552,0.2047149,342.3086,154.1083,62.44862,0.7372761,0.9372019,0.181222,0.1209255,0.1561963,0.3789404,SelectionEnd
92.75977,24,2,3,0,0.7168783,0.9091552,0.2047149,342.3086,154.1083,62.44862,0.7372761,0.9372019,0.181222,0.1209255,0.1561963,0.3789404,GotSelection
92.76988,24,2,3,0,0.7168112,0.9092136,0.2044039,342.3507,154.0815,62.449,0.7357934,0.9353105,0.1782741,0.1110634,0.1229744,0.3898554,SelectionStart
92.7699,24,2,3,0,0.7168112,0.9092136,0.2044039,342.3507,154.0815,62.449,0.7357934,0.9353105,0.1782741,0.1110634,0.1229744,0.3898554,SelectionEnd
92.77324,24,2,3,0,0.7168112,0.9092136,0.2044039,342.3507,154.0815,62.449,0.7357934,0.9353105,0.1782741,0.1110634,0.1229744,0.3898554,GotSelection
92.78429,24,2,3,0,0.7168314,0.9093027,0.2042366,342.4085,154.0414,62.44435,0.7339967,0.9328861,0.1745685,0.09832372,0.07946439,0.4051901,SelectionStart
92.7843,24,2,3,0,0.7168314,0.9093027,0.2042366,342.4085,154.0414,62.44435,0.7339967,0.9328861,0.1745685,0.09832372,0.07946439,0.4051901,SelectionEnd
92.78763,24,2,3,0,0.7168314,0.9093027,0.2042366,342.4085,154.0414,62.44435,0.7339967,0.9328861,0.1745685,0.09832372,0.07946439,0.4051901,GotSelection
92.827,24,2,3,0,0.716657,0.9094056,0.2036876,342.5047,153.9312,62.41893,0.7301064,0.9278501,0.1661544,0.07219473,-0.01307962,0.4421191,SelectionStart
92.82703,24,2,3,0,0.716657,0.9094056,0.2036876,342.5047,153.9312,62.41893,0.7301064,0.9278501,0.1661544,0.07219473,-0.01307962,0.4421191,SelectionEnd
92.83044,24,2,3,0,0.716657,0.9094056,0.2036876,342.5047,153.9312,62.41893,0.7301064,0.9278501,0.1661544,0.07219473,-0.01307962,0.4421191,GotSelection
92.84065,24,2,3,0,0.7166733,0.9094611,0.2036024,342.5267,153.8959,62.42599,0.729452,0.9269927,0.1645834,0.06770225,-0.03017111,0.4493854,SelectionStart
92.84067,24,2,3,0,0.7166733,0.9094611,0.2036024,342.5267,153.8959,62.42599,0.729452,0.9269927,0.1645834,0.06770225,-0.03017111,0.4493854,SelectionEnd
92.8439,24,2,3,0,0.7166733,0.9094611,0.2036024,342.5267,153.8959,62.42599,0.729452,0.9269927,0.1645834,0.06770225,-0.03017111,0.4493854,GotSelection
92.85461,24,2,3,0,0.7166648,0.9094726,0.2035191,342.5351,153.8553,62.4417,0.728709,0.9258767,0.1622922,0.06137459,-0.05260161,0.4620266,SelectionStart
92.85464,24,2,3,0,0.7166648,0.9094726,0.2035191,342.5351,153.8553,62.4417,0.728709,0.9258767,0.1622922,0.06137459,-0.05260161,0.4620266,SelectionEnd
92.85803,24,2,3,0,0.7166648,0.9094726,0.2035191,342.5351,153.8553,62.4417,0.728709,0.9258767,0.1622922,0.06137459,-0.05260161,0.4620266,GotSelection
92.86794,24,2,3,0,0.7166463,0.9093435,0.2035619,342.5428,153.8442,62.45179,0.7289953,0.9261477,0.1616255,0.06300682,-0.05230106,0.470738,SelectionStart
92.86795,24,2,3,0,0.7166463,0.9093435,0.2035619,342.5428,153.8442,62.45179,0.7289953,0.9261477,0.1616255,0.06300682,-0.05230106,0.470738,SelectionEnd
92.87134,24,2,3,0,0.7166463,0.9093435,0.2035619,342.5428,153.8442,62.45179,0.7289953,0.9261477,0.1616255,0.06300682,-0.05230106,0.470738,GotSelection
92.88254,24,2,3,0,0.7166339,0.9093941,0.2034677,342.5529,153.8616,62.43667,0.7294112,0.9258333,0.1604993,0.05718568,-0.05598674,0.4804905,SelectionStart
92.88255,24,2,3,0,0.7166339,0.9093941,0.2034677,342.5529,153.8616,62.43667,0.7294112,0.9258333,0.1604993,0.05718568,-0.05598674,0.4804905,SelectionEnd
92.88623,24,2,3,0,0.7166339,0.9093941,0.2034677,342.5529,153.8616,62.43667,0.7294112,0.9258333,0.1604993,0.05718568,-0.05598674,0.4804905,GotSelection
92.89597,24,2,3,0,0.7162117,0.9088089,0.2038308,342.5634,153.8827,62.42215,0.7299209,0.9265352,0.1607654,0.06319958,-0.04351178,0.4892887,SelectionStart
92.89598,24,2,3,0,0.7162117,0.9088089,0.2038308,342.5634,153.8827,62.42215,0.7299209,0.9265352,0.1607654,0.06319958,-0.04351178,0.4892887,SelectionEnd
92.8992,24,2,3,0,0.7162117,0.9088089,0.2038308,342.5634,153.8827,62.42215,0.7299209,0.9265352,0.1607654,0.06319958,-0.04351178,0.4892887,GotSelection
92.90887,24,2,3,0,0.7162186,0.9089502,0.2034813,342.6313,153.8984,62.40644,0.7306193,0.9277964,0.1610649,0.06979374,-0.02947801,0.4899615,SelectionStart
92.90891,24,2,3,0,0.7162186,0.9089502,0.2034813,342.6313,153.8984,62.40644,0.7306193,0.9277964,0.1610649,0.06979374,-0.02947801,0.4899615,SelectionEnd
92.91254,24,2,3,0,0.7162186,0.9089502,0.2034813,342.6313,153.8984,62.40644,0.7306193,0.9277964,0.1610649,0.06979374,-0.02947801,0.4899615,GotSelection
92.92497,24,2,3,0,0.7168745,0.9095138,0.2026718,342.7459,153.9966,62.38733,0.7318233,0.9301131,0.1624571,0.08318789,-0.004791393,0.4783259,SelectionStart
92.92499,24,2,3,0,0.7168745,0.9095138,0.2026718,342.7459,153.9966,62.38733,0.7318233,0.9301131,0.1624571,0.08318789,-0.004791393,0.4783259,SelectionEnd
92.92842,24,2,3,0,0.7168745,0.9095138,0.2026718,342.7459,153.9966,62.38733,0.7318233,0.9301131,0.1624571,0.08318789,-0.004791393,0.4783259,GotSelection
92.93857,24,2,3,0,0.717253,0.9101173,0.2021524,342.8119,154.0031,62.39118,0.7329944,0.9320477,0.1639962,0.09152859,0.01821089,0.467614,SelectionStart
92.93858,24,2,3,0,0.717253,0.9101173,0.2021524,342.8119,154.0031,62.39118,0.7329944,0.9320477,0.1639962,0.09152859,0.01821089,0.467614,SelectionEnd
92.94182,24,2,3,0,0.717253,0.9101173,0.2021524,342.8119,154.0031,62.39118,0.7329944,0.9320477,0.1639962,0.09152859,0.01821089,0.467614,GotSelection
92.95161,24,2,3,0,0.7170576,0.9103448,0.2020373,342.8315,154.0215,62.37555,0.7348233,0.9350982,0.1663081,0.1057993,0.05905226,0.463469,SelectionStart
92.95164,24,2,3,0,0.7170576,0.9103448,0.2020373,342.8315,154.0215,62.37555,0.7348233,0.9350982,0.1663081,0.1057993,0.05905226,0.463469,SelectionEnd
92.95503,24,2,3,0,0.7170576,0.9103448,0.2020373,342.8315,154.0215,62.37555,0.7348233,0.9350982,0.1663081,0.1057993,0.05905226,0.463469,GotSelection
92.96585,24,2,3,0,0.7171674,0.9101424,0.202248,342.8316,154.0358,62.40573,0.7366149,0.9377437,0.1688005,0.1220284,0.09648374,0.4592255,SelectionStart
92.96587,24,2,3,0,0.7171674,0.9101424,0.202248,342.8316,154.0358,62.40573,0.7366149,0.9377437,0.1688005,0.1220284,0.09648374,0.4592255,SelectionEnd
92.96915,24,2,3,0,0.7171674,0.9101424,0.202248,342.8316,154.0358,62.40573,0.7366149,0.9377437,0.1688005,0.1220284,0.09648374,0.4592255,GotSelection
93.01263,24,2,3,0,0.7166777,0.9103714,0.2030859,342.6513,154.0918,62.37088,0.7449099,0.947732,0.1794377,0.1604867,0.2574439,0.4409089,SelectionStart
93.01266,24,2,3,0,0.7166777,0.9103714,0.2030859,342.6513,154.0918,62.37088,0.7449099,0.947732,0.1794377,0.1604867,0.2574439,0.4409089,SelectionEnd
93.01627,24,2,3,0,0.7166777,0.9103714,0.2030859,342.6513,154.0918,62.37088,0.7449099,0.947732,0.1794377,0.1604867,0.2574439,0.4409089,GotSelection
93.02733,24,2,3,0,0.7163638,0.9101525,0.2030972,342.589,154.0696,62.37558,0.7479674,0.9513767,0.1834685,0.1765846,0.3208435,0.4322069,SelectionStart
93.02736,24,2,3,0,0.7163638,0.9101525,0.2030972,342.589,154.0696,62.37558,0.7479674,0.9513767,0.1834685,0.1765846,0.3208435,0.4322069,SelectionEnd
93.0307,24,2,3,0,0.7163638,0.9101525,0.2030972,342.589,154.0696,62.37558,0.7479674,0.9513767,0.1834685,0.1765846,0.3208435,0.4322069,GotSelection
93.04158,24,2,3,0,0.7163033,0.9101505,0.2033557,342.5373,154.0448,62.39621,0.7510921,0.9549454,0.1877386,0.1913555,0.3814687,0.4219624,SelectionStart
93.0416,24,2,3,0,0.7163033,0.9101505,0.2033557,342.5373,154.0448,62.39621,0.7510921,0.9549454,0.1877386,0.1913555,0.3814687,0.4219624,SelectionEnd
93.04501,24,2,3,0,0.7163033,0.9101505,0.2033557,342.5373,154.0448,62.39621,0.7510921,0.9549454,0.1877386,0.1913555,0.3814687,0.4219624,GotSelection
93.05438,24,2,3,0,0.7162437,0.9101302,0.2035951,342.4861,154.039,62.40238,0.7534243,0.9575081,0.1911018,0.201506,0.4271971,0.4130874,SelectionStart
93.0544,24,2,3,0,0.7162437,0.9101302,0.2035951,342.4861,154.039,62.40238,0.7534243,0.9575081,0.1911018,0.201506,0.4271971,0.4130874,SelectionEnd
93.05766,24,2,3,0,0.7162437,0.9101302,0.2035951,342.4861,154.039,62.40238,0.7534243,0.9575081,0.1911018,0.201506,0.4271971,0.4130874,GotSelection
93.06808,24,2,3,0,0.7166868,0.9095352,0.2037152,342.4316,154.0151,62.41974,0.7557806,0.9601643,0.194468,0.2201734,0.4728504,0.4033432,SelectionStart
93.0681,24,2,3,0,0.7166868,0.9095352,0.2037152,342.4316,154.0151,62.41974,0.7557806,0.9601643,0.194468,0.2201734,0.4728504,0.4033432,SelectionEnd
93.07149,24,2,3,0,0.7166868,0.9095352,0.2037152,342.4316,154.0151,62.41974,0.7557806,0.9601643,0.194468,0.2201734,0.4728504,0.4033432,GotSelection
93.08284,24,2,3,0,0.7166518,0.9093595,0.2038198,342.3849,154.0124,62.41824,0.7589493,0.9633496,0.1989067,0.2330837,0.5345969,0.3898393,SelectionStart
93.08286,24,2,3,0,0.7166518,0.9093595,0.2038198,342.3849,154.0124,62.41824,0.7589493,0.9633496,0.1989067,0.2330837,0.5345969,0.3898393,SelectionEnd
93.08618,24,2,3,0,0.7166518,0.9093595,0.2038198,342.3849,154.0124,62.41824,0.7589493,0.9633496,0.1989067,0.2330837,0.5345969,0.3898393,GotSelection
93.09756,24,2,3,0,0.7167354,0.9091921,0.2038666,342.3586,154.007,62.42088,0.7625876,0.9664676,0.2030457,0.2435102,0.5974118,0.3796246,SelectionStart
93.09758,24,2,3,0,0.7167354,0.9091921,0.2038666,342.3586,154.007,62.42088,0.7625876,0.9664676,0.2030457,0.2435102,0.5974118,0.3796246,SelectionEnd
93.10263,24,2,3,0,0.7167354,0.9091921,0.2038666,342.3586,154.007,62.42088,0.7625876,0.9664676,0.2030457,0.2435102,0.5974118,0.3796246,GotSelection
93.12381,24,2,3,0,0.7175195,0.9089662,0.2038887,342.3867,154.0931,62.46723,0.7663761,0.970354,0.2092348,0.2657774,0.6710207,0.3503044,SelectionStart
93.12384,24,2,3,0,0.7175195,0.9089662,0.2038887,342.3867,154.0931,62.46723,0.7663761,0.970354,0.2092348,0.2657774,0.6710207,0.3503044,SelectionEnd
93.1277,24,2,3,0,0.7175195,0.9089662,0.2038887,342.3867,154.0931,62.46723,0.7663761,0.970354,0.2092348,0.2657774,0.6710207,0.3503044,GotSelection
93.14014,24,2,3,0,0.7170919,0.9091544,0.2039172,342.3957,154.0844,62.4866,0.7697492,0.9735884,0.2141407,0.2736194,0.7387118,0.3331785,SelectionStart
93.14015,24,2,3,0,0.7170919,0.9091544,0.2039172,342.3957,154.0844,62.4866,0.7697492,0.9735884,0.2141407,0.2736194,0.7387118,0.3331785,SelectionEnd
93.14355,24,2,3,0,0.7170919,0.9091544,0.2039172,342.3957,154.0844,62.4866,0.7697492,0.9735884,0.2141407,0.2736194,0.7387118,0.3331785,GotSelection
93.15396,24,2,3,0,0.7176206,0.9090921,0.2033003,342.5072,154.0101,62.5284,0.7713158,0.9754681,0.2169686,0.2870927,0.7731134,0.3129485,SelectionStart
93.15399,24,2,3,0,0.7176206,0.9090921,0.2033003,342.5072,154.0101,62.5284,0.7713158,0.9754681,0.2169686,0.2870927,0.7731134,0.3129485,SelectionEnd
93.15782,24,2,3,0,0.7176206,0.9090921,0.2033003,342.5072,154.0101,62.5284,0.7713158,0.9754681,0.2169686,0.2870927,0.7731134,0.3129485,GotSelection
93.16837,24,2,3,0,0.7178215,0.9090512,0.2032973,342.495,154.0355,62.54127,0.7732864,0.9780019,0.2206603,0.3013181,0.8172992,0.2959646,SelectionStart
93.16838,24,2,3,0,0.7178215,0.9090512,0.2032973,342.495,154.0355,62.54127,0.7732864,0.9780019,0.2206603,0.3013181,0.8172992,0.2959646,SelectionEnd
93.17169,24,2,3,0,0.7178215,0.9090512,0.2032973,342.495,154.0355,62.54127,0.7732864,0.9780019,0.2206603,0.3013181,0.8172992,0.2959646,GotSelection
93.21056,24,2,3,0,0.7181482,0.9091688,0.203152,342.5108,154.1514,62.507,0.7782758,0.9847227,0.2299123,0.3365432,0.9316453,0.2523905,SelectionStart
93.21059,24,2,3,0,0.7181482,0.9091688,0.203152,342.5108,154.1514,62.507,0.7782758,0.9847227,0.2299123,0.3365432,0.9316453,0.2523905,SelectionEnd
93.21399,24,2,3,0,0.7181482,0.9091688,0.203152,342.5108,154.1514,62.507,0.7782758,0.9847227,0.2299123,0.3365432,0.9316453,0.2523905,GotSelection
93.22504,24,2,3,0,0.7183495,0.9092375,0.2030257,342.5422,154.1972,62.49955,0.7792979,0.9861853,0.2322307,0.3452237,0.9570289,0.2378039,SelectionStart
93.22507,24,2,3,0,0.7183495,0.9092375,0.2030257,342.5422,154.1972,62.49955,0.7792979,0.9861853,0.2322307,0.3452237,0.9570289,0.2378039,SelectionEnd
93.22882,24,2,3,0,0.7183495,0.9092375,0.2030257,342.5422,154.1972,62.49955,0.7792979,0.9861853,0.2322307,0.3452237,0.9570289,0.2378039,GotSelection
93.23804,24,2,3,0,0.7185317,0.9093067,0.2028406,342.5688,154.2147,62.48964,0.7795466,0.9874038,0.2350049,0.355929,0.9782456,0.215114,SelectionStart
93.23805,24,2,3,0,0.7185317,0.9093067,0.2028406,342.5688,154.2147,62.48964,0.7795466,0.9874038,0.2350049,0.355929,0.9782456,0.215114,SelectionEnd
93.24142,24,2,3,0,0.7185317,0.9093067,0.2028406,342.5688,154.2147,62.48964,0.7795466,0.9874038,0.2350049,0.355929,0.9782456,0.215114,GotSelection
93.25058,24,2,3,0,0.7186361,0.9093477,0.2027719,342.5833,154.2366,62.48593,0.7793151,0.9880956,0.2363138,0.3639677,0.9858868,0.2031519,SelectionStart
93.2506,24,2,3,0,0.7186361,0.9093477,0.2027719,342.5833,154.2366,62.48593,0.7793151,0.9880956,0.2363138,0.3639677,0.9858868,0.2031519,SelectionEnd
93.25391,24,2,3,0,0.7186361,0.9093477,0.2027719,342.5833,154.2366,62.48593,0.7793151,0.9880956,0.2363138,0.3639677,0.9858868,0.2031519,GotSelection
93.26552,24,2,3,0,0.7185619,0.9093762,0.2027487,342.5958,154.2516,62.48824,0.7789487,0.9888322,0.2380217,0.3724738,0.9958931,0.1885519,SelectionStart
93.26553,24,2,3,0,0.7185619,0.9093762,0.2027487,342.5958,154.2516,62.48824,0.7789487,0.9888322,0.2380217,0.3724738,0.9958931,0.1885519,SelectionEnd
93.26898,24,2,3,0,0.7185619,0.9093762,0.2027487,342.5958,154.2516,62.48824,0.7789487,0.9888322,0.2380217,0.3724738,0.9958931,0.1885519,GotSelection
93.27849,24,2,3,0,0.7185791,0.9093455,0.2027543,342.5924,154.2761,62.48496,0.7782481,0.9890681,0.2385216,0.3788858,0.9942861,0.1817548,SelectionStart
93.27852,24,2,3,0,0.7185791,0.9093455,0.2027543,342.5924,154.2761,62.48496,0.7782481,0.9890681,0.2385216,0.3788858,0.9942861,0.1817548,SelectionEnd
93.28188,24,2,3,0,0.7185791,0.9093455,0.2027543,342.5924,154.2761,62.48496,0.7782481,0.9890681,0.2385216,0.3788858,0.9942861,0.1817548,GotSelection
93.29269,24,2,3,0,0.7186053,0.9091976,0.2029195,342.5669,154.2887,62.48592,0.7765366,0.9886976,0.2385079,0.386309,0.9792191,0.1755123,SelectionStart
93.29271,24,2,3,0,0.7186053,0.9091976,0.2029195,342.5669,154.2887,62.48592,0.7765366,0.9886976,0.2385079,0.386309,0.9792191,0.1755123,SelectionEnd
93.2961,24,2,3,0,0.7186053,0.9091976,0.2029195,342.5669,154.2887,62.48592,0.7765366,0.9886976,0.2385079,0.386309,0.9792191,0.1755123,GotSelection
93.30806,24,2,3,0,0.7185118,0.9090407,0.2030618,342.5143,154.3194,62.47974,0.7741111,0.9878646,0.2373645,0.3924717,0.9518981,0.1752579,SelectionStart
93.30807,24,2,3,0,0.7185118,0.9090407,0.2030618,342.5143,154.3194,62.47974,0.7741111,0.9878646,0.2373645,0.3924717,0.9518981,0.1752579,SelectionEnd
93.31161,24,2,3,0,0.7185118,0.9090407,0.2030618,342.5143,154.3194,62.47974,0.7741111,0.9878646,0.2373645,0.3924717,0.9518981,0.1752579,GotSelection
93.32161,24,2,3,0,0.7185501,0.9089652,0.2032479,342.4449,154.3077,62.5088,0.7718166,0.9868529,0.2357,0.3965318,0.9201736,0.1798428,SelectionStart
93.32162,24,2,3,0,0.7185501,0.9089652,0.2032479,342.4449,154.3077,62.5088,0.7718166,0.9868529,0.2357,0.3965318,0.9201736,0.1798428,SelectionEnd
93.32492,24,2,3,0,0.7185501,0.9089652,0.2032479,342.4449,154.3077,62.5088,0.7718166,0.9868529,0.2357,0.3965318,0.9201736,0.1798428,GotSelection
93.3347,24,2,3,0,0.7185395,0.9088032,0.2035309,342.3708,154.2971,62.54057,0.7683908,0.9853516,0.2326458,0.4023455,0.8707021,0.1916569,SelectionStart
93.33472,24,2,3,0,0.7185395,0.9088032,0.2035309,342.3708,154.2971,62.54057,0.7683908,0.9853516,0.2326458,0.4023455,0.8707021,0.1916569,SelectionEnd
93.33815,24,2,3,0,0.7185395,0.9088032,0.2035309,342.3708,154.2971,62.54057,0.7683908,0.9853516,0.2326458,0.4023455,0.8707021,0.1916569,GotSelection
93.34908,24,2,3,0,0.7186253,0.9086732,0.2038167,342.3184,154.3089,62.57087,0.7649767,0.9832683,0.2288499,0.4030311,0.814005,0.2071854,SelectionStart
93.34911,24,2,3,0,0.7186253,0.9086732,0.2038167,342.3184,154.3089,62.57087,0.7649767,0.9832683,0.2288499,0.4030311,0.814005,0.2071854,SelectionEnd
93.35263,24,2,3,0,0.7186253,0.9086732,0.2038167,342.3184,154.3089,62.57087,0.7649767,0.9832683,0.2288499,0.4030311,0.814005,0.2071854,GotSelection
93.39435,24,2,3,0,0.7189866,0.9081494,0.2046797,342.1563,154.2914,62.6894,0.7506471,0.9729156,0.2113949,0.3903416,0.5625408,0.2770813,SelectionStart
93.39438,24,2,3,0,0.7189866,0.9081494,0.2046797,342.1563,154.2914,62.6894,0.7506471,0.9729156,0.2113949,0.3903416,0.5625408,0.2770813,SelectionEnd
93.39774,24,2,3,0,0.7189866,0.9081494,0.2046797,342.1563,154.2914,62.6894,0.7506471,0.9729156,0.2113949,0.3903416,0.5625408,0.2770813,GotSelection
93.40741,24,2,3,0,0.7190759,0.9081112,0.2047685,342.1557,154.2789,62.70373,0.7470428,0.9686766,0.2061851,0.3717358,0.4881474,0.2948116,SelectionStart
93.40742,24,2,3,0,0.7190759,0.9081112,0.2047685,342.1557,154.2789,62.70373,0.7470428,0.9686766,0.2061851,0.3717358,0.4881474,0.2948116,SelectionEnd
93.41075,24,2,3,0,0.7190759,0.9081112,0.2047685,342.1557,154.2789,62.70373,0.7470428,0.9686766,0.2061851,0.3717358,0.4881474,0.2948116,GotSelection
93.42043,24,2,3,0,0.7188473,0.9081458,0.2050163,342.1567,154.2276,62.72577,0.7425869,0.9633591,0.1991483,0.3451962,0.3940651,0.3241506,SelectionStart
93.42044,24,2,3,0,0.7188473,0.9081458,0.2050163,342.1567,154.2276,62.72577,0.7425869,0.9633591,0.1991483,0.3451962,0.3940651,0.3241506,SelectionEnd
93.42371,24,2,3,0,0.7188473,0.9081458,0.2050163,342.1567,154.2276,62.72577,0.7425869,0.9633591,0.1991483,0.3451962,0.3940651,0.3241506,GotSelection
93.43336,24,2,3,0,0.7187773,0.9081438,0.2049307,342.177,154.2092,62.722,0.7392316,0.9591157,0.1937362,0.3239897,0.3225538,0.3434899,SelectionStart
93.4334,24,2,3,0,0.7187773,0.9081438,0.2049307,342.177,154.2092,62.722,0.7392316,0.9591157,0.1937362,0.3239897,0.3225538,0.3434899,SelectionEnd
93.43669,24,2,3,0,0.7187773,0.9081438,0.2049307,342.177,154.2092,62.722,0.7392316,0.9591157,0.1937362,0.3239897,0.3225538,0.3434899,GotSelection
93.44724,24,2,3,0,0.7186911,0.9082226,0.2047033,342.2179,154.204,62.69616,0.7360117,0.9548063,0.1885242,0.3008932,0.2535354,0.3598685,SelectionStart
93.44725,24,2,3,0,0.7186911,0.9082226,0.2047033,342.2179,154.204,62.69616,0.7360117,0.9548063,0.1885242,0.3008932,0.2535354,0.3598685,SelectionEnd
93.45056,24,2,3,0,0.7186911,0.9082226,0.2047033,342.2179,154.204,62.69616,0.7360117,0.9548063,0.1885242,0.3008932,0.2535354,0.3598685,GotSelection
93.46208,24,2,3,0,0.7188368,0.9085599,0.2043904,342.2838,154.1927,62.67677,0.7322165,0.9492798,0.1815485,0.2689477,0.1630797,0.3828578,SelectionStart
93.4621,24,2,3,0,0.7188368,0.9085599,0.2043904,342.2838,154.1927,62.67677,0.7322165,0.9492798,0.1815485,0.2689477,0.1630797,0.3828578,SelectionEnd
93.46536,24,2,3,0,0.7188368,0.9085599,0.2043904,342.2838,154.1927,62.67677,0.7322165,0.9492798,0.1815485,0.2689477,0.1630797,0.3828578,GotSelection
93.47556,24,2,3,0,0.7188852,0.9087155,0.2041962,342.3414,154.1835,62.66288,0.7289906,0.9438965,0.1746888,0.2362697,0.07903569,0.4098722,SelectionStart
93.47557,24,2,3,0,0.7188852,0.9087155,0.2041962,342.3414,154.1835,62.66288,0.7289906,0.9438965,0.1746888,0.2362697,0.07903569,0.4098722,SelectionEnd
93.47896,24,2,3,0,0.7188852,0.9087155,0.2041962,342.3414,154.1835,62.66288,0.7289906,0.9438965,0.1746888,0.2362697,0.07903569,0.4098722,GotSelection
93.49135,24,2,3,0,0.7191626,0.9090513,0.203788,342.4395,154.1575,62.66137,0.7265991,0.9391246,0.1689313,0.2050283,0.008364349,0.4292225,SelectionStart
93.49138,24,2,3,0,0.7191626,0.9090513,0.203788,342.4395,154.1575,62.66137,0.7265991,0.9391246,0.1689313,0.2050283,0.008364349,0.4292225,SelectionEnd
93.49463,24,2,3,0,0.7191626,0.9090513,0.203788,342.4395,154.1575,62.66137,0.7265991,0.9391246,0.1689313,0.2050283,0.008364349,0.4292225,GotSelection
93.50479,24,2,3,0,0.718937,0.9090068,0.2032277,342.4868,154.1647,62.62852,0.7247404,0.9358122,0.1646623,0.1843948,-0.0375997,0.4445983,SelectionStart
93.50481,24,2,3,0,0.718937,0.9090068,0.2032277,342.4868,154.1647,62.62852,0.7247404,0.9358122,0.1646623,0.1843948,-0.0375997,0.4445983,SelectionEnd
93.50807,24,2,3,0,0.718937,0.9090068,0.2032277,342.4868,154.1647,62.62852,0.7247404,0.9358122,0.1646623,0.1843948,-0.0375997,0.4445983,GotSelection
93.51772,24,2,3,0,0.7189982,0.9092391,0.2028756,342.5451,154.1678,62.59875,0.723039,0.9318791,0.1595845,0.156462,-0.09386255,0.46563,SelectionStart
93.51773,24,2,3,0,0.7189982,0.9092391,0.2028756,342.5451,154.1678,62.59875,0.723039,0.9318791,0.1595845,0.156462,-0.09386255,0.46563,SelectionEnd
93.5215,24,2,3,0,0.7189982,0.9092391,0.2028756,342.5451,154.1678,62.59875,0.723039,0.9318791,0.1595845,0.156462,-0.09386255,0.46563,GotSelection
93.5329,24,2,3,0,0.7188637,0.9092732,0.2027042,342.5621,154.1684,62.57757,0.7220476,0.9297055,0.1566061,0.1410709,-0.1247261,0.4798098,SelectionStart
93.53291,24,2,3,0,0.7188637,0.9092732,0.2027042,342.5621,154.1684,62.57757,0.7220476,0.9297055,0.1566061,0.1410709,-0.1247261,0.4798098,SelectionEnd
93.53636,24,2,3,0,0.7188637,0.9092732,0.2027042,342.5621,154.1684,62.57757,0.7220476,0.9297055,0.1566061,0.1410709,-0.1247261,0.4798098,GotSelection
93.57753,24,2,3,0,0.7193419,0.909436,0.2020499,342.6959,154.25,62.60122,0.7197105,0.9241197,0.1478007,0.1039948,-0.2131005,0.5220404,SelectionStart
93.57755,24,2,3,0,0.7193419,0.909436,0.2020499,342.6959,154.25,62.60122,0.7197105,0.9241197,0.1478007,0.1039948,-0.2131005,0.5220404,SelectionEnd
93.58078,24,2,3,0,0.7193419,0.909436,0.2020499,342.6959,154.25,62.60122,0.7197105,0.9241197,0.1478007,0.1039948,-0.2131005,0.5220404,GotSelection
93.59114,24,2,3,0,0.7196886,0.9096087,0.2017547,342.7564,154.2824,62.61496,0.7192296,0.9246098,0.1479238,0.1116382,-0.2153039,0.515963,SelectionStart
93.59116,24,2,3,0,0.7196886,0.9096087,0.2017547,342.7564,154.2824,62.61496,0.7192296,0.9246098,0.1479238,0.1116382,-0.2153039,0.515963,SelectionEnd
93.59438,24,2,3,0,0.7196886,0.9096087,0.2017547,342.7564,154.2824,62.61496,0.7192296,0.9246098,0.1479238,0.1116382,-0.2153039,0.515963,GotSelection
93.60414,24,2,3,0,0.7200446,0.9097993,0.2014859,342.8387,154.3033,62.63079,0.7193117,0.9254537,0.1479403,0.1193681,-0.2125146,0.5143499,SelectionStart
93.60416,24,2,3,0,0.7200446,0.9097993,0.2014859,342.8387,154.3033,62.63079,0.7193117,0.9254537,0.1479403,0.1193681,-0.2125146,0.5143499,SelectionEnd
93.60741,24,2,3,0,0.7200446,0.9097993,0.2014859,342.8387,154.3033,62.63079,0.7193117,0.9254537,0.1479403,0.1193681,-0.2125146,0.5143499,GotSelection
93.61821,24,2,3,0,0.7202331,0.9098767,0.2011043,342.9127,154.3345,62.62574,0.7199365,0.9271036,0.1493151,0.1317343,-0.1925533,0.5055847,SelectionStart
93.61824,24,2,3,0,0.7202331,0.9098767,0.2011043,342.9127,154.3345,62.62574,0.7199365,0.9271036,0.1493151,0.1317343,-0.1925533,0.5055847,SelectionEnd
93.62157,24,2,3,0,0.7202331,0.9098767,0.2011043,342.9127,154.3345,62.62574,0.7199365,0.9271036,0.1493151,0.1317343,-0.1925533,0.5055847,GotSelection
93.6328,24,2,3,0,0.720525,0.9101436,0.2005466,343.0377,154.3756,62.61004,0.7208447,0.929322,0.1516677,0.1471897,-0.1633057,0.488483,SelectionStart
93.63281,24,2,3,0,0.720525,0.9101436,0.2005466,343.0377,154.3756,62.61004,0.7208447,0.929322,0.1516677,0.1471897,-0.1633057,0.488483,SelectionEnd
93.63614,24,2,3,0,0.720525,0.9101436,0.2005466,343.0377,154.3756,62.61004,0.7208447,0.929322,0.1516677,0.1471897,-0.1633057,0.488483,GotSelection
93.64818,24,2,3,0,0.7207185,0.9103159,0.1999671,343.1493,154.4383,62.57038,0.7218652,0.9322221,0.1547434,0.1682996,-0.1250464,0.4679524,SelectionStart
93.64819,24,2,3,0,0.7207185,0.9103159,0.1999671,343.1493,154.4383,62.57038,0.7218652,0.9322221,0.1547434,0.1682996,-0.1250464,0.4679524,SelectionEnd
93.65157,24,2,3,0,0.7207185,0.9103159,0.1999671,343.1493,154.4383,62.57038,0.7218652,0.9322221,0.1547434,0.1682996,-0.1250464,0.4679524,GotSelection
93.66167,24,2,3,0,0.7204998,0.9105486,0.1996344,343.2343,154.4943,62.51998,0.7228914,0.935232,0.1582498,0.1874308,-0.08261058,0.4475548,SelectionStart
93.66168,24,2,3,0,0.7204998,0.9105486,0.1996344,343.2343,154.4943,62.51998,0.7228914,0.935232,0.1582498,0.1874308,-0.08261058,0.4475548,SelectionEnd
93.66495,24,2,3,0,0.7204998,0.9105486,0.1996344,343.2343,154.4943,62.51998,0.7228914,0.935232,0.1582498,0.1874308,-0.08261058,0.4475548,GotSelection
93.6748,24,2,3,0,0.7206381,0.91089,0.1991537,343.3469,154.5543,62.48931,0.7243923,0.9388064,0.1629042,0.2103608,-0.03059965,0.4173145,SelectionStart
93.67484,24,2,3,0,0.7206381,0.91089,0.1991537,343.3469,154.5543,62.48931,0.7243923,0.9388064,0.1629042,0.2103608,-0.03059965,0.4173145,SelectionEnd
93.67824,24,2,3,0,0.7206381,0.91089,0.1991537,343.3469,154.5543,62.48931,0.7243923,0.9388064,0.1629042,0.2103608,-0.03059965,0.4173145,GotSelection
93.68764,24,2,3,0,0.7207783,0.9110406,0.1988083,343.4192,154.5755,62.48269,0.7259368,0.9423632,0.1675402,0.2342974,0.02123023,0.388962,SelectionStart
93.68765,24,2,3,0,0.7207783,0.9110406,0.1988083,343.4192,154.5755,62.48269,0.7259368,0.9423632,0.1675402,0.2342974,0.02123023,0.388962,SelectionEnd
93.69101,24,2,3,0,0.7207783,0.9110406,0.1988083,343.4192,154.5755,62.48269,0.7259368,0.9423632,0.1675402,0.2342974,0.02123023,0.388962,GotSelection
93.70047,24,2,3,0,0.7214116,0.911274,0.1980292,343.5687,154.5335,62.51558,0.7274653,0.9457528,0.1720685,0.2594613,0.06946111,0.3543174,SelectionStart
93.70049,24,2,3,0,0.7214116,0.911274,0.1980292,343.5687,154.5335,62.51558,0.7274653,0.9457528,0.1720685,0.2594613,0.06946111,0.3543174,SelectionEnd
93.70427,24,2,3,0,0.7214116,0.911274,0.1980292,343.5687,154.5335,62.51558,0.7274653,0.9457528,0.1720685,0.2594613,0.06946111,0.3543174,GotSelection
93.71645,24,2,3,0,0.7212718,0.9115412,0.1977565,343.6712,154.557,62.49978,0.7305229,0.9508724,0.1797685,0.2871727,0.1566933,0.3107516,SelectionStart
93.71646,24,2,3,0,0.7212718,0.9115412,0.1977565,343.6712,154.557,62.49978,0.7305229,0.9508724,0.1797685,0.2871727,0.1566933,0.3107516,SelectionEnd
93.71986,24,2,3,0,0.7212718,0.9115412,0.1977565,343.6712,154.557,62.49978,0.7305229,0.9508724,0.1797685,0.2871727,0.1566933,0.3107516,GotSelection
93.76007,24,2,3,0,0.7205855,0.9119207,0.1969949,343.8193,154.646,62.37739,0.7391782,0.9632151,0.1982967,0.3460861,0.3809833,0.2123064,SelectionStart
93.7601,24,2,3,0,0.7205855,0.9119207,0.1969949,343.8193,154.646,62.37739,0.7391782,0.9632151,0.1982967,0.3460861,0.3809833,0.2123064,SelectionEnd
93.76357,24,2,3,0,0.7205855,0.9119207,0.1969949,343.8193,154.646,62.37739,0.7391782,0.9632151,0.1982967,0.3460861,0.3809833,0.2123064,GotSelection
93.77451,24,2,3,0,0.7208505,0.9120114,0.1968233,343.8607,154.6548,62.37855,0.7418246,0.9663849,0.2035226,0.3615536,0.4404615,0.1828495,SelectionStart
93.77452,24,2,3,0,0.7208505,0.9120114,0.1968233,343.8607,154.6548,62.37855,0.7418246,0.9663849,0.2035226,0.3615536,0.4404615,0.1828495,SelectionEnd
93.77789,24,2,3,0,0.7208505,0.9120114,0.1968233,343.8607,154.6548,62.37855,0.7418246,0.9663849,0.2035226,0.3615536,0.4404615,0.1828495,GotSelection
93.78917,24,2,3,0,0.7207961,0.9122367,0.196675,343.9083,154.6444,62.35921,0.7454866,0.9706109,0.2103718,0.3780484,0.522478,0.1473815,SelectionStart
93.7892,24,2,3,0,0.7207961,0.9122367,0.196675,343.9083,154.6444,62.35921,0.7454866,0.9706109,0.2103718,0.3780484,0.522478,0.1473815,SelectionEnd
93.79343,24,2,3,0,0.7207961,0.9122367,0.196675,343.9083,154.6444,62.35921,0.7454866,0.9706109,0.2103718,0.3780484,0.522478,0.1473815,GotSelection
93.80464,24,2,3,0,0.7207235,0.9123557,0.196569,343.9427,154.6499,62.32447,0.7492336,0.9744844,0.2171745,0.3915597,0.6037965,0.1124263,SelectionStart
93.80466,24,2,3,0,0.7207235,0.9123557,0.196569,343.9427,154.6499,62.32447,0.7492336,0.9744844,0.2171745,0.3915597,0.6037965,0.1124263,SelectionEnd
93.8082,24,2,3,0,0.7207235,0.9123557,0.196569,343.9427,154.6499,62.32447,0.7492336,0.9744844,0.2171745,0.3915597,0.6037965,0.1124263,GotSelection
93.81842,24,2,3,0,0.7208104,0.9125476,0.1963197,343.9975,154.643,62.31286,0.7530866,0.978039,0.2237018,0.4020609,0.682104,0.07708908,SelectionStart
93.81845,24,2,3,0,0.7208104,0.9125476,0.1963197,343.9975,154.643,62.31286,0.7530866,0.978039,0.2237018,0.4020609,0.682104,0.07708908,SelectionEnd
93.82181,24,2,3,0,0.7208104,0.9125476,0.1963197,343.9975,154.643,62.31286,0.7530866,0.978039,0.2237018,0.4020609,0.682104,0.07708908,GotSelection
93.83324,24,2,3,0,0.7208839,0.912662,0.1961948,344.0323,154.6265,62.30846,0.7557929,0.9804081,0.2285393,0.4085684,0.7375214,0.05021049,SelectionStart
93.83325,24,2,3,0,0.7208839,0.912662,0.1961948,344.0323,154.6265,62.30846,0.7557929,0.9804081,0.2285393,0.4085684,0.7375214,0.05021049,SelectionEnd
93.83678,24,2,3,0,0.7208839,0.912662,0.1961948,344.0323,154.6265,62.30846,0.7557929,0.9804081,0.2285393,0.4085684,0.7375214,0.05021049,GotSelection
93.84859,24,2,3,0,0.7208932,0.9127329,0.1960569,344.0701,154.6094,62.30228,0.7598307,0.9831315,0.2339896,0.4111164,0.808536,0.02472683,SelectionStart
93.84862,24,2,3,0,0.7208932,0.9127329,0.1960569,344.0701,154.6094,62.30228,0.7598307,0.9831315,0.2339896,0.4111164,0.808536,0.02472683,SelectionEnd
93.85219,24,2,3,0,0.7208932,0.9127329,0.1960569,344.0701,154.6094,62.30228,0.7598307,0.9831315,0.2339896,0.4111164,0.808536,0.02472683,GotSelection
93.86354,24,2,3,0,0.7209744,0.9128223,0.1958351,344.1091,154.6397,62.2851,0.7632545,0.9855843,0.2396048,0.4148389,0.8742542,-0.007147431,SelectionStart
93.86357,24,2,3,0,0.7209744,0.9128223,0.1958351,344.1091,154.6397,62.2851,0.7632545,0.9855843,0.2396048,0.4148389,0.8742542,-0.007147431,SelectionEnd
93.86723,24,2,3,0,0.7209744,0.9128223,0.1958351,344.1091,154.6397,62.2851,0.7632545,0.9855843,0.2396048,0.4148389,0.8742542,-0.007147431,GotSelection
93.87686,24,2,3,0,0.7209627,0.9129012,0.1956874,344.1364,154.6766,62.26337,0.7656158,0.9872658,0.2444004,0.4168802,0.9245939,-0.03729627,SelectionStart
93.87688,24,2,3,0,0.7209627,0.9129012,0.1956874,344.1364,154.6766,62.26337,0.7656158,0.9872658,0.2444004,0.4168802,0.9245939,-0.03729627,SelectionEnd
93.88019,24,2,3,0,0.7209627,0.9129012,0.1956874,344.1364,154.6766,62.26337,0.7656158,0.9872658,0.2444004,0.4168802,0.9245939,-0.03729627,GotSelection
93.89117,24,2,3,0,0.7210175,0.9128364,0.1957528,344.1264,154.7047,62.24706,0.7671507,0.9881755,0.2472091,0.4178547,0.9541627,-0.05286369,SelectionStart
93.89119,24,2,3,0,0.7210175,0.9128364,0.1957528,344.1264,154.7047,62.24706,0.7671507,0.9881755,0.2472091,0.4178547,0.9541627,-0.05286369,SelectionEnd
93.89462,24,2,3,0,0.7210175,0.9128364,0.1957528,344.1264,154.7047,62.24706,0.7671507,0.9881755,0.2472091,0.4178547,0.9541627,-0.05286369,GotSelection
93.9043,24,2,3,0,0.7210888,0.9128469,0.195809,344.1192,154.7589,62.22815,0.7690181,0.9896226,0.2507118,0.4213893,0.9917107,-0.07241745,SelectionStart
93.90431,24,2,3,0,0.7210888,0.9128469,0.195809,344.1192,154.7589,62.22815,0.7690181,0.9896226,0.2507118,0.4213893,0.9917107,-0.07241745,SelectionEnd
93.90773,24,2,3,0,0.7210888,0.9128469,0.195809,344.1192,154.7589,62.22815,0.7690181,0.9896226,0.2507118,0.4213893,0.9917107,-0.07241745,GotSelection
93.95178,24,2,3,0,0.7210707,0.912825,0.1962515,344.007,154.7158,62.25966,0.7700507,0.9909166,0.2532787,0.4280913,1.016381,-0.08102722,SelectionStart
93.9518,24,2,3,0,0.7210707,0.912825,0.1962515,344.007,154.7158,62.25966,0.7700507,0.9909166,0.2532787,0.4280913,1.016381,-0.08102722,SelectionEnd
93.95514,24,2,3,0,0.7210707,0.912825,0.1962515,344.007,154.7158,62.25966,0.7700507,0.9909166,0.2532787,0.4280913,1.016381,-0.08102722,GotSelection
93.96571,24,2,3,0,0.7209218,0.9126241,0.1965394,343.9695,154.6892,62.26205,0.7690028,0.9903952,0.2515481,0.4296177,0.9979923,-0.06693805,SelectionStart
93.96573,24,2,3,0,0.7209218,0.9126241,0.1965394,343.9695,154.6892,62.26205,0.7690028,0.9903952,0.2515481,0.4296177,0.9979923,-0.06693805,SelectionEnd
93.96907,24,2,3,0,0.7209218,0.9126241,0.1965394,343.9695,154.6892,62.26205,0.7690028,0.9903952,0.2515481,0.4296177,0.9979923,-0.06693805,GotSelection
93.97923,24,2,3,0,0.7207861,0.9125718,0.1967996,343.9337,154.6618,62.25368,0.7678578,0.9899961,0.2498039,0.4313133,0.978781,-0.05355059,SelectionStart
93.97925,24,2,3,0,0.7207861,0.9125718,0.1967996,343.9337,154.6618,62.25368,0.7678578,0.9899961,0.2498039,0.4313133,0.978781,-0.05355059,SelectionEnd
93.98259,24,2,3,0,0.7207861,0.9125718,0.1967996,343.9337,154.6618,62.25368,0.7678578,0.9899961,0.2498039,0.4313133,0.978781,-0.05355059,GotSelection
93.99167,24,2,3,0,0.7205968,0.9126315,0.1968726,343.9211,154.6501,62.23494,0.7653805,0.9893849,0.2468747,0.4367258,0.943347,-0.03813694,SelectionStart
93.99168,24,2,3,0,0.7205968,0.9126315,0.1968726,343.9211,154.6501,62.23494,0.7653805,0.9893849,0.2468747,0.4367258,0.943347,-0.03813694,SelectionEnd
93.9949,24,2,3,0,0.7205968,0.9126315,0.1968726,343.9211,154.6501,62.23494,0.7653805,0.9893849,0.2468747,0.4367258,0.943347,-0.03813694,GotSelection
94.00589,24,2,3,0,0.7204766,0.91261,0.1972054,343.886,154.5925,62.23535,0.7626669,0.9881835,0.2430213,0.4392214,0.8972405,-0.0142054,SelectionStart
94.00592,24,2,3,0,0.7204766,0.91261,0.1972054,343.886,154.5925,62.23535,0.7626669,0.9881835,0.2430213,0.4392214,0.8972405,-0.0142054,SelectionEnd
94.00922,24,2,3,0,0.7204766,0.91261,0.1972054,343.886,154.5925,62.23535,0.7626669,0.9881835,0.2430213,0.4392214,0.8972405,-0.0142054,GotSelection
94.01973,24,2,3,0,0.7204634,0.9124866,0.1975875,343.8264,154.5578,62.25344,0.7600453,0.9864454,0.2389259,0.4383352,0.847323,0.01102317,SelectionStart
94.01976,24,2,3,0,0.7204634,0.9124866,0.1975875,343.8264,154.5578,62.25344,0.7600453,0.9864454,0.2389259,0.4383352,0.847323,0.01102317,SelectionEnd
94.02362,24,2,3,0,0.7204634,0.9124866,0.1975875,343.8264,154.5578,62.25344,0.7600453,0.9864454,0.2389259,0.4383352,0.847323,0.01102317,GotSelection
94.03459,24,2,3,0,0.7203333,0.9125299,0.1980784,343.742,154.5274,62.26224,0.7561341,0.9847757,0.2339844,0.4424924,0.7832224,0.03966732,SelectionStart
94.03462,24,2,3,0,0.7203333,0.9125299,0.1980784,343.742,154.5274,62.26224,0.7561341,0.9847757,0.2339844,0.4424924,0.7832224,0.03966732,SelectionEnd
94.03793,24,2,3,0,0.7203333,0.9125299,0.1980784,343.742,154.5274,62.26224,0.7561341,0.9847757,0.2339844,0.4424924,0.7832224,0.03966732,GotSelection
94.04924,24,2,3,0,0.7203845,0.9123049,0.1987098,343.6415,154.5129,62.30909,0.7523627,0.9823008,0.2278372,0.4423212,0.7091212,0.07844297,SelectionStart
94.04926,24,2,3,0,0.7203845,0.9123049,0.1987098,343.6415,154.5129,62.30909,0.7523627,0.9823008,0.2278372,0.4423212,0.7091212,0.07844297,SelectionEnd
94.05255,24,2,3,0,0.7203845,0.9123049,0.1987098,343.6415,154.5129,62.30909,0.7523627,0.9823008,0.2278372,0.4423212,0.7091212,0.07844297,GotSelection
94.0623,24,2,3,0,0.7204056,0.9120963,0.1989117,343.5889,154.4803,62.36032,0.7498291,0.9806354,0.2232411,0.4426158,0.6582748,0.106739,SelectionStart
94.06232,24,2,3,0,0.7204056,0.9120963,0.1989117,343.5889,154.4803,62.36032,0.7498291,0.9806354,0.2232411,0.4426158,0.6582748,0.106739,SelectionEnd
94.06557,24,2,3,0,0.7204056,0.9120963,0.1989117,343.5889,154.4803,62.36032,0.7498291,0.9806354,0.2232411,0.4426158,0.6582748,0.106739,GotSelection
94.07643,24,2,3,0,0.720561,0.9119287,0.1994478,343.5111,154.4271,62.43203,0.745822,0.9779265,0.2167031,0.4415217,0.5784654,0.1455095,SelectionStart
94.07646,24,2,3,0,0.720561,0.9119287,0.1994478,343.5111,154.4271,62.43203,0.745822,0.9779265,0.2167031,0.4415217,0.5784654,0.1455095,SelectionEnd
94.07973,24,2,3,0,0.720561,0.9119287,0.1994478,343.5111,154.4271,62.43203,0.745822,0.9779265,0.2167031,0.4415217,0.5784654,0.1455095,GotSelection
94.09215,24,2,3,0,0.720519,0.9120854,0.1990967,343.4351,154.4267,62.45199,0.7421981,0.9757605,0.2115556,0.4392583,0.5160243,0.1668172,SelectionStart
94.09218,24,2,3,0,0.720519,0.9120854,0.1990967,343.4351,154.4267,62.45199,0.7421981,0.9757605,0.2115556,0.4392583,0.5160243,0.1668172,SelectionEnd
94.09579,24,2,3,0,0.720519,0.9120854,0.1990967,343.4351,154.4267,62.45199,0.7421981,0.9757605,0.2115556,0.4392583,0.5160243,0.1668172,GotSelection
94.15179,24,2,3,0,0.7206131,0.9118689,0.1999183,343.4365,154.25,62.53449,0.7291257,0.9610263,0.1861012,0.3770181,0.215113,0.3008241,SelectionStart
94.15184,24,2,3,0,0.7206131,0.9118689,0.1999183,343.4365,154.25,62.53449,0.7291257,0.9610263,0.1861012,0.3770181,0.215113,0.3008241,SelectionEnd
94.15518,24,2,3,0,0.7206131,0.9118689,0.1999183,343.4365,154.25,62.53449,0.7291257,0.9610263,0.1861012,0.3770181,0.215113,0.3008241,GotSelection
94.20406,24,2,3,0,0.7202781,0.9117438,0.1992852,343.3822,154.2431,62.42043,0.7198147,0.9484029,0.1677052,0.311406,-9.714055E-05,0.3830337,SelectionStart
94.2041,24,2,3,0,0.7202781,0.9117438,0.1992852,343.3822,154.2431,62.42043,0.7198147,0.9484029,0.1677052,0.311406,-9.714055E-05,0.3830337,SelectionEnd
94.20741,24,2,3,0,0.7202781,0.9117438,0.1992852,343.3822,154.2431,62.42043,0.7198147,0.9484029,0.1677052,0.311406,-9.714055E-05,0.3830337,GotSelection
94.26236,24,2,3,0,0.7197356,0.9117832,0.1990889,343.4268,154.3299,62.37319,0.7138936,0.9379477,0.1549525,0.2459906,-0.1520377,0.4403664,SelectionStart
94.26237,24,2,3,0,0.7197356,0.9117832,0.1990889,343.4268,154.3299,62.37319,0.7138936,0.9379477,0.1549525,0.2459906,-0.1520377,0.4403664,SelectionEnd
94.26572,24,2,3,0,0.7197356,0.9117832,0.1990889,343.4268,154.3299,62.37319,0.7138936,0.9379477,0.1549525,0.2459906,-0.1520377,0.4403664,GotSelection
94.27495,24,2,3,0,0.7200322,0.9119031,0.1990518,343.4409,154.3268,62.41066,0.7137686,0.9372048,0.1539747,0.2405284,-0.1640875,0.4443139,SelectionStart
94.27496,24,2,3,0,0.7200322,0.9119031,0.1990518,343.4409,154.3268,62.41066,0.7137686,0.9372048,0.1539747,0.2405284,-0.1640875,0.4443139,SelectionEnd
94.27827,24,2,3,0,0.7200322,0.9119031,0.1990518,343.4409,154.3268,62.41066,0.7137686,0.9372048,0.1539747,0.2405284,-0.1640875,0.4443139,GotSelection
94.29085,24,2,3,0,0.7203069,0.9120243,0.1990669,343.4819,154.3025,62.47906,0.7138033,0.93715,0.1529098,0.2401822,-0.1725123,0.4521007,SelectionStart
94.29086,24,2,3,0,0.7203069,0.9120243,0.1990669,343.4819,154.3025,62.47906,0.7138033,0.93715,0.1529098,0.2401822,-0.1725123,0.4521007,SelectionEnd
94.29422,24,2,3,0,0.7203069,0.9120243,0.1990669,343.4819,154.3025,62.47906,0.7138033,0.93715,0.1529098,0.2401822,-0.1725123,0.4521007,GotSelection
94.30417,24,2,3,0,0.720425,0.9120894,0.1990357,343.5105,154.2985,62.49664,0.7144253,0.9384375,0.1536365,0.2484576,-0.1592781,0.4510125,SelectionStart
94.30418,24,2,3,0,0.720425,0.9120894,0.1990357,343.5105,154.2985,62.49664,0.7144253,0.9384375,0.1536365,0.2484576,-0.1592781,0.4510125,SelectionEnd
94.30757,24,2,3,0,0.720425,0.9120894,0.1990357,343.5105,154.2985,62.49664,0.7144253,0.9384375,0.1536365,0.2484576,-0.1592781,0.4510125,GotSelection
94.31715,24,2,3,0,0.7202874,0.9120076,0.1988254,343.5431,154.2963,62.47796,0.7150784,0.9399221,0.1544485,0.2583701,-0.1407798,0.44979,SelectionStart
94.31718,24,2,3,0,0.7202874,0.9120076,0.1988254,343.5431,154.2963,62.47796,0.7150784,0.9399221,0.1544485,0.2583701,-0.1407798,0.44979,SelectionEnd
94.32094,24,2,3,0,0.7202874,0.9120076,0.1988254,343.5431,154.2963,62.47796,0.7150784,0.9399221,0.1544485,0.2583701,-0.1407798,0.44979,GotSelection
94.33243,24,2,3,0,0.7204263,0.9122228,0.1985755,343.5966,154.2982,62.46347,0.7162185,0.9426765,0.156343,0.2759915,-0.1104524,0.4422993,SelectionStart
94.33246,24,2,3,0,0.7204263,0.9122228,0.1985755,343.5966,154.2982,62.46347,0.7162185,0.9426765,0.156343,0.2759915,-0.1104524,0.4422993,SelectionEnd
94.33665,24,2,3,0,0.7204263,0.9122228,0.1985755,343.5966,154.2982,62.46347,0.7162185,0.9426765,0.156343,0.2759915,-0.1104524,0.4422993,GotSelection
94.34702,24,2,3,0,0.7204109,0.9124168,0.198332,343.6369,154.2803,62.4474,0.7176369,0.9459853,0.1589525,0.2964278,-0.07074872,0.4319781,SelectionStart
94.34703,24,2,3,0,0.7204109,0.9124168,0.198332,343.6369,154.2803,62.4474,0.7176369,0.9459853,0.1589525,0.2964278,-0.07074872,0.4319781,SelectionEnd
94.35046,24,2,3,0,0.7204109,0.9124168,0.198332,343.6369,154.2803,62.4474,0.7176369,0.9459853,0.1589525,0.2964278,-0.07074872,0.4319781,GotSelection
94.35992,24,2,3,0,0.7204637,0.9125181,0.1982228,343.6657,154.2742,62.44123,0.7191017,0.9497238,0.1621484,0.321456,-0.02655365,0.4191284,SelectionStart
94.35995,24,2,3,0,0.7204637,0.9125181,0.1982228,343.6657,154.2742,62.44123,0.7191017,0.9497238,0.1621484,0.321456,-0.02655365,0.4191284,SelectionEnd
94.36328,24,2,3,0,0.7204637,0.9125181,0.1982228,343.6657,154.2742,62.44123,0.7191017,0.9497238,0.1621484,0.321456,-0.02655365,0.4191284,GotSelection
94.37354,24,2,3,0,0.7202863,0.9123805,0.198139,343.6734,154.2868,62.41775,0.7216536,0.9543424,0.1659943,0.3490693,0.03600547,0.4096981,SelectionStart
94.37355,24,2,3,0,0.7202863,0.9123805,0.198139,343.6734,154.2868,62.41775,0.7216536,0.9543424,0.1659943,0.3490693,0.03600547,0.4096981,SelectionEnd
94.37686,24,2,3,0,0.7202863,0.9123805,0.198139,343.6734,154.2868,62.41775,0.7216536,0.9543424,0.1659943,0.3490693,0.03600547,0.4096981,GotSelection
94.38676,24,2,3,0,0.7202772,0.9124972,0.1980518,343.6837,154.3044,62.40666,0.7236285,0.9584261,0.1696303,0.3737576,0.08824808,0.3966202,SelectionStart
94.3868,24,2,3,0,0.7202772,0.9124972,0.1980518,343.6837,154.3044,62.40666,0.7236285,0.9584261,0.1696303,0.3737576,0.08824808,0.3966202,SelectionEnd
94.39067,24,2,3,0,0.7202772,0.9124972,0.1980518,343.6837,154.3044,62.40666,0.7236285,0.9584261,0.1696303,0.3737576,0.08824808,0.3966202,GotSelection
94.40108,24,2,3,0,0.7203351,0.9124933,0.1981151,343.6712,154.329,62.40538,0.7263747,0.9638228,0.1747063,0.4072854,0.1588034,0.3794009,SelectionStart
94.40109,24,2,3,0,0.7203351,0.9124933,0.1981151,343.6712,154.329,62.40538,0.7263747,0.9638228,0.1747063,0.4072854,0.1588034,0.3794009,SelectionEnd
94.40456,24,2,3,0,0.7203351,0.9124933,0.1981151,343.6712,154.329,62.40538,0.7263747,0.9638228,0.1747063,0.4072854,0.1588034,0.3794009,GotSelection
94.44508,24,2,3,0,0.7207066,0.9124103,0.1983773,343.6111,154.3546,62.46264,0.7344913,0.977979,0.1893695,0.4928629,0.3550963,0.3266099,SelectionStart
94.44511,24,2,3,0,0.7207066,0.9124103,0.1983773,343.6111,154.3546,62.46264,0.7344913,0.977979,0.1893695,0.4928629,0.3550963,0.3266099,SelectionEnd
94.44844,24,2,3,0,0.7207066,0.9124103,0.1983773,343.6111,154.3546,62.46264,0.7344913,0.977979,0.1893695,0.4928629,0.3550963,0.3266099,GotSelection
94.45766,24,2,3,0,0.7208325,0.9125078,0.198283,343.6252,154.3857,62.44619,0.7367126,0.9817073,0.1934018,0.5141582,0.4087592,0.309304,SelectionStart
94.45767,24,2,3,0,0.7208325,0.9125078,0.198283,343.6252,154.3857,62.44619,0.7367126,0.9817073,0.1934018,0.5141582,0.4087592,0.309304,SelectionEnd
94.461,24,2,3,0,0.7208325,0.9125078,0.198283,343.6252,154.3857,62.44619,0.7367126,0.9817073,0.1934018,0.5141582,0.4087592,0.309304,GotSelection
94.47076,24,2,3,0,0.7209105,0.9126438,0.1978054,343.6897,154.4168,62.42436,0.7400137,0.9865793,0.1988023,0.5396149,0.4850755,0.2837978,SelectionStart
94.47079,24,2,3,0,0.7209105,0.9126438,0.1978054,343.6897,154.4168,62.42436,0.7400137,0.9865793,0.1988023,0.5396149,0.4850755,0.2837978,SelectionEnd
94.47421,24,2,3,0,0.7209105,0.9126438,0.1978054,343.6897,154.4168,62.42436,0.7400137,0.9865793,0.1988023,0.5396149,0.4850755,0.2837978,GotSelection
94.48381,24,2,3,0,0.7211355,0.9128308,0.197567,343.7602,154.4581,62.40716,0.7424026,0.9898844,0.2028871,0.556323,0.5380377,0.2626361,SelectionStart
94.48384,24,2,3,0,0.7211355,0.9128308,0.197567,343.7602,154.4581,62.40716,0.7424026,0.9898844,0.2028871,0.556323,0.5380377,0.2626361,SelectionEnd
94.4873,24,2,3,0,0.7211355,0.9128308,0.197567,343.7602,154.4581,62.40716,0.7424026,0.9898844,0.2028871,0.556323,0.5380377,0.2626361,GotSelection
94.49895,24,2,3,0,0.7213116,0.9130501,0.1972589,343.8401,154.4802,62.39433,0.7452697,0.9939592,0.2080893,0.5769107,0.604297,0.2351008,SelectionStart
94.49896,24,2,3,0,0.7213116,0.9130501,0.1972589,343.8401,154.4802,62.39433,0.7452697,0.9939592,0.2080893,0.5769107,0.604297,0.2351008,SelectionEnd
94.50235,24,2,3,0,0.7213116,0.9130501,0.1972589,343.8401,154.4802,62.39433,0.7452697,0.9939592,0.2080893,0.5769107,0.604297,0.2351008,GotSelection
94.51208,24,2,3,0,0.7213546,0.9131272,0.197158,343.8749,154.5127,62.37941,0.7473427,0.9966057,0.211702,0.5892231,0.6504763,0.2174619,SelectionStart
94.5121,24,2,3,0,0.7213546,0.9131272,0.197158,343.8749,154.5127,62.37941,0.7473427,0.9966057,0.211702,0.5892231,0.6504763,0.2174619,SelectionEnd
94.51543,24,2,3,0,0.7213546,0.9131272,0.197158,343.8749,154.5127,62.37941,0.7473427,0.9966057,0.211702,0.5892231,0.6504763,0.2174619,GotSelection
94.52525,24,2,3,0,0.7215167,0.9131896,0.1972237,343.8844,154.5472,62.37159,0.7495173,0.999482,0.2159699,0.6038604,0.6999699,0.1964069,SelectionStart
94.52527,24,2,3,0,0.7215167,0.9131896,0.1972237,343.8844,154.5472,62.37159,0.7495173,0.999482,0.2159699,0.6038604,0.6999699,0.1964069,SelectionEnd
94.52866,24,2,3,0,0.7215167,0.9131896,0.1972237,343.8844,154.5472,62.37159,0.7495173,0.999482,0.2159699,0.6038604,0.6999699,0.1964069,GotSelection
94.54073,24,2,3,0,0.7215974,0.9131314,0.1974346,343.8413,154.5809,62.36226,0.7514712,1.00203,0.2196205,0.6171023,0.743514,0.1816977,SelectionStart
94.54074,24,2,3,0,0.7215974,0.9131314,0.1974346,343.8413,154.5809,62.36226,0.7514712,1.00203,0.2196205,0.6171023,0.743514,0.1816977,SelectionEnd
94.54404,24,2,3,0,0.7215974,0.9131314,0.1974346,343.8413,154.5809,62.36226,0.7514712,1.00203,0.2196205,0.6171023,0.743514,0.1816977,GotSelection
94.55464,24,2,3,0,0.7216761,0.9129358,0.1976126,343.8026,154.6216,62.36993,0.7521741,1.003226,0.2214415,0.6263269,0.7627518,0.1740843,SelectionStart
94.55466,24,2,3,0,0.7216761,0.9129358,0.1976126,343.8026,154.6216,62.36993,0.7521741,1.003226,0.2214415,0.6263269,0.7627518,0.1740843,SelectionEnd
94.55814,24,2,3,0,0.7216761,0.9129358,0.1976126,343.8026,154.6216,62.36993,0.7521741,1.003226,0.2214415,0.6263269,0.7627518,0.1740843,GotSelection
94.56839,24,2,3,0,0.7219769,0.9128153,0.1979206,343.7553,154.6707,62.3904,0.7528089,1.004376,0.2232363,0.63622,0.7782739,0.1663796,SelectionStart
94.56841,24,2,3,0,0.7219769,0.9128153,0.1979206,343.7553,154.6707,62.3904,0.7528089,1.004376,0.2232363,0.63622,0.7782739,0.1663796,SelectionEnd
94.57187,24,2,3,0,0.7219769,0.9128153,0.1979206,343.7553,154.6707,62.3904,0.7528089,1.004376,0.2232363,0.63622,0.7782739,0.1663796,GotSelection
94.61272,24,2,3,0,0.7229714,0.9127214,0.1985087,343.7184,154.8987,62.47603,0.7518821,1.004726,0.2269145,0.6528974,0.7800259,0.131351,SelectionStart
94.61275,24,2,3,0,0.7229714,0.9127214,0.1985087,343.7184,154.8987,62.47603,0.7518821,1.004726,0.2269145,0.6528974,0.7800259,0.131351,SelectionEnd
94.61609,24,2,3,0,0.7229714,0.9127214,0.1985087,343.7184,154.8987,62.47603,0.7518821,1.004726,0.2269145,0.6528974,0.7800259,0.131351,GotSelection
94.62506,24,2,3,0,0.7232773,0.9127979,0.1985658,343.744,154.9667,62.49487,0.7504099,1.003917,0.2265305,0.6550689,0.759947,0.1245052,SelectionStart
94.62508,24,2,3,0,0.7232773,0.9127979,0.1985658,343.744,154.9667,62.49487,0.7504099,1.003917,0.2265305,0.6550689,0.759947,0.1245052,SelectionEnd
94.62878,24,2,3,0,0.7232773,0.9127979,0.1985658,343.744,154.9667,62.49487,0.7504099,1.003917,0.2265305,0.6550689,0.759947,0.1245052,GotSelection
94.64124,24,2,3,0,0.7233632,0.9128066,0.1983574,343.76,155.0675,62.46157,0.7486418,1.002123,0.2246988,0.6486932,0.7297361,0.1252373,SelectionStart
94.64127,24,2,3,0,0.7233632,0.9128066,0.1983574,343.76,155.0675,62.46157,0.7486418,1.002123,0.2246988,0.6486932,0.7297361,0.1252373,SelectionEnd
94.64471,24,2,3,0,0.7233632,0.9128066,0.1983574,343.76,155.0675,62.46157,0.7486418,1.002123,0.2246988,0.6486932,0.7297361,0.1252373,GotSelection
94.65434,24,2,3,0,0.7234922,0.9128859,0.1983649,343.7776,155.148,62.4486,0.7464409,0.9998515,0.2223777,0.6400816,0.6896743,0.1288958,SelectionStart
94.65436,24,2,3,0,0.7234922,0.9128859,0.1983649,343.7776,155.148,62.4486,0.7464409,0.9998515,0.2223777,0.6400816,0.6896743,0.1288958,SelectionEnd
94.65776,24,2,3,0,0.7234922,0.9128859,0.1983649,343.7776,155.148,62.4486,0.7464409,0.9998515,0.2223777,0.6400816,0.6896743,0.1288958,GotSelection
94.66757,24,2,3,0,0.7235497,0.9130175,0.1982787,343.8067,155.1984,62.44328,0.7442865,0.9976707,0.2196799,0.6311176,0.6492536,0.1357346,SelectionStart
94.6676,24,2,3,0,0.7235497,0.9130175,0.1982787,343.8067,155.1984,62.44328,0.7442865,0.9976707,0.2196799,0.6311176,0.6492536,0.1357346,SelectionEnd
94.67096,24,2,3,0,0.7235497,0.9130175,0.1982787,343.8067,155.1984,62.44328,0.7442865,0.9976707,0.2196799,0.6311176,0.6492536,0.1357346,GotSelection
94.68246,24,2,3,0,0.7237102,0.9130777,0.1983981,343.8161,155.2298,62.4521,0.7408895,0.9938655,0.2150856,0.6152522,0.580869,0.1517852,SelectionStart
94.68248,24,2,3,0,0.7237102,0.9130777,0.1983981,343.8161,155.2298,62.4521,0.7408895,0.9938655,0.2150856,0.6152522,0.580869,0.1517852,SelectionEnd
94.68596,24,2,3,0,0.7237102,0.9130777,0.1983981,343.8161,155.2298,62.4521,0.7408895,0.9938655,0.2150856,0.6152522,0.580869,0.1517852,GotSelection
94.69522,24,2,3,0,0.7237686,0.9130926,0.1984831,343.811,155.2594,62.44925,0.7382716,0.9906791,0.2115427,0.6006024,0.5277851,0.1639449,SelectionStart
94.69525,24,2,3,0,0.7237686,0.9130926,0.1984831,343.811,155.2594,62.44925,0.7382716,0.9906791,0.2115427,0.6006024,0.5277851,0.1639449,SelectionEnd
94.69859,24,2,3,0,0.7237686,0.9130926,0.1984831,343.811,155.2594,62.44925,0.7382716,0.9906791,0.2115427,0.6006024,0.5277851,0.1639449,GotSelection
94.70917,24,2,3,0,0.7239283,0.9131502,0.1985715,343.8073,155.2999,62.44759,0.7350793,0.986492,0.2064339,0.5800046,0.456983,0.1843265,SelectionStart
94.70918,24,2,3,0,0.7239283,0.9131502,0.1985715,343.8073,155.2999,62.44759,0.7350793,0.986492,0.2064339,0.5800046,0.456983,0.1843265,SelectionEnd
94.71254,24,2,3,0,0.7239283,0.9131502,0.1985715,343.8073,155.2999,62.44759,0.7350793,0.986492,0.2064339,0.5800046,0.456983,0.1843265,GotSelection
94.72508,24,2,3,0,0.7240022,0.9131756,0.198806,343.7828,155.316,62.4566,0.7313584,0.9816216,0.20052,0.5557639,0.3749893,0.2098518,SelectionStart
94.7251,24,2,3,0,0.7240022,0.9131756,0.198806,343.7828,155.316,62.4566,0.7313584,0.9816216,0.20052,0.5557639,0.3749893,0.2098518,SelectionEnd
94.72874,24,2,3,0,0.7240022,0.9131756,0.198806,343.7828,155.316,62.4566,0.7313584,0.9816216,0.20052,0.5557639,0.3749893,0.2098518,GotSelection
94.73854,24,2,3,0,0.724094,0.913178,0.1988464,343.7857,155.3379,62.45969,0.7283891,0.9776481,0.1956411,0.5360029,0.3090268,0.2297454,SelectionStart
94.73856,24,2,3,0,0.724094,0.913178,0.1988464,343.7857,155.3379,62.45969,0.7283891,0.9776481,0.1956411,0.5360029,0.3090268,0.2297454,SelectionEnd
94.74196,24,2,3,0,0.724094,0.913178,0.1988464,343.7857,155.3379,62.45969,0.7283891,0.9776481,0.1956411,0.5360029,0.3090268,0.2297454,GotSelection
94.75159,24,2,3,0,0.7243043,0.9131034,0.1989623,343.7885,155.3803,62.46331,0.7248847,0.9726744,0.1894255,0.5112036,0.226893,0.2569707,SelectionStart
94.75162,24,2,3,0,0.7243043,0.9131034,0.1989623,343.7885,155.3803,62.46331,0.7248847,0.9726744,0.1894255,0.5112036,0.226893,0.2569707,SelectionEnd
94.75502,24,2,3,0,0.7243043,0.9131034,0.1989623,343.7885,155.3803,62.46331,0.7248847,0.9726744,0.1894255,0.5112036,0.226893,0.2569707,GotSelection
94.79456,24,2,3,0,0.7247167,0.9133598,0.1989382,343.8554,155.5193,62.45024,0.7180027,0.9612062,0.1739971,0.4432146,0.04197878,0.3309033,SelectionStart
94.79457,24,2,3,0,0.7247167,0.9133598,0.1989382,343.8554,155.5193,62.45024,0.7180027,0.9612062,0.1739971,0.4432146,0.04197878,0.3309033,SelectionEnd
94.79794,24,2,3,0,0.7247167,0.9133598,0.1989382,343.8554,155.5193,62.45024,0.7180027,0.9612062,0.1739971,0.4432146,0.04197878,0.3309033,GotSelection
94.80824,24,2,3,0,0.7248262,0.9131766,0.1988498,343.8972,155.559,62.44473,0.7160665,0.9575564,0.1684668,0.4223179,-0.01606255,0.361168,SelectionStart
94.80827,24,2,3,0,0.7248262,0.9131766,0.1988498,343.8972,155.559,62.44473,0.7160665,0.9575564,0.1684668,0.4223179,-0.01606255,0.361168,SelectionEnd
94.81181,24,2,3,0,0.7248262,0.9131766,0.1988498,343.8972,155.559,62.44473,0.7160665,0.9575564,0.1684668,0.4223179,-0.01606255,0.361168,GotSelection
94.82396,24,2,3,0,0.7249918,0.9132205,0.1987521,343.9411,155.5799,62.44123,0.714267,0.9545588,0.1637251,0.4050291,-0.06764288,0.3858672,SelectionStart
94.82397,24,2,3,0,0.7249918,0.9132205,0.1987521,343.9411,155.5799,62.44123,0.714267,0.9545588,0.1637251,0.4050291,-0.06764288,0.3858672,SelectionEnd
94.82738,24,2,3,0,0.7249918,0.9132205,0.1987521,343.9411,155.5799,62.44123,0.714267,0.9545588,0.1637251,0.4050291,-0.06764288,0.3858672,GotSelection
94.83691,24,2,3,0,0.7250306,0.9134125,0.1985538,343.9526,155.6008,62.43317,0.7132808,0.9527354,0.1605345,0.3920107,-0.09923994,0.4027709,SelectionStart
94.83693,24,2,3,0,0.7250306,0.9134125,0.1985538,343.9526,155.6008,62.43317,0.7132808,0.9527354,0.1605345,0.3920107,-0.09923994,0.4027709,SelectionEnd
94.84029,24,2,3,0,0.7250306,0.9134125,0.1985538,343.9526,155.6008,62.43317,0.7132808,0.9527354,0.1605345,0.3920107,-0.09923994,0.4027709,GotSelection
94.84959,24,2,3,0,0.72515,0.9133474,0.1984969,343.9792,155.609,62.45079,0.712136,0.950386,0.1564685,0.3776916,-0.1390654,0.4269207,SelectionStart
94.84961,24,2,3,0,0.72515,0.9133474,0.1984969,343.9792,155.609,62.45079,0.712136,0.950386,0.1564685,0.3776916,-0.1390654,0.4269207,SelectionEnd
94.853,24,2,3,0,0.72515,0.9133474,0.1984969,343.9792,155.609,62.45079,0.712136,0.950386,0.1564685,0.3776916,-0.1390654,0.4269207,GotSelection
94.86319,24,2,3,0,0.7252327,0.9133313,0.1984732,343.994,155.6239,62.45381,0.7116954,0.9492423,0.1544006,0.370041,-0.1581645,0.4398949,SelectionStart
94.8632,24,2,3,0,0.7252327,0.9133313,0.1984732,343.994,155.6239,62.45381,0.7116954,0.9492423,0.1544006,0.370041,-0.1581645,0.4398949,SelectionEnd
94.86662,24,2,3,0,0.7252327,0.9133313,0.1984732,343.994,155.6239,62.45381,0.7116954,0.9492423,0.1544006,0.370041,-0.1581645,0.4398949,GotSelection
94.87846,24,2,3,0,0.7254651,0.91344,0.1983383,344.0127,155.6322,62.47391,0.7112128,0.9480901,0.1521445,0.36223,-0.1798399,0.4523681,SelectionStart
94.87848,24,2,3,0,0.7254651,0.91344,0.1983383,344.0127,155.6322,62.47391,0.7112128,0.9480901,0.1521445,0.36223,-0.1798399,0.4523681,SelectionEnd
94.88245,24,2,3,0,0.7254651,0.91344,0.1983383,344.0127,155.6322,62.47391,0.7112128,0.9480901,0.1521445,0.36223,-0.1798399,0.4523681,GotSelection
94.8927,24,2,3,0,0.7254437,0.9133326,0.1983979,344.0208,155.6419,62.47629,0.7111728,0.9475386,0.1504745,0.3579117,-0.1904307,0.4665173,SelectionStart
94.89273,24,2,3,0,0.7254437,0.9133326,0.1983979,344.0208,155.6419,62.47629,0.7111728,0.9475386,0.1504745,0.3579117,-0.1904307,0.4665173,SelectionEnd
94.89603,24,2,3,0,0.7254437,0.9133326,0.1983979,344.0208,155.6419,62.47629,0.7111728,0.9475386,0.1504745,0.3579117,-0.1904307,0.4665173,GotSelection
94.90709,24,2,3,0,0.7256001,0.9132242,0.1986241,344.0387,155.6295,62.47536,0.7116289,0.9477928,0.1502059,0.3595015,-0.1889014,0.4730293,SelectionStart
94.9071,24,2,3,0,0.7256001,0.9132242,0.1986241,344.0387,155.6295,62.47536,0.7116289,0.9477928,0.1502059,0.3595015,-0.1889014,0.4730293,SelectionEnd
94.91045,24,2,3,0,0.7256001,0.9132242,0.1986241,344.0387,155.6295,62.47536,0.7116289,0.9477928,0.1502059,0.3595015,-0.1889014,0.4730293,GotSelection
94.92059,24,2,3,0,0.725551,0.9134078,0.1984826,344.0943,155.6147,62.45849,0.7122912,0.9493226,0.1510008,0.3682481,-0.1724721,0.4709981,SelectionStart
94.92061,24,2,3,0,0.725551,0.9134078,0.1984826,344.0943,155.6147,62.45849,0.7122912,0.9493226,0.1510008,0.3682481,-0.1724721,0.4709981,SelectionEnd
94.92393,24,2,3,0,0.725551,0.9134078,0.1984826,344.0943,155.6147,62.45849,0.7122912,0.9493226,0.1510008,0.3682481,-0.1724721,0.4709981,GotSelection
94.93317,24,2,3,0,0.7253431,0.9135846,0.1978067,344.1707,155.6194,62.40648,0.7128291,0.9512377,0.1523618,0.3806935,-0.1481825,0.4603444,SelectionStart
94.9332,24,2,3,0,0.7253431,0.9135846,0.1978067,344.1707,155.6194,62.40648,0.7128291,0.9512377,0.1523618,0.3806935,-0.1481825,0.4603444,SelectionEnd
94.93666,24,2,3,0,0.7253431,0.9135846,0.1978067,344.1707,155.6194,62.40648,0.7128291,0.9512377,0.1523618,0.3806935,-0.1481825,0.4603444,GotSelection
94.97705,24,2,3,0,0.7250066,0.9142164,0.1970047,344.3498,155.6151,62.26363,0.7180735,0.9623104,0.1623933,0.4461865,-0.002877352,0.4139185,SelectionStart
94.97708,24,2,3,0,0.7250066,0.9142164,0.1970047,344.3498,155.6151,62.26363,0.7180735,0.9623104,0.1623933,0.4461865,-0.002877352,0.4139185,SelectionEnd
94.98042,24,2,3,0,0.7250066,0.9142164,0.1970047,344.3498,155.6151,62.26363,0.7180735,0.9623104,0.1623933,0.4461865,-0.002877352,0.4139185,GotSelection
94.99071,24,2,3,0,0.7249734,0.9143917,0.1966891,344.4298,155.5865,62.24067,0.7202885,0.9670616,0.1676091,0.4759484,0.06275941,0.3854309,SelectionStart
94.99074,24,2,3,0,0.7249734,0.9143917,0.1966891,344.4298,155.5865,62.24067,0.7202885,0.9670616,0.1676091,0.4759484,0.06275941,0.3854309,SelectionEnd
94.99411,24,2,3,0,0.7249734,0.9143917,0.1966891,344.4298,155.5865,62.24067,0.7202885,0.9670616,0.1676091,0.4759484,0.06275941,0.3854309,GotSelection
95.00369,24,2,3,0,0.7249278,0.914448,0.1963286,344.492,155.5847,62.2233,0.7226808,0.9706508,0.1718783,0.4951222,0.1206663,0.3630366,SelectionStart
95.00371,24,2,3,0,0.7249278,0.914448,0.1963286,344.492,155.5847,62.2233,0.7226808,0.9706508,0.1718783,0.4951222,0.1206663,0.3630366,SelectionEnd
95.00703,24,2,3,0,0.7249278,0.914448,0.1963286,344.492,155.5847,62.2233,0.7226808,0.9706508,0.1718783,0.4951222,0.1206663,0.3630366,GotSelection
95.01801,24,2,3,0,0.7249883,0.9146274,0.1961622,344.5586,155.6045,62.21712,0.7255308,0.97518,0.177279,0.5196808,0.1895591,0.3357922,SelectionStart
95.01804,24,2,3,0,0.7249883,0.9146274,0.1961622,344.5586,155.6045,62.21712,0.7255308,0.97518,0.177279,0.5196808,0.1895591,0.3357922,SelectionEnd
95.02222,24,2,3,0,0.7249883,0.9146274,0.1961622,344.5586,155.6045,62.21712,0.7255308,0.97518,0.177279,0.5196808,0.1895591,0.3357922,GotSelection
95.03288,24,2,3,0,0.7251101,0.9147109,0.1960409,344.6076,155.6175,62.22176,0.7280704,0.9786258,0.1819478,0.5373753,0.2470694,0.3113487,SelectionStart
95.03291,24,2,3,0,0.7251101,0.9147109,0.1960409,344.6076,155.6175,62.22176,0.7280704,0.9786258,0.1819478,0.5373753,0.2470694,0.3113487,SelectionEnd
95.03633,24,2,3,0,0.7251101,0.9147109,0.1960409,344.6076,155.6175,62.22176,0.7280704,0.9786258,0.1819478,0.5373753,0.2470694,0.3113487,GotSelection
95.0462,24,2,3,0,0.7251574,0.9147561,0.1958531,344.669,155.6376,62.21973,0.7314112,0.9829736,0.1877218,0.5588493,0.3214152,0.2822643,SelectionStart
95.04622,24,2,3,0,0.7251574,0.9147561,0.1958531,344.669,155.6376,62.21973,0.7314112,0.9829736,0.1877218,0.5588493,0.3214152,0.2822643,SelectionEnd
95.04964,24,2,3,0,0.7251574,0.9147561,0.1958531,344.669,155.6376,62.21973,0.7314112,0.9829736,0.1877218,0.5588493,0.3214152,0.2822643,GotSelection
95.05959,24,2,3,0,0.7252706,0.9148252,0.1957056,344.7218,155.6617,62.22348,0.7337992,0.9858934,0.1921387,0.5727685,0.3743355,0.2576231,SelectionStart
95.0596,24,2,3,0,0.7252706,0.9148252,0.1957056,344.7218,155.6617,62.22348,0.7337992,0.9858934,0.1921387,0.5727685,0.3743355,0.2576231,SelectionEnd
95.06296,24,2,3,0,0.7252706,0.9148252,0.1957056,344.7218,155.6617,62.22348,0.7337992,0.9858934,0.1921387,0.5727685,0.3743355,0.2576231,GotSelection
95.07378,24,2,3,0,0.7255323,0.9149383,0.1952265,344.8059,155.699,62.23416,0.7372289,0.9895914,0.1979381,0.5888427,0.4457838,0.2226677,SelectionStart
95.07379,24,2,3,0,0.7255323,0.9149383,0.1952265,344.8059,155.699,62.23416,0.7372289,0.9895914,0.1979381,0.5888427,0.4457838,0.2226677,SelectionEnd
95.07718,24,2,3,0,0.7255323,0.9149383,0.1952265,344.8059,155.699,62.23416,0.7372289,0.9895914,0.1979381,0.5888427,0.4457838,0.2226677,GotSelection
95.08774,24,2,3,0,0.7256135,0.9149143,0.1950795,344.8447,155.7053,62.25024,0.7397007,0.9918126,0.2024397,0.5969141,0.4969669,0.1961129,SelectionStart
95.08777,24,2,3,0,0.7256135,0.9149143,0.1950795,344.8447,155.7053,62.25024,0.7397007,0.9918126,0.2024397,0.5969141,0.4969669,0.1961129,SelectionEnd
95.09135,24,2,3,0,0.7256135,0.9149143,0.1950795,344.8447,155.7053,62.25024,0.7397007,0.9918126,0.2024397,0.5969141,0.4969669,0.1961129,GotSelection
95.10428,24,2,3,0,0.7258124,0.9150292,0.1948617,344.9104,155.7298,62.26726,0.7427124,0.9942183,0.2084021,0.6035436,0.559028,0.1571527,SelectionStart
95.10435,24,2,3,0,0.7258124,0.9150292,0.1948617,344.9104,155.7298,62.26726,0.7427124,0.9942183,0.2084021,0.6035436,0.559028,0.1571527,SelectionEnd
95.11247,24,2,3,0,0.7258124,0.9150292,0.1948617,344.9104,155.7298,62.26726,0.7427124,0.9942183,0.2084021,0.6035436,0.559028,0.1571527,GotSelection
95.1642,24,2,3,0,0.7261032,0.9156004,0.1934581,345.2196,155.8086,62.17144,0.7551228,0.9997234,0.232167,0.5861298,0.7977664,-0.01205645,SelectionStart
95.16422,24,2,3,0,0.7261032,0.9156004,0.1934581,345.2196,155.8086,62.17144,0.7551228,0.9997234,0.232167,0.5861298,0.7977664,-0.01205645,SelectionEnd
95.16763,24,2,3,0,0.7261032,0.9156004,0.1934581,345.2196,155.8086,62.17144,0.7551228,0.9997234,0.232167,0.5861298,0.7977664,-0.01205645,GotSelection
95.17853,24,2,3,0,0.7263011,0.915899,0.1926684,345.3846,155.8347,62.14328,0.7579896,1.000235,0.2377112,0.5743562,0.8499311,-0.06052548,SelectionStart
95.17854,24,2,3,0,0.7263011,0.915899,0.1926684,345.3846,155.8347,62.14328,0.7579896,1.000235,0.2377112,0.5743562,0.8499311,-0.06052548,SelectionEnd
95.18185,24,2,3,0,0.7263011,0.915899,0.1926684,345.3846,155.8347,62.14328,0.7579896,1.000235,0.2377112,0.5743562,0.8499311,-0.06052548,GotSelection
95.19124,24,2,3,0,0.7262683,0.9160759,0.192159,345.4767,155.8637,62.12547,0.7598718,1.000428,0.2414733,0.564644,0.8852758,-0.09294032,SelectionStart
95.19127,24,2,3,0,0.7262683,0.9160759,0.192159,345.4767,155.8637,62.12547,0.7598718,1.000428,0.2414733,0.564644,0.8852758,-0.09294032,SelectionEnd
95.19467,24,2,3,0,0.7262683,0.9160759,0.192159,345.4767,155.8637,62.12547,0.7598718,1.000428,0.2414733,0.564644,0.8852758,-0.09294032,GotSelection
95.20677,24,2,3,0,0.726404,0.9161916,0.191849,345.5537,155.9191,62.11094,0.7624957,1.000619,0.2463693,0.5526544,0.9295821,-0.1313861,SelectionStart
95.20679,24,2,3,0,0.726404,0.9161916,0.191849,345.5537,155.9191,62.11094,0.7624957,1.000619,0.2463693,0.5526544,0.9295821,-0.1313861,SelectionEnd
95.21021,24,2,3,0,0.726404,0.9161916,0.191849,345.5537,155.9191,62.11094,0.7624957,1.000619,0.2463693,0.5526544,0.9295821,-0.1313861,GotSelection
95.21976,24,2,3,0,0.7264525,0.9161561,0.19189,345.5227,155.9261,62.13241,0.7640935,1.000616,0.2493907,0.5455521,0.9557398,-0.1515053,SelectionStart
95.21977,24,2,3,0,0.7264525,0.9161561,0.19189,345.5227,155.9261,62.13241,0.7640935,1.000616,0.2493907,0.5455521,0.9557398,-0.1515053,SelectionEnd
95.22307,24,2,3,0,0.7264525,0.9161561,0.19189,345.5227,155.9261,62.13241,0.7640935,1.000616,0.2493907,0.5455521,0.9557398,-0.1515053,GotSelection
95.23251,24,2,3,0,0.7265588,0.9162709,0.1919181,345.5013,155.9299,62.16264,0.7667645,1.000562,0.2534478,0.531615,0.9937727,-0.1776308,SelectionStart
95.23253,24,2,3,0,0.7265588,0.9162709,0.1919181,345.5013,155.9299,62.16264,0.7667645,1.000562,0.2534478,0.531615,0.9937727,-0.1776308,SelectionEnd
95.23586,24,2,3,0,0.7265588,0.9162709,0.1919181,345.5013,155.9299,62.16264,0.7667645,1.000562,0.2534478,0.531615,0.9937727,-0.1776308,GotSelection
95.24606,24,2,3,0,0.726352,0.9158891,0.1923292,345.4235,155.9132,62.17934,0.7681254,1.000296,0.256082,0.5250522,1.017108,-0.1896082,SelectionStart
95.24609,24,2,3,0,0.726352,0.9158891,0.1923292,345.4235,155.9132,62.17934,0.7681254,1.000296,0.256082,0.5250522,1.017108,-0.1896082,SelectionEnd
95.24942,24,2,3,0,0.726352,0.9158891,0.1923292,345.4235,155.9132,62.17934,0.7681254,1.000296,0.256082,0.5250522,1.017108,-0.1896082,GotSelection
95.26019,24,2,3,0,0.7261487,0.9157151,0.1926441,345.3322,155.8873,62.17332,0.7696686,0.9996474,0.2592565,0.512092,1.04246,-0.2077693,SelectionStart
95.26021,24,2,3,0,0.7261487,0.9157151,0.1926441,345.3322,155.8873,62.17332,0.7696686,0.9996474,0.2592565,0.512092,1.04246,-0.2077693,SelectionEnd
95.26357,24,2,3,0,0.7261487,0.9157151,0.1926441,345.3322,155.8873,62.17332,0.7696686,0.9996474,0.2592565,0.512092,1.04246,-0.2077693,GotSelection
95.27403,24,2,3,0,0.7261801,0.9156328,0.1927625,345.2843,155.8802,62.16616,0.7704179,0.9989947,0.2611046,0.5035512,1.053859,-0.2210629,SelectionStart
95.27405,24,2,3,0,0.7261801,0.9156328,0.1927625,345.2843,155.8802,62.16616,0.7704179,0.9989947,0.2611046,0.5035512,1.053859,-0.2210629,SelectionEnd
95.27739,24,2,3,0,0.7261801,0.9156328,0.1927625,345.2843,155.8802,62.16616,0.7704179,0.9989947,0.2611046,0.5035512,1.053859,-0.2210629,GotSelection
95.28708,24,2,3,0,0.725825,0.9155569,0.192967,345.2317,155.8929,62.13372,0.7713012,0.9983249,0.2633681,0.4917931,1.070879,-0.2354457,SelectionStart
95.28711,24,2,3,0,0.725825,0.9155569,0.192967,345.2317,155.8929,62.13372,0.7713012,0.9983249,0.2633681,0.4917931,1.070879,-0.2354457,SelectionEnd
95.29045,24,2,3,0,0.725825,0.9155569,0.192967,345.2317,155.8929,62.13372,0.7713012,0.9983249,0.2633681,0.4917931,1.070879,-0.2354457,GotSelection
95.29994,24,2,3,0,0.7258133,0.9155374,0.1930589,345.2225,155.8709,62.13362,0.7719888,0.9976425,0.2645366,0.4823583,1.07854,-0.243627,SelectionStart
95.29996,24,2,3,0,0.7258133,0.9155374,0.1930589,345.2225,155.8709,62.13362,0.7719888,0.9976425,0.2645366,0.4823583,1.07854,-0.243627,SelectionEnd
95.30339,24,2,3,0,0.7258133,0.9155374,0.1930589,345.2225,155.8709,62.13362,0.7719888,0.9976425,0.2645366,0.4823583,1.07854,-0.243627,GotSelection
95.34323,24,2,3,0,0.7256838,0.9151923,0.1936177,345.1062,155.8436,62.14403,0.7720849,0.9946833,0.267503,0.4592208,1.080118,-0.2690062,SelectionStart
95.34325,24,2,3,0,0.7256838,0.9151923,0.1936177,345.1062,155.8436,62.14403,0.7720849,0.9946833,0.267503,0.4592208,1.080118,-0.2690062,SelectionEnd
95.34663,24,2,3,0,0.7256838,0.9151923,0.1936177,345.1062,155.8436,62.14403,0.7720849,0.9946833,0.267503,0.4592208,1.080118,-0.2690062,GotSelection
95.35703,24,2,3,0,0.7256057,0.9150918,0.1939022,345.0577,155.8228,62.14391,0.7720047,0.9941306,0.2674524,0.455288,1.076639,-0.2661598,SelectionStart
95.35706,24,2,3,0,0.7256057,0.9150918,0.1939022,345.0577,155.8228,62.14391,0.7720047,0.9941306,0.2674524,0.455288,1.076639,-0.2661598,SelectionEnd
95.36058,24,2,3,0,0.7256057,0.9150918,0.1939022,345.0577,155.8228,62.14391,0.7720047,0.9941306,0.2674524,0.455288,1.076639,-0.2661598,GotSelection
95.3701,24,2,3,0,0.7256589,0.915203,0.1940223,345.0256,155.8062,62.14898,0.7712473,0.9935845,0.2677649,0.4540036,1.068409,-0.2721805,SelectionStart
95.37012,24,2,3,0,0.7256589,0.915203,0.1940223,345.0256,155.8062,62.14898,0.7712473,0.9935845,0.2677649,0.4540036,1.068409,-0.2721805,SelectionEnd
95.3734,24,2,3,0,0.7256589,0.915203,0.1940223,345.0256,155.8062,62.14898,0.7712473,0.9935845,0.2677649,0.4540036,1.068409,-0.2721805,GotSelection
95.38289,24,2,3,0,0.7256226,0.9151634,0.194123,345.0171,155.7819,62.14685,0.7717569,0.9929317,0.2671178,0.4454629,1.066378,-0.2644362,SelectionStart
95.38292,24,2,3,0,0.7256226,0.9151634,0.194123,345.0171,155.7819,62.14685,0.7717569,0.9929317,0.2671178,0.4454629,1.066378,-0.2644362,SelectionEnd
95.38634,24,2,3,0,0.7256226,0.9151634,0.194123,345.0171,155.7819,62.14685,0.7717569,0.9929317,0.2671178,0.4454629,1.066378,-0.2644362,GotSelection
95.39612,24,2,3,0,0.7256751,0.9151424,0.1941737,345.0315,155.739,62.14964,0.7712852,0.9928241,0.2659268,0.4469811,1.05614,-0.2553238,SelectionStart
95.39615,24,2,3,0,0.7256751,0.9151424,0.1941737,345.0315,155.739,62.14964,0.7712852,0.9928241,0.2659268,0.4469811,1.05614,-0.2553238,SelectionEnd
95.39943,24,2,3,0,0.7256751,0.9151424,0.1941737,345.0315,155.739,62.14964,0.7712852,0.9928241,0.2659268,0.4469811,1.05614,-0.2553238,GotSelection
95.40938,24,2,3,0,0.7256692,0.9152405,0.194225,345.0332,155.7045,62.16586,0.7711457,0.9929519,0.2646418,0.4477874,1.048857,-0.2433888,SelectionStart
95.40939,24,2,3,0,0.7256692,0.9152405,0.194225,345.0332,155.7045,62.16586,0.7711457,0.9929519,0.2646418,0.4477874,1.048857,-0.2433888,SelectionEnd
95.41281,24,2,3,0,0.7256692,0.9152405,0.194225,345.0332,155.7045,62.16586,0.7711457,0.9929519,0.2646418,0.4477874,1.048857,-0.2433888,GotSelection
95.42471,24,2,3,0,0.7258451,0.915234,0.1943118,345.021,155.6385,62.22038,0.7709464,0.9937685,0.2624156,0.4571769,1.038513,-0.2209896,SelectionStart
95.42474,24,2,3,0,0.7258451,0.915234,0.1943118,345.021,155.6385,62.22038,0.7709464,0.9937685,0.2624156,0.4571769,1.038513,-0.2209896,SelectionEnd
95.42831,24,2,3,0,0.7258451,0.915234,0.1943118,345.021,155.6385,62.22038,0.7709464,0.9937685,0.2624156,0.4571769,1.038513,-0.2209896,GotSelection
95.43831,24,2,3,0,0.7258195,0.9151031,0.1943924,344.991,155.6062,62.24246,0.7710425,0.9946361,0.2602891,0.4651663,1.033381,-0.1972005,SelectionStart
95.43834,24,2,3,0,0.7258195,0.9151031,0.1943924,344.991,155.6062,62.24246,0.7710425,0.9946361,0.2602891,0.4651663,1.033381,-0.1972005,SelectionEnd
95.44168,24,2,3,0,0.7258195,0.9151031,0.1943924,344.991,155.6062,62.24246,0.7710425,0.9946361,0.2602891,0.4651663,1.033381,-0.1972005,GotSelection
95.45094,24,2,3,0,0.7257153,0.91496,0.1945952,344.9333,155.5649,62.24836,0.7709792,0.9956995,0.2573119,0.4749475,1.024031,-0.1639263,SelectionStart
95.45097,24,2,3,0,0.7257153,0.91496,0.1945952,344.9333,155.5649,62.24836,0.7709792,0.9956995,0.2573119,0.4749475,1.024031,-0.1639263,SelectionEnd
95.45439,24,2,3,0,0.7257153,0.91496,0.1945952,344.9333,155.5649,62.24836,0.7709792,0.9956995,0.2573119,0.4749475,1.024031,-0.1639263,GotSelection
95.46512,24,2,3,0,0.7254632,0.914714,0.1947801,344.8808,155.5431,62.24973,0.7715349,0.996793,0.2542154,0.4817887,1.020591,-0.1265775,SelectionStart
95.46513,24,2,3,0,0.7254632,0.914714,0.1947801,344.8808,155.5431,62.24973,0.7715349,0.996793,0.2542154,0.4817887,1.020591,-0.1265775,SelectionEnd
95.46858,24,2,3,0,0.7254632,0.914714,0.1947801,344.8808,155.5431,62.24973,0.7715349,0.996793,0.2542154,0.4817887,1.020591,-0.1265775,GotSelection
95.47957,24,2,3,0,0.7253718,0.9144893,0.1949792,344.8179,155.5179,62.25883,0.7715751,0.9978267,0.250361,0.4914529,1.007707,-0.08507886,SelectionStart
95.47958,24,2,3,0,0.7253718,0.9144893,0.1949792,344.8179,155.5179,62.25883,0.7715751,0.9978267,0.250361,0.4914529,1.007707,-0.08507886,SelectionEnd
95.48286,24,2,3,0,0.7253718,0.9144893,0.1949792,344.8179,155.5179,62.25883,0.7715751,0.9978267,0.250361,0.4914529,1.007707,-0.08507886,GotSelection
95.52899,24,2,3,0,0.7262514,0.9138827,0.1949646,344.8201,155.5209,62.46574,0.771244,0.9996277,0.2366587,0.5197459,0.9408323,0.03899935,SelectionStart
95.52902,24,2,3,0,0.7262514,0.9138827,0.1949646,344.8201,155.5209,62.46574,0.771244,0.9996277,0.2366587,0.5197459,0.9408323,0.03899935,SelectionEnd
95.53238,24,2,3,0,0.7262514,0.9138827,0.1949646,344.8201,155.5209,62.46574,0.771244,0.9996277,0.2366587,0.5197459,0.9408323,0.03899935,GotSelection
95.54189,24,2,3,0,0.7268853,0.9136949,0.1949243,344.854,155.5375,62.58349,0.7717644,1.000073,0.233178,0.5271775,0.9249905,0.07036617,SelectionStart
95.54192,24,2,3,0,0.7268853,0.9136949,0.1949243,344.854,155.5375,62.58349,0.7717644,1.000073,0.233178,0.5271775,0.9249905,0.07036617,SelectionEnd
95.54535,24,2,3,0,0.7268853,0.9136949,0.1949243,344.854,155.5375,62.58349,0.7717644,1.000073,0.233178,0.5271775,0.9249905,0.07036617,GotSelection
95.55698,24,2,3,0,0.7277637,0.9134111,0.1947225,344.9195,155.5477,62.72087,0.7717665,0.9999637,0.2303152,0.5350515,0.904808,0.08999676,SelectionStart
95.55701,24,2,3,0,0.7277637,0.9134111,0.1947225,344.9195,155.5477,62.72087,0.7717665,0.9999637,0.2303152,0.5350515,0.904808,0.08999676,SelectionEnd
95.56049,24,2,3,0,0.7277637,0.9134111,0.1947225,344.9195,155.5477,62.72087,0.7717665,0.9999637,0.2303152,0.5350515,0.904808,0.08999676,GotSelection
95.58244,24,2,3,0,0.728955,0.9131007,0.1943785,345.023,155.621,62.90184,0.7734627,1.000176,0.2270298,0.5396155,0.8951353,0.1175333,Nothing
95.59065,24,2,3,0,0.7291216,0.9127854,0.1941822,345.0447,155.6478,62.93989,0.7743672,1.00008,0.2263496,0.5383154,0.8991637,0.1248679,Nothing
95.59801,24,2,3,0,0.7295383,0.9126884,0.1940985,345.0724,155.6676,63.00294,0.7749492,1.000307,0.2257842,0.5412992,0.898996,0.1301023,Nothing
95.60713,24,2,3,0,0.7299737,0.9126176,0.1939972,345.1051,155.6817,63.07147,0.7755708,1.000268,0.2249094,0.541626,0.8962362,0.1372521,Nothing
95.61493,24,2,3,0,0.730675,0.9125665,0.1938005,345.1809,155.7089,63.17607,0.7767306,1.000452,0.223936,0.5430244,0.8962011,0.1452769,Nothing
95.6235,24,2,3,0,0.7312009,0.9127007,0.1935146,345.2799,155.7185,63.2455,0.7774526,1.00058,0.223276,0.5432192,0.8953609,0.1477934,Nothing
95.63147,24,2,3,0,0.7317147,0.9128661,0.1931298,345.4132,155.7041,63.31251,0.7780498,1.000536,0.2227618,0.5422289,0.8939852,0.1468287,Nothing
95.64078,24,2,3,0,0.7319729,0.9131131,0.192618,345.5677,155.6656,63.33658,0.7792857,1.000467,0.2223079,0.5350755,0.900479,0.1474568,Nothing
95.64832,24,2,3,0,0.7321461,0.9133015,0.1922518,345.6831,155.6339,63.33667,0.7801507,1.000482,0.2217559,0.5301613,0.9043759,0.1500381,Nothing
95.65724,24,2,3,0,0.7320656,0.9134483,0.1920398,345.744,155.6013,63.29859,0.7810038,1.000392,0.2212075,0.5227097,0.909451,0.1556668,Nothing
95.66563,24,2,3,0,0.7320338,0.9135249,0.1919133,345.7771,155.5748,63.27665,0.7819351,1.000207,0.2206697,0.5150813,0.9140914,0.1624028,Nothing
95.67323,24,2,3,0,0.7312236,0.9136344,0.1921549,345.6932,155.5182,63.12935,0.7830431,0.999951,0.2200071,0.4991837,0.9242939,0.1793119,Nothing
95.68127,24,2,3,0,0.730476,0.9136561,0.1925206,345.5742,155.4728,63.01034,0.7836247,0.9997723,0.2197158,0.4881068,0.9314207,0.1924112,Nothing
95.6899,24,2,3,0,0.7294664,0.9137317,0.1928657,345.423,155.4152,62.85909,0.7841172,0.9994008,0.2194066,0.4732373,0.9389133,0.2061617,Nothing
95.69856,24,2,3,0,0.7284754,0.9136913,0.193356,345.2482,155.3467,62.70488,0.7845501,0.9990824,0.2191622,0.4599988,0.9460154,0.2211946,Nothing
95.7067,24,2,3,0,0.7273782,0.9138076,0.1938823,345.0823,155.2729,62.56257,0.7846795,0.9989454,0.2189556,0.4481319,0.9514963,0.2353719,Nothing
95.71512,24,2,3,0,0.7264159,0.9138232,0.1944572,344.9128,155.2142,62.42673,0.7850648,0.9987079,0.2186297,0.4356491,0.9569384,0.2514236,Nothing
95.72371,24,2,3,0,0.7255994,0.9139893,0.1950139,344.7527,155.1401,62.3098,0.7854691,0.9985667,0.2183754,0.4236123,0.9613269,0.2660151,Nothing
95.73218,24,2,3,0,0.7242181,0.9140147,0.1957889,344.5215,155.0367,62.11735,0.7860821,0.9982797,0.2178281,0.4055934,0.9692639,0.2896791,Nothing
95.74078,24,2,3,0,0.7233045,0.9140418,0.1962896,344.3798,154.9663,61.99326,0.786302,0.9982001,0.2172036,0.3955002,0.9721654,0.3069123,Nothing
95.74893,24,2,3,0,0.7227788,0.9141608,0.196862,344.2826,154.8942,61.90908,0.7867687,0.9980728,0.2165588,0.3857716,0.9726235,0.3233718,Nothing
95.75705,24,2,3,0,0.7221129,0.9142541,0.1971674,344.2147,154.8273,61.81433,0.7869503,0.9980883,0.2157865,0.37826,0.9735429,0.3379748,Nothing
95.76497,24,2,3,0,0.7215422,0.9143609,0.1974317,344.1679,154.7545,61.73885,0.7874846,0.9981697,0.2149293,0.3702125,0.9762815,0.3539642,Nothing
95.7735,24,2,3,0,0.7210736,0.9144777,0.1976697,344.1365,154.6788,61.68336,0.7875454,0.9982347,0.2140688,0.3654748,0.9745079,0.3670881,Nothing
95.78168,24,2,3,0,0.7206565,0.9146084,0.1978741,344.1202,154.5952,61.64177,0.787684,0.9982315,0.2132911,0.3602201,0.973022,0.378942,Nothing
95.79033,24,2,3,0,0.7202994,0.9147287,0.1980724,344.1068,154.5136,61.61009,0.7873067,0.9980733,0.2122955,0.3570201,0.9653683,0.3897746,Nothing
95.79887,24,2,3,0,0.719771,0.9148952,0.198382,344.0815,154.3913,61.5664,0.7870383,0.9980582,0.2107042,0.3527407,0.9565126,0.4089206,Nothing
95.80785,24,2,3,0,0.7192081,0.9144934,0.1984505,344.0493,154.3137,61.53454,0.7869795,0.9983513,0.209455,0.355,0.9565811,0.4259686,Nothing
95.81546,24,2,3,0,0.7188764,0.9145144,0.1987225,344.0044,154.233,61.51844,0.7864357,0.9982741,0.2080442,0.3544662,0.9455126,0.4411604,Nothing
95.82404,24,2,3,0,0.7182746,0.9142133,0.1983472,343.9547,154.1694,61.48928,0.7861037,0.9980652,0.2067971,0.3528092,0.9431917,0.4516336,Nothing
95.83199,24,2,3,0,0.7179396,0.9141688,0.198662,343.8881,154.11,61.47707,0.7854555,0.9979157,0.2054253,0.3527137,0.931237,0.466409,Nothing
95.84045,24,2,3,0,0.7176121,0.9141007,0.1990099,343.8121,154.0756,61.46117,0.7846916,0.9977426,0.204053,0.3531697,0.918269,0.4807731,Nothing
95.84837,24,2,3,0,0.7171773,0.9140648,0.1993952,343.739,154.0021,61.4505,0.7840655,0.9975014,0.2026126,0.351481,0.9058472,0.4971772,Nothing
95.85698,24,2,3,0,0.7167524,0.913943,0.1998331,343.6433,153.9725,61.42382,0.7826457,0.9970974,0.2005395,0.3530364,0.8837446,0.5157288,Nothing
95.86528,24,2,3,0,0.7165494,0.9139056,0.1999912,343.6135,153.9609,61.40657,0.7811285,0.9965733,0.1993343,0.3553996,0.8645436,0.5211701,Nothing
95.87384,24,2,3,0,0.7165347,0.9137453,0.1999666,343.6312,153.954,61.39914,0.7799506,0.9961451,0.1980277,0.3593609,0.8480847,0.5265185,Nothing
95.88179,24,2,3,0,0.7165594,0.9137899,0.1998456,343.677,153.925,61.40764,0.7787672,0.9956197,0.1967936,0.3614636,0.830644,0.5291755,Nothing
95.89085,24,2,3,0,0.7167119,0.9138935,0.1996991,343.7472,153.8933,61.42769,0.7773135,0.9949774,0.195597,0.3646125,0.8097563,0.5287772,Nothing
95.89891,24,2,3,0,0.716853,0.9140356,0.1994898,343.8151,153.8633,61.44963,0.7758468,0.994266,0.1943249,0.366843,0.788277,0.5281907,Nothing
95.90701,24,2,3,0,0.7170478,0.9142154,0.1992885,343.8808,153.829,61.47506,0.7745175,0.9936586,0.1930921,0.369209,0.7678317,0.5279408,Nothing
95.91577,24,2,3,0,0.7172679,0.9143484,0.1991988,343.9415,153.7859,61.5095,0.7722795,0.9925848,0.1912913,0.3730805,0.7348193,0.5285671,Nothing
95.92361,24,2,3,0,0.717288,0.9144347,0.1991319,343.9352,153.7666,61.52103,0.7708148,0.9918867,0.1899288,0.3744406,0.7131729,0.5315382,Nothing
95.93214,24,2,3,0,0.7172752,0.9144174,0.1993224,343.8853,153.7769,61.52079,0.7692826,0.991188,0.1887784,0.3763435,0.6915775,0.5353244,Nothing
95.94032,24,2,3,0,0.7171276,0.9142691,0.1995997,343.8456,153.792,61.5246,0.7678735,0.9905569,0.1875794,0.3786513,0.672177,0.5418223,Nothing
95.94952,24,2,3,0,0.7170775,0.9142655,0.1997295,343.8148,153.819,61.51261,0.7666339,0.9900352,0.1864617,0.3801511,0.654548,0.5463406,Nothing
95.95723,24,2,3,0,0.7170725,0.9143053,0.1997501,343.8119,153.8549,61.49773,0.7652953,0.9894317,0.1855516,0.3815802,0.6371031,0.5467353,Nothing
95.96556,24,2,3,0,0.7171113,0.9143528,0.1997535,343.8115,153.8857,61.48991,0.7638976,0.9887804,0.184877,0.3832275,0.6198704,0.5443261,Nothing
95.9738,24,2,3,0,0.7171714,0.9144464,0.199665,343.8347,153.908,61.47898,0.762631,0.988208,0.1844702,0.3847675,0.6055368,0.5391276,Nothing
95.98221,24,2,3,0,0.7175189,0.9147353,0.1993618,343.9072,153.9218,61.49484,0.7606762,0.9872733,0.1837601,0.3875218,0.5808465,0.5284546,Nothing
95.99019,24,2,3,0,0.7177688,0.9149553,0.1990845,343.9901,153.9189,61.51335,0.7595152,0.9867541,0.1835483,0.3897201,0.5674174,0.5188357,Nothing
95.99834,24,2,3,0,0.7180448,0.9151874,0.1988081,344.0761,153.9153,61.53474,0.7584821,0.9863195,0.1833778,0.3920109,0.5552726,0.5094886,Nothing
96.00719,24,2,3,0,0.7181956,0.915358,0.1985393,344.1493,153.926,61.53427,0.7574106,0.985897,0.1832019,0.3941065,0.5442162,0.5009108,Nothing
96.01532,24,2,3,0,0.7183436,0.9155567,0.1983233,344.2029,153.9426,61.52948,0.756653,0.9858119,0.1835167,0.3969593,0.5391887,0.490889,Nothing
96.02464,24,2,3,0,0.7183179,0.9157318,0.1980956,344.2146,153.9585,61.4989,0.7557934,0.9857612,0.1837128,0.399351,0.5344153,0.4827296,Nothing
96.03209,24,2,3,0,0.7181922,0.9158741,0.198043,344.1873,153.9719,61.45644,0.755278,0.9859021,0.1841252,0.4008747,0.5341364,0.4771732,Nothing
96.04138,24,2,3,0,0.7179656,0.9160035,0.1979854,344.1768,153.9967,61.41988,0.7541509,0.9859294,0.184613,0.4044896,0.5300683,0.4681967,Nothing
96.04918,24,2,3,0,0.7177827,0.9161559,0.1978806,344.1649,154.0235,61.36522,0.7535517,0.9859754,0.1849835,0.4052494,0.5293667,0.4619226,Nothing
96.05717,24,2,3,0,0.7176092,0.9163314,0.1976992,344.1729,154.0588,61.30408,0.7531564,0.9861737,0.1855694,0.4061503,0.5323799,0.4540142,Nothing
96.06517,24,2,3,0,0.717307,0.916399,0.1974742,344.1935,154.1125,61.21921,0.7526745,0.9864166,0.1862198,0.4079769,0.5372728,0.4455361,Nothing
96.07401,24,2,3,0,0.7171448,0.9166161,0.1971378,344.2467,154.1521,61.15039,0.7523428,0.9866838,0.186987,0.4090535,0.5427446,0.4344426,Nothing
96.08212,24,2,3,0,0.7169659,0.9168389,0.1965446,344.336,154.187,61.09032,0.7518624,0.9868461,0.1875537,0.410204,0.5470202,0.4215997,Nothing
96.09114,24,2,3,0,0.7168816,0.9171249,0.1960171,344.4303,154.223,61.03502,0.7514775,0.9870631,0.1882229,0.4113189,0.5514085,0.4083387,Nothing
96.09891,24,2,3,0,0.7167882,0.9173528,0.195499,344.5299,154.2305,60.98574,0.7510215,0.9872615,0.1888212,0.4131865,0.5549471,0.3956964,Nothing
96.11182,24,2,3,0,0.7166567,0.9177889,0.1945802,344.7195,154.239,60.89797,0.7499986,0.9876413,0.1899552,0.4177979,0.5596977,0.3714095,Nothing
96.12471,24,2,3,0,0.7165312,0.9179996,0.1940894,344.8206,154.2216,60.85441,0.7491804,0.9880395,0.1905189,0.4233028,0.5613285,0.3585541,Nothing
96.13322,24,2,3,0,0.7165145,0.9180099,0.1938325,344.84,154.2012,60.83992,0.7485635,0.9884151,0.1905471,0.4296923,0.5601438,0.3543082,Nothing
96.14067,24,2,3,0,0.7164152,0.9181811,0.1936863,344.8549,154.1979,60.84615,0.7479635,0.9887138,0.1905968,0.4336652,0.5579979,0.3506126,Nothing
96.14838,24,2,3,0,0.7162714,0.9181503,0.1937689,344.8239,154.1891,60.84042,0.7473109,0.9891061,0.1903219,0.4399006,0.554352,0.3531227,Nothing
96.15691,24,2,3,0,0.716142,0.9180433,0.1940421,344.7567,154.1727,60.85453,0.7465553,0.9895682,0.1897936,0.4480583,0.5479985,0.3599074,Nothing
96.16507,24,2,3,0,0.7160485,0.9180164,0.1941376,344.7302,154.1634,60.85811,0.7457858,0.9898807,0.1890145,0.4546293,0.5400237,0.366011,Nothing
96.1736,24,2,3,0,0.7157094,0.9178559,0.1944373,344.6867,154.1416,60.87947,0.7446102,0.990505,0.1878888,0.4660088,0.5299532,0.3777496,Nothing
96.18225,24,2,3,0,0.7160634,0.9177134,0.1945883,344.6852,154.1106,60.93595,0.74361,0.990829,0.1867732,0.4780416,0.5150989,0.3845418,Nothing
96.1909,24,2,3,0,0.7161062,0.9176722,0.1946978,344.6736,154.0799,60.96259,0.742552,0.9912859,0.1853757,0.488625,0.5012609,0.3947351,Nothing
96.19893,24,2,3,0,0.7161217,0.9175225,0.1947685,344.7245,154.0601,61.01056,0.7415512,0.9917179,0.1840734,0.5000066,0.4891812,0.4035437,Nothing
96.20723,24,2,3,0,0.716288,0.9175072,0.1948613,344.727,154.0016,61.06326,0.740497,0.9921368,0.1827201,0.5110181,0.4741365,0.4123907,Nothing
96.21521,24,2,3,0,0.7163995,0.9174632,0.1949905,344.7136,153.9666,61.10154,0.7394312,0.992547,0.1812717,0.5217124,0.4589742,0.422735,Nothing
96.22357,24,2,3,0,0.7165613,0.9173479,0.1950489,344.6922,153.9705,61.12241,0.73835,0.9929799,0.1798262,0.5333127,0.4444062,0.4323846,Nothing
96.2319,24,2,3,0,0.7165967,0.9172487,0.1952548,344.6432,153.9545,61.14434,0.736702,0.993319,0.1777257,0.546238,0.4217411,0.4473011,Nothing
96.23993,24,2,3,0,0.7167566,0.9174229,0.1952666,344.631,153.9553,61.16048,0.7357317,0.9936227,0.1762745,0.5536079,0.406277,0.4558434,Nothing
96.24881,24,2,3,0,0.7167413,0.9174412,0.1951496,344.6375,153.9667,61.13861,0.7345239,0.9937561,0.1748893,0.5610271,0.3917566,0.4621215,Nothing
96.25676,24,2,3,0,0.7167667,0.9174467,0.1950532,344.6433,153.9509,61.14215,0.733271,0.9938026,0.1735605,0.5685037,0.3760641,0.4675528,Nothing
96.26506,24,2,3,0,0.7168519,0.9175316,0.1948055,344.694,153.9457,61.13842,0.732093,0.9937372,0.172249,0.5745006,0.3607286,0.470495,Nothing
96.27425,24,2,3,0,0.7168489,0.917726,0.1945159,344.7655,153.9534,61.13503,0.7308726,0.993601,0.1711081,0.5788128,0.3460978,0.4710249,Nothing
96.28197,24,2,3,0,0.7169579,0.9178558,0.1942377,344.808,153.9357,61.14305,0.7296538,0.9934522,0.1699823,0.5840958,0.3305716,0.4715403,Nothing
96.29063,24,2,3,0,0.7170136,0.9179623,0.1939418,344.8684,153.9314,61.13821,0.7284971,0.9932332,0.1691127,0.5883505,0.3173349,0.4697951,Nothing
96.29863,24,2,3,0,0.7169272,0.9180523,0.1936378,344.9358,153.9294,61.13216,0.7268831,0.9929082,0.1679468,0.5936101,0.2999048,0.468921,SelectionStart
96.29865,24,2,3,0,0.7169272,0.9180523,0.1936378,344.9358,153.9294,61.13216,0.7268831,0.9929082,0.1679468,0.5936101,0.2999048,0.468921,SelectionEnd
96.30234,24,2,3,0,0.7169272,0.9180523,0.1936378,344.9358,153.9294,61.13216,0.7268831,0.9929082,0.1679468,0.5936101,0.2999048,0.468921,GotSelection
96.31389,24,2,3,0,0.7168744,0.9181533,0.1933266,344.9865,153.9209,61.11863,0.7256204,0.9923867,0.1674347,0.5951549,0.2872001,0.4632199,SelectionStart
96.3139,24,2,3,0,0.7168744,0.9181533,0.1933266,344.9865,153.9209,61.11863,0.7256204,0.9923867,0.1674347,0.5951549,0.2872001,0.4632199,SelectionEnd
96.31723,24,2,3,0,0.7168744,0.9181533,0.1933266,344.9865,153.9209,61.11863,0.7256204,0.9923867,0.1674347,0.5951549,0.2872001,0.4632199,GotSelection
96.32756,24,2,3,0,0.7167583,0.9181769,0.1931466,344.9695,153.9165,61.10817,0.7240955,0.9916852,0.1671452,0.5964194,0.2727067,0.4563617,SelectionStart
96.32758,24,2,3,0,0.7167583,0.9181769,0.1931466,344.9695,153.9165,61.10817,0.7240955,0.9916852,0.1671452,0.5964194,0.2727067,0.4563617,SelectionEnd
96.33093,24,2,3,0,0.7167583,0.9181769,0.1931466,344.9695,153.9165,61.10817,0.7240955,0.9916852,0.1671452,0.5964194,0.2727067,0.4563617,GotSelection
96.3414,24,2,3,0,0.7165142,0.9181451,0.1931852,344.9142,153.9213,61.079,0.7228538,0.9907453,0.1676162,0.5934584,0.2632489,0.44644,SelectionStart
96.34142,24,2,3,0,0.7165142,0.9181451,0.1931852,344.9142,153.9213,61.079,0.7228538,0.9907453,0.1676162,0.5934584,0.2632489,0.44644,SelectionEnd
96.34474,24,2,3,0,0.7165142,0.9181451,0.1931852,344.9142,153.9213,61.079,0.7228538,0.9907453,0.1676162,0.5934584,0.2632489,0.44644,GotSelection
96.35866,24,2,3,0,0.7160435,0.9179881,0.1931584,344.8743,153.959,61.03527,0.722233,0.9903789,0.1702741,0.5917035,0.2752091,0.4219627,SelectionStart
96.35869,24,2,3,0,0.7160435,0.9179881,0.1931584,344.8743,153.959,61.03527,0.722233,0.9903789,0.1702741,0.5917035,0.2752091,0.4219627,SelectionEnd
96.36214,24,2,3,0,0.7160435,0.9179881,0.1931584,344.8743,153.959,61.03527,0.722233,0.9903789,0.1702741,0.5917035,0.2752091,0.4219627,GotSelection
96.37366,24,2,3,0,0.7159095,0.9180534,0.1929728,344.8847,153.9612,61.00697,0.7220637,0.9900712,0.1730985,0.5883688,0.2887805,0.3940659,SelectionStart
96.37367,24,2,3,0,0.7159095,0.9180534,0.1929728,344.8847,153.9612,61.00697,0.7220637,0.9900712,0.1730985,0.5883688,0.2887805,0.3940659,SelectionEnd
96.37706,24,2,3,0,0.7159095,0.9180534,0.1929728,344.8847,153.9612,61.00697,0.7220637,0.9900712,0.1730985,0.5883688,0.2887805,0.3940659,GotSelection
96.38731,24,2,3,0,0.7159411,0.9181676,0.1926329,344.9395,153.9663,60.99425,0.7223999,0.9903315,0.1763265,0.5879057,0.3101701,0.3635632,SelectionStart
96.38733,24,2,3,0,0.7159411,0.9181676,0.1926329,344.9395,153.9663,60.99425,0.7223999,0.9903315,0.1763265,0.5879057,0.3101701,0.3635632,SelectionEnd
96.39056,24,2,3,0,0.7159411,0.9181676,0.1926329,344.9395,153.9663,60.99425,0.7223999,0.9903315,0.1763265,0.5879057,0.3101701,0.3635632,GotSelection
96.43968,24,2,3,0,0.715719,0.9182789,0.1923676,344.9434,153.939,60.93695,0.7236341,0.9908812,0.185028,0.5826045,0.3691358,0.2916214,SelectionStart
96.43971,24,2,3,0,0.715719,0.9182789,0.1923676,344.9434,153.939,60.93695,0.7236341,0.9908812,0.185028,0.5826045,0.3691358,0.2916214,SelectionEnd
96.44319,24,2,3,0,0.715719,0.9182789,0.1923676,344.9434,153.939,60.93695,0.7236341,0.9908812,0.185028,0.5826045,0.3691358,0.2916214,GotSelection
96.45282,24,2,3,0,0.7153077,0.9177451,0.1930889,344.7175,154.0038,60.83923,0.7269127,0.9923103,0.1972835,0.5767167,0.4651372,0.2134611,SelectionStart
96.45285,24,2,3,0,0.7153077,0.9177451,0.1930889,344.7175,154.0038,60.83923,0.7269127,0.9923103,0.1972835,0.5767167,0.4651372,0.2134611,SelectionEnd
96.45612,24,2,3,0,0.7153077,0.9177451,0.1930889,344.7175,154.0038,60.83923,0.7269127,0.9923103,0.1972835,0.5767167,0.4651372,0.2134611,GotSelection
96.46529,24,2,3,0,0.7151247,0.9179263,0.1932304,344.6968,153.9747,60.85138,0.7280813,0.9923476,0.201711,0.5677819,0.4961232,0.1813353,SelectionStart
96.4653,24,2,3,0,0.7151247,0.9179263,0.1932304,344.6968,153.9747,60.85138,0.7280813,0.9923476,0.201711,0.5677819,0.4961232,0.1813353,SelectionEnd
96.46861,24,2,3,0,0.7151247,0.9179263,0.1932304,344.6968,153.9747,60.85138,0.7280813,0.9923476,0.201711,0.5677819,0.4961232,0.1813353,GotSelection
96.47905,24,2,3,0,0.7150054,0.9178142,0.1933941,344.6653,154.0082,60.83693,0.7292796,0.9922696,0.2075148,0.5602992,0.5348588,0.137547,SelectionStart
96.47906,24,2,3,0,0.7150054,0.9178142,0.1933941,344.6653,154.0082,60.83693,0.7292796,0.9922696,0.2075148,0.5602992,0.5348588,0.137547,SelectionEnd
96.48233,24,2,3,0,0.7150054,0.9178142,0.1933941,344.6653,154.0082,60.83693,0.7292796,0.9922696,0.2075148,0.5602992,0.5348588,0.137547,GotSelection
96.49165,24,2,3,0,0.7150143,0.9177908,0.1934936,344.6458,154.0215,60.83613,0.7303892,0.9920533,0.2118741,0.5523106,0.5637553,0.1043085,SelectionStart
96.49167,24,2,3,0,0.7150143,0.9177908,0.1934936,344.6458,154.0215,60.83613,0.7303892,0.9920533,0.2118741,0.5523106,0.5637553,0.1043085,SelectionEnd
96.495,24,2,3,0,0.7150143,0.9177908,0.1934936,344.6458,154.0215,60.83613,0.7303892,0.9920533,0.2118741,0.5523106,0.5637553,0.1043085,GotSelection
96.50784,24,2,3,0,0.7149953,0.9178263,0.1934775,344.629,154.0407,60.83082,0.7320495,0.9918613,0.2174236,0.5407699,0.6034604,0.06184881,SelectionStart
96.50786,24,2,3,0,0.7149953,0.9178263,0.1934775,344.629,154.0407,60.83082,0.7320495,0.9918613,0.2174236,0.5407699,0.6034604,0.06184881,SelectionEnd
96.51125,24,2,3,0,0.7149953,0.9178263,0.1934775,344.629,154.0407,60.83082,0.7320495,0.9918613,0.2174236,0.5407699,0.6034604,0.06184881,GotSelection
96.52151,24,2,3,0,0.7150649,0.9179425,0.1933165,344.6293,154.0325,60.83317,0.7334126,0.9916726,0.2216886,0.5307977,0.6341102,0.02748599,SelectionStart
96.52155,24,2,3,0,0.7150649,0.9179425,0.1933165,344.6293,154.0325,60.83317,0.7334126,0.9916726,0.2216886,0.5307977,0.6341102,0.02748599,SelectionEnd
96.52493,24,2,3,0,0.7150649,0.9179425,0.1933165,344.6293,154.0325,60.83317,0.7334126,0.9916726,0.2216886,0.5307977,0.6341102,0.02748599,GotSelection
96.53517,24,2,3,0,0.7151183,0.9180045,0.1932556,344.6251,154.0762,60.82318,0.7352949,0.9913676,0.227504,0.517288,0.6758017,-0.01778972,SelectionStart
96.53519,24,2,3,0,0.7151183,0.9180045,0.1932556,344.6251,154.0762,60.82318,0.7352949,0.9913676,0.227504,0.517288,0.6758017,-0.01778972,SelectionEnd
96.53845,24,2,3,0,0.7151183,0.9180045,0.1932556,344.6251,154.0762,60.82318,0.7352949,0.9913676,0.227504,0.517288,0.6758017,-0.01778972,GotSelection
96.54898,24,2,3,0,0.7151124,0.918092,0.1929709,344.6362,154.0965,60.79499,0.7375061,0.9908731,0.2331491,0.4994994,0.7197927,-0.062575,SelectionStart
96.549,24,2,3,0,0.7151124,0.918092,0.1929709,344.6362,154.0965,60.79499,0.7375061,0.9908731,0.2331491,0.4994994,0.7197927,-0.062575,SelectionEnd
96.55247,24,2,3,0,0.7151124,0.918092,0.1929709,344.6362,154.0965,60.79499,0.7375061,0.9908731,0.2331491,0.4994994,0.7197927,-0.062575,GotSelection
96.56204,24,2,3,0,0.7149732,0.9180583,0.1929063,344.6299,154.1253,60.75732,0.7387065,0.9901111,0.2373546,0.4852819,0.7481515,-0.09668669,SelectionStart
96.56206,24,2,3,0,0.7149732,0.9180583,0.1929063,344.6299,154.1253,60.75732,0.7387065,0.9901111,0.2373546,0.4852819,0.7481515,-0.09668669,SelectionEnd
96.5654,24,2,3,0,0.7149732,0.9180583,0.1929063,344.6299,154.1253,60.75732,0.7387065,0.9901111,0.2373546,0.4852819,0.7481515,-0.09668669,GotSelection
96.57635,24,2,3,0,0.7149171,0.9181119,0.1927127,344.6309,154.1718,60.70518,0.7402208,0.9890493,0.2426508,0.4662733,0.7825423,-0.1419186,SelectionStart
96.57637,24,2,3,0,0.7149171,0.9181119,0.1927127,344.6309,154.1718,60.70518,0.7402208,0.9890493,0.2426508,0.4662733,0.7825423,-0.1419186,SelectionEnd
96.57977,24,2,3,0,0.7149171,0.9181119,0.1927127,344.6309,154.1718,60.70518,0.7402208,0.9890493,0.2426508,0.4662733,0.7825423,-0.1419186,GotSelection
96.6239,24,2,3,0,0.7151296,0.9181368,0.1925762,344.6178,154.2194,60.69272,0.742692,0.9874901,0.2492614,0.4399787,0.8257754,-0.1964885,SelectionStart
96.62393,24,2,3,0,0.7151296,0.9181368,0.1925762,344.6178,154.2194,60.69272,0.742692,0.9874901,0.2492614,0.4399787,0.8257754,-0.1964885,SelectionEnd
96.6273,24,2,3,0,0.7151296,0.9181368,0.1925762,344.6178,154.2194,60.69272,0.742692,0.9874901,0.2492614,0.4399787,0.8257754,-0.1964885,GotSelection
96.63663,24,2,3,0,0.7156686,0.9183089,0.1923978,344.6863,154.2603,60.71329,0.7456681,0.9856448,0.2577088,0.4091004,0.8773009,-0.2692531,SelectionStart
96.63664,24,2,3,0,0.7156686,0.9183089,0.1923978,344.6863,154.2603,60.71329,0.7456681,0.9856448,0.2577088,0.4091004,0.8773009,-0.2692531,SelectionEnd
96.63998,24,2,3,0,0.7156686,0.9183089,0.1923978,344.6863,154.2603,60.71329,0.7456681,0.9856448,0.2577088,0.4091004,0.8773009,-0.2692531,GotSelection
96.64972,24,2,3,0,0.7158824,0.918388,0.1924219,344.7106,154.2848,60.71814,0.7461707,0.9848695,0.2598227,0.4001953,0.8856516,-0.289413,SelectionStart
96.64973,24,2,3,0,0.7158824,0.918388,0.1924219,344.7106,154.2848,60.71814,0.7461707,0.9848695,0.2598227,0.4001953,0.8856516,-0.289413,SelectionEnd
96.65302,24,2,3,0,0.7158824,0.918388,0.1924219,344.7106,154.2848,60.71814,0.7461707,0.9848695,0.2598227,0.4001953,0.8856516,-0.289413,GotSelection
96.66571,24,2,3,0,0.7157592,0.918315,0.1919838,344.7257,154.2982,60.70531,0.7466536,0.9838179,0.2624983,0.3881104,0.9011286,-0.317403,SelectionStart
96.66574,24,2,3,0,0.7157592,0.918315,0.1919838,344.7257,154.2982,60.70531,0.7466536,0.9838179,0.2624983,0.3881104,0.9011286,-0.317403,SelectionEnd
96.66911,24,2,3,0,0.7157592,0.918315,0.1919838,344.7257,154.2982,60.70531,0.7466536,0.9838179,0.2624983,0.3881104,0.9011286,-0.317403,GotSelection
96.68114,24,2,3,0,0.7158402,0.918386,0.1918662,344.7325,154.3147,60.70695,0.7468438,0.9828029,0.2642695,0.3781943,0.9060969,-0.3368647,SelectionStart
96.68115,24,2,3,0,0.7158402,0.918386,0.1918662,344.7325,154.3147,60.70695,0.7468438,0.9828029,0.2642695,0.3781943,0.9060969,-0.3368647,SelectionEnd
96.68454,24,2,3,0,0.7158402,0.918386,0.1918662,344.7325,154.3147,60.70695,0.7468438,0.9828029,0.2642695,0.3781943,0.9060969,-0.3368647,GotSelection
96.69415,24,2,3,0,0.7159015,0.9183232,0.1918726,344.7205,154.3141,60.71288,0.7471164,0.9820768,0.2652243,0.3714392,0.9092588,-0.3459908,SelectionStart
96.69417,24,2,3,0,0.7159015,0.9183232,0.1918726,344.7205,154.3141,60.71288,0.7471164,0.9820768,0.2652243,0.3714392,0.9092588,-0.3459908,SelectionEnd
96.69756,24,2,3,0,0.7159015,0.9183232,0.1918726,344.7205,154.3141,60.71288,0.7471164,0.9820768,0.2652243,0.3714392,0.9092588,-0.3459908,GotSelection
96.70726,24,2,3,0,0.7159052,0.9182445,0.1920686,344.674,154.319,60.71871,0.7474747,0.9818765,0.2652807,0.3688162,0.9106753,-0.3429957,SelectionStart
96.70729,24,2,3,0,0.7159052,0.9182445,0.1920686,344.674,154.319,60.71871,0.7474747,0.9818765,0.2652807,0.3688162,0.9106753,-0.3429957,SelectionEnd
96.71068,24,2,3,0,0.7159052,0.9182445,0.1920686,344.674,154.319,60.71871,0.7474747,0.9818765,0.2652807,0.3688162,0.9106753,-0.3429957,GotSelection
96.72113,24,2,3,0,0.7157476,0.917996,0.1924939,344.5893,154.3559,60.71199,0.7477704,0.9816528,0.2648841,0.3671445,0.9100663,-0.3329583,SelectionStart
96.72115,24,2,3,0,0.7157476,0.917996,0.1924939,344.5893,154.3559,60.71199,0.7477704,0.9816528,0.2648841,0.3671445,0.9100663,-0.3329583,SelectionEnd
96.72475,24,2,3,0,0.7157476,0.917996,0.1924939,344.5893,154.3559,60.71199,0.7477704,0.9816528,0.2648841,0.3671445,0.9100663,-0.3329583,GotSelection
96.73523,24,2,3,0,0.7157448,0.917896,0.1926386,344.5568,154.3643,60.70683,0.7478282,0.9816616,0.2640055,0.3679074,0.9059463,-0.3229847,SelectionStart
96.73524,24,2,3,0,0.7157448,0.917896,0.1926386,344.5568,154.3643,60.70683,0.7478282,0.9816616,0.2640055,0.3679074,0.9059463,-0.3229847,SelectionEnd
96.73875,24,2,3,0,0.7157448,0.917896,0.1926386,344.5568,154.3643,60.70683,0.7478282,0.9816616,0.2640055,0.3679074,0.9059463,-0.3229847,GotSelection
96.74971,24,2,3,0,0.715793,0.9177395,0.1928764,344.5435,154.3392,60.73839,0.7477732,0.9819338,0.2621866,0.372591,0.8968438,-0.3035946,SelectionStart
96.74973,24,2,3,0,0.715793,0.9177395,0.1928764,344.5435,154.3392,60.73839,0.7477732,0.9819338,0.2621866,0.372591,0.8968438,-0.3035946,SelectionEnd
96.75305,24,2,3,0,0.715793,0.9177395,0.1928764,344.5435,154.3392,60.73839,0.7477732,0.9819338,0.2621866,0.372591,0.8968438,-0.3035946,GotSelection
96.76517,24,2,3,0,0.716141,0.9178026,0.1926835,344.5581,154.3166,60.79786,0.7474334,0.9825837,0.2587226,0.3821991,0.8777158,-0.2759092,SelectionStart
96.76518,24,2,3,0,0.716141,0.9178026,0.1926835,344.5581,154.3166,60.79786,0.7474334,0.9825837,0.2587226,0.3821991,0.8777158,-0.2759092,SelectionEnd
96.76875,24,2,3,0,0.716141,0.9178026,0.1926835,344.5581,154.3166,60.79786,0.7474334,0.9825837,0.2587226,0.3821991,0.8777158,-0.2759092,GotSelection
96.77951,24,2,3,0,0.7162057,0.9176936,0.1928012,344.5565,154.321,60.84624,0.7467692,0.9833915,0.2551327,0.3949195,0.8575931,-0.2436882,SelectionStart
96.77953,24,2,3,0,0.7162057,0.9176936,0.1928012,344.5565,154.321,60.84624,0.7467692,0.9833915,0.2551327,0.3949195,0.8575931,-0.2436882,SelectionEnd
96.78284,24,2,3,0,0.7162057,0.9176936,0.1928012,344.5565,154.321,60.84624,0.7467692,0.9833915,0.2551327,0.3949195,0.8575931,-0.2436882,GotSelection
96.82439,24,2,3,0,0.7164172,0.9173239,0.1930714,344.4633,154.3519,60.89484,0.7448226,0.9868795,0.2398592,0.4411233,0.7810309,-0.1036501,SelectionStart
96.82442,24,2,3,0,0.7164172,0.9173239,0.1930714,344.4633,154.3519,60.89484,0.7448226,0.9868795,0.2398592,0.4411233,0.7810309,-0.1036501,SelectionEnd
96.8279,24,2,3,0,0.7164172,0.9173239,0.1930714,344.4633,154.3519,60.89484,0.7448226,0.9868795,0.2398592,0.4411233,0.7810309,-0.1036501,GotSelection
96.83826,24,2,3,0,0.7165561,0.9172378,0.1931666,344.4486,154.3682,60.91829,0.7440971,0.9878841,0.2349843,0.4556155,0.7544386,-0.06023239,SelectionStart
96.83827,24,2,3,0,0.7165561,0.9172378,0.1931666,344.4486,154.3682,60.91829,0.7440971,0.9878841,0.2349843,0.4556155,0.7544386,-0.06023239,SelectionEnd
96.84193,24,2,3,0,0.7165561,0.9172378,0.1931666,344.4486,154.3682,60.91829,0.7440971,0.9878841,0.2349843,0.4556155,0.7544386,-0.06023239,GotSelection
96.85396,24,2,3,0,0.7166252,0.9170215,0.1933822,344.4324,154.385,60.95362,0.7429782,0.9890246,0.2281287,0.4742354,0.7159758,0.001190542,SelectionStart
96.85399,24,2,3,0,0.7166252,0.9170215,0.1933822,344.4324,154.385,60.95362,0.7429782,0.9890246,0.2281287,0.4742354,0.7159758,0.001190542,SelectionEnd
96.85736,24,2,3,0,0.7166252,0.9170215,0.1933822,344.4324,154.385,60.95362,0.7429782,0.9890246,0.2281287,0.4742354,0.7159758,0.001190542,GotSelection
96.86798,24,2,3,0,0.7169664,0.9169711,0.1933918,344.4367,154.3816,60.99925,0.7417734,0.9901366,0.2208827,0.493136,0.672919,0.06206346,SelectionStart
96.868,24,2,3,0,0.7169664,0.9169711,0.1933918,344.4367,154.3816,60.99925,0.7417734,0.9901366,0.2208827,0.493136,0.672919,0.06206346,SelectionEnd
96.87134,24,2,3,0,0.7169664,0.9169711,0.1933918,344.4367,154.3816,60.99925,0.7417734,0.9901366,0.2208827,0.493136,0.672919,0.06206346,GotSelection
96.88211,24,2,3,0,0.7172787,0.9169152,0.1933056,344.4631,154.3738,61.0624,0.7409236,0.9911491,0.2133938,0.5092875,0.6313817,0.1253465,SelectionStart
96.88213,24,2,3,0,0.7172787,0.9169152,0.1933056,344.4631,154.3738,61.0624,0.7409236,0.9911491,0.2133938,0.5092875,0.6313817,0.1253465,SelectionEnd
96.88554,24,2,3,0,0.7172787,0.9169152,0.1933056,344.4631,154.3738,61.0624,0.7409236,0.9911491,0.2133938,0.5092875,0.6313817,0.1253465,GotSelection
96.89618,24,2,3,0,0.7175859,0.9168851,0.1932794,344.4896,154.3434,61.12849,0.7400954,0.9917915,0.2080321,0.5219027,0.5985607,0.1694359,SelectionStart
96.89619,24,2,3,0,0.7175859,0.9168851,0.1932794,344.4896,154.3434,61.12849,0.7400954,0.9917915,0.2080321,0.5219027,0.5985607,0.1694359,SelectionEnd
96.89957,24,2,3,0,0.7175859,0.9168851,0.1932794,344.4896,154.3434,61.12849,0.7400954,0.9917915,0.2080321,0.5219027,0.5985607,0.1694359,GotSelection
96.91039,24,2,3,0,0.7177299,0.9167798,0.1933143,344.4834,154.3229,61.18175,0.7390398,0.9925729,0.2011102,0.5364416,0.5580942,0.2285521,SelectionStart
96.91042,24,2,3,0,0.7177299,0.9167798,0.1933143,344.4834,154.3229,61.18175,0.7390398,0.9925729,0.2011102,0.5364416,0.5580942,0.2285521,SelectionEnd
96.91368,24,2,3,0,0.7177299,0.9167798,0.1933143,344.4834,154.3229,61.18175,0.7390398,0.9925729,0.2011102,0.5364416,0.5580942,0.2285521,GotSelection
96.92444,24,2,3,0,0.7178572,0.916667,0.1933685,344.4607,154.322,61.22256,0.7380874,0.9930522,0.1944599,0.5475533,0.5184562,0.2852587,SelectionStart
96.92445,24,2,3,0,0.7178572,0.916667,0.1933685,344.4607,154.322,61.22256,0.7380874,0.9930522,0.1944599,0.5475533,0.5184562,0.2852587,SelectionEnd
96.92784,24,2,3,0,0.7178572,0.916667,0.1933685,344.4607,154.322,61.22256,0.7380874,0.9930522,0.1944599,0.5475533,0.5184562,0.2852587,GotSelection
96.93739,24,2,3,0,0.7179168,0.9165467,0.193425,344.439,154.3167,61.24252,0.7373602,0.9933212,0.1899432,0.5551305,0.4910003,0.3237714,SelectionStart
96.93741,24,2,3,0,0.7179168,0.9165467,0.193425,344.439,154.3167,61.24252,0.7373602,0.9933212,0.1899432,0.5551305,0.4910003,0.3237714,SelectionEnd
96.94086,24,2,3,0,0.7179168,0.9165467,0.193425,344.439,154.3167,61.24252,0.7373602,0.9933212,0.1899432,0.5551305,0.4910003,0.3237714,GotSelection
96.95024,24,2,3,0,0.7179964,0.9165032,0.1934837,344.4237,154.318,61.26126,0.7365367,0.9933449,0.1859932,0.5605698,0.4640343,0.355801,SelectionStart
96.95026,24,2,3,0,0.7179964,0.9165032,0.1934837,344.4237,154.318,61.26126,0.7365367,0.9933449,0.1859932,0.5605698,0.4640343,0.355801,SelectionEnd
96.95375,24,2,3,0,0.7179964,0.9165032,0.1934837,344.4237,154.318,61.26126,0.7365367,0.9933449,0.1859932,0.5605698,0.4640343,0.355801,GotSelection
96.96515,24,2,3,0,0.7182059,0.9165184,0.1934405,344.4464,154.3431,61.2798,0.735132,0.9933478,0.1811218,0.5693365,0.4274023,0.391332,SelectionStart
96.96516,24,2,3,0,0.7182059,0.9165184,0.1934405,344.4464,154.3431,61.2798,0.735132,0.9933478,0.1811218,0.5693365,0.4274023,0.391332,SelectionEnd
96.96843,24,2,3,0,0.7182059,0.9165184,0.1934405,344.4464,154.3431,61.2798,0.735132,0.9933478,0.1811218,0.5693365,0.4274023,0.391332,GotSelection
97.00961,24,2,3,0,0.7189867,0.9169735,0.1928663,344.6049,154.2949,61.36411,0.7333462,0.9926507,0.1728532,0.5748138,0.3633581,0.443583,SelectionStart
97.00964,24,2,3,0,0.7189867,0.9169735,0.1928663,344.6049,154.2949,61.36411,0.7333462,0.9926507,0.1728532,0.5748138,0.3633581,0.443583,SelectionEnd
97.01286,24,2,3,0,0.7189867,0.9169735,0.1928663,344.6049,154.2949,61.36411,0.7333462,0.9926507,0.1728532,0.5748138,0.3633581,0.443583,GotSelection
97.02466,24,2,3,0,0.7189609,0.9168949,0.1927972,344.6084,154.294,61.37705,0.7328407,0.9925143,0.1721036,0.5770141,0.355926,0.4473704,SelectionStart
97.02469,24,2,3,0,0.7189609,0.9168949,0.1927972,344.6084,154.294,61.37705,0.7328407,0.9925143,0.1721036,0.5770141,0.355926,0.4473704,SelectionEnd
97.02846,24,2,3,0,0.7189609,0.9168949,0.1927972,344.6084,154.294,61.37705,0.7328407,0.9925143,0.1721036,0.5770141,0.355926,0.4473704,GotSelection
97.03976,24,2,3,0,0.7189494,0.9169357,0.1927887,344.6,154.3152,61.3601,0.732007,0.9922301,0.1723616,0.5784808,0.3497917,0.4407092,SelectionStart
97.03978,24,2,3,0,0.7189494,0.9169357,0.1927887,344.6,154.3152,61.3601,0.732007,0.9922301,0.1723616,0.5784808,0.3497917,0.4407092,SelectionEnd
97.04324,24,2,3,0,0.7189494,0.9169357,0.1927887,344.6,154.3152,61.3601,0.732007,0.9922301,0.1723616,0.5784808,0.3497917,0.4407092,GotSelection
97.05417,24,2,3,0,0.7187838,0.9170731,0.1925251,344.6287,154.3043,61.33007,0.7320366,0.9922566,0.1743261,0.576528,0.3623526,0.4211591,SelectionStart
97.0542,24,2,3,0,0.7187838,0.9170731,0.1925251,344.6287,154.3043,61.33007,0.7320366,0.9922566,0.1743261,0.576528,0.3623526,0.4211591,SelectionEnd
97.05769,24,2,3,0,0.7187838,0.9170731,0.1925251,344.6287,154.3043,61.33007,0.7320366,0.9922566,0.1743261,0.576528,0.3623526,0.4211591,GotSelection
97.06721,24,2,3,0,0.7187972,0.9171371,0.1923081,344.663,154.2985,61.32302,0.7326013,0.9925304,0.1774394,0.5755602,0.3844638,0.3941507,SelectionStart
97.06723,24,2,3,0,0.7187972,0.9171371,0.1923081,344.663,154.2985,61.32302,0.7326013,0.9925304,0.1774394,0.5755602,0.3844638,0.3941507,SelectionEnd
97.07065,24,2,3,0,0.7187972,0.9171371,0.1923081,344.663,154.2985,61.32302,0.7326013,0.9925304,0.1774394,0.5755602,0.3844638,0.3941507,GotSelection
97.08273,24,2,3,0,0.7187086,0.9172549,0.1920349,344.6982,154.2861,61.30425,0.7334569,0.9926864,0.1819469,0.5708716,0.4161238,0.3554885,SelectionStart
97.08275,24,2,3,0,0.7187086,0.9172549,0.1920349,344.6982,154.2861,61.30425,0.7334569,0.9926864,0.1819469,0.5708716,0.4161238,0.3554885,SelectionEnd
97.08604,24,2,3,0,0.7187086,0.9172549,0.1920349,344.6982,154.2861,61.30425,0.7334569,0.9926864,0.1819469,0.5708716,0.4161238,0.3554885,GotSelection
97.09705,24,2,3,0,0.7186536,0.9173992,0.1918549,344.7197,154.2786,61.28742,0.7346447,0.9928025,0.1869786,0.5638559,0.4518255,0.3142629,SelectionStart
97.09706,24,2,3,0,0.7186536,0.9173992,0.1918549,344.7197,154.2786,61.28742,0.7346447,0.9928025,0.1869786,0.5638559,0.4518255,0.3142629,SelectionEnd
97.10313,24,2,3,0,0.7186536,0.9173992,0.1918549,344.7197,154.2786,61.28742,0.7346447,0.9928025,0.1869786,0.5638559,0.4518255,0.3142629,GotSelection
97.12465,24,2,3,0,0.7183998,0.9177837,0.1914951,344.7434,154.273,61.22931,0.7379205,0.9928408,0.1980707,0.5411752,0.5350479,0.2265898,SelectionStart
97.12466,24,2,3,0,0.7183998,0.9177837,0.1914951,344.7434,154.273,61.22931,0.7379205,0.9928408,0.1980707,0.5411752,0.5350479,0.2265898,SelectionEnd
97.12872,24,2,3,0,0.7183998,0.9177837,0.1914951,344.7434,154.273,61.22931,0.7379205,0.9928408,0.1980707,0.5411752,0.5350479,0.2265898,GotSelection
97.14145,24,2,3,0,0.7183356,0.9179475,0.1911858,344.8063,154.262,61.18839,0.7401695,0.9924644,0.2048079,0.5235725,0.5858442,0.1717791,SelectionStart
97.14148,24,2,3,0,0.7183356,0.9179475,0.1911858,344.8063,154.262,61.18839,0.7401695,0.9924644,0.2048079,0.5235725,0.5858442,0.1717791,SelectionEnd
97.14575,24,2,3,0,0.7183356,0.9179475,0.1911858,344.8063,154.262,61.18839,0.7401695,0.9924644,0.2048079,0.5235725,0.5858442,0.1717791,GotSelection
97.15749,24,2,3,0,0.7182081,0.9181273,0.1909654,344.8582,154.2692,61.1339,0.741993,0.9922084,0.2113144,0.5085276,0.6328474,0.1185792,SelectionStart
97.1575,24,2,3,0,0.7182081,0.9181273,0.1909654,344.8582,154.2692,61.1339,0.741993,0.9922084,0.2113144,0.5085276,0.6328474,0.1185792,SelectionEnd
97.16103,24,2,3,0,0.7182081,0.9181273,0.1909654,344.8582,154.2692,61.1339,0.741993,0.9922084,0.2113144,0.5085276,0.6328474,0.1185792,GotSelection
97.17151,24,2,3,0,0.7178653,0.9181796,0.1906374,344.8744,154.2738,61.07885,0.7440367,0.9918029,0.2177934,0.4907007,0.6833118,0.06693386,SelectionStart
97.17154,24,2,3,0,0.7178653,0.9181796,0.1906374,344.8744,154.2738,61.07885,0.7440367,0.9918029,0.2177934,0.4907007,0.6833118,0.06693386,SelectionEnd
97.17488,24,2,3,0,0.7178653,0.9181796,0.1906374,344.8744,154.2738,61.07885,0.7440367,0.9918029,0.2177934,0.4907007,0.6833118,0.06693386,GotSelection
97.21465,24,2,3,0,0.7174382,0.9183697,0.1908769,344.8573,154.2514,61.03794,0.7488711,0.9911911,0.2342004,0.4537466,0.8006933,-0.05573443,SelectionStart
97.21468,24,2,3,0,0.7174382,0.9183697,0.1908769,344.8573,154.2514,61.03794,0.7488711,0.9911911,0.2342004,0.4537466,0.8006933,-0.05573443,SelectionEnd
97.21803,24,2,3,0,0.7174382,0.9183697,0.1908769,344.8573,154.2514,61.03794,0.7488711,0.9911911,0.2342004,0.4537466,0.8006933,-0.05573443,GotSelection
97.22911,24,2,3,0,0.7173313,0.9183798,0.1911393,344.8158,154.2386,61.02235,0.7506652,0.9911243,0.2393959,0.4422434,0.8396021,-0.09087589,SelectionStart
97.22913,24,2,3,0,0.7173313,0.9183798,0.1911393,344.8158,154.2386,61.02235,0.7506652,0.9911243,0.2393959,0.4422434,0.8396021,-0.09087589,SelectionEnd
97.23276,24,2,3,0,0.7173313,0.9183798,0.1911393,344.8158,154.2386,61.02235,0.7506652,0.9911243,0.2393959,0.4422434,0.8396021,-0.09087589,GotSelection
97.24239,24,2,3,0,0.7171965,0.9183232,0.1910033,344.821,154.2281,61.01462,0.7515286,0.9911617,0.2424702,0.4372818,0.8637989,-0.1147968,SelectionStart
97.24242,24,2,3,0,0.7171965,0.9183232,0.1910033,344.821,154.2281,61.01462,0.7515286,0.9911617,0.2424702,0.4372818,0.8637989,-0.1147968,SelectionEnd
97.2457,24,2,3,0,0.7171965,0.9183232,0.1910033,344.821,154.2281,61.01462,0.7515286,0.9911617,0.2424702,0.4372818,0.8637989,-0.1147968,GotSelection
97.25676,24,2,3,0,0.7174446,0.9182311,0.1910903,344.8579,154.2328,61.02863,0.7527153,0.9912426,0.2463293,0.4336296,0.8905025,-0.1443295,SelectionStart
97.25677,24,2,3,0,0.7174446,0.9182311,0.1910903,344.8579,154.2328,61.02863,0.7527153,0.9912426,0.2463293,0.4336296,0.8905025,-0.1443295,SelectionEnd
97.26012,24,2,3,0,0.7174446,0.9182311,0.1910903,344.8579,154.2328,61.02863,0.7527153,0.9912426,0.2463293,0.4336296,0.8905025,-0.1443295,GotSelection
97.26994,24,2,3,0,0.7174984,0.9182156,0.1909297,344.8949,154.2518,61.02785,0.753328,0.9914633,0.2479772,0.4325251,0.9048024,-0.1580599,SelectionStart
97.26996,24,2,3,0,0.7174984,0.9182156,0.1909297,344.8949,154.2518,61.02785,0.753328,0.9914633,0.2479772,0.4325251,0.9048024,-0.1580599,SelectionEnd
97.27324,24,2,3,0,0.7174984,0.9182156,0.1909297,344.8949,154.2518,61.02785,0.753328,0.9914633,0.2479772,0.4325251,0.9048024,-0.1580599,GotSelection
97.28302,24,2,3,0,0.7176391,0.9183977,0.1909578,344.934,154.229,61.03523,0.7538908,0.99166,0.2500031,0.4301285,0.9180821,-0.1742702,SelectionStart
97.28304,24,2,3,0,0.7176391,0.9183977,0.1909578,344.934,154.229,61.03523,0.7538908,0.99166,0.2500031,0.4301285,0.9180821,-0.1742702,SelectionEnd
97.28642,24,2,3,0,0.7176391,0.9183977,0.1909578,344.934,154.229,61.03523,0.7538908,0.99166,0.2500031,0.4301285,0.9180821,-0.1742702,GotSelection
97.29825,24,2,3,0,0.7175974,0.9182162,0.190837,344.9592,154.2431,61.03419,0.7539457,0.9919398,0.2500724,0.4335612,0.9218704,-0.1748242,SelectionStart
97.29828,24,2,3,0,0.7175974,0.9182162,0.190837,344.9592,154.2431,61.03419,0.7539457,0.9919398,0.2500724,0.4335612,0.9218704,-0.1748242,SelectionEnd
97.30182,24,2,3,0,0.7175974,0.9182162,0.190837,344.9592,154.2431,61.03419,0.7539457,0.9919398,0.2500724,0.4335612,0.9218704,-0.1748242,GotSelection
97.31158,24,2,3,0,0.7176108,0.918097,0.1910609,344.8909,154.2261,61.06704,0.7538759,0.9922248,0.2502915,0.4381147,0.9230769,-0.1729075,SelectionStart
97.3116,24,2,3,0,0.7176108,0.918097,0.1910609,344.8909,154.2261,61.06704,0.7538759,0.9922248,0.2502915,0.4381147,0.9230769,-0.1729075,SelectionEnd
97.31483,24,2,3,0,0.7176108,0.918097,0.1910609,344.8909,154.2261,61.06704,0.7538759,0.9922248,0.2502915,0.4381147,0.9230769,-0.1729075,GotSelection
97.32465,24,2,3,0,0.7176621,0.9180062,0.1913806,344.8163,154.2273,61.10461,0.7535956,0.9926953,0.2495359,0.4456106,0.9176567,-0.1622242,SelectionStart
97.32466,24,2,3,0,0.7176621,0.9180062,0.1913806,344.8163,154.2273,61.10461,0.7535956,0.9926953,0.2495359,0.4456106,0.9176567,-0.1622242,SelectionEnd
97.32816,24,2,3,0,0.7176621,0.9180062,0.1913806,344.8163,154.2273,61.10461,0.7535956,0.9926953,0.2495359,0.4456106,0.9176567,-0.1622242,GotSelection
97.33971,24,2,3,0,0.7177138,0.9179217,0.1915834,344.7657,154.2417,61.12517,0.7540029,0.9936598,0.248233,0.4532855,0.9175488,-0.1439508,SelectionStart
97.33972,24,2,3,0,0.7177138,0.9179217,0.1915834,344.7657,154.2417,61.12517,0.7540029,0.9936598,0.248233,0.4532855,0.9175488,-0.1439508,SelectionEnd
97.34303,24,2,3,0,0.7177138,0.9179217,0.1915834,344.7657,154.2417,61.12517,0.7540029,0.9936598,0.248233,0.4532855,0.9175488,-0.1439508,GotSelection
97.36459,24,2,3,0,0.7176189,0.9181768,0.191298,344.8214,154.2615,61.11386,0.7528351,0.9947828,0.2457928,0.4664963,0.9027191,-0.1281186,Nothing
97.37328,24,2,3,0,0.7176586,0.9182432,0.1910832,344.8729,154.2936,61.0927,0.7524433,0.9955891,0.2444937,0.4750003,0.8975409,-0.1194352,Nothing
97.38132,24,2,3,0,0.7177426,0.918354,0.1909455,344.8965,154.3101,61.08074,0.7520123,0.9965388,0.2435212,0.4849293,0.8934906,-0.1124989,Nothing
97.38994,24,2,3,0,0.71777,0.9184099,0.1908567,344.9153,154.324,61.06621,0.751655,0.9972564,0.2425192,0.4925829,0.8892239,-0.1046863,Nothing
97.39767,24,2,3,0,0.7177832,0.918452,0.1908654,344.9088,154.3334,61.05908,0.7517315,0.9978412,0.2416383,0.4969005,0.8878448,-0.09506556,Nothing
97.40686,24,2,3,0,0.7177861,0.9184947,0.1908626,344.9033,154.3431,61.04932,0.7515332,0.9985592,0.2408409,0.5037563,0.8856193,-0.08707814,Nothing
97.4144,24,2,3,0,0.717731,0.9184855,0.1909604,344.8601,154.3636,61.03958,0.7513193,0.9992555,0.2401366,0.5107369,0.8838071,-0.07828168,Nothing
97.42308,24,2,3,0,0.7175727,0.9184197,0.1912383,344.7733,154.4076,61.0099,0.7513302,0.9997419,0.2395592,0.5144337,0.8835785,-0.06755274,Nothing
97.43233,24,2,3,0,0.7174239,0.9183278,0.191434,344.7069,154.4659,60.96537,0.75087,1.00051,0.2386978,0.5231973,0.8802853,-0.05667178,Nothing
97.43994,24,2,3,0,0.7173072,0.9183035,0.1915032,344.6713,154.5095,60.92439,0.7505128,1.000605,0.2384826,0.5251492,0.8778811,-0.05466847,Nothing
97.44896,24,2,3,0,0.71725,0.9183112,0.1914899,344.6605,154.5404,60.89105,0.7500155,1.00085,0.2381617,0.5292435,0.8743892,-0.05325712,Nothing
97.45679,24,2,3,0,0.7170682,0.91844,0.1913782,344.6865,154.5419,60.87897,0.7495567,1.001078,0.2379384,0.531421,0.872326,-0.05358456,Nothing
97.46448,24,2,3,0,0.7170791,0.9184798,0.1913343,344.6916,154.5581,60.86551,0.749094,1.001131,0.2378191,0.5339974,0.8685363,-0.05509868,Nothing
97.4729,24,2,3,0,0.7171799,0.918539,0.191264,344.7118,154.5631,60.87403,0.7484056,1.001172,0.2377869,0.5383123,0.8626282,-0.05917706,Nothing
97.49171,24,2,3,0,0.7173253,0.918533,0.1911788,344.7253,154.6137,60.89532,0.7473138,1.001273,0.2381636,0.5465603,0.8558072,-0.06884399,Nothing
97.50174,24,2,3,0,0.7175269,0.9186205,0.1911138,344.7384,154.6385,60.91894,0.7465728,1.001413,0.2385876,0.5526295,0.8511125,-0.07743219,Nothing
97.52754,24,2,3,0,0.7176253,0.9186477,0.1910748,344.7469,154.6373,60.93073,0.746154,1.001539,0.2389498,0.5564787,0.8495986,-0.08303715,Nothing
97.53261,24,2,3,0,0.7174277,0.9184484,0.1909922,344.7041,154.6212,60.91821,0.7453232,1.001933,0.2402743,0.5648479,0.8549432,-0.09582383,Nothing
97.54825,24,2,3,0,0.7173941,0.9182917,0.1911878,344.6322,154.6645,60.92438,0.7446622,1.002216,0.2414566,0.5724897,0.8571028,-0.10525,Nothing
97.55647,24,2,3,0,0.7174761,0.9182547,0.191344,344.5935,154.686,60.942,0.7441837,1.002312,0.2423541,0.5771564,0.8570105,-0.1133891,Nothing
97.56468,24,2,3,0,0.7175726,0.9182199,0.1914134,344.584,154.6996,60.95923,0.7438064,1.0022,0.2428168,0.5794427,0.8548288,-0.1190439,Nothing
97.57339,24,2,3,0,0.7176427,0.9181726,0.1913458,344.593,154.7062,60.97072,0.7433031,1.002006,0.2429597,0.5815181,0.8507246,-0.1239183,Nothing
97.58138,24,2,3,0,0.7177795,0.9181358,0.1913245,344.6019,154.7093,60.98172,0.7427562,1.001723,0.2428015,0.5833095,0.8435997,-0.1264087,Nothing
97.58987,24,2,3,0,0.7178729,0.9181103,0.19116,344.6374,154.7035,60.98875,0.7421145,1.001499,0.24228,0.5856318,0.8352674,-0.1273846,Nothing
97.59868,24,2,3,0,0.7181612,0.918085,0.1910648,344.6901,154.6963,61.02475,0.7412021,1.001179,0.2413504,0.5900471,0.8202891,-0.1265932,Nothing
97.60678,24,2,3,0,0.718357,0.9180744,0.1909475,344.7254,154.6999,61.05322,0.7402857,1.000838,0.2402933,0.5936207,0.8053157,-0.1243877,Nothing
97.61606,24,2,3,0,0.7184628,0.9180663,0.190967,344.7479,154.6906,61.08595,0.7389923,1.000471,0.2387525,0.5985261,0.7849833,-0.1176444,Nothing
97.62323,24,2,3,0,0.7186072,0.9180274,0.1910157,344.7526,154.6769,61.11584,0.7380193,1.000274,0.2372448,0.6035762,0.7678006,-0.1089109,Nothing
97.63216,24,2,3,0,0.7186958,0.9181309,0.1910667,344.7387,154.6586,61.15388,0.7370508,1.00023,0.2355038,0.6084864,0.7498886,-0.09748419,SelectionStart
97.63217,24,2,3,0,0.7186958,0.9181309,0.1910667,344.7387,154.6586,61.15388,0.7370508,1.00023,0.2355038,0.6084864,0.7498886,-0.09748419,SelectionEnd
97.63571,24,2,3,0,0.7186958,0.9181309,0.1910667,344.7387,154.6586,61.15388,0.7370508,1.00023,0.2355038,0.6084864,0.7498886,-0.09748419,GotSelection
97.64656,24,2,3,0,0.7188324,0.9179335,0.191384,344.6726,154.6421,61.2019,0.7348678,0.9998389,0.2319311,0.6200047,0.7116761,-0.07206073,SelectionStart
97.64659,24,2,3,0,0.7188324,0.9179335,0.191384,344.6726,154.6421,61.2019,0.7348678,0.9998389,0.2319311,0.6200047,0.7116761,-0.07206073,SelectionEnd
97.64998,24,2,3,0,0.7188324,0.9179335,0.191384,344.6726,154.6421,61.2019,0.7348678,0.9998389,0.2319311,0.6200047,0.7116761,-0.07206073,GotSelection
97.65979,24,2,3,0,0.7189578,0.917783,0.1917018,344.5956,154.6353,61.24209,0.7332953,0.9996819,0.2284582,0.6295977,0.6795213,-0.04431562,SelectionStart
97.65982,24,2,3,0,0.7189578,0.917783,0.1917018,344.5956,154.6353,61.24209,0.7332953,0.9996819,0.2284582,0.6295977,0.6795213,-0.04431562,SelectionEnd
97.66316,24,2,3,0,0.7189578,0.917783,0.1917018,344.5956,154.6353,61.24209,0.7332953,0.9996819,0.2284582,0.6295977,0.6795213,-0.04431562,GotSelection
97.67325,24,2,3,0,0.7191074,0.917567,0.1919583,344.5364,154.6149,61.29449,0.7316664,0.9993916,0.224888,0.6390281,0.6461101,-0.01701229,SelectionStart
97.67326,24,2,3,0,0.7191074,0.917567,0.1919583,344.5364,154.6149,61.29449,0.7316664,0.9993916,0.224888,0.6390281,0.6461101,-0.01701229,SelectionEnd
97.67682,24,2,3,0,0.7191074,0.917567,0.1919583,344.5364,154.6149,61.29449,0.7316664,0.9993916,0.224888,0.6390281,0.6461101,-0.01701229,GotSelection
97.68643,24,2,3,0,0.7193092,0.9172221,0.1924159,344.4745,154.5538,61.382,0.7294531,0.9991024,0.2201202,0.6531212,0.6011508,0.02052835,SelectionStart
97.68646,24,2,3,0,0.7193092,0.9172221,0.1924159,344.4745,154.5538,61.382,0.7294531,0.9991024,0.2201202,0.6531212,0.6011508,0.02052835,SelectionEnd
97.68988,24,2,3,0,0.7193092,0.9172221,0.1924159,344.4745,154.5538,61.382,0.7294531,0.9991024,0.2201202,0.6531212,0.6011508,0.02052835,GotSelection
97.70016,24,2,3,0,0.7198384,0.9170512,0.192518,344.4644,154.5021,61.46581,0.7279629,0.9987733,0.2159374,0.6631691,0.5628096,0.04990554,SelectionStart
97.70018,24,2,3,0,0.7198384,0.9170512,0.192518,344.4644,154.5021,61.46581,0.7279629,0.9987733,0.2159374,0.6631691,0.5628096,0.04990554,SelectionEnd
97.70349,24,2,3,0,0.7198384,0.9170512,0.192518,344.4644,154.5021,61.46581,0.7279629,0.9987733,0.2159374,0.6631691,0.5628096,0.04990554,GotSelection
97.71492,24,2,3,0,0.72045,0.9169335,0.1925751,344.5088,154.437,61.58747,0.7252616,0.9978771,0.2108677,0.6751075,0.507122,0.07873394,SelectionStart
97.71494,24,2,3,0,0.72045,0.9169335,0.1925751,344.5088,154.437,61.58747,0.7252616,0.9978771,0.2108677,0.6751075,0.507122,0.07873394,SelectionEnd
97.71851,24,2,3,0,0.72045,0.9169335,0.1925751,344.5088,154.437,61.58747,0.7252616,0.9978771,0.2108677,0.6751075,0.507122,0.07873394,GotSelection
97.72858,24,2,3,0,0.7211071,0.9168625,0.1924343,344.5798,154.3335,61.76171,0.7226654,0.9967354,0.2051052,0.6844421,0.4474019,0.1109862,SelectionStart
97.72859,24,2,3,0,0.7211071,0.9168625,0.1924343,344.5798,154.3335,61.76171,0.7226654,0.9967354,0.2051052,0.6844421,0.4474019,0.1109862,SelectionEnd
97.73196,24,2,3,0,0.7211071,0.9168625,0.1924343,344.5798,154.3335,61.76171,0.7226654,0.9967354,0.2051052,0.6844421,0.4474019,0.1109862,GotSelection
97.74144,24,2,3,0,0.7217318,0.9168957,0.1925698,344.609,154.2872,61.89856,0.7214183,0.9960814,0.2006211,0.6892757,0.4051919,0.1417157,SelectionStart
97.74146,24,2,3,0,0.7217318,0.9168957,0.1925698,344.609,154.2872,61.89856,0.7214183,0.9960814,0.2006211,0.6892757,0.4051919,0.1417157,SelectionEnd
97.74471,24,2,3,0,0.7217318,0.9168957,0.1925698,344.609,154.2872,61.89856,0.7214183,0.9960814,0.2006211,0.6892757,0.4051919,0.1417157,GotSelection
97.75752,24,2,3,0,0.7223495,0.9168629,0.1925642,344.6559,154.2468,62.03997,0.7190007,0.9944599,0.1942189,0.6923167,0.3409591,0.1805008,SelectionStart
97.75754,24,2,3,0,0.7223495,0.9168629,0.1925642,344.6559,154.2468,62.03997,0.7190007,0.9944599,0.1942189,0.6923167,0.3409591,0.1805008,SelectionEnd
97.76096,24,2,3,0,0.7223495,0.9168629,0.1925642,344.6559,154.2468,62.03997,0.7190007,0.9944599,0.1942189,0.6923167,0.3409591,0.1805008,GotSelection
97.77122,24,2,3,0,0.7226489,0.9169765,0.192439,344.7112,154.2315,62.09503,0.7173672,0.9933558,0.1895077,0.6922152,0.296965,0.2088479,SelectionStart
97.77124,24,2,3,0,0.7226489,0.9169765,0.192439,344.7112,154.2315,62.09503,0.7173672,0.9933558,0.1895077,0.6922152,0.296965,0.2088479,SelectionEnd
97.77512,24,2,3,0,0.7226489,0.9169765,0.192439,344.7112,154.2315,62.09503,0.7173672,0.9933558,0.1895077,0.6922152,0.296965,0.2088479,GotSelection
97.78705,24,2,3,0,0.7228904,0.9170078,0.1922163,344.7856,154.2204,62.1194,0.7151448,0.9917063,0.1823461,0.6906889,0.2353583,0.2543225,SelectionStart
97.78706,24,2,3,0,0.7228904,0.9170078,0.1922163,344.7856,154.2204,62.1194,0.7151448,0.9917063,0.1823461,0.6906889,0.2353583,0.2543225,SelectionEnd
97.79037,24,2,3,0,0.7228904,0.9170078,0.1922163,344.7856,154.2204,62.1194,0.7151448,0.9917063,0.1823461,0.6906889,0.2353583,0.2543225,GotSelection
97.83284,24,2,3,0,0.7226579,0.9171202,0.1918026,344.8249,154.2253,62.08557,0.711589,0.988795,0.1704287,0.6815398,0.1386969,0.3335329,SelectionStart
97.83289,24,2,3,0,0.7226579,0.9171202,0.1918026,344.8249,154.2253,62.08557,0.711589,0.988795,0.1704287,0.6815398,0.1386969,0.3335329,SelectionEnd
97.83723,24,2,3,0,0.7226579,0.9171202,0.1918026,344.8249,154.2253,62.08557,0.711589,0.988795,0.1704287,0.6815398,0.1386969,0.3335329,GotSelection
97.84737,24,2,3,0,0.7228293,0.9171762,0.1917211,344.8741,154.188,62.1176,0.7109845,0.9882808,0.1686049,0.6810381,0.1210823,0.3434382,SelectionStart
97.84738,24,2,3,0,0.7228293,0.9171762,0.1917211,344.8741,154.188,62.1176,0.7109845,0.9882808,0.1686049,0.6810381,0.1210823,0.3434382,SelectionEnd
97.85063,24,2,3,0,0.7228293,0.9171762,0.1917211,344.8741,154.188,62.1176,0.7109845,0.9882808,0.1686049,0.6810381,0.1210823,0.3434382,GotSelection
97.86237,24,2,3,0,0.7228687,0.9171672,0.1914242,344.9793,154.19,62.11589,0.7106351,0.9881221,0.1673615,0.682323,0.1129939,0.3485665,SelectionStart
97.8624,24,2,3,0,0.7228687,0.9171672,0.1914242,344.9793,154.19,62.11589,0.7106351,0.9881221,0.1673615,0.682323,0.1129939,0.3485665,SelectionEnd
97.8663,24,2,3,0,0.7228687,0.9171672,0.1914242,344.9793,154.19,62.11589,0.7106351,0.9881221,0.1673615,0.682323,0.1129939,0.3485665,GotSelection
97.8765,24,2,3,0,0.7226775,0.9173248,0.1911077,345.0292,154.1835,62.08358,0.7106597,0.9885522,0.1675908,0.6837757,0.1191489,0.3447727,SelectionStart
97.87653,24,2,3,0,0.7226775,0.9173248,0.1911077,345.0292,154.1835,62.08358,0.7106597,0.9885522,0.1675908,0.6837757,0.1191489,0.3447727,SelectionEnd
97.87982,24,2,3,0,0.7226775,0.9173248,0.1911077,345.0292,154.1835,62.08358,0.7106597,0.9885522,0.1675908,0.6837757,0.1191489,0.3447727,GotSelection
97.89059,24,2,3,0,0.7225631,0.9174582,0.1908044,345.0719,154.1917,62.04592,0.7112674,0.9897094,0.1694025,0.6889997,0.1405813,0.3313314,SelectionStart
97.89061,24,2,3,0,0.7225631,0.9174582,0.1908044,345.0719,154.1917,62.04592,0.7112674,0.9897094,0.1694025,0.6889997,0.1405813,0.3313314,SelectionEnd
97.89401,24,2,3,0,0.7225631,0.9174582,0.1908044,345.0719,154.1917,62.04592,0.7112674,0.9897094,0.1694025,0.6889997,0.1405813,0.3313314,GotSelection
97.90346,24,2,3,0,0.722517,0.9174497,0.1907213,345.0662,154.192,62.0198,0.7121243,0.9907442,0.1713611,0.693196,0.1628197,0.3198992,SelectionStart
97.90349,24,2,3,0,0.722517,0.9174497,0.1907213,345.0662,154.192,62.0198,0.7121243,0.9907442,0.1713611,0.693196,0.1628197,0.3198992,SelectionEnd
97.90677,24,2,3,0,0.722517,0.9174497,0.1907213,345.0662,154.192,62.0198,0.7121243,0.9907442,0.1713611,0.693196,0.1628197,0.3198992,GotSelection
97.91714,24,2,3,0,0.7222536,0.917461,0.1906172,345.0377,154.2122,61.96637,0.7132848,0.992044,0.1746232,0.6965143,0.1971104,0.2999308,SelectionStart
97.91718,24,2,3,0,0.7222536,0.917461,0.1906172,345.0377,154.2122,61.96637,0.7132848,0.992044,0.1746232,0.6965143,0.1971104,0.2999308,SelectionEnd
97.92046,24,2,3,0,0.7222536,0.917461,0.1906172,345.0377,154.2122,61.96637,0.7132848,0.992044,0.1746232,0.6965143,0.1971104,0.2999308,GotSelection
97.9323,24,2,3,0,0.7221606,0.9175308,0.1905855,345.0095,154.2418,61.93644,0.7146755,0.9935281,0.1793983,0.7006766,0.2394091,0.267778,SelectionStart
97.93233,24,2,3,0,0.7221606,0.9175308,0.1905855,345.0095,154.2418,61.93644,0.7146755,0.9935281,0.1793983,0.7006766,0.2394091,0.267778,SelectionEnd
97.93562,24,2,3,0,0.7221606,0.9175308,0.1905855,345.0095,154.2418,61.93644,0.7146755,0.9935281,0.1793983,0.7006766,0.2394091,0.267778,GotSelection
97.94519,24,2,3,0,0.7222333,0.9176381,0.1904383,345.037,154.2508,61.94369,0.7159911,0.9943678,0.1834231,0.7005921,0.2731667,0.2376611,SelectionStart
97.94521,24,2,3,0,0.7222333,0.9176381,0.1904383,345.037,154.2508,61.94369,0.7159911,0.9943678,0.1834231,0.7005921,0.2731667,0.2376611,SelectionEnd
97.94843,24,2,3,0,0.7222333,0.9176381,0.1904383,345.037,154.2508,61.94369,0.7159911,0.9943678,0.1834231,0.7005921,0.2731667,0.2376611,GotSelection
97.9583,24,2,3,0,0.7225719,0.917796,0.1902415,345.1203,154.254,61.98569,0.7173453,0.9950137,0.1879882,0.6999481,0.3066795,0.1999168,SelectionStart
97.95831,24,2,3,0,0.7225719,0.917796,0.1902415,345.1203,154.254,61.98569,0.7173453,0.9950137,0.1879882,0.6999481,0.3066795,0.1999168,SelectionEnd
97.96175,24,2,3,0,0.7225719,0.917796,0.1902415,345.1203,154.254,61.98569,0.7173453,0.9950137,0.1879882,0.6999481,0.3066795,0.1999168,GotSelection
97.97331,24,2,3,0,0.7228655,0.9179814,0.1898062,345.2373,154.2544,62.00617,0.719131,0.9961329,0.1935308,0.7005513,0.3522216,0.1540649,SelectionStart
97.97333,24,2,3,0,0.7228655,0.9179814,0.1898062,345.2373,154.2544,62.00617,0.719131,0.9961329,0.1935308,0.7005513,0.3522216,0.1540649,SelectionEnd
97.97664,24,2,3,0,0.7228655,0.9179814,0.1898062,345.2373,154.2544,62.00617,0.719131,0.9961329,0.1935308,0.7005513,0.3522216,0.1540649,GotSelection
98.01961,24,2,3,0,0.7234255,0.9182946,0.189638,345.3589,154.2267,62.07371,0.7264065,1.000189,0.2104633,0.6979043,0.5054793,0.03886405,SelectionStart
98.01962,24,2,3,0,0.7234255,0.9182946,0.189638,345.3589,154.2267,62.07371,0.7264065,1.000189,0.2104633,0.6979043,0.5054793,0.03886405,SelectionEnd
98.02293,24,2,3,0,0.7234255,0.9182946,0.189638,345.3589,154.2267,62.07371,0.7264065,1.000189,0.2104633,0.6979043,0.5054793,0.03886405,GotSelection
98.03247,24,2,3,0,0.7234024,0.918276,0.1897583,345.339,154.2266,62.07678,0.7283854,1.001377,0.2143242,0.6977487,0.544942,0.01761839,SelectionStart
98.03249,24,2,3,0,0.7234024,0.918276,0.1897583,345.339,154.2266,62.07678,0.7283854,1.001377,0.2143242,0.6977487,0.544942,0.01761839,SelectionEnd
98.03589,24,2,3,0,0.7234024,0.918276,0.1897583,345.339,154.2266,62.07678,0.7283854,1.001377,0.2143242,0.6977487,0.544942,0.01761839,GotSelection
98.04552,24,2,3,0,0.7234019,0.9182764,0.1899428,345.3147,154.2174,62.08441,0.7308049,1.00286,0.2191397,0.6978241,0.5933015,-0.008915723,SelectionStart
98.04555,24,2,3,0,0.7234019,0.9182764,0.1899428,345.3147,154.2174,62.08441,0.7308049,1.00286,0.2191397,0.6978241,0.5933015,-0.008915723,SelectionEnd
98.04921,24,2,3,0,0.7234019,0.9182764,0.1899428,345.3147,154.2174,62.08441,0.7308049,1.00286,0.2191397,0.6978241,0.5933015,-0.008915723,GotSelection
98.0591,24,2,3,0,0.7233998,0.9183592,0.1901609,345.299,154.1695,62.1166,0.7320266,1.003949,0.2218186,0.7002795,0.619344,-0.02250267,SelectionStart
98.05911,24,2,3,0,0.7233998,0.9183592,0.1901609,345.299,154.1695,62.1166,0.7320266,1.003949,0.2218186,0.7002795,0.619344,-0.02250267,SelectionEnd
98.06238,24,2,3,0,0.7233998,0.9183592,0.1901609,345.299,154.1695,62.1166,0.7320266,1.003949,0.2218186,0.7002795,0.619344,-0.02250267,GotSelection
98.07455,24,2,3,0,0.7234813,0.9183059,0.1902958,345.3089,154.0726,62.15754,0.7335047,1.004867,0.2250437,0.7014495,0.6497901,-0.04118493,SelectionStart
98.07458,24,2,3,0,0.7234813,0.9183059,0.1902958,345.3089,154.0726,62.15754,0.7335047,1.004867,0.2250437,0.7014495,0.6497901,-0.04118493,SelectionEnd
98.07799,24,2,3,0,0.7234813,0.9183059,0.1902958,345.3089,154.0726,62.15754,0.7335047,1.004867,0.2250437,0.7014495,0.6497901,-0.04118493,GotSelection
98.09079,24,2,3,0,0.7238153,0.9181384,0.190726,345.2779,153.9573,62.27348,0.734657,1.005715,0.2278334,0.706921,0.6715901,-0.05494332,SelectionStart
98.09081,24,2,3,0,0.7238153,0.9181384,0.190726,345.2779,153.9573,62.27348,0.734657,1.005715,0.2278334,0.706921,0.6715901,-0.05494332,SelectionEnd
98.09431,24,2,3,0,0.7238153,0.9181384,0.190726,345.2779,153.9573,62.27348,0.734657,1.005715,0.2278334,0.706921,0.6715901,-0.05494332,GotSelection
98.10846,24,2,3,0,0.7242011,0.9179494,0.1914145,345.2062,153.8006,62.43109,0.7350699,1.006316,0.229927,0.7150376,0.681235,-0.06332629,SelectionStart
98.10849,24,2,3,0,0.7242011,0.9179494,0.1914145,345.2062,153.8006,62.43109,0.7350699,1.006316,0.229927,0.7150376,0.681235,-0.06332629,SelectionEnd
98.11192,24,2,3,0,0.7242011,0.9179494,0.1914145,345.2062,153.8006,62.43109,0.7350699,1.006316,0.229927,0.7150376,0.681235,-0.06332629,GotSelection
98.12215,24,2,3,0,0.7245264,0.9178284,0.1918298,345.1627,153.7227,62.53331,0.7351053,1.00653,0.2303118,0.7204732,0.6794736,-0.06236735,SelectionStart
98.12218,24,2,3,0,0.7245264,0.9178284,0.1918298,345.1627,153.7227,62.53331,0.7351053,1.00653,0.2303118,0.7204732,0.6794736,-0.06236735,SelectionEnd
98.12567,24,2,3,0,0.7245264,0.9178284,0.1918298,345.1627,153.7227,62.53331,0.7351053,1.00653,0.2303118,0.7204732,0.6794736,-0.06236735,GotSelection
98.13556,24,2,3,0,0.7248394,0.9176236,0.1923752,345.1041,153.5807,62.67145,0.7346398,1.006757,0.2308099,0.7295184,0.6741626,-0.06260906,SelectionStart
98.13557,24,2,3,0,0.7248394,0.9176236,0.1923752,345.1041,153.5807,62.67145,0.7346398,1.006757,0.2308099,0.7295184,0.6741626,-0.06260906,SelectionEnd
98.13887,24,2,3,0,0.7248394,0.9176236,0.1923752,345.1041,153.5807,62.67145,0.7346398,1.006757,0.2308099,0.7295184,0.6741626,-0.06260906,GotSelection
98.14844,24,2,3,0,0.7251014,0.9174682,0.1926881,345.0605,153.5032,62.76858,0.7338027,1.006686,0.2304162,0.7369081,0.6617046,-0.05991132,SelectionStart
98.14845,24,2,3,0,0.7251014,0.9174682,0.1926881,345.0605,153.5032,62.76858,0.7338027,1.006686,0.2304162,0.7369081,0.6617046,-0.05991132,SelectionEnd
98.15179,24,2,3,0,0.7251014,0.9174682,0.1926881,345.0605,153.5032,62.76858,0.7338027,1.006686,0.2304162,0.7369081,0.6617046,-0.05991132,GotSelection
98.16277,24,2,3,0,0.7257019,0.917488,0.1928272,345.0649,153.4576,62.89517,0.7315897,1.006246,0.2293986,0.7487887,0.6309121,-0.06319529,SelectionStart
98.16278,24,2,3,0,0.7257019,0.917488,0.1928272,345.0649,153.4576,62.89517,0.7315897,1.006246,0.2293986,0.7487887,0.6309121,-0.06319529,SelectionEnd
98.16623,24,2,3,0,0.7257019,0.917488,0.1928272,345.0649,153.4576,62.89517,0.7315897,1.006246,0.2293986,0.7487887,0.6309121,-0.06319529,GotSelection
98.20586,24,2,3,0,0.727576,0.9175599,0.1922894,345.3519,153.2873,63.2449,0.7237514,1.003783,0.2223558,0.7793821,0.5083091,-0.05961549,SelectionStart
98.20587,24,2,3,0,0.727576,0.9175599,0.1922894,345.3519,153.2873,63.2449,0.7237514,1.003783,0.2223558,0.7793821,0.5083091,-0.05961549,SelectionEnd
98.20918,24,2,3,0,0.727576,0.9175599,0.1922894,345.3519,153.2873,63.2449,0.7237514,1.003783,0.2223558,0.7793821,0.5083091,-0.05961549,GotSelection
98.21942,24,2,3,0,0.7281322,0.917632,0.1921858,345.3945,153.2536,63.32594,0.7212319,1.002697,0.2188055,0.78554,0.461062,-0.04650558,SelectionStart
98.21945,24,2,3,0,0.7281322,0.917632,0.1921858,345.3945,153.2536,63.32594,0.7212319,1.002697,0.2188055,0.78554,0.461062,-0.04650558,SelectionEnd
98.22289,24,2,3,0,0.7281322,0.917632,0.1921858,345.3945,153.2536,63.32594,0.7212319,1.002697,0.2188055,0.78554,0.461062,-0.04650558,GotSelection
98.23303,24,2,3,0,0.7284929,0.9175678,0.1921477,345.4174,153.253,63.38858,0.7175625,1.001086,0.2146159,0.7930103,0.4013119,-0.03214216,SelectionStart
98.23306,24,2,3,0,0.7284929,0.9175678,0.1921477,345.4174,153.253,63.38858,0.7175625,1.001086,0.2146159,0.7930103,0.4013119,-0.03214216,SelectionEnd
98.23643,24,2,3,0,0.7284929,0.9175678,0.1921477,345.4174,153.253,63.38858,0.7175625,1.001086,0.2146159,0.7930103,0.4013119,-0.03214216,GotSelection
98.24849,24,2,3,0,0.728559,0.9174972,0.1922651,345.4041,153.2905,63.41693,0.7133768,0.998953,0.2096335,0.7968059,0.3330568,-0.01113244,SelectionStart
98.2485,24,2,3,0,0.728559,0.9174972,0.1922651,345.4041,153.2905,63.41693,0.7133768,0.998953,0.2096335,0.7968059,0.3330568,-0.01113244,SelectionEnd
98.25217,24,2,3,0,0.728559,0.9174972,0.1922651,345.4041,153.2905,63.41693,0.7133768,0.998953,0.2096335,0.7968059,0.3330568,-0.01113244,GotSelection
98.26193,24,2,3,0,0.7288244,0.917722,0.1922515,345.4227,153.2867,63.46016,0.7100742,0.9973948,0.2060406,0.7995,0.2790001,-0.0002605997,SelectionStart
98.26196,24,2,3,0,0.7288244,0.917722,0.1922515,345.4227,153.2867,63.46016,0.7100742,0.9973948,0.2060406,0.7995,0.2790001,-0.0002605997,SelectionEnd
98.2653,24,2,3,0,0.7288244,0.917722,0.1922515,345.4227,153.2867,63.46016,0.7100742,0.9973948,0.2060406,0.7995,0.2790001,-0.0002605997,GotSelection
98.27495,24,2,3,0,0.7287943,0.9177021,0.1920258,345.4632,153.302,63.45845,0.7068275,0.995594,0.2018592,0.8001947,0.2262734,0.01523904,SelectionStart
98.27496,24,2,3,0,0.7287943,0.9177021,0.1920258,345.4632,153.302,63.45845,0.7068275,0.995594,0.2018592,0.8001947,0.2262734,0.01523904,SelectionEnd
98.27831,24,2,3,0,0.7287943,0.9177021,0.1920258,345.4632,153.302,63.45845,0.7068275,0.995594,0.2018592,0.8001947,0.2262734,0.01523904,GotSelection
98.29045,24,2,3,0,0.7290447,0.9177892,0.1917637,345.5424,153.2985,63.48941,0.7024767,0.9931466,0.1965637,0.8014066,0.1537504,0.03164256,SelectionStart
98.29047,24,2,3,0,0.7290447,0.9177892,0.1917637,345.5424,153.2985,63.48941,0.7024767,0.9931466,0.1965637,0.8014066,0.1537504,0.03164256,SelectionEnd
98.29385,24,2,3,0,0.7290447,0.9177892,0.1917637,345.5424,153.2985,63.48941,0.7024767,0.9931466,0.1965637,0.8014066,0.1537504,0.03164256,GotSelection
98.3044,24,2,3,0,0.729408,0.9178117,0.19168,345.588,153.2708,63.53311,0.6985978,0.990672,0.191208,0.8010907,0.08281002,0.05224428,SelectionStart
98.30441,24,2,3,0,0.729408,0.9178117,0.19168,345.588,153.2708,63.53311,0.6985978,0.990672,0.191208,0.8010907,0.08281002,0.05224428,SelectionEnd
98.30786,24,2,3,0,0.729408,0.9178117,0.19168,345.588,153.2708,63.53311,0.6985978,0.990672,0.191208,0.8010907,0.08281002,0.05224428,GotSelection
98.31891,24,2,3,0,0.7294413,0.9180174,0.1916735,345.6095,153.2416,63.56063,0.6951626,0.9882722,0.1860032,0.7958013,0.01790006,0.07565319,SelectionStart
98.31892,24,2,3,0,0.7294413,0.9180174,0.1916735,345.6095,153.2416,63.56063,0.6951626,0.9882722,0.1860032,0.7958013,0.01790006,0.07565319,SelectionEnd
98.32224,24,2,3,0,0.7294413,0.9180174,0.1916735,345.6095,153.2416,63.56063,0.6951626,0.9882722,0.1860032,0.7958013,0.01790006,0.07565319,GotSelection
98.33167,24,2,3,0,0.729417,0.9182465,0.1915725,345.6291,153.2258,63.56127,0.6928478,0.9869755,0.1823755,0.7940355,-0.02435168,0.0923714,SelectionStart
98.3317,24,2,3,0,0.729417,0.9182465,0.1915725,345.6291,153.2258,63.56127,0.6928478,0.9869755,0.1823755,0.7940355,-0.02435168,0.0923714,SelectionEnd
98.33507,24,2,3,0,0.729417,0.9182465,0.1915725,345.6291,153.2258,63.56127,0.6928478,0.9869755,0.1823755,0.7940355,-0.02435168,0.0923714,GotSelection
98.34491,24,2,3,0,0.7293183,0.9182956,0.1914728,345.6512,153.205,63.54935,0.6909738,0.9860179,0.1789897,0.7942851,-0.05896777,0.1105064,SelectionStart
98.34492,24,2,3,0,0.7293183,0.9182956,0.1914728,345.6512,153.205,63.54935,0.6909738,0.9860179,0.1789897,0.7942851,-0.05896777,0.1105064,SelectionEnd
98.34828,24,2,3,0,0.7293183,0.9182956,0.1914728,345.6512,153.205,63.54935,0.6909738,0.9860179,0.1789897,0.7942851,-0.05896777,0.1105064,GotSelection
98.38914,24,2,3,0,0.7286347,0.9181431,0.1917195,345.6356,153.0594,63.49038,0.6860867,0.9846605,0.1687569,0.8056595,-0.1491793,0.1801488,SelectionStart
98.38918,24,2,3,0,0.7286347,0.9181431,0.1917195,345.6356,153.0594,63.49038,0.6860867,0.9846605,0.1687569,0.8056595,-0.1491793,0.1801488,SelectionEnd
98.39273,24,2,3,0,0.7286347,0.9181431,0.1917195,345.6356,153.0594,63.49038,0.6860867,0.9846605,0.1687569,0.8056595,-0.1491793,0.1801488,GotSelection
98.40268,24,2,3,0,0.72836,0.918112,0.1920539,345.5576,153.037,63.50331,0.6857409,0.9847215,0.1672857,0.8066893,-0.1588907,0.1966679,SelectionStart
98.40271,24,2,3,0,0.72836,0.918112,0.1920539,345.5576,153.037,63.50331,0.6857409,0.9847215,0.1672857,0.8066893,-0.1588907,0.1966679,SelectionEnd
98.40608,24,2,3,0,0.72836,0.918112,0.1920539,345.5576,153.037,63.50331,0.6857409,0.9847215,0.1672857,0.8066893,-0.1588907,0.1966679,GotSelection
98.41605,24,2,3,0,0.7284507,0.9182525,0.1923032,345.5085,152.9588,63.56834,0.6856927,0.9853058,0.1662593,0.8111949,-0.1655354,0.2082937,SelectionStart
98.41608,24,2,3,0,0.7284507,0.9182525,0.1923032,345.5085,152.9588,63.56834,0.6856927,0.9853058,0.1662593,0.8111949,-0.1655354,0.2082937,SelectionEnd
98.41953,24,2,3,0,0.7284507,0.9182525,0.1923032,345.5085,152.9588,63.56834,0.6856927,0.9853058,0.1662593,0.8111949,-0.1655354,0.2082937,GotSelection
98.43193,24,2,3,0,0.7285686,0.9184643,0.1922847,345.5328,152.8662,63.62454,0.6865015,0.9866312,0.1660937,0.8176764,-0.1568666,0.2144648,SelectionStart
98.43195,24,2,3,0,0.7285686,0.9184643,0.1922847,345.5328,152.8662,63.62454,0.6865015,0.9866312,0.1660937,0.8176764,-0.1568666,0.2144648,SelectionEnd
98.43546,24,2,3,0,0.7285686,0.9184643,0.1922847,345.5328,152.8662,63.62454,0.6865015,0.9866312,0.1660937,0.8176764,-0.1568666,0.2144648,GotSelection
98.44518,24,2,3,0,0.7286192,0.918636,0.1921466,345.5711,152.8297,63.6447,0.6880485,0.9883708,0.1668559,0.8240901,-0.1341419,0.2165344,SelectionStart
98.44519,24,2,3,0,0.7286192,0.918636,0.1921466,345.5711,152.8297,63.6447,0.6880485,0.9883708,0.1668559,0.8240901,-0.1341419,0.2165344,SelectionEnd
98.44849,24,2,3,0,0.7286192,0.918636,0.1921466,345.5711,152.8297,63.6447,0.6880485,0.9883708,0.1668559,0.8240901,-0.1341419,0.2165344,GotSelection
98.45883,24,2,3,0,0.7286718,0.9189559,0.1916945,345.6712,152.7864,63.63383,0.6900064,0.9905043,0.1678843,0.8308747,-0.1036678,0.2151689,SelectionStart
98.45885,24,2,3,0,0.7286718,0.9189559,0.1916945,345.6712,152.7864,63.63383,0.6900064,0.9905043,0.1678843,0.8308747,-0.1036678,0.2151689,SelectionEnd
98.46214,24,2,3,0,0.7286718,0.9189559,0.1916945,345.6712,152.7864,63.63383,0.6900064,0.9905043,0.1678843,0.8308747,-0.1036678,0.2151689,GotSelection
98.47389,24,2,3,0,0.7286652,0.9192724,0.1913759,345.7418,152.7553,63.60755,0.6922289,0.992534,0.1696223,0.834958,-0.06801202,0.2103806,SelectionStart
98.47391,24,2,3,0,0.7286652,0.9192724,0.1913759,345.7418,152.7553,63.60755,0.6922289,0.992534,0.1696223,0.834958,-0.06801202,0.2103806,SelectionEnd
98.47748,24,2,3,0,0.7286652,0.9192724,0.1913759,345.7418,152.7553,63.60755,0.6922289,0.992534,0.1696223,0.834958,-0.06801202,0.2103806,GotSelection
98.48706,24,2,3,0,0.7282681,0.9195065,0.1910181,345.7708,152.754,63.50514,0.6948831,0.9951079,0.1716898,0.8401881,-0.02039391,0.2083669,SelectionStart
98.48708,24,2,3,0,0.7282681,0.9195065,0.1910181,345.7708,152.754,63.50514,0.6948831,0.9951079,0.1716898,0.8401881,-0.02039391,0.2083669,SelectionEnd
98.49039,24,2,3,0,0.7282681,0.9195065,0.1910181,345.7708,152.754,63.50514,0.6948831,0.9951079,0.1716898,0.8401881,-0.02039391,0.2083669,GotSelection
98.49919,24,2,3,0,0.7278855,0.9196898,0.1909082,345.7504,152.7513,63.42866,0.6973337,0.9969692,0.1737205,0.8403851,0.02072284,0.2068376,SelectionStart
98.49922,24,2,3,0,0.7278855,0.9196898,0.1909082,345.7504,152.7513,63.42866,0.6973337,0.9969692,0.1737205,0.8403851,0.02072284,0.2068376,SelectionEnd
98.50259,24,2,3,0,0.7278855,0.9196898,0.1909082,345.7504,152.7513,63.42866,0.6973337,0.9969692,0.1737205,0.8403851,0.02072284,0.2068376,GotSelection
98.51515,24,2,3,0,0.7274922,0.9198972,0.1908424,345.7065,152.7594,63.33089,0.7004964,0.9993651,0.17688,0.8410838,0.0754763,0.2007219,SelectionStart
98.51517,24,2,3,0,0.7274922,0.9198972,0.1908424,345.7065,152.7594,63.33089,0.7004964,0.9993651,0.17688,0.8410838,0.0754763,0.2007219,SelectionEnd
98.51845,24,2,3,0,0.7274922,0.9198972,0.1908424,345.7065,152.7594,63.33089,0.7004964,0.9993651,0.17688,0.8410838,0.0754763,0.2007219,GotSelection
98.52908,24,2,3,0,0.7272361,0.9199438,0.1907593,345.6882,152.7542,63.28321,0.7029365,1.001123,0.1794242,0.8420464,0.1178079,0.1943723,SelectionStart
98.52911,24,2,3,0,0.7272361,0.9199438,0.1907593,345.6882,152.7542,63.28321,0.7029365,1.001123,0.1794242,0.8420464,0.1178079,0.1943723,SelectionEnd
98.53241,24,2,3,0,0.7272361,0.9199438,0.1907593,345.6882,152.7542,63.28321,0.7029365,1.001123,0.1794242,0.8420464,0.1178079,0.1943723,GotSelection
98.57439,24,2,3,0,0.7272311,0.9201524,0.1910183,345.6802,152.7315,63.29086,0.7096066,1.005593,0.1862364,0.844952,0.2212045,0.1777848,SelectionStart
98.5744,24,2,3,0,0.7272311,0.9201524,0.1910183,345.6802,152.7315,63.29086,0.7096066,1.005593,0.1862364,0.844952,0.2212045,0.1777848,SelectionEnd
98.5778,24,2,3,0,0.7272311,0.9201524,0.1910183,345.6802,152.7315,63.29086,0.7096066,1.005593,0.1862364,0.844952,0.2212045,0.1777848,GotSelection
98.58739,24,2,3,0,0.7272903,0.9200855,0.1908614,345.6786,152.7196,63.26845,0.7186223,1.011206,0.1953055,0.848312,0.3625088,0.1516314,SelectionStart
98.58742,24,2,3,0,0.7272903,0.9200855,0.1908614,345.6786,152.7196,63.26845,0.7186223,1.011206,0.1953055,0.848312,0.3625088,0.1516314,SelectionEnd
98.59073,24,2,3,0,0.7272903,0.9200855,0.1908614,345.6786,152.7196,63.26845,0.7186223,1.011206,0.1953055,0.848312,0.3625088,0.1516314,GotSelection
98.60034,24,2,3,0,0.7275695,0.9201715,0.1909306,345.692,152.7686,63.28817,0.7232931,1.013741,0.2001196,0.8472266,0.4309251,0.1357985,SelectionStart
98.60037,24,2,3,0,0.7275695,0.9201715,0.1909306,345.692,152.7686,63.28817,0.7232931,1.013741,0.2001196,0.8472266,0.4309251,0.1357985,SelectionEnd
98.60376,24,2,3,0,0.7275695,0.9201715,0.1909306,345.692,152.7686,63.28817,0.7232931,1.013741,0.2001196,0.8472266,0.4309251,0.1357985,GotSelection
98.61546,24,2,3,0,0.7276863,0.9199985,0.1909211,345.6838,152.9209,63.24722,0.7282766,1.015751,0.2052024,0.8409755,0.5042155,0.1185108,SelectionStart
98.61548,24,2,3,0,0.7276863,0.9199985,0.1909211,345.6838,152.9209,63.24722,0.7282766,1.015751,0.2052024,0.8409755,0.5042155,0.1185108,SelectionEnd
98.61879,24,2,3,0,0.7276863,0.9199985,0.1909211,345.6838,152.9209,63.24722,0.7282766,1.015751,0.2052024,0.8409755,0.5042155,0.1185108,GotSelection
98.62921,24,2,3,0,0.7277007,0.9200429,0.1907121,345.7052,153.0187,63.17934,0.7316564,1.016976,0.2092436,0.8333526,0.5577471,0.09865033,SelectionStart
98.62927,24,2,3,0,0.7277007,0.9200429,0.1907121,345.7052,153.0187,63.17934,0.7316564,1.016976,0.2092436,0.8333526,0.5577471,0.09865033,SelectionEnd
98.63266,24,2,3,0,0.7277007,0.9200429,0.1907121,345.7052,153.0187,63.17934,0.7316564,1.016976,0.2092436,0.8333526,0.5577471,0.09865033,GotSelection
98.64285,24,2,3,0,0.7277815,0.9201882,0.1901422,345.8031,153.1672,63.07472,0.7360401,1.018252,0.2144664,0.8200838,0.6264607,0.0675614,SelectionStart
98.64287,24,2,3,0,0.7277815,0.9201882,0.1901422,345.8031,153.1672,63.07472,0.7360401,1.018252,0.2144664,0.8200838,0.6264607,0.0675614,SelectionEnd
98.64616,24,2,3,0,0.7277815,0.9201882,0.1901422,345.8031,153.1672,63.07472,0.7360401,1.018252,0.2144664,0.8200838,0.6264607,0.0675614,GotSelection
98.65663,24,2,3,0,0.7278178,0.9205858,0.1896044,345.8844,153.3149,62.98796,0.7391334,1.018757,0.2185649,0.8043212,0.67474,0.03851835,SelectionStart
98.65666,24,2,3,0,0.7278178,0.9205858,0.1896044,345.8844,153.3149,62.98796,0.7391334,1.018757,0.2185649,0.8043212,0.67474,0.03851835,SelectionEnd
98.65997,24,2,3,0,0.7278178,0.9205858,0.1896044,345.8844,153.3149,62.98796,0.7391334,1.018757,0.2185649,0.8043212,0.67474,0.03851835,GotSelection
98.6703,24,2,3,0,0.7277244,0.9206929,0.1887739,346.0068,153.5322,62.83642,0.74308,1.019294,0.2236555,0.7854969,0.738945,0.001881015,SelectionStart
98.67032,24,2,3,0,0.7277244,0.9206929,0.1887739,346.0068,153.5322,62.83642,0.74308,1.019294,0.2236555,0.7854969,0.738945,0.001881015,SelectionEnd
98.67371,24,2,3,0,0.7277244,0.9206929,0.1887739,346.0068,153.5322,62.83642,0.74308,1.019294,0.2236555,0.7854969,0.738945,0.001881015,GotSelection
98.68347,24,2,3,0,0.7276144,0.9209343,0.1879943,346.1212,153.6726,62.69799,0.7455996,1.019192,0.2271334,0.7670158,0.7802733,-0.02798203,SelectionStart
98.6835,24,2,3,0,0.7276144,0.9209343,0.1879943,346.1212,153.6726,62.69799,0.7455996,1.019192,0.2271334,0.7670158,0.7802733,-0.02798203,SelectionEnd
98.68689,24,2,3,0,0.7276144,0.9209343,0.1879943,346.1212,153.6726,62.69799,0.7455996,1.019192,0.2271334,0.7670158,0.7802733,-0.02798203,GotSelection
98.69957,24,2,3,0,0.7275633,0.9210131,0.1873119,346.2263,153.8067,62.56565,0.7488514,1.019045,0.2313974,0.7458769,0.8304397,-0.06074621,SelectionStart
98.69958,24,2,3,0,0.7275633,0.9210131,0.1873119,346.2263,153.8067,62.56565,0.7488514,1.019045,0.2313974,0.7458769,0.8304397,-0.06074621,SelectionEnd
98.70296,24,2,3,0,0.7275633,0.9210131,0.1873119,346.2263,153.8067,62.56565,0.7488514,1.019045,0.2313974,0.7458769,0.8304397,-0.06074621,GotSelection
98.71489,24,2,3,0,0.7271944,0.9209706,0.1868263,346.2694,153.9375,62.45126,0.7521437,1.01876,0.2351397,0.7229828,0.8792753,-0.08468748,SelectionStart
98.7149,24,2,3,0,0.7271944,0.9209706,0.1868263,346.2694,153.9375,62.45126,0.7521437,1.01876,0.2351397,0.7229828,0.8792753,-0.08468748,SelectionEnd
98.71819,24,2,3,0,0.7271944,0.9209706,0.1868263,346.2694,153.9375,62.45126,0.7521437,1.01876,0.2351397,0.7229828,0.8792753,-0.08468748,GotSelection
98.7292,24,2,3,0,0.7271154,0.9209813,0.1866127,346.2747,154.0627,62.38112,0.7550544,1.018285,0.2386079,0.702139,0.9184965,-0.1067562,SelectionStart
98.72922,24,2,3,0,0.7271154,0.9209813,0.1866127,346.2747,154.0627,62.38112,0.7550544,1.018285,0.2386079,0.702139,0.9184965,-0.1067562,SelectionEnd
98.73248,24,2,3,0,0.7271154,0.9209813,0.1866127,346.2747,154.0627,62.38112,0.7550544,1.018285,0.2386079,0.702139,0.9184965,-0.1067562,GotSelection
98.77231,24,2,3,0,0.7270919,0.9206057,0.18611,346.3188,154.3657,62.2369,0.7603897,1.01549,0.245598,0.6510495,0.9855452,-0.1598889,SelectionStart
98.77234,24,2,3,0,0.7270919,0.9206057,0.18611,346.3188,154.3657,62.2369,0.7603897,1.01549,0.245598,0.6510495,0.9855452,-0.1598889,SelectionEnd
98.77577,24,2,3,0,0.7270919,0.9206057,0.18611,346.3188,154.3657,62.2369,0.7603897,1.01549,0.245598,0.6510495,0.9855452,-0.1598889,GotSelection
98.78607,24,2,3,0,0.7272843,0.9206097,0.1858437,346.3944,154.4086,62.24499,0.761779,1.014703,0.2469047,0.6378466,0.998369,-0.1725063,SelectionStart
98.78609,24,2,3,0,0.7272843,0.9206097,0.1858437,346.3944,154.4086,62.24499,0.761779,1.014703,0.2469047,0.6378466,0.998369,-0.1725063,SelectionEnd
98.78943,24,2,3,0,0.7272843,0.9206097,0.1858437,346.3944,154.4086,62.24499,0.761779,1.014703,0.2469047,0.6378466,0.998369,-0.1725063,GotSelection
98.79875,24,2,3,0,0.7275081,0.9206151,0.1855574,346.4706,154.497,62.22625,0.7630507,1.01346,0.2487205,0.6210967,1.010555,-0.1920776,SelectionStart
98.79878,24,2,3,0,0.7275081,0.9206151,0.1855574,346.4706,154.497,62.22625,0.7630507,1.01346,0.2487205,0.6210967,1.010555,-0.1920776,SelectionEnd
98.80217,24,2,3,0,0.7275081,0.9206151,0.1855574,346.4706,154.497,62.22625,0.7630507,1.01346,0.2487205,0.6210967,1.010555,-0.1920776,GotSelection
98.8118,24,2,3,0,0.7277626,0.9207336,0.1854293,346.5174,154.4837,62.23874,0.763588,1.012423,0.2498347,0.6093043,1.01332,-0.2054365,SelectionStart
98.81181,24,2,3,0,0.7277626,0.9207336,0.1854293,346.5174,154.4837,62.23874,0.763588,1.012423,0.2498347,0.6093043,1.01332,-0.2054365,SelectionEnd
98.8152,24,2,3,0,0.7277626,0.9207336,0.1854293,346.5174,154.4837,62.23874,0.763588,1.012423,0.2498347,0.6093043,1.01332,-0.2054365,GotSelection
98.8246,24,2,3,0,0.7277864,0.9207467,0.1853898,346.5414,154.509,62.2161,0.7640358,1.011276,0.2509918,0.5964142,1.017112,-0.2177829,SelectionStart
98.82462,24,2,3,0,0.7277864,0.9207467,0.1853898,346.5414,154.509,62.2161,0.7640358,1.011276,0.2509918,0.5964142,1.017112,-0.2177829,SelectionEnd
98.82796,24,2,3,0,0.7277864,0.9207467,0.1853898,346.5414,154.509,62.2161,0.7640358,1.011276,0.2509918,0.5964142,1.017112,-0.2177829,GotSelection
98.84055,24,2,3,0,0.7277316,0.9207065,0.1854221,346.5411,154.5673,62.17926,0.7642851,1.009636,0.2524636,0.5802615,1.019105,-0.2337966,SelectionStart
98.84058,24,2,3,0,0.7277316,0.9207065,0.1854221,346.5411,154.5673,62.17926,0.7642851,1.009636,0.2524636,0.5802615,1.019105,-0.2337966,SelectionEnd
98.84389,24,2,3,0,0.7277316,0.9207065,0.1854221,346.5411,154.5673,62.17926,0.7642851,1.009636,0.2524636,0.5802615,1.019105,-0.2337966,GotSelection
98.85417,24,2,3,0,0.7274672,0.9206891,0.1854023,346.543,154.6072,62.12763,0.7643356,1.007967,0.2539449,0.5632259,1.021456,-0.250291,SelectionStart
98.8542,24,2,3,0,0.7274672,0.9206891,0.1854023,346.543,154.6072,62.12763,0.7643356,1.007967,0.2539449,0.5632259,1.021456,-0.250291,SelectionEnd
98.85759,24,2,3,0,0.7274672,0.9206891,0.1854023,346.543,154.6072,62.12763,0.7643356,1.007967,0.2539449,0.5632259,1.021456,-0.250291,GotSelection
98.86816,24,2,3,0,0.7272952,0.9206457,0.1854677,346.5156,154.6127,62.09337,0.7631906,1.00701,0.2552378,0.5596449,1.016094,-0.2671972,SelectionStart
98.86819,24,2,3,0,0.7272952,0.9206457,0.1854677,346.5156,154.6127,62.09337,0.7631906,1.00701,0.2552378,0.5596449,1.016094,-0.2671972,SelectionEnd
98.87175,24,2,3,0,0.7272952,0.9206457,0.1854677,346.5156,154.6127,62.09337,0.7631906,1.00701,0.2552378,0.5596449,1.016094,-0.2671972,GotSelection
98.88182,24,2,3,0,0.7272314,0.9206964,0.1855277,346.4952,154.5823,62.07803,0.7628107,1.00505,0.2566867,0.5430766,1.011487,-0.2851049,SelectionStart
98.88184,24,2,3,0,0.7272314,0.9206964,0.1855277,346.4952,154.5823,62.07803,0.7628107,1.00505,0.2566867,0.5430766,1.011487,-0.2851049,SelectionEnd
98.88513,24,2,3,0,0.7272314,0.9206964,0.1855277,346.4952,154.5823,62.07803,0.7628107,1.00505,0.2566867,0.5430766,1.011487,-0.2851049,GotSelection
98.89494,24,2,3,0,0.7270452,0.9204813,0.1853346,346.4882,154.5923,62.04473,0.7624334,1.003731,0.2578568,0.533707,1.011806,-0.3007544,SelectionStart
98.89497,24,2,3,0,0.7270452,0.9204813,0.1853346,346.4882,154.5923,62.04473,0.7624334,1.003731,0.2578568,0.533707,1.011806,-0.3007544,SelectionEnd
98.89828,24,2,3,0,0.7270452,0.9204813,0.1853346,346.4882,154.5923,62.04473,0.7624334,1.003731,0.2578568,0.533707,1.011806,-0.3007544,GotSelection
98.90767,24,2,3,0,0.7270803,0.9205387,0.1852381,346.5121,154.5782,62.04685,0.7620506,1.002369,0.2590286,0.5230939,1.008204,-0.3175157,SelectionStart
98.90768,24,2,3,0,0.7270803,0.9205387,0.1852381,346.5121,154.5782,62.04685,0.7620506,1.002369,0.2590286,0.5230939,1.008204,-0.3175157,SelectionEnd
98.91107,24,2,3,0,0.7270803,0.9205387,0.1852381,346.5121,154.5782,62.04685,0.7620506,1.002369,0.2590286,0.5230939,1.008204,-0.3175157,GotSelection
98.96082,24,2,3,0,0.726809,0.9209242,0.1852474,346.4557,154.3555,62.10477,0.7607895,0.9973476,0.2638832,0.4798924,1.000484,-0.3746437,SelectionStart
98.96083,24,2,3,0,0.726809,0.9209242,0.1852474,346.4557,154.3555,62.10477,0.7607895,0.9973476,0.2638832,0.4798924,1.000484,-0.3746437,SelectionEnd
98.96416,24,2,3,0,0.726809,0.9209242,0.1852474,346.4557,154.3555,62.10477,0.7607895,0.9973476,0.2638832,0.4798924,1.000484,-0.3746437,GotSelection
99.01997,24,2,3,0,0.7277277,0.921243,0.1838939,346.6857,154.4939,61.97997,0.75839,0.9948853,0.2657728,0.4696749,0.9772086,-0.4295487,SelectionStart
99.02003,24,2,3,0,0.7277277,0.921243,0.1838939,346.6857,154.4939,61.97997,0.75839,0.9948853,0.2657728,0.4696749,0.9772086,-0.4295487,SelectionEnd
99.02361,24,2,3,0,0.7277277,0.921243,0.1838939,346.6857,154.4939,61.97997,0.75839,0.9948853,0.2657728,0.4696749,0.9772086,-0.4295487,GotSelection
99.07703,24,2,3,0,0.7270391,0.9200316,0.1854301,346.4684,154.4352,62.07477,0.7544934,0.9997433,0.253714,0.5443913,0.9147411,-0.3031918,SelectionStart
99.07704,24,2,3,0,0.7270391,0.9200316,0.1854301,346.4684,154.4352,62.07477,0.7544934,0.9997433,0.253714,0.5443913,0.9147411,-0.3031918,SelectionEnd
99.08084,24,2,3,0,0.7270391,0.9200316,0.1854301,346.4684,154.4352,62.07477,0.7544934,0.9997433,0.253714,0.5443913,0.9147411,-0.3031918,GotSelection
99.09273,24,2,3,0,0.7271446,0.9196889,0.1856142,346.3911,154.3792,62.1555,0.753367,1.000288,0.2483378,0.5607206,0.8819219,-0.2548778,SelectionStart
99.09277,24,2,3,0,0.7271446,0.9196889,0.1856142,346.3911,154.3792,62.1555,0.753367,1.000288,0.2483378,0.5607206,0.8819219,-0.2548778,SelectionEnd
99.09709,24,2,3,0,0.7271446,0.9196889,0.1856142,346.3911,154.3792,62.1555,0.753367,1.000288,0.2483378,0.5607206,0.8819219,-0.2548778,GotSelection
99.11609,24,2,3,0,0.7274386,0.9193527,0.1864675,346.2712,154.3494,62.28245,0.7499778,1.001164,0.2412207,0.5937533,0.8192543,-0.1943763,SelectionStart
99.11613,24,2,3,0,0.7274386,0.9193527,0.1864675,346.2712,154.3494,62.28245,0.7499778,1.001164,0.2412207,0.5937533,0.8192543,-0.1943763,SelectionEnd
99.12283,24,2,3,0,0.7274386,0.9193527,0.1864675,346.2712,154.3494,62.28245,0.7499778,1.001164,0.2412207,0.5937533,0.8192543,-0.1943763,GotSelection
99.13474,24,2,3,0,0.7278726,0.9188219,0.1871967,346.2036,154.321,62.42873,0.7449563,1.001157,0.2334866,0.6296846,0.7368374,-0.1396699,SelectionStart
99.13477,24,2,3,0,0.7278726,0.9188219,0.1871967,346.2036,154.321,62.42873,0.7449563,1.001157,0.2334866,0.6296846,0.7368374,-0.1396699,SelectionEnd
99.13809,24,2,3,0,0.7278726,0.9188219,0.1871967,346.2036,154.321,62.42873,0.7449563,1.001157,0.2334866,0.6296846,0.7368374,-0.1396699,GotSelection
99.14857,24,2,3,0,0.7282827,0.9187504,0.1872974,346.2551,154.3051,62.50186,0.7427977,1.001194,0.2297643,0.6451001,0.6979921,-0.1170154,SelectionStart
99.14859,24,2,3,0,0.7282827,0.9187504,0.1872974,346.2551,154.3051,62.50186,0.7427977,1.001194,0.2297643,0.6451001,0.6979921,-0.1170154,SelectionEnd
99.15186,24,2,3,0,0.7282827,0.9187504,0.1872974,346.2551,154.3051,62.50186,0.7427977,1.001194,0.2297643,0.6451001,0.6979921,-0.1170154,GotSelection
99.16261,24,2,3,0,0.7286603,0.9184887,0.187481,346.2607,154.2999,62.5642,0.7404059,1.000886,0.2257415,0.6601555,0.6550927,-0.09152684,SelectionStart
99.16264,24,2,3,0,0.7286603,0.9184887,0.187481,346.2607,154.2999,62.5642,0.7404059,1.000886,0.2257415,0.6601555,0.6550927,-0.09152684,SelectionEnd
99.16589,24,2,3,0,0.7286603,0.9184887,0.187481,346.2607,154.2999,62.5642,0.7404059,1.000886,0.2257415,0.6601555,0.6550927,-0.09152684,GotSelection
99.17603,24,2,3,0,0.728811,0.9184552,0.187553,346.2737,154.3485,62.5884,0.7389726,1.000562,0.2233678,0.6664454,0.6290691,-0.07760492,SelectionStart
99.17604,24,2,3,0,0.728811,0.9184552,0.187553,346.2737,154.3485,62.5884,0.7389726,1.000562,0.2233678,0.6664454,0.6290691,-0.07760492,SelectionEnd
99.17941,24,2,3,0,0.728811,0.9184552,0.187553,346.2737,154.3485,62.5884,0.7389726,1.000562,0.2233678,0.6664454,0.6290691,-0.07760492,GotSelection
99.1902,24,2,3,0,0.7290449,0.9186355,0.1874229,346.2805,154.3777,62.60322,0.7373365,1.000323,0.2207373,0.6728874,0.600189,-0.06451968,SelectionStart
99.19023,24,2,3,0,0.7290449,0.9186355,0.1874229,346.2805,154.3777,62.60322,0.7373365,1.000323,0.2207373,0.6728874,0.600189,-0.06451968,SelectionEnd
99.19356,24,2,3,0,0.7290449,0.9186355,0.1874229,346.2805,154.3777,62.60322,0.7373365,1.000323,0.2207373,0.6728874,0.600189,-0.06451968,GotSelection
99.20303,24,2,3,0,0.7290654,0.9187357,0.1874192,346.2908,154.4097,62.59715,0.7366835,1.000195,0.220178,0.6744258,0.5911839,-0.06326734,SelectionStart
99.20305,24,2,3,0,0.7290654,0.9187357,0.1874192,346.2908,154.4097,62.59715,0.7366835,1.000195,0.220178,0.6744258,0.5911839,-0.06326734,SelectionEnd
99.20642,24,2,3,0,0.7290654,0.9187357,0.1874192,346.2908,154.4097,62.59715,0.7366835,1.000195,0.220178,0.6744258,0.5911839,-0.06326734,GotSelection
99.2155,24,2,3,0,0.7291282,0.9188196,0.1873154,346.3204,154.4208,62.58304,0.7362499,1.000067,0.2198129,0.6750054,0.5852237,-0.06405784,SelectionStart
99.21552,24,2,3,0,0.7291282,0.9188196,0.1873154,346.3204,154.4208,62.58304,0.7362499,1.000067,0.2198129,0.6750054,0.5852237,-0.06405784,SelectionEnd
99.21875,24,2,3,0,0.7291282,0.9188196,0.1873154,346.3204,154.4208,62.58304,0.7362499,1.000067,0.2198129,0.6750054,0.5852237,-0.06405784,GotSelection
99.23103,24,2,3,0,0.7292108,0.919124,0.186658,346.4402,154.4129,62.54831,0.736144,0.9997701,0.2203762,0.6700477,0.58739,-0.07900867,SelectionStart
99.23105,24,2,3,0,0.7292108,0.919124,0.186658,346.4402,154.4129,62.54831,0.736144,0.9997701,0.2203762,0.6700477,0.58739,-0.07900867,SelectionEnd
99.23434,24,2,3,0,0.7292108,0.919124,0.186658,346.4402,154.4129,62.54831,0.736144,0.9997701,0.2203762,0.6700477,0.58739,-0.07900867,GotSelection
99.27644,24,2,3,0,0.7286381,0.9195411,0.1854082,346.702,154.474,62.36412,0.7393585,0.9984094,0.2283305,0.6313082,0.6549398,-0.1536135,SelectionStart
99.27646,24,2,3,0,0.7286381,0.9195411,0.1854082,346.702,154.474,62.36412,0.7393585,0.9984094,0.2283305,0.6313082,0.6549398,-0.1536135,SelectionEnd
99.27968,24,2,3,0,0.7286381,0.9195411,0.1854082,346.702,154.474,62.36412,0.7393585,0.9984094,0.2283305,0.6313082,0.6549398,-0.1536135,GotSelection
99.28986,24,2,3,0,0.7285379,0.9198529,0.185075,346.7287,154.4571,62.3289,0.7409355,0.997659,0.2318147,0.612113,0.681983,-0.1834394,SelectionStart
99.28987,24,2,3,0,0.7285379,0.9198529,0.185075,346.7287,154.4571,62.3289,0.7409355,0.997659,0.2318147,0.612113,0.681983,-0.1834394,SelectionEnd
99.29324,24,2,3,0,0.7285379,0.9198529,0.185075,346.7287,154.4571,62.3289,0.7409355,0.997659,0.2318147,0.612113,0.681983,-0.1834394,GotSelection
99.30292,24,2,3,0,0.7281983,0.9197546,0.1848414,346.7589,154.4468,62.29644,0.7428681,0.9965815,0.236212,0.5904076,0.7178491,-0.2178822,SelectionStart
99.30293,24,2,3,0,0.7281983,0.9197546,0.1848414,346.7589,154.4468,62.29644,0.7428681,0.9965815,0.236212,0.5904076,0.7178491,-0.2178822,SelectionEnd
99.3062,24,2,3,0,0.7281983,0.9197546,0.1848414,346.7589,154.4468,62.29644,0.7428681,0.9965815,0.236212,0.5904076,0.7178491,-0.2178822,GotSelection
99.31595,24,2,3,0,0.7280148,0.919782,0.1847046,346.7699,154.4479,62.25299,0.7446144,0.9955052,0.2396511,0.5694806,0.7454163,-0.2444012,SelectionStart
99.31598,24,2,3,0,0.7280148,0.919782,0.1847046,346.7699,154.4479,62.25299,0.7446144,0.9955052,0.2396511,0.5694806,0.7454163,-0.2444012,SelectionEnd
99.3194,24,2,3,0,0.7280148,0.919782,0.1847046,346.7699,154.4479,62.25299,0.7446144,0.9955052,0.2396511,0.5694806,0.7454163,-0.2444012,GotSelection
99.33173,24,2,3,0,0.7277289,0.9198673,0.1845575,346.7794,154.4537,62.22224,0.7473691,0.9938938,0.2441483,0.5375425,0.7837853,-0.2771326,SelectionStart
99.33174,24,2,3,0,0.7277289,0.9198673,0.1845575,346.7794,154.4537,62.22224,0.7473691,0.9938938,0.2441483,0.5375425,0.7837853,-0.2771326,SelectionEnd
99.33499,24,2,3,0,0.7277289,0.9198673,0.1845575,346.7794,154.4537,62.22224,0.7473691,0.9938938,0.2441483,0.5375425,0.7837853,-0.2771326,GotSelection
99.34499,24,2,3,0,0.7275335,0.9199606,0.1845181,346.7684,154.4768,62.17637,0.7495667,0.9926429,0.2472194,0.5122823,0.8113745,-0.29792,SelectionStart
99.345,24,2,3,0,0.7275335,0.9199606,0.1845181,346.7684,154.4768,62.17637,0.7495667,0.9926429,0.2472194,0.5122823,0.8113745,-0.29792,SelectionEnd
99.34885,24,2,3,0,0.7275335,0.9199606,0.1845181,346.7684,154.4768,62.17637,0.7495667,0.9926429,0.2472194,0.5122823,0.8113745,-0.29792,GotSelection
99.35919,24,2,3,0,0.7272989,0.9198896,0.1844066,346.7875,154.5206,62.12973,0.7528746,0.991187,0.2510443,0.4804766,0.8513542,-0.321941,SelectionStart
99.35921,24,2,3,0,0.7272989,0.9198896,0.1844066,346.7875,154.5206,62.12973,0.7528746,0.991187,0.2510443,0.4804766,0.8513542,-0.321941,SelectionEnd
99.36244,24,2,3,0,0.7272989,0.9198896,0.1844066,346.7875,154.5206,62.12973,0.7528746,0.991187,0.2510443,0.4804766,0.8513542,-0.321941,GotSelection
99.37297,24,2,3,0,0.7273536,0.9198635,0.1841268,346.8448,154.5607,62.09289,0.7560863,0.9896379,0.2547162,0.4493334,0.8875704,-0.348638,SelectionStart
99.37299,24,2,3,0,0.7273536,0.9198635,0.1841268,346.8448,154.5607,62.09289,0.7560863,0.9896379,0.2547162,0.4493334,0.8875704,-0.348638,SelectionEnd
99.37656,24,2,3,0,0.7273536,0.9198635,0.1841268,346.8448,154.5607,62.09289,0.7560863,0.9896379,0.2547162,0.4493334,0.8875704,-0.348638,GotSelection
99.38741,24,2,3,0,0.7275747,0.9203116,0.1836426,346.9154,154.5581,62.08184,0.7583551,0.9884313,0.257057,0.4230182,0.9091924,-0.3700436,SelectionStart
99.38742,24,2,3,0,0.7275747,0.9203116,0.1836426,346.9154,154.5581,62.08184,0.7583551,0.9884313,0.257057,0.4230182,0.9091924,-0.3700436,SelectionEnd
99.39075,24,2,3,0,0.7275747,0.9203116,0.1836426,346.9154,154.5581,62.08184,0.7583551,0.9884313,0.257057,0.4230182,0.9091924,-0.3700436,GotSelection
99.40073,24,2,3,0,0.7276054,0.92018,0.1836406,346.9432,154.5544,62.08369,0.7609801,0.9869978,0.2598974,0.3973661,0.9367566,-0.387825,SelectionStart
99.40074,24,2,3,0,0.7276054,0.92018,0.1836406,346.9432,154.5544,62.08369,0.7609801,0.9869978,0.2598974,0.3973661,0.9367566,-0.387825,SelectionEnd
99.40416,24,2,3,0,0.7276054,0.92018,0.1836406,346.9432,154.5544,62.08369,0.7609801,0.9869978,0.2598974,0.3973661,0.9367566,-0.387825,GotSelection
99.41533,24,2,3,0,0.7275766,0.92006,0.1837249,346.9505,154.5591,62.11058,0.762947,0.9858806,0.2614112,0.3783872,0.9541315,-0.3945828,SelectionStart
99.41536,24,2,3,0,0.7275766,0.92006,0.1837249,346.9505,154.5591,62.11058,0.762947,0.9858806,0.2614112,0.3783872,0.9541315,-0.3945828,SelectionEnd
99.41882,24,2,3,0,0.7275766,0.92006,0.1837249,346.9505,154.5591,62.11058,0.762947,0.9858806,0.2614112,0.3783872,0.9541315,-0.3945828,GotSelection
99.45738,24,2,3,0,0.7282807,0.9198565,0.1839471,346.9029,154.6115,62.16566,0.7693941,0.9824276,0.2656525,0.3208689,1.00207,-0.41365,SelectionStart
99.4574,24,2,3,0,0.7282807,0.9198565,0.1839471,346.9029,154.6115,62.16566,0.7693941,0.9824276,0.2656525,0.3208689,1.00207,-0.41365,SelectionEnd
99.46069,24,2,3,0,0.7282807,0.9198565,0.1839471,346.9029,154.6115,62.16566,0.7693941,0.9824276,0.2656525,0.3208689,1.00207,-0.41365,GotSelection
99.47078,24,2,3,0,0.7283595,0.9197218,0.1839641,346.9232,154.5719,62.19597,0.7706068,0.9817134,0.2662635,0.3099031,1.011037,-0.415252,SelectionStart
99.47081,24,2,3,0,0.7283595,0.9197218,0.1839641,346.9232,154.5719,62.19597,0.7706068,0.9817134,0.2662635,0.3099031,1.011037,-0.415252,SelectionEnd
99.47482,24,2,3,0,0.7283595,0.9197218,0.1839641,346.9232,154.5719,62.19597,0.7706068,0.9817134,0.2662635,0.3099031,1.011037,-0.415252,GotSelection
99.4854,24,2,3,0,0.7287434,0.9196105,0.184136,346.9246,154.531,62.28167,0.7716752,0.9812444,0.2667386,0.3043684,1.015957,-0.4153681,SelectionStart
99.48541,24,2,3,0,0.7287434,0.9196105,0.184136,346.9246,154.531,62.28167,0.7716752,0.9812444,0.2667386,0.3043684,1.015957,-0.4153681,SelectionEnd
99.48863,24,2,3,0,0.7287434,0.9196105,0.184136,346.9246,154.531,62.28167,0.7716752,0.9812444,0.2667386,0.3043684,1.015957,-0.4153681,GotSelection
99.49823,24,2,3,0,0.7289935,0.9194055,0.1844227,346.8775,154.5139,62.35519,0.7721571,0.9806867,0.2669601,0.3015629,1.015692,-0.4137794,SelectionStart
99.49825,24,2,3,0,0.7289935,0.9194055,0.1844227,346.8775,154.5139,62.35519,0.7721571,0.9806867,0.2669601,0.3015629,1.015692,-0.4137794,SelectionEnd
99.50154,24,2,3,0,0.7289935,0.9194055,0.1844227,346.8775,154.5139,62.35519,0.7721571,0.9806867,0.2669601,0.3015629,1.015692,-0.4137794,GotSelection
99.51079,24,2,3,0,0.7289739,0.9191854,0.1847907,346.7753,154.5224,62.3855,0.7714223,0.9810421,0.2670917,0.3116091,1.011806,-0.4121639,SelectionStart
99.51082,24,2,3,0,0.7289739,0.9191854,0.1847907,346.7753,154.5224,62.3855,0.7714223,0.9810421,0.2670917,0.3116091,1.011806,-0.4121639,SelectionEnd
99.51402,24,2,3,0,0.7289739,0.9191854,0.1847907,346.7753,154.5224,62.3855,0.7714223,0.9810421,0.2670917,0.3116091,1.011806,-0.4121639,GotSelection
99.52322,24,2,3,0,0.7289726,0.919014,0.1850587,346.705,154.5216,62.40717,0.7704431,0.9812337,0.2665909,0.3207926,1.002328,-0.4076746,SelectionStart
99.52325,24,2,3,0,0.7289726,0.919014,0.1850587,346.705,154.5216,62.40717,0.7704431,0.9812337,0.2665909,0.3207926,1.002328,-0.4076746,SelectionEnd
99.52661,24,2,3,0,0.7289726,0.919014,0.1850587,346.705,154.5216,62.40717,0.7704431,0.9812337,0.2665909,0.3207926,1.002328,-0.4076746,GotSelection
99.53601,24,2,3,0,0.729062,0.918838,0.1852472,346.6649,154.521,62.42257,0.7693258,0.9815903,0.2661517,0.3323187,0.9924825,-0.4054174,SelectionStart
99.53603,24,2,3,0,0.729062,0.918838,0.1852472,346.6649,154.521,62.42257,0.7693258,0.9815903,0.2661517,0.3323187,0.9924825,-0.4054174,SelectionEnd
99.53946,24,2,3,0,0.729062,0.918838,0.1852472,346.6649,154.521,62.42257,0.7693258,0.9815903,0.2661517,0.3323187,0.9924825,-0.4054174,GotSelection
99.55026,24,2,3,0,0.7292166,0.9187331,0.1851926,346.6781,154.5308,62.45406,0.7673065,0.9826955,0.2652897,0.3548286,0.9770697,-0.4049096,SelectionStart
99.55028,24,2,3,0,0.7292166,0.9187331,0.1851926,346.6781,154.5308,62.45406,0.7673065,0.9826955,0.2652897,0.3548286,0.9770697,-0.4049096,SelectionEnd
99.55389,24,2,3,0,0.7292166,0.9187331,0.1851926,346.6781,154.5308,62.45406,0.7673065,0.9826955,0.2652897,0.3548286,0.9770697,-0.4049096,GotSelection
99.56558,24,2,3,0,0.7293206,0.9186697,0.1851417,346.6856,154.5871,62.44791,0.7653539,0.9837581,0.2645249,0.3756953,0.9625149,-0.4053985,SelectionStart
99.56561,24,2,3,0,0.7293206,0.9186697,0.1851417,346.6856,154.5871,62.44791,0.7653539,0.9837581,0.2645249,0.3756953,0.9625149,-0.4053985,SelectionEnd
99.56898,24,2,3,0,0.7293206,0.9186697,0.1851417,346.6856,154.5871,62.44791,0.7653539,0.9837581,0.2645249,0.3756953,0.9625149,-0.4053985,GotSelection
99.5788,24,2,3,0,0.7295079,0.9185917,0.1849315,346.7419,154.6057,62.46585,0.7635449,0.9849696,0.2636886,0.3975023,0.9495607,-0.4062451,SelectionStart
99.57881,24,2,3,0,0.7295079,0.9185917,0.1849315,346.7419,154.6057,62.46585,0.7635449,0.9849696,0.2636886,0.3975023,0.9495607,-0.4062451,SelectionEnd
99.58209,24,2,3,0,0.7295079,0.9185917,0.1849315,346.7419,154.6057,62.46585,0.7635449,0.9849696,0.2636886,0.3975023,0.9495607,-0.4062451,GotSelection
99.59206,24,2,3,0,0.7300076,0.9186954,0.1847024,346.7928,154.6175,62.51943,0.7610755,0.986854,0.2625732,0.429234,0.9298838,-0.4076172,SelectionStart
99.59209,24,2,3,0,0.7300076,0.9186954,0.1847024,346.7928,154.6175,62.51943,0.7610755,0.986854,0.2625732,0.429234,0.9298838,-0.4076172,SelectionEnd
99.59535,24,2,3,0,0.7300076,0.9186954,0.1847024,346.7928,154.6175,62.51943,0.7610755,0.986854,0.2625732,0.429234,0.9298838,-0.4076172,GotSelection
99.63455,24,2,3,0,0.7308854,0.9189407,0.1844454,346.874,154.6003,62.62836,0.7551884,0.993763,0.258964,0.5243116,0.8908485,-0.391886,SelectionStart
99.63458,24,2,3,0,0.7308854,0.9189407,0.1844454,346.874,154.6003,62.62836,0.7551884,0.993763,0.258964,0.5243116,0.8908485,-0.391886,SelectionEnd
99.63786,24,2,3,0,0.7308854,0.9189407,0.1844454,346.874,154.6003,62.62836,0.7551884,0.993763,0.258964,0.5243116,0.8908485,-0.391886,GotSelection
99.64972,24,2,3,0,0.7310038,0.919031,0.1842742,346.9235,154.6133,62.63091,0.7519676,0.9966509,0.257698,0.5660802,0.8722329,-0.3907039,SelectionStart
99.64975,24,2,3,0,0.7310038,0.919031,0.1842742,346.9235,154.6133,62.63091,0.7519676,0.9966509,0.257698,0.5660802,0.8722329,-0.3907039,SelectionEnd
99.65318,24,2,3,0,0.7310038,0.919031,0.1842742,346.9235,154.6133,62.63091,0.7519676,0.9966509,0.257698,0.5660802,0.8722329,-0.3907039,GotSelection
99.66257,24,2,3,0,0.731267,0.9192392,0.184174,346.9465,154.6183,62.65051,0.7486718,0.9990014,0.2562788,0.603588,0.8478017,-0.3894897,SelectionStart
99.66258,24,2,3,0,0.731267,0.9192392,0.184174,346.9465,154.6183,62.65051,0.7486718,0.9990014,0.2562788,0.603588,0.8478017,-0.3894897,SelectionEnd
99.66594,24,2,3,0,0.731267,0.9192392,0.184174,346.9465,154.6183,62.65051,0.7486718,0.9990014,0.2562788,0.603588,0.8478017,-0.3894897,GotSelection
99.67519,24,2,3,0,0.731365,0.9192481,0.1842507,346.9449,154.6423,62.66532,0.7458118,1.000633,0.2551194,0.6336061,0.825995,-0.3874088,SelectionStart
99.6752,24,2,3,0,0.731365,0.9192481,0.1842507,346.9449,154.6423,62.66532,0.7458118,1.000633,0.2551194,0.6336061,0.825995,-0.3874088,SelectionEnd
99.67845,24,2,3,0,0.731365,0.9192481,0.1842507,346.9449,154.6423,62.66532,0.7458118,1.000633,0.2551194,0.6336061,0.825995,-0.3874088,GotSelection
99.68994,24,2,3,0,0.7313552,0.9190171,0.1844012,346.9141,154.6634,62.67766,0.7421177,1.00272,0.2533312,0.6736785,0.7984601,-0.379962,SelectionStart
99.68997,24,2,3,0,0.7313552,0.9190171,0.1844012,346.9141,154.6634,62.67766,0.7421177,1.00272,0.2533312,0.6736785,0.7984601,-0.379962,SelectionEnd
99.69331,24,2,3,0,0.7313552,0.9190171,0.1844012,346.9141,154.6634,62.67766,0.7421177,1.00272,0.2533312,0.6736785,0.7984601,-0.379962,GotSelection
99.70288,24,2,3,0,0.7313665,0.9189718,0.1846287,346.8732,154.6581,62.70576,0.7396944,1.004088,0.2516218,0.6994726,0.7765211,-0.3689257,SelectionStart
99.7029,24,2,3,0,0.7313665,0.9189718,0.1846287,346.8732,154.6581,62.70576,0.7396944,1.004088,0.2516218,0.6994726,0.7765211,-0.3689257,SelectionEnd
99.70613,24,2,3,0,0.7313665,0.9189718,0.1846287,346.8732,154.6581,62.70576,0.7396944,1.004088,0.2516218,0.6994726,0.7765211,-0.3689257,GotSelection
99.71742,24,2,3,0,0.7314343,0.9189242,0.1849554,346.826,154.6854,62.74516,0.7360337,1.005549,0.2492964,0.7331422,0.741105,-0.3568045,SelectionStart
99.71744,24,2,3,0,0.7314343,0.9189242,0.1849554,346.826,154.6854,62.74516,0.7360337,1.005549,0.2492964,0.7331422,0.741105,-0.3568045,SelectionEnd
99.72083,24,2,3,0,0.7314343,0.9189242,0.1849554,346.826,154.6854,62.74516,0.7360337,1.005549,0.2492964,0.7331422,0.741105,-0.3568045,GotSelection
99.73183,24,2,3,0,0.7312242,0.9187021,0.1852179,346.8087,154.6754,62.7574,0.7328739,1.006617,0.2474466,0.7600676,0.7138802,-0.3470123,SelectionStart
99.73184,24,2,3,0,0.7312242,0.9187021,0.1852179,346.8087,154.6754,62.7574,0.7328739,1.006617,0.2474466,0.7600676,0.7138802,-0.3470123,SelectionEnd
99.73514,24,2,3,0,0.7312242,0.9187021,0.1852179,346.8087,154.6754,62.7574,0.7328739,1.006617,0.2474466,0.7600676,0.7138802,-0.3470123,GotSelection
99.74522,24,2,3,0,0.7311823,0.9186729,0.1853233,346.8059,154.6611,62.77436,0.7296798,1.0075,0.2447554,0.7847137,0.6799684,-0.3330649,SelectionStart
99.74524,24,2,3,0,0.7311823,0.9186729,0.1853233,346.8059,154.6611,62.77436,0.7296798,1.0075,0.2447554,0.7847137,0.6799684,-0.3330649,SelectionEnd
99.74849,24,2,3,0,0.7311823,0.9186729,0.1853233,346.8059,154.6611,62.77436,0.7296798,1.0075,0.2447554,0.7847137,0.6799684,-0.3330649,GotSelection
99.75836,24,2,3,0,0.7311094,0.9185094,0.1852826,346.819,154.659,62.77726,0.7270453,1.00838,0.2428253,0.8071974,0.6556624,-0.3247889,SelectionStart
99.75839,24,2,3,0,0.7311094,0.9185094,0.1852826,346.819,154.659,62.77726,0.7270453,1.00838,0.2428253,0.8071974,0.6556624,-0.3247889,SelectionEnd
99.76193,24,2,3,0,0.7311094,0.9185094,0.1852826,346.819,154.659,62.77726,0.7270453,1.00838,0.2428253,0.8071974,0.6556624,-0.3247889,GotSelection
99.77284,24,2,3,0,0.7310117,0.9184839,0.1852789,346.8303,154.6297,62.77938,0.7238355,1.009345,0.2401935,0.8319896,0.623509,-0.3122381,SelectionStart
99.77286,24,2,3,0,0.7310117,0.9184839,0.1852789,346.8303,154.6297,62.77938,0.7238355,1.009345,0.2401935,0.8319896,0.623509,-0.3122381,SelectionEnd
99.77628,24,2,3,0,0.7310117,0.9184839,0.1852789,346.8303,154.6297,62.77938,0.7238355,1.009345,0.2401935,0.8319896,0.623509,-0.3122381,GotSelection
99.81506,24,2,3,0,0.730715,0.9186655,0.1850542,346.8459,154.6712,62.72847,0.7157459,1.010048,0.2339762,0.8767768,0.5369132,-0.2907404,SelectionStart
99.81508,24,2,3,0,0.730715,0.9186655,0.1850542,346.8459,154.6712,62.72847,0.7157459,1.010048,0.2339762,0.8767768,0.5369132,-0.2907404,SelectionEnd
99.81831,24,2,3,0,0.730715,0.9186655,0.1850542,346.8459,154.6712,62.72847,0.7157459,1.010048,0.2339762,0.8767768,0.5369132,-0.2907404,GotSelection
99.82761,24,2,3,0,0.7306738,0.9188317,0.1846184,346.9324,154.6662,62.69828,0.7145618,1.010145,0.2329814,0.8813939,0.5253502,-0.2922789,SelectionStart
99.82762,24,2,3,0,0.7306738,0.9188317,0.1846184,346.9324,154.6662,62.69828,0.7145618,1.010145,0.2329814,0.8813939,0.5253502,-0.2922789,SelectionEnd
99.83084,24,2,3,0,0.7306738,0.9188317,0.1846184,346.9324,154.6662,62.69828,0.7145618,1.010145,0.2329814,0.8813939,0.5253502,-0.2922789,GotSelection
99.84015,24,2,3,0,0.7304106,0.9188039,0.1844825,346.9685,154.6847,62.64499,0.7141445,1.010188,0.2327551,0.8822482,0.5246321,-0.2926242,SelectionStart
99.84016,24,2,3,0,0.7304106,0.9188039,0.1844825,346.9685,154.6847,62.64499,0.7141445,1.010188,0.2327551,0.8822482,0.5246321,-0.2926242,SelectionEnd
99.84341,24,2,3,0,0.7304106,0.9188039,0.1844825,346.9685,154.6847,62.64499,0.7141445,1.010188,0.2327551,0.8822482,0.5246321,-0.2926242,GotSelection
99.85381,24,2,3,0,0.7303337,0.918938,0.1842144,346.9941,154.691,62.60557,0.713767,1.010266,0.2325666,0.8828226,0.522929,-0.2952119,SelectionStart
99.85384,24,2,3,0,0.7303337,0.918938,0.1842144,346.9941,154.691,62.60557,0.713767,1.010266,0.2325666,0.8828226,0.522929,-0.2952119,SelectionEnd
99.85719,24,2,3,0,0.7303337,0.918938,0.1842144,346.9941,154.691,62.60557,0.713767,1.010266,0.2325666,0.8828226,0.522929,-0.2952119,GotSelection
99.86661,24,2,3,0,0.7301397,0.9190613,0.1840012,347.0173,154.703,62.55417,0.7139015,1.010236,0.2330703,0.8791465,0.5288688,-0.3010367,SelectionStart
99.86662,24,2,3,0,0.7301397,0.9190613,0.1840012,347.0173,154.703,62.55417,0.7139015,1.010236,0.2330703,0.8791465,0.5288688,-0.3010367,SelectionEnd
99.87,24,2,3,0,0.7301397,0.9190613,0.1840012,347.0173,154.703,62.55417,0.7139015,1.010236,0.2330703,0.8791465,0.5288688,-0.3010367,GotSelection
99.88182,24,2,3,0,0.7302585,0.9195587,0.1836955,347.0573,154.6688,62.55043,0.7156215,1.009846,0.2348612,0.8623686,0.5475312,-0.3157729,SelectionStart
99.88185,24,2,3,0,0.7302585,0.9195587,0.1836955,347.0573,154.6688,62.55043,0.7156215,1.009846,0.2348612,0.8623686,0.5475312,-0.3157729,SelectionEnd
99.88548,24,2,3,0,0.7302585,0.9195587,0.1836955,347.0573,154.6688,62.55043,0.7156215,1.009846,0.2348612,0.8623686,0.5475312,-0.3157729,GotSelection
99.89587,24,2,3,0,0.7301338,0.9196826,0.1835009,347.0896,154.65,62.53067,0.7169152,1.009426,0.2363482,0.8495631,0.5644841,-0.3266298,SelectionStart
99.89589,24,2,3,0,0.7301338,0.9196826,0.1835009,347.0896,154.65,62.53067,0.7169152,1.009426,0.2363482,0.8495631,0.5644841,-0.3266298,SelectionEnd
99.89919,24,2,3,0,0.7301338,0.9196826,0.1835009,347.0896,154.65,62.53067,0.7169152,1.009426,0.2363482,0.8495631,0.5644841,-0.3266298,GotSelection
99.90868,24,2,3,0,0.7299561,0.9197796,0.1834551,347.0839,154.6002,62.51504,0.7188557,1.008536,0.2384053,0.8292457,0.5871387,-0.3385406,SelectionStart
99.90871,24,2,3,0,0.7299561,0.9197796,0.1834551,347.0839,154.6002,62.51504,0.7188557,1.008536,0.2384053,0.8292457,0.5871387,-0.3385406,SelectionEnd
99.91217,24,2,3,0,0.7299561,0.9197796,0.1834551,347.0839,154.6002,62.51504,0.7188557,1.008536,0.2384053,0.8292457,0.5871387,-0.3385406,GotSelection
99.9234,24,2,3,0,0.7297104,0.9195801,0.1836127,347.0708,154.5502,62.52264,0.7209166,1.007431,0.2405896,0.8089541,0.6109453,-0.3486006,SelectionStart
99.92342,24,2,3,0,0.7297104,0.9195801,0.1836127,347.0708,154.5502,62.52264,0.7209166,1.007431,0.2405896,0.8089541,0.6109453,-0.3486006,SelectionEnd
99.92676,24,2,3,0,0.7297104,0.9195801,0.1836127,347.0708,154.5502,62.52264,0.7209166,1.007431,0.2405896,0.8089541,0.6109453,-0.3486006,GotSelection
99.93639,24,2,3,0,0.7294952,0.9195728,0.1836137,347.0649,154.4846,62.52746,0.723683,1.00593,0.2431638,0.7797469,0.6400764,-0.362041,SelectionStart
99.9364,24,2,3,0,0.7294952,0.9195728,0.1836137,347.0649,154.4846,62.52746,0.723683,1.00593,0.2431638,0.7797469,0.6400764,-0.362041,SelectionEnd
99.93962,24,2,3,0,0.7294952,0.9195728,0.1836137,347.0649,154.4846,62.52746,0.723683,1.00593,0.2431638,0.7797469,0.6400764,-0.362041,GotSelection
99.95006,24,2,3,0,0.7293161,0.9194432,0.1836933,347.05,154.4306,62.53369,0.7262226,1.004536,0.2454326,0.7540957,0.6662922,-0.3724516,SelectionStart
99.95009,24,2,3,0,0.7293161,0.9194432,0.1836933,347.05,154.4306,62.53369,0.7262226,1.004536,0.2454326,0.7540957,0.6662922,-0.3724516,SelectionEnd
99.95337,24,2,3,0,0.7293161,0.9194432,0.1836933,347.05,154.4306,62.53369,0.7262226,1.004536,0.2454326,0.7540957,0.6662922,-0.3724516,GotSelection
99.99382,24,2,3,0,0.7278045,0.9188868,0.1846019,346.7937,154.4072,62.34444,0.7369233,0.9997118,0.253431,0.6513337,0.7784846,-0.3890417,SelectionStart
99.99385,24,2,3,0,0.7278045,0.9188868,0.1846019,346.7937,154.4072,62.34444,0.7369233,0.9997118,0.253431,0.6513337,0.7784846,-0.3890417,SelectionEnd
99.99707,24,2,3,0,0.7278045,0.9188868,0.1846019,346.7937,154.4072,62.34444,0.7369233,0.9997118,0.253431,0.6513337,0.7784846,-0.3890417,GotSelection
100.0068,24,2,3,0,0.7275603,0.9187484,0.18513,346.6745,154.3947,62.32558,0.7410787,0.998061,0.2561648,0.6152847,0.8167599,-0.3914354,SelectionStart
100.0068,24,2,3,0,0.7275603,0.9187484,0.18513,346.6745,154.3947,62.32558,0.7410787,0.998061,0.2561648,0.6152847,0.8167599,-0.3914354,SelectionEnd
100.0101,24,2,3,0,0.7275603,0.9187484,0.18513,346.6745,154.3947,62.32558,0.7410787,0.998061,0.2561648,0.6152847,0.8167599,-0.3914354,GotSelection
100.0196,24,2,3,0,0.7276688,0.9188115,0.1853844,346.6367,154.3785,62.34164,0.7441171,0.9969131,0.258069,0.589563,0.8418235,-0.3957486,SelectionStart
100.0196,24,2,3,0,0.7276688,0.9188115,0.1853844,346.6367,154.3785,62.34164,0.7441171,0.9969131,0.258069,0.589563,0.8418235,-0.3957486,SelectionEnd
100.0228,24,2,3,0,0.7276688,0.9188115,0.1853844,346.6367,154.3785,62.34164,0.7441171,0.9969131,0.258069,0.589563,0.8418235,-0.3957486,GotSelection
100.032,24,2,3,0,0.7278426,0.9188763,0.1854475,346.6062,154.3859,62.33052,0.7472858,0.9957812,0.2597399,0.563356,0.8673082,-0.3996894,SelectionStart
100.032,24,2,3,0,0.7278426,0.9188763,0.1854475,346.6062,154.3859,62.33052,0.7472858,0.9957812,0.2597399,0.563356,0.8673082,-0.3996894,SelectionEnd
100.0354,24,2,3,0,0.7278426,0.9188763,0.1854475,346.6062,154.3859,62.33052,0.7472858,0.9957812,0.2597399,0.563356,0.8673082,-0.3996894,GotSelection
100.0451,24,2,3,0,0.7282518,0.9187644,0.1856663,346.6019,154.3823,62.37902,0.7508758,0.9942465,0.261795,0.5348478,0.8937385,-0.4057378,SelectionStart
100.0452,24,2,3,0,0.7282518,0.9187644,0.1856663,346.6019,154.3823,62.37902,0.7508758,0.9942465,0.261795,0.5348478,0.8937385,-0.4057378,SelectionEnd
100.0484,24,2,3,0,0.7282518,0.9187644,0.1856663,346.6019,154.3823,62.37902,0.7508758,0.9942465,0.261795,0.5348478,0.8937385,-0.4057378,GotSelection
100.0593,24,2,3,0,0.7286426,0.91882,0.1857661,346.5761,154.3628,62.42587,0.7535733,0.9930656,0.2631685,0.5126234,0.9118208,-0.4095781,SelectionStart
100.0593,24,2,3,0,0.7286426,0.91882,0.1857661,346.5761,154.3628,62.42587,0.7535733,0.9930656,0.2631685,0.5126234,0.9118208,-0.4095781,SelectionEnd
100.0632,24,2,3,0,0.7286426,0.91882,0.1857661,346.5761,154.3628,62.42587,0.7535733,0.9930656,0.2631685,0.5126234,0.9118208,-0.4095781,GotSelection
100.074,24,2,3,0,0.7285149,0.9184144,0.186274,346.5089,154.3362,62.45755,0.7569865,0.9915683,0.2647938,0.4853165,0.9396404,-0.405667,SelectionStart
100.074,24,2,3,0,0.7285149,0.9184144,0.186274,346.5089,154.3362,62.45755,0.7569865,0.9915683,0.2647938,0.4853165,0.9396404,-0.405667,SelectionEnd
100.0774,24,2,3,0,0.7285149,0.9184144,0.186274,346.5089,154.3362,62.45755,0.7569865,0.9915683,0.2647938,0.4853165,0.9396404,-0.405667,GotSelection
100.09,24,2,3,0,0.728847,0.9182011,0.1865873,346.4636,154.27,62.54943,0.7595208,0.9901888,0.2661889,0.4648803,0.9564431,-0.4072684,SelectionStart
100.0901,24,2,3,0,0.728847,0.9182011,0.1865873,346.4636,154.27,62.54943,0.7595208,0.9901888,0.2661889,0.4648803,0.9564431,-0.4072684,SelectionEnd
100.0934,24,2,3,0,0.728847,0.9182011,0.1865873,346.4636,154.27,62.54943,0.7595208,0.9901888,0.2661889,0.4648803,0.9564431,-0.4072684,GotSelection
100.1075,24,2,3,0,0.7291235,0.9178733,0.187104,346.3635,154.2577,62.65417,0.7616687,0.9887962,0.267149,0.4481095,0.9677299,-0.4041074,SelectionStart
100.1075,24,2,3,0,0.7291235,0.9178733,0.187104,346.3635,154.2577,62.65417,0.7616687,0.9887962,0.267149,0.4481095,0.9677299,-0.4041074,SelectionEnd
100.1109,24,2,3,0,0.7291235,0.9178733,0.187104,346.3635,154.2577,62.65417,0.7616687,0.9887962,0.267149,0.4481095,0.9677299,-0.4041074,GotSelection
100.1225,24,2,3,0,0.7295344,0.9176745,0.1873344,346.3235,154.3115,62.71808,0.7634284,0.9877598,0.2677571,0.4354697,0.9753624,-0.4037132,SelectionStart
100.1226,24,2,3,0,0.7295344,0.9176745,0.1873344,346.3235,154.3115,62.71808,0.7634284,0.9877598,0.2677571,0.4354697,0.9753624,-0.4037132,SelectionEnd
100.1261,24,2,3,0,0.7295344,0.9176745,0.1873344,346.3235,154.3115,62.71808,0.7634284,0.9877598,0.2677571,0.4354697,0.9753624,-0.4037132,GotSelection
100.1367,24,2,3,0,0.7299048,0.9175393,0.1872063,346.3681,154.3299,62.7704,0.7652541,0.986877,0.2684389,0.4220746,0.9864738,-0.4073552,SelectionStart
100.1367,24,2,3,0,0.7299048,0.9175393,0.1872063,346.3681,154.3299,62.7704,0.7652541,0.986877,0.2684389,0.4220746,0.9864738,-0.4073552,SelectionEnd
100.14,24,2,3,0,0.7299048,0.9175393,0.1872063,346.3681,154.3299,62.7704,0.7652541,0.986877,0.2684389,0.4220746,0.9864738,-0.4073552,GotSelection
100.1797,24,2,3,0,0.7311373,0.9173642,0.1870828,346.4627,154.3535,62.97525,0.7652059,0.9854447,0.2695497,0.420481,0.9749711,-0.4285298,SelectionStart
100.1797,24,2,3,0,0.7311373,0.9173642,0.1870828,346.4627,154.3535,62.97525,0.7652059,0.9854447,0.2695497,0.420481,0.9749711,-0.4285298,SelectionEnd
100.183,24,2,3,0,0.7311373,0.9173642,0.1870828,346.4627,154.3535,62.97525,0.7652059,0.9854447,0.2695497,0.420481,0.9749711,-0.4285298,GotSelection
100.1925,24,2,3,0,0.7312889,0.9172798,0.1871856,346.4352,154.3891,62.99651,0.7641743,0.9854937,0.269674,0.4284944,0.9661815,-0.4334908,SelectionStart
100.1925,24,2,3,0,0.7312889,0.9172798,0.1871856,346.4352,154.3891,62.99651,0.7641743,0.9854937,0.269674,0.4284944,0.9661815,-0.4334908,SelectionEnd
100.1959,24,2,3,0,0.7312889,0.9172798,0.1871856,346.4352,154.3891,62.99651,0.7641743,0.9854937,0.269674,0.4284944,0.9661815,-0.4334908,GotSelection
100.2057,24,2,3,0,0.7314905,0.9171305,0.1873244,346.3761,154.4418,63.01453,0.7624033,0.9859504,0.2697686,0.4449992,0.9530689,-0.4398264,SelectionStart
100.2058,24,2,3,0,0.7314905,0.9171305,0.1873244,346.3761,154.4418,63.01453,0.7624033,0.9859504,0.2697686,0.4449992,0.9530689,-0.4398264,SelectionEnd
100.2093,24,2,3,0,0.7314905,0.9171305,0.1873244,346.3761,154.4418,63.01453,0.7624033,0.9859504,0.2697686,0.4449992,0.9530689,-0.4398264,GotSelection
100.2189,24,2,3,0,0.731791,0.9173984,0.1872956,346.3564,154.4687,63.02753,0.7608568,0.9863501,0.2694952,0.4561453,0.9379169,-0.445224,SelectionStart
100.2189,24,2,3,0,0.731791,0.9173984,0.1872956,346.3564,154.4687,63.02753,0.7608568,0.9863501,0.2694952,0.4561453,0.9379169,-0.445224,SelectionEnd
100.2223,24,2,3,0,0.731791,0.9173984,0.1872956,346.3564,154.4687,63.02753,0.7608568,0.9863501,0.2694952,0.4561453,0.9379169,-0.445224,GotSelection
100.2314,24,2,3,0,0.7317181,0.9171705,0.1872853,346.365,154.5248,63.01011,0.7591043,0.9868908,0.2692671,0.4715801,0.9269393,-0.4493115,SelectionStart
100.2314,24,2,3,0,0.7317181,0.9171705,0.1872853,346.365,154.5248,63.01011,0.7591043,0.9868908,0.2692671,0.4715801,0.9269393,-0.4493115,SelectionEnd
100.2348,24,2,3,0,0.7317181,0.9171705,0.1872853,346.365,154.5248,63.01011,0.7591043,0.9868908,0.2692671,0.4715801,0.9269393,-0.4493115,GotSelection
100.2441,24,2,3,0,0.7320169,0.9172623,0.1870288,346.4431,154.5702,63.02946,0.7568539,0.987865,0.2688149,0.4924743,0.9093723,-0.457921,SelectionStart
100.2441,24,2,3,0,0.7320169,0.9172623,0.1870288,346.4431,154.5702,63.02946,0.7568539,0.987865,0.2688149,0.4924743,0.9093723,-0.457921,SelectionEnd
100.2474,24,2,3,0,0.7320169,0.9172623,0.1870288,346.4431,154.5702,63.02946,0.7568539,0.987865,0.2688149,0.4924743,0.9093723,-0.457921,GotSelection
100.2569,24,2,3,0,0.7323713,0.917472,0.1866355,346.5359,154.5433,63.06984,0.7549358,0.988654,0.2683184,0.5089377,0.8934163,-0.466423,SelectionStart
100.2569,24,2,3,0,0.7323713,0.917472,0.1866355,346.5359,154.5433,63.06984,0.7549358,0.988654,0.2683184,0.5089377,0.8934163,-0.466423,SelectionEnd
100.2603,24,2,3,0,0.7323713,0.917472,0.1866355,346.5359,154.5433,63.06984,0.7549358,0.988654,0.2683184,0.5089377,0.8934163,-0.466423,GotSelection
100.2711,24,2,3,0,0.732464,0.9175503,0.1865372,346.5797,154.537,63.08926,0.7527514,0.9898134,0.2677205,0.5300446,0.8779051,-0.4696964,SelectionStart
100.2711,24,2,3,0,0.732464,0.9175503,0.1865372,346.5797,154.537,63.08926,0.7527514,0.9898134,0.2677205,0.5300446,0.8779051,-0.4696964,SelectionEnd
100.2745,24,2,3,0,0.732464,0.9175503,0.1865372,346.5797,154.537,63.08926,0.7527514,0.9898134,0.2677205,0.5300446,0.8779051,-0.4696964,GotSelection
100.2843,24,2,3,0,0.7324745,0.9176362,0.1863672,346.6219,154.5375,63.08683,0.7500984,0.9912636,0.266682,0.5553641,0.8590074,-0.4707046,SelectionStart
100.2843,24,2,3,0,0.7324745,0.9176362,0.1863672,346.6219,154.5375,63.08683,0.7500984,0.9912636,0.266682,0.5553641,0.8590074,-0.4707046,SelectionEnd
100.2877,24,2,3,0,0.7324745,0.9176362,0.1863672,346.6219,154.5375,63.08683,0.7500984,0.9912636,0.266682,0.5553641,0.8590074,-0.4707046,GotSelection
100.2985,24,2,3,0,0.7324601,0.9176959,0.1862526,346.6381,154.5155,63.07907,0.7477882,0.9923471,0.2659073,0.5757429,0.8428127,-0.4722385,SelectionStart
100.2985,24,2,3,0,0.7324601,0.9176959,0.1862526,346.6381,154.5155,63.07907,0.7477882,0.9923471,0.2659073,0.5757429,0.8428127,-0.4722385,SelectionEnd
100.3019,24,2,3,0,0.7324601,0.9176959,0.1862526,346.6381,154.5155,63.07907,0.7477882,0.9923471,0.2659073,0.5757429,0.8428127,-0.4722385,GotSelection
100.3115,24,2,3,0,0.7321047,0.9175247,0.1862055,346.6377,154.5113,63.04139,0.7445228,0.9938827,0.264845,0.6051368,0.8234139,-0.4715053,SelectionStart
100.3115,24,2,3,0,0.7321047,0.9175247,0.1862055,346.6377,154.5113,63.04139,0.7445228,0.9938827,0.264845,0.6051368,0.8234139,-0.4715053,SelectionEnd
100.315,24,2,3,0,0.7321047,0.9175247,0.1862055,346.6377,154.5113,63.04139,0.7445228,0.9938827,0.264845,0.6051368,0.8234139,-0.4715053,GotSelection
100.3587,24,2,3,0,0.7308719,0.9172233,0.1873809,346.3486,154.4907,62.98916,0.7336237,0.9979914,0.2619795,0.6948916,0.7505466,-0.4612303,SelectionStart
100.3588,24,2,3,0,0.7308719,0.9172233,0.1873809,346.3486,154.4907,62.98916,0.7336237,0.9979914,0.2619795,0.6948916,0.7505466,-0.4612303,SelectionEnd
100.3624,24,2,3,0,0.7308719,0.9172233,0.1873809,346.3486,154.4907,62.98916,0.7336237,0.9979914,0.2619795,0.6948916,0.7505466,-0.4612303,GotSelection
100.3755,24,2,3,0,0.7308133,0.9171582,0.1878133,346.2698,154.3777,63.04906,0.730185,0.999515,0.2608766,0.7268538,0.7246855,-0.4561507,SelectionStart
100.3756,24,2,3,0,0.7308133,0.9171582,0.1878133,346.2698,154.3777,63.04906,0.730185,0.999515,0.2608766,0.7268538,0.7246855,-0.4561507,SelectionEnd
100.3796,24,2,3,0,0.7308133,0.9171582,0.1878133,346.2698,154.3777,63.04906,0.730185,0.999515,0.2608766,0.7268538,0.7246855,-0.4561507,GotSelection
100.3911,24,2,3,0,0.7306352,0.9169881,0.1882816,346.2099,154.2727,63.08717,0.7270339,1.00109,0.2594808,0.7577551,0.7011296,-0.4464715,SelectionStart
100.3911,24,2,3,0,0.7306352,0.9169881,0.1882816,346.2099,154.2727,63.08717,0.7270339,1.00109,0.2594808,0.7577551,0.7011296,-0.4464715,SelectionEnd
100.3946,24,2,3,0,0.7306352,0.9169881,0.1882816,346.2099,154.2727,63.08717,0.7270339,1.00109,0.2594808,0.7577551,0.7011296,-0.4464715,GotSelection
100.4075,24,2,3,0,0.7304811,0.9169227,0.1886104,346.1637,154.2176,63.09587,0.7237508,1.002564,0.2579437,0.7874877,0.6752524,-0.4384886,SelectionStart
100.4076,24,2,3,0,0.7304811,0.9169227,0.1886104,346.1637,154.2176,63.09587,0.7237508,1.002564,0.2579437,0.7874877,0.6752524,-0.4384886,SelectionEnd
100.4111,24,2,3,0,0.7304811,0.9169227,0.1886104,346.1637,154.2176,63.09587,0.7237508,1.002564,0.2579437,0.7874877,0.6752524,-0.4384886,GotSelection
100.4216,24,2,3,0,0.7302473,0.9168655,0.1888439,346.1175,154.176,63.07647,0.7204157,1.003962,0.2560715,0.816113,0.6482777,-0.4285493,SelectionStart
100.4217,24,2,3,0,0.7302473,0.9168655,0.1888439,346.1175,154.176,63.07647,0.7204157,1.003962,0.2560715,0.816113,0.6482777,-0.4285493,SelectionEnd
100.4253,24,2,3,0,0.7302473,0.9168655,0.1888439,346.1175,154.176,63.07647,0.7204157,1.003962,0.2560715,0.816113,0.6482777,-0.4285493,GotSelection
100.4356,24,2,3,0,0.7299106,0.9166409,0.1891458,346.0614,154.1302,63.06101,0.7171724,1.005253,0.2540348,0.8443887,0.6219444,-0.4153841,SelectionStart
100.4357,24,2,3,0,0.7299106,0.9166409,0.1891458,346.0614,154.1302,63.06101,0.7171724,1.005253,0.2540348,0.8443887,0.6219444,-0.4153841,SelectionEnd
100.4393,24,2,3,0,0.7299106,0.9166409,0.1891458,346.0614,154.1302,63.06101,0.7171724,1.005253,0.2540348,0.8443887,0.6219444,-0.4153841,GotSelection
100.4517,24,2,3,0,0.7299024,0.9165764,0.1890386,346.0456,154.1938,63.04451,0.7138338,1.006339,0.2516771,0.8719687,0.5899618,-0.4067463,SelectionStart
100.4518,24,2,3,0,0.7299024,0.9165764,0.1890386,346.0456,154.1938,63.04451,0.7138338,1.006339,0.2516771,0.8719687,0.5899618,-0.4067463,SelectionEnd
100.4554,24,2,3,0,0.7299024,0.9165764,0.1890386,346.0456,154.1938,63.04451,0.7138338,1.006339,0.2516771,0.8719687,0.5899618,-0.4067463,GotSelection
100.4662,24,2,3,0,0.7299451,0.9165526,0.189021,346.0456,154.2264,63.04673,0.7110962,1.006997,0.2496355,0.8924913,0.5612131,-0.3990656,SelectionStart
100.4662,24,2,3,0,0.7299451,0.9165526,0.189021,346.0456,154.2264,63.04673,0.7110962,1.006997,0.2496355,0.8924913,0.5612131,-0.3990656,SelectionEnd
100.4697,24,2,3,0,0.7299451,0.9165526,0.189021,346.0456,154.2264,63.04673,0.7110962,1.006997,0.2496355,0.8924913,0.5612131,-0.3990656,GotSelection
100.482,24,2,3,0,0.7303615,0.9165875,0.1887488,346.1275,154.2479,63.10767,0.7078327,1.007973,0.2468991,0.9198859,0.5234253,-0.3921518,SelectionStart
100.482,24,2,3,0,0.7303615,0.9165875,0.1887488,346.1275,154.2479,63.10767,0.7078327,1.007973,0.2468991,0.9198859,0.5234253,-0.3921518,SelectionEnd
100.486,24,2,3,0,0.7303615,0.9165875,0.1887488,346.1275,154.2479,63.10767,0.7078327,1.007973,0.2468991,0.9198859,0.5234253,-0.3921518,GotSelection
100.4966,24,2,3,0,0.73071,0.9165614,0.1885757,346.1782,154.2689,63.16713,0.7048642,1.009025,0.2439673,0.9467575,0.4876723,-0.3801255,SelectionStart
100.4966,24,2,3,0,0.73071,0.9165614,0.1885757,346.1782,154.2689,63.16713,0.7048642,1.009025,0.2439673,0.9467575,0.4876723,-0.3801255,SelectionEnd
100.5,24,2,3,0,0.73071,0.9165614,0.1885757,346.1782,154.2689,63.16713,0.7048642,1.009025,0.2439673,0.9467575,0.4876723,-0.3801255,GotSelection
100.5107,24,2,3,0,0.7310767,0.9165452,0.1884083,346.2248,154.2711,63.22462,0.7022187,1.010005,0.2413459,0.9712095,0.4556043,-0.3696221,SelectionStart
100.5107,24,2,3,0,0.7310767,0.9165452,0.1884083,346.2248,154.2711,63.22462,0.7022187,1.010005,0.2413459,0.9712095,0.4556043,-0.3696221,SelectionEnd
100.5141,24,2,3,0,0.7310767,0.9165452,0.1884083,346.2248,154.2711,63.22462,0.7022187,1.010005,0.2413459,0.9712095,0.4556043,-0.3696221,GotSelection
100.5598,24,2,3,0,0.7326152,0.9174367,0.1886571,346.3141,154.2264,63.40667,0.6973485,1.012012,0.2343842,1.014484,0.3723835,-0.3318842,SelectionStart
100.5598,24,2,3,0,0.7326152,0.9174367,0.1886571,346.3141,154.2264,63.40667,0.6973485,1.012012,0.2343842,1.014484,0.3723835,-0.3318842,SelectionEnd
100.5632,24,2,3,0,0.7326152,0.9174367,0.1886571,346.3141,154.2264,63.40667,0.6973485,1.012012,0.2343842,1.014484,0.3723835,-0.3318842,GotSelection
100.5737,24,2,3,0,0.7322037,0.9170586,0.1881167,346.3697,154.1958,63.39334,0.696012,1.012237,0.2329458,1.024052,0.3638373,-0.3275143,SelectionStart
100.5737,24,2,3,0,0.7322037,0.9170586,0.1881167,346.3697,154.1958,63.39334,0.696012,1.012237,0.2329458,1.024052,0.3638373,-0.3275143,SelectionEnd
100.5775,24,2,3,0,0.7322037,0.9170586,0.1881167,346.3697,154.1958,63.39334,0.696012,1.012237,0.2329458,1.024052,0.3638373,-0.3275143,GotSelection
100.588,24,2,3,0,0.7323385,0.9171919,0.1878661,346.4547,154.1389,63.40799,0.6957239,1.012497,0.2319693,1.026788,0.3575795,-0.324292,SelectionStart
100.588,24,2,3,0,0.7323385,0.9171919,0.1878661,346.4547,154.1389,63.40799,0.6957239,1.012497,0.2319693,1.026788,0.3575795,-0.324292,SelectionEnd
100.5916,24,2,3,0,0.7323385,0.9171919,0.1878661,346.4547,154.1389,63.40799,0.6957239,1.012497,0.2319693,1.026788,0.3575795,-0.324292,GotSelection
100.6024,24,2,3,0,0.7322419,0.9173698,0.1876374,346.5158,154.0875,63.38494,0.6962212,1.012498,0.2318,1.021565,0.3624104,-0.323939,SelectionStart
100.6024,24,2,3,0,0.7322419,0.9173698,0.1876374,346.5158,154.0875,63.38494,0.6962212,1.012498,0.2318,1.021565,0.3624104,-0.323939,SelectionEnd
100.6059,24,2,3,0,0.7322419,0.9173698,0.1876374,346.5158,154.0875,63.38494,0.6962212,1.012498,0.2318,1.021565,0.3624104,-0.323939,GotSelection
100.6152,24,2,3,0,0.7321305,0.9175323,0.187297,346.6052,154.028,63.36065,0.6967158,1.012498,0.2316496,1.016209,0.3680579,-0.325198,SelectionStart
100.6152,24,2,3,0,0.7321305,0.9175323,0.187297,346.6052,154.028,63.36065,0.6967158,1.012498,0.2316496,1.016209,0.3680579,-0.325198,SelectionEnd
100.6187,24,2,3,0,0.7321305,0.9175323,0.187297,346.6052,154.028,63.36065,0.6967158,1.012498,0.2316496,1.016209,0.3680579,-0.325198,GotSelection
100.6282,24,2,3,0,0.7321477,0.9178566,0.1868318,346.697,153.9585,63.35488,0.6978786,1.012375,0.2319829,1.005593,0.3793695,-0.3302454,SelectionStart
100.6283,24,2,3,0,0.7321477,0.9178566,0.1868318,346.697,153.9585,63.35488,0.6978786,1.012375,0.2319829,1.005593,0.3793695,-0.3302454,SelectionEnd
100.6316,24,2,3,0,0.7321477,0.9178566,0.1868318,346.697,153.9585,63.35488,0.6978786,1.012375,0.2319829,1.005593,0.3793695,-0.3302454,GotSelection
100.6418,24,2,3,0,0.7320966,0.9180822,0.1864518,346.7694,153.8333,63.36793,0.6993328,1.012195,0.2321751,0.9935543,0.3927462,-0.3312882,SelectionStart
100.6418,24,2,3,0,0.7320966,0.9180822,0.1864518,346.7694,153.8333,63.36793,0.6993328,1.012195,0.2321751,0.9935543,0.3927462,-0.3312882,SelectionEnd
100.6453,24,2,3,0,0.7320966,0.9180822,0.1864518,346.7694,153.8333,63.36793,0.6993328,1.012195,0.2321751,0.9935543,0.3927462,-0.3312882,GotSelection
100.6651,24,2,3,0,0.7314528,0.9182765,0.1863883,346.7318,153.6348,63.32064,0.7040229,1.011929,0.2327123,0.9615806,0.4374686,-0.3138057,Nothing
100.6729,24,2,3,0,0.7309527,0.9180881,0.1866041,346.6602,153.6509,63.25541,0.7056866,1.011541,0.2332029,0.9487684,0.4557296,-0.3058553,Nothing
100.6822,24,2,3,0,0.7304306,0.9180773,0.1867816,346.5694,153.6467,63.18143,0.7081479,1.011335,0.2336815,0.9317145,0.4807626,-0.2941873,Nothing
100.6898,24,2,3,0,0.730005,0.918,0.186995,346.4769,153.6674,63.11753,0.7097049,1.011111,0.2341724,0.9202878,0.4977975,-0.2865894,Nothing
100.6988,24,2,3,0,0.7296488,0.9179425,0.1871386,346.407,153.6753,63.06002,0.7118859,1.011147,0.2347158,0.907987,0.5206965,-0.2774907,Nothing
100.7144,24,2,3,0,0.7294701,0.9181044,0.1871863,346.3236,153.6417,62.99591,0.7161179,1.011123,0.2354831,0.8833696,0.5587142,-0.2633671,Nothing
100.7223,24,2,3,0,0.729303,0.918115,0.18725,346.2847,153.637,62.96567,0.7183606,1.011159,0.2357943,0.8710888,0.5790986,-0.2541824,Nothing
100.7315,24,2,3,0,0.7293759,0.9181836,0.1873653,346.2551,153.6459,62.96578,0.7207171,1.011386,0.2362108,0.8609251,0.5987921,-0.2459101,Nothing
100.7401,24,2,3,0,0.7292617,0.9182255,0.1874318,346.2154,153.6487,62.93813,0.7240999,1.011397,0.2365468,0.8425869,0.6272298,-0.2322849,Nothing
100.7482,24,2,3,0,0.7295589,0.9183851,0.1875804,346.2164,153.6309,62.95764,0.7266186,1.011422,0.2368271,0.8301511,0.6441196,-0.2239694,Nothing
100.7556,24,2,3,0,0.7296048,0.9184443,0.1874945,346.2285,153.6397,62.9407,0.7288889,1.011349,0.2369324,0.8173763,0.6616614,-0.2164511,Nothing
100.7642,24,2,3,0,0.7293178,0.9181498,0.1873161,346.2322,153.6608,62.88951,0.731112,1.011362,0.2369906,0.8066847,0.6840178,-0.2069128,Nothing
100.7725,24,2,3,0,0.7293388,0.9181713,0.1871755,346.2526,153.6732,62.86486,0.733454,1.011022,0.2372772,0.791242,0.702512,-0.2017995,Nothing
100.7813,24,2,3,0,0.7293205,0.9181818,0.1869454,346.2759,153.6806,62.84249,0.7356734,1.010832,0.2374675,0.7776253,0.7210458,-0.1966372,Nothing
100.7894,24,2,3,0,0.7296655,0.918361,0.1868143,346.2946,153.6724,62.84668,0.7383249,1.011062,0.237376,0.7661968,0.7390736,-0.1870207,Nothing
100.7978,24,2,3,0,0.7297602,0.9183767,0.1866947,346.3124,153.663,62.84669,0.7405043,1.010915,0.2376442,0.7539297,0.7562538,-0.1819594,Nothing
100.8064,24,2,3,0,0.7296655,0.9183391,0.1865581,346.3631,153.6826,62.8378,0.7439328,1.010596,0.2380458,0.7331437,0.7845516,-0.1729407,Nothing
100.8143,24,2,3,0,0.7297204,0.9183125,0.1864935,346.3717,153.6575,62.84692,0.7454921,1.010158,0.2385621,0.7217152,0.7971237,-0.1724685,Nothing
100.823,24,2,3,0,0.7297331,0.9182907,0.1864293,346.3735,153.6378,62.84306,0.7475845,1.009906,0.2388484,0.7088279,0.8138937,-0.1668857,Nothing
100.8336,24,2,3,0,0.7296281,0.9181029,0.1862129,346.359,153.5726,62.83122,0.7499854,1.009953,0.2389183,0.6975809,0.8360582,-0.1571072,Nothing
100.8477,24,2,3,0,0.729493,0.9180324,0.1859439,346.3766,153.4391,62.80054,0.7539929,1.009236,0.2394961,0.6693849,0.870034,-0.1471478,Nothing
100.8567,24,2,3,0,0.729353,0.9179457,0.1858017,346.3996,153.3635,62.76746,0.7559815,1.008792,0.239764,0.6543313,0.8874299,-0.1419752,Nothing
100.864,24,2,3,0,0.729143,0.917924,0.1856137,346.4102,153.3042,62.71782,0.7579098,1.008248,0.2400852,0.6375721,0.9047351,-0.1379035,Nothing
100.8727,24,2,3,0,0.7287352,0.9178244,0.1853724,346.4117,153.2247,62.62381,0.7608721,1.007445,0.240496,0.61202,0.9318281,-0.1296436,Nothing
100.881,24,2,3,0,0.7282281,0.9177649,0.1851974,346.3917,153.192,62.50821,0.7625414,1.006647,0.240829,0.5921777,0.9489172,-0.1255358,Nothing
100.89,24,2,3,0,0.7277731,0.9179981,0.184985,346.3657,153.16,62.38989,0.7639343,1.005693,0.2411473,0.5699826,0.9615167,-0.1240682,Nothing
100.8976,24,2,3,0,0.7271469,0.9179645,0.18477,346.3394,153.1636,62.23779,0.7655926,1.004818,0.2414568,0.5481015,0.9790601,-0.1201081,Nothing
100.9063,24,2,3,0,0.72631,0.9177802,0.1845722,346.311,153.1902,62.0712,0.7672682,1.004006,0.2417168,0.5266926,0.9989089,-0.1142526,Nothing
100.9152,24,2,3,0,0.7256787,0.917779,0.1842539,346.3035,153.202,61.90659,0.7689062,1.00306,0.2420126,0.5035585,1.01615,-0.1118313,Nothing
100.9222,24,2,3,0,0.7250768,0.9178023,0.1838406,346.3171,153.1964,61.74529,0.770469,1.002098,0.2422551,0.4804454,1.032521,-0.1104938,Nothing
100.931,24,2,3,0,0.7245289,0.9178964,0.1832879,346.3425,153.199,61.56721,0.7720445,1.001045,0.2425675,0.4557125,1.048852,-0.1118538,Nothing
100.9391,24,2,3,0,0.7236525,0.9179713,0.1825596,346.3921,153.203,61.30875,0.7744027,0.999455,0.243072,0.418817,1.073313,-0.1131292,Nothing
100.9475,24,2,3,0,0.7231919,0.9180248,0.181977,346.4398,153.2464,61.12291,0.7759362,0.9983052,0.243463,0.3940408,1.088499,-0.1170072,Nothing
100.9558,24,2,3,0,0.7227051,0.9181246,0.1814747,346.4811,153.2581,60.96464,0.7773443,0.9970586,0.2439637,0.3688218,1.102191,-0.1214246,Nothing
100.9643,24,2,3,0,0.7222711,0.918126,0.1811679,346.5184,153.2691,60.85376,0.7788312,0.9958828,0.2443935,0.3458812,1.115139,-0.1228843,Nothing
100.9724,24,2,3,0,0.7219992,0.9182194,0.18092,346.5455,153.3023,60.76741,0.7801912,0.9946373,0.2448472,0.3236848,1.124699,-0.1258596,Nothing
100.9816,24,2,3,0,0.7219048,0.9183342,0.1807237,346.5478,153.3212,60.70544,0.7813257,0.9933982,0.245274,0.3039876,1.130677,-0.1294198,Nothing
100.9892,24,2,3,0,0.7216343,0.9183679,0.180518,346.5558,153.3479,60.6162,0.782356,0.9922266,0.2457318,0.2846525,1.13818,-0.1328667,Nothing
100.9979,24,2,3,0,0.7213889,0.9183526,0.1804239,346.5405,153.3701,60.5346,0.7840725,0.9904127,0.2462996,0.2567671,1.14763,-0.1343902,Nothing
101.0059,24,2,3,0,0.7212093,0.9183742,0.180349,346.5413,153.3832,60.47501,0.785082,0.9891855,0.2466536,0.2382473,1.152719,-0.1360775,Nothing
101.0141,24,2,3,0,0.7213895,0.9183233,0.1805249,346.5216,153.3933,60.50682,0.7859707,0.9880853,0.2468721,0.2260714,1.152923,-0.1356886,Nothing
101.0232,24,2,3,0,0.7214997,0.918257,0.180804,346.4871,153.3987,60.52094,0.7867696,0.986942,0.2470039,0.2134827,1.152001,-0.1335129,Nothing
101.0316,24,2,3,0,0.7218079,0.9180588,0.1811946,346.4178,153.376,60.60323,0.7870025,0.985507,0.2471022,0.2049783,1.143786,-0.1329618,Nothing
101.04,24,2,3,0,0.7219527,0.9179897,0.1814999,346.369,153.3852,60.63419,0.7876524,0.9845054,0.2470078,0.1951035,1.140906,-0.1289274,Nothing
101.0475,24,2,3,0,0.7221074,0.9176589,0.1820673,346.2806,153.3943,60.69696,0.7882565,0.9836981,0.2468934,0.1902685,1.13835,-0.1210561,Nothing
101.0564,24,2,3,0,0.7225733,0.9174464,0.1828592,346.168,153.4098,60.81437,0.789189,0.9822985,0.246687,0.1804324,1.130725,-0.1118544,Nothing
101.0641,24,2,3,0,0.7228816,0.9173334,0.1833358,346.1099,153.4169,60.87774,0.7897264,0.9814941,0.2464746,0.1748148,1.125451,-0.1058203,Nothing
101.0731,24,2,3,0,0.7232445,0.9170445,0.1838751,346.0642,153.4352,60.9652,0.7903023,0.9807314,0.2461124,0.1717228,1.119932,-0.0977766,Nothing
101.0808,24,2,3,0,0.7235165,0.916892,0.1843553,345.9954,153.4353,61.02877,0.7906709,0.980089,0.2457368,0.1685434,1.113838,-0.09014886,Nothing
101.0896,24,2,3,0,0.723983,0.9168072,0.1846652,345.9292,153.4379,61.08899,0.7910636,0.9795128,0.2452152,0.166178,1.106592,-0.08358116,Nothing
101.0988,24,2,3,0,0.7242344,0.9166324,0.1850958,345.8572,153.4472,61.12203,0.7911389,0.9791148,0.2445325,0.1662514,1.098505,-0.0743484,Nothing
101.114,24,2,3,0,0.7245737,0.9163745,0.1859679,345.7199,153.449,61.20452,0.7911094,0.9780734,0.243461,0.1636279,1.081991,-0.05916726,Nothing
101.1252,24,2,3,0,0.7253238,0.9163454,0.1865576,345.6799,153.4586,61.34522,0.7908578,0.9776343,0.2423466,0.1685382,1.063504,-0.04923566,Nothing
101.1405,24,2,3,0,0.7260698,0.9162046,0.187525,345.5595,153.4257,61.52255,0.7904359,0.9770725,0.2408976,0.1747726,1.040043,-0.03225887,Nothing
101.1482,24,2,3,0,0.7264035,0.9161761,0.1879946,345.4883,153.377,61.58461,0.7899816,0.976887,0.2402463,0.178736,1.027576,-0.02475989,Nothing
101.1563,24,2,3,0,0.7266745,0.9160953,0.1883837,345.423,153.3131,61.64199,0.7893375,0.9767706,0.239637,0.1842279,1.015364,-0.01848209,Nothing
101.166,24,2,3,0,0.7270682,0.91598,0.1889969,345.325,153.2415,61.71884,0.7884811,0.9765422,0.2387429,0.1911959,0.9975926,-0.008969159,Nothing
101.1813,24,2,3,0,0.7276249,0.9159331,0.1899938,345.1606,153.2006,61.82615,0.7869991,0.9764123,0.2374754,0.2033225,0.9699919,0.004063333,Nothing
101.1893,24,2,3,0,0.7276486,0.9158268,0.1905472,345.0685,153.1908,61.85425,0.7861858,0.9764172,0.2367861,0.2093117,0.957745,0.01271705,Nothing
101.1976,24,2,3,0,0.7278473,0.9157751,0.1909901,344.9906,153.1771,61.89225,0.7854043,0.9764162,0.2360294,0.2156572,0.9443184,0.02008081,Nothing
101.2062,24,2,3,0,0.7280704,0.9157242,0.1914371,344.9193,153.1577,61.9337,0.7848097,0.976382,0.2353619,0.2208351,0.9323618,0.02731223,Nothing
101.2144,24,2,3,0,0.7286374,0.9158657,0.1915303,344.8895,153.1261,61.97163,0.7842388,0.9765297,0.2347974,0.227488,0.9203473,0.02875246,Nothing
101.2223,24,2,3,0,0.7290063,0.915917,0.1918073,344.8785,153.1069,62.01393,0.7838214,0.9767076,0.2343012,0.233435,0.9108884,0.03272839,Nothing
101.231,24,2,3,0,0.7291049,0.9157509,0.1921213,344.8706,153.103,62.04821,0.7836021,0.9769883,0.2340179,0.2395813,0.9073355,0.03788109,Nothing
101.2395,24,2,3,0,0.7294621,0.9158322,0.1922811,344.8875,153.1273,62.08696,0.7833489,0.9772026,0.2337768,0.2447291,0.9011353,0.03856792,Nothing
101.2481,24,2,3,0,0.7300925,0.91602,0.1924644,344.8989,153.1748,62.13822,0.7827328,0.9775544,0.2335592,0.2537956,0.8902386,0.0363165,Nothing
101.2566,24,2,3,0,0.7304371,0.9161127,0.1925139,344.9419,153.2664,62.15215,0.782607,0.9777536,0.2335934,0.2578081,0.8870152,0.0331361,Nothing
101.264,24,2,3,0,0.7307335,0.9161982,0.1924953,344.9943,153.3736,62.15252,0.7825247,0.9778156,0.2337571,0.2600387,0.8849388,0.02800924,Nothing
101.2733,24,2,3,0,0.7311932,0.9163772,0.1922171,345.0835,153.5015,62.11785,0.7825823,0.9778823,0.2339083,0.2611561,0.8836741,0.01972964,Nothing
101.2809,24,2,3,0,0.7313999,0.9164249,0.192174,345.1161,153.5828,62.09575,0.7824874,0.9778736,0.2341214,0.2622307,0.8824859,0.01472652,Nothing
101.2896,24,2,3,0,0.7314649,0.9165812,0.1920888,345.1104,153.6161,62.05819,0.7824631,0.9777727,0.2342995,0.2599995,0.8821087,0.01102925,Nothing
101.2975,24,2,3,0,0.7315401,0.9165946,0.1921417,345.1024,153.6693,62.03422,0.7824283,0.9777142,0.2344252,0.2597911,0.8813747,0.009218243,Nothing
101.3064,24,2,3,0,0.7316412,0.9165267,0.1923366,345.097,153.7401,62.03338,0.7823488,0.977634,0.2346586,0.2609032,0.8800821,0.007335023,Nothing
101.3142,24,2,3,0,0.7316748,0.9165027,0.192449,345.0762,153.7944,62.01257,0.7823601,0.977453,0.234806,0.2595454,0.8794013,0.006148358,Nothing
101.3232,24,2,3,0,0.7317755,0.91649,0.1925792,345.0648,153.8447,62.00676,0.7821137,0.9771821,0.2348684,0.2592525,0.875217,0.004133034,Nothing
101.3314,24,2,3,0,0.7315861,0.9161286,0.1928626,345.0433,153.9195,62.00665,0.7820607,0.9768308,0.2350052,0.2589046,0.8754664,0.005467462,Nothing
101.3394,24,2,3,0,0.7316764,0.916087,0.1930162,345.0294,153.9672,62.00832,0.7819761,0.9763843,0.2351723,0.2565243,0.8722801,0.003155396,Nothing
101.3472,24,2,3,0,0.7318012,0.9160694,0.193126,345.0312,154.0085,62.01955,0.7817054,0.9758854,0.2353357,0.2547714,0.8672422,-0.0007677752,Nothing
101.3563,24,2,3,0,0.7320126,0.9160661,0.1932583,345.0456,154.038,62.05211,0.7815516,0.9752817,0.2355105,0.2520939,0.8617413,-0.004780942,Nothing
101.3641,24,2,3,0,0.7322845,0.9161388,0.193299,345.0492,154.0854,62.07347,0.7816637,0.974744,0.2356785,0.2481357,0.8582044,-0.008758384,SelectionStart
101.3641,24,2,3,0,0.7322845,0.9161388,0.193299,345.0492,154.0854,62.07347,0.7816637,0.974744,0.2356785,0.2481357,0.8582044,-0.008758384,SelectionEnd
101.3675,24,2,3,0,0.7322845,0.9161388,0.193299,345.0492,154.0854,62.07347,0.7816637,0.974744,0.2356785,0.2481357,0.8582044,-0.008758384,GotSelection
101.3773,24,2,3,0,0.7326278,0.9161304,0.1936518,345.0463,154.1284,62.13372,0.7816142,0.9736643,0.2361459,0.2419586,0.8505565,-0.01471801,SelectionStart
101.3773,24,2,3,0,0.7326278,0.9161304,0.1936518,345.0463,154.1284,62.13372,0.7816142,0.9736643,0.2361459,0.2419586,0.8505565,-0.01471801,SelectionEnd
101.3807,24,2,3,0,0.7326278,0.9161304,0.1936518,345.0463,154.1284,62.13372,0.7816142,0.9736643,0.2361459,0.2419586,0.8505565,-0.01471801,GotSelection
101.3927,24,2,3,0,0.7328079,0.9160705,0.1939614,345.0191,154.1682,62.1708,0.7818582,0.9727114,0.2364371,0.2345494,0.8466335,-0.01677332,SelectionStart
101.3927,24,2,3,0,0.7328079,0.9160705,0.1939614,345.0191,154.1682,62.1708,0.7818582,0.9727114,0.2364371,0.2345494,0.8466335,-0.01677332,SelectionEnd
101.3961,24,2,3,0,0.7328079,0.9160705,0.1939614,345.0191,154.1682,62.1708,0.7818582,0.9727114,0.2364371,0.2345494,0.8466335,-0.01677332,GotSelection
101.407,24,2,3,0,0.7328718,0.9157289,0.1941764,344.9728,154.2572,62.18641,0.7817568,0.9716612,0.2370941,0.229864,0.8441699,-0.02375041,SelectionStart
101.407,24,2,3,0,0.7328718,0.9157289,0.1941764,344.9728,154.2572,62.18641,0.7817568,0.9716612,0.2370941,0.229864,0.8441699,-0.02375041,SelectionEnd
101.4102,24,2,3,0,0.7328718,0.9157289,0.1941764,344.9728,154.2572,62.18641,0.7817568,0.9716612,0.2370941,0.229864,0.8441699,-0.02375041,GotSelection
101.4539,24,2,3,0,0.733253,0.9156111,0.1950425,344.9331,154.5822,62.17442,0.7808219,0.9704053,0.2386587,0.2281324,0.8319908,-0.04163384,SelectionStart
101.4539,24,2,3,0,0.733253,0.9156111,0.1950425,344.9331,154.5822,62.17442,0.7808219,0.9704053,0.2386587,0.2281324,0.8319908,-0.04163384,SelectionEnd
101.4576,24,2,3,0,0.733253,0.9156111,0.1950425,344.9331,154.5822,62.17442,0.7808219,0.9704053,0.2386587,0.2281324,0.8319908,-0.04163384,GotSelection
101.4676,24,2,3,0,0.7331667,0.9154781,0.1949548,344.8946,154.7198,62.13959,0.7798576,0.9710999,0.2376674,0.2400091,0.8245336,-0.03614046,SelectionStart
101.4676,24,2,3,0,0.7331667,0.9154781,0.1949548,344.8946,154.7198,62.13959,0.7798576,0.9710999,0.2376674,0.2400091,0.8245336,-0.03614046,SelectionEnd
101.4709,24,2,3,0,0.7331667,0.9154781,0.1949548,344.8946,154.7198,62.13959,0.7798576,0.9710999,0.2376674,0.2400091,0.8245336,-0.03614046,GotSelection
101.4831,24,2,3,0,0.7334975,0.9154394,0.1953053,344.8578,154.801,62.18105,0.7778974,0.9721187,0.2366973,0.2621939,0.8050475,-0.03162031,SelectionStart
101.4831,24,2,3,0,0.7334975,0.9154394,0.1953053,344.8578,154.801,62.18105,0.7778974,0.9721187,0.2366973,0.2621939,0.8050475,-0.03162031,SelectionEnd
101.4865,24,2,3,0,0.7334975,0.9154394,0.1953053,344.8578,154.801,62.18105,0.7778974,0.9721187,0.2366973,0.2621939,0.8050475,-0.03162031,GotSelection
101.4981,24,2,3,0,0.7340254,0.9154902,0.1955571,344.85,154.8381,62.2678,0.7751042,0.9732518,0.2347025,0.2903333,0.7730085,-0.02290259,SelectionStart
101.4982,24,2,3,0,0.7340254,0.9154902,0.1955571,344.85,154.8381,62.2678,0.7751042,0.9732518,0.2347025,0.2903333,0.7730085,-0.02290259,SelectionEnd
101.5015,24,2,3,0,0.7340254,0.9154902,0.1955571,344.85,154.8381,62.2678,0.7751042,0.9732518,0.2347025,0.2903333,0.7730085,-0.02290259,GotSelection
101.5106,24,2,3,0,0.7342638,0.9153077,0.1955613,344.86,154.8626,62.31425,0.7725408,0.9738412,0.2331146,0.3124139,0.746927,-0.0187064,SelectionStart
101.5106,24,2,3,0,0.7342638,0.9153077,0.1955613,344.86,154.8626,62.31425,0.7725408,0.9738412,0.2331146,0.3124139,0.746927,-0.0187064,SelectionEnd
101.5138,24,2,3,0,0.7342638,0.9153077,0.1955613,344.86,154.8626,62.31425,0.7725408,0.9738412,0.2331146,0.3124139,0.746927,-0.0187064,GotSelection
101.5238,24,2,3,0,0.7345632,0.9152638,0.1956079,344.8655,154.8848,62.36776,0.769677,0.9747549,0.2311772,0.3380093,0.7169119,-0.01194091,SelectionStart
101.5239,24,2,3,0,0.7345632,0.9152638,0.1956079,344.8655,154.8848,62.36776,0.769677,0.9747549,0.2311772,0.3380093,0.7169119,-0.01194091,SelectionEnd
101.5271,24,2,3,0,0.7345632,0.9152638,0.1956079,344.8655,154.8848,62.36776,0.769677,0.9747549,0.2311772,0.3380093,0.7169119,-0.01194091,GotSelection
101.5401,24,2,3,0,0.7350751,0.915231,0.19569,344.8687,154.915,62.4475,0.7654541,0.9758276,0.2281697,0.3733111,0.669816,-0.001485916,SelectionStart
101.5402,24,2,3,0,0.7350751,0.915231,0.19569,344.8687,154.915,62.4475,0.7654541,0.9758276,0.2281697,0.3733111,0.669816,-0.001485916,SelectionEnd
101.5435,24,2,3,0,0.7350751,0.915231,0.19569,344.8687,154.915,62.4475,0.7654541,0.9758276,0.2281697,0.3733111,0.669816,-0.001485916,GotSelection
101.5529,24,2,3,0,0.7354873,0.915239,0.1956692,344.8912,154.9118,62.53537,0.7610028,0.9768391,0.224784,0.4082107,0.6198118,0.01065559,SelectionStart
101.5529,24,2,3,0,0.7354873,0.915239,0.1956692,344.8912,154.9118,62.53537,0.7610028,0.9768391,0.224784,0.4082107,0.6198118,0.01065559,SelectionEnd
101.5561,24,2,3,0,0.7354873,0.915239,0.1956692,344.8912,154.9118,62.53537,0.7610028,0.9768391,0.224784,0.4082107,0.6198118,0.01065559,GotSelection
101.5679,24,2,3,0,0.7358578,0.915388,0.1955458,344.9631,154.8374,62.62284,0.7576135,0.9775871,0.2220698,0.4335831,0.5803177,0.01923497,SelectionStart
101.5679,24,2,3,0,0.7358578,0.915388,0.1955458,344.9631,154.8374,62.62284,0.7576135,0.9775871,0.2220698,0.4335831,0.5803177,0.01923497,SelectionEnd
101.5714,24,2,3,0,0.7358578,0.915388,0.1955458,344.9631,154.8374,62.62284,0.7576135,0.9775871,0.2220698,0.4335831,0.5803177,0.01923497,GotSelection
101.5818,24,2,3,0,0.7362885,0.9154584,0.1954882,345.0251,154.7389,62.73532,0.753063,0.9785691,0.2181786,0.4680376,0.5264478,0.03467712,SelectionStart
101.5819,24,2,3,0,0.7362885,0.9154584,0.1954882,345.0251,154.7389,62.73532,0.753063,0.9785691,0.2181786,0.4680376,0.5264478,0.03467712,SelectionEnd
101.5852,24,2,3,0,0.7362885,0.9154584,0.1954882,345.0251,154.7389,62.73532,0.753063,0.9785691,0.2181786,0.4680376,0.5264478,0.03467712,GotSelection
101.5952,24,2,3,0,0.7363709,0.9154952,0.1955503,345.0307,154.6686,62.78556,0.7496698,0.9793546,0.21476,0.4926333,0.4855152,0.05323811,SelectionStart
101.5953,24,2,3,0,0.7363709,0.9154952,0.1955503,345.0307,154.6686,62.78556,0.7496698,0.9793546,0.21476,0.4926333,0.4855152,0.05323811,SelectionEnd
101.5987,24,2,3,0,0.7363709,0.9154952,0.1955503,345.0307,154.6686,62.78556,0.7496698,0.9793546,0.21476,0.4926333,0.4855152,0.05323811,GotSelection
101.6409,24,2,3,0,0.7353936,0.9152647,0.1959972,344.9613,154.5546,62.73735,0.7370433,0.9815101,0.2017337,0.57222,0.3402554,0.1313048,SelectionStart
101.641,24,2,3,0,0.7353936,0.9152647,0.1959972,344.9613,154.5546,62.73735,0.7370433,0.9815101,0.2017337,0.57222,0.3402554,0.1313048,SelectionEnd
101.6443,24,2,3,0,0.7353936,0.9152647,0.1959972,344.9613,154.5546,62.73735,0.7370433,0.9815101,0.2017337,0.57222,0.3402554,0.1313048,GotSelection
101.6568,24,2,3,0,0.7351478,0.9153687,0.1959432,344.9669,154.529,62.70719,0.7333651,0.9817771,0.1977584,0.5909963,0.2954272,0.1520251,SelectionStart
101.6568,24,2,3,0,0.7351478,0.9153687,0.1959432,344.9669,154.529,62.70719,0.7333651,0.9817771,0.1977584,0.5909963,0.2954272,0.1520251,SelectionEnd
101.6601,24,2,3,0,0.7351478,0.9153687,0.1959432,344.9669,154.529,62.70719,0.7333651,0.9817771,0.1977584,0.5909963,0.2954272,0.1520251,GotSelection
101.6691,24,2,3,0,0.7348415,0.9153576,0.1961312,344.923,154.5057,62.68278,0.7308995,0.9819738,0.1950629,0.6035731,0.26562,0.1695639,SelectionStart
101.6692,24,2,3,0,0.7348415,0.9153576,0.1961312,344.923,154.5057,62.68278,0.7308995,0.9819738,0.1950629,0.6035731,0.26562,0.1695639,SelectionEnd
101.6728,24,2,3,0,0.7348415,0.9153576,0.1961312,344.923,154.5057,62.68278,0.7308995,0.9819738,0.1950629,0.6035731,0.26562,0.1695639,GotSelection
101.6818,24,2,3,0,0.7345768,0.9153731,0.1962966,344.8492,154.4535,62.67356,0.7281845,0.9822769,0.191851,0.6183157,0.2312551,0.1907418,SelectionStart
101.6819,24,2,3,0,0.7345768,0.9153731,0.1962966,344.8492,154.4535,62.67356,0.7281845,0.9822769,0.191851,0.6183157,0.2312551,0.1907418,SelectionEnd
101.6852,24,2,3,0,0.7345768,0.9153731,0.1962966,344.8492,154.4535,62.67356,0.7281845,0.9822769,0.191851,0.6183157,0.2312551,0.1907418,GotSelection
101.6977,24,2,3,0,0.7343605,0.9154398,0.1964452,344.806,154.4038,62.67122,0.7258523,0.9825089,0.1890529,0.6304046,0.2009859,0.2087765,SelectionStart
101.6977,24,2,3,0,0.7343605,0.9154398,0.1964452,344.806,154.4038,62.67122,0.7258523,0.9825089,0.1890529,0.6304046,0.2009859,0.2087765,SelectionEnd
101.701,24,2,3,0,0.7343605,0.9154398,0.1964452,344.806,154.4038,62.67122,0.7258523,0.9825089,0.1890529,0.6304046,0.2009859,0.2087765,GotSelection
101.7114,24,2,3,0,0.7341521,0.9155897,0.196345,344.8398,154.3894,62.64779,0.7252195,0.9828302,0.1879263,0.6340564,0.1936748,0.216129,SelectionStart
101.7115,24,2,3,0,0.7341521,0.9155897,0.196345,344.8398,154.3894,62.64779,0.7252195,0.9828302,0.1879263,0.6340564,0.1936748,0.216129,SelectionEnd
101.7148,24,2,3,0,0.7341521,0.9155897,0.196345,344.8398,154.3894,62.64779,0.7252195,0.9828302,0.1879263,0.6340564,0.1936748,0.216129,GotSelection
101.7255,24,2,3,0,0.7340956,0.9158335,0.1959399,344.9257,154.3718,62.63122,0.7241271,0.9832072,0.1865207,0.6408058,0.1816669,0.2199426,SelectionStart
101.7256,24,2,3,0,0.7340956,0.9158335,0.1959399,344.9257,154.3718,62.63122,0.7241271,0.9832072,0.1865207,0.6408058,0.1816669,0.2199426,SelectionEnd
101.7289,24,2,3,0,0.7340956,0.9158335,0.1959399,344.9257,154.3718,62.63122,0.7241271,0.9832072,0.1865207,0.6408058,0.1816669,0.2199426,GotSelection
101.7404,24,2,3,0,0.7338736,0.9160167,0.1956035,345.0206,154.3587,62.60322,0.7242793,0.9837455,0.1863527,0.642208,0.1874566,0.2198666,SelectionStart
101.7404,24,2,3,0,0.7338736,0.9160167,0.1956035,345.0206,154.3587,62.60322,0.7242793,0.9837455,0.1863527,0.642208,0.1874566,0.2198666,SelectionEnd
101.7437,24,2,3,0,0.7338736,0.9160167,0.1956035,345.0206,154.3587,62.60322,0.7242793,0.9837455,0.1863527,0.642208,0.1874566,0.2198666,GotSelection
101.7562,24,2,3,0,0.7337586,0.9161019,0.1950037,345.1047,154.3777,62.54501,0.7255132,0.9845627,0.1873358,0.6417149,0.2098198,0.2125441,SelectionStart
101.7562,24,2,3,0,0.7337586,0.9161019,0.1950037,345.1047,154.3777,62.54501,0.7255132,0.9845627,0.1873358,0.6417149,0.2098198,0.2125441,SelectionEnd
101.7596,24,2,3,0,0.7337586,0.9161019,0.1950037,345.1047,154.3777,62.54501,0.7255132,0.9845627,0.1873358,0.6417149,0.2098198,0.2125441,GotSelection
101.7696,24,2,3,0,0.7337596,0.9164864,0.1946719,345.1936,154.3824,62.4942,0.726957,0.9852618,0.1885212,0.6370701,0.2305792,0.2049988,SelectionStart
101.7696,24,2,3,0,0.7337596,0.9164864,0.1946719,345.1936,154.3824,62.4942,0.726957,0.9852618,0.1885212,0.6370701,0.2305792,0.2049988,SelectionEnd
101.7729,24,2,3,0,0.7337596,0.9164864,0.1946719,345.1936,154.3824,62.4942,0.726957,0.9852618,0.1885212,0.6370701,0.2305792,0.2049988,GotSelection
101.7841,24,2,3,0,0.7337308,0.9168987,0.1938657,345.3318,154.3632,62.44773,0.7295271,0.9862244,0.1910983,0.6285907,0.2705658,0.1857643,SelectionStart
101.7841,24,2,3,0,0.7337308,0.9168987,0.1938657,345.3318,154.3632,62.44773,0.7295271,0.9862244,0.1910983,0.6285907,0.2705658,0.1857643,SelectionEnd
101.7875,24,2,3,0,0.7337308,0.9168987,0.1938657,345.3318,154.3632,62.44773,0.7295271,0.9862244,0.1910983,0.6285907,0.2705658,0.1857643,GotSelection
101.827,24,2,3,0,0.7324404,0.9176567,0.1917598,345.6848,154.4073,62.08846,0.7382842,0.9882283,0.2019248,0.5851244,0.4214983,0.1123446,SelectionStart
101.827,24,2,3,0,0.7324404,0.9176567,0.1917598,345.6848,154.4073,62.08846,0.7382842,0.9882283,0.2019248,0.5851244,0.4214983,0.1123446,SelectionEnd
101.8302,24,2,3,0,0.7324404,0.9176567,0.1917598,345.6848,154.4073,62.08846,0.7382842,0.9882283,0.2019248,0.5851244,0.4214983,0.1123446,GotSelection
101.8402,24,2,3,0,0.7319574,0.9178208,0.1913259,345.7428,154.4484,61.96054,0.7412212,0.9885507,0.2057546,0.5673457,0.4707018,0.08850093,SelectionStart
101.8403,24,2,3,0,0.7319574,0.9178208,0.1913259,345.7428,154.4484,61.96054,0.7412212,0.9885507,0.2057546,0.5673457,0.4707018,0.08850093,SelectionEnd
101.8436,24,2,3,0,0.7319574,0.9178208,0.1913259,345.7428,154.4484,61.96054,0.7412212,0.9885507,0.2057546,0.5673457,0.4707018,0.08850093,GotSelection
101.8535,24,2,3,0,0.7315609,0.9178394,0.1910088,345.8208,154.5263,61.85242,0.7442839,0.9887598,0.2096356,0.5496789,0.5196768,0.06502845,SelectionStart
101.8535,24,2,3,0,0.7315609,0.9178394,0.1910088,345.8208,154.5263,61.85242,0.7442839,0.9887598,0.2096356,0.5496789,0.5196768,0.06502845,SelectionEnd
101.8569,24,2,3,0,0.7315609,0.9178394,0.1910088,345.8208,154.5263,61.85242,0.7442839,0.9887598,0.2096356,0.5496789,0.5196768,0.06502845,GotSelection
101.8671,24,2,3,0,0.7311291,0.9181518,0.1906648,345.865,154.5657,61.75549,0.7479762,0.9888334,0.2144867,0.5244864,0.5764248,0.03484587,SelectionStart
101.8671,24,2,3,0,0.7311291,0.9181518,0.1906648,345.865,154.5657,61.75549,0.7479762,0.9888334,0.2144867,0.5244864,0.5764248,0.03484587,SelectionEnd
101.8705,24,2,3,0,0.7311291,0.9181518,0.1906648,345.865,154.5657,61.75549,0.7479762,0.9888334,0.2144867,0.5244864,0.5764248,0.03484587,GotSelection
101.8814,24,2,3,0,0.7309058,0.9183515,0.1904911,345.8938,154.5603,61.71161,0.7519298,0.9891177,0.2190504,0.5021476,0.6323336,0.01013416,SelectionStart
101.8814,24,2,3,0,0.7309058,0.9183515,0.1904911,345.8938,154.5603,61.71161,0.7519298,0.9891177,0.2190504,0.5021476,0.6323336,0.01013416,SelectionEnd
101.8847,24,2,3,0,0.7309058,0.9183515,0.1904911,345.8938,154.5603,61.71161,0.7519298,0.9891177,0.2190504,0.5021476,0.6323336,0.01013416,GotSelection
101.8945,24,2,3,0,0.7309107,0.9184209,0.1905042,345.9175,154.5707,61.72463,0.7548459,0.9893324,0.2222776,0.4878272,0.670846,-0.006220112,SelectionStart
101.8945,24,2,3,0,0.7309107,0.9184209,0.1905042,345.9175,154.5707,61.72463,0.7548459,0.9893324,0.2222776,0.4878272,0.670846,-0.006220112,SelectionEnd
101.8978,24,2,3,0,0.7309107,0.9184209,0.1905042,345.9175,154.5707,61.72463,0.7548459,0.9893324,0.2222776,0.4878272,0.670846,-0.006220112,GotSelection
101.9083,24,2,3,0,0.7309014,0.9184693,0.1904672,345.9386,154.5797,61.71555,0.7585068,0.9897847,0.2261193,0.4713969,0.7197994,-0.02462665,SelectionStart
101.9083,24,2,3,0,0.7309014,0.9184693,0.1904672,345.9386,154.5797,61.71555,0.7585068,0.9897847,0.2261193,0.4713969,0.7197994,-0.02462665,SelectionEnd
101.9116,24,2,3,0,0.7309014,0.9184693,0.1904672,345.9386,154.5797,61.71555,0.7585068,0.9897847,0.2261193,0.4713969,0.7197994,-0.02462665,GotSelection
101.9234,24,2,3,0,0.7308477,0.918394,0.1904989,345.9423,154.5947,61.69685,0.7608077,0.9903166,0.2286208,0.4637511,0.7528226,-0.03535711,SelectionStart
101.9234,24,2,3,0,0.7308477,0.918394,0.1904989,345.9423,154.5947,61.69685,0.7608077,0.9903166,0.2286208,0.4637511,0.7528226,-0.03535711,SelectionEnd
101.9272,24,2,3,0,0.7308477,0.918394,0.1904989,345.9423,154.5947,61.69685,0.7608077,0.9903166,0.2286208,0.4637511,0.7528226,-0.03535711,GotSelection
101.9376,24,2,3,0,0.7307096,0.918362,0.1904936,345.9344,154.6158,61.66285,0.7634079,0.9905567,0.2315623,0.4509027,0.7896348,-0.04946392,SelectionStart
101.9377,24,2,3,0,0.7307096,0.918362,0.1904936,345.9344,154.6158,61.66285,0.7634079,0.9905567,0.2315623,0.4509027,0.7896348,-0.04946392,SelectionEnd
101.9411,24,2,3,0,0.7307096,0.918362,0.1904936,345.9344,154.6158,61.66285,0.7634079,0.9905567,0.2315623,0.4509027,0.7896348,-0.04946392,GotSelection
101.9507,24,2,3,0,0.7305031,0.9181429,0.1904287,345.915,154.6671,61.62216,0.7651045,0.9910498,0.233786,0.446402,0.8188848,-0.06026249,SelectionStart
101.9507,24,2,3,0,0.7305031,0.9181429,0.1904287,345.915,154.6671,61.62216,0.7651045,0.9910498,0.233786,0.446402,0.8188848,-0.06026249,SelectionEnd
101.954,24,2,3,0,0.7305031,0.9181429,0.1904287,345.915,154.6671,61.62216,0.7651045,0.9910498,0.233786,0.446402,0.8188848,-0.06026249,GotSelection
101.9644,24,2,3,0,0.730469,0.9181057,0.1907022,345.8708,154.7017,61.60733,0.765434,0.9913002,0.2350663,0.4468426,0.8279842,-0.06670933,SelectionStart
101.9644,24,2,3,0,0.730469,0.9181057,0.1907022,345.8708,154.7017,61.60733,0.765434,0.9913002,0.2350663,0.4468426,0.8279842,-0.06670933,SelectionEnd
101.9676,24,2,3,0,0.730469,0.9181057,0.1907022,345.8708,154.7017,61.60733,0.765434,0.9913002,0.2350663,0.4468426,0.8279842,-0.06670933,GotSelection
102.0076,24,2,3,0,0.7308007,0.9177979,0.1914469,345.7061,154.7345,61.69022,0.7637468,0.993247,0.2348925,0.4787612,0.8180187,-0.05936101,SelectionStart
102.0076,24,2,3,0,0.7308007,0.9177979,0.1914469,345.7061,154.7345,61.69022,0.7637468,0.993247,0.2348925,0.4787612,0.8180187,-0.05936101,SelectionEnd
102.0109,24,2,3,0,0.7308007,0.9177979,0.1914469,345.7061,154.7345,61.69022,0.7637468,0.993247,0.2348925,0.4787612,0.8180187,-0.05936101,GotSelection
102.0233,24,2,3,0,0.7311599,0.9178291,0.1917493,345.6397,154.7296,61.7493,0.7613452,0.9940892,0.2329736,0.5014906,0.7894136,-0.04812645,SelectionStart
102.0233,24,2,3,0,0.7311599,0.9178291,0.1917493,345.6397,154.7296,61.7493,0.7613452,0.9940892,0.2329736,0.5014906,0.7894136,-0.04812645,SelectionEnd
102.0271,24,2,3,0,0.7311599,0.9178291,0.1917493,345.6397,154.7296,61.7493,0.7613452,0.9940892,0.2329736,0.5014906,0.7894136,-0.04812645,GotSelection
102.0375,24,2,3,0,0.7314153,0.9177306,0.1920756,345.5886,154.7262,61.80324,0.7585685,0.9949417,0.230117,0.5267625,0.75464,-0.02930977,SelectionStart
102.0375,24,2,3,0,0.7314153,0.9177306,0.1920756,345.5886,154.7262,61.80324,0.7585685,0.9949417,0.230117,0.5267625,0.75464,-0.02930977,SelectionEnd
102.0408,24,2,3,0,0.7314153,0.9177306,0.1920756,345.5886,154.7262,61.80324,0.7585685,0.9949417,0.230117,0.5267625,0.75464,-0.02930977,GotSelection
102.0506,24,2,3,0,0.7314564,0.9175863,0.1922823,345.5456,154.7242,61.81746,0.7557559,0.9952552,0.2273702,0.5461976,0.7203698,-0.01316771,SelectionStart
102.0506,24,2,3,0,0.7314564,0.9175863,0.1922823,345.5456,154.7242,61.81746,0.7557559,0.9952552,0.2273702,0.5461976,0.7203698,-0.01316771,SelectionEnd
102.0539,24,2,3,0,0.7314564,0.9175863,0.1922823,345.5456,154.7242,61.81746,0.7557559,0.9952552,0.2273702,0.5461976,0.7203698,-0.01316771,GotSelection
102.0645,24,2,3,0,0.7317254,0.9176939,0.1925186,345.5283,154.6804,61.86839,0.7519839,0.9953375,0.224001,0.5680249,0.6713046,0.002418556,SelectionStart
102.0645,24,2,3,0,0.7317254,0.9176939,0.1925186,345.5283,154.6804,61.86839,0.7519839,0.9953375,0.224001,0.5680249,0.6713046,0.002418556,SelectionEnd
102.0679,24,2,3,0,0.7317254,0.9176939,0.1925186,345.5283,154.6804,61.86839,0.7519839,0.9953375,0.224001,0.5680249,0.6713046,0.002418556,GotSelection
102.0772,24,2,3,0,0.7318069,0.9176883,0.1926034,345.5222,154.6543,61.88832,0.7490208,0.995236,0.2211982,0.583578,0.6332723,0.01530952,SelectionStart
102.0772,24,2,3,0,0.7318069,0.9176883,0.1926034,345.5222,154.6543,61.88832,0.7490208,0.995236,0.2211982,0.583578,0.6332723,0.01530952,SelectionEnd
102.0805,24,2,3,0,0.7318069,0.9176883,0.1926034,345.5222,154.6543,61.88832,0.7490208,0.995236,0.2211982,0.583578,0.6332723,0.01530952,GotSelection
102.0924,24,2,3,0,0.7316974,0.9177027,0.1927405,345.5114,154.6192,61.90697,0.7452734,0.9947585,0.2173391,0.5988027,0.5834116,0.03463425,SelectionStart
102.0924,24,2,3,0,0.7316974,0.9177027,0.1927405,345.5114,154.6192,61.90697,0.7452734,0.9947585,0.2173391,0.5988027,0.5834116,0.03463425,SelectionEnd
102.0962,24,2,3,0,0.7316974,0.9177027,0.1927405,345.5114,154.6192,61.90697,0.7452734,0.9947585,0.2173391,0.5988027,0.5834116,0.03463425,GotSelection
102.1115,24,2,3,0,0.7316435,0.9177539,0.1928369,345.4879,154.5429,61.91,0.7388273,0.9933731,0.2110412,0.620232,0.4965279,0.06147606,SelectionStart
102.1115,24,2,3,0,0.7316435,0.9177539,0.1928369,345.4879,154.5429,61.91,0.7388273,0.9933731,0.2110412,0.620232,0.4965279,0.06147606,SelectionEnd
102.1153,24,2,3,0,0.7316435,0.9177539,0.1928369,345.4879,154.5429,61.91,0.7388273,0.9933731,0.2110412,0.620232,0.4965279,0.06147606,GotSelection
102.1256,24,2,3,0,0.7314048,0.9176763,0.1930595,345.4328,154.5178,61.88214,0.7340386,0.9922905,0.205525,0.6354699,0.4290986,0.09153372,SelectionStart
102.1256,24,2,3,0,0.7314048,0.9176763,0.1930595,345.4328,154.5178,61.88214,0.7340386,0.9922905,0.205525,0.6354699,0.4290986,0.09153372,SelectionEnd
102.129,24,2,3,0,0.7314048,0.9176763,0.1930595,345.4328,154.5178,61.88214,0.7340386,0.9922905,0.205525,0.6354699,0.4290986,0.09153372,GotSelection
102.1396,24,2,3,0,0.7309769,0.9173746,0.1934134,345.3507,154.4757,61.86317,0.7291644,0.9909152,0.2000321,0.6495968,0.3614606,0.1230787,SelectionStart
102.1396,24,2,3,0,0.7309769,0.9173746,0.1934134,345.3507,154.4757,61.86317,0.7291644,0.9909152,0.2000321,0.6495968,0.3614606,0.1230787,SelectionEnd
102.1429,24,2,3,0,0.7309769,0.9173746,0.1934134,345.3507,154.4757,61.86317,0.7291644,0.9909152,0.2000321,0.6495968,0.3614606,0.1230787,GotSelection
102.1528,24,2,3,0,0.7307788,0.9173157,0.1935584,345.3131,154.434,61.85757,0.7254516,0.9896799,0.1957568,0.6580278,0.3073582,0.1449151,SelectionStart
102.1528,24,2,3,0,0.7307788,0.9173157,0.1935584,345.3131,154.434,61.85757,0.7254516,0.9896799,0.1957568,0.6580278,0.3073582,0.1449151,SelectionEnd
102.1561,24,2,3,0,0.7307788,0.9173157,0.1935584,345.3131,154.434,61.85757,0.7254516,0.9896799,0.1957568,0.6580278,0.3073582,0.1449151,GotSelection
102.1979,24,2,3,0,0.7306383,0.917313,0.1937863,345.2604,154.333,61.90138,0.7180987,0.9867658,0.1864182,0.6713408,0.1908233,0.1922085,SelectionStart
102.1979,24,2,3,0,0.7306383,0.917313,0.1937863,345.2604,154.333,61.90138,0.7180987,0.9867658,0.1864182,0.6713408,0.1908233,0.1922085,SelectionEnd
102.2013,24,2,3,0,0.7306383,0.917313,0.1937863,345.2604,154.333,61.90138,0.7180987,0.9867658,0.1864182,0.6713408,0.1908233,0.1922085,GotSelection
102.2104,24,2,3,0,0.7308024,0.9170724,0.1941451,345.2771,154.2906,62.01629,0.711863,0.9839647,0.1773319,0.6835777,0.08181567,0.2418396,SelectionStart
102.2104,24,2,3,0,0.7308024,0.9170724,0.1941451,345.2771,154.2906,62.01629,0.711863,0.9839647,0.1773319,0.6835777,0.08181567,0.2418396,SelectionEnd
102.2137,24,2,3,0,0.7308024,0.9170724,0.1941451,345.2771,154.2906,62.01629,0.711863,0.9839647,0.1773319,0.6835777,0.08181567,0.2418396,GotSelection
102.2231,24,2,3,0,0.7310644,0.9171837,0.1941772,345.2513,154.2469,62.08236,0.7106025,0.9831936,0.1744366,0.6840444,0.05064648,0.2591391,SelectionStart
102.2231,24,2,3,0,0.7310644,0.9171837,0.1941772,345.2513,154.2469,62.08236,0.7106025,0.9831936,0.1744366,0.6840444,0.05064648,0.2591391,SelectionEnd
102.2265,24,2,3,0,0.7310644,0.9171837,0.1941772,345.2513,154.2469,62.08236,0.7106025,0.9831936,0.1744366,0.6840444,0.05064648,0.2591391,GotSelection
102.2353,24,2,3,0,0.7310613,0.9171234,0.1942751,345.2216,154.2327,62.11478,0.7095186,0.9826121,0.1718649,0.6851694,0.02618424,0.2771227,SelectionStart
102.2354,24,2,3,0,0.7310613,0.9171234,0.1942751,345.2216,154.2327,62.11478,0.7095186,0.9826121,0.1718649,0.6851694,0.02618424,0.2771227,SelectionEnd
102.2388,24,2,3,0,0.7310613,0.9171234,0.1942751,345.2216,154.2327,62.11478,0.7095186,0.9826121,0.1718649,0.6851694,0.02618424,0.2771227,GotSelection
102.2479,24,2,3,0,0.7311037,0.917154,0.1944573,345.1919,154.1787,62.17532,0.7086667,0.9818793,0.1691222,0.6832473,0.0003322389,0.2973097,SelectionStart
102.2479,24,2,3,0,0.7311037,0.917154,0.1944573,345.1919,154.1787,62.17532,0.7086667,0.9818793,0.1691222,0.6832473,0.0003322389,0.2973097,SelectionEnd
102.2513,24,2,3,0,0.7311037,0.917154,0.1944573,345.1919,154.1787,62.17532,0.7086667,0.9818793,0.1691222,0.6832473,0.0003322389,0.2973097,GotSelection
102.2613,24,2,3,0,0.7311119,0.9172704,0.1943475,345.2043,154.137,62.19591,0.708681,0.981591,0.1678339,0.6798423,-0.007684061,0.3063862,SelectionStart
102.2613,24,2,3,0,0.7311119,0.9172704,0.1943475,345.2043,154.137,62.19591,0.708681,0.981591,0.1678339,0.6798423,-0.007684061,0.3063862,SelectionEnd
102.2647,24,2,3,0,0.7311119,0.9172704,0.1943475,345.2043,154.137,62.19591,0.708681,0.981591,0.1678339,0.6798423,-0.007684061,0.3063862,GotSelection
102.2752,24,2,3,0,0.7310033,0.9172924,0.1941289,345.2375,154.1143,62.18494,0.7101781,0.9817506,0.1678645,0.6727661,0.006565272,0.3109763,SelectionStart
102.2752,24,2,3,0,0.7310033,0.9172924,0.1941289,345.2375,154.1143,62.18494,0.7101781,0.9817506,0.1678645,0.6727661,0.006565272,0.3109763,SelectionEnd
102.2785,24,2,3,0,0.7310033,0.9172924,0.1941289,345.2375,154.1143,62.18494,0.7101781,0.9817506,0.1678645,0.6727661,0.006565272,0.3109763,GotSelection
102.2897,24,2,3,0,0.7306691,0.9173608,0.1938845,345.2878,154.0954,62.13037,0.7117102,0.9821525,0.1684865,0.6660611,0.02735054,0.3115722,SelectionStart
102.2897,24,2,3,0,0.7306691,0.9173608,0.1938845,345.2878,154.0954,62.13037,0.7117102,0.9821525,0.1684865,0.6660611,0.02735054,0.3115722,SelectionEnd
102.2931,24,2,3,0,0.7306691,0.9173608,0.1938845,345.2878,154.0954,62.13037,0.7117102,0.9821525,0.1684865,0.6660611,0.02735054,0.3115722,GotSelection
102.3027,24,2,3,0,0.7301536,0.9174306,0.193659,345.3054,154.1052,62.04068,0.7148062,0.983077,0.1707171,0.6543033,0.07211857,0.3074072,SelectionStart
102.3027,24,2,3,0,0.7301536,0.9174306,0.193659,345.3054,154.1052,62.04068,0.7148062,0.983077,0.1707171,0.6543033,0.07211857,0.3074072,SelectionEnd
102.3061,24,2,3,0,0.7301536,0.9174306,0.193659,345.3054,154.1052,62.04068,0.7148062,0.983077,0.1707171,0.6543033,0.07211857,0.3074072,GotSelection
102.3161,24,2,3,0,0.7297272,0.9174682,0.1933435,345.3311,154.0905,61.96994,0.7177781,0.9841464,0.1728974,0.6452067,0.1160204,0.3022367,SelectionStart
102.3161,24,2,3,0,0.7297272,0.9174682,0.1933435,345.3311,154.0905,61.96994,0.7177781,0.9841464,0.1728974,0.6452067,0.1160204,0.3022367,SelectionEnd
102.3195,24,2,3,0,0.7297272,0.9174682,0.1933435,345.3311,154.0905,61.96994,0.7177781,0.9841464,0.1728974,0.6452067,0.1160204,0.3022367,GotSelection
102.3321,24,2,3,0,0.7292017,0.9177962,0.1929849,345.3365,154.0656,61.84779,0.7222468,0.9854332,0.1765917,0.6265491,0.1799551,0.2901541,SelectionStart
102.3321,24,2,3,0,0.7292017,0.9177962,0.1929849,345.3365,154.0656,61.84779,0.7222468,0.9854332,0.1765917,0.6265491,0.1799551,0.2901541,SelectionEnd
102.3355,24,2,3,0,0.7292017,0.9177962,0.1929849,345.3365,154.0656,61.84779,0.7222468,0.9854332,0.1765917,0.6265491,0.1799551,0.2901541,GotSelection
102.3457,24,2,3,0,0.7281541,0.9176025,0.1931446,345.2897,154.0804,61.69136,0.7276158,0.9868484,0.1807986,0.6052259,0.2578549,0.2866339,SelectionStart
102.3457,24,2,3,0,0.7281541,0.9176025,0.1931446,345.2897,154.0804,61.69136,0.7276158,0.9868484,0.1807986,0.6052259,0.2578549,0.2866339,SelectionEnd
102.3491,24,2,3,0,0.7281541,0.9176025,0.1931446,345.2897,154.0804,61.69136,0.7276158,0.9868484,0.1807986,0.6052259,0.2578549,0.2866339,GotSelection
102.3882,24,2,3,0,0.7269108,0.91767,0.192786,345.2199,154.076,61.41649,0.742584,0.9886003,0.1951175,0.5297567,0.4642431,0.231508,SelectionStart
102.3882,24,2,3,0,0.7269108,0.91767,0.192786,345.2199,154.076,61.41649,0.742584,0.9886003,0.1951175,0.5297567,0.4642431,0.231508,SelectionEnd
102.3921,24,2,3,0,0.7269108,0.91767,0.192786,345.2199,154.076,61.41649,0.742584,0.9886003,0.1951175,0.5297567,0.4642431,0.231508,GotSelection
102.4023,24,2,3,0,0.7265046,0.9175751,0.1929091,345.1654,154.0757,61.34541,0.7487109,0.9892888,0.20059,0.5000628,0.5444862,0.2149308,SelectionStart
102.4023,24,2,3,0,0.7265046,0.9175751,0.1929091,345.1654,154.0757,61.34541,0.7487109,0.9892888,0.20059,0.5000628,0.5444862,0.2149308,SelectionEnd
102.4058,24,2,3,0,0.7265046,0.9175751,0.1929091,345.1654,154.0757,61.34541,0.7487109,0.9892888,0.20059,0.5000628,0.5444862,0.2149308,GotSelection
102.4164,24,2,3,0,0.7261556,0.9174034,0.1930807,345.0851,154.1013,61.27723,0.755106,0.9897758,0.2058488,0.4679791,0.624293,0.2014631,SelectionStart
102.4164,24,2,3,0,0.7261556,0.9174034,0.1930807,345.0851,154.1013,61.27723,0.755106,0.9897758,0.2058488,0.4679791,0.624293,0.2014631,SelectionEnd
102.4202,24,2,3,0,0.7261556,0.9174034,0.1930807,345.0851,154.1013,61.27723,0.755106,0.9897758,0.2058488,0.4679791,0.624293,0.2014631,GotSelection
102.4308,24,2,3,0,0.7260133,0.9173113,0.1933268,345.0143,154.1262,61.25067,0.7596299,0.9895853,0.209519,0.4411319,0.6761889,0.1916517,SelectionStart
102.4309,24,2,3,0,0.7260133,0.9173113,0.1933268,345.0143,154.1262,61.25067,0.7596299,0.9895853,0.209519,0.4411319,0.6761889,0.1916517,SelectionEnd
102.4341,24,2,3,0,0.7260133,0.9173113,0.1933268,345.0143,154.1262,61.25067,0.7596299,0.9895853,0.209519,0.4411319,0.6761889,0.1916517,GotSelection
102.4439,24,2,3,0,0.7260514,0.9172907,0.1936044,344.9322,154.1801,61.24713,0.7653525,0.9891422,0.2142617,0.4062155,0.7392561,0.1760016,SelectionStart
102.444,24,2,3,0,0.7260514,0.9172907,0.1936044,344.9322,154.1801,61.24713,0.7653525,0.9891422,0.2142617,0.4062155,0.7392561,0.1760016,SelectionEnd
102.4473,24,2,3,0,0.7260514,0.9172907,0.1936044,344.9322,154.1801,61.24713,0.7653525,0.9891422,0.2142617,0.4062155,0.7392561,0.1760016,GotSelection
102.4573,24,2,3,0,0.7261951,0.9172003,0.1938538,344.8765,154.2057,61.27096,0.7690144,0.9885296,0.217294,0.3827157,0.7769701,0.165507,SelectionStart
102.4573,24,2,3,0,0.7261951,0.9172003,0.1938538,344.8765,154.2057,61.27096,0.7690144,0.9885296,0.217294,0.3827157,0.7769701,0.165507,SelectionEnd
102.4606,24,2,3,0,0.7261951,0.9172003,0.1938538,344.8765,154.2057,61.27096,0.7690144,0.9885296,0.217294,0.3827157,0.7769701,0.165507,GotSelection
102.4734,24,2,3,0,0.7264973,0.9170717,0.1942333,344.8216,154.2073,61.33027,0.7728337,0.9871771,0.2209689,0.3536605,0.813739,0.1487587,SelectionStart
102.4734,24,2,3,0,0.7264973,0.9170717,0.1942333,344.8216,154.2073,61.33027,0.7728337,0.9871771,0.2209689,0.3536605,0.813739,0.1487587,SelectionEnd
102.4774,24,2,3,0,0.7264973,0.9170717,0.1942333,344.8216,154.2073,61.33027,0.7728337,0.9871771,0.2209689,0.3536605,0.813739,0.1487587,GotSelection
102.4881,24,2,3,0,0.7265853,0.9167161,0.1944665,344.7318,154.2298,61.34875,0.7764735,0.9857149,0.2244199,0.324919,0.8512074,0.1333546,SelectionStart
102.4882,24,2,3,0,0.7265853,0.9167161,0.1944665,344.7318,154.2298,61.34875,0.7764735,0.9857149,0.2244199,0.324919,0.8512074,0.1333546,SelectionEnd
102.4914,24,2,3,0,0.7265853,0.9167161,0.1944665,344.7318,154.2298,61.34875,0.7764735,0.9857149,0.2244199,0.324919,0.8512074,0.1333546,GotSelection
102.501,24,2,3,0,0.7265477,0.9164675,0.194781,344.6323,154.242,61.34762,0.778407,0.9842026,0.2264723,0.3031268,0.8687207,0.1240501,SelectionStart
102.501,24,2,3,0,0.7265477,0.9164675,0.194781,344.6323,154.242,61.34762,0.778407,0.9842026,0.2264723,0.3031268,0.8687207,0.1240501,SelectionEnd
102.5043,24,2,3,0,0.7265477,0.9164675,0.194781,344.6323,154.242,61.34762,0.778407,0.9842026,0.2264723,0.3031268,0.8687207,0.1240501,GotSelection
102.5142,24,2,3,0,0.7262178,0.9159598,0.1952593,344.4834,154.2568,61.33494,0.7806658,0.9823682,0.2292133,0.2772195,0.8932494,0.1130677,SelectionStart
102.5142,24,2,3,0,0.7262178,0.9159598,0.1952593,344.4834,154.2568,61.33494,0.7806658,0.9823682,0.2292133,0.2772195,0.8932494,0.1130677,SelectionEnd
102.5175,24,2,3,0,0.7262178,0.9159598,0.1952593,344.4834,154.2568,61.33494,0.7806658,0.9823682,0.2292133,0.2772195,0.8932494,0.1130677,GotSelection
102.5271,24,2,3,0,0.7259703,0.9157114,0.1955977,344.3669,154.2653,61.30166,0.7819136,0.9807336,0.2305209,0.2564593,0.902878,0.1083294,SelectionStart
102.5272,24,2,3,0,0.7259703,0.9157114,0.1955977,344.3669,154.2653,61.30166,0.7819136,0.9807336,0.2305209,0.2564593,0.902878,0.1083294,SelectionEnd
102.5305,24,2,3,0,0.7259703,0.9157114,0.1955977,344.3669,154.2653,61.30166,0.7819136,0.9807336,0.2305209,0.2564593,0.902878,0.1083294,GotSelection
102.5736,24,2,3,0,0.7249853,0.9154276,0.19584,344.2121,154.456,61.02786,0.7843859,0.9738629,0.2352145,0.1771953,0.9210728,0.064893,SelectionStart
102.5736,24,2,3,0,0.7249853,0.9154276,0.19584,344.2121,154.456,61.02786,0.7843859,0.9738629,0.2352145,0.1771953,0.9210728,0.064893,SelectionEnd
102.5769,24,2,3,0,0.7249853,0.9154276,0.19584,344.2121,154.456,61.02786,0.7843859,0.9738629,0.2352145,0.1771953,0.9210728,0.064893,GotSelection
102.586,24,2,3,0,0.7244711,0.9153085,0.1958139,344.1851,154.5126,60.91426,0.7839857,0.9718732,0.2357172,0.1589159,0.9160125,0.05508713,SelectionStart
102.586,24,2,3,0,0.7244711,0.9153085,0.1958139,344.1851,154.5126,60.91426,0.7839857,0.9718732,0.2357172,0.1589159,0.9160125,0.05508713,SelectionEnd
102.5895,24,2,3,0,0.7244711,0.9153085,0.1958139,344.1851,154.5126,60.91426,0.7839857,0.9718732,0.2357172,0.1589159,0.9160125,0.05508713,GotSelection
102.599,24,2,3,0,0.7239503,0.9153652,0.1954831,344.1581,154.5312,60.82469,0.78334,0.9703585,0.2353823,0.144759,0.9077788,0.0502675,SelectionStart
102.599,24,2,3,0,0.7239503,0.9153652,0.1954831,344.1581,154.5312,60.82469,0.78334,0.9703585,0.2353823,0.144759,0.9077788,0.0502675,SelectionEnd
102.6023,24,2,3,0,0.7239503,0.9153652,0.1954831,344.1581,154.5312,60.82469,0.78334,0.9703585,0.2353823,0.144759,0.9077788,0.0502675,GotSelection
102.6143,24,2,3,0,0.7236197,0.9152905,0.1958345,344.0989,154.561,60.74895,0.7822434,0.9690177,0.2338874,0.1369299,0.8868319,0.0600869,SelectionStart
102.6143,24,2,3,0,0.7236197,0.9152905,0.1958345,344.0989,154.561,60.74895,0.7822434,0.9690177,0.2338874,0.1369299,0.8868319,0.0600869,SelectionEnd
102.6176,24,2,3,0,0.7236197,0.9152905,0.1958345,344.0989,154.561,60.74895,0.7822434,0.9690177,0.2338874,0.1369299,0.8868319,0.0600869,GotSelection
102.6276,24,2,3,0,0.723232,0.9150221,0.1961685,344.0149,154.6088,60.68776,0.7808264,0.9677613,0.2322588,0.1332213,0.8646113,0.07061487,SelectionStart
102.6276,24,2,3,0,0.723232,0.9150221,0.1961685,344.0149,154.6088,60.68776,0.7808264,0.9677613,0.2322588,0.1332213,0.8646113,0.07061487,SelectionEnd
102.6309,24,2,3,0,0.723232,0.9150221,0.1961685,344.0149,154.6088,60.68776,0.7808264,0.9677613,0.2322588,0.1332213,0.8646113,0.07061487,GotSelection
102.6406,24,2,3,0,0.7231216,0.9148467,0.1965061,343.9407,154.6326,60.69159,0.7791912,0.9672228,0.2299241,0.1384426,0.8379492,0.08728154,SelectionStart
102.6407,24,2,3,0,0.7231216,0.9148467,0.1965061,343.9407,154.6326,60.69159,0.7791912,0.9672228,0.2299241,0.1384426,0.8379492,0.08728154,SelectionEnd
102.6445,24,2,3,0,0.7231216,0.9148467,0.1965061,343.9407,154.6326,60.69159,0.7791912,0.9672228,0.2299241,0.1384426,0.8379492,0.08728154,GotSelection
102.6564,24,2,3,0,0.7232152,0.9145296,0.1968538,343.8743,154.6352,60.73833,0.7770543,0.9664507,0.2269358,0.1472438,0.8021002,0.1067562,SelectionStart
102.6564,24,2,3,0,0.7232152,0.9145296,0.1968538,343.8743,154.6352,60.73833,0.7770543,0.9664507,0.2269358,0.1472438,0.8021002,0.1067562,SelectionEnd
102.6597,24,2,3,0,0.7232152,0.9145296,0.1968538,343.8743,154.6352,60.73833,0.7770543,0.9664507,0.2269358,0.1472438,0.8021002,0.1067562,GotSelection
102.6712,24,2,3,0,0.7236312,0.914465,0.1973921,343.8367,154.5713,60.84976,0.7746382,0.9662607,0.2229174,0.1627206,0.7568931,0.1358229,SelectionStart
102.6712,24,2,3,0,0.7236312,0.914465,0.1973921,343.8367,154.5713,60.84976,0.7746382,0.9662607,0.2229174,0.1627206,0.7568931,0.1358229,SelectionEnd
102.6744,24,2,3,0,0.7236312,0.914465,0.1973921,343.8367,154.5713,60.84976,0.7746382,0.9662607,0.2229174,0.1627206,0.7568931,0.1358229,GotSelection
102.6843,24,2,3,0,0.7239176,0.9143397,0.1977037,343.8022,154.5022,60.9581,0.7724718,0.9661149,0.2197426,0.1769191,0.7203432,0.1572299,SelectionStart
102.6843,24,2,3,0,0.7239176,0.9143397,0.1977037,343.8022,154.5022,60.9581,0.7724718,0.9661149,0.2197426,0.1769191,0.7203432,0.1572299,SelectionEnd
102.6877,24,2,3,0,0.7239176,0.9143397,0.1977037,343.8022,154.5022,60.9581,0.7724718,0.9661149,0.2197426,0.1769191,0.7203432,0.1572299,GotSelection
102.6975,24,2,3,0,0.7241926,0.9141886,0.1980534,343.7487,154.4473,61.05545,0.7698057,0.9658028,0.2153314,0.1921913,0.6729251,0.1873851,SelectionStart
102.6975,24,2,3,0,0.7241926,0.9141886,0.1980534,343.7487,154.4473,61.05545,0.7698057,0.9658028,0.2153314,0.1921913,0.6729251,0.1873851,SelectionEnd
102.7009,24,2,3,0,0.7241926,0.9141886,0.1980534,343.7487,154.4473,61.05545,0.7698057,0.9658028,0.2153314,0.1921913,0.6729251,0.1873851,GotSelection
102.7122,24,2,3,0,0.7242973,0.9140391,0.1983233,343.7068,154.4278,61.11192,0.7675542,0.9656066,0.21188,0.2048282,0.6358438,0.2106855,SelectionStart
102.7122,24,2,3,0,0.7242973,0.9140391,0.1983233,343.7068,154.4278,61.11192,0.7675542,0.9656066,0.21188,0.2048282,0.6358438,0.2106855,SelectionEnd
102.7157,24,2,3,0,0.7242973,0.9140391,0.1983233,343.7068,154.4278,61.11192,0.7675542,0.9656066,0.21188,0.2048282,0.6358438,0.2106855,GotSelection
102.7569,24,2,3,0,0.7248222,0.9138776,0.1991265,343.6502,154.2496,61.35817,0.7595709,0.963773,0.199585,0.2376404,0.4959225,0.287034,SelectionStart
102.7569,24,2,3,0,0.7248222,0.9138776,0.1991265,343.6502,154.2496,61.35817,0.7595709,0.963773,0.199585,0.2376404,0.4959225,0.287034,SelectionEnd
102.7603,24,2,3,0,0.7248222,0.9138776,0.1991265,343.6502,154.2496,61.35817,0.7595709,0.963773,0.199585,0.2376404,0.4959225,0.287034,GotSelection
102.7699,24,2,3,0,0.7245693,0.9137381,0.1990279,343.634,154.2658,61.32905,0.7578778,0.9631135,0.1970113,0.2404154,0.4701674,0.3012827,SelectionStart
102.77,24,2,3,0,0.7245693,0.9137381,0.1990279,343.634,154.2658,61.32905,0.7578778,0.9631135,0.1970113,0.2404154,0.4701674,0.3012827,SelectionEnd
102.7734,24,2,3,0,0.7245693,0.9137381,0.1990279,343.634,154.2658,61.32905,0.7578778,0.9631135,0.1970113,0.2404154,0.4701674,0.3012827,GotSelection
102.7838,24,2,3,0,0.7244354,0.9137636,0.1990518,343.6065,154.2869,61.29865,0.7557871,0.9623737,0.1937445,0.2437583,0.4352196,0.3198907,SelectionStart
102.7838,24,2,3,0,0.7244354,0.9137636,0.1990518,343.6065,154.2869,61.29865,0.7557871,0.9623737,0.1937445,0.2437583,0.4352196,0.3198907,SelectionEnd
102.7872,24,2,3,0,0.7244354,0.9137636,0.1990518,343.6065,154.2869,61.29865,0.7557871,0.9623737,0.1937445,0.2437583,0.4352196,0.3198907,GotSelection
102.799,24,2,3,0,0.724146,0.9135728,0.1988178,343.6065,154.3163,61.2545,0.7542534,0.9617193,0.1914692,0.245991,0.4135834,0.3311527,SelectionStart
102.799,24,2,3,0,0.724146,0.9135728,0.1988178,343.6065,154.3163,61.2545,0.7542534,0.9617193,0.1914692,0.245991,0.4135834,0.3311527,SelectionEnd
102.8026,24,2,3,0,0.724146,0.9135728,0.1988178,343.6065,154.3163,61.2545,0.7542534,0.9617193,0.1914692,0.245991,0.4135834,0.3311527,GotSelection
102.8136,24,2,3,0,0.7237402,0.9136484,0.1990335,343.5817,154.3832,61.2157,0.7534757,0.9613498,0.1905326,0.2436005,0.4031547,0.338369,SelectionStart
102.8136,24,2,3,0,0.7237402,0.9136484,0.1990335,343.5817,154.3832,61.2157,0.7534757,0.9613498,0.1905326,0.2436005,0.4031547,0.338369,SelectionEnd
102.8168,24,2,3,0,0.7237402,0.9136484,0.1990335,343.5817,154.3832,61.2157,0.7534757,0.9613498,0.1905326,0.2436005,0.4031547,0.338369,GotSelection
102.8275,24,2,3,0,0.7251521,0.9148371,0.1984921,343.6693,154.2448,61.3231,0.753027,0.960978,0.1902895,0.2417892,0.3827364,0.3232701,SelectionStart
102.8275,24,2,3,0,0.7251521,0.9148371,0.1984921,343.6693,154.2448,61.3231,0.753027,0.960978,0.1902895,0.2417892,0.3827364,0.3232701,SelectionEnd
102.8307,24,2,3,0,0.7251521,0.9148371,0.1984921,343.6693,154.2448,61.3231,0.753027,0.960978,0.1902895,0.2417892,0.3827364,0.3232701,GotSelection
102.8412,24,2,3,0,0.7242949,0.914269,0.1991873,343.5544,154.2948,61.27879,0.7530068,0.9609535,0.1909491,0.2409298,0.3914069,0.3293156,SelectionStart
102.8413,24,2,3,0,0.7242949,0.914269,0.1991873,343.5544,154.2948,61.27879,0.7530068,0.9609535,0.1909491,0.2409298,0.3914069,0.3293156,SelectionEnd
102.8447,24,2,3,0,0.7242949,0.914269,0.1991873,343.5544,154.2948,61.27879,0.7530068,0.9609535,0.1909491,0.2409298,0.3914069,0.3293156,GotSelection
102.8572,24,2,3,0,0.7243026,0.9143798,0.1991038,343.5823,154.33,61.25179,0.7538261,0.9613036,0.1931592,0.238787,0.4106604,0.3128874,SelectionStart
102.8573,24,2,3,0,0.7243026,0.9143798,0.1991038,343.5823,154.33,61.25179,0.7538261,0.9613036,0.1931592,0.238787,0.4106604,0.3128874,SelectionEnd
102.8606,24,2,3,0,0.7243026,0.9143798,0.1991038,343.5823,154.33,61.25179,0.7538261,0.9613036,0.1931592,0.238787,0.4106604,0.3128874,GotSelection
102.8726,24,2,3,0,0.724503,0.9140453,0.199106,343.6246,154.3662,61.25061,0.7551591,0.9619979,0.1961286,0.2419915,0.4393817,0.2940086,SelectionStart
102.8726,24,2,3,0,0.724503,0.9140453,0.199106,343.6246,154.3662,61.25061,0.7551591,0.9619979,0.1961286,0.2419915,0.4393817,0.2940086,SelectionEnd
102.8763,24,2,3,0,0.724503,0.9140453,0.199106,343.6246,154.3662,61.25061,0.7551591,0.9619979,0.1961286,0.2419915,0.4393817,0.2940086,GotSelection
102.8873,24,2,3,0,0.723642,0.9138556,0.1973593,343.6634,154.5833,61.06682,0.7572268,0.9623238,0.2003718,0.2298139,0.4957081,0.2535629,SelectionStart
102.8874,24,2,3,0,0.723642,0.9138556,0.1973593,343.6634,154.5833,61.06682,0.7572268,0.9623238,0.2003718,0.2298139,0.4957081,0.2535629,SelectionEnd
102.8907,24,2,3,0,0.723642,0.9138556,0.1973593,343.6634,154.5833,61.06682,0.7572268,0.9623238,0.2003718,0.2298139,0.4957081,0.2535629,GotSelection
102.9016,24,2,3,0,0.7234142,0.913763,0.1969253,343.7083,154.5766,61.06632,0.7592402,0.9626145,0.2049316,0.2215788,0.5397307,0.2196074,SelectionStart
102.9016,24,2,3,0,0.7234142,0.913763,0.1969253,343.7083,154.5766,61.06632,0.7592402,0.9626145,0.2049316,0.2215788,0.5397307,0.2196074,SelectionEnd
102.9049,24,2,3,0,0.7234142,0.913763,0.1969253,343.7083,154.5766,61.06632,0.7592402,0.9626145,0.2049316,0.2215788,0.5397307,0.2196074,GotSelection
102.9472,24,2,3,0,0.7237357,0.9136627,0.197282,343.8259,154.6126,61.04526,0.7661745,0.9616045,0.2207009,0.1794377,0.6633645,0.1072171,SelectionStart
102.9472,24,2,3,0,0.7237357,0.9136627,0.197282,343.8259,154.6126,61.04526,0.7661745,0.9616045,0.2207009,0.1794377,0.6633645,0.1072171,SelectionEnd
102.951,24,2,3,0,0.7237357,0.9136627,0.197282,343.8259,154.6126,61.04526,0.7661745,0.9616045,0.2207009,0.1794377,0.6633645,0.1072171,GotSelection
102.961,24,2,3,0,0.7238878,0.9138082,0.1971205,343.8923,154.6244,61.04654,0.7687911,0.9608591,0.2261725,0.1590174,0.7061552,0.064509,SelectionStart
102.961,24,2,3,0,0.7238878,0.9138082,0.1971205,343.8923,154.6244,61.04654,0.7687911,0.9608591,0.2261725,0.1590174,0.7061552,0.064509,SelectionEnd
102.9643,24,2,3,0,0.7238878,0.9138082,0.1971205,343.8923,154.6244,61.04654,0.7687911,0.9608591,0.2261725,0.1590174,0.7061552,0.064509,GotSelection
102.9738,24,2,3,0,0.7238132,0.9137629,0.1972351,343.8823,154.6206,61.03711,0.7708218,0.9604039,0.2301167,0.1441981,0.7393674,0.03839993,SelectionStart
102.9739,24,2,3,0,0.7238132,0.9137629,0.1972351,343.8823,154.6206,61.03711,0.7708218,0.9604039,0.2301167,0.1441981,0.7393674,0.03839993,SelectionEnd
102.9774,24,2,3,0,0.7238132,0.9137629,0.1972351,343.8823,154.6206,61.03711,0.7708218,0.9604039,0.2301167,0.1441981,0.7393674,0.03839993,GotSelection
102.9865,24,2,3,0,0.7236164,0.9138042,0.1972995,343.8615,154.6382,60.99881,0.7736611,0.9598881,0.2349049,0.1227584,0.7834208,0.007739548,SelectionStart
102.9865,24,2,3,0,0.7236164,0.9138042,0.1972995,343.8615,154.6382,60.99881,0.7736611,0.9598881,0.2349049,0.1227584,0.7834208,0.007739548,SelectionEnd
102.99,24,2,3,0,0.7236164,0.9138042,0.1972995,343.8615,154.6382,60.99881,0.7736611,0.9598881,0.2349049,0.1227584,0.7834208,0.007739548,GotSelection
102.9995,24,2,3,0,0.7235628,0.9137689,0.1974554,343.8471,154.6434,60.99044,0.7754737,0.9593531,0.2378438,0.1083975,0.8091007,-0.01042421,SelectionStart
102.9996,24,2,3,0,0.7235628,0.9137689,0.1974554,343.8471,154.6434,60.99044,0.7754737,0.9593531,0.2378438,0.1083975,0.8091007,-0.01042421,SelectionEnd
103.0028,24,2,3,0,0.7235628,0.9137689,0.1974554,343.8471,154.6434,60.99044,0.7754737,0.9593531,0.2378438,0.1083975,0.8091007,-0.01042421,GotSelection
103.0141,24,2,3,0,0.723559,0.9137757,0.1976604,343.8371,154.6456,60.98609,0.7774695,0.9587998,0.2407879,0.09282198,0.8352624,-0.02781709,SelectionStart
103.0141,24,2,3,0,0.723559,0.9137757,0.1976604,343.8371,154.6456,60.98609,0.7774695,0.9587998,0.2407879,0.09282198,0.8352624,-0.02781709,SelectionEnd
103.0174,24,2,3,0,0.723559,0.9137757,0.1976604,343.8371,154.6456,60.98609,0.7774695,0.9587998,0.2407879,0.09282198,0.8352624,-0.02781709,GotSelection
103.0279,24,2,3,0,0.7238647,0.9139653,0.1977249,343.8122,154.6514,61.00284,0.7789322,0.9588585,0.2418814,0.08571126,0.8484744,-0.03230212,SelectionStart
103.028,24,2,3,0,0.7238647,0.9139653,0.1977249,343.8122,154.6514,61.00284,0.7789322,0.9588585,0.2418814,0.08571126,0.8484744,-0.03230212,SelectionEnd
103.0313,24,2,3,0,0.7238647,0.9139653,0.1977249,343.8122,154.6514,61.00284,0.7789322,0.9588585,0.2418814,0.08571126,0.8484744,-0.03230212,GotSelection
103.0435,24,2,3,0,0.7238921,0.9137862,0.1980979,343.7453,154.6806,61.01764,0.780188,0.9591599,0.2421969,0.0834001,0.8596161,-0.02505124,SelectionStart
103.0435,24,2,3,0,0.7238921,0.9137862,0.1980979,343.7453,154.6806,61.01764,0.780188,0.9591599,0.2421969,0.0834001,0.8596161,-0.02505124,SelectionEnd
103.0469,24,2,3,0,0.7238921,0.9137862,0.1980979,343.7453,154.6806,61.01764,0.780188,0.9591599,0.2421969,0.0834001,0.8596161,-0.02505124,GotSelection
103.0583,24,2,3,0,0.7240874,0.9135935,0.1986057,343.6605,154.6748,61.08521,0.781105,0.9597966,0.2410882,0.08727401,0.8606603,-0.004549872,SelectionStart
103.0583,24,2,3,0,0.7240874,0.9135935,0.1986057,343.6605,154.6748,61.08521,0.781105,0.9597966,0.2410882,0.08727401,0.8606603,-0.004549872,SelectionEnd
103.0617,24,2,3,0,0.7240874,0.9135935,0.1986057,343.6605,154.6748,61.08521,0.781105,0.9597966,0.2410882,0.08727401,0.8606603,-0.004549872,GotSelection
103.0732,24,2,3,0,0.7241912,0.9131296,0.1991459,343.5601,154.6341,61.17677,0.7816798,0.9606168,0.2394186,0.09649173,0.8588821,0.02201814,SelectionStart
103.0732,24,2,3,0,0.7241912,0.9131296,0.1991459,343.5601,154.6341,61.17677,0.7816798,0.9606168,0.2394186,0.09649173,0.8588821,0.02201814,SelectionEnd
103.0766,24,2,3,0,0.7241912,0.9131296,0.1991459,343.5601,154.6341,61.17677,0.7816798,0.9606168,0.2394186,0.09649173,0.8588821,0.02201814,GotSelection
103.0862,24,2,3,0,0.7242955,0.9129102,0.1995444,343.489,154.6216,61.2281,0.7812139,0.961646,0.236834,0.1104686,0.8452023,0.05037574,SelectionStart
103.0862,24,2,3,0,0.7242955,0.9129102,0.1995444,343.489,154.6216,61.2281,0.7812139,0.961646,0.236834,0.1104686,0.8452023,0.05037574,SelectionEnd
103.0896,24,2,3,0,0.7242955,0.9129102,0.1995444,343.489,154.6216,61.2281,0.7812139,0.961646,0.236834,0.1104686,0.8452023,0.05037574,GotSelection
103.1485,24,2,3,0,0.7246423,0.9124036,0.2004605,343.3423,154.6023,61.35789,0.7774876,0.9636024,0.2269274,0.1534062,0.7706625,0.1375696,SelectionStart
103.1486,24,2,3,0,0.7246423,0.9124036,0.2004605,343.3423,154.6023,61.35789,0.7774876,0.9636024,0.2269274,0.1534062,0.7706625,0.1375696,SelectionEnd
103.1519,24,2,3,0,0.7246423,0.9124036,0.2004605,343.3423,154.6023,61.35789,0.7774876,0.9636024,0.2269274,0.1534062,0.7706625,0.1375696,GotSelection
103.1616,24,2,3,0,0.725409,0.9121599,0.2007335,343.3243,154.546,61.52752,0.7709948,0.9643037,0.21571,0.2008414,0.6613201,0.2119644,SelectionStart
103.1616,24,2,3,0,0.725409,0.9121599,0.2007335,343.3243,154.546,61.52752,0.7709948,0.9643037,0.21571,0.2008414,0.6613201,0.2119644,SelectionEnd
103.1649,24,2,3,0,0.725409,0.9121599,0.2007335,343.3243,154.546,61.52752,0.7709948,0.9643037,0.21571,0.2008414,0.6613201,0.2119644,GotSelection
103.1741,24,2,3,0,0.7256373,0.9119772,0.2008086,343.2968,154.526,61.60312,0.7679682,0.9642178,0.2106322,0.2190436,0.6106195,0.2444237,SelectionStart
103.1741,24,2,3,0,0.7256373,0.9119772,0.2008086,343.2968,154.526,61.60312,0.7679682,0.9642178,0.2106322,0.2190436,0.6106195,0.2444237,SelectionEnd
103.1776,24,2,3,0,0.7256373,0.9119772,0.2008086,343.2968,154.526,61.60312,0.7679682,0.9642178,0.2106322,0.2190436,0.6106195,0.2444237,GotSelection
103.1893,24,2,3,0,0.7259286,0.9120145,0.2008563,343.2927,154.4893,61.6674,0.7654998,0.9641568,0.2070204,0.2330593,0.5703567,0.2650927,SelectionStart
103.1893,24,2,3,0,0.7259286,0.9120145,0.2008563,343.2927,154.4893,61.6674,0.7654998,0.9641568,0.2070204,0.2330593,0.5703567,0.2650927,SelectionEnd
103.1929,24,2,3,0,0.7259286,0.9120145,0.2008563,343.2927,154.4893,61.6674,0.7654998,0.9641568,0.2070204,0.2330593,0.5703567,0.2650927,GotSelection
103.2029,24,2,3,0,0.725983,0.9119192,0.2006243,343.3418,154.4589,61.7105,0.7623447,0.9643028,0.2022469,0.252222,0.5239562,0.2921142,SelectionStart
103.2029,24,2,3,0,0.725983,0.9119192,0.2006243,343.3418,154.4589,61.7105,0.7623447,0.9643028,0.2022469,0.252222,0.5239562,0.2921142,SelectionEnd
103.2063,24,2,3,0,0.725983,0.9119192,0.2006243,343.3418,154.4589,61.7105,0.7623447,0.9643028,0.2022469,0.252222,0.5239562,0.2921142,GotSelection
103.2158,24,2,3,0,0.7262163,0.9120668,0.200555,343.4057,154.4402,61.72443,0.7602634,0.9641514,0.1990696,0.2619966,0.4893088,0.3084746,SelectionStart
103.2158,24,2,3,0,0.7262163,0.9120668,0.200555,343.4057,154.4402,61.72443,0.7602634,0.9641514,0.1990696,0.2619966,0.4893088,0.3084746,SelectionEnd
103.2191,24,2,3,0,0.7262163,0.9120668,0.200555,343.4057,154.4402,61.72443,0.7602634,0.9641514,0.1990696,0.2619966,0.4893088,0.3084746,GotSelection
103.2307,24,2,3,0,0.7263897,0.9120221,0.2001967,343.4904,154.4446,61.72906,0.7577103,0.9641912,0.1953758,0.2773233,0.4523627,0.3259421,SelectionStart
103.2307,24,2,3,0,0.7263897,0.9120221,0.2001967,343.4904,154.4446,61.72906,0.7577103,0.9641912,0.1953758,0.2773233,0.4523627,0.3259421,SelectionEnd
103.234,24,2,3,0,0.7263897,0.9120221,0.2001967,343.4904,154.4446,61.72906,0.7577103,0.9641912,0.1953758,0.2773233,0.4523627,0.3259421,GotSelection
103.2437,24,2,3,0,0.7264131,0.9121403,0.19967,343.5657,154.4301,61.7211,0.7560187,0.9641103,0.1931553,0.2849342,0.430087,0.3325369,SelectionStart
103.2438,24,2,3,0,0.7264131,0.9121403,0.19967,343.5657,154.4301,61.7211,0.7560187,0.9641103,0.1931553,0.2849342,0.430087,0.3325369,SelectionEnd
103.2471,24,2,3,0,0.7264131,0.9121403,0.19967,343.5657,154.4301,61.7211,0.7560187,0.9641103,0.1931553,0.2849342,0.430087,0.3325369,GotSelection
103.2581,24,2,3,0,0.7266315,0.9124228,0.1993635,343.6224,154.3808,61.73005,0.7542697,0.9643906,0.1907596,0.2956163,0.4045518,0.3423938,SelectionStart
103.2581,24,2,3,0,0.7266315,0.9124228,0.1993635,343.6224,154.3808,61.73005,0.7542697,0.9643906,0.1907596,0.2956163,0.4045518,0.3423938,SelectionEnd
103.2615,24,2,3,0,0.7266315,0.9124228,0.1993635,343.6224,154.3808,61.73005,0.7542697,0.9643906,0.1907596,0.2956163,0.4045518,0.3423938,GotSelection
103.2726,24,2,3,0,0.7266419,0.912522,0.1991539,343.6596,154.3471,61.73672,0.7532119,0.9650971,0.1898817,0.3068158,0.3958737,0.3453374,SelectionStart
103.2727,24,2,3,0,0.7266419,0.912522,0.1991539,343.6596,154.3471,61.73672,0.7532119,0.9650971,0.1898817,0.3068158,0.3958737,0.3453374,SelectionEnd
103.2761,24,2,3,0,0.7266419,0.912522,0.1991539,343.6596,154.3471,61.73672,0.7532119,0.9650971,0.1898817,0.3068158,0.3958737,0.3453374,GotSelection
103.2866,24,2,3,0,0.7265255,0.9125363,0.1990846,343.6727,154.327,61.7408,0.7530081,0.9658425,0.1905002,0.3138373,0.4020693,0.3409573,SelectionStart
103.2866,24,2,3,0,0.7265255,0.9125363,0.1990846,343.6727,154.327,61.7408,0.7530081,0.9658425,0.1905002,0.3138373,0.4020693,0.3409573,SelectionEnd
103.29,24,2,3,0,0.7265255,0.9125363,0.1990846,343.6727,154.327,61.7408,0.7530081,0.9658425,0.1905002,0.3138373,0.4020693,0.3409573,GotSelection
103.2995,24,2,3,0,0.7261603,0.9124799,0.1989906,343.69,154.325,61.72287,0.7525089,0.966499,0.1913491,0.3208513,0.4093336,0.3339771,SelectionStart
103.2996,24,2,3,0,0.7261603,0.9124799,0.1989906,343.69,154.325,61.72287,0.7525089,0.966499,0.1913491,0.3208513,0.4093336,0.3339771,SelectionEnd
103.3029,24,2,3,0,0.7261603,0.9124799,0.1989906,343.69,154.325,61.72287,0.7525089,0.966499,0.1913491,0.3208513,0.4093336,0.3339771,GotSelection
103.3418,24,2,3,0,0.7257208,0.9123021,0.1988692,343.6767,154.3776,61.63375,0.7546176,0.9686804,0.1998843,0.3280678,0.484308,0.2750372,SelectionStart
103.3418,24,2,3,0,0.7257208,0.9123021,0.1988692,343.6767,154.3776,61.63375,0.7546176,0.9686804,0.1998843,0.3280678,0.484308,0.2750372,SelectionEnd
103.3455,24,2,3,0,0.7257208,0.9123021,0.1988692,343.6767,154.3776,61.63375,0.7546176,0.9686804,0.1998843,0.3280678,0.484308,0.2750372,GotSelection
103.3559,24,2,3,0,0.7255803,0.9123361,0.1988231,343.6902,154.4176,61.59108,0.7559568,0.9694024,0.2042412,0.3263886,0.5214651,0.244076,SelectionStart
103.356,24,2,3,0,0.7255803,0.9123361,0.1988231,343.6902,154.4176,61.59108,0.7559568,0.9694024,0.2042412,0.3263886,0.5214651,0.244076,SelectionEnd
103.3594,24,2,3,0,0.7255803,0.9123361,0.1988231,343.6902,154.4176,61.59108,0.7559568,0.9694024,0.2042412,0.3263886,0.5214651,0.244076,GotSelection
103.3683,24,2,3,0,0.7255913,0.9124442,0.1987402,343.7224,154.4429,61.58012,0.7572798,0.969826,0.2079059,0.3226241,0.5520706,0.2169834,SelectionStart
103.3683,24,2,3,0,0.7255913,0.9124442,0.1987402,343.7224,154.4429,61.58012,0.7572798,0.969826,0.2079059,0.3226241,0.5520706,0.2169834,SelectionEnd
103.3716,24,2,3,0,0.7255913,0.9124442,0.1987402,343.7224,154.4429,61.58012,0.7572798,0.969826,0.2079059,0.3226241,0.5520706,0.2169834,GotSelection
103.3809,24,2,3,0,0.7257854,0.9126123,0.1984155,343.7941,154.4704,61.58102,0.7591573,0.9703828,0.2128585,0.3179375,0.5935574,0.1777095,SelectionStart
103.381,24,2,3,0,0.7257854,0.9126123,0.1984155,343.7941,154.4704,61.58102,0.7591573,0.9703828,0.2128585,0.3179375,0.5935574,0.1777095,SelectionEnd
103.3843,24,2,3,0,0.7257854,0.9126123,0.1984155,343.7941,154.4704,61.58102,0.7591573,0.9703828,0.2128585,0.3179375,0.5935574,0.1777095,GotSelection
103.3941,24,2,3,0,0.7259696,0.9127443,0.1981872,343.8669,154.4811,61.599,0.760814,0.970929,0.2163383,0.3144707,0.6254236,0.1515248,SelectionStart
103.3941,24,2,3,0,0.7259696,0.9127443,0.1981872,343.8669,154.4811,61.599,0.760814,0.970929,0.2163383,0.3144707,0.6254236,0.1515248,SelectionEnd
103.3975,24,2,3,0,0.7259696,0.9127443,0.1981872,343.8669,154.4811,61.599,0.760814,0.970929,0.2163383,0.3144707,0.6254236,0.1515248,GotSelection
103.4088,24,2,3,0,0.7261114,0.9128551,0.1980515,343.9244,154.5021,61.60312,0.7635019,0.9715405,0.2206583,0.3058194,0.669591,0.1235407,SelectionStart
103.4088,24,2,3,0,0.7261114,0.9128551,0.1980515,343.9244,154.5021,61.60312,0.7635019,0.9715405,0.2206583,0.3058194,0.669591,0.1235407,SelectionEnd
103.4121,24,2,3,0,0.7261114,0.9128551,0.1980515,343.9244,154.5021,61.60312,0.7635019,0.9715405,0.2206583,0.3058194,0.669591,0.1235407,GotSelection
103.4231,24,2,3,0,0.7260515,0.9126377,0.1981367,343.9045,154.5504,61.57608,0.7655422,0.9720265,0.2238925,0.3006866,0.7047817,0.1063498,SelectionStart
103.4231,24,2,3,0,0.7260515,0.9126377,0.1981367,343.9045,154.5504,61.57608,0.7655422,0.9720265,0.2238925,0.3006866,0.7047817,0.1063498,SelectionEnd
103.4268,24,2,3,0,0.7260515,0.9126377,0.1981367,343.9045,154.5504,61.57608,0.7655422,0.9720265,0.2238925,0.3006866,0.7047817,0.1063498,GotSelection
103.4387,24,2,3,0,0.7260671,0.9128047,0.1980498,343.9107,154.5551,61.57699,0.7678796,0.9721702,0.2279171,0.2885109,0.7429885,0.07956761,SelectionStart
103.4387,24,2,3,0,0.7260671,0.9128047,0.1980498,343.9107,154.5551,61.57699,0.7678796,0.9721702,0.2279171,0.2885109,0.7429885,0.07956761,SelectionEnd
103.4423,24,2,3,0,0.7260671,0.9128047,0.1980498,343.9107,154.5551,61.57699,0.7678796,0.9721702,0.2279171,0.2885109,0.7429885,0.07956761,GotSelection
103.4517,24,2,3,0,0.7262248,0.9128032,0.1981398,343.911,154.5483,61.61763,0.7701467,0.9723457,0.2317104,0.2796538,0.7782639,0.05623168,SelectionStart
103.4518,24,2,3,0,0.7262248,0.9128032,0.1981398,343.911,154.5483,61.61763,0.7701467,0.9723457,0.2317104,0.2796538,0.7782639,0.05623168,SelectionEnd
103.455,24,2,3,0,0.7262248,0.9128032,0.1981398,343.911,154.5483,61.61763,0.7701467,0.9723457,0.2317104,0.2796538,0.7782639,0.05623168,GotSelection
103.4645,24,2,3,0,0.7263099,0.9126574,0.198318,343.8948,154.5013,61.66832,0.7715209,0.9722067,0.2340289,0.273566,0.7986364,0.04336444,SelectionStart
103.4645,24,2,3,0,0.7263099,0.9126574,0.198318,343.8948,154.5013,61.66832,0.7715209,0.9722067,0.2340289,0.273566,0.7986364,0.04336444,SelectionEnd
103.4679,24,2,3,0,0.7263099,0.9126574,0.198318,343.8948,154.5013,61.66832,0.7715209,0.9722067,0.2340289,0.273566,0.7986364,0.04336444,GotSelection
103.4777,24,2,3,0,0.7264236,0.9125797,0.1985826,343.8611,154.4805,61.71493,0.7732045,0.9722241,0.2362531,0.2667365,0.8206373,0.03349639,SelectionStart
103.4777,24,2,3,0,0.7264236,0.9125797,0.1985826,343.8611,154.4805,61.71493,0.7732045,0.9722241,0.2362531,0.2667365,0.8206373,0.03349639,SelectionEnd
103.481,24,2,3,0,0.7264236,0.9125797,0.1985826,343.8611,154.4805,61.71493,0.7732045,0.9722241,0.2362531,0.2667365,0.8206373,0.03349639,GotSelection
103.5334,24,2,3,0,0.7274916,0.9120858,0.2001668,343.7213,154.1161,62.14181,0.7810786,0.9727418,0.2393111,0.243756,0.8823386,0.05766629,SelectionStart
103.5334,24,2,3,0,0.7274916,0.9120858,0.2001668,343.7213,154.1161,62.14181,0.7810786,0.9727418,0.2393111,0.243756,0.8823386,0.05766629,SelectionEnd
103.5366,24,2,3,0,0.7274916,0.9120858,0.2001668,343.7213,154.1161,62.14181,0.7810786,0.9727418,0.2393111,0.243756,0.8823386,0.05766629,GotSelection
103.5841,24,2,3,0,0.7309166,0.9114816,0.2026145,343.6504,153.0636,63.28921,0.7863901,0.9735922,0.234616,0.2586011,0.8604913,0.1450859,SelectionStart
103.5841,24,2,3,0,0.7309166,0.9114816,0.2026145,343.6504,153.0636,63.28921,0.7863901,0.9735922,0.234616,0.2586011,0.8604913,0.1450859,SelectionEnd
103.5875,24,2,3,0,0.7309166,0.9114816,0.2026145,343.6504,153.0636,63.28921,0.7863901,0.9735922,0.234616,0.2586011,0.8604913,0.1450859,GotSelection
103.6403,24,2,3,0,0.7409188,0.9109149,0.2091523,343.4781,151.1078,66.37818,0.7960821,0.9738421,0.2307936,0.3032413,0.7868302,0.2579296,SelectionStart
103.6403,24,2,3,0,0.7409188,0.9109149,0.2091523,343.4781,151.1078,66.37818,0.7960821,0.9738421,0.2307936,0.3032413,0.7868302,0.2579296,SelectionEnd
103.6436,24,2,3,0,0.7409188,0.9109149,0.2091523,343.4781,151.1078,66.37818,0.7960821,0.9738421,0.2307936,0.3032413,0.7868302,0.2579296,GotSelection
103.6648,24,2,3,0,0.7442946,0.9102557,0.211569,343.3957,150.5108,67.4856,0.8010281,0.9726097,0.2306153,0.3030367,0.7745236,0.2927308,Nothing
103.6729,24,2,3,0,0.7454745,0.9102371,0.2117973,343.469,150.2182,67.83649,0.8025954,0.9719358,0.2310039,0.2998604,0.7733637,0.2935459,Nothing
103.681,24,2,3,0,0.7472029,0.9102361,0.2120709,343.5494,149.9202,68.22348,0.8036718,0.9710086,0.2315205,0.2995682,0.7635821,0.2878227,Nothing
103.689,24,2,3,0,0.7492862,0.9102988,0.2127181,343.6486,149.5052,68.80795,0.8051239,0.9702308,0.2321382,0.3021609,0.7514376,0.2857008,Nothing
103.6975,24,2,3,0,0.7510048,0.9106045,0.2130732,343.7889,149.1821,69.25401,0.8070893,0.9688916,0.2328722,0.2920162,0.7467132,0.2809116,Nothing
103.7055,24,2,3,0,0.7528161,0.9108115,0.2133563,343.9449,148.8223,69.73115,0.8085322,0.9679438,0.2334885,0.2893805,0.7386236,0.2751136,Nothing
103.715,24,2,3,0,0.7547407,0.9110571,0.2136107,344.1316,148.403,70.24854,0.809833,0.9669009,0.2341161,0.2870123,0.7281613,0.2676412,Nothing
103.7323,24,2,3,0,0.7590457,0.9110583,0.2142476,344.7214,147.8408,71.30572,0.81279,0.9643599,0.2356833,0.2841635,0.7090569,0.2462304,Nothing
103.7474,24,2,3,0,0.7618707,0.9112784,0.2156154,344.8178,146.969,72.19148,0.814425,0.9624664,0.2368074,0.2786461,0.6854067,0.2438851,Nothing
103.7559,24,2,3,0,0.7642045,0.9111681,0.2173834,344.8609,146.1921,73.04211,0.8159935,0.9606626,0.2378351,0.2741855,0.6639377,0.2482961,Nothing
103.7639,24,2,3,0,0.7666472,0.9114726,0.2199438,344.7506,145.7452,73.81451,0.8167946,0.9593851,0.2385856,0.2721535,0.6307673,0.2547305,Nothing
103.772,24,2,3,0,0.7678916,0.9112005,0.2216437,344.6198,145.2478,74.37251,0.8176566,0.9581078,0.2393143,0.2682099,0.6148773,0.2631441,Nothing
103.7803,24,2,3,0,0.7685816,0.9105632,0.223288,344.4121,144.6888,74.80781,0.818378,0.956907,0.2400618,0.2649947,0.6040183,0.2753842,Nothing
103.7907,24,2,3,0,0.7690815,0.9100231,0.2249679,344.159,144.2247,75.31437,0.8194532,0.955846,0.2406387,0.2605655,0.595911,0.2918391,Nothing
103.8057,24,2,3,0,0.7694257,0.908757,0.2287119,343.5195,143.6003,76.07609,0.8211538,0.9537367,0.2418565,0.2492266,0.5813949,0.3269687,Nothing
103.8151,24,2,3,0,0.7692792,0.9080916,0.2306917,343.0765,143.1791,76.40841,0.8227327,0.9522053,0.2426257,0.2338661,0.5807272,0.3504323,Nothing
103.8308,24,2,3,0,0.7688644,0.907642,0.2331475,342.6071,142.7567,76.71967,0.8249416,0.9504248,0.2433408,0.2096503,0.5820885,0.3818698,Nothing
103.839,24,2,3,0,0.7687015,0.9076871,0.2335107,342.5363,142.5944,76.79266,0.8258728,0.9497055,0.2437627,0.1984805,0.5877383,0.3873605,Nothing
103.8468,24,2,3,0,0.7684377,0.9074308,0.2344015,342.381,142.3214,76.92403,0.8270342,0.9490801,0.2439682,0.1889744,0.5908549,0.4032412,Nothing
103.8556,24,2,3,0,0.7681276,0.9075941,0.2345195,342.3649,142.1648,76.94162,0.8279746,0.9485549,0.2442156,0.1778113,0.5985287,0.4090527,Nothing
103.8637,24,2,3,0,0.7681413,0.9079367,0.2342859,342.4336,142.0422,76.95358,0.8288384,0.9480743,0.2443954,0.1676967,0.6051496,0.4091705,Nothing
103.8721,24,2,3,0,0.7677243,0.9082392,0.2342447,342.3828,141.8831,76.9173,0.8298104,0.9480312,0.244405,0.1583703,0.6140952,0.4177758,Nothing
103.8812,24,2,3,0,0.7668983,0.9087183,0.2343869,342.3319,141.7488,76.88506,0.831495,0.9474896,0.2445384,0.1385168,0.6294876,0.4313073,Nothing
103.8901,24,2,3,0,0.7663286,0.9089608,0.234589,342.1526,141.7739,76.77589,0.8325966,0.9478927,0.2442478,0.1308842,0.6389501,0.4462348,Nothing
103.8989,24,2,3,0,0.7656056,0.909065,0.2346855,342.0061,141.6872,76.68147,0.833641,0.9479713,0.2441395,0.121514,0.6498719,0.4598951,Nothing
103.9059,24,2,3,0,0.7653393,0.9093963,0.2345581,341.9659,141.7844,76.5653,0.8346836,0.9483166,0.2437588,0.1150196,0.6586416,0.4689363,Nothing
103.9148,24,2,3,0,0.7646812,0.9096873,0.2344019,341.8231,141.8669,76.42375,0.8356258,0.9490828,0.2432389,0.1104593,0.6696076,0.4826187,Nothing
103.9224,24,2,3,0,0.7641313,0.9097099,0.234491,341.6651,141.9531,76.27229,0.8362914,0.9498512,0.2428026,0.1094056,0.6773065,0.4961087,Nothing
103.9305,24,2,3,0,0.7638429,0.9100596,0.2342323,341.6382,142.0836,76.15588,0.8370191,0.9505408,0.2424206,0.1072052,0.6858572,0.5029469,Nothing
103.9387,24,2,3,0,0.7635224,0.9103685,0.2338595,341.6043,142.2216,76.02684,0.8375663,0.951187,0.2418963,0.1052886,0.6932102,0.5090317,Nothing
103.9472,24,2,3,0,0.7629713,0.9105201,0.2335763,341.4924,142.3878,75.8112,0.8384332,0.952262,0.2413058,0.1048489,0.7051848,0.521493,Nothing
103.9554,24,2,3,0,0.7625155,0.9108334,0.2331597,341.4753,142.4974,75.66109,0.8386505,0.953164,0.2409005,0.1059379,0.7127069,0.5261652,Nothing
103.9649,24,2,3,0,0.7625574,0.9111544,0.2325316,341.5066,142.6519,75.49751,0.8387948,0.953991,0.2403739,0.108888,0.7169424,0.525771,Nothing
103.9807,24,2,3,0,0.7626067,0.9116023,0.2314166,341.6224,142.9439,75.24467,0.8389041,0.9555367,0.2396914,0.117698,0.7259676,0.5225038,Nothing
103.9889,24,2,3,0,0.7627446,0.9118283,0.2307722,341.723,143.0395,75.158,0.8388032,0.9562697,0.2394355,0.1236941,0.7291686,0.5181357,Nothing
103.9988,24,2,3,0,0.7626575,0.9121544,0.2300123,341.7891,143.1916,75.00004,0.8384272,0.9572119,0.2392318,0.1299295,0.7338784,0.5120547,Nothing
104.0139,24,2,3,0,0.7622161,0.9122266,0.2297149,341.7542,143.3464,74.83109,0.8378603,0.9584371,0.2392526,0.1393049,0.7394136,0.5109971,Nothing
104.0226,24,2,3,0,0.7620517,0.9121131,0.2297925,341.6968,143.3773,74.80247,0.8375885,0.9589887,0.2393725,0.1451821,0.7407493,0.5121604,Nothing
104.0303,24,2,3,0,0.761877,0.912028,0.2298909,341.6306,143.4295,74.77061,0.8372992,0.9595485,0.23953,0.1508319,0.7422388,0.5129126,Nothing
104.0395,24,2,3,0,0.7616069,0.9117215,0.2302826,341.5612,143.5047,74.73927,0.8365567,0.9599624,0.2398818,0.1585506,0.7407866,0.5123971,Nothing
104.0473,24,2,3,0,0.7614369,0.9116343,0.2304244,341.4958,143.5685,74.70935,0.8362088,0.9603795,0.2402687,0.1633632,0.7427503,0.5107875,Nothing
104.0566,24,2,3,0,0.7610983,0.9114275,0.2309046,341.3464,143.654,74.68875,0.8355161,0.9608547,0.2410537,0.1700469,0.744181,0.5085785,Nothing
104.0727,24,2,3,0,0.7604403,0.911083,0.2314387,341.1426,143.725,74.6158,0.8348246,0.9616188,0.2419873,0.1783315,0.7496229,0.5094225,Nothing
104.0809,24,2,3,0,0.7600548,0.9110589,0.2315652,341.0724,143.7672,74.5514,0.8342291,0.961621,0.242617,0.178558,0.7517511,0.5043787,Nothing
104.0899,24,2,3,0,0.7595813,0.9109996,0.2316414,340.9927,143.813,74.46358,0.8336414,0.9616368,0.2433184,0.1785969,0.7555823,0.4991157,Nothing
104.0983,24,2,3,0,0.7590315,0.9109825,0.2316844,340.9123,143.9013,74.34643,0.8328462,0.9613756,0.2441481,0.1760707,0.7590404,0.4903136,Nothing
104.1142,24,2,3,0,0.7578482,0.910758,0.2319631,340.7222,144.1858,74.05135,0.8315919,0.960924,0.245976,0.1709306,0.7703462,0.4750823,Nothing
104.122,24,2,3,0,0.7574621,0.9109371,0.2317964,340.6549,144.346,73.88091,0.8307794,0.9607977,0.2467368,0.1683473,0.7737696,0.4630138,Nothing
104.1305,24,2,3,0,0.7565597,0.9109614,0.2315165,340.5561,144.5725,73.60824,0.8296649,0.9602485,0.2480257,0.1615818,0.7827678,0.4456367,Nothing
104.1386,24,2,3,0,0.7560406,0.9108212,0.2315321,340.5049,144.6999,73.44457,0.8288137,0.9600414,0.248888,0.160909,0.7866969,0.4357738,Nothing
104.1479,24,2,3,0,0.7554554,0.9108832,0.2311504,340.4751,144.877,73.23414,0.8282654,0.9596758,0.2494507,0.1550778,0.7934232,0.4252253,Nothing
104.156,24,2,3,0,0.7549611,0.9109112,0.2309098,340.4251,145.0419,73.03664,0.8274997,0.9593063,0.2500895,0.1507899,0.7973041,0.4138321,Nothing
104.1633,24,2,3,0,0.7544683,0.9109225,0.2306563,340.3795,145.214,72.86123,0.8269288,0.9588708,0.2506427,0.145514,0.8019423,0.4037728,Nothing
104.1723,24,2,3,0,0.7540179,0.9109241,0.230422,340.3323,145.3913,72.69286,0.826183,0.9585342,0.2510751,0.1421616,0.8043245,0.3939284,Nothing
104.1801,24,2,3,0,0.7535048,0.910971,0.2302024,340.291,145.5536,72.53235,0.8254579,0.9580604,0.2514377,0.1368171,0.8061237,0.3847088,Nothing
104.1886,24,2,3,0,0.7531198,0.9109349,0.229941,340.2592,145.7052,72.36339,0.8247771,0.9577442,0.251823,0.134035,0.8083339,0.3754049,Nothing
104.197,24,2,3,0,0.7524986,0.9109107,0.2295848,340.2049,145.9415,72.13216,0.8237882,0.9572558,0.2524937,0.1295048,0.8123379,0.3611773,Nothing
104.2056,24,2,3,0,0.7523144,0.9108929,0.2292581,340.1983,146.0412,72.00045,0.8232909,0.9568917,0.2530003,0.1269311,0.8150011,0.3505101,Nothing
104.2135,24,2,3,0,0.7520447,0.910834,0.2290891,340.1651,146.1515,71.90176,0.8227199,0.9565806,0.2534928,0.1253543,0.8168429,0.3416367,Nothing
104.2224,24,2,3,0,0.7516014,0.910607,0.2291414,340.1175,146.2586,71.78238,0.8222109,0.956464,0.254002,0.1254576,0.8202168,0.3370375,Nothing
104.232,24,2,3,0,0.7513143,0.910427,0.2292122,340.0325,146.3998,71.69553,0.8217673,0.9562483,0.2544599,0.1249436,0.8220377,0.3318342,SelectionStart
104.232,24,2,3,0,0.7513143,0.910427,0.2292122,340.0325,146.3998,71.69553,0.8217673,0.9562483,0.2544599,0.1249436,0.8220377,0.3318342,SelectionEnd
104.2354,24,2,3,0,0.7513143,0.910427,0.2292122,340.0325,146.3998,71.69553,0.8217673,0.9562483,0.2544599,0.1249436,0.8220377,0.3318342,GotSelection
104.2463,24,2,3,0,0.7506741,0.9102294,0.2291336,339.9036,146.6559,71.47886,0.8206071,0.9559331,0.2555415,0.1243925,0.8264036,0.317131,SelectionStart
104.2463,24,2,3,0,0.7506741,0.9102294,0.2291336,339.9036,146.6559,71.47886,0.8206071,0.9559331,0.2555415,0.1243925,0.8264036,0.317131,SelectionEnd
104.2496,24,2,3,0,0.7506741,0.9102294,0.2291336,339.9036,146.6559,71.47886,0.8206071,0.9559331,0.2555415,0.1243925,0.8264036,0.317131,GotSelection
104.2586,24,2,3,0,0.7501197,0.9099503,0.229327,339.8163,146.7787,71.33421,0.8198984,0.9554763,0.2560824,0.1216946,0.8275453,0.3119952,SelectionStart
104.2586,24,2,3,0,0.7501197,0.9099503,0.229327,339.8163,146.7787,71.33421,0.8198984,0.9554763,0.2560824,0.1216946,0.8275453,0.3119952,SelectionEnd
104.2619,24,2,3,0,0.7501197,0.9099503,0.229327,339.8163,146.7787,71.33421,0.8198984,0.9554763,0.2560824,0.1216946,0.8275453,0.3119952,GotSelection
104.2725,24,2,3,0,0.7496643,0.9097761,0.2292382,339.7515,146.942,71.1814,0.8189244,0.954758,0.2569677,0.118127,0.8289294,0.2979904,SelectionStart
104.2725,24,2,3,0,0.7496643,0.9097761,0.2292382,339.7515,146.942,71.1814,0.8189244,0.954758,0.2569677,0.118127,0.8289294,0.2979904,SelectionEnd
104.276,24,2,3,0,0.7496643,0.9097761,0.2292382,339.7515,146.942,71.1814,0.8189244,0.954758,0.2569677,0.118127,0.8289294,0.2979904,GotSelection
104.2859,24,2,3,0,0.749128,0.9097309,0.2292199,339.7024,147.0002,71.05481,0.8178516,0.9537691,0.2577065,0.1109407,0.8271036,0.2853917,SelectionStart
104.286,24,2,3,0,0.749128,0.9097309,0.2292199,339.7024,147.0002,71.05481,0.8178516,0.9537691,0.2577065,0.1109407,0.8271036,0.2853917,SelectionEnd
104.2893,24,2,3,0,0.749128,0.9097309,0.2292199,339.7024,147.0002,71.05481,0.8178516,0.9537691,0.2577065,0.1109407,0.8271036,0.2853917,GotSelection
104.2999,24,2,3,0,0.7486318,0.9094815,0.2290224,339.5992,147.1949,70.8812,0.8166023,0.952158,0.258598,0.1009182,0.8248587,0.2661894,SelectionStart
104.2999,24,2,3,0,0.7486318,0.9094815,0.2290224,339.5992,147.1949,70.8812,0.8166023,0.952158,0.258598,0.1009182,0.8248587,0.2661894,SelectionEnd
104.3035,24,2,3,0,0.7486318,0.9094815,0.2290224,339.5992,147.1949,70.8812,0.8166023,0.952158,0.258598,0.1009182,0.8248587,0.2661894,GotSelection
104.3139,24,2,3,0,0.7479469,0.9093374,0.2289788,339.5024,147.4269,70.67365,0.8154265,0.9507594,0.2592734,0.09005354,0.8226868,0.2511768,SelectionStart
104.3139,24,2,3,0,0.7479469,0.9093374,0.2289788,339.5024,147.4269,70.67365,0.8154265,0.9507594,0.2592734,0.09005354,0.8226868,0.2511768,SelectionEnd
104.3172,24,2,3,0,0.7479469,0.9093374,0.2289788,339.5024,147.4269,70.67365,0.8154265,0.9507594,0.2592734,0.09005354,0.8226868,0.2511768,GotSelection
104.3271,24,2,3,0,0.7469035,0.9090899,0.2283303,339.3842,147.7785,70.52012,0.8141791,0.9491096,0.259495,0.07790627,0.823262,0.2345203,SelectionStart
104.3271,24,2,3,0,0.7469035,0.9090899,0.2283303,339.3842,147.7785,70.52012,0.8141791,0.9491096,0.259495,0.07790627,0.823262,0.2345203,SelectionEnd
104.3304,24,2,3,0,0.7469035,0.9090899,0.2283303,339.3842,147.7785,70.52012,0.8141791,0.9491096,0.259495,0.07790627,0.823262,0.2345203,GotSelection
104.3404,24,2,3,0,0.746596,0.9092554,0.2286788,339.3333,147.9568,70.40521,0.8136359,0.9479071,0.2593522,0.06502017,0.8147495,0.2305017,SelectionStart
104.3404,24,2,3,0,0.746596,0.9092554,0.2286788,339.3333,147.9568,70.40521,0.8136359,0.9479071,0.2593522,0.06502017,0.8147495,0.2305017,SelectionEnd
104.3437,24,2,3,0,0.746596,0.9092554,0.2286788,339.3333,147.9568,70.40521,0.8136359,0.9479071,0.2593522,0.06502017,0.8147495,0.2305017,GotSelection
104.3568,24,2,3,0,0.7463601,0.9095181,0.2288875,339.3202,148.1457,70.23545,0.8123688,0.9461284,0.2591372,0.04934786,0.7985922,0.2191627,SelectionStart
104.3568,24,2,3,0,0.7463601,0.9095181,0.2288875,339.3202,148.1457,70.23545,0.8123688,0.9461284,0.2591372,0.04934786,0.7985922,0.2191627,SelectionEnd
104.3609,24,2,3,0,0.7463601,0.9095181,0.2288875,339.3202,148.1457,70.23545,0.8123688,0.9461284,0.2591372,0.04934786,0.7985922,0.2191627,GotSelection
104.4056,24,2,3,0,0.7440926,0.9092212,0.2284373,339.3585,149.0384,69.6312,0.8076977,0.9380974,0.2571459,-0.01500023,0.7487025,0.1812218,SelectionStart
104.4057,24,2,3,0,0.7440926,0.9092212,0.2284373,339.3585,149.0384,69.6312,0.8076977,0.9380974,0.2571459,-0.01500023,0.7487025,0.1812218,SelectionEnd
104.4093,24,2,3,0,0.7440926,0.9092212,0.2284373,339.3585,149.0384,69.6312,0.8076977,0.9380974,0.2571459,-0.01500023,0.7487025,0.1812218,GotSelection
104.4189,24,2,3,0,0.7437128,0.9092385,0.2283244,339.3498,149.1218,69.5326,0.8064062,0.9358556,0.2561554,-0.0327841,0.7292214,0.1748926,SelectionStart
104.4189,24,2,3,0,0.7437128,0.9092385,0.2283244,339.3498,149.1218,69.5326,0.8064062,0.9358556,0.2561554,-0.0327841,0.7292214,0.1748926,SelectionEnd
104.4225,24,2,3,0,0.7437128,0.9092385,0.2283244,339.3498,149.1218,69.5326,0.8064062,0.9358556,0.2561554,-0.0327841,0.7292214,0.1748926,GotSelection
104.4336,24,2,3,0,0.7434132,0.9092382,0.2275834,339.3357,149.2114,69.47639,0.8050386,0.9328381,0.2543834,-0.05617414,0.7050983,0.1663056,SelectionStart
104.4336,24,2,3,0,0.7434132,0.9092382,0.2275834,339.3357,149.2114,69.47639,0.8050386,0.9328381,0.2543834,-0.05617414,0.7050983,0.1663056,SelectionEnd
104.4373,24,2,3,0,0.7434132,0.9092382,0.2275834,339.3357,149.2114,69.47639,0.8050386,0.9328381,0.2543834,-0.05617414,0.7050983,0.1663056,GotSelection
104.4478,24,2,3,0,0.743247,0.909438,0.2273292,339.3291,149.2178,69.44492,0.8034377,0.9293696,0.2520995,-0.08461002,0.669813,0.1626813,SelectionStart
104.4479,24,2,3,0,0.743247,0.909438,0.2273292,339.3291,149.2178,69.44492,0.8034377,0.9293696,0.2520995,-0.08461002,0.669813,0.1626813,SelectionEnd
104.4513,24,2,3,0,0.743247,0.909438,0.2273292,339.3291,149.2178,69.44492,0.8034377,0.9293696,0.2520995,-0.08461002,0.669813,0.1626813,GotSelection
104.4609,24,2,3,0,0.7435979,0.9093872,0.2280633,339.3788,149.1783,69.41586,0.8023747,0.9266769,0.2496583,-0.1051032,0.6311675,0.1725969,SelectionStart
104.4609,24,2,3,0,0.7435979,0.9093872,0.2280633,339.3788,149.1783,69.41586,0.8023747,0.9266769,0.2496583,-0.1051032,0.6311675,0.1725969,SelectionEnd
104.4643,24,2,3,0,0.7435979,0.9093872,0.2280633,339.3788,149.1783,69.41586,0.8023747,0.9266769,0.2496583,-0.1051032,0.6311675,0.1725969,GotSelection
104.4741,24,2,3,0,0.7439505,0.9092707,0.2275794,339.4669,149.1961,69.40073,0.801484,0.923941,0.2472953,-0.1243817,0.6018691,0.1721885,SelectionStart
104.4741,24,2,3,0,0.7439505,0.9092707,0.2275794,339.4669,149.1961,69.40073,0.801484,0.923941,0.2472953,-0.1243817,0.6018691,0.1721885,SelectionEnd
104.4778,24,2,3,0,0.7439505,0.9092707,0.2275794,339.4669,149.1961,69.40073,0.801484,0.923941,0.2472953,-0.1243817,0.6018691,0.1721885,GotSelection
104.489,24,2,3,0,0.7439533,0.9092125,0.2275449,339.4742,149.2598,69.31359,0.800224,0.9201918,0.2434234,-0.1559927,0.5570139,0.1836877,SelectionStart
104.489,24,2,3,0,0.7439533,0.9092125,0.2275449,339.4742,149.2598,69.31359,0.800224,0.9201918,0.2434234,-0.1559927,0.5570139,0.1836877,SelectionEnd
104.4924,24,2,3,0,0.7439533,0.9092125,0.2275449,339.4742,149.2598,69.31359,0.800224,0.9201918,0.2434234,-0.1559927,0.5570139,0.1836877,GotSelection
104.5025,24,2,3,0,0.7437365,0.9088888,0.2276094,339.4016,149.3746,69.19241,0.7988944,0.9162359,0.2398086,-0.1880002,0.5143895,0.1944545,SelectionStart
104.5025,24,2,3,0,0.7437365,0.9088888,0.2276094,339.4016,149.3746,69.19241,0.7988944,0.9162359,0.2398086,-0.1880002,0.5143895,0.1944545,SelectionEnd
104.5058,24,2,3,0,0.7437365,0.9088888,0.2276094,339.4016,149.3746,69.19241,0.7988944,0.9162359,0.2398086,-0.1880002,0.5143895,0.1944545,GotSelection
104.517,24,2,3,0,0.742929,0.9090478,0.2276151,339.3584,149.4537,69.09576,0.7980668,0.9131606,0.2370808,-0.2204438,0.4869162,0.2044975,SelectionStart
104.517,24,2,3,0,0.742929,0.9090478,0.2276151,339.3584,149.4537,69.09576,0.7980668,0.9131606,0.2370808,-0.2204438,0.4869162,0.2044975,SelectionEnd
104.5204,24,2,3,0,0.742929,0.9090478,0.2276151,339.3584,149.4537,69.09576,0.7980668,0.9131606,0.2370808,-0.2204438,0.4869162,0.2044975,GotSelection
104.5318,24,2,3,0,0.742311,0.90958,0.2272592,339.4431,149.4907,69.05935,0.7969515,0.9092799,0.2333899,-0.2608053,0.4484137,0.2134491,SelectionStart
104.5319,24,2,3,0,0.742311,0.90958,0.2272592,339.4431,149.4907,69.05935,0.7969515,0.9092799,0.2333899,-0.2608053,0.4484137,0.2134491,SelectionEnd
104.5358,24,2,3,0,0.742311,0.90958,0.2272592,339.4431,149.4907,69.05935,0.7969515,0.9092799,0.2333899,-0.2608053,0.4484137,0.2134491,GotSelection
104.5463,24,2,3,0,0.7419919,0.9099588,0.2268519,339.3494,149.5879,68.94859,0.7962923,0.9059426,0.2293325,-0.2971046,0.4112822,0.2275366,SelectionStart
104.5464,24,2,3,0,0.7419919,0.9099588,0.2268519,339.3494,149.5879,68.94859,0.7962923,0.9059426,0.2293325,-0.2971046,0.4112822,0.2275366,SelectionEnd
104.5497,24,2,3,0,0.7419919,0.9099588,0.2268519,339.3494,149.5879,68.94859,0.7962923,0.9059426,0.2293325,-0.2971046,0.4112822,0.2275366,GotSelection
104.5875,24,2,3,0,0.7429991,0.9084013,0.2271886,339.3496,149.702,68.96877,0.7955388,0.8994808,0.220318,-0.3418136,0.3265118,0.2775751,SelectionStart
104.5876,24,2,3,0,0.7429991,0.9084013,0.2271886,339.3496,149.702,68.96877,0.7955388,0.8994808,0.220318,-0.3418136,0.3265118,0.2775751,SelectionEnd
104.5909,24,2,3,0,0.7429991,0.9084013,0.2271886,339.3496,149.702,68.96877,0.7955388,0.8994808,0.220318,-0.3418136,0.3265118,0.2775751,GotSelection
104.6011,24,2,3,0,0.7426047,0.9088265,0.2270426,339.3752,149.7969,68.91579,0.7954428,0.8975158,0.2183783,-0.3665937,0.3102984,0.2846469,SelectionStart
104.6012,24,2,3,0,0.7426047,0.9088265,0.2270426,339.3752,149.7969,68.91579,0.7954428,0.8975158,0.2183783,-0.3665937,0.3102984,0.2846469,SelectionEnd
104.6049,24,2,3,0,0.7426047,0.9088265,0.2270426,339.3752,149.7969,68.91579,0.7954428,0.8975158,0.2183783,-0.3665937,0.3102984,0.2846469,GotSelection
104.6153,24,2,3,0,0.7426459,0.9091226,0.226743,339.3901,149.8826,68.84253,0.7955811,0.8966764,0.217538,-0.3780526,0.3040555,0.2849704,SelectionStart
104.6154,24,2,3,0,0.7426459,0.9091226,0.226743,339.3901,149.8826,68.84253,0.7955811,0.8966764,0.217538,-0.3780526,0.3040555,0.2849704,SelectionEnd
104.6188,24,2,3,0,0.7426459,0.9091226,0.226743,339.3901,149.8826,68.84253,0.7955811,0.8966764,0.217538,-0.3780526,0.3040555,0.2849704,GotSelection
104.6291,24,2,3,0,0.7425611,0.9091501,0.2264935,339.3873,149.9859,68.75974,0.7961695,0.8965921,0.2174241,-0.3826211,0.3097079,0.2859418,SelectionStart
104.6291,24,2,3,0,0.7425611,0.9091501,0.2264935,339.3873,149.9859,68.75974,0.7961695,0.8965921,0.2174241,-0.3826211,0.3097079,0.2859418,SelectionEnd
104.6325,24,2,3,0,0.7425611,0.9091501,0.2264935,339.3873,149.9859,68.75974,0.7961695,0.8965921,0.2174241,-0.3826211,0.3097079,0.2859418,GotSelection
104.6425,24,2,3,0,0.7425336,0.9091433,0.2264134,339.3738,150.087,68.6982,0.7971822,0.8968712,0.2178842,-0.3849607,0.3220055,0.2866871,SelectionStart
104.6426,24,2,3,0,0.7425336,0.9091433,0.2264134,339.3738,150.087,68.6982,0.7971822,0.8968712,0.2178842,-0.3849607,0.3220055,0.2866871,SelectionEnd
104.6459,24,2,3,0,0.7425336,0.9091433,0.2264134,339.3738,150.087,68.6982,0.7971822,0.8968712,0.2178842,-0.3849607,0.3220055,0.2866871,GotSelection
104.6555,24,2,3,0,0.7427602,0.9091612,0.2261315,339.3953,150.1883,68.66034,0.7984028,0.8977022,0.2191456,-0.3810383,0.3418867,0.2809005,SelectionStart
104.6555,24,2,3,0,0.7427602,0.9091612,0.2261315,339.3953,150.1883,68.66034,0.7984028,0.8977022,0.2191456,-0.3810383,0.3418867,0.2809005,SelectionEnd
104.659,24,2,3,0,0.7427602,0.9091612,0.2261315,339.3953,150.1883,68.66034,0.7984028,0.8977022,0.2191456,-0.3810383,0.3418867,0.2809005,GotSelection
104.6686,24,2,3,0,0.7429793,0.9092212,0.2258708,339.427,150.2999,68.62914,0.7996646,0.8996519,0.2212861,-0.3667746,0.3710062,0.2719812,SelectionStart
104.6686,24,2,3,0,0.7429793,0.9092212,0.2258708,339.427,150.2999,68.62914,0.7996646,0.8996519,0.2212861,-0.3667746,0.3710062,0.2719812,SelectionEnd
104.6722,24,2,3,0,0.7429793,0.9092212,0.2258708,339.427,150.2999,68.62914,0.7996646,0.8996519,0.2212861,-0.3667746,0.3710062,0.2719812,GotSelection
104.6823,24,2,3,0,0.7430785,0.9091019,0.2257343,339.4457,150.41,68.5841,0.8010722,0.9016787,0.2240256,-0.3511698,0.4056593,0.261155,SelectionStart
104.6823,24,2,3,0,0.7430785,0.9091019,0.2257343,339.4457,150.41,68.5841,0.8010722,0.9016787,0.2240256,-0.3511698,0.4056593,0.261155,SelectionEnd
104.6856,24,2,3,0,0.7430785,0.9091019,0.2257343,339.4457,150.41,68.5841,0.8010722,0.9016787,0.2240256,-0.3511698,0.4056593,0.261155,GotSelection
104.6981,24,2,3,0,0.7433901,0.9090517,0.2255968,339.464,150.4843,68.58907,0.8027624,0.9040426,0.2280205,-0.3318488,0.4491359,0.2413705,SelectionStart
104.6981,24,2,3,0,0.7433901,0.9090517,0.2255968,339.464,150.4843,68.58907,0.8027624,0.9040426,0.2280205,-0.3318488,0.4491359,0.2413705,SelectionEnd
104.7016,24,2,3,0,0.7433901,0.9090517,0.2255968,339.464,150.4843,68.58907,0.8027624,0.9040426,0.2280205,-0.3318488,0.4491359,0.2413705,GotSelection
104.711,24,2,3,0,0.7428709,0.9092535,0.2262745,339.3358,150.3692,68.68253,0.803452,0.904617,0.23254,-0.3302037,0.4817412,0.217228,SelectionStart
104.711,24,2,3,0,0.7428709,0.9092535,0.2262745,339.3358,150.3692,68.68253,0.803452,0.904617,0.23254,-0.3302037,0.4817412,0.217228,SelectionEnd
104.7143,24,2,3,0,0.7428709,0.9092535,0.2262745,339.3358,150.3692,68.68253,0.803452,0.904617,0.23254,-0.3302037,0.4817412,0.217228,GotSelection
104.7555,24,2,3,0,0.7433146,0.9093281,0.2268507,339.3162,150.3986,68.83141,0.8053495,0.9075433,0.2393472,-0.3037932,0.539978,0.1823302,SelectionStart
104.7556,24,2,3,0,0.7433146,0.9093281,0.2268507,339.3162,150.3986,68.83141,0.8053495,0.9075433,0.2393472,-0.3037932,0.539978,0.1823302,SelectionEnd
104.7591,24,2,3,0,0.7433146,0.9093281,0.2268507,339.3162,150.3986,68.83141,0.8053495,0.9075433,0.2393472,-0.3037932,0.539978,0.1823302,GotSelection
104.7685,24,2,3,0,0.7449456,0.909789,0.2255962,339.6812,150.2027,69.09858,0.8068613,0.9128347,0.2478696,-0.2464769,0.613498,0.1202301,SelectionStart
104.7686,24,2,3,0,0.7449456,0.909789,0.2255962,339.6812,150.2027,69.09858,0.8068613,0.9128347,0.2478696,-0.2464769,0.613498,0.1202301,SelectionEnd
104.7718,24,2,3,0,0.7449456,0.909789,0.2255962,339.6812,150.2027,69.09858,0.8068613,0.9128347,0.2478696,-0.2464769,0.613498,0.1202301,GotSelection
104.7826,24,2,3,0,0.745332,0.9093819,0.2254149,339.6861,150.178,69.09782,0.8072882,0.9144935,0.25078,-0.2250026,0.638821,0.1023461,SelectionStart
104.7826,24,2,3,0,0.745332,0.9093819,0.2254149,339.6861,150.178,69.09782,0.8072882,0.9144935,0.25078,-0.2250026,0.638821,0.1023461,SelectionEnd
104.7861,24,2,3,0,0.745332,0.9093819,0.2254149,339.6861,150.178,69.09782,0.8072882,0.9144935,0.25078,-0.2250026,0.638821,0.1023461,GotSelection
104.7976,24,2,3,0,0.7438729,0.9091049,0.2258853,339.5602,150.1756,68.98993,0.8073536,0.9165064,0.2544038,-0.2099855,0.6762136,0.09166472,SelectionStart
104.7976,24,2,3,0,0.7438729,0.9091049,0.2258853,339.5602,150.1756,68.98993,0.8073536,0.9165064,0.2544038,-0.2099855,0.6762136,0.09166472,SelectionEnd
104.801,24,2,3,0,0.7438729,0.9091049,0.2258853,339.5602,150.1756,68.98993,0.8073536,0.9165064,0.2544038,-0.2099855,0.6762136,0.09166472,GotSelection
104.8106,24,2,3,0,0.7432841,0.9091168,0.2257529,339.5599,150.2303,68.88376,0.8072601,0.9180109,0.2583413,-0.195815,0.708653,0.06492979,SelectionStart
104.8106,24,2,3,0,0.7432841,0.9091168,0.2257529,339.5599,150.2303,68.88376,0.8072601,0.9180109,0.2583413,-0.195815,0.708653,0.06492979,SelectionEnd
104.8141,24,2,3,0,0.7432841,0.9091168,0.2257529,339.5599,150.2303,68.88376,0.8072601,0.9180109,0.2583413,-0.195815,0.708653,0.06492979,GotSelection
104.8235,24,2,3,0,0.7441624,0.9089843,0.2251545,339.6146,150.26,68.83395,0.8069932,0.9192141,0.2609185,-0.175464,0.7229752,0.03744966,SelectionStart
104.8235,24,2,3,0,0.7441624,0.9089843,0.2251545,339.6146,150.26,68.83395,0.8069932,0.9192141,0.2609185,-0.175464,0.7229752,0.03744966,SelectionEnd
104.8267,24,2,3,0,0.7441624,0.9089843,0.2251545,339.6146,150.26,68.83395,0.8069932,0.9192141,0.2609185,-0.175464,0.7229752,0.03744966,GotSelection
104.8387,24,2,3,0,0.7444493,0.9090931,0.2249637,339.6623,150.2653,68.81271,0.806936,0.9206122,0.2643882,-0.1587015,0.7461075,0.009839699,SelectionStart
104.8388,24,2,3,0,0.7444493,0.9090931,0.2249637,339.6623,150.2653,68.81271,0.806936,0.9206122,0.2643882,-0.1587015,0.7461075,0.009839699,SelectionEnd
104.8425,24,2,3,0,0.7444493,0.9090931,0.2249637,339.6623,150.2653,68.81271,0.806936,0.9206122,0.2643882,-0.1587015,0.7461075,0.009839699,GotSelection
104.8532,24,2,3,0,0.7442549,0.9092201,0.2252197,339.6105,150.1946,68.8551,0.8066563,0.9217659,0.2665391,-0.1469207,0.7601038,-0.00165937,SelectionStart
104.8533,24,2,3,0,0.7442549,0.9092201,0.2252197,339.6105,150.1946,68.8551,0.8066563,0.9217659,0.2665391,-0.1469207,0.7601038,-0.00165937,SelectionEnd
104.8568,24,2,3,0,0.7442549,0.9092201,0.2252197,339.6105,150.1946,68.8551,0.8066563,0.9217659,0.2665391,-0.1469207,0.7601038,-0.00165937,GotSelection
104.8667,24,2,3,0,0.7445034,0.9089736,0.2257742,339.6057,150.1426,68.95591,0.8063319,0.9232813,0.2691553,-0.1251597,0.7740543,-0.01456158,SelectionStart
104.8667,24,2,3,0,0.7445034,0.9089736,0.2257742,339.6057,150.1426,68.95591,0.8063319,0.9232813,0.2691553,-0.1251597,0.7740543,-0.01456158,SelectionEnd
104.8699,24,2,3,0,0.7445034,0.9089736,0.2257742,339.6057,150.1426,68.95591,0.8063319,0.9232813,0.2691553,-0.1251597,0.7740543,-0.01456158,GotSelection
104.8807,24,2,3,0,0.7444323,0.9091237,0.2259677,339.5241,150.1866,68.97542,0.8060895,0.9247003,0.2717716,-0.1099239,0.7913347,-0.03125972,SelectionStart
104.8807,24,2,3,0,0.7444323,0.9091237,0.2259677,339.5241,150.1866,68.97542,0.8060895,0.9247003,0.2717716,-0.1099239,0.7913347,-0.03125972,SelectionEnd
104.8839,24,2,3,0,0.7444323,0.9091237,0.2259677,339.5241,150.1866,68.97542,0.8060895,0.9247003,0.2717716,-0.1099239,0.7913347,-0.03125972,GotSelection
104.8939,24,2,3,0,0.7446719,0.9091311,0.2259891,339.5316,150.1854,69.03603,0.8056586,0.925488,0.2731777,-0.09740826,0.7970939,-0.04315313,SelectionStart
104.8939,24,2,3,0,0.7446719,0.9091311,0.2259891,339.5316,150.1854,69.03603,0.8056586,0.925488,0.2731777,-0.09740826,0.7970939,-0.04315313,SelectionEnd
104.8972,24,2,3,0,0.7446719,0.9091311,0.2259891,339.5316,150.1854,69.03603,0.8056586,0.925488,0.2731777,-0.09740826,0.7970939,-0.04315313,GotSelection
104.9405,24,2,3,0,0.7447045,0.9088929,0.2261882,339.5681,150.2089,69.09016,0.8046355,0.9269917,0.2765706,-0.07248069,0.8136978,-0.06888656,SelectionStart
104.9405,24,2,3,0,0.7447045,0.9088929,0.2261882,339.5681,150.2089,69.09016,0.8046355,0.9269917,0.2765706,-0.07248069,0.8136978,-0.06888656,SelectionEnd
104.9438,24,2,3,0,0.7447045,0.9088929,0.2261882,339.5681,150.2089,69.09016,0.8046355,0.9269917,0.2765706,-0.07248069,0.8136978,-0.06888656,GotSelection
104.953,24,2,3,0,0.7452836,0.9087318,0.2257217,339.6541,150.1794,69.15346,0.8040937,0.9287193,0.2783261,-0.04719632,0.8245884,-0.08591245,SelectionStart
104.9531,24,2,3,0,0.7452836,0.9087318,0.2257217,339.6541,150.1794,69.15346,0.8040937,0.9287193,0.2783261,-0.04719632,0.8245884,-0.08591245,SelectionEnd
104.9564,24,2,3,0,0.7452836,0.9087318,0.2257217,339.6541,150.1794,69.15346,0.8040937,0.9287193,0.2783261,-0.04719632,0.8245884,-0.08591245,GotSelection
104.9666,24,2,3,0,0.7454098,0.9088642,0.2253905,339.7236,150.1528,69.17661,0.8039845,0.9293297,0.278414,-0.04125858,0.8268691,-0.08878152,SelectionStart
104.9666,24,2,3,0,0.7454098,0.9088642,0.2253905,339.7236,150.1528,69.17661,0.8039845,0.9293297,0.278414,-0.04125858,0.8268691,-0.08878152,SelectionEnd
104.9701,24,2,3,0,0.7454098,0.9088642,0.2253905,339.7236,150.1528,69.17661,0.8039845,0.9293297,0.278414,-0.04125858,0.8268691,-0.08878152,GotSelection
104.9814,24,2,3,0,0.7450768,0.9088551,0.22544,339.7259,150.1541,69.14732,0.8039273,0.9297799,0.277775,-0.03962103,0.8265002,-0.08015608,SelectionStart
104.9814,24,2,3,0,0.7450768,0.9088551,0.22544,339.7259,150.1541,69.14732,0.8039273,0.9297799,0.277775,-0.03962103,0.8265002,-0.08015608,SelectionEnd
104.9848,24,2,3,0,0.7450768,0.9088551,0.22544,339.7259,150.1541,69.14732,0.8039273,0.9297799,0.277775,-0.03962103,0.8265002,-0.08015608,GotSelection
104.9959,24,2,3,0,0.7448907,0.9088814,0.2253671,339.7113,150.1595,69.08324,0.8038562,0.9297301,0.2770843,-0.0423814,0.8234689,-0.07475512,SelectionStart
104.9959,24,2,3,0,0.7448907,0.9088814,0.2253671,339.7113,150.1595,69.08324,0.8038562,0.9297301,0.2770843,-0.0423814,0.8234689,-0.07475512,SelectionEnd
104.9999,24,2,3,0,0.7448907,0.9088814,0.2253671,339.7113,150.1595,69.08324,0.8038562,0.9297301,0.2770843,-0.0423814,0.8234689,-0.07475512,GotSelection
105.0097,24,2,3,0,0.7443983,0.9088598,0.2252846,339.6787,150.1507,69.00224,0.8036934,0.9293565,0.275655,-0.04969765,0.8168724,-0.06299914,SelectionStart
105.0098,24,2,3,0,0.7443983,0.9088598,0.2252846,339.6787,150.1507,69.00224,0.8036934,0.9293565,0.275655,-0.04969765,0.8168724,-0.06299914,SelectionEnd
105.013,24,2,3,0,0.7443983,0.9088598,0.2252846,339.6787,150.1507,69.00224,0.8036934,0.9293565,0.275655,-0.04969765,0.8168724,-0.06299914,GotSelection
105.0227,24,2,3,0,0.744161,0.909065,0.2253268,339.6721,150.0932,68.98203,0.8037722,0.928712,0.2740507,-0.06111372,0.8067558,-0.05008675,SelectionStart
105.0228,24,2,3,0,0.744161,0.909065,0.2253268,339.6721,150.0932,68.98203,0.8037722,0.928712,0.2740507,-0.06111372,0.8067558,-0.05008675,SelectionEnd
105.026,24,2,3,0,0.744161,0.909065,0.2253268,339.6721,150.0932,68.98203,0.8037722,0.928712,0.2740507,-0.06111372,0.8067558,-0.05008675,GotSelection
105.0357,24,2,3,0,0.7440183,0.9092415,0.2252401,339.698,150.0363,68.98045,0.8038683,0.9278607,0.2722383,-0.07356884,0.7949538,-0.03766112,SelectionStart
105.0357,24,2,3,0,0.7440183,0.9092415,0.2252401,339.698,150.0363,68.98045,0.8038683,0.9278607,0.2722383,-0.07356884,0.7949538,-0.03766112,SelectionEnd
105.0389,24,2,3,0,0.7440183,0.9092415,0.2252401,339.698,150.0363,68.98045,0.8038683,0.9278607,0.2722383,-0.07356884,0.7949538,-0.03766112,GotSelection
105.0487,24,2,3,0,0.7438613,0.9094257,0.2251495,339.7324,149.9398,68.98992,0.8038538,0.9264277,0.2696847,-0.09159806,0.7760544,-0.02120834,SelectionStart
105.0487,24,2,3,0,0.7438613,0.9094257,0.2251495,339.7324,149.9398,68.98992,0.8038538,0.9264277,0.2696847,-0.09159806,0.7760544,-0.02120834,SelectionEnd
105.0521,24,2,3,0,0.7438613,0.9094257,0.2251495,339.7324,149.9398,68.98992,0.8038538,0.9264277,0.2696847,-0.09159806,0.7760544,-0.02120834,GotSelection
105.0643,24,2,3,0,0.7436533,0.909638,0.2251223,339.7576,149.8975,68.95849,0.8038704,0.9244918,0.2664537,-0.1157554,0.7515024,-0.0007425399,SelectionStart
105.0643,24,2,3,0,0.7436533,0.909638,0.2251223,339.7576,149.8975,68.95849,0.8038704,0.9244918,0.2664537,-0.1157554,0.7515024,-0.0007425399,SelectionEnd
105.0675,24,2,3,0,0.7436533,0.909638,0.2251223,339.7576,149.8975,68.95849,0.8038704,0.9244918,0.2664537,-0.1157554,0.7515024,-0.0007425399,GotSelection
105.0783,24,2,3,0,0.7434671,0.9097441,0.2251868,339.7899,149.8627,68.96145,0.8037808,0.922792,0.2637234,-0.1352885,0.7295923,0.01682865,SelectionStart
105.0783,24,2,3,0,0.7434671,0.9097441,0.2251868,339.7899,149.8627,68.96145,0.8037808,0.922792,0.2637234,-0.1352885,0.7295923,0.01682865,SelectionEnd
105.0817,24,2,3,0,0.7434671,0.9097441,0.2251868,339.7899,149.8627,68.96145,0.8037808,0.922792,0.2637234,-0.1352885,0.7295923,0.01682865,GotSelection
105.1133,24,2,3,0,0.7436879,0.9098809,0.2255341,339.803,149.6371,69.13556,0.8028419,0.9176716,0.2551593,-0.184445,0.6504398,0.06898507,SelectionStart
105.1133,24,2,3,0,0.7436879,0.9098809,0.2255341,339.803,149.6371,69.13556,0.8028419,0.9176716,0.2551593,-0.184445,0.6504398,0.06898507,SelectionEnd
105.1193,24,2,3,0,0.7436879,0.9098809,0.2255341,339.803,149.6371,69.13556,0.8028419,0.9176716,0.2551593,-0.184445,0.6504398,0.06898507,GotSelection
105.1518,24,2,3,0,0.7449661,0.9094961,0.2268783,339.7254,148.9745,69.6853,0.800885,0.9103087,0.2432546,-0.2413508,0.5237598,0.1443926,SelectionStart
105.1519,24,2,3,0,0.7449661,0.9094961,0.2268783,339.7254,148.9745,69.6853,0.800885,0.9103087,0.2432546,-0.2413508,0.5237598,0.1443926,SelectionEnd
105.1552,24,2,3,0,0.7449661,0.9094961,0.2268783,339.7254,148.9745,69.6853,0.800885,0.9103087,0.2432546,-0.2413508,0.5237598,0.1443926,GotSelection
105.1661,24,2,3,0,0.7454103,0.9096448,0.2274025,339.703,148.9078,69.85848,0.8006933,0.9086493,0.2405149,-0.256581,0.4938998,0.1622064,SelectionStart
105.1662,24,2,3,0,0.7454103,0.9096448,0.2274025,339.703,148.9078,69.85848,0.8006933,0.9086493,0.2405149,-0.256581,0.4938998,0.1622064,SelectionEnd
105.1695,24,2,3,0,0.7454103,0.9096448,0.2274025,339.703,148.9078,69.85848,0.8006933,0.9086493,0.2405149,-0.256581,0.4938998,0.1622064,GotSelection
105.1798,24,2,3,0,0.7457318,0.9090108,0.228314,339.557,148.8336,70.01986,0.8005136,0.9065515,0.2371168,-0.271094,0.4597272,0.1902501,SelectionStart
105.1798,24,2,3,0,0.7457318,0.9090108,0.228314,339.557,148.8336,70.01986,0.8005136,0.9065515,0.2371168,-0.271094,0.4597272,0.1902501,SelectionEnd
105.1833,24,2,3,0,0.7457318,0.9090108,0.228314,339.557,148.8336,70.01986,0.8005136,0.9065515,0.2371168,-0.271094,0.4597272,0.1902501,GotSelection
105.1927,24,2,3,0,0.7458746,0.9088452,0.2285532,339.497,148.8065,70.09317,0.800484,0.905129,0.2348099,-0.2839587,0.4391874,0.2058479,SelectionStart
105.1927,24,2,3,0,0.7458746,0.9088452,0.2285532,339.497,148.8065,70.09317,0.800484,0.905129,0.2348099,-0.2839587,0.4391874,0.2058479,SelectionEnd
105.196,24,2,3,0,0.7458746,0.9088452,0.2285532,339.497,148.8065,70.09317,0.800484,0.905129,0.2348099,-0.2839587,0.4391874,0.2058479,GotSelection
105.2056,24,2,3,0,0.746164,0.9088198,0.2284747,339.4823,148.7382,70.13574,0.8003398,0.9031622,0.2318391,-0.302303,0.4120545,0.2209183,SelectionStart
105.2057,24,2,3,0,0.746164,0.9088198,0.2284747,339.4823,148.7382,70.13574,0.8003398,0.9031622,0.2318391,-0.302303,0.4120545,0.2209183,SelectionEnd
105.2091,24,2,3,0,0.746164,0.9088198,0.2284747,339.4823,148.7382,70.13574,0.8003398,0.9031622,0.2318391,-0.302303,0.4120545,0.2209183,GotSelection
105.2201,24,2,3,0,0.7465905,0.9092292,0.2289622,339.4651,148.7514,70.17497,0.8006571,0.9017827,0.2295349,-0.3206531,0.3888894,0.2366266,SelectionStart
105.2201,24,2,3,0,0.7465905,0.9092292,0.2289622,339.4651,148.7514,70.17497,0.8006571,0.9017827,0.2295349,-0.3206531,0.3888894,0.2366266,SelectionEnd
105.2236,24,2,3,0,0.7465905,0.9092292,0.2289622,339.4651,148.7514,70.17497,0.8006571,0.9017827,0.2295349,-0.3206531,0.3888894,0.2366266,GotSelection
105.2353,24,2,3,0,0.7465487,0.9094214,0.2286031,339.4935,148.7845,70.09556,0.8004888,0.8997871,0.2266905,-0.3427768,0.3656527,0.2483186,SelectionStart
105.2353,24,2,3,0,0.7465487,0.9094214,0.2286031,339.4935,148.7845,70.09556,0.8004888,0.8997871,0.2266905,-0.3427768,0.3656527,0.2483186,SelectionEnd
105.2386,24,2,3,0,0.7465487,0.9094214,0.2286031,339.4935,148.7845,70.09556,0.8004888,0.8997871,0.2266905,-0.3427768,0.3656527,0.2483186,GotSelection
105.2487,24,2,3,0,0.746509,0.9097067,0.2281285,339.5521,148.8204,69.99897,0.800067,0.8975547,0.2240485,-0.3662304,0.3412321,0.2551105,SelectionStart
105.2487,24,2,3,0,0.746509,0.9097067,0.2281285,339.5521,148.8204,69.99897,0.800067,0.8975547,0.2240485,-0.3662304,0.3412321,0.2551105,SelectionEnd
105.252,24,2,3,0,0.746509,0.9097067,0.2281285,339.5521,148.8204,69.99897,0.800067,0.8975547,0.2240485,-0.3662304,0.3412321,0.2551105,GotSelection
105.2627,24,2,3,0,0.7464357,0.9100325,0.2278377,339.6209,148.8391,69.94623,0.7995307,0.8958052,0.222219,-0.3843113,0.3215694,0.2581762,SelectionStart
105.2628,24,2,3,0,0.7464357,0.9100325,0.2278377,339.6209,148.8391,69.94623,0.7995307,0.8958052,0.222219,-0.3843113,0.3215694,0.2581762,SelectionEnd
105.2661,24,2,3,0,0.7464357,0.9100325,0.2278377,339.6209,148.8391,69.94623,0.7995307,0.8958052,0.222219,-0.3843113,0.3215694,0.2581762,GotSelection
105.2761,24,2,3,0,0.7462141,0.9100027,0.2268913,339.6985,148.8406,69.88126,0.7982067,0.8933144,0.2200021,-0.4025577,0.2971999,0.2547387,SelectionStart
105.2761,24,2,3,0,0.7462141,0.9100027,0.2268913,339.6985,148.8406,69.88126,0.7982067,0.8933144,0.2200021,-0.4025577,0.2971999,0.2547387,SelectionEnd
105.2796,24,2,3,0,0.7462141,0.9100027,0.2268913,339.6985,148.8406,69.88126,0.7982067,0.8933144,0.2200021,-0.4025577,0.2971999,0.2547387,GotSelection
105.322,24,2,3,0,0.7461021,0.9101523,0.2266421,339.7223,148.7883,69.87063,0.79661,0.8894415,0.2163949,-0.4350855,0.2521932,0.2611094,SelectionStart
105.3221,24,2,3,0,0.7461021,0.9101523,0.2266421,339.7223,148.7883,69.87063,0.79661,0.8894415,0.2163949,-0.4350855,0.2521932,0.2611094,SelectionEnd
105.3255,24,2,3,0,0.7461021,0.9101523,0.2266421,339.7223,148.7883,69.87063,0.79661,0.8894415,0.2163949,-0.4350855,0.2521932,0.2611094,GotSelection
105.3356,24,2,3,0,0.7464373,0.9100742,0.2272189,339.6888,148.563,70.08548,0.7930384,0.8839543,0.2111202,-0.4706043,0.1698325,0.2714603,SelectionStart
105.3357,24,2,3,0,0.7464373,0.9100742,0.2272189,339.6888,148.563,70.08548,0.7930384,0.8839543,0.2111202,-0.4706043,0.1698325,0.2714603,SelectionEnd
105.339,24,2,3,0,0.7464373,0.9100742,0.2272189,339.6888,148.563,70.08548,0.7930384,0.8839543,0.2111202,-0.4706043,0.1698325,0.2714603,GotSelection
105.3485,24,2,3,0,0.7467856,0.9100358,0.2274854,339.6872,148.463,70.21658,0.7917597,0.8819982,0.209424,-0.4818456,0.1398416,0.273044,SelectionStart
105.3485,24,2,3,0,0.7467856,0.9100358,0.2274854,339.6872,148.463,70.21658,0.7917597,0.8819982,0.209424,-0.4818456,0.1398416,0.273044,SelectionEnd
105.3523,24,2,3,0,0.7467856,0.9100358,0.2274854,339.6872,148.463,70.21658,0.7917597,0.8819982,0.209424,-0.4818456,0.1398416,0.273044,GotSelection
105.3632,24,2,3,0,0.7472766,0.9098984,0.2277836,339.6907,148.3571,70.35663,0.7899287,0.8794031,0.2071547,-0.4953917,0.09927814,0.2741336,SelectionStart
105.3632,24,2,3,0,0.7472766,0.9098984,0.2277836,339.6907,148.3571,70.35663,0.7899287,0.8794031,0.2071547,-0.4953917,0.09927814,0.2741336,SelectionEnd
105.3668,24,2,3,0,0.7472766,0.9098984,0.2277836,339.6907,148.3571,70.35663,0.7899287,0.8794031,0.2071547,-0.4953917,0.09927814,0.2741336,GotSelection
105.3767,24,2,3,0,0.7476776,0.9098543,0.2279922,339.7043,148.2618,70.47542,0.7880828,0.8767705,0.2050326,-0.5103546,0.06025074,0.2731398,SelectionStart
105.3767,24,2,3,0,0.7476776,0.9098543,0.2279922,339.7043,148.2618,70.47542,0.7880828,0.8767705,0.2050326,-0.5103546,0.06025074,0.2731398,SelectionEnd
105.3802,24,2,3,0,0.7476776,0.9098543,0.2279922,339.7043,148.2618,70.47542,0.7880828,0.8767705,0.2050326,-0.5103546,0.06025074,0.2731398,GotSelection
105.3906,24,2,3,0,0.7479048,0.9098618,0.2279948,339.7323,148.195,70.55048,0.7866021,0.8747767,0.2034587,-0.5218462,0.03162559,0.2707473,SelectionStart
105.3906,24,2,3,0,0.7479048,0.9098618,0.2279948,339.7323,148.195,70.55048,0.7866021,0.8747767,0.2034587,-0.5218462,0.03162559,0.2707473,SelectionEnd
105.394,24,2,3,0,0.7479048,0.9098618,0.2279948,339.7323,148.195,70.55048,0.7866021,0.8747767,0.2034587,-0.5218462,0.03162559,0.2707473,GotSelection
105.4047,24,2,3,0,0.7479921,0.9099684,0.2279388,339.7541,148.1675,70.58833,0.784773,0.8721798,0.2016557,-0.5390298,-0.001885119,0.2660096,SelectionStart
105.4047,24,2,3,0,0.7479921,0.9099684,0.2279388,339.7541,148.1675,70.58833,0.784773,0.8721798,0.2016557,-0.5390298,-0.001885119,0.2660096,SelectionEnd
105.4081,24,2,3,0,0.7479921,0.9099684,0.2279388,339.7541,148.1675,70.58833,0.784773,0.8721798,0.2016557,-0.5390298,-0.001885119,0.2660096,GotSelection
105.4186,24,2,3,0,0.7479471,0.9101889,0.2278226,339.7782,148.1266,70.62227,0.7836751,0.8704721,0.2004151,-0.5525706,-0.02274077,0.2633626,SelectionStart
105.4186,24,2,3,0,0.7479471,0.9101889,0.2278226,339.7782,148.1266,70.62227,0.7836751,0.8704721,0.2004151,-0.5525706,-0.02274077,0.2633626,SelectionEnd
105.4218,24,2,3,0,0.7479471,0.9101889,0.2278226,339.7782,148.1266,70.62227,0.7836751,0.8704721,0.2004151,-0.5525706,-0.02274077,0.2633626,GotSelection
105.4321,24,2,3,0,0.7480475,0.9103632,0.227741,339.8313,148.105,70.63587,0.7822809,0.8686733,0.1994883,-0.5640945,-0.0453798,0.2562773,SelectionStart
105.4321,24,2,3,0,0.7480475,0.9103632,0.227741,339.8313,148.105,70.63587,0.7822809,0.8686733,0.1994883,-0.5640945,-0.0453798,0.2562773,SelectionEnd
105.4355,24,2,3,0,0.7480475,0.9103632,0.227741,339.8313,148.105,70.63587,0.7822809,0.8686733,0.1994883,-0.5640945,-0.0453798,0.2562773,GotSelection
105.4469,24,2,3,0,0.7480989,0.9105252,0.2275259,339.8935,148.0964,70.62018,0.7816576,0.8677367,0.1991811,-0.5707089,-0.05465478,0.2503729,SelectionStart
105.4469,24,2,3,0,0.7480989,0.9105252,0.2275259,339.8935,148.0964,70.62018,0.7816576,0.8677367,0.1991811,-0.5707089,-0.05465478,0.2503729,SelectionEnd
105.4501,24,2,3,0,0.7480989,0.9105252,0.2275259,339.8935,148.0964,70.62018,0.7816576,0.8677367,0.1991811,-0.5707089,-0.05465478,0.2503729,GotSelection
105.4611,24,2,3,0,0.7481377,0.9107721,0.2272028,339.9741,148.0816,70.60709,0.7808929,0.8667815,0.1990514,-0.5773017,-0.06349792,0.2413437,SelectionStart
105.4611,24,2,3,0,0.7481377,0.9107721,0.2272028,339.9741,148.0816,70.60709,0.7808929,0.8667815,0.1990514,-0.5773017,-0.06349792,0.2413437,SelectionEnd
105.4645,24,2,3,0,0.7481377,0.9107721,0.2272028,339.9741,148.0816,70.60709,0.7808929,0.8667815,0.1990514,-0.5773017,-0.06349792,0.2413437,GotSelection
105.5093,24,2,3,0,0.7483985,0.9114922,0.2270143,340.1206,148.0239,70.6697,0.7811583,0.8663803,0.200957,-0.584793,-0.05388756,0.2220054,SelectionStart
105.5094,24,2,3,0,0.7483985,0.9114922,0.2270143,340.1206,148.0239,70.6697,0.7811583,0.8663803,0.200957,-0.584793,-0.05388756,0.2220054,SelectionEnd
105.5126,24,2,3,0,0.7483985,0.9114922,0.2270143,340.1206,148.0239,70.6697,0.7811583,0.8663803,0.200957,-0.584793,-0.05388756,0.2220054,GotSelection
105.5228,24,2,3,0,0.7484505,0.9122066,0.2265908,340.2682,147.9081,70.72675,0.7851456,0.8688605,0.2073954,-0.5795212,0.02312852,0.1940771,SelectionStart
105.5228,24,2,3,0,0.7484505,0.9122066,0.2265908,340.2682,147.9081,70.72675,0.7851456,0.8688605,0.2073954,-0.5795212,0.02312852,0.1940771,SelectionEnd
105.5261,24,2,3,0,0.7484505,0.9122066,0.2265908,340.2682,147.9081,70.72675,0.7851456,0.8688605,0.2073954,-0.5795212,0.02312852,0.1940771,GotSelection
105.5366,24,2,3,0,0.7484016,0.9122121,0.2265739,340.3056,147.8636,70.75925,0.786719,0.8700267,0.2100003,-0.5737211,0.05508802,0.18554,SelectionStart
105.5367,24,2,3,0,0.7484016,0.9122121,0.2265739,340.3056,147.8636,70.75925,0.786719,0.8700267,0.2100003,-0.5737211,0.05508802,0.18554,SelectionEnd
105.5401,24,2,3,0,0.7484016,0.9122121,0.2265739,340.3056,147.8636,70.75925,0.786719,0.8700267,0.2100003,-0.5737211,0.05508802,0.18554,GotSelection
105.5523,24,2,3,0,0.7483712,0.9122502,0.2265892,340.3276,147.8626,70.74179,0.7896359,0.8724486,0.2145456,-0.5612045,0.1122977,0.1721434,SelectionStart
105.5523,24,2,3,0,0.7483712,0.9122502,0.2265892,340.3276,147.8626,70.74179,0.7896359,0.8724486,0.2145456,-0.5612045,0.1122977,0.1721434,SelectionEnd
105.5558,24,2,3,0,0.7483712,0.9122502,0.2265892,340.3276,147.8626,70.74179,0.7896359,0.8724486,0.2145456,-0.5612045,0.1122977,0.1721434,GotSelection
105.5656,24,2,3,0,0.7483299,0.9123185,0.2265006,340.3315,147.8866,70.72038,0.7927704,0.8747953,0.2192159,-0.5505713,0.1723814,0.1573812,SelectionStart
105.5656,24,2,3,0,0.7483299,0.9123185,0.2265006,340.3315,147.8866,70.72038,0.7927704,0.8747953,0.2192159,-0.5505713,0.1723814,0.1573812,SelectionEnd
105.5689,24,2,3,0,0.7483299,0.9123185,0.2265006,340.3315,147.8866,70.72038,0.7927704,0.8747953,0.2192159,-0.5505713,0.1723814,0.1573812,GotSelection
105.5806,24,2,3,0,0.7481227,0.9122691,0.2265394,340.2909,147.9091,70.71807,0.7957472,0.8769041,0.2240337,-0.541101,0.232398,0.1417112,SelectionStart
105.5806,24,2,3,0,0.7481227,0.9122691,0.2265394,340.2909,147.9091,70.71807,0.7957472,0.8769041,0.2240337,-0.541101,0.232398,0.1417112,SelectionEnd
105.5839,24,2,3,0,0.7481227,0.9122691,0.2265394,340.2909,147.9091,70.71807,0.7957472,0.8769041,0.2240337,-0.541101,0.232398,0.1417112,GotSelection
105.594,24,2,3,0,0.7481866,0.9121057,0.2266542,340.2897,147.9183,70.72409,0.7979083,0.8781577,0.2273536,-0.5347426,0.2723202,0.1311347,SelectionStart
105.594,24,2,3,0,0.7481866,0.9121057,0.2266542,340.2897,147.9183,70.72409,0.7979083,0.8781577,0.2273536,-0.5347426,0.2723202,0.1311347,SelectionEnd
105.5972,24,2,3,0,0.7481866,0.9121057,0.2266542,340.2897,147.9183,70.72409,0.7979083,0.8781577,0.2273536,-0.5347426,0.2723202,0.1311347,GotSelection
105.607,24,2,3,0,0.7483612,0.912215,0.2265431,340.3217,147.9149,70.77612,0.8001271,0.8791999,0.2309113,-0.5317709,0.3135081,0.1151665,SelectionStart
105.607,24,2,3,0,0.7483612,0.912215,0.2265431,340.3217,147.9149,70.77612,0.8001271,0.8791999,0.2309113,-0.5317709,0.3135081,0.1151665,SelectionEnd
105.6104,24,2,3,0,0.7483612,0.912215,0.2265431,340.3217,147.9149,70.77612,0.8001271,0.8791999,0.2309113,-0.5317709,0.3135081,0.1151665,GotSelection
105.6221,24,2,3,0,0.7486381,0.9122185,0.2265555,340.3427,147.9172,70.82924,0.803047,0.8801714,0.2354735,-0.530304,0.3647074,0.09506787,SelectionStart
105.6221,24,2,3,0,0.7486381,0.9122185,0.2265555,340.3427,147.9172,70.82924,0.803047,0.8801714,0.2354735,-0.530304,0.3647074,0.09506787,SelectionEnd
105.6254,24,2,3,0,0.7486381,0.9122185,0.2265555,340.3427,147.9172,70.82924,0.803047,0.8801714,0.2354735,-0.530304,0.3647074,0.09506787,GotSelection
105.6361,24,2,3,0,0.7490081,0.9123532,0.2265564,340.3742,147.9117,70.90508,0.8058742,0.8810412,0.2400665,-0.5298235,0.4141961,0.07300192,SelectionStart
105.6361,24,2,3,0,0.7490081,0.9123532,0.2265564,340.3742,147.9117,70.90508,0.8058742,0.8810412,0.2400665,-0.5298235,0.4141961,0.07300192,SelectionEnd
105.6394,24,2,3,0,0.7490081,0.9123532,0.2265564,340.3742,147.9117,70.90508,0.8058742,0.8810412,0.2400665,-0.5298235,0.4141961,0.07300192,GotSelection
105.6488,24,2,3,0,0.7492206,0.912472,0.2265058,340.4065,147.9097,70.94017,0.8077195,0.8812135,0.2432221,-0.5333526,0.4465224,0.05563869,SelectionStart
105.6488,24,2,3,0,0.7492206,0.912472,0.2265058,340.4065,147.9097,70.94017,0.8077195,0.8812135,0.2432221,-0.5333526,0.4465224,0.05563869,SelectionEnd
105.6521,24,2,3,0,0.7492206,0.912472,0.2265058,340.4065,147.9097,70.94017,0.8077195,0.8812135,0.2432221,-0.5333526,0.4465224,0.05563869,GotSelection
105.6951,24,2,3,0,0.7494977,0.9125119,0.2263498,340.4991,147.8893,70.99006,0.8104485,0.880523,0.248057,-0.5458701,0.4935111,0.02580982,SelectionStart
105.6951,24,2,3,0,0.7494977,0.9125119,0.2263498,340.4991,147.8893,70.99006,0.8104485,0.880523,0.248057,-0.5458701,0.4935111,0.02580982,SelectionEnd
105.6983,24,2,3,0,0.7494977,0.9125119,0.2263498,340.4991,147.8893,70.99006,0.8104485,0.880523,0.248057,-0.5458701,0.4935111,0.02580982,GotSelection
105.708,24,2,3,0,0.7497708,0.9131249,0.2256922,340.6925,147.8721,70.92519,0.8126425,0.8775718,0.2523632,-0.582903,0.5262918,-0.01546731,SelectionStart
105.7081,24,2,3,0,0.7497708,0.9131249,0.2256922,340.6925,147.8721,70.92519,0.8126425,0.8775718,0.2523632,-0.582903,0.5262918,-0.01546731,SelectionEnd
105.7115,24,2,3,0,0.7497708,0.9131249,0.2256922,340.6925,147.8721,70.92519,0.8126425,0.8775718,0.2523632,-0.582903,0.5262918,-0.01546731,GotSelection
105.7231,24,2,3,0,0.7497232,0.9133556,0.2254637,340.7667,147.8616,70.87686,0.8123322,0.8757285,0.2522558,-0.6009745,0.5179588,-0.02416223,SelectionStart
105.7232,24,2,3,0,0.7497232,0.9133556,0.2254637,340.7667,147.8616,70.87686,0.8123322,0.8757285,0.2522558,-0.6009745,0.5179588,-0.02416223,SelectionEnd
105.7266,24,2,3,0,0.7497232,0.9133556,0.2254637,340.7667,147.8616,70.87686,0.8123322,0.8757285,0.2522558,-0.6009745,0.5179588,-0.02416223,GotSelection
105.7363,24,2,3,0,0.7495649,0.9133603,0.2254611,340.8027,147.7996,70.85778,0.8114865,0.8738921,0.2515185,-0.615665,0.502085,-0.02692716,SelectionStart
105.7363,24,2,3,0,0.7495649,0.9133603,0.2254611,340.8027,147.7996,70.85778,0.8114865,0.8738921,0.2515185,-0.615665,0.502085,-0.02692716,SelectionEnd
105.7395,24,2,3,0,0.7495649,0.9133603,0.2254611,340.8027,147.7996,70.85778,0.8114865,0.8738921,0.2515185,-0.615665,0.502085,-0.02692716,GotSelection
105.7488,24,2,3,0,0.7494441,0.9135119,0.2253701,340.8187,147.7278,70.89384,0.809698,0.8720939,0.2492138,-0.6277791,0.4700335,-0.02309,SelectionStart
105.7488,24,2,3,0,0.7494441,0.9135119,0.2253701,340.8187,147.7278,70.89384,0.809698,0.8720939,0.2492138,-0.6277791,0.4700335,-0.02309,SelectionEnd
105.7522,24,2,3,0,0.7494441,0.9135119,0.2253701,340.8187,147.7278,70.89384,0.809698,0.8720939,0.2492138,-0.6277791,0.4700335,-0.02309,GotSelection
105.7636,24,2,3,0,0.7495654,0.9136742,0.225438,340.8282,147.6329,70.92616,0.8069607,0.8697057,0.2459275,-0.6411009,0.4200274,-0.01799293,SelectionStart
105.7636,24,2,3,0,0.7495654,0.9136742,0.225438,340.8282,147.6329,70.92616,0.8069607,0.8697057,0.2459275,-0.6411009,0.4200274,-0.01799293,SelectionEnd
105.7674,24,2,3,0,0.7495654,0.9136742,0.225438,340.8282,147.6329,70.92616,0.8069607,0.8697057,0.2459275,-0.6411009,0.4200274,-0.01799293,GotSelection
105.7795,24,2,3,0,0.7495725,0.9134898,0.2259612,340.7856,147.5039,71.02398,0.8034235,0.8670315,0.2420495,-0.6513555,0.3592628,-0.007995207,SelectionStart
105.7795,24,2,3,0,0.7495725,0.9134898,0.2259612,340.7856,147.5039,71.02398,0.8034235,0.8670315,0.2420495,-0.6513555,0.3592628,-0.007995207,SelectionEnd
105.7829,24,2,3,0,0.7495725,0.9134898,0.2259612,340.7856,147.5039,71.02398,0.8034235,0.8670315,0.2420495,-0.6513555,0.3592628,-0.007995207,GotSelection
105.7939,24,2,3,0,0.7494512,0.913195,0.2263871,340.7345,147.4211,71.07597,0.8006458,0.8650718,0.2387225,-0.6577864,0.3113615,0.003388936,SelectionStart
105.7939,24,2,3,0,0.7494512,0.913195,0.2263871,340.7345,147.4211,71.07597,0.8006458,0.8650718,0.2387225,-0.6577864,0.3113615,0.003388936,SelectionEnd
105.7973,24,2,3,0,0.7494512,0.913195,0.2263871,340.7345,147.4211,71.07597,0.8006458,0.8650718,0.2387225,-0.6577864,0.3113615,0.003388936,GotSelection
105.8073,24,2,3,0,0.7493785,0.9130012,0.2268131,340.6552,147.3616,71.14756,0.7969189,0.8623989,0.2342315,-0.6681447,0.2465605,0.01567243,SelectionStart
105.8073,24,2,3,0,0.7493785,0.9130012,0.2268131,340.6552,147.3616,71.14756,0.7969189,0.8623989,0.2342315,-0.6681447,0.2465605,0.01567243,SelectionEnd
105.8106,24,2,3,0,0.7493785,0.9130012,0.2268131,340.6552,147.3616,71.14756,0.7969189,0.8623989,0.2342315,-0.6681447,0.2465605,0.01567243,GotSelection
105.8221,24,2,3,0,0.7496198,0.9127823,0.2272781,340.5799,147.3052,71.22665,0.7928137,0.8597927,0.2291413,-0.6752585,0.1729967,0.02965719,SelectionStart
105.8222,24,2,3,0,0.7496198,0.9127823,0.2272781,340.5799,147.3052,71.22665,0.7928137,0.8597927,0.2291413,-0.6752585,0.1729967,0.02965719,SelectionEnd
105.8255,24,2,3,0,0.7496198,0.9127823,0.2272781,340.5799,147.3052,71.22665,0.7928137,0.8597927,0.2291413,-0.6752585,0.1729967,0.02965719,GotSelection
105.8356,24,2,3,0,0.7497856,0.9126438,0.2276837,340.5278,147.2299,71.32745,0.7898385,0.857994,0.2253941,-0.6799758,0.1195307,0.04118592,SelectionStart
105.8356,24,2,3,0,0.7497856,0.9126438,0.2276837,340.5278,147.2299,71.32745,0.7898385,0.857994,0.2253941,-0.6799758,0.1195307,0.04118592,SelectionEnd
105.8388,24,2,3,0,0.7497856,0.9126438,0.2276837,340.5278,147.2299,71.32745,0.7898385,0.857994,0.2253941,-0.6799758,0.1195307,0.04118592,GotSelection
105.8814,24,2,3,0,0.7507643,0.9124838,0.2280672,340.5251,147.0314,71.59532,0.783916,0.8543254,0.2178927,-0.6882891,0.01048666,0.05780851,SelectionStart
105.8814,24,2,3,0,0.7507643,0.9124838,0.2280672,340.5251,147.0314,71.59532,0.783916,0.8543254,0.2178927,-0.6882891,0.01048666,0.05780851,SelectionEnd
105.8848,24,2,3,0,0.7507643,0.9124838,0.2280672,340.5251,147.0314,71.59532,0.783916,0.8543254,0.2178927,-0.6882891,0.01048666,0.05780851,GotSelection
105.8945,24,2,3,0,0.7521567,0.9124511,0.2281877,340.6752,146.784,71.95762,0.7760485,0.8501934,0.2066155,-0.6956511,-0.1389301,0.08955906,SelectionStart
105.8945,24,2,3,0,0.7521567,0.9124511,0.2281877,340.6752,146.784,71.95762,0.7760485,0.8501934,0.2066155,-0.6956511,-0.1389301,0.08955906,SelectionEnd
105.8978,24,2,3,0,0.7521567,0.9124511,0.2281877,340.6752,146.784,71.95762,0.7760485,0.8501934,0.2066155,-0.6956511,-0.1389301,0.08955906,GotSelection
105.9074,24,2,3,0,0.7524817,0.9125016,0.2281726,340.7146,146.6852,72.06384,0.7738293,0.8489048,0.2032378,-0.7000378,-0.1821551,0.09926962,SelectionStart
105.9075,24,2,3,0,0.7524817,0.9125016,0.2281726,340.7146,146.6852,72.06384,0.7738293,0.8489048,0.2032378,-0.7000378,-0.1821551,0.09926962,SelectionEnd
105.9107,24,2,3,0,0.7524817,0.9125016,0.2281726,340.7146,146.6852,72.06384,0.7738293,0.8489048,0.2032378,-0.7000378,-0.1821551,0.09926962,GotSelection
105.9231,24,2,3,0,0.7529009,0.9124622,0.2283186,340.7474,146.508,72.21164,0.7715982,0.8477638,0.1994609,-0.7024412,-0.2289224,0.1135218,SelectionStart
105.9232,24,2,3,0,0.7529009,0.9124622,0.2283186,340.7474,146.508,72.21164,0.7715982,0.8477638,0.1994609,-0.7024412,-0.2289224,0.1135218,SelectionEnd
105.9266,24,2,3,0,0.7529009,0.9124622,0.2283186,340.7474,146.508,72.21164,0.7715982,0.8477638,0.1994609,-0.7024412,-0.2289224,0.1135218,GotSelection
105.9366,24,2,3,0,0.7532367,0.9125302,0.2284433,340.7829,146.27,72.39149,0.7699627,0.8471442,0.1959931,-0.7037988,-0.2673487,0.1298922,SelectionStart
105.9366,24,2,3,0,0.7532367,0.9125302,0.2284433,340.7829,146.27,72.39149,0.7699627,0.8471442,0.1959931,-0.7037988,-0.2673487,0.1298922,SelectionEnd
105.9401,24,2,3,0,0.7532367,0.9125302,0.2284433,340.7829,146.27,72.39149,0.7699627,0.8471442,0.1959931,-0.7037988,-0.2673487,0.1298922,GotSelection
105.9513,24,2,3,0,0.7536546,0.9123637,0.228803,340.8062,145.9364,72.59676,0.768762,0.8472911,0.1940673,-0.6962589,-0.292443,0.1405195,SelectionStart
105.9513,24,2,3,0,0.7536546,0.9123637,0.228803,340.8062,145.9364,72.59676,0.768762,0.8472911,0.1940673,-0.6962589,-0.292443,0.1405195,SelectionEnd
105.955,24,2,3,0,0.7536546,0.9123637,0.228803,340.8062,145.9364,72.59676,0.768762,0.8472911,0.1940673,-0.6962589,-0.292443,0.1405195,GotSelection
105.9647,24,2,3,0,0.754425,0.912408,0.2293527,340.8555,145.35,72.98565,0.7687355,0.8488451,0.1925174,-0.681384,-0.3063477,0.1577943,SelectionStart
105.9648,24,2,3,0,0.754425,0.912408,0.2293527,340.8555,145.35,72.98565,0.7687355,0.8488451,0.1925174,-0.681384,-0.3063477,0.1577943,SelectionEnd
105.9681,24,2,3,0,0.754425,0.912408,0.2293527,340.8555,145.35,72.98565,0.7687355,0.8488451,0.1925174,-0.681384,-0.3063477,0.1577943,GotSelection
105.9787,24,2,3,0,0.7555518,0.9123877,0.230556,340.9179,144.3708,73.6377,0.7686907,0.8502006,0.1905046,-0.6675903,-0.3305287,0.1802485,SelectionStart
105.9787,24,2,3,0,0.7555518,0.9123877,0.230556,340.9179,144.3708,73.6377,0.7686907,0.8502006,0.1905046,-0.6675903,-0.3305287,0.1802485,SelectionEnd
105.9821,24,2,3,0,0.7555518,0.9123877,0.230556,340.9179,144.3708,73.6377,0.7686907,0.8502006,0.1905046,-0.6675903,-0.3305287,0.1802485,GotSelection
106.0051,24,2,3,0,0.7586026,0.9119559,0.2341426,340.9175,142.3264,75.21493,0.7715111,0.8540459,0.1894412,-0.6348546,-0.3480134,0.2240367,Nothing
106.015,24,2,3,0,0.7598476,0.9113574,0.2362145,340.8771,141.2346,76.04817,0.7726711,0.8558011,0.1891727,-0.6168591,-0.357768,0.245267,Nothing
106.0225,24,2,3,0,0.7609053,0.910903,0.2380492,340.8286,140.4842,76.71265,0.7738194,0.8572754,0.1893305,-0.6029368,-0.3629048,0.2616777,Nothing
106.0301,24,2,3,0,0.7617396,0.9104319,0.2398428,340.7533,139.745,77.32504,0.7746902,0.8584611,0.1893586,-0.5913319,-0.3707635,0.2769228,Nothing
106.0383,24,2,3,0,0.762392,0.9095349,0.2423881,340.5552,138.9697,78.05052,0.7758406,0.8598211,0.1898063,-0.5775267,-0.3763782,0.2976753,Nothing
106.0469,24,2,3,0,0.7630289,0.9087433,0.244578,340.4117,138.3486,78.6722,0.7770864,0.8612077,0.1901869,-0.5642235,-0.3798458,0.3178322,Nothing
106.056,24,2,3,0,0.7633664,0.9075548,0.2469585,340.2023,137.7574,79.24074,0.7784161,0.8624325,0.190718,-0.5504016,-0.3815157,0.340852,Nothing
106.0634,24,2,3,0,0.7635021,0.9067003,0.2488315,340.0126,137.2018,79.77625,0.7798902,0.8639811,0.1912067,-0.5372567,-0.3781042,0.363158,Nothing
106.0726,24,2,3,0,0.7642428,0.905546,0.2520409,339.7655,136.3452,80.59476,0.7821133,0.8657462,0.1920863,-0.52235,-0.3808033,0.3928777,Nothing
106.0802,24,2,3,0,0.7645203,0.9048033,0.2536821,339.6595,135.8286,81.05405,0.7837616,0.866879,0.1928293,-0.5128478,-0.3761158,0.4112851,Nothing
106.0897,24,2,3,0,0.7651779,0.9043088,0.2550609,339.6374,135.2337,81.55694,0.7855143,0.867959,0.1938586,-0.5038282,-0.3703874,0.4235335,Nothing
106.0982,24,2,3,0,0.7659191,0.9038472,0.2562174,339.7044,134.6432,82.04821,0.787364,0.8689253,0.1948208,-0.4952255,-0.3639293,0.4352295,Nothing
106.1139,24,2,3,0,0.7686572,0.9036646,0.2578557,340.2229,133.121,83.22278,0.7909016,0.8708725,0.1963208,-0.4766748,-0.3618781,0.4464722,Nothing
106.1225,24,2,3,0,0.7702171,0.903643,0.2583042,340.6303,132.2855,83.8029,0.792903,0.8717324,0.1972722,-0.4669972,-0.3574122,0.448772,Nothing
106.1299,24,2,3,0,0.7716595,0.9038014,0.25878,341.0425,131.5137,84.32627,0.7947663,0.8727021,0.198052,-0.4579852,-0.3546817,0.4522279,Nothing
106.1385,24,2,3,0,0.7737462,0.903877,0.2591385,341.6819,130.4165,85.01717,0.7980586,0.8738064,0.1993612,-0.4466925,-0.3435905,0.4582009,Nothing
106.147,24,2,3,0,0.7749896,0.9039359,0.259268,342.0966,129.7824,85.37452,0.8001282,0.8746623,0.2002023,-0.4376829,-0.335357,0.4626383,Nothing
106.1565,24,2,3,0,0.7760315,0.9040967,0.2591549,342.4982,129.2337,85.65015,0.8022504,0.8755423,0.2011915,-0.4293973,-0.3223503,0.4666831,Nothing
106.1655,24,2,3,0,0.7769566,0.9042475,0.2590983,342.8579,128.7819,85.88285,0.8044124,0.8763665,0.2021042,-0.4224115,-0.3089396,0.4728275,Nothing
106.1806,24,2,3,0,0.7790477,0.9048607,0.2587935,343.6286,127.9147,86.33605,0.8088112,0.877988,0.2038756,-0.4103992,-0.2822262,0.4828843,Nothing
106.1884,24,2,3,0,0.7802947,0.9051439,0.2586603,344.1095,127.3773,86.60511,0.8110843,0.8788589,0.2048535,-0.402219,-0.2698168,0.487151,Nothing
106.1974,24,2,3,0,0.7827743,0.9061049,0.2573119,345.1978,126.419,86.90129,0.8144872,0.879975,0.2060551,-0.3906011,-0.2501922,0.4837445,Nothing
106.205,24,2,3,0,0.7845255,0.9067639,0.2562727,345.9687,125.8064,87.06076,0.8167722,0.8807055,0.2068095,-0.3825414,-0.2367027,0.4808021,Nothing
106.2135,24,2,3,0,0.7873006,0.9084572,0.253022,347.3828,125.2114,86.84966,0.8190751,0.881458,0.2075358,-0.3739414,-0.2131014,0.4593894,Nothing
106.2213,24,2,3,0,0.7902411,0.9100248,0.2496119,348.8325,124.5644,86.61339,0.8214434,0.882219,0.2082077,-0.3649468,-0.1891365,0.4373341,Nothing
106.2304,24,2,3,0,0.7929629,0.9113108,0.2466419,350.153,123.9152,86.43573,0.8237987,0.8829828,0.2088492,-0.3564905,-0.166919,0.4197483,Nothing
106.2386,24,2,3,0,0.7970852,0.913322,0.2411564,352.2526,123.2264,85.83378,0.8262553,0.8837964,0.2094137,-0.3471715,-0.1334027,0.3818848,Nothing
106.2479,24,2,3,0,0.8025048,0.9152271,0.2350068,354.7808,122.283,85.19459,0.8299535,0.8850451,0.2102253,-0.333883,-0.09246837,0.3422201,Nothing
106.2554,24,2,3,0,0.8048508,0.9159418,0.2320725,355.9394,122.0017,84.80316,0.8312286,0.8855518,0.2104935,-0.3283121,-0.07412402,0.322053,Nothing
106.2635,24,2,3,0,0.8107962,0.9172303,0.2253149,358.7579,121.0373,83.93588,0.8350174,0.8867506,0.2112355,-0.3157544,-0.02918724,0.2789746,Nothing
106.2721,24,2,3,0,0.8143963,0.917956,0.2211305,0.4723129,120.3725,83.38066,0.8370932,0.8877833,0.2117712,-0.3077244,-0.0007778085,0.250578,Nothing
106.2804,24,2,3,0,0.8178922,0.9182909,0.2174135,2.247271,119.6009,82.78703,0.8396244,0.8885843,0.2121008,-0.2997257,0.02495286,0.2312602,Nothing
106.2887,24,2,3,0,0.8223746,0.9180465,0.2134149,3.882106,118.8081,82.12544,0.8421764,0.8892674,0.2124865,-0.2901869,0.04975935,0.2010393,Nothing
106.2966,24,2,3,0,0.8246369,0.9180748,0.2113902,5.113695,117.9243,81.67573,0.8447138,0.8900566,0.2127922,-0.282048,0.06844479,0.1990595,Nothing
106.305,24,2,3,0,0.8258243,0.9181163,0.2105517,5.975537,116.9829,81.33203,0.8472142,0.8908549,0.2130629,-0.272992,0.08163044,0.2107974,Nothing
106.3135,24,2,3,0,0.8258404,0.9183958,0.2102239,6.535342,115.9207,80.98652,0.8496974,0.8916001,0.2132532,-0.2661692,0.09364209,0.235171,Nothing
106.3218,24,2,3,0,0.8252134,0.9186912,0.2119979,6.957513,114.3625,80.84222,0.8533992,0.8927979,0.2135554,-0.2495113,0.09458552,0.2855063,Nothing
106.3314,24,2,3,0,0.8251283,0.9188744,0.2130763,7.332013,113.2094,80.73754,0.8560202,0.8939493,0.2135057,-0.2332889,0.09187535,0.31802,Nothing
106.3468,24,2,3,0,0.8258244,0.9192593,0.2149075,8.330144,110.7926,80.47888,0.8608685,0.8955587,0.2135756,-0.2063914,0.08118997,0.3705072,Nothing
106.3553,24,2,3,0,0.8266969,0.9195693,0.2149688,9.055747,109.7034,80.19622,0.863239,0.8964778,0.2133655,-0.1927325,0.07862113,0.3891205,Nothing
106.3637,24,2,3,0,0.8279853,0.9198755,0.2143109,9.933124,108.6822,79.76009,0.8655705,0.8972955,0.2132584,-0.181073,0.08176403,0.4009157,Nothing
106.3716,24,2,3,0,0.829434,0.9207102,0.2127014,10.88175,107.6748,79.14565,0.8679428,0.8978258,0.2132277,-0.1794913,0.09224354,0.4100586,Nothing
106.3803,24,2,3,0,0.8306292,0.9211977,0.2102231,11.86663,106.604,78.21848,0.8702002,0.8985214,0.2131737,-0.1749255,0.1108236,0.4177508,Nothing
106.388,24,2,3,0,0.830518,0.9222302,0.2089587,12.64893,105.4657,77.49885,0.8725728,0.8992267,0.2132218,-0.1714721,0.1221028,0.4435395,Nothing
106.3971,24,2,3,0,0.8309031,0.9230973,0.2061006,13.63968,103.9961,76.18314,0.8761461,0.900305,0.2131325,-0.164128,0.1462767,0.4732014,Nothing
106.405,24,2,3,0,0.8311493,0.9237789,0.2046587,14.25954,102.9974,75.41255,0.8784963,0.9009891,0.2131134,-0.1590322,0.1577106,0.4946177,Nothing
106.4154,24,2,3,0,0.8324348,0.9241579,0.2034066,15.09464,101.8187,74.69518,0.8801395,0.9020256,0.213142,-0.1476976,0.1637133,0.4990829,Nothing
106.4307,24,2,3,0,0.8364618,0.9243312,0.2008343,17.08774,99.34104,73.20605,0.8845664,0.9034348,0.2127555,-0.1221008,0.1717046,0.5066437,Nothing
106.4387,24,2,3,0,0.8405356,0.9235954,0.1991328,18.63556,97.97856,72.3351,0.8867763,0.9043401,0.2124509,-0.1015605,0.177588,0.487582,Nothing
106.4472,24,2,3,0,0.8449645,0.9227613,0.1966616,20.40992,96.04615,70.92288,0.8897912,0.9057847,0.2120495,-0.07573786,0.1899594,0.4711233,Nothing
106.455,24,2,3,0,0.8496844,0.9210564,0.1936342,22.13615,94.71729,69.58691,0.8919107,0.9067546,0.2116885,-0.05677827,0.2125345,0.4386305,Nothing
106.4637,24,2,3,0,0.8533084,0.9196405,0.1913147,23.48446,93.32668,68.32162,0.8939008,0.9077931,0.211221,-0.03805051,0.2289044,0.4165317,Nothing
106.473,24,2,3,0,0.8577296,0.9176235,0.1881951,24.83856,91.71739,66.70309,0.8962757,0.9089476,0.2107263,-0.02030967,0.2542388,0.3876334,Nothing
106.4889,24,2,3,0,0.8655141,0.912708,0.1825781,27.34875,87.82328,63.11783,0.9002673,0.9108145,0.2099416,0.01417203,0.3048404,0.3329837,Nothing
106.4992,24,2,3,0,0.8712407,0.9085317,0.1797327,29.11603,84.67357,60.43233,0.9033431,0.9124576,0.2090669,0.04816544,0.334957,0.2896658,Nothing
106.514,24,2,3,0,0.8799095,0.9018927,0.1776181,31.56108,80.37122,56.89596,0.9069888,0.9141669,0.2081314,0.08924282,0.3694014,0.2109056,Nothing
106.5219,24,2,3,0,0.8843491,0.8982052,0.1771104,32.76776,78.07929,55.07928,0.9087489,0.9151217,0.2076151,0.1107293,0.3859564,0.1654454,Nothing
106.5304,24,2,3,0,0.8887302,0.8941351,0.1769463,33.89354,75.82707,53.26168,0.9102773,0.9161317,0.2071505,0.1317264,0.4039685,0.1144003,Nothing
106.5391,24,2,3,0,0.8926825,0.8902736,0.1771769,34.93475,73.6306,51.49718,0.9119469,0.9170968,0.2065862,0.1532279,0.4189635,0.06720576,Nothing
106.5479,24,2,3,0,0.896609,0.8865331,0.1774428,35.84144,71.52224,49.74391,0.9136462,0.917969,0.2060111,0.1703182,0.4342436,0.02072754,Nothing
106.5552,24,2,3,0,0.8995801,0.883289,0.1780167,36.54339,69.50627,48.13668,0.9152302,0.9189022,0.2054503,0.1895039,0.4467732,-0.01745683,Nothing
106.5647,24,2,3,0,0.9038924,0.8785918,0.1791377,37.41311,66.36913,45.68279,0.9176214,0.9202968,0.2046153,0.2157206,0.4649872,-0.07382476,Nothing
106.5802,24,2,3,0,0.9064124,0.875524,0.1810549,37.6832,63.0604,43.37178,0.920476,0.9219981,0.2035338,0.2536258,0.4715149,-0.1063796,Nothing
106.5887,24,2,3,0,0.9068928,0.874929,0.1820913,37.5695,61.81112,42.60421,0.9219602,0.9229301,0.2029473,0.2755622,0.4693973,-0.1115315,Nothing
106.597,24,2,3,0,0.905575,0.8761882,0.1828148,37.03629,61.09715,42.36333,0.9233445,0.9238073,0.2024426,0.300212,0.4593199,-0.08866956,Nothing
106.6054,24,2,3,0,0.9058456,0.8764367,0.1833187,36.83252,60.1434,41.84997,0.9246678,0.9248643,0.2019141,0.3168591,0.4570889,-0.08728899,Nothing
106.6134,24,2,3,0,0.9060205,0.8762584,0.1841184,36.68125,59.10306,41.23882,0.926046,0.9257799,0.2014016,0.3368833,0.4546717,-0.08859427,Nothing
106.6223,24,2,3,0,0.9061604,0.8763168,0.1847251,36.58934,58.42276,40.86022,0.927388,0.9266763,0.2009078,0.3549246,0.4519607,-0.08868901,Nothing
106.6307,24,2,3,0,0.9078184,0.8751928,0.185803,36.57412,56.76969,39.74425,0.9293048,0.9280834,0.2001869,0.3755279,0.4557181,-0.1096855,Nothing
106.6384,24,2,3,0,0.9092782,0.87382,0.1860464,36.62041,55.52079,38.7536,0.9305902,0.9290103,0.1996524,0.3858984,0.4669202,-0.1289445,Nothing
106.6487,24,2,3,0,0.9106627,0.8723629,0.1861113,36.65627,54.14514,37.60194,0.9317722,0.9298118,0.1991796,0.3932471,0.480968,-0.1472265,Nothing
106.6641,24,2,3,0,0.9144306,0.8683945,0.186657,36.68723,51.52547,35.24802,0.9340699,0.9312562,0.1981871,0.4027069,0.5134298,-0.1986745,Nothing
106.6721,24,2,3,0,0.9154691,0.8668326,0.1860225,36.61985,50.50201,34.28226,0.9350536,0.932096,0.1978152,0.4068126,0.5359619,-0.2119973,Nothing
106.6805,24,2,3,0,0.9165971,0.8654596,0.1856938,36.50304,49.50631,33.34845,0.9360641,0.9327421,0.1974932,0.4095248,0.5542231,-0.2240844,Nothing
106.6888,24,2,3,0,0.9174114,0.8645677,0.1855396,36.30744,48.57169,32.56247,0.9369591,0.9332054,0.1971585,0.4126626,0.5661538,-0.2309214,Nothing
106.6984,24,2,3,0,0.9185216,0.8631659,0.1853904,36.00172,47.24985,31.48583,0.9384335,0.9340462,0.1967938,0.4203153,0.5858237,-0.2404884,Nothing
106.7159,24,2,3,0,0.9202554,0.8615013,0.1852826,35.72159,45.70318,30.23185,0.9402188,0.935281,0.1962367,0.4272568,0.6095302,-0.2577505,Nothing
106.7318,24,2,3,0,0.9218141,0.8594505,0.1856824,35.46642,44.2345,29.08031,0.942265,0.9362749,0.1957776,0.4399602,0.631347,-0.2761145,Nothing
106.747,24,2,3,0,0.9231301,0.8580639,0.1859362,35.24905,43.0889,28.23845,0.9441061,0.9372362,0.1953673,0.450971,0.648321,-0.2893873,Nothing
106.7554,24,2,3,0,0.9237692,0.8574632,0.1864024,35.00512,42.25481,27.73153,0.9452338,0.9381201,0.1951316,0.4609897,0.657261,-0.2974276,Nothing
106.7635,24,2,3,0,0.9240609,0.8573183,0.1871468,34.71641,41.66142,27.49777,0.9460483,0.9383669,0.1951787,0.4694436,0.6568957,-0.2980209,Nothing
106.7715,24,2,3,0,0.9240172,0.8576564,0.1876856,34.37309,40.99138,27.29251,0.9469112,0.9387691,0.1950148,0.480533,0.6538033,-0.2941568,Nothing
106.7811,24,2,3,0,0.9241962,0.8576524,0.1889067,34.08091,40.25396,27.09722,0.9476653,0.9388728,0.195144,0.4905573,0.6478563,-0.2959538,Nothing
106.7892,24,2,3,0,0.9244162,0.857516,0.1896443,33.87319,39.56403,26.82206,0.9482006,0.9389303,0.1950415,0.4963437,0.6448182,-0.299366,Nothing
106.7981,24,2,3,0,0.9251775,0.8567234,0.1907839,33.80191,38.70646,26.37373,0.9488887,0.9390453,0.1950856,0.5003942,0.6460362,-0.3130662,Nothing
106.8137,24,2,3,0,0.9269719,0.8548186,0.192156,33.65107,37.04418,25.27083,0.9502873,0.9387449,0.1953481,0.498253,0.6566775,-0.3335325,Nothing
106.8221,24,2,3,0,0.9282593,0.8531611,0.1929113,33.47785,35.84739,24.37181,0.9511942,0.9385542,0.1956689,0.4939848,0.6707307,-0.3472367,Nothing
106.8301,24,2,3,0,0.9290602,0.8521602,0.1931067,33.28128,35.13544,23.76624,0.9514865,0.9383707,0.1959731,0.4865541,0.6824214,-0.3525629,Nothing
106.8389,24,2,3,0,0.9296077,0.8513148,0.193082,32.98722,34.43331,23.18064,0.9518455,0.9379874,0.1963213,0.480115,0.6933491,-0.3509524,Nothing
106.8471,24,2,3,0,0.9301106,0.8508543,0.1933493,32.64471,33.74336,22.69581,0.9521751,0.9374699,0.1968495,0.4736727,0.6988747,-0.3463729,Nothing
106.8555,24,2,3,0,0.9303395,0.8504899,0.1934374,32.24719,33.07182,22.24305,0.9525204,0.9371963,0.1973252,0.4703278,0.7062677,-0.3394355,Nothing
106.865,24,2,3,0,0.9306064,0.8501493,0.193892,31.8657,32.36417,21.8381,0.9526225,0.9363478,0.1980373,0.4635324,0.707529,-0.3318066,Nothing
106.8807,24,2,3,0,0.9313091,0.8498174,0.1952629,31.09207,30.73876,21.03459,0.9530434,0.9345084,0.199381,0.4511038,0.7019137,-0.3182133,Nothing
106.8885,24,2,3,0,0.9313786,0.8498992,0.1956348,30.83414,30.24753,20.812,0.9529769,0.9331636,0.2004498,0.4418899,0.6964667,-0.303648,Nothing
106.8968,24,2,3,0,0.9314182,0.8499982,0.1958009,30.59754,29.85175,20.60677,0.9527776,0.9319823,0.2011773,0.4326821,0.6913058,-0.2914177,Nothing
106.9053,24,2,3,0,0.9315416,0.849929,0.1958337,30.32255,29.48311,20.37436,0.9525082,0.9307889,0.201964,0.4216777,0.6890023,-0.2786105,Nothing
106.9137,24,2,3,0,0.9316451,0.8499289,0.1957737,30.02538,29.08543,20.11983,0.952117,0.9296045,0.2027024,0.4093024,0.6865754,-0.2653478,Nothing
106.9218,24,2,3,0,0.9316887,0.8499821,0.1950645,29.70508,28.90722,19.89227,0.9517123,0.9282731,0.2035836,0.3941798,0.6872738,-0.2439378,Nothing
106.9309,24,2,3,0,0.9316674,0.8501168,0.1945371,29.39468,28.67916,19.66117,0.9511082,0.9263828,0.2044391,0.3766376,0.681091,-0.2217445,Nothing
106.9387,24,2,3,0,0.9316592,0.8502939,0.193987,29.03818,28.4385,19.45478,0.9507175,0.9249681,0.2052868,0.3626372,0.6781358,-0.2002023,Nothing
106.9474,24,2,3,0,0.9318214,0.8510083,0.1930442,28.48327,28.07291,19.18754,0.950088,0.9229905,0.2068217,0.3381476,0.6726643,-0.1641251,Nothing
106.9551,24,2,3,0,0.9318303,0.8512223,0.1928125,28.08475,27.717,18.99188,0.9496676,0.9217568,0.2077271,0.3256144,0.6685375,-0.1452547,Nothing
106.9635,24,2,3,0,0.9320158,0.8512547,0.1927447,27.70688,27.33004,18.76736,0.9492627,0.9203936,0.2087182,0.3118079,0.6643434,-0.128261,Nothing
106.9721,24,2,3,0,0.932061,0.851144,0.1930561,27.29299,26.73164,18.48995,0.9488773,0.9188457,0.2096156,0.301065,0.6567869,-0.1140436,Nothing
106.9806,24,2,3,0,0.9323325,0.8511028,0.1929295,26.92864,26.26049,18.23557,0.9484838,0.9176158,0.2105926,0.2871684,0.6541758,-0.09822878,Nothing
106.9883,24,2,3,0,0.9325743,0.8509743,0.1930179,26.57562,25.77658,17.96244,0.9483848,0.9161048,0.2114389,0.2767156,0.6475648,-0.08318119,Nothing
106.9968,24,2,3,0,0.932877,0.8506262,0.1928597,26.24304,25.34524,17.63683,0.9480683,0.9151315,0.2123175,0.2642538,0.6493641,-0.07057588,Nothing
107.0055,24,2,3,0,0.9331117,0.850235,0.1922102,25.67813,24.82354,17.21733,0.9476168,0.9132305,0.2136345,0.2454938,0.6484751,-0.04370701,Nothing
107.0134,24,2,3,0,0.933273,0.849921,0.1915544,25.22786,24.47728,16.87774,0.9473329,0.9119233,0.2145259,0.2318825,0.6490821,-0.02289195,Nothing
107.022,24,2,3,0,0.9331155,0.850174,0.1908689,24.84754,24.34295,16.72976,0.9469864,0.9107617,0.2155523,0.2203297,0.645714,0.001389003,Nothing
107.0313,24,2,3,0,0.9332456,0.8501221,0.1901416,24.49458,24.14562,16.51649,0.946743,0.9091841,0.2164311,0.2066508,0.6408306,0.02414927,Nothing
107.0394,24,2,3,0,0.9332788,0.8499832,0.190013,24.17564,23.87849,16.32809,0.946371,0.9080887,0.2174434,0.1962207,0.6383116,0.04000393,Nothing
107.0473,24,2,3,0,0.9333378,0.849923,0.190136,23.86949,23.54188,16.14368,0.9457837,0.9068437,0.2183818,0.184336,0.6321236,0.05297641,Nothing
107.0561,24,2,3,0,0.9335281,0.8496704,0.1905095,23.56942,23.12502,15.93839,0.9453843,0.905709,0.2191363,0.1752726,0.6263414,0.06111607,Nothing
107.0635,24,2,3,0,0.933836,0.8493944,0.1909493,23.29381,22.6697,15.70438,0.9449928,0.9044941,0.2199385,0.1650313,0.6200392,0.06865621,Nothing
107.0722,24,2,3,0,0.9341246,0.8489929,0.191387,22.83166,22.01151,15.35686,0.9444976,0.9027784,0.221002,0.1522043,0.6113175,0.08179945,Nothing
107.0804,24,2,3,0,0.9343076,0.8486894,0.1919016,22.49,21.50527,15.12291,0.9441345,0.9017164,0.2215959,0.145032,0.6048107,0.08743436,Nothing
107.0888,24,2,3,0,0.9342082,0.848693,0.1922877,22.14176,21.06522,14.97195,0.9437912,0.9007873,0.2221799,0.1405507,0.596713,0.09583151,Nothing
107.0987,24,2,3,0,0.9340096,0.8489011,0.1925547,21.82313,20.71713,14.89675,0.9437665,0.8998498,0.222477,0.1403124,0.5853568,0.1045305,Nothing
107.1209,24,2,3,0,0.9330343,0.8501011,0.1931351,21.33439,20.29834,15.02199,0.9430448,0.897851,0.2232724,0.1376369,0.554842,0.1243775,Nothing
107.131,24,2,3,0,0.9323065,0.8513729,0.1944184,21.24725,20.11704,15.35787,0.9424906,0.8963324,0.2239334,0.137997,0.5251083,0.1306047,Nothing
107.1388,24,2,3,0,0.9318867,0.8519561,0.1950467,21.15604,19.96283,15.48624,0.9422607,0.8958253,0.2240672,0.1401974,0.5120111,0.1316916,Nothing
107.1468,24,2,3,0,0.9313003,0.8527927,0.1963135,21.1092,19.8145,15.70566,0.9421296,0.8953939,0.224286,0.146512,0.4944251,0.1288726,Nothing
107.1547,24,2,3,0,0.9305501,0.853685,0.1972705,21.1116,19.74034,15.98541,0.942081,0.8951294,0.2243515,0.1550953,0.4781851,0.1273625,Nothing
107.1634,24,2,3,0,0.9300042,0.854521,0.1981254,21.1038,19.67555,16.21134,0.942052,0.894932,0.2244835,0.1611843,0.464139,0.126386,Nothing
107.1714,24,2,3,0,0.9295012,0.855314,0.1988082,21.10388,19.59306,16.40384,0.9422541,0.8946642,0.2245055,0.1685639,0.4498661,0.1265733,Nothing
107.1803,24,2,3,0,0.9289923,0.8557355,0.1995832,21.12939,19.47656,16.54378,0.9421861,0.8943927,0.2245787,0.1741736,0.4392895,0.1239447,Nothing
107.188,24,2,3,0,0.9286667,0.8563679,0.2004128,21.22222,19.42597,16.71697,0.9421117,0.8944096,0.2246447,0.1782324,0.4295702,0.1193667,Nothing
107.1968,24,2,3,0,0.9283368,0.8565913,0.2012134,21.33166,19.36661,16.81793,0.941923,0.8942389,0.224721,0.1812048,0.4224254,0.1138515,Nothing
107.205,24,2,3,0,0.9275464,0.8569865,0.2018668,21.52001,19.40079,16.93632,0.9416138,0.8940409,0.2247601,0.1863574,0.4136201,0.1106159,Nothing
107.2132,24,2,3,0,0.9272199,0.8571229,0.2022611,21.61116,19.43829,17.00983,0.9415547,0.8936582,0.2248035,0.1886685,0.4069344,0.1095909,Nothing
107.2217,24,2,3,0,0.9273335,0.8571444,0.2026035,21.72047,19.51927,17.11378,0.9412593,0.8936414,0.2249215,0.1855974,0.4062596,0.1056683,Nothing
107.2297,24,2,3,0,0.9269986,0.8573673,0.2028704,21.77592,19.58286,17.21573,0.9405004,0.8936077,0.2250674,0.1815764,0.4039707,0.103843,Nothing
107.2382,24,2,3,0,0.9266857,0.8577184,0.2034234,21.80855,19.62431,17.37745,0.9401423,0.8934835,0.2252432,0.1816122,0.3976906,0.1019213,Nothing
107.2465,24,2,3,0,0.9262745,0.8581052,0.2038172,21.84707,19.66469,17.53158,0.9397529,0.893329,0.2253705,0.1817843,0.3912264,0.1014138,Nothing
107.2566,24,2,3,0,0.9254087,0.8595021,0.204701,21.91442,19.76035,17.93908,0.9393096,0.8930695,0.22563,0.1847645,0.3717606,0.1030939,Nothing
107.2722,24,2,3,0,0.9240496,0.8606273,0.2056665,22.03082,19.87219,18.51495,0.9383644,0.8929245,0.2258915,0.1897444,0.3549607,0.1022997,Nothing
107.2796,24,2,3,0,0.9235406,0.8609941,0.2061791,22.11639,19.92039,18.75761,0.9379736,0.8927841,0.2260001,0.1915484,0.3477935,0.1004989,Nothing
107.2878,24,2,3,0,0.9236227,0.8612898,0.2066244,22.22686,19.97663,18.98408,0.9378978,0.8925178,0.2260693,0.19034,0.3408783,0.09812883,Nothing
107.2965,24,2,3,0,0.923242,0.8617523,0.2069782,22.35031,20.09478,19.20322,0.9375787,0.8924837,0.2261372,0.1909174,0.3347023,0.0970263,Nothing
107.3047,24,2,3,0,0.9229373,0.8621674,0.207215,22.47276,20.2324,19.38764,0.9372694,0.8924828,0.2262133,0.1905463,0.3300954,0.09655675,Nothing
107.313,24,2,3,0,0.9226378,0.862565,0.2073247,22.57906,20.39971,19.54797,0.9369795,0.8924894,0.2264261,0.1895562,0.3270197,0.0985221,Nothing
107.3214,24,2,3,0,0.9223794,0.8630347,0.2075648,22.67035,20.51679,19.7163,0.9366793,0.8925511,0.2265469,0.1887002,0.3227286,0.0984746,Nothing
107.3307,24,2,3,0,0.9220155,0.8634886,0.2075613,22.74114,20.69898,19.90723,0.9362318,0.8923372,0.2268229,0.1856219,0.3181101,0.1030371,Nothing
107.3386,24,2,3,0,0.9218329,0.8638806,0.2076826,22.73184,20.74539,20.01286,0.9359825,0.8924273,0.2269985,0.1843138,0.3155529,0.1045909,Nothing
107.3475,24,2,3,0,0.9216329,0.8642584,0.2077578,22.68276,20.73601,20.09519,0.9358693,0.8927251,0.2270447,0.185393,0.3141716,0.1052378,Nothing
107.3552,24,2,3,0,0.9215403,0.8643749,0.2078232,22.63891,20.69033,20.11731,0.9355441,0.8928542,0.2272362,0.1832337,0.3151042,0.1057514,Nothing
107.3638,24,2,3,0,0.9215083,0.8644025,0.2078943,22.63233,20.64591,20.11471,0.9351051,0.8933272,0.2275049,0.1805619,0.320692,0.1043878,SelectionStart
107.3638,24,2,3,0,0.9215083,0.8644025,0.2078943,22.63233,20.64591,20.11471,0.9351051,0.8933272,0.2275049,0.1805619,0.320692,0.1043878,SelectionEnd
107.3675,24,2,3,0,0.9215083,0.8644025,0.2078943,22.63233,20.64591,20.11471,0.9351051,0.8933272,0.2275049,0.1805619,0.320692,0.1043878,GotSelection
107.3776,24,2,3,0,0.9214336,0.8642579,0.2081056,22.6875,20.5561,20.03055,0.9348886,0.8941751,0.2280189,0.1816841,0.331366,0.102246,SelectionStart
107.3776,24,2,3,0,0.9214336,0.8642579,0.2081056,22.6875,20.5561,20.03055,0.9348886,0.8941751,0.2280189,0.1816841,0.331366,0.102246,SelectionEnd
107.3809,24,2,3,0,0.9214336,0.8642579,0.2081056,22.6875,20.5561,20.03055,0.9348886,0.8941751,0.2280189,0.1816841,0.331366,0.102246,GotSelection
107.391,24,2,3,0,0.9218481,0.8639938,0.2081121,22.72378,20.51129,19.94887,0.934759,0.8949299,0.2282886,0.1789788,0.3429204,0.09847771,SelectionStart
107.3911,24,2,3,0,0.9218481,0.8639938,0.2081121,22.72378,20.51129,19.94887,0.934759,0.8949299,0.2282886,0.1789788,0.3429204,0.09847771,SelectionEnd
107.3944,24,2,3,0,0.9218481,0.8639938,0.2081121,22.72378,20.51129,19.94887,0.934759,0.8949299,0.2282886,0.1789788,0.3429204,0.09847771,GotSelection
107.4423,24,2,3,0,0.9221172,0.864592,0.2072867,22.62831,20.62155,19.96344,0.9345819,0.8979461,0.2302043,0.1763286,0.3780158,0.1123948,SelectionStart
107.4423,24,2,3,0,0.9221172,0.864592,0.2072867,22.62831,20.62155,19.96344,0.9345819,0.8979461,0.2302043,0.1763286,0.3780158,0.1123948,SelectionEnd
107.4456,24,2,3,0,0.9221172,0.864592,0.2072867,22.62831,20.62155,19.96344,0.9345819,0.8979461,0.2302043,0.1763286,0.3780158,0.1123948,GotSelection
107.4553,24,2,3,0,0.9220439,0.864915,0.207141,22.63034,20.69528,20.05448,0.934254,0.8992541,0.2314404,0.1744556,0.3935611,0.119881,SelectionStart
107.4553,24,2,3,0,0.9220439,0.864915,0.207141,22.63034,20.69528,20.05448,0.934254,0.8992541,0.2314404,0.1744556,0.3935611,0.119881,SelectionEnd
107.4587,24,2,3,0,0.9220439,0.864915,0.207141,22.63034,20.69528,20.05448,0.934254,0.8992541,0.2314404,0.1744556,0.3935611,0.119881,GotSelection
107.4686,24,2,3,0,0.9220309,0.8651441,0.2069702,22.59242,20.73745,20.09982,0.9337343,0.9002917,0.2320702,0.1706805,0.4053278,0.1223784,SelectionStart
107.4687,24,2,3,0,0.9220309,0.8651441,0.2069702,22.59242,20.73745,20.09982,0.9337343,0.9002917,0.2320702,0.1706805,0.4053278,0.1223784,SelectionEnd
107.472,24,2,3,0,0.9220309,0.8651441,0.2069702,22.59242,20.73745,20.09982,0.9337343,0.9002917,0.2320702,0.1706805,0.4053278,0.1223784,GotSelection
107.4821,24,2,3,0,0.9220291,0.8652774,0.2066992,22.55185,20.77385,20.12716,0.9330057,0.9019138,0.2331494,0.1657602,0.4261595,0.1263424,SelectionStart
107.4821,24,2,3,0,0.9220291,0.8652774,0.2066992,22.55185,20.77385,20.12716,0.9330057,0.9019138,0.2331494,0.1657602,0.4261595,0.1263424,SelectionEnd
107.4859,24,2,3,0,0.9220291,0.8652774,0.2066992,22.55185,20.77385,20.12716,0.9330057,0.9019138,0.2331494,0.1657602,0.4261595,0.1263424,GotSelection
107.4972,24,2,3,0,0.9222103,0.8650095,0.2065163,22.54214,20.7773,20.0649,0.9324092,0.9028586,0.2342527,0.1590962,0.4446036,0.1304087,SelectionStart
107.4972,24,2,3,0,0.9222103,0.8650095,0.2065163,22.54214,20.7773,20.0649,0.9324092,0.9028586,0.2342527,0.1590962,0.4446036,0.1304087,SelectionEnd
107.5013,24,2,3,0,0.9222103,0.8650095,0.2065163,22.54214,20.7773,20.0649,0.9324092,0.9028586,0.2342527,0.1590962,0.4446036,0.1304087,GotSelection
107.5114,24,2,3,0,0.922235,0.8650382,0.2062344,22.50799,20.80568,20.06319,0.9319085,0.904444,0.235066,0.1566378,0.4645189,0.1324998,SelectionStart
107.5114,24,2,3,0,0.922235,0.8650382,0.2062344,22.50799,20.80568,20.06319,0.9319085,0.904444,0.235066,0.1566378,0.4645189,0.1324998,SelectionEnd
107.5147,24,2,3,0,0.922235,0.8650382,0.2062344,22.50799,20.80568,20.06319,0.9319085,0.904444,0.235066,0.1566378,0.4645189,0.1324998,GotSelection
107.5247,24,2,3,0,0.9223388,0.8649697,0.2060884,22.46597,20.82749,20.06803,0.9312656,0.9056328,0.2356638,0.1519518,0.4805292,0.1320043,SelectionStart
107.5247,24,2,3,0,0.9223388,0.8649697,0.2060884,22.46597,20.82749,20.06803,0.9312656,0.9056328,0.2356638,0.1519518,0.4805292,0.1320043,SelectionEnd
107.5279,24,2,3,0,0.9223388,0.8649697,0.2060884,22.46597,20.82749,20.06803,0.9312656,0.9056328,0.2356638,0.1519518,0.4805292,0.1320043,GotSelection
107.5386,24,2,3,0,0.9222979,0.8650684,0.2058617,22.43606,20.86393,20.07624,0.9299687,0.9075817,0.2363257,0.1440302,0.5035123,0.1286618,SelectionStart
107.5386,24,2,3,0,0.9222979,0.8650684,0.2058617,22.43606,20.86393,20.07624,0.9299687,0.9075817,0.2363257,0.1440302,0.5035123,0.1286618,SelectionEnd
107.542,24,2,3,0,0.9222979,0.8650684,0.2058617,22.43606,20.86393,20.07624,0.9299687,0.9075817,0.2363257,0.1440302,0.5035123,0.1286618,GotSelection
107.552,24,2,3,0,0.9222128,0.8652167,0.2058818,22.45812,20.87893,20.09675,0.9287245,0.9089686,0.2370699,0.1356646,0.5201646,0.1261085,SelectionStart
107.552,24,2,3,0,0.9222128,0.8652167,0.2058818,22.45812,20.87893,20.09675,0.9287245,0.9089686,0.2370699,0.1356646,0.5201646,0.1261085,SelectionEnd
107.5552,24,2,3,0,0.9222128,0.8652167,0.2058818,22.45812,20.87893,20.09675,0.9287245,0.9089686,0.2370699,0.1356646,0.5201646,0.1261085,GotSelection
107.5651,24,2,3,0,0.9220271,0.8654028,0.2061285,22.54462,20.91862,20.18674,0.927152,0.9099992,0.2380429,0.1244399,0.5338064,0.1236912,SelectionStart
107.5651,24,2,3,0,0.9220271,0.8654028,0.2061285,22.54462,20.91862,20.18674,0.927152,0.9099992,0.2380429,0.1244399,0.5338064,0.1236912,SelectionEnd
107.5684,24,2,3,0,0.9220271,0.8654028,0.2061285,22.54462,20.91862,20.18674,0.927152,0.9099992,0.2380429,0.1244399,0.5338064,0.1236912,GotSelection
107.5808,24,2,3,0,0.9217903,0.8657091,0.2063724,22.62195,20.97427,20.30729,0.9249036,0.9109558,0.2391838,0.1065608,0.5477487,0.121451,SelectionStart
107.5808,24,2,3,0,0.9217903,0.8657091,0.2063724,22.62195,20.97427,20.30729,0.9249036,0.9109558,0.2391838,0.1065608,0.5477487,0.121451,SelectionEnd
107.5843,24,2,3,0,0.9217903,0.8657091,0.2063724,22.62195,20.97427,20.30729,0.9249036,0.9109558,0.2391838,0.1065608,0.5477487,0.121451,GotSelection
107.6255,24,2,3,0,0.9208487,0.8671104,0.2071491,22.67559,21.11673,20.80615,0.9197471,0.9114752,0.2411535,0.06547121,0.5536646,0.120377,SelectionStart
107.6256,24,2,3,0,0.9208487,0.8671104,0.2071491,22.67559,21.11673,20.80615,0.9197471,0.9114752,0.2411535,0.06547121,0.5536646,0.120377,SelectionEnd
107.6288,24,2,3,0,0.9208487,0.8671104,0.2071491,22.67559,21.11673,20.80615,0.9197471,0.9114752,0.2411535,0.06547121,0.5536646,0.120377,GotSelection
107.639,24,2,3,0,0.9203738,0.8675768,0.2074061,22.68625,21.15981,20.97419,0.9171517,0.9107959,0.2415016,0.04289493,0.5483121,0.1182863,SelectionStart
107.639,24,2,3,0,0.9203738,0.8675768,0.2074061,22.68625,21.15981,20.97419,0.9171517,0.9107959,0.2415016,0.04289493,0.5483121,0.1182863,SelectionEnd
107.6426,24,2,3,0,0.9203738,0.8675768,0.2074061,22.68625,21.15981,20.97419,0.9171517,0.9107959,0.2415016,0.04289493,0.5483121,0.1182863,GotSelection
107.6525,24,2,3,0,0.920105,0.867772,0.2075376,22.69517,21.16902,21.04049,0.9147013,0.9101216,0.2416907,0.01994118,0.5454811,0.1146942,SelectionStart
107.6526,24,2,3,0,0.920105,0.867772,0.2075376,22.69517,21.16902,21.04049,0.9147013,0.9101216,0.2416907,0.01994118,0.5454811,0.1146942,SelectionEnd
107.6559,24,2,3,0,0.920105,0.867772,0.2075376,22.69517,21.16902,21.04049,0.9147013,0.9101216,0.2416907,0.01994118,0.5454811,0.1146942,GotSelection
107.6672,24,2,3,0,0.9198668,0.8679451,0.2077647,22.71991,21.17916,21.09105,0.9116822,0.908058,0.2415529,-0.01252307,0.5299706,0.1105988,SelectionStart
107.6672,24,2,3,0,0.9198668,0.8679451,0.2077647,22.71991,21.17916,21.09105,0.9116822,0.908058,0.2415529,-0.01252307,0.5299706,0.1105988,SelectionEnd
107.6706,24,2,3,0,0.9198668,0.8679451,0.2077647,22.71991,21.17916,21.09105,0.9116822,0.908058,0.2415529,-0.01252307,0.5299706,0.1105988,GotSelection
107.6803,24,2,3,0,0.919886,0.8677734,0.2077584,22.72655,21.12906,21.01635,0.9094493,0.9062143,0.2413495,-0.03932505,0.5190153,0.1079264,SelectionStart
107.6804,24,2,3,0,0.919886,0.8677734,0.2077584,22.72655,21.12906,21.01635,0.9094493,0.9062143,0.2413495,-0.03932505,0.5190153,0.1079264,SelectionEnd
107.684,24,2,3,0,0.919886,0.8677734,0.2077584,22.72655,21.12906,21.01635,0.9094493,0.9062143,0.2413495,-0.03932505,0.5190153,0.1079264,GotSelection
107.6938,24,2,3,0,0.920031,0.8676,0.2077679,22.72074,21.05872,20.9364,0.9066485,0.9037541,0.2408976,-0.07409346,0.5027633,0.1032241,SelectionStart
107.6938,24,2,3,0,0.920031,0.8676,0.2077679,22.72074,21.05872,20.9364,0.9066485,0.9037541,0.2408976,-0.07409346,0.5027633,0.1032241,SelectionEnd
107.6974,24,2,3,0,0.920031,0.8676,0.2077679,22.72074,21.05872,20.9364,0.9066485,0.9037541,0.2408976,-0.07409346,0.5027633,0.1032241,GotSelection
107.707,24,2,3,0,0.9200585,0.8675078,0.2078774,22.71179,21.00797,20.89715,0.9042592,0.9021499,0.2404329,-0.1007788,0.4916995,0.09625439,SelectionStart
107.707,24,2,3,0,0.9200585,0.8675078,0.2078774,22.71179,21.00797,20.89715,0.9042592,0.9021499,0.2404329,-0.1007788,0.4916995,0.09625439,SelectionEnd
107.7103,24,2,3,0,0.9200585,0.8675078,0.2078774,22.71179,21.00797,20.89715,0.9042592,0.9021499,0.2404329,-0.1007788,0.4916995,0.09625439,GotSelection
107.722,24,2,3,0,0.9198608,0.8676864,0.2080616,22.71277,21.00313,20.95711,0.9024073,0.8993215,0.2398038,-0.1242023,0.4649781,0.09538795,SelectionStart
107.722,24,2,3,0,0.9198608,0.8676864,0.2080616,22.71277,21.00313,20.95711,0.9024073,0.8993215,0.2398038,-0.1242023,0.4649781,0.09538795,SelectionEnd
107.7256,24,2,3,0,0.9198608,0.8676864,0.2080616,22.71277,21.00313,20.95711,0.9024073,0.8993215,0.2398038,-0.1242023,0.4649781,0.09538795,GotSelection
107.7367,24,2,3,0,0.9194189,0.8680713,0.2081043,22.71906,21.08631,21.08631,0.9006465,0.8965493,0.2392461,-0.1453423,0.4374435,0.09766893,SelectionStart
107.7367,24,2,3,0,0.9194189,0.8680713,0.2081043,22.71906,21.08631,21.08631,0.9006465,0.8965493,0.2392461,-0.1453423,0.4374435,0.09766893,SelectionEnd
107.7402,24,2,3,0,0.9194189,0.8680713,0.2081043,22.71906,21.08631,21.08631,0.9006465,0.8965493,0.2392461,-0.1453423,0.4374435,0.09766893,GotSelection
107.7496,24,2,3,0,0.9191866,0.8685308,0.2083166,22.73837,21.11557,21.24462,0.899886,0.8945003,0.2390759,-0.1569601,0.415165,0.1021553,SelectionStart
107.7496,24,2,3,0,0.9191866,0.8685308,0.2083166,22.73837,21.11557,21.24462,0.899886,0.8945003,0.2390759,-0.1569601,0.415165,0.1021553,SelectionEnd
107.7529,24,2,3,0,0.9191866,0.8685308,0.2083166,22.73837,21.11557,21.24462,0.899886,0.8945003,0.2390759,-0.1569601,0.415165,0.1021553,GotSelection
107.7637,24,2,3,0,0.9188961,0.8688834,0.2086216,22.75468,21.11059,21.37752,0.8987944,0.8914768,0.2389374,-0.1741351,0.3855856,0.1087998,SelectionStart
107.7637,24,2,3,0,0.9188961,0.8688834,0.2086216,22.75468,21.11059,21.37752,0.8987944,0.8914768,0.2389374,-0.1741351,0.3855856,0.1087998,SelectionEnd
107.767,24,2,3,0,0.9188961,0.8688834,0.2086216,22.75468,21.11059,21.37752,0.8987944,0.8914768,0.2389374,-0.1741351,0.3855856,0.1087998,GotSelection
107.8085,24,2,3,0,0.918255,0.8695304,0.2089903,22.91267,21.33218,21.73217,0.899152,0.8865318,0.2387857,-0.181597,0.3333255,0.1279752,SelectionStart
107.8085,24,2,3,0,0.918255,0.8695304,0.2089903,22.91267,21.33218,21.73217,0.899152,0.8865318,0.2387857,-0.181597,0.3333255,0.1279752,SelectionEnd
107.8122,24,2,3,0,0.918255,0.8695304,0.2089903,22.91267,21.33218,21.73217,0.899152,0.8865318,0.2387857,-0.181597,0.3333255,0.1279752,GotSelection
107.8236,24,2,3,0,0.9184995,0.8695327,0.2091131,22.91685,21.32982,21.81507,0.9005318,0.886094,0.2390904,-0.1723887,0.3281474,0.1351881,SelectionStart
107.8237,24,2,3,0,0.9184995,0.8695327,0.2091131,22.91685,21.32982,21.81507,0.9005318,0.886094,0.2390904,-0.1723887,0.3281474,0.1351881,SelectionEnd
107.827,24,2,3,0,0.9184995,0.8695327,0.2091131,22.91685,21.32982,21.81507,0.9005318,0.886094,0.2390904,-0.1723887,0.3281474,0.1351881,GotSelection
107.8388,24,2,3,0,0.918522,0.8695221,0.2092523,22.92688,21.29533,21.83744,0.9025005,0.886806,0.2396781,-0.1522887,0.3324386,0.1429988,SelectionStart
107.8388,24,2,3,0,0.918522,0.8695221,0.2092523,22.92688,21.29533,21.83744,0.9025005,0.886806,0.2396781,-0.1522887,0.3324386,0.1429988,SelectionEnd
107.8422,24,2,3,0,0.918522,0.8695221,0.2092523,22.92688,21.29533,21.83744,0.9025005,0.886806,0.2396781,-0.1522887,0.3324386,0.1429988,GotSelection
107.853,24,2,3,0,0.9185612,0.8693948,0.2092667,22.94955,21.26163,21.81815,0.9042826,0.8881589,0.239977,-0.1313298,0.3429005,0.1455821,SelectionStart
107.8531,24,2,3,0,0.9185612,0.8693948,0.2092667,22.94955,21.26163,21.81815,0.9042826,0.8881589,0.239977,-0.1313298,0.3429005,0.1455821,SelectionEnd
107.8563,24,2,3,0,0.9185612,0.8693948,0.2092667,22.94955,21.26163,21.81815,0.9042826,0.8881589,0.239977,-0.1313298,0.3429005,0.1455821,GotSelection
107.8665,24,2,3,0,0.9186725,0.8691958,0.2093218,22.95771,21.20971,21.76898,0.9072269,0.8909151,0.2405801,-0.09567554,0.3650231,0.1484199,SelectionStart
107.8665,24,2,3,0,0.9186725,0.8691958,0.2093218,22.95771,21.20971,21.76898,0.9072269,0.8909151,0.2405801,-0.09567554,0.3650231,0.1484199,SelectionEnd
107.8702,24,2,3,0,0.9186725,0.8691958,0.2093218,22.95771,21.20971,21.76898,0.9072269,0.8909151,0.2405801,-0.09567554,0.3650231,0.1484199,GotSelection
107.8815,24,2,3,0,0.9188615,0.8689365,0.2092545,22.96367,21.16995,21.69332,0.9101505,0.8941254,0.2413049,-0.05991717,0.3930309,0.1509368,SelectionStart
107.8815,24,2,3,0,0.9188615,0.8689365,0.2092545,22.96367,21.16995,21.69332,0.9101505,0.8941254,0.2413049,-0.05991717,0.3930309,0.1509368,SelectionEnd
107.8856,24,2,3,0,0.9188615,0.8689365,0.2092545,22.96367,21.16995,21.69332,0.9101505,0.8941254,0.2413049,-0.05991717,0.3930309,0.1509368,GotSelection
107.8976,24,2,3,0,0.9189456,0.8688002,0.2091127,22.95163,21.16747,21.64384,0.9133477,0.898038,0.2419287,-0.01862271,0.4252166,0.1521759,SelectionStart
107.8976,24,2,3,0,0.9189456,0.8688002,0.2091127,22.95163,21.16747,21.64384,0.9133477,0.898038,0.2419287,-0.01862271,0.4252166,0.1521759,SelectionEnd
107.901,24,2,3,0,0.9189456,0.8688002,0.2091127,22.95163,21.16747,21.64384,0.9133477,0.898038,0.2419287,-0.01862271,0.4252166,0.1521759,GotSelection
107.9116,24,2,3,0,0.9188942,0.8688644,0.2090908,22.9825,21.21134,21.67063,0.9157456,0.9015126,0.2421212,0.01571716,0.4508123,0.1484599,SelectionStart
107.9116,24,2,3,0,0.9188942,0.8688644,0.2090908,22.9825,21.21134,21.67063,0.9157456,0.9015126,0.2421212,0.01571716,0.4508123,0.1484599,SelectionEnd
107.9151,24,2,3,0,0.9188942,0.8688644,0.2090908,22.9825,21.21134,21.67063,0.9157456,0.9015126,0.2421212,0.01571716,0.4508123,0.1484599,GotSelection
107.9257,24,2,3,0,0.9188463,0.8690582,0.2090437,23.04209,21.30401,21.73859,0.9180261,0.9054279,0.2425219,0.04964323,0.4805841,0.1447892,SelectionStart
107.9258,24,2,3,0,0.9188463,0.8690582,0.2090437,23.04209,21.30401,21.73859,0.9180261,0.9054279,0.2425219,0.04964323,0.4805841,0.1447892,SelectionEnd
107.9292,24,2,3,0,0.9188463,0.8690582,0.2090437,23.04209,21.30401,21.73859,0.9180261,0.9054279,0.2425219,0.04964323,0.4805841,0.1447892,GotSelection
107.9385,24,2,3,0,0.9191006,0.8691516,0.2089561,23.05454,21.37263,21.78357,0.9194764,0.9081592,0.2427482,0.06939407,0.5025687,0.14084,SelectionStart
107.9385,24,2,3,0,0.9191006,0.8691516,0.2089561,23.05454,21.37263,21.78357,0.9194764,0.9081592,0.2427482,0.06939407,0.5025687,0.14084,SelectionEnd
107.9419,24,2,3,0,0.9191006,0.8691516,0.2089561,23.05454,21.37263,21.78357,0.9194764,0.9081592,0.2427482,0.06939407,0.5025687,0.14084,GotSelection
107.9529,24,2,3,0,0.9190325,0.8693746,0.2087846,23.04943,21.46449,21.84837,0.9203932,0.911307,0.2429948,0.08801284,0.5279632,0.1360558,SelectionStart
107.9529,24,2,3,0,0.9190325,0.8693746,0.2087846,23.04943,21.46449,21.84837,0.9203932,0.911307,0.2429948,0.08801284,0.5279632,0.1360558,SelectionEnd
107.9561,24,2,3,0,0.9190325,0.8693746,0.2087846,23.04943,21.46449,21.84837,0.9203932,0.911307,0.2429948,0.08801284,0.5279632,0.1360558,GotSelection
108.0009,24,2,3,0,0.9192962,0.869293,0.2086918,23.00614,21.45134,21.81209,0.9215603,0.9157611,0.2432342,0.1113007,0.5670881,0.1243969,SelectionStart
108.0009,24,2,3,0,0.9192962,0.869293,0.2086918,23.00614,21.45134,21.81209,0.9215603,0.9157611,0.2432342,0.1113007,0.5670881,0.1243969,SelectionEnd
108.0042,24,2,3,0,0.9192962,0.869293,0.2086918,23.00614,21.45134,21.81209,0.9215603,0.9157611,0.2432342,0.1113007,0.5670881,0.1243969,GotSelection
108.0145,24,2,3,0,0.9193092,0.8692818,0.2088788,23.03136,21.37476,21.76558,0.920361,0.91763,0.244932,0.1033598,0.5934384,0.1258353,SelectionStart
108.0145,24,2,3,0,0.9193092,0.8692818,0.2088788,23.03136,21.37476,21.76558,0.920361,0.91763,0.244932,0.1033598,0.5934384,0.1258353,SelectionEnd
108.0177,24,2,3,0,0.9193092,0.8692818,0.2088788,23.03136,21.37476,21.76558,0.920361,0.91763,0.244932,0.1033598,0.5934384,0.1258353,GotSelection
108.0276,24,2,3,0,0.9192883,0.8693761,0.2088611,23.05351,21.43594,21.81054,0.9195925,0.9172449,0.2456739,0.09323167,0.5946131,0.1314732,SelectionStart
108.0276,24,2,3,0,0.9192883,0.8693761,0.2088611,23.05351,21.43594,21.81054,0.9195925,0.9172449,0.2456739,0.09323167,0.5946131,0.1314732,SelectionEnd
108.031,24,2,3,0,0.9192883,0.8693761,0.2088611,23.05351,21.43594,21.81054,0.9195925,0.9172449,0.2456739,0.09323167,0.5946131,0.1314732,GotSelection
108.0416,24,2,3,0,0.9191692,0.8695771,0.2089766,23.09044,21.49076,21.88981,0.9185433,0.9162574,0.246765,0.07886855,0.5910464,0.1410522,SelectionStart
108.0416,24,2,3,0,0.9191692,0.8695771,0.2089766,23.09044,21.49076,21.88981,0.9185433,0.9162574,0.246765,0.07886855,0.5910464,0.1410522,SelectionEnd
108.0457,24,2,3,0,0.9191692,0.8695771,0.2089766,23.09044,21.49076,21.88981,0.9185433,0.9162574,0.246765,0.07886855,0.5910464,0.1410522,GotSelection
108.0563,24,2,3,0,0.9189508,0.8698373,0.2092868,23.12781,21.50829,21.99411,0.9179301,0.9148781,0.24766,0.06920542,0.5804552,0.15095,SelectionStart
108.0563,24,2,3,0,0.9189508,0.8698373,0.2092868,23.12781,21.50829,21.99411,0.9179301,0.9148781,0.24766,0.06920542,0.5804552,0.15095,SelectionEnd
108.0596,24,2,3,0,0.9189508,0.8698373,0.2092868,23.12781,21.50829,21.99411,0.9179301,0.9148781,0.24766,0.06920542,0.5804552,0.15095,GotSelection
108.0718,24,2,3,0,0.9184472,0.8703918,0.2097619,23.18448,21.55367,22.17243,0.9172397,0.9127145,0.2486837,0.05828995,0.55992,0.1653396,SelectionStart
108.0718,24,2,3,0,0.9184472,0.8703918,0.2097619,23.18448,21.55367,22.17243,0.9172397,0.9127145,0.2486837,0.05828995,0.55992,0.1653396,SelectionEnd
108.0752,24,2,3,0,0.9184472,0.8703918,0.2097619,23.18448,21.55367,22.17243,0.9172397,0.9127145,0.2486837,0.05828995,0.55992,0.1653396,GotSelection
108.0849,24,2,3,0,0.9180728,0.8707612,0.2100415,23.20823,21.58518,22.30417,0.9166019,0.9093773,0.2498329,0.04196912,0.5325738,0.1866096,SelectionStart
108.085,24,2,3,0,0.9180728,0.8707612,0.2100415,23.20823,21.58518,22.30417,0.9166019,0.9093773,0.2498329,0.04196912,0.5325738,0.1866096,SelectionEnd
108.0884,24,2,3,0,0.9180728,0.8707612,0.2100415,23.20823,21.58518,22.30417,0.9166019,0.9093773,0.2498329,0.04196912,0.5325738,0.1866096,GotSelection
108.099,24,2,3,0,0.9176891,0.8710791,0.2103191,23.20483,21.59585,22.42443,0.9158178,0.9068601,0.250532,0.02827504,0.5108771,0.2003017,SelectionStart
108.099,24,2,3,0,0.9176891,0.8710791,0.2103191,23.20483,21.59585,22.42443,0.9158178,0.9068601,0.250532,0.02827504,0.5108771,0.2003017,SelectionEnd
108.1042,24,2,3,0,0.9176891,0.8710791,0.2103191,23.20483,21.59585,22.42443,0.9158178,0.9068601,0.250532,0.02827504,0.5108771,0.2003017,GotSelection
108.1185,24,2,3,0,0.9170102,0.8716629,0.2106898,23.17649,21.58856,22.61182,0.91515,0.90092,0.2517423,0.004829056,0.4582786,0.2341145,SelectionStart
108.1185,24,2,3,0,0.9170102,0.8716629,0.2106898,23.17649,21.58856,22.61182,0.91515,0.90092,0.2517423,0.004829056,0.4582786,0.2341145,SelectionEnd
108.1218,24,2,3,0,0.9170102,0.8716629,0.2106898,23.17649,21.58856,22.61182,0.91515,0.90092,0.2517423,0.004829056,0.4582786,0.2341145,GotSelection
108.1336,24,2,3,0,0.9167625,0.8721672,0.2110409,23.16224,21.53327,22.73154,0.915164,0.8960168,0.2523461,-0.01153799,0.411982,0.2591782,SelectionStart
108.1337,24,2,3,0,0.9167625,0.8721672,0.2110409,23.16224,21.53327,22.73154,0.915164,0.8960168,0.2523461,-0.01153799,0.411982,0.2591782,SelectionEnd
108.137,24,2,3,0,0.9167625,0.8721672,0.2110409,23.16224,21.53327,22.73154,0.915164,0.8960168,0.2523461,-0.01153799,0.411982,0.2591782,GotSelection
108.1468,24,2,3,0,0.9165107,0.8725371,0.2112017,23.14158,21.52002,22.79802,0.9157017,0.8915019,0.2523812,-0.02115368,0.3671975,0.2805545,SelectionStart
108.1469,24,2,3,0,0.9165107,0.8725371,0.2112017,23.14158,21.52002,22.79802,0.9157017,0.8915019,0.2523812,-0.02115368,0.3671975,0.2805545,SelectionEnd
108.1503,24,2,3,0,0.9165107,0.8725371,0.2112017,23.14158,21.52002,22.79802,0.9157017,0.8915019,0.2523812,-0.02115368,0.3671975,0.2805545,GotSelection
108.1602,24,2,3,0,0.9163803,0.8727741,0.2111559,23.10665,21.5137,22.80257,0.9161348,0.8879511,0.2523833,-0.02976955,0.3331903,0.2982935,SelectionStart
108.1602,24,2,3,0,0.9163803,0.8727741,0.2111559,23.10665,21.5137,22.80257,0.9161348,0.8879511,0.2523833,-0.02976955,0.3331903,0.2982935,SelectionEnd
108.1635,24,2,3,0,0.9163803,0.8727741,0.2111559,23.10665,21.5137,22.80257,0.9161348,0.8879511,0.2523833,-0.02976955,0.3331903,0.2982935,GotSelection
108.2028,24,2,3,0,0.9159044,0.8730912,0.2116341,23.1338,21.50923,22.85188,0.9188238,0.876759,0.2508082,-0.03773705,0.2164215,0.33726,SelectionStart
108.2029,24,2,3,0,0.9159044,0.8730912,0.2116341,23.1338,21.50923,22.85188,0.9188238,0.876759,0.2508082,-0.03773705,0.2164215,0.33726,SelectionEnd
108.2063,24,2,3,0,0.9159044,0.8730912,0.2116341,23.1338,21.50923,22.85188,0.9188238,0.876759,0.2508082,-0.03773705,0.2164215,0.33726,GotSelection
108.2174,24,2,3,0,0.9155447,0.8733788,0.2119094,23.07657,21.46143,22.92124,0.919728,0.8732789,0.250302,-0.03774374,0.1767133,0.3501154,SelectionStart
108.2174,24,2,3,0,0.9155447,0.8733788,0.2119094,23.07657,21.46143,22.92124,0.919728,0.8732789,0.250302,-0.03774374,0.1767133,0.3501154,SelectionEnd
108.2213,24,2,3,0,0.9155447,0.8733788,0.2119094,23.07657,21.46143,22.92124,0.919728,0.8732789,0.250302,-0.03774374,0.1767133,0.3501154,GotSelection
108.2312,24,2,3,0,0.9150718,0.8736301,0.2121484,23.03203,21.40497,22.97691,0.9202719,0.8713917,0.2496625,-0.03394735,0.1512154,0.3546642,SelectionStart
108.2312,24,2,3,0,0.9150718,0.8736301,0.2121484,23.03203,21.40497,22.97691,0.9202719,0.8713917,0.2496625,-0.03394735,0.1512154,0.3546642,SelectionEnd
108.2346,24,2,3,0,0.9150718,0.8736301,0.2121484,23.03203,21.40497,22.97691,0.9202719,0.8713917,0.2496625,-0.03394735,0.1512154,0.3546642,GotSelection
108.2466,24,2,3,0,0.9148196,0.873832,0.2125671,23.0328,21.33372,23.05236,0.9205209,0.8699155,0.2488408,-0.03237136,0.1293828,0.3523292,SelectionStart
108.2466,24,2,3,0,0.9148196,0.873832,0.2125671,23.0328,21.33372,23.05236,0.9205209,0.8699155,0.2488408,-0.03237136,0.1293828,0.3523292,SelectionEnd
108.2499,24,2,3,0,0.9148196,0.873832,0.2125671,23.0328,21.33372,23.05236,0.9205209,0.8699155,0.2488408,-0.03237136,0.1293828,0.3523292,GotSelection
108.2595,24,2,3,0,0.9145651,0.8739172,0.2128304,23.07594,21.32689,23.12846,0.9209988,0.868664,0.2479233,-0.02786094,0.1105991,0.3497789,SelectionStart
108.2595,24,2,3,0,0.9145651,0.8739172,0.2128304,23.07594,21.32689,23.12846,0.9209988,0.868664,0.2479233,-0.02786094,0.1105991,0.3497789,SelectionEnd
108.2628,24,2,3,0,0.9145651,0.8739172,0.2128304,23.07594,21.32689,23.12846,0.9209988,0.868664,0.2479233,-0.02786094,0.1105991,0.3497789,GotSelection
108.2728,24,2,3,0,0.914395,0.8740706,0.2129294,23.13948,21.41952,23.20854,0.9211698,0.8682744,0.2473927,-0.02570591,0.1025978,0.3474216,SelectionStart
108.2728,24,2,3,0,0.914395,0.8740706,0.2129294,23.13948,21.41952,23.20854,0.9211698,0.8682744,0.2473927,-0.02570591,0.1025978,0.3474216,SelectionEnd
108.2763,24,2,3,0,0.914395,0.8740706,0.2129294,23.13948,21.41952,23.20854,0.9211698,0.8682744,0.2473927,-0.02570591,0.1025978,0.3474216,GotSelection
108.2887,24,2,3,0,0.914119,0.8743039,0.2128872,23.18654,21.56641,23.3404,0.921007,0.8678143,0.24694,-0.02692921,0.09495717,0.3467957,SelectionStart
108.2887,24,2,3,0,0.914119,0.8743039,0.2128872,23.18654,21.56641,23.3404,0.921007,0.8678143,0.24694,-0.02692921,0.09495717,0.3467957,SelectionEnd
108.2922,24,2,3,0,0.914119,0.8743039,0.2128872,23.18654,21.56641,23.3404,0.921007,0.8678143,0.24694,-0.02692921,0.09495717,0.3467957,GotSelection
108.3019,24,2,3,0,0.9140773,0.8745555,0.2128974,23.21081,21.67811,23.4772,0.9206983,0.8678688,0.246544,-0.02970342,0.09233027,0.3429793,SelectionStart
108.3019,24,2,3,0,0.9140773,0.8745555,0.2128974,23.21081,21.67811,23.4772,0.9206983,0.8678688,0.246544,-0.02970342,0.09233027,0.3429793,SelectionEnd
108.3052,24,2,3,0,0.9140773,0.8745555,0.2128974,23.21081,21.67811,23.4772,0.9206983,0.8678688,0.246544,-0.02970342,0.09233027,0.3429793,GotSelection
108.3145,24,2,3,0,0.9138639,0.8748726,0.2131034,23.25515,21.7498,23.62518,0.9202952,0.8681592,0.246197,-0.03053983,0.09029138,0.337485,SelectionStart
108.3145,24,2,3,0,0.9138639,0.8748726,0.2131034,23.25515,21.7498,23.62518,0.9202952,0.8681592,0.246197,-0.03053983,0.09029138,0.337485,SelectionEnd
108.3179,24,2,3,0,0.9138639,0.8748726,0.2131034,23.25515,21.7498,23.62518,0.9202952,0.8681592,0.246197,-0.03053983,0.09029138,0.337485,GotSelection
108.3305,24,2,3,0,0.9137613,0.8750203,0.2134262,23.30934,21.7577,23.72655,0.9194798,0.8692806,0.2462937,-0.0327952,0.09962531,0.3290347,SelectionStart
108.3305,24,2,3,0,0.9137613,0.8750203,0.2134262,23.30934,21.7577,23.72655,0.9194798,0.8692806,0.2462937,-0.0327952,0.09962531,0.3290347,SelectionEnd
108.3338,24,2,3,0,0.9137613,0.8750203,0.2134262,23.30934,21.7577,23.72655,0.9194798,0.8692806,0.2462937,-0.0327952,0.09962531,0.3290347,GotSelection
108.3442,24,2,3,0,0.9137373,0.8750982,0.2134907,23.31005,21.74877,23.76306,0.9190385,0.870761,0.2466167,-0.03176086,0.1139622,0.3241841,SelectionStart
108.3442,24,2,3,0,0.9137373,0.8750982,0.2134907,23.31005,21.74877,23.76306,0.9190385,0.870761,0.2466167,-0.03176086,0.1139622,0.3241841,SelectionEnd
108.3477,24,2,3,0,0.9137373,0.8750982,0.2134907,23.31005,21.74877,23.76306,0.9190385,0.870761,0.2466167,-0.03176086,0.1139622,0.3241841,GotSelection
108.388,24,2,3,0,0.9140062,0.8751449,0.2126412,23.21827,21.73443,23.6286,0.9181826,0.8785249,0.2487127,-0.01937749,0.1969519,0.3150553,SelectionStart
108.388,24,2,3,0,0.9140062,0.8751449,0.2126412,23.21827,21.73443,23.6286,0.9181826,0.8785249,0.2487127,-0.01937749,0.1969519,0.3150553,SelectionEnd
108.3914,24,2,3,0,0.9140062,0.8751449,0.2126412,23.21827,21.73443,23.6286,0.9181826,0.8785249,0.2487127,-0.01937749,0.1969519,0.3150553,GotSelection
108.4008,24,2,3,0,0.9140944,0.8751776,0.2123985,23.15593,21.7327,23.56062,0.9180963,0.8816758,0.2496627,-0.01201989,0.2297202,0.3125232,SelectionStart
108.4008,24,2,3,0,0.9140944,0.8751776,0.2123985,23.15593,21.7327,23.56062,0.9180963,0.8816758,0.2496627,-0.01201989,0.2297202,0.3125232,SelectionEnd
108.4043,24,2,3,0,0.9140944,0.8751776,0.2123985,23.15593,21.7327,23.56062,0.9180963,0.8816758,0.2496627,-0.01201989,0.2297202,0.3125232,GotSelection
108.4142,24,2,3,0,0.9141133,0.8752172,0.212128,23.10958,21.75247,23.51971,0.9178906,0.8845436,0.2507889,-0.006669862,0.2612644,0.3127238,SelectionStart
108.4142,24,2,3,0,0.9141133,0.8752172,0.212128,23.10958,21.75247,23.51971,0.9178906,0.8845436,0.2507889,-0.006669862,0.2612644,0.3127238,SelectionEnd
108.4177,24,2,3,0,0.9141133,0.8752172,0.212128,23.10958,21.75247,23.51971,0.9178906,0.8845436,0.2507889,-0.006669862,0.2612644,0.3127238,GotSelection
108.4282,24,2,3,0,0.9142438,0.8752567,0.2119107,23.08827,21.7455,23.45753,0.9171461,0.8882664,0.2518137,-0.003786657,0.3010612,0.3058737,SelectionStart
108.4282,24,2,3,0,0.9142438,0.8752567,0.2119107,23.08827,21.7455,23.45753,0.9171461,0.8882664,0.2518137,-0.003786657,0.3010612,0.3058737,SelectionEnd
108.4323,24,2,3,0,0.9142438,0.8752567,0.2119107,23.08827,21.7455,23.45753,0.9171461,0.8882664,0.2518137,-0.003786657,0.3010612,0.3058737,GotSelection
108.4436,24,2,3,0,0.9141883,0.8753577,0.21198,23.05061,21.68459,23.435,0.9161755,0.8920149,0.2526897,-6.324017E-05,0.3383401,0.2954687,SelectionStart
108.4436,24,2,3,0,0.9141883,0.8753577,0.21198,23.05061,21.68459,23.435,0.9161755,0.8920149,0.2526897,-6.324017E-05,0.3383401,0.2954687,SelectionEnd
108.4469,24,2,3,0,0.9141883,0.8753577,0.21198,23.05061,21.68459,23.435,0.9161755,0.8920149,0.2526897,-6.324017E-05,0.3383401,0.2954687,GotSelection
108.4565,24,2,3,0,0.9141233,0.8754558,0.2120435,23.02902,21.66573,23.44049,0.9150366,0.8946279,0.2534257,-0.0018592,0.3657603,0.2877339,SelectionStart
108.4565,24,2,3,0,0.9141233,0.8754558,0.2120435,23.02902,21.66573,23.44049,0.9150366,0.8946279,0.2534257,-0.0018592,0.3657603,0.2877339,SelectionEnd
108.4599,24,2,3,0,0.9141233,0.8754558,0.2120435,23.02902,21.66573,23.44049,0.9150366,0.8946279,0.2534257,-0.0018592,0.3657603,0.2877339,GotSelection
108.4714,24,2,3,0,0.9139626,0.8756275,0.212212,23.05928,21.69032,23.52647,0.9136878,0.8982872,0.2542019,-0.0005744822,0.4018339,0.2747411,SelectionStart
108.4714,24,2,3,0,0.9139626,0.8756275,0.212212,23.05928,21.69032,23.52647,0.9136878,0.8982872,0.2542019,-0.0005744822,0.4018339,0.2747411,SelectionEnd
108.4747,24,2,3,0,0.9139626,0.8756275,0.212212,23.05928,21.69032,23.52647,0.9136878,0.8982872,0.2542019,-0.0005744822,0.4018339,0.2747411,GotSelection
108.4844,24,2,3,0,0.9137429,0.8758039,0.2124009,23.07571,21.70932,23.60979,0.9123716,0.9012223,0.2547311,-0.0005609525,0.4300139,0.2627166,SelectionStart
108.4844,24,2,3,0,0.9137429,0.8758039,0.2124009,23.07571,21.70932,23.60979,0.9123716,0.9012223,0.2547311,-0.0005609525,0.4300139,0.2627166,SelectionEnd
108.4877,24,2,3,0,0.9137429,0.8758039,0.2124009,23.07571,21.70932,23.60979,0.9123716,0.9012223,0.2547311,-0.0005609525,0.4300139,0.2627166,GotSelection
108.4973,24,2,3,0,0.913554,0.875871,0.2125946,23.08766,21.72405,23.66599,0.9113551,0.9040735,0.2552225,0.002009548,0.45751,0.2511759,SelectionStart
108.4973,24,2,3,0,0.913554,0.875871,0.2125946,23.08766,21.72405,23.66599,0.9113551,0.9040735,0.2552225,0.002009548,0.45751,0.2511759,SelectionEnd
108.5007,24,2,3,0,0.913554,0.875871,0.2125946,23.08766,21.72405,23.66599,0.9113551,0.9040735,0.2552225,0.002009548,0.45751,0.2511759,GotSelection
108.5103,24,2,3,0,0.9133694,0.8757972,0.2128093,23.12147,21.73384,23.69284,0.9106203,0.9079546,0.2556095,0.01168636,0.4938373,0.2346456,SelectionStart
108.5104,24,2,3,0,0.9133694,0.8757972,0.2128093,23.12147,21.73384,23.69284,0.9106203,0.9079546,0.2556095,0.01168636,0.4938373,0.2346456,SelectionEnd
108.514,24,2,3,0,0.9133694,0.8757972,0.2128093,23.12147,21.73384,23.69284,0.9106203,0.9079546,0.2556095,0.01168636,0.4938373,0.2346456,GotSelection
108.5244,24,2,3,0,0.9134277,0.8755113,0.2129229,23.16816,21.729,23.65639,0.9096327,0.9109818,0.2558885,0.01392287,0.5258432,0.2187993,SelectionStart
108.5244,24,2,3,0,0.9134277,0.8755113,0.2129229,23.16816,21.729,23.65639,0.9096327,0.9109818,0.2558885,0.01392287,0.5258432,0.2187993,SelectionEnd
108.5278,24,2,3,0,0.9134277,0.8755113,0.2129229,23.16816,21.729,23.65639,0.9096327,0.9109818,0.2558885,0.01392287,0.5258432,0.2187993,GotSelection
108.5669,24,2,3,0,0.9133605,0.8751289,0.2135726,23.22518,21.61687,23.64117,0.9079688,0.9204952,0.2562649,0.03754763,0.6134222,0.1709624,SelectionStart
108.5669,24,2,3,0,0.9133605,0.8751289,0.2135726,23.22518,21.61687,23.64117,0.9079688,0.9204952,0.2562649,0.03754763,0.6134222,0.1709624,SelectionEnd
108.5702,24,2,3,0,0.9133605,0.8751289,0.2135726,23.22518,21.61687,23.64117,0.9079688,0.9204952,0.2562649,0.03754763,0.6134222,0.1709624,GotSelection
108.5798,24,2,3,0,0.9132326,0.8751207,0.213838,23.26801,21.61645,23.72117,0.9073866,0.9233279,0.2561529,0.04568449,0.6371125,0.1542275,SelectionStart
108.5798,24,2,3,0,0.9132326,0.8751207,0.213838,23.26801,21.61645,23.72117,0.9073866,0.9233279,0.2561529,0.04568449,0.6371125,0.1542275,SelectionEnd
108.5831,24,2,3,0,0.9132326,0.8751207,0.213838,23.26801,21.61645,23.72117,0.9073866,0.9233279,0.2561529,0.04568449,0.6371125,0.1542275,GotSelection
108.5934,24,2,3,0,0.9130998,0.875176,0.2139188,23.32882,21.6835,23.80014,0.9071651,0.9247147,0.2557347,0.05135725,0.646444,0.1433268,SelectionStart
108.5934,24,2,3,0,0.9130998,0.875176,0.2139188,23.32882,21.6835,23.80014,0.9071651,0.9247147,0.2557347,0.05135725,0.646444,0.1433268,SelectionEnd
108.5969,24,2,3,0,0.9130998,0.875176,0.2139188,23.32882,21.6835,23.80014,0.9071651,0.9247147,0.2557347,0.05135725,0.646444,0.1433268,GotSelection
108.6077,24,2,3,0,0.9130089,0.8751112,0.2140245,23.40229,21.75461,23.86343,0.9063547,0.9268186,0.2554056,0.0540632,0.6648224,0.1272329,SelectionStart
108.6077,24,2,3,0,0.9130089,0.8751112,0.2140245,23.40229,21.75461,23.86343,0.9063547,0.9268186,0.2554056,0.0540632,0.6648224,0.1272329,SelectionEnd
108.6111,24,2,3,0,0.9130089,0.8751112,0.2140245,23.40229,21.75461,23.86343,0.9063547,0.9268186,0.2554056,0.0540632,0.6648224,0.1272329,GotSelection
108.6221,24,2,3,0,0.9130253,0.8749728,0.2140878,23.44847,21.78386,23.87719,0.9061053,0.9277796,0.2548523,0.05696921,0.6719296,0.1158777,SelectionStart
108.6221,24,2,3,0,0.9130253,0.8749728,0.2140878,23.44847,21.78386,23.87719,0.9061053,0.9277796,0.2548523,0.05696921,0.6719296,0.1158777,SelectionEnd
108.6255,24,2,3,0,0.9130253,0.8749728,0.2140878,23.44847,21.78386,23.87719,0.9061053,0.9277796,0.2548523,0.05696921,0.6719296,0.1158777,GotSelection
108.6349,24,2,3,0,0.9131518,0.8748127,0.214177,23.49715,21.81321,23.87157,0.9057673,0.9290718,0.2543021,0.05918596,0.6824335,0.1021567,SelectionStart
108.6349,24,2,3,0,0.9131518,0.8748127,0.214177,23.49715,21.81321,23.87157,0.9057673,0.9290718,0.2543021,0.05918596,0.6824335,0.1021567,SelectionEnd
108.6384,24,2,3,0,0.9131518,0.8748127,0.214177,23.49715,21.81321,23.87157,0.9057673,0.9290718,0.2543021,0.05918596,0.6824335,0.1021567,GotSelection
108.6477,24,2,3,0,0.9132751,0.8746531,0.214138,23.50997,21.80858,23.85418,0.9057688,0.9292632,0.2539893,0.05974615,0.6844038,0.09779784,SelectionStart
108.6478,24,2,3,0,0.9132751,0.8746531,0.214138,23.50997,21.80858,23.85418,0.9057688,0.9292632,0.2539893,0.05974615,0.6844038,0.09779784,SelectionEnd
108.6513,24,2,3,0,0.9132751,0.8746531,0.214138,23.50997,21.80858,23.85418,0.9057688,0.9292632,0.2539893,0.05974615,0.6844038,0.09779784,GotSelection
108.6637,24,2,3,0,0.9132509,0.8745986,0.2142495,23.50474,21.81593,23.87284,0.9055772,0.9290364,0.2537476,0.05840078,0.6815567,0.09488314,SelectionStart
108.6637,24,2,3,0,0.9132509,0.8745986,0.2142495,23.50474,21.81593,23.87284,0.9055772,0.9290364,0.2537476,0.05840078,0.6815567,0.09488314,SelectionEnd
108.6676,24,2,3,0,0.9132509,0.8745986,0.2142495,23.50474,21.81593,23.87284,0.9055772,0.9290364,0.2537476,0.05840078,0.6815567,0.09488314,GotSelection
108.6776,24,2,3,0,0.9132258,0.8746103,0.2141576,23.5058,21.81019,23.87351,0.9054986,0.9280344,0.2535425,0.05432954,0.6724468,0.09784675,SelectionStart
108.6776,24,2,3,0,0.9132258,0.8746103,0.2141576,23.5058,21.81019,23.87351,0.9054986,0.9280344,0.2535425,0.05432954,0.6724468,0.09784675,SelectionEnd
108.681,24,2,3,0,0.9132258,0.8746103,0.2141576,23.5058,21.81019,23.87351,0.9054986,0.9280344,0.2535425,0.05432954,0.6724468,0.09784675,GotSelection
108.6903,24,2,3,0,0.9133775,0.8745652,0.2141197,23.52937,21.83377,23.88246,0.9054441,0.926984,0.2535862,0.0484289,0.6648123,0.1015867,SelectionStart
108.6903,24,2,3,0,0.9133775,0.8745652,0.2141197,23.52937,21.83377,23.88246,0.9054441,0.926984,0.2535862,0.0484289,0.6648123,0.1015867,SelectionEnd
108.6937,24,2,3,0,0.9133775,0.8745652,0.2141197,23.52937,21.83377,23.88246,0.9054441,0.926984,0.2535862,0.0484289,0.6648123,0.1015867,GotSelection
108.7047,24,2,3,0,0.9133873,0.8745798,0.2141093,23.56909,21.88569,23.90718,0.9057382,0.9248503,0.2537985,0.04248933,0.646962,0.112651,SelectionStart
108.7047,24,2,3,0,0.9133873,0.8745798,0.2141093,23.56909,21.88569,23.90718,0.9057382,0.9248503,0.2537985,0.04248933,0.646962,0.112651,SelectionEnd
108.708,24,2,3,0,0.9133873,0.8745798,0.2141093,23.56909,21.88569,23.90718,0.9057382,0.9248503,0.2537985,0.04248933,0.646962,0.112651,GotSelection
108.7515,24,2,3,0,0.9130011,0.8751599,0.2140066,23.49062,21.873,23.97484,0.9085314,0.9149128,0.2554096,0.02942021,0.5575661,0.1822622,SelectionStart
108.7515,24,2,3,0,0.9130011,0.8751599,0.2140066,23.49062,21.873,23.97484,0.9085314,0.9149128,0.2554096,0.02942021,0.5575661,0.1822622,SelectionEnd
108.7548,24,2,3,0,0.9130011,0.8751599,0.2140066,23.49062,21.873,23.97484,0.9085314,0.9149128,0.2554096,0.02942021,0.5575661,0.1822622,GotSelection
108.7644,24,2,3,0,0.9128461,0.8753611,0.214028,23.46674,21.86234,23.99099,0.9094858,0.9109134,0.2561411,0.02253554,0.522365,0.2096122,SelectionStart
108.7644,24,2,3,0,0.9128461,0.8753611,0.214028,23.46674,21.86234,23.99099,0.9094858,0.9109134,0.2561411,0.02253554,0.522365,0.2096122,SelectionEnd
108.7677,24,2,3,0,0.9128461,0.8753611,0.214028,23.46674,21.86234,23.99099,0.9094858,0.9109134,0.2561411,0.02253554,0.522365,0.2096122,GotSelection
108.7806,24,2,3,0,0.9126318,0.8755679,0.2140897,23.41243,21.82422,23.98945,0.9109049,0.9062424,0.2568806,0.01795246,0.4797395,0.2415392,SelectionStart
108.7806,24,2,3,0,0.9126318,0.8755679,0.2140897,23.41243,21.82422,23.98945,0.9109049,0.9062424,0.2568806,0.01795246,0.4797395,0.2415392,SelectionEnd
108.7839,24,2,3,0,0.9126318,0.8755679,0.2140897,23.41243,21.82422,23.98945,0.9109049,0.9062424,0.2568806,0.01795246,0.4797395,0.2415392,GotSelection
108.7968,24,2,3,0,0.9124362,0.8756661,0.2141904,23.37226,21.77981,23.97363,0.9122198,0.9011967,0.2577277,0.01103754,0.4354677,0.2745345,SelectionStart
108.7968,24,2,3,0,0.9124362,0.8756661,0.2141904,23.37226,21.77981,23.97363,0.9122198,0.9011967,0.2577277,0.01103754,0.4354677,0.2745345,SelectionEnd
108.8,24,2,3,0,0.9124362,0.8756661,0.2141904,23.37226,21.77981,23.97363,0.9122198,0.9011967,0.2577277,0.01103754,0.4354677,0.2745345,GotSelection
108.8112,24,2,3,0,0.912302,0.8758371,0.2143331,23.35113,21.72774,23.9423,0.9132876,0.8961275,0.2584707,0.001191378,0.3904281,0.3054026,SelectionStart
108.8112,24,2,3,0,0.912302,0.8758371,0.2143331,23.35113,21.72774,23.9423,0.9132876,0.8961275,0.2584707,0.001191378,0.3904281,0.3054026,SelectionEnd
108.8145,24,2,3,0,0.912302,0.8758371,0.2143331,23.35113,21.72774,23.9423,0.9132876,0.8961275,0.2584707,0.001191378,0.3904281,0.3054026,GotSelection
108.8238,24,2,3,0,0.9126546,0.8759015,0.214407,23.35091,21.69552,23.93957,0.914326,0.8922902,0.2587939,-0.007547319,0.3565003,0.3258061,SelectionStart
108.8238,24,2,3,0,0.9126546,0.8759015,0.214407,23.35091,21.69552,23.93957,0.914326,0.8922902,0.2587939,-0.007547319,0.3565003,0.3258061,SelectionEnd
108.8271,24,2,3,0,0.9126546,0.8759015,0.214407,23.35091,21.69552,23.93957,0.914326,0.8922902,0.2587939,-0.007547319,0.3565003,0.3258061,GotSelection
108.8386,24,2,3,0,0.9124202,0.8761938,0.2145741,23.33927,21.68122,23.97099,0.9156939,0.8876001,0.2591574,-0.01175993,0.310758,0.3532994,SelectionStart
108.8386,24,2,3,0,0.9124202,0.8761938,0.2145741,23.33927,21.68122,23.97099,0.9156939,0.8876001,0.2591574,-0.01175993,0.310758,0.3532994,SelectionEnd
108.8419,24,2,3,0,0.9124202,0.8761938,0.2145741,23.33927,21.68122,23.97099,0.9156939,0.8876001,0.2591574,-0.01175993,0.310758,0.3532994,GotSelection
108.8523,24,2,3,0,0.9120048,0.8765779,0.2148535,23.3142,21.6695,24.06395,0.9167054,0.8843982,0.2591977,-0.01125675,0.2751738,0.3707808,SelectionStart
108.8523,24,2,3,0,0.9120048,0.8765779,0.2148535,23.3142,21.6695,24.06395,0.9167054,0.8843982,0.2591977,-0.01125675,0.2751738,0.3707808,SelectionEnd
108.8557,24,2,3,0,0.9120048,0.8765779,0.2148535,23.3142,21.6695,24.06395,0.9167054,0.8843982,0.2591977,-0.01125675,0.2751738,0.3707808,GotSelection
108.8655,24,2,3,0,0.9117072,0.8769184,0.2151096,23.27677,21.62736,24.14866,0.9178073,0.8801013,0.2593207,-0.01520516,0.2310199,0.3933939,SelectionStart
108.8655,24,2,3,0,0.9117072,0.8769184,0.2151096,23.27677,21.62736,24.14866,0.9178073,0.8801013,0.2593207,-0.01520516,0.2310199,0.3933939,SelectionEnd
108.8688,24,2,3,0,0.9117072,0.8769184,0.2151096,23.27677,21.62736,24.14866,0.9178073,0.8801013,0.2593207,-0.01520516,0.2310199,0.3933939,GotSelection
108.88,24,2,3,0,0.9115226,0.8771172,0.2152498,23.266,21.60106,24.19801,0.9183826,0.877389,0.259063,-0.0182384,0.2021148,0.4043637,SelectionStart
108.8801,24,2,3,0,0.9115226,0.8771172,0.2152498,23.266,21.60106,24.19801,0.9183826,0.877389,0.259063,-0.0182384,0.2021148,0.4043637,SelectionEnd
108.8833,24,2,3,0,0.9115226,0.8771172,0.2152498,23.266,21.60106,24.19801,0.9183826,0.877389,0.259063,-0.0182384,0.2021148,0.4043637,GotSelection
108.8931,24,2,3,0,0.9112442,0.8773803,0.2155016,23.26496,21.59875,24.26903,0.9190152,0.8738364,0.2588146,-0.02329807,0.164723,0.4185303,SelectionStart
108.8931,24,2,3,0,0.9112442,0.8773803,0.2155016,23.26496,21.59875,24.26903,0.9190152,0.8738364,0.2588146,-0.02329807,0.164723,0.4185303,SelectionEnd
108.8966,24,2,3,0,0.9112442,0.8773803,0.2155016,23.26496,21.59875,24.26903,0.9190152,0.8738364,0.2588146,-0.02329807,0.164723,0.4185303,GotSelection
108.9064,24,2,3,0,0.9110388,0.877541,0.2155708,23.25116,21.62224,24.32132,0.9194381,0.8717504,0.2583289,-0.02517369,0.1411661,0.4249137,SelectionStart
108.9064,24,2,3,0,0.9110388,0.877541,0.2155708,23.25116,21.62224,24.32132,0.9194381,0.8717504,0.2583289,-0.02517369,0.1411661,0.4249137,SelectionEnd
108.91,24,2,3,0,0.9110388,0.877541,0.2155708,23.25116,21.62224,24.32132,0.9194381,0.8717504,0.2583289,-0.02517369,0.1411661,0.4249137,GotSelection
108.9524,24,2,3,0,0.9103788,0.8783394,0.216468,23.26266,21.53918,24.52067,0.9196674,0.8661717,0.2561359,-0.03490857,0.06908586,0.4268128,SelectionStart
108.9524,24,2,3,0,0.9103788,0.8783394,0.216468,23.26266,21.53918,24.52067,0.9196674,0.8661717,0.2561359,-0.03490857,0.06908586,0.4268128,SelectionEnd
108.9557,24,2,3,0,0.9103788,0.8783394,0.216468,23.26266,21.53918,24.52067,0.9196674,0.8661717,0.2561359,-0.03490857,0.06908586,0.4268128,GotSelection
108.9649,24,2,3,0,0.9101467,0.8785983,0.216564,23.25057,21.55531,24.59156,0.9197121,0.865226,0.2553931,-0.03555739,0.05393573,0.4252983,SelectionStart
108.965,24,2,3,0,0.9101467,0.8785983,0.216564,23.25057,21.55531,24.59156,0.9197121,0.865226,0.2553931,-0.03555739,0.05393573,0.4252983,SelectionEnd
108.9682,24,2,3,0,0.9101467,0.8785983,0.216564,23.25057,21.55531,24.59156,0.9197121,0.865226,0.2553931,-0.03555739,0.05393573,0.4252983,GotSelection
108.9805,24,2,3,0,0.9098384,0.8788548,0.2167099,23.23856,21.56325,24.65445,0.9191251,0.8647261,0.2546759,-0.03952784,0.04391247,0.4198589,SelectionStart
108.9805,24,2,3,0,0.9098384,0.8788548,0.2167099,23.23856,21.56325,24.65445,0.9191251,0.8647261,0.2546759,-0.03952784,0.04391247,0.4198589,SelectionEnd
108.984,24,2,3,0,0.9098384,0.8788548,0.2167099,23.23856,21.56325,24.65445,0.9191251,0.8647261,0.2546759,-0.03952784,0.04391247,0.4198589,GotSelection
108.994,24,2,3,0,0.9097537,0.8790578,0.2167591,23.23991,21.52683,24.6599,0.9185723,0.8646463,0.2541477,-0.04365442,0.03978232,0.414383,SelectionStart
108.9941,24,2,3,0,0.9097537,0.8790578,0.2167591,23.23991,21.52683,24.6599,0.9185723,0.8646463,0.2541477,-0.04365442,0.03978232,0.414383,SelectionEnd
108.9976,24,2,3,0,0.9097537,0.8790578,0.2167591,23.23991,21.52683,24.6599,0.9185723,0.8646463,0.2541477,-0.04365442,0.03978232,0.414383,GotSelection
109.009,24,2,3,0,0.9096415,0.8792198,0.2167904,23.22805,21.5092,24.67298,0.9180273,0.864724,0.2535728,-0.04678572,0.03707797,0.4079666,SelectionStart
109.009,24,2,3,0,0.9096415,0.8792198,0.2167904,23.22805,21.5092,24.67298,0.9180273,0.864724,0.2535728,-0.04678572,0.03707797,0.4079666,SelectionEnd
109.0123,24,2,3,0,0.9096415,0.8792198,0.2167904,23.22805,21.5092,24.67298,0.9180273,0.864724,0.2535728,-0.04678572,0.03707797,0.4079666,GotSelection
109.0216,24,2,3,0,0.9094711,0.879379,0.2167444,23.19634,21.50734,24.68269,0.9169537,0.8655475,0.2531063,-0.05183353,0.04282211,0.3985332,SelectionStart
109.0216,24,2,3,0,0.9094711,0.879379,0.2167444,23.19634,21.50734,24.68269,0.9169537,0.8655475,0.2531063,-0.05183353,0.04282211,0.3985332,SelectionEnd
109.025,24,2,3,0,0.9094711,0.879379,0.2167444,23.19634,21.50734,24.68269,0.9169537,0.8655475,0.2531063,-0.05183353,0.04282211,0.3985332,GotSelection
109.0347,24,2,3,0,0.9093359,0.8794752,0.2167052,23.15615,21.52857,24.69311,0.9165695,0.8668429,0.2531039,-0.04974082,0.053683,0.3931763,SelectionStart
109.0347,24,2,3,0,0.9093359,0.8794752,0.2167052,23.15615,21.52857,24.69311,0.9165695,0.8668429,0.2531039,-0.04974082,0.053683,0.3931763,SelectionEnd
109.0381,24,2,3,0,0.9093359,0.8794752,0.2167052,23.15615,21.52857,24.69311,0.9165695,0.8668429,0.2531039,-0.04974082,0.053683,0.3931763,GotSelection
109.0484,24,2,3,0,0.9093938,0.8794857,0.2166103,23.09404,21.48349,24.6727,0.9164684,0.8675359,0.2531357,-0.04869159,0.06003924,0.3910841,SelectionStart
109.0484,24,2,3,0,0.9093938,0.8794857,0.2166103,23.09404,21.48349,24.6727,0.9164684,0.8675359,0.2531357,-0.04869159,0.06003924,0.3910841,SelectionEnd
109.0518,24,2,3,0,0.9093938,0.8794857,0.2166103,23.09404,21.48349,24.6727,0.9164684,0.8675359,0.2531357,-0.04869159,0.06003924,0.3910841,GotSelection
109.0647,24,2,3,0,0.909182,0.8795832,0.2167392,23.06713,21.44108,24.70121,0.9163457,0.8698025,0.2534232,-0.03943815,0.07884263,0.3841688,SelectionStart
109.0647,24,2,3,0,0.909182,0.8795832,0.2167392,23.06713,21.44108,24.70121,0.9163457,0.8698025,0.2534232,-0.03943815,0.07884263,0.3841688,SelectionEnd
109.0683,24,2,3,0,0.909182,0.8795832,0.2167392,23.06713,21.44108,24.70121,0.9163457,0.8698025,0.2534232,-0.03943815,0.07884263,0.3841688,GotSelection
109.0787,24,2,3,0,0.9090119,0.8797147,0.2169211,23.0674,21.42826,24.74616,0.9165733,0.8730735,0.2539395,-0.02389977,0.1062068,0.3759183,SelectionStart
109.0787,24,2,3,0,0.9090119,0.8797147,0.2169211,23.0674,21.42826,24.74616,0.9165733,0.8730735,0.2539395,-0.02389977,0.1062068,0.3759183,SelectionEnd
109.0822,24,2,3,0,0.9090119,0.8797147,0.2169211,23.0674,21.42826,24.74616,0.9165733,0.8730735,0.2539395,-0.02389977,0.1062068,0.3759183,GotSelection
109.0934,24,2,3,0,0.9087951,0.8799103,0.2170117,23.08748,21.47508,24.81217,0.9169104,0.8765747,0.2543003,-0.006375095,0.1344901,0.3668771,SelectionStart
109.0934,24,2,3,0,0.9087951,0.8799103,0.2170117,23.08748,21.47508,24.81217,0.9169104,0.8765747,0.2543003,-0.006375095,0.1344901,0.3668771,SelectionEnd
109.0966,24,2,3,0,0.9087951,0.8799103,0.2170117,23.08748,21.47508,24.81217,0.9169104,0.8765747,0.2543003,-0.006375095,0.1344901,0.3668771,GotSelection
109.1568,24,2,3,0,0.9081246,0.8807537,0.2175552,23.11548,21.54201,25.08235,0.9187627,0.8915002,0.2561619,0.07079342,0.254267,0.3305466,SelectionStart
109.1568,24,2,3,0,0.9081246,0.8807537,0.2175552,23.11548,21.54201,25.08235,0.9187627,0.8915002,0.2561619,0.07079342,0.254267,0.3305466,SelectionEnd
109.1601,24,2,3,0,0.9081246,0.8807537,0.2175552,23.11548,21.54201,25.08235,0.9187627,0.8915002,0.2561619,0.07079342,0.254267,0.3305466,GotSelection
109.1698,24,2,3,0,0.9079742,0.8810312,0.2175118,23.09359,21.53843,25.12505,0.9185748,0.8943708,0.25661,0.08004883,0.2786609,0.3244328,SelectionStart
109.1698,24,2,3,0,0.9079742,0.8810312,0.2175118,23.09359,21.53843,25.12505,0.9185748,0.8943708,0.25661,0.08004883,0.2786609,0.3244328,SelectionEnd
109.1731,24,2,3,0,0.9079742,0.8810312,0.2175118,23.09359,21.53843,25.12505,0.9185748,0.8943708,0.25661,0.08004883,0.2786609,0.3244328,GotSelection
109.183,24,2,3,0,0.9079266,0.8811763,0.2173848,23.05314,21.53137,25.12359,0.9185098,0.8954667,0.256984,0.08271434,0.2890465,0.3251566,SelectionStart
109.183,24,2,3,0,0.9079266,0.8811763,0.2173848,23.05314,21.53137,25.12359,0.9185098,0.8954667,0.256984,0.08271434,0.2890465,0.3251566,SelectionEnd
109.1865,24,2,3,0,0.9079266,0.8811763,0.2173848,23.05314,21.53137,25.12359,0.9185098,0.8954667,0.256984,0.08271434,0.2890465,0.3251566,GotSelection
109.1966,24,2,3,0,0.907917,0.8812636,0.2172346,23.03629,21.53162,25.10902,0.9183624,0.8960763,0.2573008,0.08256187,0.296106,0.3267626,SelectionStart
109.1966,24,2,3,0,0.907917,0.8812636,0.2172346,23.03629,21.53162,25.10902,0.9183624,0.8960763,0.2573008,0.08256187,0.296106,0.3267626,SelectionEnd
109.2004,24,2,3,0,0.907917,0.8812636,0.2172346,23.03629,21.53162,25.10902,0.9183624,0.8960763,0.2573008,0.08256187,0.296106,0.3267626,GotSelection
109.2122,24,2,3,0,0.9079613,0.881408,0.2171015,22.99869,21.5088,25.07122,0.9177973,0.8960617,0.2578289,0.07497882,0.2994632,0.3312926,SelectionStart
109.2122,24,2,3,0,0.9079613,0.881408,0.2171015,22.99869,21.5088,25.07122,0.9177973,0.8960617,0.2578289,0.07497882,0.2994632,0.3312926,SelectionEnd
109.216,24,2,3,0,0.9079613,0.881408,0.2171015,22.99869,21.5088,25.07122,0.9177973,0.8960617,0.2578289,0.07497882,0.2994632,0.3312926,GotSelection
109.2259,24,2,3,0,0.9080654,0.8814701,0.2169922,22.96023,21.4697,25.00629,0.9170822,0.8955974,0.2582608,0.06418573,0.2996341,0.3355416,SelectionStart
109.2259,24,2,3,0,0.9080654,0.8814701,0.2169922,22.96023,21.4697,25.00629,0.9170822,0.8955974,0.2582608,0.06418573,0.2996341,0.3355416,SelectionEnd
109.2293,24,2,3,0,0.9080654,0.8814701,0.2169922,22.96023,21.4697,25.00629,0.9170822,0.8955974,0.2582608,0.06418573,0.2996341,0.3355416,GotSelection
109.2385,24,2,3,0,0.9080952,0.8815237,0.2168996,22.92849,21.46677,24.97775,0.916124,0.8942689,0.2586228,0.04855644,0.292617,0.3417808,SelectionStart
109.2385,24,2,3,0,0.9080952,0.8815237,0.2168996,22.92849,21.46677,24.97775,0.916124,0.8942689,0.2586228,0.04855644,0.292617,0.3417808,SelectionEnd
109.2421,24,2,3,0,0.9080952,0.8815237,0.2168996,22.92849,21.46677,24.97775,0.916124,0.8942689,0.2586228,0.04855644,0.292617,0.3417808,GotSelection
109.2514,24,2,3,0,0.9080863,0.8816301,0.2168453,22.90135,21.47597,24.9687,0.9148733,0.892478,0.2589843,0.02864324,0.2817266,0.3488003,SelectionStart
109.2514,24,2,3,0,0.9080863,0.8816301,0.2168453,22.90135,21.47597,24.9687,0.9148733,0.892478,0.2589843,0.02864324,0.2817266,0.3488003,SelectionEnd
109.2548,24,2,3,0,0.9080863,0.8816301,0.2168453,22.90135,21.47597,24.9687,0.9148733,0.892478,0.2589843,0.02864324,0.2817266,0.3488003,GotSelection
109.2642,24,2,3,0,0.9079708,0.8818132,0.2169028,22.8679,21.4634,24.98847,0.9132174,0.8893912,0.2593815,0.0009385693,0.259465,0.3596134,SelectionStart
109.2642,24,2,3,0,0.9079708,0.8818132,0.2169028,22.8679,21.4634,24.98847,0.9132174,0.8893912,0.2593815,0.0009385693,0.259465,0.3596134,SelectionEnd
109.2675,24,2,3,0,0.9079708,0.8818132,0.2169028,22.8679,21.4634,24.98847,0.9132174,0.8893912,0.2593815,0.0009385693,0.259465,0.3596134,GotSelection
109.2808,24,2,3,0,0.9077499,0.8820508,0.2172263,22.89051,21.44943,25.07157,0.9103541,0.884804,0.2591298,-0.04105047,0.2228089,0.3645779,SelectionStart
109.2808,24,2,3,0,0.9077499,0.8820508,0.2172263,22.89051,21.44943,25.07157,0.9103541,0.884804,0.2591298,-0.04105047,0.2228089,0.3645779,SelectionEnd
109.2841,24,2,3,0,0.9077499,0.8820508,0.2172263,22.89051,21.44943,25.07157,0.9103541,0.884804,0.2591298,-0.04105047,0.2228089,0.3645779,GotSelection
109.2972,24,2,3,0,0.9074317,0.8823511,0.2174273,22.86578,21.4531,25.17088,0.907295,0.8797577,0.2583136,-0.08553689,0.1797213,0.3675222,SelectionStart
109.2972,24,2,3,0,0.9074317,0.8823511,0.2174273,22.86578,21.4531,25.17088,0.907295,0.8797577,0.2583136,-0.08553689,0.1797213,0.3675222,SelectionEnd
109.3008,24,2,3,0,0.9074317,0.8823511,0.2174273,22.86578,21.4531,25.17088,0.907295,0.8797577,0.2583136,-0.08553689,0.1797213,0.3675222,GotSelection
109.3319,24,2,3,0,0.9070981,0.882319,0.217703,22.88709,21.42217,25.23212,0.9009482,0.8690211,0.2557021,-0.1781596,0.0910964,0.3641201,SelectionStart
109.332,24,2,3,0,0.9070981,0.882319,0.217703,22.88709,21.42217,25.23212,0.9009482,0.8690211,0.2557021,-0.1781596,0.0910964,0.3641201,SelectionEnd
109.3356,24,2,3,0,0.9070981,0.882319,0.217703,22.88709,21.42217,25.23212,0.9009482,0.8690211,0.2557021,-0.1781596,0.0910964,0.3641201,GotSelection
109.3829,24,2,3,0,0.9064608,0.8823594,0.2185128,22.86134,21.20422,25.24796,0.89167,0.8510277,0.2495232,-0.3165315,-0.07312285,0.3456684,SelectionStart
109.383,24,2,3,0,0.9064608,0.8823594,0.2185128,22.86134,21.20422,25.24796,0.89167,0.8510277,0.2495232,-0.3165315,-0.07312285,0.3456684,SelectionEnd
109.3865,24,2,3,0,0.9064608,0.8823594,0.2185128,22.86134,21.20422,25.24796,0.89167,0.8510277,0.2495232,-0.3165315,-0.07312285,0.3456684,GotSelection
109.4647,24,2,3,0,0.9057294,0.8829309,0.2189148,22.79193,21.17448,25.36093,0.8850866,0.8380563,0.2436867,-0.4142353,-0.2023089,0.3244748,SelectionStart
109.4647,24,2,3,0,0.9057294,0.8829309,0.2189148,22.79193,21.17448,25.36093,0.8850866,0.8380563,0.2436867,-0.4142353,-0.2023089,0.3244748,SelectionEnd
109.468,24,2,3,0,0.9057294,0.8829309,0.2189148,22.79193,21.17448,25.36093,0.8850866,0.8380563,0.2436867,-0.4142353,-0.2023089,0.3244748,GotSelection
109.4781,24,2,3,0,0.9056308,0.8827495,0.2189791,22.75763,21.14305,25.32318,0.8863312,0.8400183,0.2442981,-0.3940428,-0.1855689,0.3253033,SelectionStart
109.4781,24,2,3,0,0.9056308,0.8827495,0.2189791,22.75763,21.14305,25.32318,0.8863312,0.8400183,0.2442981,-0.3940428,-0.1855689,0.3253033,SelectionEnd
109.4818,24,2,3,0,0.9056308,0.8827495,0.2189791,22.75763,21.14305,25.32318,0.8863312,0.8400183,0.2442981,-0.3940428,-0.1855689,0.3253033,GotSelection
109.4919,24,2,3,0,0.9056248,0.8826402,0.2189925,22.7469,21.13301,25.31487,0.8879008,0.8433622,0.2456076,-0.3678741,-0.1543449,0.3283825,SelectionStart
109.492,24,2,3,0,0.9056248,0.8826402,0.2189925,22.7469,21.13301,25.31487,0.8879008,0.8433622,0.2456076,-0.3678741,-0.1543449,0.3283825,SelectionEnd
109.4957,24,2,3,0,0.9056248,0.8826402,0.2189925,22.7469,21.13301,25.31487,0.8879008,0.8433622,0.2456076,-0.3678741,-0.1543449,0.3283825,GotSelection
109.5055,24,2,3,0,0.9059583,0.882517,0.2189464,22.7596,21.13087,25.31014,0.8892799,0.8463632,0.2466499,-0.3475315,-0.125314,0.3292234,SelectionStart
109.5055,24,2,3,0,0.9059583,0.882517,0.2189464,22.7596,21.13087,25.31014,0.8892799,0.8463632,0.2466499,-0.3475315,-0.125314,0.3292234,SelectionEnd
109.5092,24,2,3,0,0.9059583,0.882517,0.2189464,22.7596,21.13087,25.31014,0.8892799,0.8463632,0.2466499,-0.3475315,-0.125314,0.3292234,GotSelection
109.5209,24,2,3,0,0.9059919,0.8824198,0.2189461,22.77537,21.13907,25.3188,0.8912134,0.8509246,0.2481873,-0.3139969,-0.08331493,0.3307987,SelectionStart
109.5209,24,2,3,0,0.9059919,0.8824198,0.2189461,22.77537,21.13907,25.3188,0.8912134,0.8509246,0.2481873,-0.3139969,-0.08331493,0.3307987,SelectionEnd
109.5244,24,2,3,0,0.9059919,0.8824198,0.2189461,22.77537,21.13907,25.3188,0.8912134,0.8509246,0.2481873,-0.3139969,-0.08331493,0.3307987,GotSelection
109.5362,24,2,3,0,0.9060577,0.8823203,0.2189194,22.82119,21.17687,25.32968,0.8933309,0.8558176,0.2498319,-0.2780086,-0.03806731,0.3326842,SelectionStart
109.5362,24,2,3,0,0.9060577,0.8823203,0.2189194,22.82119,21.17687,25.32968,0.8933309,0.8558176,0.2498319,-0.2780086,-0.03806731,0.3326842,SelectionEnd
109.5398,24,2,3,0,0.9060577,0.8823203,0.2189194,22.82119,21.17687,25.32968,0.8933309,0.8558176,0.2498319,-0.2780086,-0.03806731,0.3326842,GotSelection
109.5495,24,2,3,0,0.9061443,0.8822703,0.218916,22.86423,21.21273,25.33872,0.8952032,0.8604994,0.251327,-0.2452183,0.004835858,0.3331134,SelectionStart
109.5495,24,2,3,0,0.9061443,0.8822703,0.218916,22.86423,21.21273,25.33872,0.8952032,0.8604994,0.251327,-0.2452183,0.004835858,0.3331134,SelectionEnd
109.5527,24,2,3,0,0.9061443,0.8822703,0.218916,22.86423,21.21273,25.33872,0.8952032,0.8604994,0.251327,-0.2452183,0.004835858,0.3331134,GotSelection
109.5628,24,2,3,0,0.9061916,0.8821905,0.2189135,22.87434,21.22148,25.33477,0.8965254,0.8643082,0.2524991,-0.2199177,0.04015945,0.3323092,SelectionStart
109.5629,24,2,3,0,0.9061916,0.8821905,0.2189135,22.87434,21.22148,25.33477,0.8965254,0.8643082,0.2524991,-0.2199177,0.04015945,0.3323092,SelectionEnd
109.5661,24,2,3,0,0.9061916,0.8821905,0.2189135,22.87434,21.22148,25.33477,0.8965254,0.8643082,0.2524991,-0.2199177,0.04015945,0.3323092,GotSelection
109.5755,24,2,3,0,0.9062127,0.8821496,0.2189876,22.8713,21.17991,25.3173,0.898004,0.8678903,0.2535623,-0.1934686,0.07165191,0.3317035,SelectionStart
109.5755,24,2,3,0,0.9062127,0.8821496,0.2189876,22.8713,21.17991,25.3173,0.898004,0.8678903,0.2535623,-0.1934686,0.07165191,0.3317035,SelectionEnd
109.5788,24,2,3,0,0.9062127,0.8821496,0.2189876,22.8713,21.17991,25.3173,0.898004,0.8678903,0.2535623,-0.1934686,0.07165191,0.3317035,GotSelection
109.5899,24,2,3,0,0.9062242,0.8821837,0.2189986,22.85823,21.12587,25.28781,0.8997717,0.8721632,0.2547958,-0.1621802,0.1085961,0.3317501,SelectionStart
109.5899,24,2,3,0,0.9062242,0.8821837,0.2189986,22.85823,21.12587,25.28781,0.8997717,0.8721632,0.2547958,-0.1621802,0.1085961,0.3317501,SelectionEnd
109.5932,24,2,3,0,0.9062242,0.8821837,0.2189986,22.85823,21.12587,25.28781,0.8997717,0.8721632,0.2547958,-0.1621802,0.1085961,0.3317501,GotSelection
109.6049,24,2,3,0,0.9061736,0.8822955,0.218976,22.84085,21.1343,25.30004,0.9010662,0.8759247,0.2558898,-0.13714,0.1413223,0.3316314,SelectionStart
109.6049,24,2,3,0,0.9061736,0.8822955,0.218976,22.84085,21.1343,25.30004,0.9010662,0.8759247,0.2558898,-0.13714,0.1413223,0.3316314,SelectionEnd
109.6084,24,2,3,0,0.9061736,0.8822955,0.218976,22.84085,21.1343,25.30004,0.9010662,0.8759247,0.2558898,-0.13714,0.1413223,0.3316314,GotSelection
109.6183,24,2,3,0,0.9060963,0.8823968,0.2189709,22.8275,21.14589,25.31726,0.9019266,0.8782127,0.2565814,-0.120985,0.1607119,0.3322484,SelectionStart
109.6184,24,2,3,0,0.9060963,0.8823968,0.2189709,22.8275,21.14589,25.31726,0.9019266,0.8782127,0.2565814,-0.120985,0.1607119,0.3322484,SelectionEnd
109.6216,24,2,3,0,0.9060963,0.8823968,0.2189709,22.8275,21.14589,25.31726,0.9019266,0.8782127,0.2565814,-0.120985,0.1607119,0.3322484,GotSelection
109.6597,24,2,3,0,0.9057627,0.8827401,0.2191416,22.78841,21.0921,25.35209,0.9030297,0.8825697,0.25752,-0.09260444,0.1943738,0.3282082,SelectionStart
109.6598,24,2,3,0,0.9057627,0.8827401,0.2191416,22.78841,21.0921,25.35209,0.9030297,0.8825697,0.25752,-0.09260444,0.1943738,0.3282082,SelectionEnd
109.6632,24,2,3,0,0.9057627,0.8827401,0.2191416,22.78841,21.0921,25.35209,0.9030297,0.8825697,0.25752,-0.09260444,0.1943738,0.3282082,GotSelection
109.6735,24,2,3,0,0.9056304,0.8827997,0.2192596,22.78207,21.06708,25.35585,0.9024431,0.8824288,0.2573332,-0.0969186,0.1923767,0.3248716,SelectionStart
109.6735,24,2,3,0,0.9056304,0.8827997,0.2192596,22.78207,21.06708,25.35585,0.9024431,0.8824288,0.2573332,-0.0969186,0.1923767,0.3248716,SelectionEnd
109.6768,24,2,3,0,0.9056304,0.8827997,0.2192596,22.78207,21.06708,25.35585,0.9024431,0.8824288,0.2573332,-0.0969186,0.1923767,0.3248716,GotSelection
109.6883,24,2,3,0,0.9055712,0.8828409,0.2194927,22.79118,21.05059,25.35903,0.9013533,0.8811017,0.2568749,-0.1105947,0.1802636,0.3207522,SelectionStart
109.6883,24,2,3,0,0.9055712,0.8828409,0.2194927,22.79118,21.05059,25.35903,0.9013533,0.8811017,0.2568749,-0.1105947,0.1802636,0.3207522,SelectionEnd
109.6916,24,2,3,0,0.9055712,0.8828409,0.2194927,22.79118,21.05059,25.35903,0.9013533,0.8811017,0.2568749,-0.1105947,0.1802636,0.3207522,GotSelection
109.7013,24,2,3,0,0.9053997,0.8829086,0.219647,22.78911,21.03082,25.37349,0.8991614,0.8785489,0.2560024,-0.1378362,0.1586055,0.3153343,SelectionStart
109.7013,24,2,3,0,0.9053997,0.8829086,0.219647,22.78911,21.03082,25.37349,0.8991614,0.8785489,0.2560024,-0.1378362,0.1586055,0.3153343,SelectionEnd
109.7046,24,2,3,0,0.9053997,0.8829086,0.219647,22.78911,21.03082,25.37349,0.8991614,0.8785489,0.2560024,-0.1378362,0.1586055,0.3153343,GotSelection
109.7146,24,2,3,0,0.9053575,0.8829295,0.219841,22.77577,20.99531,25.38562,0.8973386,0.8760918,0.2550891,-0.1621215,0.1370365,0.3095252,SelectionStart
109.7146,24,2,3,0,0.9053575,0.8829295,0.219841,22.77577,20.99531,25.38562,0.8973386,0.8760918,0.2550891,-0.1621215,0.1370365,0.3095252,SelectionEnd
109.7178,24,2,3,0,0.9053575,0.8829295,0.219841,22.77577,20.99531,25.38562,0.8973386,0.8760918,0.2550891,-0.1621215,0.1370365,0.3095252,GotSelection
109.7299,24,2,3,0,0.9051567,0.883055,0.2199868,22.77214,20.9695,25.41058,0.8948216,0.8724056,0.2534777,-0.1956362,0.102582,0.3014333,SelectionStart
109.73,24,2,3,0,0.9051567,0.883055,0.2199868,22.77214,20.9695,25.41058,0.8948216,0.8724056,0.2534777,-0.1956362,0.102582,0.3014333,SelectionEnd
109.7332,24,2,3,0,0.9051567,0.883055,0.2199868,22.77214,20.9695,25.41058,0.8948216,0.8724056,0.2534777,-0.1956362,0.102582,0.3014333,GotSelection
109.7446,24,2,3,0,0.9050226,0.8831664,0.2201268,22.77193,20.93982,25.4286,0.8922552,0.867929,0.2514538,-0.2326904,0.05990041,0.2924678,SelectionStart
109.7446,24,2,3,0,0.9050226,0.8831664,0.2201268,22.77193,20.93982,25.4286,0.8922552,0.867929,0.2514538,-0.2326904,0.05990041,0.2924678,SelectionEnd
109.748,24,2,3,0,0.9050226,0.8831664,0.2201268,22.77193,20.93982,25.4286,0.8922552,0.867929,0.2514538,-0.2326904,0.05990041,0.2924678,GotSelection
109.7577,24,2,3,0,0.9049448,0.8831541,0.2202009,22.77551,20.93531,25.43407,0.8901806,0.8642104,0.2497957,-0.2630625,0.02559638,0.2851961,SelectionStart
109.7578,24,2,3,0,0.9049448,0.8831541,0.2202009,22.77551,20.93531,25.43407,0.8901806,0.8642104,0.2497957,-0.2630625,0.02559638,0.2851961,SelectionEnd
109.7611,24,2,3,0,0.9049448,0.8831541,0.2202009,22.77551,20.93531,25.43407,0.8901806,0.8642104,0.2497957,-0.2630625,0.02559638,0.2851961,GotSelection
109.7715,24,2,3,0,0.9049006,0.8830649,0.2202615,22.78285,20.9444,25.42793,0.8871254,0.8589071,0.2472937,-0.3075021,-0.02276194,0.2731353,SelectionStart
109.7715,24,2,3,0,0.9049006,0.8830649,0.2202615,22.78285,20.9444,25.42793,0.8871254,0.8589071,0.2472937,-0.3075021,-0.02276194,0.2731353,SelectionEnd
109.7754,24,2,3,0,0.9049006,0.8830649,0.2202615,22.78285,20.9444,25.42793,0.8871254,0.8589071,0.2472937,-0.3075021,-0.02276194,0.2731353,GotSelection
109.7847,24,2,3,0,0.9050293,0.8829736,0.2202176,22.78901,20.95714,25.43102,0.8848604,0.8551708,0.2453573,-0.3410711,-0.05621732,0.2628254,SelectionStart
109.7847,24,2,3,0,0.9050293,0.8829736,0.2202176,22.78901,20.95714,25.43102,0.8848604,0.8551708,0.2453573,-0.3410711,-0.05621732,0.2628254,SelectionEnd
109.7881,24,2,3,0,0.9050293,0.8829736,0.2202176,22.78901,20.95714,25.43102,0.8848604,0.8551708,0.2453573,-0.3410711,-0.05621732,0.2628254,GotSelection
109.7975,24,2,3,0,0.9050176,0.8829318,0.2202162,22.7951,20.96468,25.43903,0.8829153,0.851622,0.243518,-0.3699235,-0.08949906,0.2540262,SelectionStart
109.7975,24,2,3,0,0.9050176,0.8829318,0.2202162,22.7951,20.96468,25.43903,0.8829153,0.851622,0.243518,-0.3699235,-0.08949906,0.2540262,SelectionEnd
109.8011,24,2,3,0,0.9050176,0.8829318,0.2202162,22.7951,20.96468,25.43903,0.8829153,0.851622,0.243518,-0.3699235,-0.08949906,0.2540262,GotSelection
109.8413,24,2,3,0,0.9052386,0.8828695,0.2200643,22.80643,20.97846,25.45301,0.879409,0.8433846,0.2390461,-0.4299433,-0.1694829,0.2358527,SelectionStart
109.8413,24,2,3,0,0.9052386,0.8828695,0.2200643,22.80643,20.97846,25.45301,0.879409,0.8433846,0.2390461,-0.4299433,-0.1694829,0.2358527,SelectionEnd
109.8447,24,2,3,0,0.9052386,0.8828695,0.2200643,22.80643,20.97846,25.45301,0.879409,0.8433846,0.2390461,-0.4299433,-0.1694829,0.2358527,GotSelection
109.8554,24,2,3,0,0.9055198,0.8827617,0.2198668,22.78148,20.97662,25.45434,0.8793727,0.8427146,0.2387417,-0.4349996,-0.1739664,0.2359276,SelectionStart
109.8555,24,2,3,0,0.9055198,0.8827617,0.2198668,22.78148,20.97662,25.45434,0.8793727,0.8427146,0.2387417,-0.4349996,-0.1739664,0.2359276,SelectionEnd
109.8589,24,2,3,0,0.9055198,0.8827617,0.2198668,22.78148,20.97662,25.45434,0.8793727,0.8427146,0.2387417,-0.4349996,-0.1739664,0.2359276,GotSelection
109.8693,24,2,3,0,0.9057081,0.8825817,0.2197459,22.79368,20.96691,25.42722,0.880177,0.8441001,0.2393608,-0.4241459,-0.1589237,0.2384357,SelectionStart
109.8694,24,2,3,0,0.9057081,0.8825817,0.2197459,22.79368,20.96691,25.42722,0.880177,0.8441001,0.2393608,-0.4241459,-0.1589237,0.2384357,SelectionEnd
109.8726,24,2,3,0,0.9057081,0.8825817,0.2197459,22.79368,20.96691,25.42722,0.880177,0.8441001,0.2393608,-0.4241459,-0.1589237,0.2384357,GotSelection
109.8821,24,2,3,0,0.9057628,0.8824453,0.2196331,22.80869,20.97879,25.40093,0.881206,0.8458509,0.2403884,-0.4094422,-0.1401882,0.2442907,SelectionStart
109.8821,24,2,3,0,0.9057628,0.8824453,0.2196331,22.80869,20.97879,25.40093,0.881206,0.8458509,0.2403884,-0.4094422,-0.1401882,0.2442907,SelectionEnd
109.8854,24,2,3,0,0.9057628,0.8824453,0.2196331,22.80869,20.97879,25.40093,0.881206,0.8458509,0.2403884,-0.4094422,-0.1401882,0.2442907,GotSelection
109.8973,24,2,3,0,0.9059435,0.8823267,0.2195354,22.83353,20.99774,25.3896,0.8828235,0.848332,0.2419899,-0.38862,-0.1138,0.253792,SelectionStart
109.8974,24,2,3,0,0.9059435,0.8823267,0.2195354,22.83353,20.99774,25.3896,0.8828235,0.848332,0.2419899,-0.38862,-0.1138,0.253792,SelectionEnd
109.9007,24,2,3,0,0.9059435,0.8823267,0.2195354,22.83353,20.99774,25.3896,0.8828235,0.848332,0.2419899,-0.38862,-0.1138,0.253792,GotSelection
109.9102,24,2,3,0,0.9060229,0.8823295,0.2193962,22.83962,21.04023,25.40168,0.8847401,0.8517963,0.244,-0.361577,-0.0789248,0.2649697,SelectionStart
109.9102,24,2,3,0,0.9060229,0.8823295,0.2193962,22.83962,21.04023,25.40168,0.8847401,0.8517963,0.244,-0.361577,-0.0789248,0.2649697,SelectionEnd
109.9137,24,2,3,0,0.9060229,0.8823295,0.2193962,22.83962,21.04023,25.40168,0.8847401,0.8517963,0.244,-0.361577,-0.0789248,0.2649697,GotSelection
109.9234,24,2,3,0,0.9061035,0.8824397,0.2192307,22.85343,21.09384,25.42178,0.8871426,0.8556036,0.2462948,-0.3297075,-0.04178803,0.2795584,SelectionStart
109.9234,24,2,3,0,0.9061035,0.8824397,0.2192307,22.85343,21.09384,25.42178,0.8871426,0.8556036,0.2462948,-0.3297075,-0.04178803,0.2795584,SelectionEnd
109.9268,24,2,3,0,0.9061035,0.8824397,0.2192307,22.85343,21.09384,25.42178,0.8871426,0.8556036,0.2462948,-0.3297075,-0.04178803,0.2795584,GotSelection
109.9389,24,2,3,0,0.9060792,0.8825935,0.219116,22.85245,21.14393,25.47157,0.8893325,0.8587137,0.2481907,-0.3010855,-0.01274362,0.2927544,SelectionStart
109.9389,24,2,3,0,0.9060792,0.8825935,0.219116,22.85245,21.14393,25.47157,0.8893325,0.8587137,0.2481907,-0.3010855,-0.01274362,0.2927544,SelectionEnd
109.9424,24,2,3,0,0.9060792,0.8825935,0.219116,22.85245,21.14393,25.47157,0.8893325,0.8587137,0.2481907,-0.3010855,-0.01274362,0.2927544,GotSelection
109.9523,24,2,3,0,0.9060141,0.8827877,0.2189561,22.83114,21.18818,25.52323,0.8918834,0.8628033,0.250681,-0.2660823,0.02617504,0.3092171,SelectionStart
109.9523,24,2,3,0,0.9060141,0.8827877,0.2189561,22.83114,21.18818,25.52323,0.8918834,0.8628033,0.250681,-0.2660823,0.02617504,0.3092171,SelectionEnd
109.9556,24,2,3,0,0.9060141,0.8827877,0.2189561,22.83114,21.18818,25.52323,0.8918834,0.8628033,0.250681,-0.2660823,0.02617504,0.3092171,GotSelection
109.9655,24,2,3,0,0.9060415,0.8828474,0.2187982,22.82037,21.2117,25.5169,0.8937744,0.8660592,0.2523637,-0.2393339,0.05705057,0.3189338,SelectionStart
109.9655,24,2,3,0,0.9060415,0.8828474,0.2187982,22.82037,21.2117,25.5169,0.8937744,0.8660592,0.2523637,-0.2393339,0.05705057,0.3189338,SelectionEnd
109.9688,24,2,3,0,0.9060415,0.8828474,0.2187982,22.82037,21.2117,25.5169,0.8937744,0.8660592,0.2523637,-0.2393339,0.05705057,0.3189338,GotSelection
109.9804,24,2,3,0,0.9062333,0.8826764,0.2186486,22.81341,21.20019,25.44197,0.8962283,0.8702958,0.2543138,-0.2044106,0.09812366,0.327639,SelectionStart
109.9804,24,2,3,0,0.9062333,0.8826764,0.2186486,22.81341,21.20019,25.44197,0.8962283,0.8702958,0.2543138,-0.2044106,0.09812366,0.327639,SelectionEnd
109.9838,24,2,3,0,0.9062333,0.8826764,0.2186486,22.81341,21.20019,25.44197,0.8962283,0.8702958,0.2543138,-0.2044106,0.09812366,0.327639,GotSelection
110.0263,24,2,3,0,0.9065341,0.8823412,0.2183492,22.75605,21.1114,25.25443,0.9023907,0.8824732,0.258969,-0.1088435,0.2115424,0.3419324,SelectionStart
110.0264,24,2,3,0,0.9065341,0.8823412,0.2183492,22.75605,21.1114,25.25443,0.9023907,0.8824732,0.258969,-0.1088435,0.2115424,0.3419324,SelectionEnd
110.0299,24,2,3,0,0.9065341,0.8823412,0.2183492,22.75605,21.1114,25.25443,0.9023907,0.8824732,0.258969,-0.1088435,0.2115424,0.3419324,GotSelection
110.0407,24,2,3,0,0.9066333,0.8823658,0.2183685,22.75026,21.11715,25.28578,0.9035109,0.8847383,0.2597876,-0.0917697,0.2317156,0.3435653,SelectionStart
110.0407,24,2,3,0,0.9066333,0.8823658,0.2183685,22.75026,21.11715,25.28578,0.9035109,0.8847383,0.2597876,-0.0917697,0.2317156,0.3435653,SelectionEnd
110.044,24,2,3,0,0.9066333,0.8823658,0.2183685,22.75026,21.11715,25.28578,0.9035109,0.8847383,0.2597876,-0.0917697,0.2317156,0.3435653,GotSelection
110.0553,24,2,3,0,0.9064127,0.8825923,0.2184533,22.73589,21.13496,25.35756,0.9049518,0.8874461,0.2609975,-0.06830394,0.2537564,0.3492831,SelectionStart
110.0553,24,2,3,0,0.9064127,0.8825923,0.2184533,22.73589,21.13496,25.35756,0.9049518,0.8874461,0.2609975,-0.06830394,0.2537564,0.3492831,SelectionEnd
110.0586,24,2,3,0,0.9064127,0.8825923,0.2184533,22.73589,21.13496,25.35756,0.9049518,0.8874461,0.2609975,-0.06830394,0.2537564,0.3492831,GotSelection
110.0687,24,2,3,0,0.906151,0.8829859,0.2185419,22.71745,21.16029,25.43624,0.9058396,0.8890489,0.2620384,-0.05437347,0.2655181,0.3567755,SelectionStart
110.0688,24,2,3,0,0.906151,0.8829859,0.2185419,22.71745,21.16029,25.43624,0.9058396,0.8890489,0.2620384,-0.05437347,0.2655181,0.3567755,SelectionEnd
110.0725,24,2,3,0,0.906151,0.8829859,0.2185419,22.71745,21.16029,25.43624,0.9058396,0.8890489,0.2620384,-0.05437347,0.2655181,0.3567755,GotSelection
110.0838,24,2,3,0,0.9060276,0.8830032,0.2186868,22.72873,21.15766,25.46074,0.9061177,0.8894588,0.2626546,-0.04975101,0.2701197,0.360693,SelectionStart
110.0838,24,2,3,0,0.9060276,0.8830032,0.2186868,22.72873,21.15766,25.46074,0.9061177,0.8894588,0.2626546,-0.04975101,0.2701197,0.360693,SelectionEnd
110.0873,24,2,3,0,0.9060276,0.8830032,0.2186868,22.72873,21.15766,25.46074,0.9061177,0.8894588,0.2626546,-0.04975101,0.2701197,0.360693,GotSelection
110.0972,24,2,3,0,0.9058384,0.8830568,0.2188782,22.7064,21.10197,25.4542,0.906303,0.8895324,0.2634097,-0.0469011,0.2717427,0.3670624,SelectionStart
110.0972,24,2,3,0,0.9058384,0.8830568,0.2188782,22.7064,21.10197,25.4542,0.906303,0.8895324,0.2634097,-0.0469011,0.2717427,0.3670624,SelectionEnd
110.1011,24,2,3,0,0.9058384,0.8830568,0.2188782,22.7064,21.10197,25.4542,0.906303,0.8895324,0.2634097,-0.0469011,0.2717427,0.3670624,GotSelection
110.1156,24,2,3,0,0.9056817,0.8830224,0.2189619,22.70082,21.05802,25.43394,0.9059471,0.8886689,0.2642517,-0.05319639,0.2688196,0.3764479,SelectionStart
110.1157,24,2,3,0,0.9056817,0.8830224,0.2189619,22.70082,21.05802,25.43394,0.9059471,0.8886689,0.2642517,-0.05319639,0.2688196,0.3764479,SelectionEnd
110.1191,24,2,3,0,0.9056817,0.8830224,0.2189619,22.70082,21.05802,25.43394,0.9059471,0.8886689,0.2642517,-0.05319639,0.2688196,0.3764479,GotSelection
110.1301,24,2,3,0,0.9056355,0.8830009,0.2190993,22.72597,21.04473,25.43941,0.9050552,0.8869117,0.264367,-0.06776579,0.2564659,0.3801748,SelectionStart
110.1301,24,2,3,0,0.9056355,0.8830009,0.2190993,22.72597,21.04473,25.43941,0.9050552,0.8869117,0.264367,-0.06776579,0.2564659,0.3801748,SelectionEnd
110.1336,24,2,3,0,0.9056355,0.8830009,0.2190993,22.72597,21.04473,25.43941,0.9050552,0.8869117,0.264367,-0.06776579,0.2564659,0.3801748,GotSelection
110.1432,24,2,3,0,0.9054912,0.8829931,0.2192695,22.73653,21.05648,25.47712,0.9043329,0.8849853,0.2646596,-0.08094909,0.2425299,0.3867913,SelectionStart
110.1433,24,2,3,0,0.9054912,0.8829931,0.2192695,22.73653,21.05648,25.47712,0.9043329,0.8849853,0.2646596,-0.08094909,0.2425299,0.3867913,SelectionEnd
110.1466,24,2,3,0,0.9054912,0.8829931,0.2192695,22.73653,21.05648,25.47712,0.9043329,0.8849853,0.2646596,-0.08094909,0.2425299,0.3867913,GotSelection
110.1579,24,2,3,0,0.9053338,0.8830684,0.2193236,22.75078,21.10179,25.5275,0.9029654,0.8821411,0.2644471,-0.1035325,0.2201027,0.3916952,SelectionStart
110.1579,24,2,3,0,0.9053338,0.8830684,0.2193236,22.75078,21.10179,25.5275,0.9029654,0.8821411,0.2644471,-0.1035325,0.2201027,0.3916952,SelectionEnd
110.1613,24,2,3,0,0.9053338,0.8830684,0.2193236,22.75078,21.10179,25.5275,0.9029654,0.8821411,0.2644471,-0.1035325,0.2201027,0.3916952,GotSelection
110.1739,24,2,3,0,0.9051273,0.8831278,0.2194519,22.778,21.13259,25.58525,0.9007944,0.8776588,0.263703,-0.1384625,0.1831713,0.3951516,SelectionStart
110.1739,24,2,3,0,0.9051273,0.8831278,0.2194519,22.778,21.13259,25.58525,0.9007944,0.8776588,0.263703,-0.1384625,0.1831713,0.3951516,SelectionEnd
110.1773,24,2,3,0,0.9051273,0.8831278,0.2194519,22.778,21.13259,25.58525,0.9007944,0.8776588,0.263703,-0.1384625,0.1831713,0.3951516,GotSelection
110.2166,24,2,3,0,0.9049929,0.8831379,0.2196229,22.76952,21.09461,25.58435,0.8950942,0.8664358,0.260892,-0.2299232,0.08884738,0.3946299,SelectionStart
110.2166,24,2,3,0,0.9049929,0.8831379,0.2196229,22.76952,21.09461,25.58435,0.8950942,0.8664358,0.260892,-0.2299232,0.08884738,0.3946299,SelectionEnd
110.2198,24,2,3,0,0.9049929,0.8831379,0.2196229,22.76952,21.09461,25.58435,0.8950942,0.8664358,0.260892,-0.2299232,0.08884738,0.3946299,GotSelection
110.2304,24,2,3,0,0.9049429,0.8831379,0.2195717,22.74836,21.09072,25.56597,0.8931938,0.861958,0.2595699,-0.2630017,0.04963205,0.3948816,SelectionStart
110.2304,24,2,3,0,0.9049429,0.8831379,0.2195717,22.74836,21.09072,25.56597,0.8931938,0.861958,0.2595699,-0.2630017,0.04963205,0.3948816,SelectionEnd
110.2339,24,2,3,0,0.9049429,0.8831379,0.2195717,22.74836,21.09072,25.56597,0.8931938,0.861958,0.2595699,-0.2630017,0.04963205,0.3948816,GotSelection
110.2444,24,2,3,0,0.9048279,0.8832057,0.2194752,22.72786,21.07518,25.55128,0.8918965,0.8579135,0.2581306,-0.288235,0.01127404,0.3953404,SelectionStart
110.2444,24,2,3,0,0.9048279,0.8832057,0.2194752,22.72786,21.07518,25.55128,0.8918965,0.8579135,0.2581306,-0.288235,0.01127404,0.3953404,SelectionEnd
110.2477,24,2,3,0,0.9048279,0.8832057,0.2194752,22.72786,21.07518,25.55128,0.8918965,0.8579135,0.2581306,-0.288235,0.01127404,0.3953404,GotSelection
110.2574,24,2,3,0,0.9052815,0.8831702,0.2193749,22.72835,21.0501,25.52638,0.8909726,0.85531,0.2570894,-0.3095624,-0.01139114,0.3926517,SelectionStart
110.2574,24,2,3,0,0.9052815,0.8831702,0.2193749,22.72835,21.0501,25.52638,0.8909726,0.85531,0.2570894,-0.3095624,-0.01139114,0.3926517,SelectionEnd
110.2611,24,2,3,0,0.9052815,0.8831702,0.2193749,22.72835,21.0501,25.52638,0.8909726,0.85531,0.2570894,-0.3095624,-0.01139114,0.3926517,GotSelection
110.2722,24,2,3,0,0.9052957,0.8831529,0.2193539,22.72964,21.04706,25.50294,0.8902133,0.8524069,0.2557351,-0.3260482,-0.04036813,0.3897212,SelectionStart
110.2723,24,2,3,0,0.9052957,0.8831529,0.2193539,22.72964,21.04706,25.50294,0.8902133,0.8524069,0.2557351,-0.3260482,-0.04036813,0.3897212,SelectionEnd
110.2757,24,2,3,0,0.9052957,0.8831529,0.2193539,22.72964,21.04706,25.50294,0.8902133,0.8524069,0.2557351,-0.3260482,-0.04036813,0.3897212,GotSelection
110.2857,24,2,3,0,0.905278,0.8832316,0.2192922,22.71488,21.03967,25.48751,0.8897777,0.8507073,0.254983,-0.3358979,-0.05785632,0.3892379,SelectionStart
110.2857,24,2,3,0,0.905278,0.8832316,0.2192922,22.71488,21.03967,25.48751,0.8897777,0.8507073,0.254983,-0.3358979,-0.05785632,0.3892379,SelectionEnd
110.289,24,2,3,0,0.905278,0.8832316,0.2192922,22.71488,21.03967,25.48751,0.8897777,0.8507073,0.254983,-0.3358979,-0.05785632,0.3892379,GotSelection
110.2986,24,2,3,0,0.9052082,0.8833041,0.2194156,22.68952,21.01889,25.49512,0.8893089,0.848996,0.2543394,-0.3454493,-0.07575572,0.3881772,SelectionStart
110.2986,24,2,3,0,0.9052082,0.8833041,0.2194156,22.68952,21.01889,25.49512,0.8893089,0.848996,0.2543394,-0.3454493,-0.07575572,0.3881772,SelectionEnd
110.302,24,2,3,0,0.9052082,0.8833041,0.2194156,22.68952,21.01889,25.49512,0.8893089,0.848996,0.2543394,-0.3454493,-0.07575572,0.3881772,GotSelection
110.3132,24,2,3,0,0.9052031,0.8832797,0.2195365,22.68039,21.00136,25.49562,0.8893747,0.8487768,0.2541802,-0.3450417,-0.07904025,0.3867651,SelectionStart
110.3132,24,2,3,0,0.9052031,0.8832797,0.2195365,22.68039,21.00136,25.49562,0.8893747,0.8487768,0.2541802,-0.3450417,-0.07904025,0.3867651,SelectionEnd
110.3168,24,2,3,0,0.9052031,0.8832797,0.2195365,22.68039,21.00136,25.49562,0.8893747,0.8487768,0.2541802,-0.3450417,-0.07904025,0.3867651,GotSelection
110.3264,24,2,3,0,0.9051812,0.8831773,0.2196295,22.69636,20.97914,25.49437,0.8896393,0.848947,0.254288,-0.3411634,-0.0773797,0.3869482,SelectionStart
110.3264,24,2,3,0,0.9051812,0.8831773,0.2196295,22.69636,20.97914,25.49437,0.8896393,0.848947,0.254288,-0.3411634,-0.0773797,0.3869482,SelectionEnd
110.3298,24,2,3,0,0.9051812,0.8831773,0.2196295,22.69636,20.97914,25.49437,0.8896393,0.848947,0.254288,-0.3411634,-0.0773797,0.3869482,GotSelection
110.3406,24,2,3,0,0.9051965,0.8831604,0.2196426,22.71018,20.97655,25.48558,0.8899163,0.8496741,0.2544708,-0.3359675,-0.07093803,0.3864545,SelectionStart
110.3407,24,2,3,0,0.9051965,0.8831604,0.2196426,22.71018,20.97655,25.48558,0.8899163,0.8496741,0.2544708,-0.3359675,-0.07093803,0.3864545,SelectionEnd
110.344,24,2,3,0,0.9051965,0.8831604,0.2196426,22.71018,20.97655,25.48558,0.8899163,0.8496741,0.2544708,-0.3359675,-0.07093803,0.3864545,GotSelection
110.3549,24,2,3,0,0.9051542,0.883146,0.219701,22.73015,20.98722,25.4869,0.8904758,0.8512658,0.2548861,-0.3245356,-0.05711492,0.3853134,SelectionStart
110.3549,24,2,3,0,0.9051542,0.883146,0.219701,22.73015,20.98722,25.4869,0.8904758,0.8512658,0.2548861,-0.3245356,-0.05711492,0.3853134,SelectionEnd
110.3582,24,2,3,0,0.9051542,0.883146,0.219701,22.73015,20.98722,25.4869,0.8904758,0.8512658,0.2548861,-0.3245356,-0.05711492,0.3853134,GotSelection
110.397,24,2,3,0,0.9051922,0.8830711,0.219915,22.74611,20.98362,25.53829,0.8928925,0.8582451,0.2575934,-0.2782764,0.008631333,0.3874733,SelectionStart
110.3971,24,2,3,0,0.9051922,0.8830711,0.219915,22.74611,20.98362,25.53829,0.8928925,0.8582451,0.2575934,-0.2782764,0.008631333,0.3874733,SelectionEnd
110.4003,24,2,3,0,0.9051922,0.8830711,0.219915,22.74611,20.98362,25.53829,0.8928925,0.8582451,0.2575934,-0.2782764,0.008631333,0.3874733,GotSelection
110.4111,24,2,3,0,0.9052356,0.8829811,0.2199451,22.77612,21.00168,25.53295,0.8939191,0.8610232,0.2587492,-0.2595395,0.03588572,0.3893301,SelectionStart
110.4111,24,2,3,0,0.9052356,0.8829811,0.2199451,22.77612,21.00168,25.53295,0.8939191,0.8610232,0.2587492,-0.2595395,0.03588572,0.3893301,SelectionEnd
110.415,24,2,3,0,0.9052356,0.8829811,0.2199451,22.77612,21.00168,25.53295,0.8939191,0.8610232,0.2587492,-0.2595395,0.03588572,0.3893301,GotSelection
110.426,24,2,3,0,0.9053407,0.8828344,0.2199508,22.79279,21.00269,25.51297,0.8953077,0.8645487,0.2601887,-0.23527,0.07047676,0.3917516,SelectionStart
110.426,24,2,3,0,0.9053407,0.8828344,0.2199508,22.79279,21.00269,25.51297,0.8953077,0.8645487,0.2601887,-0.23527,0.07047676,0.3917516,SelectionEnd
110.4293,24,2,3,0,0.9053407,0.8828344,0.2199508,22.79279,21.00269,25.51297,0.8953077,0.8645487,0.2601887,-0.23527,0.07047676,0.3917516,GotSelection
110.4394,24,2,3,0,0.9054688,0.882758,0.2199692,22.79918,20.97685,25.48111,0.8963835,0.8671401,0.2611383,-0.2172022,0.09489845,0.3926796,SelectionStart
110.4394,24,2,3,0,0.9054688,0.882758,0.2199692,22.79918,20.97685,25.48111,0.8963835,0.8671401,0.2611383,-0.2172022,0.09489845,0.3926796,SelectionEnd
110.4429,24,2,3,0,0.9054688,0.882758,0.2199692,22.79918,20.97685,25.48111,0.8963835,0.8671401,0.2611383,-0.2172022,0.09489845,0.3926796,GotSelection
110.4548,24,2,3,0,0.9055275,0.8826991,0.2199707,22.77778,20.93333,25.44548,0.8980308,0.871324,0.2626386,-0.1878265,0.1334751,0.3945898,SelectionStart
110.4548,24,2,3,0,0.9055275,0.8826991,0.2199707,22.77778,20.93333,25.44548,0.8980308,0.871324,0.2626386,-0.1878265,0.1334751,0.3945898,SelectionEnd
110.4582,24,2,3,0,0.9055275,0.8826991,0.2199707,22.77778,20.93333,25.44548,0.8980308,0.871324,0.2626386,-0.1878265,0.1334751,0.3945898,GotSelection
110.4684,24,2,3,0,0.9055476,0.8826869,0.2199453,22.77329,20.93371,25.43904,0.898895,0.8737846,0.263473,-0.1715587,0.1562631,0.3952178,SelectionStart
110.4684,24,2,3,0,0.9055476,0.8826869,0.2199453,22.77329,20.93371,25.43904,0.898895,0.8737846,0.263473,-0.1715587,0.1562631,0.3952178,SelectionEnd
110.4719,24,2,3,0,0.9055476,0.8826869,0.2199453,22.77329,20.93371,25.43904,0.898895,0.8737846,0.263473,-0.1715587,0.1562631,0.3952178,GotSelection
110.4847,24,2,3,0,0.9054891,0.8827939,0.2198799,22.77159,20.95762,25.45907,0.9000861,0.8767984,0.2642241,-0.1498062,0.1815128,0.3950329,SelectionStart
110.4847,24,2,3,0,0.9054891,0.8827939,0.2198799,22.77159,20.95762,25.45907,0.9000861,0.8767984,0.2642241,-0.1498062,0.1815128,0.3950329,SelectionEnd
110.4884,24,2,3,0,0.9054891,0.8827939,0.2198799,22.77159,20.95762,25.45907,0.9000861,0.8767984,0.2642241,-0.1498062,0.1815128,0.3950329,GotSelection
110.4985,24,2,3,0,0.9054309,0.8828461,0.2198429,22.77587,20.97597,25.47809,0.9010199,0.8795453,0.2648462,-0.1309509,0.2049337,0.3934489,SelectionStart
110.4986,24,2,3,0,0.9054309,0.8828461,0.2198429,22.77587,20.97597,25.47809,0.9010199,0.8795453,0.2648462,-0.1309509,0.2049337,0.3934489,SelectionEnd
110.5018,24,2,3,0,0.9054309,0.8828461,0.2198429,22.77587,20.97597,25.47809,0.9010199,0.8795453,0.2648462,-0.1309509,0.2049337,0.3934489,GotSelection
110.5134,24,2,3,0,0.9053556,0.8828996,0.2198819,22.80282,20.99191,25.5016,0.9015109,0.881622,0.2652015,-0.1180361,0.222311,0.3900215,SelectionStart
110.5135,24,2,3,0,0.9053556,0.8828996,0.2198819,22.80282,20.99191,25.5016,0.9015109,0.881622,0.2652015,-0.1180361,0.222311,0.3900215,SelectionEnd
110.5169,24,2,3,0,0.9053556,0.8828996,0.2198819,22.80282,20.99191,25.5016,0.9015109,0.881622,0.2652015,-0.1180361,0.222311,0.3900215,GotSelection
110.5266,24,2,3,0,0.905413,0.8828082,0.2199122,22.79861,20.99053,25.50288,0.9015138,0.8822725,0.2652491,-0.1155602,0.2288216,0.3870722,SelectionStart
110.5266,24,2,3,0,0.905413,0.8828082,0.2199122,22.79861,20.99053,25.50288,0.9015138,0.8822725,0.2652491,-0.1155602,0.2288216,0.3870722,SelectionEnd
110.5299,24,2,3,0,0.905413,0.8828082,0.2199122,22.79861,20.99053,25.50288,0.9015138,0.8822725,0.2652491,-0.1155602,0.2288216,0.3870722,GotSelection
110.5392,24,2,3,0,0.9053364,0.8828046,0.2199066,22.78235,20.99642,25.51,0.9015805,0.8828391,0.2653335,-0.1121469,0.2336251,0.3861182,SelectionStart
110.5392,24,2,3,0,0.9053364,0.8828046,0.2199066,22.78235,20.99642,25.51,0.9015805,0.8828391,0.2653335,-0.1121469,0.2336251,0.3861182,SelectionEnd
110.5427,24,2,3,0,0.9053364,0.8828046,0.2199066,22.78235,20.99642,25.51,0.9015805,0.8828391,0.2653335,-0.1121469,0.2336251,0.3861182,GotSelection
110.5851,24,2,3,0,0.9051723,0.8827618,0.2202713,22.76261,20.8761,25.5031,0.9001679,0.8811936,0.2646771,-0.127626,0.2181928,0.379729,SelectionStart
110.5851,24,2,3,0,0.9051723,0.8827618,0.2202713,22.76261,20.8761,25.5031,0.9001679,0.8811936,0.2646771,-0.127626,0.2181928,0.379729,SelectionEnd
110.5885,24,2,3,0,0.9051723,0.8827618,0.2202713,22.76261,20.8761,25.5031,0.9001679,0.8811936,0.2646771,-0.127626,0.2181928,0.379729,GotSelection
110.5981,24,2,3,0,0.9046242,0.8830996,0.2206509,22.78104,20.85065,25.6073,0.8974564,0.8760215,0.2628358,-0.1655828,0.1670469,0.3747697,SelectionStart
110.5981,24,2,3,0,0.9046242,0.8830996,0.2206509,22.78104,20.85065,25.6073,0.8974564,0.8760215,0.2628358,-0.1655828,0.1670469,0.3747697,SelectionEnd
110.6015,24,2,3,0,0.9046242,0.8830996,0.2206509,22.78104,20.85065,25.6073,0.8974564,0.8760215,0.2628358,-0.1655828,0.1670469,0.3747697,GotSelection
110.6131,24,2,3,0,0.9043226,0.8833284,0.2208414,22.77372,20.84555,25.67618,0.8965942,0.8730783,0.2615386,-0.1809678,0.1346215,0.3723706,SelectionStart
110.6131,24,2,3,0,0.9043226,0.8833284,0.2208414,22.77372,20.84555,25.67618,0.8965942,0.8730783,0.2615386,-0.1809678,0.1346215,0.3723706,SelectionEnd
110.6166,24,2,3,0,0.9043226,0.8833284,0.2208414,22.77372,20.84555,25.67618,0.8965942,0.8730783,0.2615386,-0.1809678,0.1346215,0.3723706,GotSelection
110.628,24,2,3,0,0.9040494,0.8835879,0.2210217,22.75486,20.83663,25.72485,0.8955502,0.8697748,0.2599706,-0.1995731,0.0981072,0.3685243,SelectionStart
110.628,24,2,3,0,0.9040494,0.8835879,0.2210217,22.75486,20.83663,25.72485,0.8955502,0.8697748,0.2599706,-0.1995731,0.0981072,0.3685243,SelectionEnd
110.6315,24,2,3,0,0.9040494,0.8835879,0.2210217,22.75486,20.83663,25.72485,0.8955502,0.8697748,0.2599706,-0.1995731,0.0981072,0.3685243,GotSelection
110.6428,24,2,3,0,0.903805,0.8838267,0.2211713,22.72112,20.82783,25.75928,0.8946084,0.8659843,0.2584334,-0.2196375,0.05762719,0.3672651,SelectionStart
110.6428,24,2,3,0,0.903805,0.8838267,0.2211713,22.72112,20.82783,25.75928,0.8946084,0.8659843,0.2584334,-0.2196375,0.05762719,0.3672651,SelectionEnd
110.6461,24,2,3,0,0.903805,0.8838267,0.2211713,22.72112,20.82783,25.75928,0.8946084,0.8659843,0.2584334,-0.2196375,0.05762719,0.3672651,GotSelection
110.6568,24,2,3,0,0.9036278,0.8840191,0.2212229,22.67789,20.79521,25.76162,0.8940457,0.8629926,0.257015,-0.2336952,0.0242897,0.3656488,SelectionStart
110.6568,24,2,3,0,0.9036278,0.8840191,0.2212229,22.67789,20.79521,25.76162,0.8940457,0.8629926,0.257015,-0.2336952,0.0242897,0.3656488,SelectionEnd
110.6602,24,2,3,0,0.9036278,0.8840191,0.2212229,22.67789,20.79521,25.76162,0.8940457,0.8629926,0.257015,-0.2336952,0.0242897,0.3656488,GotSelection
110.6717,24,2,3,0,0.9034873,0.8841909,0.2213491,22.63814,20.68582,25.71943,0.8934274,0.8585208,0.2550591,-0.253154,-0.02437589,0.3642872,SelectionStart
110.6717,24,2,3,0,0.9034873,0.8841909,0.2213491,22.63814,20.68582,25.71943,0.8934274,0.8585208,0.2550591,-0.253154,-0.02437589,0.3642872,SelectionEnd
110.675,24,2,3,0,0.9034873,0.8841909,0.2213491,22.63814,20.68582,25.71943,0.8934274,0.8585208,0.2550591,-0.253154,-0.02437589,0.3642872,GotSelection
110.685,24,2,3,0,0.9033856,0.8842425,0.2215145,22.62022,20.61773,25.69457,0.8928912,0.8550875,0.2533561,-0.2679992,-0.06205533,0.3602489,SelectionStart
110.6851,24,2,3,0,0.9033856,0.8842425,0.2215145,22.62022,20.61773,25.69457,0.8928912,0.8550875,0.2533561,-0.2679992,-0.06205533,0.3602489,SelectionEnd
110.6883,24,2,3,0,0.9033856,0.8842425,0.2215145,22.62022,20.61773,25.69457,0.8928912,0.8550875,0.2533561,-0.2679992,-0.06205533,0.3602489,GotSelection
110.699,24,2,3,0,0.9031862,0.8843868,0.2217108,22.59281,20.55134,25.67759,0.8923557,0.8509489,0.2510555,-0.28422,-0.1098533,0.3540496,SelectionStart
110.699,24,2,3,0,0.9031862,0.8843868,0.2217108,22.59281,20.55134,25.67759,0.8923557,0.8509489,0.2510555,-0.28422,-0.1098533,0.3540496,SelectionEnd
110.7023,24,2,3,0,0.9031862,0.8843868,0.2217108,22.59281,20.55134,25.67759,0.8923557,0.8509489,0.2510555,-0.28422,-0.1098533,0.3540496,GotSelection
110.7151,24,2,3,0,0.9033173,0.8844143,0.2217345,22.56653,20.50589,25.66291,0.8920181,0.8474141,0.2487313,-0.2990757,-0.1503805,0.345783,SelectionStart
110.7152,24,2,3,0,0.9033173,0.8844143,0.2217345,22.56653,20.50589,25.66291,0.8920181,0.8474141,0.2487313,-0.2990757,-0.1503805,0.345783,SelectionEnd
110.719,24,2,3,0,0.9033173,0.8844143,0.2217345,22.56653,20.50589,25.66291,0.8920181,0.8474141,0.2487313,-0.2990757,-0.1503805,0.345783,GotSelection
110.7309,24,2,3,0,0.903043,0.8846366,0.2218238,22.55172,20.51872,25.71821,0.8922675,0.8449309,0.247152,-0.3028309,-0.1827554,0.3432638,SelectionStart
110.7309,24,2,3,0,0.903043,0.8846366,0.2218238,22.55172,20.51872,25.71821,0.8922675,0.8449309,0.247152,-0.3028309,-0.1827554,0.3432638,SelectionEnd
110.7344,24,2,3,0,0.903043,0.8846366,0.2218238,22.55172,20.51872,25.71821,0.8922675,0.8449309,0.247152,-0.3028309,-0.1827554,0.3432638,GotSelection
110.7459,24,2,3,0,0.9025025,0.8848792,0.2220358,22.51227,20.52359,25.81427,0.8927609,0.8433487,0.2459066,-0.2988674,-0.2080359,0.3407247,SelectionStart
110.7459,24,2,3,0,0.9025025,0.8848792,0.2220358,22.51227,20.52359,25.81427,0.8927609,0.8433487,0.2459066,-0.2988674,-0.2080359,0.3407247,SelectionEnd
110.7494,24,2,3,0,0.9025025,0.8848792,0.2220358,22.51227,20.52359,25.81427,0.8927609,0.8433487,0.2459066,-0.2988674,-0.2080359,0.3407247,GotSelection
110.7969,24,2,3,0,0.9021792,0.8847986,0.2229269,22.56816,20.32974,25.89539,0.8956282,0.8443815,0.2445481,-0.2608268,-0.2182934,0.3278022,SelectionStart
110.7969,24,2,3,0,0.9021792,0.8847986,0.2229269,22.56816,20.32974,25.89539,0.8956282,0.8443815,0.2445481,-0.2608268,-0.2182934,0.3278022,SelectionEnd
110.8005,24,2,3,0,0.9021792,0.8847986,0.2229269,22.56816,20.32974,25.89539,0.8956282,0.8443815,0.2445481,-0.2608268,-0.2182934,0.3278022,GotSelection
110.8116,24,2,3,0,0.9021996,0.8846779,0.222957,22.61249,20.39143,25.931,0.8973916,0.8475271,0.245345,-0.2327903,-0.191623,0.3275796,SelectionStart
110.8116,24,2,3,0,0.9021996,0.8846779,0.222957,22.61249,20.39143,25.931,0.8973916,0.8475271,0.245345,-0.2327903,-0.191623,0.3275796,SelectionEnd
110.8149,24,2,3,0,0.9021996,0.8846779,0.222957,22.61249,20.39143,25.931,0.8973916,0.8475271,0.245345,-0.2327903,-0.191623,0.3275796,GotSelection
110.8259,24,2,3,0,0.9022262,0.8846816,0.2230242,22.64721,20.42994,25.96205,0.898863,0.8501111,0.2462774,-0.2103946,-0.1695009,0.3299135,SelectionStart
110.8259,24,2,3,0,0.9022262,0.8846816,0.2230242,22.64721,20.42994,25.96205,0.898863,0.8501111,0.2462774,-0.2103946,-0.1695009,0.3299135,SelectionEnd
110.8292,24,2,3,0,0.9022262,0.8846816,0.2230242,22.64721,20.42994,25.96205,0.898863,0.8501111,0.2462774,-0.2103946,-0.1695009,0.3299135,GotSelection
110.8391,24,2,3,0,0.9023012,0.8846622,0.2230288,22.66506,20.45469,25.99512,0.901099,0.8539377,0.2475812,-0.1768663,-0.1367741,0.3333926,SelectionStart
110.8392,24,2,3,0,0.9023012,0.8846622,0.2230288,22.66506,20.45469,25.99512,0.901099,0.8539377,0.2475812,-0.1768663,-0.1367741,0.3333926,SelectionEnd
110.8428,24,2,3,0,0.9023012,0.8846622,0.2230288,22.66506,20.45469,25.99512,0.901099,0.8539377,0.2475812,-0.1768663,-0.1367741,0.3333926,GotSelection
110.8559,24,2,3,0,0.9024049,0.8846582,0.2230037,22.67319,20.46417,26.01383,0.9042281,0.8585516,0.249577,-0.1332627,-0.09668772,0.3430266,SelectionStart
110.8559,24,2,3,0,0.9024049,0.8846582,0.2230037,22.67319,20.46417,26.01383,0.9042281,0.8585516,0.249577,-0.1332627,-0.09668772,0.3430266,SelectionEnd
110.8593,24,2,3,0,0.9024049,0.8846582,0.2230037,22.67319,20.46417,26.01383,0.9042281,0.8585516,0.249577,-0.1332627,-0.09668772,0.3430266,GotSelection
110.8721,24,2,3,0,0.9027013,0.8845771,0.2228291,22.67909,20.47044,25.97171,0.9069667,0.8625584,0.2514177,-0.09710832,-0.05952808,0.3527655,SelectionStart
110.8721,24,2,3,0,0.9027013,0.8845771,0.2228291,22.67909,20.47044,25.97171,0.9069667,0.8625584,0.2514177,-0.09710832,-0.05952808,0.3527655,SelectionEnd
110.8757,24,2,3,0,0.9027013,0.8845771,0.2228291,22.67909,20.47044,25.97171,0.9069667,0.8625584,0.2514177,-0.09710832,-0.05952808,0.3527655,GotSelection
110.8861,24,2,3,0,0.9029227,0.884497,0.2226979,22.68118,20.46754,25.9318,0.909602,0.8659505,0.2528656,-0.06307553,-0.0296032,0.3609836,SelectionStart
110.8861,24,2,3,0,0.9029227,0.884497,0.2226979,22.68118,20.46754,25.9318,0.909602,0.8659505,0.2528656,-0.06307553,-0.0296032,0.3609836,SelectionEnd
110.8897,24,2,3,0,0.9029227,0.884497,0.2226979,22.68118,20.46754,25.9318,0.909602,0.8659505,0.2528656,-0.06307553,-0.0296032,0.3609836,GotSelection
110.9007,24,2,3,0,0.9030194,0.8844334,0.2226021,22.66661,20.45527,25.8941,0.9119731,0.8691933,0.2542439,-0.0308758,-0.001253896,0.3684636,SelectionStart
110.9007,24,2,3,0,0.9030194,0.8844334,0.2226021,22.66661,20.45527,25.8941,0.9119731,0.8691933,0.2542439,-0.0308758,-0.001253896,0.3684636,SelectionEnd
110.904,24,2,3,0,0.9030194,0.8844334,0.2226021,22.66661,20.45527,25.8941,0.9119731,0.8691933,0.2542439,-0.0308758,-0.001253896,0.3684636,GotSelection
110.9141,24,2,3,0,0.9030932,0.8845097,0.2225229,22.63955,20.41408,25.86153,0.9126923,0.8710837,0.2550558,-0.01876485,0.01628161,0.3713342,SelectionStart
110.9141,24,2,3,0,0.9030932,0.8845097,0.2225229,22.63955,20.41408,25.86153,0.9126923,0.8710837,0.2550558,-0.01876485,0.01628161,0.3713342,SelectionEnd
110.9174,24,2,3,0,0.9030932,0.8845097,0.2225229,22.63955,20.41408,25.86153,0.9126923,0.8710837,0.2550558,-0.01876485,0.01628161,0.3713342,GotSelection
110.9304,24,2,3,0,0.9032121,0.8845795,0.2224199,22.63597,20.4141,25.84881,0.9137967,0.8729849,0.2558707,-0.003658961,0.0333468,0.3754805,SelectionStart
110.9305,24,2,3,0,0.9032121,0.8845795,0.2224199,22.63597,20.4141,25.84881,0.9137967,0.8729849,0.2558707,-0.003658961,0.0333468,0.3754805,SelectionEnd
110.9339,24,2,3,0,0.9032121,0.8845795,0.2224199,22.63597,20.4141,25.84881,0.9137967,0.8729849,0.2558707,-0.003658961,0.0333468,0.3754805,GotSelection
110.9443,24,2,3,0,0.903197,0.8847087,0.2223633,22.61649,20.43055,25.85514,0.9145976,0.8740722,0.2562886,0.006878585,0.04130522,0.3785959,SelectionStart
110.9443,24,2,3,0,0.903197,0.8847087,0.2223633,22.61649,20.43055,25.85514,0.9145976,0.8740722,0.2562886,0.006878585,0.04130522,0.3785959,SelectionEnd
110.9482,24,2,3,0,0.903197,0.8847087,0.2223633,22.61649,20.43055,25.85514,0.9145976,0.8740722,0.2562886,0.006878585,0.04130522,0.3785959,GotSelection
110.9922,24,2,3,0,0.9031857,0.8846763,0.2224853,22.62014,20.39702,25.83634,0.9111558,0.8737482,0.2552564,-0.02385264,0.04323142,0.3582973,SelectionStart
110.9923,24,2,3,0,0.9031857,0.8846763,0.2224853,22.62014,20.39702,25.83634,0.9111558,0.8737482,0.2552564,-0.02385264,0.04323142,0.3582973,SelectionEnd
110.9958,24,2,3,0,0.9031857,0.8846763,0.2224853,22.62014,20.39702,25.83634,0.9111558,0.8737482,0.2552564,-0.02385264,0.04323142,0.3582973,GotSelection
111.0061,24,2,3,0,0.90319,0.884541,0.222508,22.65974,20.4524,25.85685,0.908785,0.8733872,0.254447,-0.0454788,0.04459591,0.343975,SelectionStart
111.0062,24,2,3,0,0.90319,0.884541,0.222508,22.65974,20.4524,25.85685,0.908785,0.8733872,0.254447,-0.0454788,0.04459591,0.343975,SelectionEnd
111.0096,24,2,3,0,0.90319,0.884541,0.222508,22.65974,20.4524,25.85685,0.908785,0.8733872,0.254447,-0.0454788,0.04459591,0.343975,GotSelection
111.023,24,2,3,0,0.9032001,0.8844014,0.2227382,22.73886,20.53078,25.9093,0.9059417,0.8732505,0.2536725,-0.07026637,0.04870907,0.3255898,SelectionStart
111.023,24,2,3,0,0.9032001,0.8844014,0.2227382,22.73886,20.53078,25.9093,0.9059417,0.8732505,0.2536725,-0.07026637,0.04870907,0.3255898,SelectionEnd
111.0266,24,2,3,0,0.9032001,0.8844014,0.2227382,22.73886,20.53078,25.9093,0.9059417,0.8732505,0.2536725,-0.07026637,0.04870907,0.3255898,GotSelection
111.0388,24,2,3,0,0.9032887,0.8841819,0.2230986,22.8285,20.55015,25.97109,0.9027702,0.8731623,0.252535,-0.09713857,0.05261318,0.3010745,SelectionStart
111.0388,24,2,3,0,0.9032887,0.8841819,0.2230986,22.8285,20.55015,25.97109,0.9027702,0.8731623,0.252535,-0.09713857,0.05261318,0.3010745,SelectionEnd
111.0423,24,2,3,0,0.9032887,0.8841819,0.2230986,22.8285,20.55015,25.97109,0.9027702,0.8731623,0.252535,-0.09713857,0.05261318,0.3010745,GotSelection
111.0529,24,2,3,0,0.9032816,0.884021,0.2232776,22.92756,20.596,26.03481,0.8992428,0.8731567,0.2512977,-0.1265395,0.05793565,0.2762756,SelectionStart
111.0529,24,2,3,0,0.9032816,0.884021,0.2232776,22.92756,20.596,26.03481,0.8992428,0.8731567,0.2512977,-0.1265395,0.05793565,0.2762756,SelectionEnd
111.0563,24,2,3,0,0.9032816,0.884021,0.2232776,22.92756,20.596,26.03481,0.8992428,0.8731567,0.2512977,-0.1265395,0.05793565,0.2762756,GotSelection
111.0668,24,2,3,0,0.9032687,0.883939,0.2233787,22.99935,20.66571,26.10521,0.8961245,0.8731283,0.2499568,-0.1526447,0.0609366,0.2529482,SelectionStart
111.0668,24,2,3,0,0.9032687,0.883939,0.2233787,22.99935,20.66571,26.10521,0.8961245,0.8731283,0.2499568,-0.1526447,0.0609366,0.2529482,SelectionEnd
111.0701,24,2,3,0,0.9032687,0.883939,0.2233787,22.99935,20.66571,26.10521,0.8961245,0.8731283,0.2499568,-0.1526447,0.0609366,0.2529482,GotSelection
111.0879,24,2,3,0,0.9034715,0.8838301,0.2232715,23.10431,20.81301,26.21448,0.8896554,0.8731896,0.2474627,-0.2096717,0.07094156,0.2087189,Nothing
111.0969,24,2,3,0,0.9035792,0.8837957,0.2233301,23.12335,20.84889,26.26667,0.8873179,0.8732626,0.2468396,-0.2306144,0.07590536,0.1940307,Nothing
111.1139,24,2,3,0,0.9037043,0.8836987,0.2231534,23.14026,20.90613,26.2963,0.8828512,0.8729178,0.2456621,-0.2723052,0.08250362,0.1706712,Nothing
111.1255,24,2,3,0,0.90392,0.8834232,0.2230646,23.16601,20.89608,26.24791,0.8799055,0.8725869,0.2453849,-0.3012635,0.0902134,0.1587326,Nothing
111.1384,24,2,3,0,0.9042751,0.8832641,0.2227284,23.17873,20.89846,26.1747,0.8770412,0.8723267,0.2449453,-0.3311923,0.09788924,0.1474621,Nothing
111.1462,24,2,3,0,0.9045002,0.8831114,0.2224445,23.17863,20.9255,26.12447,0.8740655,0.872133,0.2444256,-0.3605471,0.1053555,0.1346924,Nothing
111.1543,24,2,3,0,0.9045407,0.8832114,0.2220976,23.1607,20.95912,26.08877,0.8721564,0.8719161,0.2442676,-0.3802467,0.1089665,0.1308582,Nothing
111.1623,24,2,3,0,0.9046489,0.8831925,0.2217663,23.13933,21.0048,26.0554,0.8702518,0.8717508,0.2440453,-0.3997261,0.1137521,0.12532,Nothing
111.1705,24,2,3,0,0.9045217,0.8831692,0.2216656,23.12341,21.04511,26.03921,0.8682991,0.8715541,0.2437955,-0.4171165,0.1166014,0.1182729,Nothing
111.1792,24,2,3,0,0.90456,0.8831999,0.2214651,23.10044,21.06749,26.02037,0.8663976,0.8711872,0.2437721,-0.4369806,0.1194962,0.1146873,Nothing
111.187,24,2,3,0,0.9045779,0.8832386,0.2213274,23.07931,21.07676,26.00432,0.8644903,0.870921,0.2436109,-0.455956,0.1221737,0.1091057,Nothing
111.1962,24,2,3,0,0.9045817,0.8832768,0.2211995,23.05081,21.07996,25.98667,0.8627167,0.8706773,0.2435597,-0.47364,0.1250966,0.1048341,Nothing
111.2051,24,2,3,0,0.9045868,0.8833057,0.2211013,23.01995,21.06176,25.95053,0.8601512,0.8703174,0.2435322,-0.4990335,0.1292554,0.09842045,Nothing
111.212,24,2,3,0,0.9045905,0.8832551,0.2210369,23.01225,21.06167,25.93323,0.8593549,0.8702025,0.2435651,-0.5068561,0.131331,0.09681581,Nothing
111.2205,24,2,3,0,0.9045597,0.8832495,0.2209604,22.98728,21.04455,25.89301,0.8569639,0.8700158,0.2435715,-0.5294993,0.1366403,0.09040003,Nothing
111.2291,24,2,3,0,0.9045145,0.8832407,0.2208327,22.96805,21.04518,25.86519,0.8556113,0.8700356,0.2436584,-0.5418389,0.141405,0.08771576,Nothing
111.2374,24,2,3,0,0.9044571,0.8832504,0.2207793,22.95206,21.04332,25.84872,0.8543427,0.8701389,0.2438127,-0.5529847,0.1465208,0.08506434,Nothing
111.2453,24,2,3,0,0.9043435,0.8833032,0.2207369,22.93172,21.04638,25.8492,0.8532318,0.8703717,0.2440655,-0.5619277,0.1523268,0.08350618,Nothing
111.2554,24,2,3,0,0.9045085,0.8833722,0.2207657,22.92219,21.04317,25.86338,0.8521991,0.8707705,0.2444245,-0.5720987,0.1603187,0.0810627,Nothing
111.262,24,2,3,0,0.9043796,0.8834475,0.2208016,22.9136,21.04132,25.88103,0.8516199,0.8714755,0.2448957,-0.5743358,0.1692559,0.08086142,Nothing
111.2714,24,2,3,0,0.9041216,0.8836308,0.2208429,22.90465,21.04528,25.91294,0.8504944,0.8722991,0.2454683,-0.5804865,0.180082,0.07999916,Nothing
111.2796,24,2,3,0,0.903936,0.8837337,0.2209796,22.90666,21.03805,25.95191,0.8500726,0.873123,0.2459761,-0.5801702,0.1891094,0.07966597,Nothing
111.2898,24,2,3,0,0.9037261,0.8838926,0.2208975,22.88935,21.03939,25.96725,0.8497444,0.8740498,0.2464469,-0.5789831,0.198796,0.0810317,Nothing
111.3025,24,2,3,0,0.9034141,0.8840458,0.2210525,22.89067,21.03806,26.01815,0.8494414,0.876116,0.2477312,-0.572715,0.2210203,0.08339199,Nothing
111.311,24,2,3,0,0.9033282,0.8840631,0.2211893,22.89244,21.03658,26.03869,0.8492543,0.8770401,0.2482814,-0.5705073,0.2312237,0.0830941,Nothing
111.3193,24,2,3,0,0.9030761,0.8841766,0.2213958,22.90769,21.02931,26.05563,0.8495739,0.8782259,0.2489957,-0.561578,0.2413368,0.08530188,Nothing
111.3284,24,2,3,0,0.902945,0.8842232,0.2215026,22.90659,21.01661,26.06875,0.8498287,0.8791936,0.2497334,-0.555186,0.251274,0.08860324,Nothing
111.336,24,2,3,0,0.9029649,0.8842581,0.2216611,22.89534,20.9923,26.09003,0.8501003,0.8801358,0.2506084,-0.5501507,0.2620025,0.09237128,Nothing
111.3449,24,2,3,0,0.9028538,0.8843209,0.2216823,22.87751,20.99032,26.09915,0.8503904,0.8809345,0.2513955,-0.5446557,0.2708911,0.09754051,Nothing
111.3542,24,2,3,0,0.9026715,0.8843809,0.221755,22.86316,20.98937,26.11886,0.8507826,0.882006,0.2525448,-0.5368903,0.2832302,0.1049257,Nothing
111.3609,24,2,3,0,0.9025555,0.8844823,0.2217706,22.84058,20.98852,26.13608,0.8510871,0.8824142,0.2532693,-0.5328635,0.2882107,0.1113655,Nothing
111.369,24,2,3,0,0.9024695,0.8845649,0.2217451,22.82145,20.9857,26.13826,0.8513303,0.8829548,0.2539791,-0.5291547,0.2947318,0.1171518,Nothing
111.3776,24,2,3,0,0.9023674,0.8846761,0.2218231,22.8095,20.978,26.15072,0.8513514,0.8830927,0.2545617,-0.5286652,0.2971954,0.1219744,Nothing
111.3854,24,2,3,0,0.90231,0.8847527,0.2218323,22.80084,20.98214,26.15623,0.8514945,0.8832877,0.2550921,-0.5271912,0.3001975,0.126722,SelectionStart
111.3854,24,2,3,0,0.90231,0.8847527,0.2218323,22.80084,20.98214,26.15623,0.8514945,0.8832877,0.2550921,-0.5271912,0.3001975,0.126722,SelectionEnd
111.3887,24,2,3,0,0.90231,0.8847527,0.2218323,22.80084,20.98214,26.15623,0.8514945,0.8832877,0.2550921,-0.5271912,0.3001975,0.126722,GotSelection
111.3988,24,2,3,0,0.9025937,0.8847246,0.2217535,22.7895,20.97777,26.15757,0.8516806,0.8833714,0.2556182,-0.5286098,0.3044059,0.1313142,SelectionStart
111.3988,24,2,3,0,0.9025937,0.8847246,0.2217535,22.7895,20.97777,26.15757,0.8516806,0.8833714,0.2556182,-0.5286098,0.3044059,0.1313142,SelectionEnd
111.4021,24,2,3,0,0.9025937,0.8847246,0.2217535,22.7895,20.97777,26.15757,0.8516806,0.8833714,0.2556182,-0.5286098,0.3044059,0.1313142,GotSelection
111.4121,24,2,3,0,0.9025015,0.8848935,0.2216726,22.76812,20.97415,26.1674,0.8515156,0.8830949,0.2558109,-0.5315319,0.3022606,0.1352815,SelectionStart
111.4121,24,2,3,0,0.9025015,0.8848935,0.2216726,22.76812,20.97415,26.1674,0.8515156,0.8830949,0.2558109,-0.5315319,0.3022606,0.1352815,SelectionEnd
111.4158,24,2,3,0,0.9025015,0.8848935,0.2216726,22.76812,20.97415,26.1674,0.8515156,0.8830949,0.2558109,-0.5315319,0.3022606,0.1352815,GotSelection
111.427,24,2,3,0,0.9023941,0.8849937,0.2216745,22.7491,20.98891,26.18081,0.8511183,0.8823161,0.2559434,-0.5380633,0.2963771,0.1387862,SelectionStart
111.4271,24,2,3,0,0.9023941,0.8849937,0.2216745,22.7491,20.98891,26.18081,0.8511183,0.8823161,0.2559434,-0.5380633,0.2963771,0.1387862,SelectionEnd
111.4303,24,2,3,0,0.9023941,0.8849937,0.2216745,22.7491,20.98891,26.18081,0.8511183,0.8823161,0.2559434,-0.5380633,0.2963771,0.1387862,GotSelection
111.4405,24,2,3,0,0.9023682,0.8850132,0.2216189,22.73502,20.99117,26.16945,0.8496546,0.8803223,0.2559799,-0.5598406,0.2839021,0.1426719,SelectionStart
111.4406,24,2,3,0,0.9023682,0.8850132,0.2216189,22.73502,20.99117,26.16945,0.8496546,0.8803223,0.2559799,-0.5598406,0.2839021,0.1426719,SelectionEnd
111.4438,24,2,3,0,0.9023682,0.8850132,0.2216189,22.73502,20.99117,26.16945,0.8496546,0.8803223,0.2559799,-0.5598406,0.2839021,0.1426719,GotSelection
111.4876,24,2,3,0,0.9022228,0.8852072,0.221569,22.67326,20.95227,26.13489,0.8433727,0.8724215,0.2516098,-0.6426171,0.2119442,0.1162715,SelectionStart
111.4877,24,2,3,0,0.9022228,0.8852072,0.221569,22.67326,20.95227,26.13489,0.8433727,0.8724215,0.2516098,-0.6426171,0.2119442,0.1162715,SelectionEnd
111.4909,24,2,3,0,0.9022228,0.8852072,0.221569,22.67326,20.95227,26.13489,0.8433727,0.8724215,0.2516098,-0.6426171,0.2119442,0.1162715,GotSelection
111.5017,24,2,3,0,0.9021317,0.8854182,0.2216364,22.66122,20.94644,26.16149,0.8416682,0.8702419,0.2501229,-0.6646584,0.1891635,0.1066148,SelectionStart
111.5017,24,2,3,0,0.9021317,0.8854182,0.2216364,22.66122,20.94644,26.16149,0.8416682,0.8702419,0.2501229,-0.6646584,0.1891635,0.1066148,SelectionEnd
111.505,24,2,3,0,0.9021317,0.8854182,0.2216364,22.66122,20.94644,26.16149,0.8416682,0.8702419,0.2501229,-0.6646584,0.1891635,0.1066148,GotSelection
111.5152,24,2,3,0,0.9019985,0.8855366,0.2216807,22.6505,20.93904,26.17971,0.8396667,0.8674928,0.2484543,-0.6907986,0.1622601,0.09659187,SelectionStart
111.5153,24,2,3,0,0.9019985,0.8855366,0.2216807,22.6505,20.93904,26.17971,0.8396667,0.8674928,0.2484543,-0.6907986,0.1622601,0.09659187,SelectionEnd
111.5185,24,2,3,0,0.9019985,0.8855366,0.2216807,22.6505,20.93904,26.17971,0.8396667,0.8674928,0.2484543,-0.6907986,0.1622601,0.09659187,GotSelection
111.5283,24,2,3,0,0.9018779,0.8856638,0.2218157,22.65256,20.93382,26.2097,0.8382611,0.8651128,0.2471933,-0.7106037,0.1384128,0.08990876,SelectionStart
111.5284,24,2,3,0,0.9018779,0.8856638,0.2218157,22.65256,20.93382,26.2097,0.8382611,0.8651128,0.2471933,-0.7106037,0.1384128,0.08990876,SelectionEnd
111.5316,24,2,3,0,0.9018779,0.8856638,0.2218157,22.65256,20.93382,26.2097,0.8382611,0.8651128,0.2471933,-0.7106037,0.1384128,0.08990876,GotSelection
111.5418,24,2,3,0,0.9019476,0.8858199,0.2217433,22.63266,20.91155,26.22081,0.8365647,0.8626068,0.2458949,-0.735791,0.1153367,0.08382405,SelectionStart
111.5418,24,2,3,0,0.9019476,0.8858199,0.2217433,22.63266,20.91155,26.22081,0.8365647,0.8626068,0.2458949,-0.735791,0.1153367,0.08382405,SelectionEnd
111.5452,24,2,3,0,0.9019476,0.8858199,0.2217433,22.63266,20.91155,26.22081,0.8365647,0.8626068,0.2458949,-0.735791,0.1153367,0.08382405,GotSelection
111.5548,24,2,3,0,0.9018795,0.8857954,0.2218663,22.62009,20.90319,26.2231,0.8373405,0.8609207,0.2445443,-0.7325293,0.09164073,0.08026282,SelectionStart
111.5548,24,2,3,0,0.9018795,0.8857954,0.2218663,22.62009,20.90319,26.2231,0.8373405,0.8609207,0.2445443,-0.7325293,0.09164073,0.08026282,SelectionEnd
111.5585,24,2,3,0,0.9018795,0.8857954,0.2218663,22.62009,20.90319,26.2231,0.8373405,0.8609207,0.2445443,-0.7325293,0.09164073,0.08026282,GotSelection
111.5682,24,2,3,0,0.901888,0.8858391,0.2218225,22.59333,20.90118,26.22011,0.836596,0.859003,0.2437476,-0.7463726,0.07354579,0.07870516,SelectionStart
111.5683,24,2,3,0,0.901888,0.8858391,0.2218225,22.59333,20.90118,26.22011,0.836596,0.859003,0.2437476,-0.7463726,0.07354579,0.07870516,SelectionEnd
111.5716,24,2,3,0,0.901888,0.8858391,0.2218225,22.59333,20.90118,26.22011,0.836596,0.859003,0.2437476,-0.7463726,0.07354579,0.07870516,GotSelection
111.5817,24,2,3,0,0.9018341,0.8858484,0.2217547,22.58167,20.90061,26.2146,0.8363365,0.8583809,0.2437501,-0.7510139,0.06907816,0.08105926,SelectionStart
111.5817,24,2,3,0,0.9018341,0.8858484,0.2217547,22.58167,20.90061,26.2146,0.8363365,0.8583809,0.2437501,-0.7510139,0.06907816,0.08105926,SelectionEnd
111.5852,24,2,3,0,0.9018341,0.8858484,0.2217547,22.58167,20.90061,26.2146,0.8363365,0.8583809,0.2437501,-0.7510139,0.06907816,0.08105926,GotSelection
111.5952,24,2,3,0,0.9017399,0.8859693,0.2218121,22.56019,20.89202,26.21266,0.8364843,0.8578226,0.2436735,-0.7514028,0.06195171,0.0833478,SelectionStart
111.5953,24,2,3,0,0.9017399,0.8859693,0.2218121,22.56019,20.89202,26.21266,0.8364843,0.8578226,0.2436735,-0.7514028,0.06195171,0.0833478,SelectionEnd
111.5986,24,2,3,0,0.9017399,0.8859693,0.2218121,22.56019,20.89202,26.21266,0.8364843,0.8578226,0.2436735,-0.7514028,0.06195171,0.0833478,GotSelection
111.6081,24,2,3,0,0.9017006,0.8860605,0.2216827,22.51807,20.86369,26.19281,0.8367304,0.858339,0.2442558,-0.7481932,0.06798529,0.08902848,SelectionStart
111.6082,24,2,3,0,0.9017006,0.8860605,0.2216827,22.51807,20.86369,26.19281,0.8367304,0.858339,0.2442558,-0.7481932,0.06798529,0.08902848,SelectionEnd
111.6115,24,2,3,0,0.9017006,0.8860605,0.2216827,22.51807,20.86369,26.19281,0.8367304,0.858339,0.2442558,-0.7481932,0.06798529,0.08902848,GotSelection
111.6207,24,2,3,0,0.9017665,0.8861284,0.2215385,22.48818,20.84119,26.16679,0.8374919,0.8597066,0.2453522,-0.7384711,0.08268639,0.09733333,SelectionStart
111.6208,24,2,3,0,0.9017665,0.8861284,0.2215385,22.48818,20.84119,26.16679,0.8374919,0.8597066,0.2453522,-0.7384711,0.08268639,0.09733333,SelectionEnd
111.6241,24,2,3,0,0.9017665,0.8861284,0.2215385,22.48818,20.84119,26.16679,0.8374919,0.8597066,0.2453522,-0.7384711,0.08268639,0.09733333,GotSelection
111.6671,24,2,3,0,0.9020512,0.8862806,0.2210673,22.43954,20.86976,26.11752,0.8429269,0.8682476,0.2518654,-0.6681892,0.1716775,0.1429694,SelectionStart
111.6671,24,2,3,0,0.9020512,0.8862806,0.2210673,22.43954,20.86976,26.11752,0.8429269,0.8682476,0.2518654,-0.6681892,0.1716775,0.1429694,SelectionEnd
111.6704,24,2,3,0,0.9020512,0.8862806,0.2210673,22.43954,20.86976,26.11752,0.8429269,0.8682476,0.2518654,-0.6681892,0.1716775,0.1429694,GotSelection
111.6798,24,2,3,0,0.9020396,0.8862599,0.2210426,22.42712,20.88251,26.12017,0.8442899,0.8708216,0.2542313,-0.6488373,0.2011831,0.1583845,SelectionStart
111.6798,24,2,3,0,0.9020396,0.8862599,0.2210426,22.42712,20.88251,26.12017,0.8442899,0.8708216,0.2542313,-0.6488373,0.2011831,0.1583845,SelectionEnd
111.6831,24,2,3,0,0.9020396,0.8862599,0.2210426,22.42712,20.88251,26.12017,0.8442899,0.8708216,0.2542313,-0.6488373,0.2011831,0.1583845,GotSelection
111.6929,24,2,3,0,0.9020652,0.8862719,0.2210056,22.42177,20.89119,26.12775,0.8463512,0.8737222,0.2559586,-0.6211265,0.2282622,0.1694312,SelectionStart
111.6929,24,2,3,0,0.9020652,0.8862719,0.2210056,22.42177,20.89119,26.12775,0.8463512,0.8737222,0.2559586,-0.6211265,0.2282622,0.1694312,SelectionEnd
111.6962,24,2,3,0,0.9020652,0.8862719,0.2210056,22.42177,20.89119,26.12775,0.8463512,0.8737222,0.2559586,-0.6211265,0.2282622,0.1694312,GotSelection
111.7059,24,2,3,0,0.9021124,0.8862761,0.2209212,22.42154,20.89931,26.12834,0.848636,0.8770721,0.2582456,-0.5906998,0.2615089,0.1847448,SelectionStart
111.7059,24,2,3,0,0.9021124,0.8862761,0.2209212,22.42154,20.89931,26.12834,0.848636,0.8770721,0.2582456,-0.5906998,0.2615089,0.1847448,SelectionEnd
111.7092,24,2,3,0,0.9021124,0.8862761,0.2209212,22.42154,20.89931,26.12834,0.848636,0.8770721,0.2582456,-0.5906998,0.2615089,0.1847448,GotSelection
111.7212,24,2,3,0,0.9021717,0.8862492,0.2208455,22.42145,20.89254,26.11821,0.8505123,0.8802705,0.2599607,-0.5636496,0.292086,0.1941549,SelectionStart
111.7212,24,2,3,0,0.9021717,0.8862492,0.2208455,22.42145,20.89254,26.11821,0.8505123,0.8802705,0.2599607,-0.5636496,0.292086,0.1941549,SelectionEnd
111.7246,24,2,3,0,0.9021717,0.8862492,0.2208455,22.42145,20.89254,26.11821,0.8505123,0.8802705,0.2599607,-0.5636496,0.292086,0.1941549,GotSelection
111.7357,24,2,3,0,0.9022307,0.8861756,0.2208487,22.42643,20.88583,26.10607,0.8520784,0.8828171,0.2612031,-0.5410443,0.3157725,0.2000095,SelectionStart
111.7357,24,2,3,0,0.9022307,0.8861756,0.2208487,22.42643,20.88583,26.10607,0.8520784,0.8828171,0.2612031,-0.5410443,0.3157725,0.2000095,SelectionEnd
111.7389,24,2,3,0,0.9022307,0.8861756,0.2208487,22.42643,20.88583,26.10607,0.8520784,0.8828171,0.2612031,-0.5410443,0.3157725,0.2000095,GotSelection
111.7489,24,2,3,0,0.9023041,0.8860474,0.2208638,22.45152,20.88644,26.0764,0.8536864,0.8856739,0.2620653,-0.5161375,0.3404578,0.2009741,SelectionStart
111.7489,24,2,3,0,0.9023041,0.8860474,0.2208638,22.45152,20.88644,26.0764,0.8536864,0.8856739,0.2620653,-0.5161375,0.3404578,0.2009741,SelectionEnd
111.7522,24,2,3,0,0.9023041,0.8860474,0.2208638,22.45152,20.88644,26.0764,0.8536864,0.8856739,0.2620653,-0.5161375,0.3404578,0.2009741,GotSelection
111.7632,24,2,3,0,0.9023908,0.8859343,0.2209077,22.48036,20.91714,26.07646,0.8548938,0.8876523,0.2628182,-0.4984905,0.3583598,0.2024872,SelectionStart
111.7632,24,2,3,0,0.9023908,0.8859343,0.2209077,22.48036,20.91714,26.07646,0.8548938,0.8876523,0.2628182,-0.4984905,0.3583598,0.2024872,SelectionEnd
111.7664,24,2,3,0,0.9023908,0.8859343,0.2209077,22.48036,20.91714,26.07646,0.8548938,0.8876523,0.2628182,-0.4984905,0.3583598,0.2024872,GotSelection
111.7764,24,2,3,0,0.9023887,0.8858213,0.2208933,22.50866,20.95205,26.08803,0.8559327,0.8895671,0.2634588,-0.4817046,0.3757898,0.2034495,SelectionStart
111.7764,24,2,3,0,0.9023887,0.8858213,0.2208933,22.50866,20.95205,26.08803,0.8559327,0.8895671,0.2634588,-0.4817046,0.3757898,0.2034495,SelectionEnd
111.7796,24,2,3,0,0.9023887,0.8858213,0.2208933,22.50866,20.95205,26.08803,0.8559327,0.8895671,0.2634588,-0.4817046,0.3757898,0.2034495,GotSelection
111.7917,24,2,3,0,0.9023613,0.8857882,0.2210006,22.53786,20.972,26.11993,0.8567986,0.8908963,0.2639135,-0.4682969,0.3867137,0.2039351,SelectionStart
111.7917,24,2,3,0,0.9023613,0.8857882,0.2210006,22.53786,20.972,26.11993,0.8567986,0.8908963,0.2639135,-0.4682969,0.3867137,0.2039351,SelectionEnd
111.7952,24,2,3,0,0.9023613,0.8857882,0.2210006,22.53786,20.972,26.11993,0.8567986,0.8908963,0.2639135,-0.4682969,0.3867137,0.2039351,GotSelection
111.8053,24,2,3,0,0.9024178,0.8858641,0.2211733,22.56927,20.97167,26.16588,0.8565049,0.8909697,0.2635874,-0.4703263,0.3857595,0.1983021,SelectionStart
111.8053,24,2,3,0,0.9024178,0.8858641,0.2211733,22.56927,20.97167,26.16588,0.8565049,0.8909697,0.2635874,-0.4703263,0.3857595,0.1983021,SelectionEnd
111.8086,24,2,3,0,0.9024178,0.8858641,0.2211733,22.56927,20.97167,26.16588,0.8565049,0.8909697,0.2635874,-0.4703263,0.3857595,0.1983021,GotSelection
111.8203,24,2,3,0,0.9023428,0.8858335,0.221315,22.60476,20.97757,26.20454,0.8562955,0.8915053,0.2632618,-0.4681445,0.3890684,0.1913771,SelectionStart
111.8203,24,2,3,0,0.9023428,0.8858335,0.221315,22.60476,20.97757,26.20454,0.8562955,0.8915053,0.2632618,-0.4681445,0.3890684,0.1913771,SelectionEnd
111.824,24,2,3,0,0.9023428,0.8858335,0.221315,22.60476,20.97757,26.20454,0.8562955,0.8915053,0.2632618,-0.4681445,0.3890684,0.1913771,GotSelection
111.8633,24,2,3,0,0.9019449,0.8858127,0.2216715,22.64157,20.9553,26.24549,0.855539,0.8922395,0.2612709,-0.4639614,0.3854789,0.1666848,SelectionStart
111.8633,24,2,3,0,0.9019449,0.8858127,0.2216715,22.64157,20.9553,26.24549,0.855539,0.8922395,0.2612709,-0.4639614,0.3854789,0.1666848,SelectionEnd
111.8667,24,2,3,0,0.9019449,0.8858127,0.2216715,22.64157,20.9553,26.24549,0.855539,0.8922395,0.2612709,-0.4639614,0.3854789,0.1666848,GotSelection
111.8763,24,2,3,0,0.9019057,0.8859119,0.2216097,22.62786,20.96157,26.23596,0.8548567,0.8929182,0.2613606,-0.4678077,0.3928892,0.1635503,SelectionStart
111.8763,24,2,3,0,0.9019057,0.8859119,0.2216097,22.62786,20.96157,26.23596,0.8548567,0.8929182,0.2613606,-0.4678077,0.3928892,0.1635503,SelectionEnd
111.8803,24,2,3,0,0.9019057,0.8859119,0.2216097,22.62786,20.96157,26.23596,0.8548567,0.8929182,0.2613606,-0.4678077,0.3928892,0.1635503,GotSelection
111.8901,24,2,3,0,0.9020813,0.8858979,0.221551,22.60366,20.9393,26.21331,0.8551943,0.8937876,0.2613668,-0.4628285,0.3999901,0.1614773,SelectionStart
111.8901,24,2,3,0,0.9020813,0.8858979,0.221551,22.60366,20.9393,26.21331,0.8551943,0.8937876,0.2613668,-0.4628285,0.3999901,0.1614773,SelectionEnd
111.8934,24,2,3,0,0.9020813,0.8858979,0.221551,22.60366,20.9393,26.21331,0.8551943,0.8937876,0.2613668,-0.4628285,0.3999901,0.1614773,GotSelection
111.9056,24,2,3,0,0.9020461,0.8858525,0.2215427,22.57638,20.90062,26.1888,0.8559285,0.895268,0.261551,-0.4497595,0.4113665,0.1602234,SelectionStart
111.9056,24,2,3,0,0.9020461,0.8858525,0.2215427,22.57638,20.90062,26.1888,0.8559285,0.895268,0.261551,-0.4497595,0.4113665,0.1602234,SelectionEnd
111.909,24,2,3,0,0.9020461,0.8858525,0.2215427,22.57638,20.90062,26.1888,0.8559285,0.895268,0.261551,-0.4497595,0.4113665,0.1602234,GotSelection
111.9207,24,2,3,0,0.9020248,0.8858362,0.2215787,22.55531,20.86298,26.17436,0.8571899,0.8971166,0.2618395,-0.4306019,0.4244818,0.1598702,SelectionStart
111.9207,24,2,3,0,0.9020248,0.8858362,0.2215787,22.55531,20.86298,26.17436,0.8571899,0.8971166,0.2618395,-0.4306019,0.4244818,0.1598702,SelectionEnd
111.9241,24,2,3,0,0.9020248,0.8858362,0.2215787,22.55531,20.86298,26.17436,0.8571899,0.8971166,0.2618395,-0.4306019,0.4244818,0.1598702,GotSelection
111.9338,24,2,3,0,0.9020082,0.8858761,0.2215262,22.54812,20.86207,26.17188,0.8585341,0.8990313,0.2622513,-0.4111202,0.4385474,0.1612218,SelectionStart
111.9338,24,2,3,0,0.9020082,0.8858761,0.2215262,22.54812,20.86207,26.17188,0.8585341,0.8990313,0.2622513,-0.4111202,0.4385474,0.1612218,SelectionEnd
111.9371,24,2,3,0,0.9020082,0.8858761,0.2215262,22.54812,20.86207,26.17188,0.8585341,0.8990313,0.2622513,-0.4111202,0.4385474,0.1612218,GotSelection
111.947,24,2,3,0,0.9019526,0.885964,0.2215025,22.54132,20.88031,26.1905,0.8603116,0.9015105,0.2627815,-0.3852436,0.45614,0.1627623,SelectionStart
111.947,24,2,3,0,0.9019526,0.885964,0.2215025,22.54132,20.88031,26.1905,0.8603116,0.9015105,0.2627815,-0.3852436,0.45614,0.1627623,SelectionEnd
111.9503,24,2,3,0,0.9019526,0.885964,0.2215025,22.54132,20.88031,26.1905,0.8603116,0.9015105,0.2627815,-0.3852436,0.45614,0.1627623,GotSelection
111.9628,24,2,3,0,0.9018566,0.8859889,0.2216465,22.56129,20.90139,26.24088,0.8623852,0.9042116,0.2634502,-0.3547629,0.4752542,0.1639277,SelectionStart
111.9628,24,2,3,0,0.9018566,0.8859889,0.2216465,22.56129,20.90139,26.24088,0.8623852,0.9042116,0.2634502,-0.3547629,0.4752542,0.1639277,SelectionEnd
111.9661,24,2,3,0,0.9018566,0.8859889,0.2216465,22.56129,20.90139,26.24088,0.8623852,0.9042116,0.2634502,-0.3547629,0.4752542,0.1639277,GotSelection
111.9767,24,2,3,0,0.90179,0.8860505,0.2216957,22.57224,20.91095,26.27336,0.8641268,0.9063933,0.263939,-0.3298451,0.4901691,0.1654411,SelectionStart
111.9767,24,2,3,0,0.90179,0.8860505,0.2216957,22.57224,20.91095,26.27336,0.8641268,0.9063933,0.263939,-0.3298451,0.4901691,0.1654411,SelectionEnd
111.9803,24,2,3,0,0.90179,0.8860505,0.2216957,22.57224,20.91095,26.27336,0.8641268,0.9063933,0.263939,-0.3298451,0.4901691,0.1654411,GotSelection
111.9917,24,2,3,0,0.9017361,0.8861264,0.221747,22.57035,20.9011,26.29219,0.8662225,0.9091434,0.2645944,-0.2997657,0.5094416,0.1676009,SelectionStart
111.9917,24,2,3,0,0.9017361,0.8861264,0.221747,22.57035,20.9011,26.29219,0.8662225,0.9091434,0.2645944,-0.2997657,0.5094416,0.1676009,SelectionEnd
111.995,24,2,3,0,0.9017361,0.8861264,0.221747,22.57035,20.9011,26.29219,0.8662225,0.9091434,0.2645944,-0.2997657,0.5094416,0.1676009,GotSelection
112.0059,24,2,3,0,0.9018055,0.8860428,0.2217338,22.56232,20.87381,26.26545,0.8680248,0.9111696,0.2650546,-0.2759537,0.5242989,0.1695901,SelectionStart
112.006,24,2,3,0,0.9018055,0.8860428,0.2217338,22.56232,20.87381,26.26545,0.8680248,0.9111696,0.2650546,-0.2759537,0.5242989,0.1695901,SelectionEnd
112.0097,24,2,3,0,0.9018055,0.8860428,0.2217338,22.56232,20.87381,26.26545,0.8680248,0.9111696,0.2650546,-0.2759537,0.5242989,0.1695901,GotSelection
112.0509,24,2,3,0,0.9021531,0.8859175,0.2215658,22.52783,20.8401,26.18188,0.873824,0.9172847,0.2655545,-0.2017247,0.5637259,0.1698263,SelectionStart
112.0509,24,2,3,0,0.9021531,0.8859175,0.2215658,22.52783,20.8401,26.18188,0.873824,0.9172847,0.2655545,-0.2017247,0.5637259,0.1698263,SelectionEnd
112.0541,24,2,3,0,0.9021531,0.8859175,0.2215658,22.52783,20.8401,26.18188,0.873824,0.9172847,0.2655545,-0.2017247,0.5637259,0.1698263,GotSelection
112.0638,24,2,3,0,0.9020057,0.8860672,0.2216051,22.524,20.84444,26.19744,0.8742672,0.9179655,0.2651325,-0.1932203,0.5642613,0.165668,SelectionStart
112.0638,24,2,3,0,0.9020057,0.8860672,0.2216051,22.524,20.84444,26.19744,0.8742672,0.9179655,0.2651325,-0.1932203,0.5642613,0.165668,SelectionEnd
112.067,24,2,3,0,0.9020057,0.8860672,0.2216051,22.524,20.84444,26.19744,0.8742672,0.9179655,0.2651325,-0.1932203,0.5642613,0.165668,GotSelection
112.0795,24,2,3,0,0.9019347,0.8861724,0.2217611,22.52133,20.82217,26.22537,0.874519,0.9186146,0.264785,-0.1867611,0.5655344,0.1603582,SelectionStart
112.0795,24,2,3,0,0.9019347,0.8861724,0.2217611,22.52133,20.82217,26.22537,0.874519,0.9186146,0.264785,-0.1867611,0.5655344,0.1603582,SelectionEnd
112.0828,24,2,3,0,0.9019347,0.8861724,0.2217611,22.52133,20.82217,26.22537,0.874519,0.9186146,0.264785,-0.1867611,0.5655344,0.1603582,GotSelection
112.0938,24,2,3,0,0.9018009,0.8862819,0.2218757,22.53819,20.84029,26.27701,0.8747055,0.919232,0.2642677,-0.1802529,0.565994,0.1536351,SelectionStart
112.0938,24,2,3,0,0.9018009,0.8862819,0.2218757,22.53819,20.84029,26.27701,0.8747055,0.919232,0.2642677,-0.1802529,0.565994,0.1536351,SelectionEnd
112.0972,24,2,3,0,0.9018009,0.8862819,0.2218757,22.53819,20.84029,26.27701,0.8747055,0.919232,0.2642677,-0.1802529,0.565994,0.1536351,GotSelection
112.1125,24,2,3,0,0.9016581,0.886296,0.2217965,22.55461,20.90472,26.31085,0.8746891,0.9196001,0.2637788,-0.1769767,0.5667436,0.1485188,SelectionStart
112.1125,24,2,3,0,0.9016581,0.886296,0.2217965,22.55461,20.90472,26.31085,0.8746891,0.9196001,0.2637788,-0.1769767,0.5667436,0.1485188,SelectionEnd
112.1159,24,2,3,0,0.9016581,0.886296,0.2217965,22.55461,20.90472,26.31085,0.8746891,0.9196001,0.2637788,-0.1769767,0.5667436,0.1485188,GotSelection
112.1263,24,2,3,0,0.9016427,0.8862613,0.2218214,22.56359,20.9157,26.31026,0.8744779,0.9196522,0.2635082,-0.1779835,0.5666301,0.1447801,SelectionStart
112.1263,24,2,3,0,0.9016427,0.8862613,0.2218214,22.56359,20.9157,26.31026,0.8744779,0.9196522,0.2635082,-0.1779835,0.5666301,0.1447801,SelectionEnd
112.13,24,2,3,0,0.9016427,0.8862613,0.2218214,22.56359,20.9157,26.31026,0.8744779,0.9196522,0.2635082,-0.1779835,0.5666301,0.1447801,GotSelection
112.1408,24,2,3,0,0.9017351,0.886129,0.2219474,22.56665,20.85888,26.25846,0.8743277,0.9197678,0.2633137,-0.1788224,0.5677333,0.140527,SelectionStart
112.1408,24,2,3,0,0.9017351,0.886129,0.2219474,22.56665,20.85888,26.25846,0.8743277,0.9197678,0.2633137,-0.1788224,0.5677333,0.140527,SelectionEnd
112.1442,24,2,3,0,0.9017351,0.886129,0.2219474,22.56665,20.85888,26.25846,0.8743277,0.9197678,0.2633137,-0.1788224,0.5677333,0.140527,GotSelection
112.1544,24,2,3,0,0.9018394,0.8861249,0.2220203,22.56738,20.82863,26.25032,0.874081,0.9197053,0.2635067,-0.1823824,0.5688512,0.140832,SelectionStart
112.1545,24,2,3,0,0.9018394,0.8861249,0.2220203,22.56738,20.82863,26.25032,0.874081,0.9197053,0.2635067,-0.1823824,0.5688512,0.140832,SelectionEnd
112.1577,24,2,3,0,0.9018394,0.8861249,0.2220203,22.56738,20.82863,26.25032,0.874081,0.9197053,0.2635067,-0.1823824,0.5688512,0.140832,GotSelection
112.1684,24,2,3,0,0.9017599,0.8862247,0.2220003,22.56084,20.83652,26.26859,0.8743341,0.9200361,0.2635314,-0.1783161,0.570074,0.1414328,SelectionStart
112.1684,24,2,3,0,0.9017599,0.8862247,0.2220003,22.56084,20.83652,26.26859,0.8743341,0.9200361,0.2635314,-0.1783161,0.570074,0.1414328,SelectionEnd
112.1717,24,2,3,0,0.9017599,0.8862247,0.2220003,22.56084,20.83652,26.26859,0.8743341,0.9200361,0.2635314,-0.1783161,0.570074,0.1414328,GotSelection
112.1811,24,2,3,0,0.9018897,0.8863068,0.221793,22.53378,20.85051,26.29439,0.874668,0.9206935,0.2635961,-0.1743443,0.5756733,0.1423749,SelectionStart
112.1811,24,2,3,0,0.9018897,0.8863068,0.221793,22.53378,20.85051,26.29439,0.874668,0.9206935,0.2635961,-0.1743443,0.5756733,0.1423749,SelectionEnd
112.1845,24,2,3,0,0.9018897,0.8863068,0.221793,22.53378,20.85051,26.29439,0.874668,0.9206935,0.2635961,-0.1743443,0.5756733,0.1423749,GotSelection
112.1963,24,2,3,0,0.9017215,0.8865645,0.2217626,22.50665,20.87678,26.3458,0.8761144,0.9218646,0.2637517,-0.1557084,0.5795721,0.1459029,SelectionStart
112.1964,24,2,3,0,0.9017215,0.8865645,0.2217626,22.50665,20.87678,26.3458,0.8761144,0.9218646,0.2637517,-0.1557084,0.5795721,0.1459029,SelectionEnd
112.2005,24,2,3,0,0.9017215,0.8865645,0.2217626,22.50665,20.87678,26.3458,0.8761144,0.9218646,0.2637517,-0.1557084,0.5795721,0.1459029,GotSelection
112.241,24,2,3,0,0.9016455,0.8863025,0.2217484,22.44984,20.80264,26.22598,0.8803633,0.9259338,0.2650761,-0.1010473,0.6094069,0.1562297,SelectionStart
112.241,24,2,3,0,0.9016455,0.8863025,0.2217484,22.44984,20.80264,26.22598,0.8803633,0.9259338,0.2650761,-0.1010473,0.6094069,0.1562297,SelectionEnd
112.2444,24,2,3,0,0.9016455,0.8863025,0.2217484,22.44984,20.80264,26.22598,0.8803633,0.9259338,0.2650761,-0.1010473,0.6094069,0.1562297,GotSelection
112.2547,24,2,3,0,0.901643,0.8863199,0.2217814,22.43294,20.75391,26.2015,0.8815568,0.9267442,0.2654183,-0.08725791,0.6139559,0.1602968,SelectionStart
112.2547,24,2,3,0,0.901643,0.8863199,0.2217814,22.43294,20.75391,26.2015,0.8815568,0.9267442,0.2654183,-0.08725791,0.6139559,0.1602968,SelectionEnd
112.258,24,2,3,0,0.901643,0.8863199,0.2217814,22.43294,20.75391,26.2015,0.8815568,0.9267442,0.2654183,-0.08725791,0.6139559,0.1602968,GotSelection
112.268,24,2,3,0,0.9015753,0.8864876,0.2219517,22.41977,20.71564,26.21773,0.8830863,0.9280356,0.2658039,-0.06787951,0.6197184,0.1634852,SelectionStart
112.2681,24,2,3,0,0.9015753,0.8864876,0.2219517,22.41977,20.71564,26.21773,0.8830863,0.9280356,0.2658039,-0.06787951,0.6197184,0.1634852,SelectionEnd
112.2713,24,2,3,0,0.9015753,0.8864876,0.2219517,22.41977,20.71564,26.21773,0.8830863,0.9280356,0.2658039,-0.06787951,0.6197184,0.1634852,GotSelection
112.2828,24,2,3,0,0.9013623,0.886751,0.222091,22.41871,20.70984,26.2793,0.8841922,0.9289398,0.2657872,-0.05215946,0.6204989,0.1640552,SelectionStart
112.2828,24,2,3,0,0.9013623,0.886751,0.222091,22.41871,20.70984,26.2793,0.8841922,0.9289398,0.2657872,-0.05215946,0.6204989,0.1640552,SelectionEnd
112.2865,24,2,3,0,0.9013623,0.886751,0.222091,22.41871,20.70984,26.2793,0.8841922,0.9289398,0.2657872,-0.05215946,0.6204989,0.1640552,GotSelection
112.2963,24,2,3,0,0.9011105,0.8870967,0.2222538,22.40379,20.70244,26.36427,0.8858384,0.929854,0.2657835,-0.0311733,0.6188202,0.1668811,SelectionStart
112.2963,24,2,3,0,0.9011105,0.8870967,0.2222538,22.40379,20.70244,26.36427,0.8858384,0.929854,0.2657835,-0.0311733,0.6188202,0.1668811,SelectionEnd
112.2996,24,2,3,0,0.9011105,0.8870967,0.2222538,22.40379,20.70244,26.36427,0.8858384,0.929854,0.2657835,-0.0311733,0.6188202,0.1668811,GotSelection
112.3103,24,2,3,0,0.9007865,0.8873004,0.2224903,22.40171,20.67326,26.42734,0.8868535,0.9305035,0.2655023,-0.01533681,0.6160262,0.1652006,SelectionStart
112.3103,24,2,3,0,0.9007865,0.8873004,0.2224903,22.40171,20.67326,26.42734,0.8868535,0.9305035,0.2655023,-0.01533681,0.6160262,0.1652006,SelectionEnd
112.3136,24,2,3,0,0.9007865,0.8873004,0.2224903,22.40171,20.67326,26.42734,0.8868535,0.9305035,0.2655023,-0.01533681,0.6160262,0.1652006,GotSelection
112.3235,24,2,3,0,0.9005754,0.8874461,0.2227621,22.41185,20.62253,26.46624,0.8880627,0.9312963,0.2650702,0.00227315,0.6137482,0.1613277,SelectionStart
112.3235,24,2,3,0,0.9005754,0.8874461,0.2227621,22.41185,20.62253,26.46624,0.8880627,0.9312963,0.2650702,0.00227315,0.6137482,0.1613277,SelectionEnd
112.327,24,2,3,0,0.9005754,0.8874461,0.2227621,22.41185,20.62253,26.46624,0.8880627,0.9312963,0.2650702,0.00227315,0.6137482,0.1613277,GotSelection
112.3382,24,2,3,0,0.9003916,0.8875406,0.222879,22.39339,20.59572,26.48051,0.8889958,0.9316936,0.2647266,0.01480899,0.6105996,0.1600861,SelectionStart
112.3382,24,2,3,0,0.9003916,0.8875406,0.222879,22.39339,20.59572,26.48051,0.8889958,0.9316936,0.2647266,0.01480899,0.6105996,0.1600861,SelectionEnd
112.3416,24,2,3,0,0.9003916,0.8875406,0.222879,22.39339,20.59572,26.48051,0.8889958,0.9316936,0.2647266,0.01480899,0.6105996,0.1600861,GotSelection
112.3537,24,2,3,0,0.9001979,0.8876143,0.2231174,22.37464,20.58372,26.52467,0.8897796,0.9317998,0.2641547,0.02570302,0.6038923,0.1562769,SelectionStart
112.3537,24,2,3,0,0.9001979,0.8876143,0.2231174,22.37464,20.58372,26.52467,0.8897796,0.9317998,0.2641547,0.02570302,0.6038923,0.1562769,SelectionEnd
112.3575,24,2,3,0,0.9001979,0.8876143,0.2231174,22.37464,20.58372,26.52467,0.8897796,0.9317998,0.2641547,0.02570302,0.6038923,0.1562769,GotSelection
112.3683,24,2,3,0,0.9000486,0.8879036,0.2234338,22.37099,20.52478,26.60378,0.890629,0.9320296,0.2634735,0.03735746,0.5953686,0.151266,SelectionStart
112.3683,24,2,3,0,0.9000486,0.8879036,0.2234338,22.37099,20.52478,26.60378,0.890629,0.9320296,0.2634735,0.03735746,0.5953686,0.151266,SelectionEnd
112.3715,24,2,3,0,0.9000486,0.8879036,0.2234338,22.37099,20.52478,26.60378,0.890629,0.9320296,0.2634735,0.03735746,0.5953686,0.151266,GotSelection
112.3809,24,2,3,0,0.8997808,0.8881553,0.2238008,22.39225,20.48946,26.68287,0.891871,0.9322718,0.2630087,0.05348887,0.5865558,0.148868,SelectionStart
112.381,24,2,3,0,0.8997808,0.8881553,0.2238008,22.39225,20.48946,26.68287,0.891871,0.9322718,0.2630087,0.05348887,0.5865558,0.148868,SelectionEnd
112.3843,24,2,3,0,0.8997808,0.8881553,0.2238008,22.39225,20.48946,26.68287,0.891871,0.9322718,0.2630087,0.05348887,0.5865558,0.148868,GotSelection
112.3961,24,2,3,0,0.8995136,0.8885338,0.2240722,22.4171,20.52608,26.8245,0.8936127,0.9326127,0.2625934,0.07401365,0.5766591,0.1492274,SelectionStart
112.3961,24,2,3,0,0.8995136,0.8885338,0.2240722,22.4171,20.52608,26.8245,0.8936127,0.9326127,0.2625934,0.07401365,0.5766591,0.1492274,SelectionEnd
112.3994,24,2,3,0,0.8995136,0.8885338,0.2240722,22.4171,20.52608,26.8245,0.8936127,0.9326127,0.2625934,0.07401365,0.5766591,0.1492274,GotSelection
112.4456,24,2,3,0,0.8981104,0.8899835,0.2254609,22.57715,20.72481,27.48765,0.8987854,0.9334108,0.2622885,0.1392847,0.5418104,0.1566241,SelectionStart
112.4456,24,2,3,0,0.8981104,0.8899835,0.2254609,22.57715,20.72481,27.48765,0.8987854,0.9334108,0.2622885,0.1392847,0.5418104,0.1566241,SelectionEnd
112.4493,24,2,3,0,0.8981104,0.8899835,0.2254609,22.57715,20.72481,27.48765,0.8987854,0.9334108,0.2622885,0.1392847,0.5418104,0.1566241,GotSelection
112.4603,24,2,3,0,0.8971446,0.891111,0.2260125,22.67202,20.97756,27.97849,0.899575,0.9329258,0.2626925,0.1515909,0.5215667,0.1661628,SelectionStart
112.4603,24,2,3,0,0.8971446,0.891111,0.2260125,22.67202,20.97756,27.97849,0.899575,0.9329258,0.2626925,0.1515909,0.5215667,0.1661628,SelectionEnd
112.4637,24,2,3,0,0.8971446,0.891111,0.2260125,22.67202,20.97756,27.97849,0.899575,0.9329258,0.2626925,0.1515909,0.5215667,0.1661628,GotSelection
112.4736,24,2,3,0,0.8962049,0.8920586,0.2263966,22.71462,21.18575,28.35465,0.8991914,0.9324749,0.2630079,0.1527346,0.5074101,0.1721913,SelectionStart
112.4736,24,2,3,0,0.8962049,0.8920586,0.2263966,22.71462,21.18575,28.35465,0.8991914,0.9324749,0.2630079,0.1527346,0.5074101,0.1721913,SelectionEnd
112.477,24,2,3,0,0.8962049,0.8920586,0.2263966,22.71462,21.18575,28.35465,0.8991914,0.9324749,0.2630079,0.1527346,0.5074101,0.1721913,GotSelection
112.4881,24,2,3,0,0.8954563,0.8928188,0.2267742,22.81056,21.42982,28.73123,0.8985494,0.9318032,0.2631608,0.1496039,0.4939393,0.1749622,SelectionStart
112.4882,24,2,3,0,0.8954563,0.8928188,0.2267742,22.81056,21.42982,28.73123,0.8985494,0.9318032,0.2631608,0.1496039,0.4939393,0.1749622,SelectionEnd
112.4915,24,2,3,0,0.8954563,0.8928188,0.2267742,22.81056,21.42982,28.73123,0.8985494,0.9318032,0.2631608,0.1496039,0.4939393,0.1749622,GotSelection
112.501,24,2,3,0,0.8952703,0.8928326,0.2269606,22.87047,21.52577,28.79142,0.8978197,0.9310141,0.2631336,0.1414363,0.4882719,0.173711,SelectionStart
112.501,24,2,3,0,0.8952703,0.8928326,0.2269606,22.87047,21.52577,28.79142,0.8978197,0.9310141,0.2631336,0.1414363,0.4882719,0.173711,SelectionEnd
112.5043,24,2,3,0,0.8952703,0.8928326,0.2269606,22.87047,21.52577,28.79142,0.8978197,0.9310141,0.2631336,0.1414363,0.4882719,0.173711,GotSelection
112.5145,24,2,3,0,0.894953,0.8928584,0.2273463,22.92306,21.54725,28.85908,0.8961855,0.9299214,0.2635943,0.1249098,0.4838159,0.1737718,SelectionStart
112.5145,24,2,3,0,0.894953,0.8928584,0.2273463,22.92306,21.54725,28.85908,0.8961855,0.9299214,0.2635943,0.1249098,0.4838159,0.1737718,SelectionEnd
112.5188,24,2,3,0,0.894953,0.8928584,0.2273463,22.92306,21.54725,28.85908,0.8961855,0.9299214,0.2635943,0.1249098,0.4838159,0.1737718,GotSelection
112.5301,24,2,3,0,0.8947481,0.8927045,0.2279512,22.94693,21.37778,28.80967,0.8952374,0.9290066,0.2638776,0.1158233,0.4781885,0.1715756,SelectionStart
112.5301,24,2,3,0,0.8947481,0.8927045,0.2279512,22.94693,21.37778,28.80967,0.8952374,0.9290066,0.2638776,0.1158233,0.4781885,0.1715756,SelectionEnd
112.5336,24,2,3,0,0.8947481,0.8927045,0.2279512,22.94693,21.37778,28.80967,0.8952374,0.9290066,0.2638776,0.1158233,0.4781885,0.1715756,GotSelection
112.5437,24,2,3,0,0.894365,0.8929015,0.2284346,22.9691,21.26495,28.85263,0.8939281,0.9285116,0.2643714,0.105344,0.4753573,0.1713157,SelectionStart
112.5437,24,2,3,0,0.894365,0.8929015,0.2284346,22.9691,21.26495,28.85263,0.8939281,0.9285116,0.2643714,0.105344,0.4753573,0.1713157,SelectionEnd
112.547,24,2,3,0,0.894365,0.8929015,0.2284346,22.9691,21.26495,28.85263,0.8939281,0.9285116,0.2643714,0.105344,0.4753573,0.1713157,GotSelection
112.5566,24,2,3,0,0.8938363,0.8931344,0.2289394,23.00033,21.2364,28.97423,0.8935244,0.9280608,0.2645458,0.1050504,0.4674557,0.1713814,SelectionStart
112.5566,24,2,3,0,0.8938363,0.8931344,0.2289394,23.00033,21.2364,28.97423,0.8935244,0.9280608,0.2645458,0.1050504,0.4674557,0.1713814,SelectionEnd
112.5599,24,2,3,0,0.8938363,0.8931344,0.2289394,23.00033,21.2364,28.97423,0.8935244,0.9280608,0.2645458,0.1050504,0.4674557,0.1713814,GotSelection
112.5708,24,2,3,0,0.8929475,0.8937895,0.2293041,23.05908,21.39092,29.25775,0.8917889,0.9280183,0.2640319,0.09701802,0.4600947,0.1627856,SelectionStart
112.5708,24,2,3,0,0.8929475,0.8937895,0.2293041,23.05908,21.39092,29.25775,0.8917889,0.9280183,0.2640319,0.09701802,0.4600947,0.1627856,SelectionEnd
112.574,24,2,3,0,0.8929475,0.8937895,0.2293041,23.05908,21.39092,29.25775,0.8917889,0.9280183,0.2640319,0.09701802,0.4600947,0.1627856,GotSelection
112.5972,24,2,3,0,0.8916645,0.8945921,0.231268,23.26502,21.47083,29.74202,0.8896426,0.9273821,0.2629814,0.09048711,0.4357749,0.1375359,Nothing
112.6048,24,2,3,0,0.8912376,0.8947572,0.2318338,23.36248,21.48482,29.8879,0.889173,0.9271586,0.2626135,0.09072152,0.4279757,0.1300727,Nothing
112.6128,24,2,3,0,0.8909051,0.8949547,0.2323891,23.44638,21.49182,30.00854,0.8892959,0.9268357,0.2625183,0.09420642,0.4188231,0.1274575,Nothing
112.6204,24,2,3,0,0.8905833,0.8950983,0.2329082,23.51196,21.47723,30.10413,0.8891743,0.9268687,0.262254,0.09736387,0.4131426,0.1213345,Nothing
112.6298,24,2,3,0,0.8903625,0.8952235,0.2333624,23.57413,21.44705,30.17486,0.8892766,0.9265836,0.2619125,0.1000908,0.4045397,0.1168067,Nothing
112.637,24,2,3,0,0.8900998,0.8953682,0.2337816,23.64298,21.41296,30.23465,0.8891457,0.9266177,0.2615545,0.1024065,0.3991308,0.1105292,Nothing
112.6461,24,2,3,0,0.8899091,0.8954689,0.2342174,23.7119,21.36895,30.27817,0.8893464,0.926657,0.260897,0.1075866,0.3915752,0.1022057,Nothing
112.6542,24,2,3,0,0.8896373,0.8956196,0.2349937,23.84068,21.29211,30.3532,0.8892063,0.9266176,0.2601755,0.1106981,0.3817472,0.08965944,Nothing
112.6629,24,2,3,0,0.8895205,0.895844,0.2357347,23.97379,21.19507,30.40258,0.8890998,0.9266508,0.2595247,0.1124089,0.3728736,0.0776454,Nothing
112.6711,24,2,3,0,0.8894444,0.8959088,0.2366767,24.14403,21.05647,30.45263,0.8890609,0.9266886,0.2585848,0.1158035,0.3626124,0.06061069,Nothing
112.6801,24,2,3,0,0.8894356,0.8959451,0.2378856,24.40392,20.88478,30.51307,0.8889812,0.9267656,0.2576582,0.1188888,0.3518867,0.04021055,Nothing
112.6888,24,2,3,0,0.8894258,0.8959485,0.2391653,24.67031,20.72244,30.58161,0.8889234,0.9269206,0.2566872,0.1226215,0.3412396,0.01839715,Nothing
112.7041,24,2,3,0,0.8894189,0.8959112,0.24188,25.26987,20.43705,30.74587,0.8891591,0.9277487,0.2541908,0.135816,0.3189639,-0.03306309,Nothing
112.7125,24,2,3,0,0.8894068,0.8959085,0.244301,25.82847,20.1983,30.9259,0.8896403,0.9279363,0.2526951,0.1458803,0.2966826,-0.06927356,Nothing
112.7206,24,2,3,0,0.8893845,0.8958946,0.2470846,26.47621,19.94535,31.16181,0.8901777,0.9283187,0.2517727,0.1567725,0.2760812,-0.1047595,Nothing
112.7294,24,2,3,0,0.8894297,0.8956928,0.2502498,27.18562,19.5907,31.37293,0.8908538,0.9287594,0.2510082,0.1685845,0.2551719,-0.1433055,Nothing
112.7386,24,2,3,0,0.8894861,0.8953035,0.2543262,28.07568,19.07368,31.56197,0.8913193,0.9290877,0.2501841,0.1776682,0.2290761,-0.1920559,Nothing
112.7549,24,2,3,0,0.8896074,0.8941126,0.2639739,30.24212,17.88365,32.1013,0.8927737,0.9298446,0.2491142,0.1968721,0.1683759,-0.2996666,Nothing
112.7626,24,2,3,0,0.8890265,0.8939185,0.2682121,31.22536,17.53612,32.54531,0.8935163,0.9302732,0.2488384,0.2089282,0.1354933,-0.3416278,Nothing
112.7708,24,2,3,0,0.8886406,0.894169,0.2718661,32.05225,17.37632,33.18007,0.8941695,0.9307827,0.2484731,0.2167099,0.1028229,-0.3769937,Nothing
112.7796,24,2,3,0,0.8867878,0.895719,0.2759798,33.03741,17.5356,34.38528,0.8952956,0.9319304,0.2479131,0.2383853,0.04904093,-0.4083641,Nothing
112.7876,24,2,3,0,0.8855892,0.8966377,0.2785455,33.64843,17.67388,35.16897,0.89625,0.9328454,0.2475388,0.2546774,0.01480101,-0.4280857,Nothing
112.7958,24,2,3,0,0.8837481,0.8986185,0.2802261,34.03055,18.21697,36.25513,0.897328,0.9339785,0.2470989,0.2762026,-0.02455284,-0.4320306,Nothing
112.8039,24,2,3,0,0.8822868,0.9000959,0.2815365,34.4256,18.77349,37.22737,0.8985403,0.9352145,0.2465645,0.297938,-0.0571682,-0.4371645,Nothing
112.8134,24,2,3,0,0.8813336,0.9011645,0.282636,34.87394,19.33737,38.03696,0.8999201,0.9367093,0.2461313,0.3196748,-0.08188948,-0.4441242,Nothing
112.8295,24,2,3,0,0.8813807,0.9012439,0.2881094,36.56088,19.56379,39.11737,0.9026136,0.9395781,0.2451975,0.3425132,-0.1346685,-0.506032,Nothing
112.8383,24,2,3,0,0.88166,0.9003601,0.2924978,37.90104,19.62636,39.74837,0.9047413,0.9417262,0.2446636,0.3599965,-0.1703369,-0.5595276,Nothing
112.8468,24,2,3,0,0.8824793,0.89952,0.2948394,38.81369,19.56812,39.92554,0.9061554,0.9434089,0.2442012,0.3678644,-0.1846518,-0.5968923,Nothing
112.8553,24,2,3,0,0.8834379,0.8987889,0.2965661,39.572,19.61215,40.03998,0.9078805,0.9451477,0.2438821,0.3792872,-0.194175,-0.6270366,Nothing
112.8711,24,2,3,0,0.8851852,0.8988296,0.2966665,40.28235,19.98923,40.2436,0.910801,0.9480324,0.2436626,0.4009942,-0.1924848,-0.644056,Nothing
112.879,24,2,3,0,0.8858752,0.8994285,0.2960672,40.4765,20.29406,40.38123,0.9122269,0.9495318,0.2436527,0.4135433,-0.1892264,-0.6423784,Nothing
112.8882,24,2,3,0,0.886757,0.8996464,0.2950325,40.64482,20.56099,40.37806,0.9134162,0.9509657,0.2437304,0.4248873,-0.1771884,-0.6403722,Nothing
112.8959,24,2,3,0,0.8876104,0.8997652,0.2948764,41.0182,20.7829,40.47452,0.9146754,0.9523669,0.2438808,0.4341421,-0.1733105,-0.6452608,Nothing
112.9049,24,2,3,0,0.889032,0.8998963,0.2948776,41.71331,21.06321,40.58132,0.9162406,0.9543629,0.2442235,0.4420582,-0.1675891,-0.6552517,Nothing
112.9128,24,2,3,0,0.8902857,0.8995842,0.2951682,42.32909,21.16428,40.57898,0.9169303,0.9552518,0.2443312,0.4389904,-0.164983,-0.6674293,Nothing
112.9209,24,2,3,0,0.8911867,0.8996466,0.2951367,42.83794,21.33203,40.64726,0.9178783,0.9564252,0.2449124,0.4430387,-0.159486,-0.6711867,Nothing
112.929,24,2,3,0,0.8924024,0.8989086,0.2951922,43.48389,21.50305,40.59172,0.9186301,0.9573801,0.2453578,0.4442909,-0.1505004,-0.6825381,Nothing
112.9376,24,2,3,0,0.8934596,0.8988304,0.295204,44.02518,21.74798,40.70441,0.9195207,0.9583765,0.2462051,0.4466927,-0.1434232,-0.6851978,Nothing
112.946,24,2,3,0,0.894262,0.8996921,0.2944257,44.48214,22.35158,41.07504,0.9203132,0.9592056,0.2469781,0.4491118,-0.1389868,-0.6727208,Nothing
112.9541,24,2,3,0,0.8949234,0.9006491,0.2936018,44.85328,23.04757,41.54155,0.9212472,0.9600077,0.2476735,0.454465,-0.1363121,-0.6582223,Nothing
112.9632,24,2,3,0,0.8961026,0.9018779,0.2921826,45.32209,24.04355,42.20127,0.9224662,0.9611143,0.2489121,0.4604004,-0.1256725,-0.636122,Nothing
112.9709,24,2,3,0,0.8964559,0.9034199,0.2907912,45.5006,24.91407,42.82137,0.923277,0.9618226,0.2496015,0.4668325,-0.1217715,-0.6112993,Nothing
112.9796,24,2,3,0,0.8967425,0.9049473,0.2895044,45.70639,25.76699,43.46301,0.9239963,0.9622768,0.2501829,0.4709047,-0.1206429,-0.5865098,Nothing
112.9881,24,2,3,0,0.8971993,0.9061524,0.288515,45.98153,26.58356,44.11356,0.9247066,0.9627905,0.2507112,0.4737981,-0.119783,-0.567916,Nothing
112.9966,24,2,3,0,0.8975053,0.9074574,0.2876866,46.26064,27.3882,44.79377,0.9254296,0.963331,0.2511814,0.4771269,-0.1216026,-0.5498489,Nothing
113.0037,24,2,3,0,0.8977339,0.9087148,0.2866607,46.52455,28.22565,45.48268,0.926087,0.9636306,0.2516841,0.4799733,-0.1221501,-0.5287453,Nothing
113.0126,24,2,3,0,0.8981757,0.9099883,0.2856605,46.76543,29.03823,46.1227,0.9267774,0.9639761,0.25222,0.4812873,-0.1208581,-0.5085659,Nothing
113.021,24,2,3,0,0.8985913,0.911292,0.284521,46.97966,29.86176,46.74996,0.9274319,0.9642146,0.2527606,0.4820527,-0.1183446,-0.4864958,Nothing
113.0292,24,2,3,0,0.8992052,0.913331,0.2825232,47.22785,31.0833,47.59802,0.9282811,0.9643559,0.2536093,0.4811098,-0.1109141,-0.4496682,Nothing
113.0415,24,2,3,0,0.9000108,0.9143938,0.2810332,47.37968,31.76063,47.97121,0.9288416,0.9644573,0.2543012,0.4783132,-0.09881543,-0.4280104,Nothing
113.0499,24,2,3,0,0.9011625,0.9150323,0.2796254,47.58187,32.27168,48.15385,0.9292626,0.9644787,0.2548637,0.47188,-0.08385031,-0.4132321,Nothing
113.0682,24,2,3,0,0.9047972,0.916072,0.2758633,48.10844,33.06333,48.02892,0.9301397,0.9644916,0.2563539,0.4484929,-0.03406593,-0.3849113,Nothing
113.0834,24,2,3,0,0.9075373,0.9170985,0.2727562,48.34506,33.38715,47.72132,0.9304149,0.964343,0.2575835,0.4249753,0.007892214,-0.3606562,Nothing
113.1257,24,2,3,0,0.908634,0.9179351,0.2708768,48.26571,33.36985,47.43699,0.9306672,0.9642659,0.2582573,0.4154765,0.03053873,-0.3419877,Nothing
113.1331,24,2,3,0,0.9127653,0.9225162,0.2610566,47.53415,33.60546,46.56285,0.9308153,0.9643863,0.2615576,0.369787,0.142828,-0.2434179,Nothing
113.1467,24,2,3,0,0.914256,0.9232568,0.2583051,47.37828,33.4953,46.12956,0.930684,0.9652429,0.2623727,0.3575111,0.1815805,-0.2291231,Nothing
113.1535,24,2,3,0,0.9145254,0.9234408,0.2571594,47.29786,33.48161,45.9562,0.9307943,0.9656321,0.2623948,0.3574834,0.1941524,-0.2240102,Nothing
113.1627,24,2,3,0,0.9157926,0.9242192,0.2547444,47.13692,33.49508,45.58717,0.930999,0.9662997,0.2629008,0.3481593,0.2242714,-0.2092266,Nothing
113.1703,24,2,3,0,0.9165237,0.9244639,0.2532305,47.01909,33.45086,45.32168,0.931289,0.9671128,0.2630437,0.3471388,0.2441183,-0.2047547,Nothing
113.1791,24,2,3,0,0.9173642,0.9247566,0.2515882,46.85007,33.30335,44.92754,0.9315625,0.9678666,0.2632806,0.3441013,0.2662917,-0.1982895,Nothing
113.1866,24,2,3,0,0.918302,0.9250446,0.2498328,46.6669,33.14818,44.555,0.9319274,0.9684765,0.2635045,0.3402981,0.2884477,-0.1899931,Nothing
113.1959,24,2,3,0,0.9188637,0.9255572,0.2482688,46.39976,32.96357,44.19803,0.9321752,0.9692696,0.2637021,0.3386596,0.3077219,-0.1808847,Nothing
113.2035,24,2,3,0,0.9195012,0.9253412,0.246635,46.11143,32.66851,43.72792,0.9324163,0.9699952,0.263888,0.3390403,0.3314274,-0.1762893,Nothing
113.2129,24,2,3,0,0.9204713,0.9254358,0.2442348,45.72362,32.25737,43.05053,0.9329984,0.9712338,0.264044,0.3396874,0.3633129,-0.1675961,Nothing
113.2209,24,2,3,0,0.9211428,0.9255115,0.2427821,45.47588,31.87394,42.51543,0.9333207,0.9720936,0.2640543,0.3388943,0.3830931,-0.1635839,Nothing
113.2297,24,2,3,0,0.9218484,0.9248841,0.2418016,45.27839,31.41597,41.94614,0.9336529,0.9729915,0.2640071,0.3410893,0.4024359,-0.1685105,Nothing
113.2372,24,2,3,0,0.9224298,0.9250487,0.2402971,45.04463,31.09518,41.49022,0.9341415,0.9739963,0.2637915,0.3428075,0.4200242,-0.1647563,Nothing
113.2451,24,2,3,0,0.9229721,0.9249445,0.2391589,44.84274,30.84598,41.11892,0.9345498,0.9748944,0.263695,0.3450613,0.4362481,-0.16402,Nothing
113.2536,24,2,3,0,0.9236361,0.9249509,0.2378273,44.61176,30.69551,40.79901,0.9350327,0.9757265,0.2633267,0.3459914,0.4510771,-0.1623011,Nothing
113.2624,24,2,3,0,0.9239637,0.9252074,0.2365331,44.37971,30.69787,40.62676,0.9356552,0.9766892,0.2628641,0.3510998,0.462348,-0.1587284,Nothing
113.2704,24,2,3,0,0.9242164,0.9256361,0.2350409,44.11589,30.90045,40.6116,0.9363581,0.9776524,0.2623342,0.3572088,0.472985,-0.1522032,Nothing
113.279,24,2,3,0,0.9245807,0.9264939,0.2328953,43.69537,31.06039,40.45968,0.9374273,0.978876,0.2614458,0.3639706,0.4853356,-0.1398823,Nothing
113.2881,24,2,3,0,0.9245758,0.9270227,0.2311893,43.34841,31.29314,40.42138,0.93825,0.9796525,0.2608128,0.3716083,0.4945552,-0.1280722,Nothing
113.2962,24,2,3,0,0.9246176,0.9277829,0.2294964,42.97408,31.49966,40.37574,0.9389592,0.9804664,0.2601826,0.376798,0.5030416,-0.1151443,Nothing
113.3036,24,2,3,0,0.9247049,0.9285539,0.2276364,42.58363,31.6571,40.29055,0.9396262,0.9811586,0.2596266,0.3802245,0.5129975,-0.09977767,Nothing
113.3124,24,2,3,0,0.924562,0.9294212,0.2259418,42.1489,31.76918,40.21893,0.9403524,0.9818192,0.2590861,0.3858649,0.519908,-0.08270416,Nothing
113.3199,24,2,3,0,0.9243305,0.9301991,0.2243283,41.68808,31.81592,40.11793,0.9409103,0.9822208,0.2586869,0.3898381,0.5263782,-0.06394451,Nothing
113.329,24,2,3,0,0.9243856,0.9305256,0.2230709,41.33192,31.50853,39.74193,0.9414465,0.9828009,0.2582193,0.3935142,0.5343048,-0.05434372,Nothing
113.3368,24,2,3,0,0.9245803,0.9305468,0.2218388,41.01419,31.28049,39.42406,0.9420548,0.9832022,0.2577246,0.3972311,0.5426008,-0.04659482,Nothing
113.3458,24,2,3,0,0.9253715,0.9299189,0.2208613,40.72348,30.56396,38.7073,0.9430421,0.9839356,0.256986,0.4029233,0.5542518,-0.04955331,Nothing
113.3536,24,2,3,0,0.9262328,0.9287522,0.2208488,40.67225,29.79342,38.04304,0.9437729,0.9843099,0.2564341,0.4073985,0.5613597,-0.06301047,Nothing
113.362,24,2,3,0,0.9269876,0.9278775,0.2208156,40.5961,28.99489,37.37742,0.9445783,0.9846603,0.2558922,0.4119233,0.5663851,-0.07324234,Nothing
113.3712,24,2,3,0,0.9274063,0.9273986,0.2202488,40.34584,28.26595,36.69268,0.9455092,0.9849563,0.2553027,0.4177188,0.5717638,-0.0734367,Nothing
113.3785,24,2,3,0,0.9279276,0.9269199,0.2192636,40.05805,27.77594,36.12717,0.9464138,0.9852276,0.2546996,0.4218445,0.5806437,-0.07073698,Nothing
113.3871,24,2,3,0,0.9285772,0.9263845,0.2180192,39.75961,27.41435,35.63235,0.9468813,0.9856898,0.2540373,0.421756,0.5942656,-0.07010952,Nothing
113.3957,24,2,3,0,0.9289256,0.9262915,0.2170918,39.52442,27.14495,35.2622,0.94785,0.9857644,0.2534976,0.4258973,0.5982931,-0.06325465,Nothing
113.4041,24,2,3,0,0.9292989,0.926048,0.2160547,39.2117,26.74929,34.81332,0.9491486,0.9860878,0.2525994,0.4346973,0.6023141,-0.0586496,Nothing
113.4126,24,2,3,0,0.9293965,0.9259488,0.2156931,39.10535,26.58586,34.66712,0.9500591,0.9859446,0.2521233,0.4414886,0.5993834,-0.05494906,Nothing
113.4209,24,2,3,0,0.929455,0.9256933,0.2158414,39.04547,26.39048,34.55667,0.9511047,0.9859754,0.2515427,0.4521931,0.5931576,-0.05776879,Nothing
113.429,24,2,3,0,0.9292206,0.9258808,0.2161512,39.04558,26.3586,34.70801,0.9529068,0.985567,0.2508359,0.4703215,0.5746768,-0.05400912,Nothing
113.4382,24,2,3,0,0.9290472,0.9257672,0.2161577,38.98071,26.28353,34.71766,0.9543098,0.9855595,0.2500227,0.4861213,0.564467,-0.05420511,Nothing
113.4458,24,2,3,0,0.9287738,0.9259948,0.216152,38.92425,26.30649,34.84252,0.9558748,0.985552,0.248894,0.5034492,0.5485148,-0.05346816,Nothing
113.4537,24,2,3,0,0.9286347,0.9259262,0.2161039,38.88687,26.28392,34.88884,0.957703,0.9859068,0.2480222,0.5242563,0.5390541,-0.05467599,Nothing
113.4633,24,2,3,0,0.9283291,0.9260029,0.216008,38.83818,26.30083,35.00648,0.9603545,0.9859601,0.2462774,0.5528339,0.5172811,-0.0552019,Nothing
113.4712,24,2,3,0,0.9280401,0.9260744,0.2161195,38.82207,26.29438,35.1088,0.9629525,0.9860747,0.244354,0.5811116,0.4932209,-0.05961857,Nothing
113.4798,24,2,3,0,0.9278979,0.926095,0.2161129,38.78607,26.27261,35.17442,0.9651329,0.9861269,0.2428093,0.6036984,0.4745867,-0.06220678,Nothing
113.4873,24,2,3,0,0.9278631,0.9260045,0.215998,38.73059,26.22632,35.18624,0.9674785,0.9859552,0.2411236,0.6259453,0.4552039,-0.0639563,Nothing
113.4966,24,2,3,0,0.9278646,0.9259556,0.2157552,38.70406,26.23799,35.21975,0.9696003,0.9859111,0.2398985,0.6458778,0.4415153,-0.06315929,Nothing
113.5034,24,2,3,0,0.9278308,0.9259039,0.2155992,38.64459,26.1876,35.18264,0.9715154,0.9858601,0.2385694,0.6640317,0.4273358,-0.06412678,Nothing
113.5128,24,2,3,0,0.9280179,0.9255655,0.215346,38.61741,26.1228,35.09805,0.9731899,0.9858042,0.2374072,0.6788657,0.4187248,-0.06712461,Nothing
113.5215,24,2,3,0,0.9283922,0.9250142,0.2149715,38.57745,26.00203,34.93214,0.9752133,0.9857249,0.2358828,0.6957767,0.4097623,-0.07261264,Nothing
113.5294,24,2,3,0,0.9289576,0.9247094,0.2147023,38.55725,25.86134,34.73286,0.9764458,0.9855255,0.2349675,0.7016988,0.4052639,-0.07598584,Nothing
113.5374,24,2,3,0,0.9292921,0.9243735,0.2144241,38.51765,25.75892,34.59758,0.9773172,0.9854731,0.2341389,0.707543,0.402546,-0.07985956,Nothing
113.5461,24,2,3,0,0.9296589,0.9242122,0.2140842,38.43111,25.66106,34.47067,0.9779465,0.9854463,0.2333265,0.7102578,0.4002268,-0.08257406,Nothing
113.5542,24,2,3,0,0.9298745,0.9242271,0.2136539,38.33712,25.63895,34.41858,0.9783647,0.9851798,0.2326898,0.7107096,0.3968881,-0.08048877,Nothing
113.5629,24,2,3,0,0.9299957,0.9243906,0.2131223,38.20068,25.67044,34.40485,0.9788095,0.985144,0.231981,0.7127448,0.3938928,-0.07749455,Nothing
113.5715,24,2,3,0,0.9300317,0.9245918,0.212569,38.05768,25.72561,34.4089,0.9791272,0.9851255,0.2312926,0.7143276,0.3911364,-0.07401532,Nothing
113.5792,24,2,3,0,0.9300584,0.9248827,0.2120356,37.92297,25.80088,34.44566,0.9788353,0.985207,0.2307682,0.7105597,0.3909681,-0.07166407,Nothing
113.5887,24,2,3,0,0.9301047,0.9253331,0.2114455,37.76017,25.90218,34.50872,0.9792134,0.9852749,0.2298662,0.7121866,0.3853126,-0.06779973,Nothing
113.6056,24,2,3,0,0.9300876,0.9260624,0.2107669,37.63264,26.14299,34.67874,0.9790926,0.9855116,0.2289575,0.7095153,0.3804133,-0.06394022,Nothing
113.621,24,2,3,0,0.9303147,0.9262471,0.2103751,37.57276,26.30737,34.77003,0.9780965,0.9857622,0.229044,0.6985474,0.3879675,-0.06368463,Nothing
113.6292,24,2,3,0,0.9305881,0.9263223,0.210268,37.57067,26.34389,34.77364,0.9777367,0.9861032,0.2290775,0.6938473,0.3928172,-0.06638645,Nothing
113.6378,24,2,3,0,0.9308167,0.926358,0.2099513,37.55856,26.40535,34.75603,0.9771219,0.9864408,0.2293472,0.686931,0.4021473,-0.06660429,Nothing
113.6464,24,2,3,0,0.9310464,0.9265346,0.2093999,37.48022,26.4999,34.74961,0.9760696,0.9870068,0.2298245,0.6761686,0.4166477,-0.0647742,Nothing
113.6542,24,2,3,0,0.9312305,0.9266278,0.2089337,37.40552,26.55205,34.70356,0.9751617,0.9874486,0.2303653,0.6667841,0.4303199,-0.06241124,Nothing
113.6644,24,2,3,0,0.9312102,0.9267486,0.2085502,37.31526,26.54786,34.62532,0.9742291,0.987905,0.2310165,0.6589013,0.4435703,-0.05914746,Nothing
113.6793,24,2,3,0,0.9316908,0.9266646,0.2080759,37.19211,26.33596,34.37109,0.9726183,0.9886129,0.2323098,0.641385,0.4691848,-0.05796501,Nothing
113.6884,24,2,3,0,0.9319602,0.9266106,0.2079192,37.13034,26.21497,34.25935,0.9720085,0.9888955,0.2326315,0.6342732,0.4779377,-0.05934387,Nothing
113.6974,24,2,3,0,0.9321799,0.9267368,0.2074292,37.0047,26.10606,34.13803,0.9709834,0.9894183,0.2331992,0.6236373,0.4924923,-0.05724182,Nothing
113.7125,24,2,3,0,0.9323081,0.927,0.2066821,36.83511,26.07888,34.09441,0.9701788,0.9898525,0.233423,0.6151607,0.5036674,-0.0523643,Nothing
113.7213,24,2,3,0,0.9322662,0.9270996,0.2065625,36.82537,26.10204,34.10876,0.969857,0.9900782,0.2332725,0.6132355,0.5051088,-0.0541649,Nothing
113.7297,24,2,3,0,0.9323535,0.9270961,0.2063973,36.80593,26.07792,34.0727,0.9697072,0.9902353,0.2332625,0.6115189,0.5082378,-0.05467629,Nothing
113.7386,24,2,3,0,0.9324887,0.926917,0.2063623,36.84287,26.04948,34.03456,0.9693072,0.9904734,0.2332341,0.6083277,0.5128693,-0.05967873,Nothing
113.7462,24,2,3,0,0.9326526,0.9267207,0.2064109,36.88232,26.01282,33.99184,0.9690025,0.9906716,0.2330393,0.6057817,0.5153805,-0.06619517,Nothing
113.7548,24,2,3,0,0.932851,0.9263629,0.2062744,36.89986,25.96582,33.90082,0.9689562,0.9907536,0.232707,0.6050647,0.5183533,-0.07157385,Nothing
113.7626,24,2,3,0,0.9329091,0.926209,0.2062059,36.89595,25.937,33.84818,0.9686977,0.9909448,0.2325103,0.6034883,0.521094,-0.07579228,Nothing
113.7706,24,2,3,0,0.9329673,0.9259439,0.2061648,36.89911,25.90837,33.80171,0.9686623,0.9911143,0.2320812,0.6045625,0.521893,-0.08176068,Nothing
113.7785,24,2,3,0,0.9331466,0.9256362,0.2060084,36.89048,25.88609,33.7582,0.9684197,0.991392,0.2316478,0.60326,0.5254661,-0.08883169,Nothing
113.7875,24,2,3,0,0.933043,0.9255737,0.2059726,36.87941,25.87526,33.77907,0.9684681,0.9915478,0.2311925,0.6061523,0.5232828,-0.09258991,Nothing
113.7964,24,2,3,0,0.9329546,0.9255457,0.2059461,36.86484,25.89407,33.82849,0.9685414,0.9916896,0.2306154,0.6091288,0.519685,-0.09684312,Nothing
113.8039,24,2,3,0,0.932872,0.9255495,0.2059665,36.86473,25.95244,33.91037,0.9685602,0.9918838,0.2301595,0.611712,0.5167775,-0.100964,Nothing
113.8126,24,2,3,0,0.9327915,0.9255921,0.2059017,36.89053,26.06267,34.03385,0.9684753,0.9920701,0.2297375,0.6131753,0.5145001,-0.1044886,Nothing
113.8209,24,2,3,0,0.9328063,0.9255538,0.2059669,36.93489,26.15585,34.13288,0.968391,0.9922707,0.2293126,0.6141328,0.5123271,-0.1102058,Nothing
113.8295,24,2,3,0,0.9327575,0.9254122,0.2060876,36.98872,26.24685,34.22769,0.9681503,0.9924663,0.228939,0.6146612,0.5110567,-0.117022,Nothing
113.8382,24,2,3,0,0.9327478,0.925299,0.2061373,37.05239,26.3796,34.36071,0.9676762,0.9928051,0.2284576,0.6134337,0.51087,-0.1258014,Nothing
113.846,24,2,3,0,0.9328594,0.925178,0.2060639,37.13411,26.5216,34.43416,0.9673474,0.9930341,0.2281472,0.6111912,0.5126469,-0.1319456,SelectionStart
113.8461,24,2,3,0,0.9328594,0.925178,0.2060639,37.13411,26.5216,34.43416,0.9673474,0.9930341,0.2281472,0.6111912,0.5126469,-0.1319456,SelectionEnd
113.8493,24,2,3,0,0.9328594,0.925178,0.2060639,37.13411,26.5216,34.43416,0.9673474,0.9930341,0.2281472,0.6111912,0.5126469,-0.1319456,GotSelection
113.8595,24,2,3,0,0.9330934,0.9248897,0.2060097,37.23238,26.6707,34.50296,0.9662687,0.9931727,0.2281508,0.6011022,0.5195836,-0.1398226,SelectionStart
113.8596,24,2,3,0,0.9330934,0.9248897,0.2060097,37.23238,26.6707,34.50296,0.9662687,0.9931727,0.2281508,0.6011022,0.5195836,-0.1398226,SelectionEnd
113.863,24,2,3,0,0.9330934,0.9248897,0.2060097,37.23238,26.6707,34.50296,0.9662687,0.9931727,0.2281508,0.6011022,0.5195836,-0.1398226,GotSelection
113.8724,24,2,3,0,0.9333498,0.9246054,0.2059346,37.30759,26.79718,34.53703,0.9648157,0.9933297,0.2281211,0.5872906,0.5279126,-0.1491322,SelectionStart
113.8724,24,2,3,0,0.9333498,0.9246054,0.2059346,37.30759,26.79718,34.53703,0.9648157,0.9933297,0.2281211,0.5872906,0.5279126,-0.1491322,SelectionEnd
113.8758,24,2,3,0,0.9333498,0.9246054,0.2059346,37.30759,26.79718,34.53703,0.9648157,0.9933297,0.2281211,0.5872906,0.5279126,-0.1491322,GotSelection
113.8874,24,2,3,0,0.9338255,0.9242336,0.2058631,37.373,26.84392,34.49799,0.9631157,0.9936216,0.2286462,0.5695363,0.543318,-0.157649,SelectionStart
113.8874,24,2,3,0,0.9338255,0.9242336,0.2058631,37.373,26.84392,34.49799,0.9631157,0.9936216,0.2286462,0.5695363,0.543318,-0.157649,SelectionEnd
113.8913,24,2,3,0,0.9338255,0.9242336,0.2058631,37.373,26.84392,34.49799,0.9631157,0.9936216,0.2286462,0.5695363,0.543318,-0.157649,GotSelection
113.9017,24,2,3,0,0.9342141,0.9239613,0.2056142,37.37326,26.83885,34.42424,0.9613194,0.9938797,0.2293244,0.5508013,0.5604158,-0.1622396,SelectionStart
113.9017,24,2,3,0,0.9342141,0.9239613,0.2056142,37.37326,26.83885,34.42424,0.9613194,0.9938797,0.2293244,0.5508013,0.5604158,-0.1622396,SelectionEnd
113.9051,24,2,3,0,0.9342141,0.9239613,0.2056142,37.37326,26.83885,34.42424,0.9613194,0.9938797,0.2293244,0.5508013,0.5604158,-0.1622396,GotSelection
113.9164,24,2,3,0,0.934412,0.9239504,0.205238,37.32837,26.87474,34.39495,0.9591267,0.9939509,0.2289664,0.529075,0.5684195,-0.1707075,SelectionStart
113.9164,24,2,3,0,0.934412,0.9239504,0.205238,37.32837,26.87474,34.39495,0.9591267,0.9939509,0.2289664,0.529075,0.5684195,-0.1707075,SelectionEnd
113.9199,24,2,3,0,0.934412,0.9239504,0.205238,37.32837,26.87474,34.39495,0.9591267,0.9939509,0.2289664,0.529075,0.5684195,-0.1707075,GotSelection
113.93,24,2,3,0,0.9344255,0.9241474,0.2047883,37.24978,26.92546,34.39679,0.9579604,0.9941724,0.2294958,0.5177258,0.5793192,-0.1669735,SelectionStart
113.93,24,2,3,0,0.9344255,0.9241474,0.2047883,37.24978,26.92546,34.39679,0.9579604,0.9941724,0.2294958,0.5177258,0.5793192,-0.1669735,SelectionEnd
113.9334,24,2,3,0,0.9344255,0.9241474,0.2047883,37.24978,26.92546,34.39679,0.9579604,0.9941724,0.2294958,0.5177258,0.5793192,-0.1669735,GotSelection
113.9471,24,2,3,0,0.9345541,0.9243718,0.2042125,37.19179,26.99169,34.37161,0.9556323,0.9943112,0.2297955,0.4939498,0.5925785,-0.1682944,SelectionStart
113.9471,24,2,3,0,0.9345541,0.9243718,0.2042125,37.19179,26.99169,34.37161,0.9556323,0.9943112,0.2297955,0.4939498,0.5925785,-0.1682944,SelectionEnd
113.9505,24,2,3,0,0.9345541,0.9243718,0.2042125,37.19179,26.99169,34.37161,0.9556323,0.9943112,0.2297955,0.4939498,0.5925785,-0.1682944,GotSelection
113.9626,24,2,3,0,0.9348378,0.9243249,0.2039721,37.20256,26.97518,34.29324,0.9536561,0.9943565,0.2312985,0.471812,0.612598,-0.1647295,SelectionStart
113.9626,24,2,3,0,0.9348378,0.9243249,0.2039721,37.20256,26.97518,34.29324,0.9536561,0.9943565,0.2312985,0.471812,0.612598,-0.1647295,SelectionEnd
113.9666,24,2,3,0,0.9348378,0.9243249,0.2039721,37.20256,26.97518,34.29324,0.9536561,0.9943565,0.2312985,0.471812,0.612598,-0.1647295,GotSelection
113.9771,24,2,3,0,0.9348507,0.9244038,0.2039618,37.19764,26.96657,34.27198,0.9513046,0.9940526,0.2334043,0.4468506,0.6319497,-0.1556943,SelectionStart
113.9771,24,2,3,0,0.9348507,0.9244038,0.2039618,37.19764,26.96657,34.27198,0.9513046,0.9940526,0.2334043,0.4468506,0.6319497,-0.1556943,SelectionEnd
113.9807,24,2,3,0,0.9348507,0.9244038,0.2039618,37.19764,26.96657,34.27198,0.9513046,0.9940526,0.2334043,0.4468506,0.6319497,-0.1556943,GotSelection
113.9926,24,2,3,0,0.9346405,0.9247529,0.2039282,37.15832,26.98578,34.30965,0.9478834,0.9935493,0.2359771,0.4122539,0.6537474,-0.1428703,SelectionStart
113.9926,24,2,3,0,0.9346405,0.9247529,0.2039282,37.15832,26.98578,34.30965,0.9478834,0.9935493,0.2359771,0.4122539,0.6537474,-0.1428703,SelectionEnd
113.9959,24,2,3,0,0.9346405,0.9247529,0.2039282,37.15832,26.98578,34.30965,0.9478834,0.9935493,0.2359771,0.4122539,0.6537474,-0.1428703,GotSelection
114.0122,24,2,3,0,0.9343232,0.9251735,0.2037446,37.05821,27.03418,34.39817,0.9432633,0.9925455,0.2393334,0.3649507,0.681339,-0.1230334,SelectionStart
114.0123,24,2,3,0,0.9343232,0.9251735,0.2037446,37.05821,27.03418,34.39817,0.9432633,0.9925455,0.2393334,0.3649507,0.681339,-0.1230334,SelectionEnd
114.016,24,2,3,0,0.9343232,0.9251735,0.2037446,37.05821,27.03418,34.39817,0.9432633,0.9925455,0.2393334,0.3649507,0.681339,-0.1230334,GotSelection
114.056,24,2,3,0,0.9344,0.9247409,0.2036552,37.03114,26.83951,34.22765,0.9310424,0.9884623,0.2472828,0.2297806,0.7493576,-0.08681712,SelectionStart
114.0561,24,2,3,0,0.9344,0.9247409,0.2036552,37.03114,26.83951,34.22765,0.9310424,0.9884623,0.2472828,0.2297806,0.7493576,-0.08681712,SelectionEnd
114.0594,24,2,3,0,0.9344,0.9247409,0.2036552,37.03114,26.83951,34.22765,0.9310424,0.9884623,0.2472828,0.2297806,0.7493576,-0.08681712,GotSelection
114.0721,24,2,3,0,0.9344848,0.9245744,0.2035958,37.05382,26.83544,34.19072,0.9295319,0.987689,0.2480163,0.2114531,0.7555312,-0.08347368,SelectionStart
114.0721,24,2,3,0,0.9344848,0.9245744,0.2035958,37.05382,26.83544,34.19072,0.9295319,0.987689,0.2480163,0.2114531,0.7555312,-0.08347368,SelectionEnd
114.0756,24,2,3,0,0.9344848,0.9245744,0.2035958,37.05382,26.83544,34.19072,0.9295319,0.987689,0.2480163,0.2114531,0.7555312,-0.08347368,GotSelection
114.0885,24,2,3,0,0.9344482,0.9245414,0.2038437,37.09145,26.89935,34.28973,0.9295588,0.9874038,0.2481839,0.2117589,0.7527725,-0.08298167,SelectionStart
114.0885,24,2,3,0,0.9344482,0.9245414,0.2038437,37.09145,26.89935,34.28973,0.9295588,0.9874038,0.2481839,0.2117589,0.7527725,-0.08298167,SelectionEnd
114.0918,24,2,3,0,0.9344482,0.9245414,0.2038437,37.09145,26.89935,34.28973,0.9295588,0.9874038,0.2481839,0.2117589,0.7527725,-0.08298167,GotSelection
114.1085,24,2,3,0,0.9342319,0.9247159,0.2042645,37.15952,27.04677,34.54645,0.9312636,0.987844,0.2471894,0.2337065,0.7381633,-0.08915693,SelectionStart
114.1085,24,2,3,0,0.9342319,0.9247159,0.2042645,37.15952,27.04677,34.54645,0.9312636,0.987844,0.2471894,0.2337065,0.7381633,-0.08915693,SelectionEnd
114.1121,24,2,3,0,0.9342319,0.9247159,0.2042645,37.15952,27.04677,34.54645,0.9312636,0.987844,0.2471894,0.2337065,0.7381633,-0.08915693,GotSelection
114.1227,24,2,3,0,0.9340615,0.924895,0.2043223,37.18303,27.19771,34.71926,0.9327618,0.9883517,0.2462949,0.2522105,0.7283079,-0.09264898,SelectionStart
114.1228,24,2,3,0,0.9340615,0.924895,0.2043223,37.18303,27.19771,34.71926,0.9327618,0.9883517,0.2462949,0.2522105,0.7283079,-0.09264898,SelectionEnd
114.1264,24,2,3,0,0.9340615,0.924895,0.2043223,37.18303,27.19771,34.71926,0.9327618,0.9883517,0.2462949,0.2522105,0.7283079,-0.09264898,GotSelection
114.1383,24,2,3,0,0.9340492,0.9248865,0.2042329,37.20868,27.35215,34.83997,0.9357795,0.9892264,0.2447699,0.2852685,0.7149926,-0.09792512,SelectionStart
114.1383,24,2,3,0,0.9340492,0.9248865,0.2042329,37.20868,27.35215,34.83997,0.9357795,0.9892264,0.2447699,0.2852685,0.7149926,-0.09792512,SelectionEnd
114.1416,24,2,3,0,0.9340492,0.9248865,0.2042329,37.20868,27.35215,34.83997,0.9357795,0.9892264,0.2447699,0.2852685,0.7149926,-0.09792512,GotSelection
114.1516,24,2,3,0,0.9341733,0.9247695,0.2041286,37.22186,27.39819,34.86517,0.9390041,0.9903201,0.2428558,0.3202739,0.7011995,-0.1071431,SelectionStart
114.1516,24,2,3,0,0.9341733,0.9247695,0.2041286,37.22186,27.39819,34.86517,0.9390041,0.9903201,0.2428558,0.3202739,0.7011995,-0.1071431,SelectionEnd
114.155,24,2,3,0,0.9341733,0.9247695,0.2041286,37.22186,27.39819,34.86517,0.9390041,0.9903201,0.2428558,0.3202739,0.7011995,-0.1071431,GotSelection
114.1651,24,2,3,0,0.9342812,0.9246349,0.2039627,37.19927,27.37554,34.80862,0.9421173,0.9912645,0.2410236,0.3531792,0.6881925,-0.1142506,SelectionStart
114.1652,24,2,3,0,0.9342812,0.9246349,0.2039627,37.19927,27.37554,34.80862,0.9421173,0.9912645,0.2410236,0.3531792,0.6881925,-0.1142506,SelectionEnd
114.1685,24,2,3,0,0.9342812,0.9246349,0.2039627,37.19927,27.37554,34.80862,0.9421173,0.9912645,0.2410236,0.3531792,0.6881925,-0.1142506,GotSelection
114.1793,24,2,3,0,0.9346163,0.9245607,0.2036418,37.1751,27.37814,34.74197,0.9466969,0.9924045,0.2382371,0.3982822,0.667052,-0.1233477,SelectionStart
114.1793,24,2,3,0,0.9346163,0.9245607,0.2036418,37.1751,27.37814,34.74197,0.9466969,0.9924045,0.2382371,0.3982822,0.667052,-0.1233477,SelectionEnd
114.1826,24,2,3,0,0.9346163,0.9245607,0.2036418,37.1751,27.37814,34.74197,0.9466969,0.9924045,0.2382371,0.3982822,0.667052,-0.1233477,GotSelection
114.1919,24,2,3,0,0.9346753,0.9244946,0.2035508,37.18998,27.39735,34.7365,0.9498793,0.9933263,0.2359688,0.4325729,0.649267,-0.1336845,SelectionStart
114.1919,24,2,3,0,0.9346753,0.9244946,0.2035508,37.18998,27.39735,34.7365,0.9498793,0.9933263,0.2359688,0.4325729,0.649267,-0.1336845,SelectionEnd
114.1958,24,2,3,0,0.9346753,0.9244946,0.2035508,37.18998,27.39735,34.7365,0.9498793,0.9933263,0.2359688,0.4325729,0.649267,-0.1336845,GotSelection
114.2063,24,2,3,0,0.9347832,0.9244786,0.2033112,37.22802,27.50034,34.79298,0.9545327,0.9942066,0.232718,0.4801823,0.6206429,-0.1444023,SelectionStart
114.2063,24,2,3,0,0.9347832,0.9244786,0.2033112,37.22802,27.50034,34.79298,0.9545327,0.9942066,0.232718,0.4801823,0.6206429,-0.1444023,SelectionEnd
114.2096,24,2,3,0,0.9347832,0.9244786,0.2033112,37.22802,27.50034,34.79298,0.9545327,0.9942066,0.232718,0.4801823,0.6206429,-0.1444023,GotSelection
114.2513,24,2,3,0,0.9347,0.9251586,0.2030794,37.21478,27.77164,35.05836,0.9650205,0.995784,0.2257589,0.5865777,0.5471118,-0.1579517,SelectionStart
114.2513,24,2,3,0,0.9347,0.9251586,0.2030794,37.21478,27.77164,35.05836,0.9650205,0.995784,0.2257589,0.5865777,0.5471118,-0.1579517,SelectionEnd
114.2546,24,2,3,0,0.9347,0.9251586,0.2030794,37.21478,27.77164,35.05836,0.9650205,0.995784,0.2257589,0.5865777,0.5471118,-0.1579517,GotSelection
114.2639,24,2,3,0,0.9347335,0.9250175,0.202899,37.17918,27.70293,34.96342,0.9684815,0.9957423,0.2228846,0.6195078,0.5194241,-0.1646714,SelectionStart
114.2639,24,2,3,0,0.9347335,0.9250175,0.202899,37.17918,27.70293,34.96342,0.9684815,0.9957423,0.2228846,0.6195078,0.5194241,-0.1646714,SelectionEnd
114.2673,24,2,3,0,0.9347335,0.9250175,0.202899,37.17918,27.70293,34.96342,0.9684815,0.9957423,0.2228846,0.6195078,0.5194241,-0.1646714,GotSelection
114.2792,24,2,3,0,0.934904,0.924489,0.2028685,37.20752,27.63183,34.82205,0.9713976,0.9960042,0.2203169,0.6488951,0.4998254,-0.1780595,SelectionStart
114.2793,24,2,3,0,0.934904,0.924489,0.2028685,37.20752,27.63183,34.82205,0.9713976,0.9960042,0.2203169,0.6488951,0.4998254,-0.1780595,SelectionEnd
114.2826,24,2,3,0,0.934904,0.924489,0.2028685,37.20752,27.63183,34.82205,0.9713976,0.9960042,0.2203169,0.6488951,0.4998254,-0.1780595,GotSelection
114.2933,24,2,3,0,0.9350219,0.9242952,0.2029265,37.25172,27.61711,34.76833,0.9721708,0.9962155,0.2193319,0.6570047,0.493604,-0.1862519,SelectionStart
114.2933,24,2,3,0,0.9350219,0.9242952,0.2029265,37.25172,27.61711,34.76833,0.9721708,0.9962155,0.2193319,0.6570047,0.493604,-0.1862519,SelectionEnd
114.2967,24,2,3,0,0.9350219,0.9242952,0.2029265,37.25172,27.61711,34.76833,0.9721708,0.9962155,0.2193319,0.6570047,0.493604,-0.1862519,GotSelection
114.3071,24,2,3,0,0.9350101,0.9241644,0.2031446,37.31304,27.64873,34.82886,0.9735383,0.9966451,0.2181063,0.6734979,0.4823861,-0.1956209,SelectionStart
114.3071,24,2,3,0,0.9350101,0.9241644,0.2031446,37.31304,27.64873,34.82886,0.9735383,0.9966451,0.2181063,0.6734979,0.4823861,-0.1956209,SelectionEnd
114.3105,24,2,3,0,0.9350101,0.9241644,0.2031446,37.31304,27.64873,34.82886,0.9735383,0.9966451,0.2181063,0.6734979,0.4823861,-0.1956209,GotSelection
114.3204,24,2,3,0,0.9347621,0.924323,0.2034308,37.32783,27.66761,34.92543,0.9736957,0.9972719,0.2179106,0.6804312,0.4798143,-0.2005817,SelectionStart
114.3204,24,2,3,0,0.9347621,0.924323,0.2034308,37.32783,27.66761,34.92543,0.9736957,0.9972719,0.2179106,0.6804312,0.4798143,-0.2005817,SelectionEnd
114.3238,24,2,3,0,0.9347621,0.924323,0.2034308,37.32783,27.66761,34.92543,0.9736957,0.9972719,0.2179106,0.6804312,0.4798143,-0.2005817,GotSelection
114.3338,24,2,3,0,0.934587,0.9246008,0.203668,37.33737,27.72668,35.06736,0.9738461,0.9980062,0.2175982,0.6869106,0.4765778,-0.206022,SelectionStart
114.3338,24,2,3,0,0.934587,0.9246008,0.203668,37.33737,27.72668,35.06736,0.9738461,0.9980062,0.2175982,0.6869106,0.4765778,-0.206022,SelectionEnd
114.3371,24,2,3,0,0.934587,0.9246008,0.203668,37.33737,27.72668,35.06736,0.9738461,0.9980062,0.2175982,0.6869106,0.4765778,-0.206022,GotSelection
114.3465,24,2,3,0,0.9345833,0.9245433,0.2037712,37.35224,27.71292,35.08633,0.9731898,0.998682,0.2177621,0.6845461,0.4833837,-0.2128451,SelectionStart
114.3465,24,2,3,0,0.9345833,0.9245433,0.2037712,37.35224,27.71292,35.08633,0.9731898,0.998682,0.2177621,0.6845461,0.4833837,-0.2128451,SelectionEnd
114.3498,24,2,3,0,0.9345833,0.9245433,0.2037712,37.35224,27.71292,35.08633,0.9731898,0.998682,0.2177621,0.6845461,0.4833837,-0.2128451,GotSelection
114.3627,24,2,3,0,0.9346437,0.924072,0.2040012,37.41381,27.6177,34.96681,0.9726534,0.9994335,0.217764,0.6841046,0.4922566,-0.2255247,SelectionStart
114.3627,24,2,3,0,0.9346437,0.924072,0.2040012,37.41381,27.6177,34.96681,0.9726534,0.9994335,0.217764,0.6841046,0.4922566,-0.2255247,SelectionEnd
114.3661,24,2,3,0,0.9346437,0.924072,0.2040012,37.41381,27.6177,34.96681,0.9726534,0.9994335,0.217764,0.6841046,0.4922566,-0.2255247,GotSelection
114.3753,24,2,3,0,0.9347811,0.9239488,0.2040569,37.43676,27.57619,34.91703,0.9719959,1.000018,0.2179559,0.6797189,0.5004793,-0.2323972,SelectionStart
114.3754,24,2,3,0,0.9347811,0.9239488,0.2040569,37.43676,27.57619,34.91703,0.9719959,1.000018,0.2179559,0.6797189,0.5004793,-0.2323972,SelectionEnd
114.3789,24,2,3,0,0.9347811,0.9239488,0.2040569,37.43676,27.57619,34.91703,0.9719959,1.000018,0.2179559,0.6797189,0.5004793,-0.2323972,GotSelection
114.3882,24,2,3,0,0.9348827,0.9238357,0.2041802,37.44583,27.5554,34.89032,0.9710729,1.000726,0.2182976,0.6738807,0.5105701,-0.2399652,SelectionStart
114.3882,24,2,3,0,0.9348827,0.9238357,0.2041802,37.44583,27.5554,34.89032,0.9710729,1.000726,0.2182976,0.6738807,0.5105701,-0.2399652,SelectionEnd
114.3917,24,2,3,0,0.9348827,0.9238357,0.2041802,37.44583,27.5554,34.89032,0.9710729,1.000726,0.2182976,0.6738807,0.5105701,-0.2399652,GotSelection
114.4332,24,2,3,0,0.9351041,0.9233518,0.2044862,37.58133,27.56486,34.91729,0.9638711,1.003569,0.2213943,0.6198915,0.5729567,-0.2703039,SelectionStart
114.4332,24,2,3,0,0.9351041,0.9233518,0.2044862,37.58133,27.56486,34.91729,0.9638711,1.003569,0.2213943,0.6198915,0.5729567,-0.2703039,SelectionEnd
114.4366,24,2,3,0,0.9351041,0.9233518,0.2044862,37.58133,27.56486,34.91729,0.9638711,1.003569,0.2213943,0.6198915,0.5729567,-0.2703039,GotSelection
114.4459,24,2,3,0,0.9351895,0.9232172,0.2043983,37.60751,27.61592,34.91581,0.9620888,1.004147,0.2221906,0.6053785,0.5894548,-0.2756513,SelectionStart
114.4459,24,2,3,0,0.9351895,0.9232172,0.2043983,37.60751,27.61592,34.91581,0.9620888,1.004147,0.2221906,0.6053785,0.5894548,-0.2756513,SelectionEnd
114.4492,24,2,3,0,0.9351895,0.9232172,0.2043983,37.60751,27.61592,34.91581,0.9620888,1.004147,0.2221906,0.6053785,0.5894548,-0.2756513,GotSelection
114.4592,24,2,3,0,0.9354833,0.9229518,0.2042857,37.64331,27.67621,34.89558,0.9594274,1.005046,0.2229651,0.5828267,0.6121811,-0.2880376,SelectionStart
114.4592,24,2,3,0,0.9354833,0.9229518,0.2042857,37.64331,27.67621,34.89558,0.9594274,1.005046,0.2229651,0.5828267,0.6121811,-0.2880376,SelectionEnd
114.4626,24,2,3,0,0.9354833,0.9229518,0.2042857,37.64331,27.67621,34.89558,0.9594274,1.005046,0.2229651,0.5828267,0.6121811,-0.2880376,GotSelection
114.4736,24,2,3,0,0.9357033,0.9225925,0.2044027,37.69802,27.66372,34.86491,0.9570602,1.005564,0.2236023,0.5625862,0.6290085,-0.3003062,SelectionStart
114.4736,24,2,3,0,0.9357033,0.9225925,0.2044027,37.69802,27.66372,34.86491,0.9570602,1.005564,0.2236023,0.5625862,0.6290085,-0.3003062,SelectionEnd
114.477,24,2,3,0,0.9357033,0.9225925,0.2044027,37.69802,27.66372,34.86491,0.9570602,1.005564,0.2236023,0.5625862,0.6290085,-0.3003062,GotSelection
114.4874,24,2,3,0,0.9359246,0.9222271,0.2043363,37.75927,27.68294,34.85811,0.953951,1.006251,0.224778,0.5359974,0.654115,-0.3113575,SelectionStart
114.4874,24,2,3,0,0.9359246,0.9222271,0.2043363,37.75927,27.68294,34.85811,0.953951,1.006251,0.224778,0.5359974,0.654115,-0.3113575,SelectionEnd
114.4907,24,2,3,0,0.9359246,0.9222271,0.2043363,37.75927,27.68294,34.85811,0.953951,1.006251,0.224778,0.5359974,0.654115,-0.3113575,GotSelection
114.5007,24,2,3,0,0.9360374,0.9220472,0.2042868,37.79359,27.72597,34.88187,0.9508723,1.006608,0.2263372,0.5083671,0.6779715,-0.3156726,SelectionStart
114.5007,24,2,3,0,0.9360374,0.9220472,0.2042868,37.79359,27.72597,34.88187,0.9508723,1.006608,0.2263372,0.5083671,0.6779715,-0.3156726,SelectionEnd
114.504,24,2,3,0,0.9360374,0.9220472,0.2042868,37.79359,27.72597,34.88187,0.9508723,1.006608,0.2263372,0.5083671,0.6779715,-0.3156726,GotSelection
114.5135,24,2,3,0,0.936128,0.9219099,0.2041116,37.82997,27.79816,34.91256,0.946669,1.006962,0.2283062,0.4700932,0.7084634,-0.3201046,SelectionStart
114.5135,24,2,3,0,0.936128,0.9219099,0.2041116,37.82997,27.79816,34.91256,0.946669,1.006962,0.2283062,0.4700932,0.7084634,-0.3201046,SelectionEnd
114.5169,24,2,3,0,0.936128,0.9219099,0.2041116,37.82997,27.79816,34.91256,0.946669,1.006962,0.2283062,0.4700932,0.7084634,-0.3201046,GotSelection
114.5286,24,2,3,0,0.9364085,0.9217086,0.2039182,37.86349,27.85304,34.90962,0.9427528,1.006891,0.2300493,0.4308302,0.7350005,-0.3234346,SelectionStart
114.5287,24,2,3,0,0.9364085,0.9217086,0.2039182,37.86349,27.85304,34.90962,0.9427528,1.006891,0.2300493,0.4308302,0.7350005,-0.3234346,SelectionEnd
114.5321,24,2,3,0,0.9364085,0.9217086,0.2039182,37.86349,27.85304,34.90962,0.9427528,1.006891,0.2300493,0.4308302,0.7350005,-0.3234346,GotSelection
114.5418,24,2,3,0,0.9366078,0.9215387,0.203705,37.90261,27.9016,34.88651,0.9376931,1.006398,0.2322602,0.3791852,0.7650607,-0.3246006,SelectionStart
114.5418,24,2,3,0,0.9366078,0.9215387,0.203705,37.90261,27.9016,34.88651,0.9376931,1.006398,0.2322602,0.3791852,0.7650607,-0.3246006,SelectionEnd
114.5452,24,2,3,0,0.9366078,0.9215387,0.203705,37.90261,27.9016,34.88651,0.9376931,1.006398,0.2322602,0.3791852,0.7650607,-0.3246006,GotSelection
114.5555,24,2,3,0,0.9367623,0.9214401,0.203551,37.92401,27.94598,34.88826,0.9340553,1.005983,0.2335886,0.341954,0.7841216,-0.3267709,SelectionStart
114.5556,24,2,3,0,0.9367623,0.9214401,0.203551,37.92401,27.94598,34.88826,0.9340553,1.005983,0.2335886,0.341954,0.7841216,-0.3267709,SelectionEnd
114.5589,24,2,3,0,0.9367623,0.9214401,0.203551,37.92401,27.94598,34.88826,0.9340553,1.005983,0.2335886,0.341954,0.7841216,-0.3267709,GotSelection
114.5705,24,2,3,0,0.9369382,0.921533,0.2032898,37.92688,28.02384,34.92042,0.929489,1.005269,0.235178,0.2938787,0.8051495,-0.3267196,SelectionStart
114.5705,24,2,3,0,0.9369382,0.921533,0.2032898,37.92688,28.02384,34.92042,0.929489,1.005269,0.235178,0.2938787,0.8051495,-0.3267196,SelectionEnd
114.5738,24,2,3,0,0.9369382,0.921533,0.2032898,37.92688,28.02384,34.92042,0.929489,1.005269,0.235178,0.2938787,0.8051495,-0.3267196,GotSelection
114.5838,24,2,3,0,0.9369408,0.921704,0.2031111,37.91216,28.10161,34.96709,0.9253399,1.00441,0.2368511,0.250378,0.8230857,-0.3228763,SelectionStart
114.5839,24,2,3,0,0.9369408,0.921704,0.2031111,37.91216,28.10161,34.96709,0.9253399,1.00441,0.2368511,0.250378,0.8230857,-0.3228763,SelectionEnd
114.5872,24,2,3,0,0.9369408,0.921704,0.2031111,37.91216,28.10161,34.96709,0.9253399,1.00441,0.2368511,0.250378,0.8230857,-0.3228763,GotSelection
114.6268,24,2,3,0,0.9370703,0.9216961,0.2027553,37.94175,28.32817,35.05699,0.919018,1.00273,0.2393168,0.1819893,0.8497326,-0.318294,SelectionStart
114.6268,24,2,3,0,0.9370703,0.9216961,0.2027553,37.94175,28.32817,35.05699,0.919018,1.00273,0.2393168,0.1819893,0.8497326,-0.318294,SelectionEnd
114.6302,24,2,3,0,0.9370703,0.9216961,0.2027553,37.94175,28.32817,35.05699,0.919018,1.00273,0.2393168,0.1819893,0.8497326,-0.318294,GotSelection
114.6405,24,2,3,0,0.9370317,0.9217666,0.2027442,37.95614,28.41181,35.1404,0.9184889,1.002784,0.2391488,0.1783215,0.8494341,-0.3217691,SelectionStart
114.6405,24,2,3,0,0.9370317,0.9217666,0.2027442,37.95614,28.41181,35.1404,0.9184889,1.002784,0.2391488,0.1783215,0.8494341,-0.3217691,SelectionEnd
114.6438,24,2,3,0,0.9370317,0.9217666,0.2027442,37.95614,28.41181,35.1404,0.9184889,1.002784,0.2391488,0.1783215,0.8494341,-0.3217691,GotSelection
114.6543,24,2,3,0,0.9368931,0.9218791,0.2028111,37.9649,28.47402,35.23288,0.9198618,1.003498,0.2381319,0.1966517,0.8409685,-0.3278271,SelectionStart
114.6543,24,2,3,0,0.9368931,0.9218791,0.2028111,37.9649,28.47402,35.23288,0.9198618,1.003498,0.2381319,0.1966517,0.8409685,-0.3278271,SelectionEnd
114.6576,24,2,3,0,0.9368931,0.9218791,0.2028111,37.9649,28.47402,35.23288,0.9198618,1.003498,0.2381319,0.1966517,0.8409685,-0.3278271,GotSelection
114.6675,24,2,3,0,0.936738,0.9219846,0.2028654,37.9735,28.50464,35.2868,0.9208888,1.004179,0.2374566,0.2111928,0.8359327,-0.332311,SelectionStart
114.6675,24,2,3,0,0.936738,0.9219846,0.2028654,37.9735,28.50464,35.2868,0.9208888,1.004179,0.2374566,0.2111928,0.8359327,-0.332311,SelectionEnd
114.6709,24,2,3,0,0.936738,0.9219846,0.2028654,37.9735,28.50464,35.2868,0.9208888,1.004179,0.2374566,0.2111928,0.8359327,-0.332311,GotSelection
114.6803,24,2,3,0,0.9366277,0.9221206,0.2030137,37.97518,28.52834,35.356,0.9229513,1.004934,0.2367246,0.2352957,0.8273252,-0.3342,SelectionStart
114.6803,24,2,3,0,0.9366277,0.9221206,0.2030137,37.97518,28.52834,35.356,0.9229513,1.004934,0.2367246,0.2352957,0.8273252,-0.3342,SelectionEnd
114.6837,24,2,3,0,0.9366277,0.9221206,0.2030137,37.97518,28.52834,35.356,0.9229513,1.004934,0.2367246,0.2352957,0.8273252,-0.3342,GotSelection
114.6962,24,2,3,0,0.9363343,0.9223201,0.2031575,37.96492,28.57864,35.46223,0.927197,1.006136,0.2355335,0.2833514,0.811233,-0.3325091,SelectionStart
114.6963,24,2,3,0,0.9363343,0.9223201,0.2031575,37.96492,28.57864,35.46223,0.927197,1.006136,0.2355335,0.2833514,0.811233,-0.3325091,SelectionEnd
114.7,24,2,3,0,0.9363343,0.9223201,0.2031575,37.96492,28.57864,35.46223,0.927197,1.006136,0.2355335,0.2833514,0.811233,-0.3325091,GotSelection
114.7103,24,2,3,0,0.9360349,0.9225551,0.2033829,37.98724,28.61782,35.56602,0.9307675,1.007174,0.2343439,0.3243506,0.7948192,-0.3330828,SelectionStart
114.7104,24,2,3,0,0.9360349,0.9225551,0.2033829,37.98724,28.61782,35.56602,0.9307675,1.007174,0.2343439,0.3243506,0.7948192,-0.3330828,SelectionEnd
114.7137,24,2,3,0,0.9360349,0.9225551,0.2033829,37.98724,28.61782,35.56602,0.9307675,1.007174,0.2343439,0.3243506,0.7948192,-0.3330828,GotSelection
114.7233,24,2,3,0,0.9358048,0.9228123,0.2037719,38.03616,28.67914,35.71334,0.9344863,1.007734,0.2329469,0.3643526,0.7717174,-0.3332284,SelectionStart
114.7233,24,2,3,0,0.9358048,0.9228123,0.2037719,38.03616,28.67914,35.71334,0.9344863,1.007734,0.2329469,0.3643526,0.7717174,-0.3332284,SelectionEnd
114.7266,24,2,3,0,0.9358048,0.9228123,0.2037719,38.03616,28.67914,35.71334,0.9344863,1.007734,0.2329469,0.3643526,0.7717174,-0.3332284,GotSelection
114.737,24,2,3,0,0.935313,0.9232767,0.2040126,38.04612,28.81589,35.90606,0.9393732,1.008838,0.2309932,0.4194538,0.7436637,-0.3323075,SelectionStart
114.737,24,2,3,0,0.935313,0.9232767,0.2040126,38.04612,28.81589,35.90606,0.9393732,1.008838,0.2309932,0.4194538,0.7436637,-0.3323075,SelectionEnd
114.7403,24,2,3,0,0.935313,0.9232767,0.2040126,38.04612,28.81589,35.90606,0.9393732,1.008838,0.2309932,0.4194538,0.7436637,-0.3323075,GotSelection
114.7503,24,2,3,0,0.93506,0.9235322,0.2040305,38.04221,28.91227,36.00944,0.9431441,1.00964,0.2293014,0.4605233,0.7228487,-0.332205,SelectionStart
114.7504,24,2,3,0,0.93506,0.9235322,0.2040305,38.04221,28.91227,36.00944,0.9431441,1.00964,0.2293014,0.4605233,0.7228487,-0.332205,SelectionEnd
114.7537,24,2,3,0,0.93506,0.9235322,0.2040305,38.04221,28.91227,36.00944,0.9431441,1.00964,0.2293014,0.4605233,0.7228487,-0.332205,GotSelection
114.7643,24,2,3,0,0.9348952,0.9237734,0.2039973,38.00915,28.93181,36.02449,0.9481643,1.010479,0.2268904,0.5120871,0.6948615,-0.3320516,SelectionStart
114.7644,24,2,3,0,0.9348952,0.9237734,0.2039973,38.00915,28.93181,36.02449,0.9481643,1.010479,0.2268904,0.5120871,0.6948615,-0.3320516,SelectionEnd
114.7677,24,2,3,0,0.9348952,0.9237734,0.2039973,38.00915,28.93181,36.02449,0.9481643,1.010479,0.2268904,0.5120871,0.6948615,-0.3320516,GotSelection
114.8124,24,2,3,0,0.9347742,0.9242924,0.2035749,37.84939,28.71031,35.8411,0.9609054,1.012522,0.2201828,0.6391302,0.6245281,-0.3338321,SelectionStart
114.8125,24,2,3,0,0.9347742,0.9242924,0.2035749,37.84939,28.71031,35.8411,0.9609054,1.012522,0.2201828,0.6391302,0.6245281,-0.3338321,SelectionEnd
114.8157,24,2,3,0,0.9347742,0.9242924,0.2035749,37.84939,28.71031,35.8411,0.9609054,1.012522,0.2201828,0.6391302,0.6245281,-0.3338321,GotSelection
114.8639,24,2,3,0,0.9343287,0.9254497,0.2030235,37.67356,28.88916,36.02721,0.9725263,1.013129,0.2122721,0.7528637,0.5326025,-0.3322824,SelectionStart
114.864,24,2,3,0,0.9343287,0.9254497,0.2030235,37.67356,28.88916,36.02721,0.9725263,1.013129,0.2122721,0.7528637,0.5326025,-0.3322824,SelectionEnd
114.8675,24,2,3,0,0.9343287,0.9254497,0.2030235,37.67356,28.88916,36.02721,0.9725263,1.013129,0.2122721,0.7528637,0.5326025,-0.3322824,GotSelection
114.9267,24,2,3,0,0.9338465,0.9259263,0.2028999,37.60797,29.11252,36.32672,0.982904,1.013101,0.2066924,0.8547145,0.4560791,-0.3230495,SelectionStart
114.9267,24,2,3,0,0.9338465,0.9259263,0.2028999,37.60797,29.11252,36.32672,0.982904,1.013101,0.2066924,0.8547145,0.4560791,-0.3230495,SelectionEnd
114.9305,24,2,3,0,0.9338465,0.9259263,0.2028999,37.60797,29.11252,36.32672,0.982904,1.013101,0.2066924,0.8547145,0.4560791,-0.3230495,GotSelection
114.9409,24,2,3,0,0.9336947,0.9261894,0.2027173,37.5433,29.16712,36.37002,0.9852895,1.012757,0.2055447,0.8758121,0.4378488,-0.3147892,SelectionStart
114.9409,24,2,3,0,0.9336947,0.9261894,0.2027173,37.5433,29.16712,36.37002,0.9852895,1.012757,0.2055447,0.8758121,0.4378488,-0.3147892,SelectionEnd
114.9443,24,2,3,0,0.9336947,0.9261894,0.2027173,37.5433,29.16712,36.37002,0.9852895,1.012757,0.2055447,0.8758121,0.4378488,-0.3147892,GotSelection
114.954,24,2,3,0,0.9336576,0.9262397,0.2026311,37.50895,29.15481,36.35621,0.9867393,1.012332,0.2049793,0.8872619,0.4272924,-0.308911,SelectionStart
114.9541,24,2,3,0,0.9336576,0.9262397,0.2026311,37.50895,29.15481,36.35621,0.9867393,1.012332,0.2049793,0.8872619,0.4272924,-0.308911,SelectionEnd
114.9574,24,2,3,0,0.9336576,0.9262397,0.2026311,37.50895,29.15481,36.35621,0.9867393,1.012332,0.2049793,0.8872619,0.4272924,-0.308911,GotSelection
114.9665,24,2,3,0,0.9335859,0.9263972,0.2025665,37.47128,29.13587,36.34834,0.9887561,1.011724,0.2042431,0.9029315,0.411602,-0.3002286,SelectionStart
114.9665,24,2,3,0,0.9335859,0.9263972,0.2025665,37.47128,29.13587,36.34834,0.9887561,1.011724,0.2042431,0.9029315,0.411602,-0.3002286,SelectionEnd
114.97,24,2,3,0,0.9335859,0.9263972,0.2025665,37.47128,29.13587,36.34834,0.9887561,1.011724,0.2042431,0.9029315,0.411602,-0.3002286,GotSelection
114.9792,24,2,3,0,0.9335525,0.9265452,0.2026757,37.42126,29.07763,36.35175,0.9900397,1.011113,0.2036755,0.9118632,0.3976826,-0.2947612,SelectionStart
114.9792,24,2,3,0,0.9335525,0.9265452,0.2026757,37.42126,29.07763,36.35175,0.9900397,1.011113,0.2036755,0.9118632,0.3976826,-0.2947612,SelectionEnd
114.9825,24,2,3,0,0.9335525,0.9265452,0.2026757,37.42126,29.07763,36.35175,0.9900397,1.011113,0.2036755,0.9118632,0.3976826,-0.2947612,GotSelection
114.9919,24,2,3,0,0.9332898,0.9268686,0.2028084,37.37154,29.06146,36.42295,0.9909297,1.010497,0.2030498,0.9189178,0.3816628,-0.2891444,SelectionStart
114.9919,24,2,3,0,0.9332898,0.9268686,0.2028084,37.37154,29.06146,36.42295,0.9909297,1.010497,0.2030498,0.9189178,0.3816628,-0.2891444,SelectionEnd
114.9954,24,2,3,0,0.9332898,0.9268686,0.2028084,37.37154,29.06146,36.42295,0.9909297,1.010497,0.2030498,0.9189178,0.3816628,-0.2891444,GotSelection
115.0053,24,2,3,0,0.9329292,0.9272847,0.2030193,37.33653,29.05051,36.51817,0.9917452,1.009762,0.2024671,0.9252473,0.3635026,-0.2825751,SelectionStart
115.0053,24,2,3,0,0.9329292,0.9272847,0.2030193,37.33653,29.05051,36.51817,0.9917452,1.009762,0.2024671,0.9252473,0.3635026,-0.2825751,SelectionEnd
115.0087,24,2,3,0,0.9329292,0.9272847,0.2030193,37.33653,29.05051,36.51817,0.9917452,1.009762,0.2024671,0.9252473,0.3635026,-0.2825751,GotSelection
115.0218,24,2,3,0,0.9324533,0.9278045,0.2033934,37.27486,29.0301,36.65081,0.9927933,1.009197,0.201674,0.9355299,0.3414278,-0.2773965,SelectionStart
115.0219,24,2,3,0,0.9324533,0.9278045,0.2033934,37.27486,29.0301,36.65081,0.9927933,1.009197,0.201674,0.9355299,0.3414278,-0.2773965,SelectionEnd
115.0252,24,2,3,0,0.9324533,0.9278045,0.2033934,37.27486,29.0301,36.65081,0.9927933,1.009197,0.201674,0.9355299,0.3414278,-0.2773965,GotSelection
115.0378,24,2,3,0,0.932286,0.9281232,0.2033652,37.22701,29.0133,36.65662,0.9930235,1.008454,0.2012531,0.9344116,0.3304513,-0.2715005,SelectionStart
115.0378,24,2,3,0,0.932286,0.9281232,0.2033652,37.22701,29.0133,36.65662,0.9930235,1.008454,0.2012531,0.9344116,0.3304513,-0.2715005,SelectionEnd
115.041,24,2,3,0,0.932286,0.9281232,0.2033652,37.22701,29.0133,36.65662,0.9930235,1.008454,0.2012531,0.9344116,0.3304513,-0.2715005,GotSelection
115.0509,24,2,3,0,0.9324347,0.9282286,0.2030613,37.18227,28.96181,36.52057,0.9922042,1.007868,0.2007459,0.921922,0.3292708,-0.2722457,SelectionStart
115.0509,24,2,3,0,0.9324347,0.9282286,0.2030613,37.18227,28.96181,36.52057,0.9922042,1.007868,0.2007459,0.921922,0.3292708,-0.2722457,SelectionEnd
115.0542,24,2,3,0,0.9324347,0.9282286,0.2030613,37.18227,28.96181,36.52057,0.9922042,1.007868,0.2007459,0.921922,0.3292708,-0.2722457,GotSelection
115.0636,24,2,3,0,0.9324995,0.9283805,0.2029851,37.1383,28.90939,36.45042,0.9921431,1.007371,0.2002569,0.9177187,0.3232984,-0.2714558,SelectionStart
115.0636,24,2,3,0,0.9324995,0.9283805,0.2029851,37.1383,28.90939,36.45042,0.9921431,1.007371,0.2002569,0.9177187,0.3232984,-0.2714558,SelectionEnd
115.0671,24,2,3,0,0.9324995,0.9283805,0.2029851,37.1383,28.90939,36.45042,0.9921431,1.007371,0.2002569,0.9177187,0.3232984,-0.2714558,GotSelection
115.1243,24,2,3,0,0.9324779,0.9291937,0.2023049,36.89049,28.66754,36.26837,0.9881425,1.007578,0.2009343,0.8778692,0.3428303,-0.2719561,SelectionStart
115.1244,24,2,3,0,0.9324779,0.9291937,0.2023049,36.89049,28.66754,36.26837,0.9881425,1.007578,0.2009343,0.8778692,0.3428303,-0.2719561,SelectionEnd
115.1293,24,2,3,0,0.9324779,0.9291937,0.2023049,36.89049,28.66754,36.26837,0.9881425,1.007578,0.2009343,0.8778692,0.3428303,-0.2719561,GotSelection
115.1409,24,2,3,0,0.9324507,0.92924,0.202322,36.8982,28.6798,36.26838,0.9837208,1.008582,0.2035485,0.8411154,0.380814,-0.2764611,SelectionStart
115.1409,24,2,3,0,0.9324507,0.92924,0.202322,36.8982,28.6798,36.26838,0.9837208,1.008582,0.2035485,0.8411154,0.380814,-0.2764611,SelectionEnd
115.1444,24,2,3,0,0.9324507,0.92924,0.202322,36.8982,28.6798,36.26838,0.9837208,1.008582,0.2035485,0.8411154,0.380814,-0.2764611,GotSelection
115.1534,24,2,3,0,0.9324908,0.9290848,0.2023504,36.91821,28.67283,36.25128,0.981565,1.009418,0.2055428,0.8245504,0.4080902,-0.2773838,SelectionStart
115.1534,24,2,3,0,0.9324908,0.9290848,0.2023504,36.91821,28.67283,36.25128,0.981565,1.009418,0.2055428,0.8245504,0.4080902,-0.2773838,SelectionEnd
115.1567,24,2,3,0,0.9324908,0.9290848,0.2023504,36.91821,28.67283,36.25128,0.981565,1.009418,0.2055428,0.8245504,0.4080902,-0.2773838,GotSelection
115.1678,24,2,3,0,0.932546,0.9288677,0.2023561,36.94406,28.68712,36.25238,0.9801342,1.010004,0.2077228,0.8133612,0.4334133,-0.272859,SelectionStart
115.1678,24,2,3,0,0.932546,0.9288677,0.2023561,36.94406,28.68712,36.25238,0.9801342,1.010004,0.2077228,0.8133612,0.4334133,-0.272859,SelectionEnd
115.171,24,2,3,0,0.932546,0.9288677,0.2023561,36.94406,28.68712,36.25238,0.9801342,1.010004,0.2077228,0.8133612,0.4334133,-0.272859,GotSelection
115.1806,24,2,3,0,0.9326545,0.9287251,0.2023398,36.96757,28.72168,36.25974,0.9788474,1.010426,0.2092151,0.8023592,0.4521307,-0.271153,SelectionStart
115.1807,24,2,3,0,0.9326545,0.9287251,0.2023398,36.96757,28.72168,36.25974,0.9788474,1.010426,0.2092151,0.8023592,0.4521307,-0.271153,SelectionEnd
115.1849,24,2,3,0,0.9326545,0.9287251,0.2023398,36.96757,28.72168,36.25974,0.9788474,1.010426,0.2092151,0.8023592,0.4521307,-0.271153,GotSelection
115.1955,24,2,3,0,0.9327259,0.9286058,0.2023291,37.02312,28.82414,36.32727,0.9775725,1.011076,0.2109108,0.7928981,0.4729445,-0.2692626,SelectionStart
115.1956,24,2,3,0,0.9327259,0.9286058,0.2023291,37.02312,28.82414,36.32727,0.9775725,1.011076,0.2109108,0.7928981,0.4729445,-0.2692626,SelectionEnd
115.1988,24,2,3,0,0.9327259,0.9286058,0.2023291,37.02312,28.82414,36.32727,0.9775725,1.011076,0.2109108,0.7928981,0.4729445,-0.2692626,GotSelection
115.2083,24,2,3,0,0.9326561,0.9288144,0.2022489,37.05442,28.96654,36.44256,0.9764045,1.011462,0.212665,0.7830825,0.489774,-0.2613685,SelectionStart
115.2084,24,2,3,0,0.9326561,0.9288144,0.2022489,37.05442,28.96654,36.44256,0.9764045,1.011462,0.212665,0.7830825,0.489774,-0.2613685,SelectionEnd
115.2118,24,2,3,0,0.9326561,0.9288144,0.2022489,37.05442,28.96654,36.44256,0.9764045,1.011462,0.212665,0.7830825,0.489774,-0.2613685,GotSelection
115.2213,24,2,3,0,0.9326611,0.9287912,0.20227,37.09169,29.12164,36.5642,0.9744273,1.012049,0.2154912,0.7667048,0.5190684,-0.2528599,SelectionStart
115.2213,24,2,3,0,0.9326611,0.9287912,0.20227,37.09169,29.12164,36.5642,0.9744273,1.012049,0.2154912,0.7667048,0.5190684,-0.2528599,SelectionEnd
115.2248,24,2,3,0,0.9326611,0.9287912,0.20227,37.09169,29.12164,36.5642,0.9744273,1.012049,0.2154912,0.7667048,0.5190684,-0.2528599,GotSelection
115.2371,24,2,3,0,0.9326455,0.928736,0.2023591,37.14132,29.20945,36.63734,0.9719565,1.012704,0.2193183,0.7455652,0.5574308,-0.2408291,SelectionStart
115.2371,24,2,3,0,0.9326455,0.928736,0.2023591,37.14132,29.20945,36.63734,0.9719565,1.012704,0.2193183,0.7455652,0.5574308,-0.2408291,SelectionEnd
115.2406,24,2,3,0,0.9326455,0.928736,0.2023591,37.14132,29.20945,36.63734,0.9719565,1.012704,0.2193183,0.7455652,0.5574308,-0.2408291,GotSelection
115.2515,24,2,3,0,0.9326771,0.9284997,0.2024306,37.18227,29.18242,36.59475,0.9702491,1.013204,0.22192,0.731162,0.5859652,-0.2350393,SelectionStart
115.2515,24,2,3,0,0.9326771,0.9284997,0.2024306,37.18227,29.18242,36.59475,0.9702491,1.013204,0.22192,0.731162,0.5859652,-0.2350393,SelectionEnd
115.255,24,2,3,0,0.9326771,0.9284997,0.2024306,37.18227,29.18242,36.59475,0.9702491,1.013204,0.22192,0.731162,0.5859652,-0.2350393,GotSelection
115.2653,24,2,3,0,0.9327814,0.9283091,0.202477,37.20677,29.16797,36.55757,0.9681144,1.013463,0.2249432,0.7105801,0.6173797,-0.2259947,SelectionStart
115.2653,24,2,3,0,0.9327814,0.9283091,0.202477,37.20677,29.16797,36.55757,0.9681144,1.013463,0.2249432,0.7105801,0.6173797,-0.2259947,SelectionEnd
115.2686,24,2,3,0,0.9327814,0.9283091,0.202477,37.20677,29.16797,36.55757,0.9681144,1.013463,0.2249432,0.7105801,0.6173797,-0.2259947,GotSelection
115.3087,24,2,3,0,0.9326966,0.9284303,0.2023913,37.16733,29.1354,36.49473,0.9665332,1.013448,0.2280605,0.6935405,0.6448548,-0.2077924,SelectionStart
115.3087,24,2,3,0,0.9326966,0.9284303,0.2023913,37.16733,29.1354,36.49473,0.9665332,1.013448,0.2280605,0.6935405,0.6448548,-0.2077924,SelectionEnd
115.3122,24,2,3,0,0.9326966,0.9284303,0.2023913,37.16733,29.1354,36.49473,0.9665332,1.013448,0.2280605,0.6935405,0.6448548,-0.2077924,GotSelection
115.3215,24,2,3,0,0.9321353,0.928906,0.2028159,37.12247,29.1146,36.6318,0.9666619,1.013106,0.2303662,0.6960175,0.6495541,-0.1859839,SelectionStart
115.3216,24,2,3,0,0.9321353,0.928906,0.2028159,37.12247,29.1146,36.6318,0.9666619,1.013106,0.2303662,0.6960175,0.6495541,-0.1859839,SelectionEnd
115.3249,24,2,3,0,0.9321353,0.928906,0.2028159,37.12247,29.1146,36.6318,0.9666619,1.013106,0.2303662,0.6960175,0.6495541,-0.1859839,GotSelection
115.3379,24,2,3,0,0.9317311,0.9293233,0.2027608,37.07444,29.18196,36.71969,0.9669055,1.012998,0.2310792,0.6994166,0.6492673,-0.1737746,SelectionStart
115.3379,24,2,3,0,0.9317311,0.9293233,0.2027608,37.07444,29.18196,36.71969,0.9669055,1.012998,0.2310792,0.6994166,0.6492673,-0.1737746,SelectionEnd
115.3417,24,2,3,0,0.9317311,0.9293233,0.2027608,37.07444,29.18196,36.71969,0.9669055,1.012998,0.2310792,0.6994166,0.6492673,-0.1737746,GotSelection
115.3515,24,2,3,0,0.9314044,0.9296512,0.2027671,37.00699,29.17523,36.71844,0.9676347,1.012823,0.231303,0.7063688,0.6446142,-0.1638582,SelectionStart
115.3515,24,2,3,0,0.9314044,0.9296512,0.2027671,37.00699,29.17523,36.71844,0.9676347,1.012823,0.231303,0.7063688,0.6446142,-0.1638582,SelectionEnd
115.3549,24,2,3,0,0.9314044,0.9296512,0.2027671,37.00699,29.17523,36.71844,0.9676347,1.012823,0.231303,0.7063688,0.6446142,-0.1638582,GotSelection
115.3642,24,2,3,0,0.9312837,0.9298693,0.2028452,36.96921,29.12695,36.70411,0.9687803,1.012656,0.2307193,0.7164587,0.6335495,-0.1606876,SelectionStart
115.3643,24,2,3,0,0.9312837,0.9298693,0.2028452,36.96921,29.12695,36.70411,0.9687803,1.012656,0.2307193,0.7164587,0.6335495,-0.1606876,SelectionEnd
115.3675,24,2,3,0,0.9312837,0.9298693,0.2028452,36.96921,29.12695,36.70411,0.9687803,1.012656,0.2307193,0.7164587,0.6335495,-0.1606876,GotSelection
115.3788,24,2,3,0,0.9311382,0.9299886,0.2028726,36.93203,29.05774,36.66827,0.9703119,1.012429,0.2297927,0.7304873,0.6195333,-0.1583003,SelectionStart
115.3788,24,2,3,0,0.9311382,0.9299886,0.2028726,36.93203,29.05774,36.66827,0.9703119,1.012429,0.2297927,0.7304873,0.6195333,-0.1583003,SelectionEnd
115.3822,24,2,3,0,0.9311382,0.9299886,0.2028726,36.93203,29.05774,36.66827,0.9703119,1.012429,0.2297927,0.7304873,0.6195333,-0.1583003,GotSelection
115.3929,24,2,3,0,0.9309617,0.9301021,0.2030899,36.91723,28.98253,36.65691,0.971931,1.012771,0.2286158,0.7489623,0.6053312,-0.1625392,SelectionStart
115.3929,24,2,3,0,0.9309617,0.9301021,0.2030899,36.91723,28.98253,36.65691,0.971931,1.012771,0.2286158,0.7489623,0.6053312,-0.1625392,SelectionEnd
115.3962,24,2,3,0,0.9309617,0.9301021,0.2030899,36.91723,28.98253,36.65691,0.971931,1.012771,0.2286158,0.7489623,0.6053312,-0.1625392,GotSelection
115.4066,24,2,3,0,0.9306092,0.930263,0.2032919,36.90936,28.96905,36.69226,0.9732154,1.011974,0.2277671,0.7601561,0.58608,-0.1576177,SelectionStart
115.4066,24,2,3,0,0.9306092,0.930263,0.2032919,36.90936,28.96905,36.69226,0.9732154,1.011974,0.2277671,0.7601561,0.58608,-0.1576177,SelectionEnd
115.4099,24,2,3,0,0.9306092,0.930263,0.2032919,36.90936,28.96905,36.69226,0.9732154,1.011974,0.2277671,0.7601561,0.58608,-0.1576177,GotSelection
115.4207,24,2,3,0,0.9303328,0.9304709,0.2035549,36.91217,28.99897,36.7822,0.9743879,1.011559,0.2271511,0.7714891,0.5703381,-0.1542793,SelectionStart
115.4207,24,2,3,0,0.9303328,0.9304709,0.2035549,36.91217,28.99897,36.7822,0.9743879,1.011559,0.2271511,0.7714891,0.5703381,-0.1542793,SelectionEnd
115.4241,24,2,3,0,0.9303328,0.9304709,0.2035549,36.91217,28.99897,36.7822,0.9743879,1.011559,0.2271511,0.7714891,0.5703381,-0.1542793,GotSelection
115.4341,24,2,3,0,0.930163,0.9305838,0.2036912,36.91345,29.05278,36.87192,0.9746093,1.010861,0.226391,0.7723432,0.5565341,-0.1539667,SelectionStart
115.4341,24,2,3,0,0.930163,0.9305838,0.2036912,36.91345,29.05278,36.87192,0.9746093,1.010861,0.226391,0.7723432,0.5565341,-0.1539667,SelectionEnd
115.4373,24,2,3,0,0.930163,0.9305838,0.2036912,36.91345,29.05278,36.87192,0.9746093,1.010861,0.226391,0.7723432,0.5565341,-0.1539667,GotSelection
115.4471,24,2,3,0,0.9299587,0.9306762,0.2038348,36.90505,29.09136,36.94468,0.9760526,1.010369,0.224714,0.786091,0.5339063,-0.1565475,SelectionStart
115.4471,24,2,3,0,0.9299587,0.9306762,0.2038348,36.90505,29.09136,36.94468,0.9760526,1.010369,0.224714,0.786091,0.5339063,-0.1565475,SelectionEnd
115.4503,24,2,3,0,0.9299587,0.9306762,0.2038348,36.90505,29.09136,36.94468,0.9760526,1.010369,0.224714,0.786091,0.5339063,-0.1565475,GotSelection
115.4626,24,2,3,0,0.929927,0.9308184,0.2038913,36.90631,29.09949,36.9758,0.9780852,1.009844,0.2226408,0.8030552,0.5075637,-0.159432,SelectionStart
115.4626,24,2,3,0,0.929927,0.9308184,0.2038913,36.90631,29.09949,36.9758,0.9780852,1.009844,0.2226408,0.8030552,0.5075637,-0.159432,SelectionEnd
115.4659,24,2,3,0,0.929927,0.9308184,0.2038913,36.90631,29.09949,36.9758,0.9780852,1.009844,0.2226408,0.8030552,0.5075637,-0.159432,GotSelection
115.5063,24,2,3,0,0.9301103,0.9304831,0.2038318,36.88883,29.06016,36.90935,0.9825227,1.008065,0.2167951,0.8378226,0.4441897,-0.1749171,SelectionStart
115.5063,24,2,3,0,0.9301103,0.9304831,0.2038318,36.88883,29.06016,36.90935,0.9825227,1.008065,0.2167951,0.8378226,0.4441897,-0.1749171,SelectionEnd
115.5095,24,2,3,0,0.9301103,0.9304831,0.2038318,36.88883,29.06016,36.90935,0.9825227,1.008065,0.2167951,0.8378226,0.4441897,-0.1749171,GotSelection
115.5201,24,2,3,0,0.9302723,0.9303519,0.2036829,36.89317,29.094,36.9013,0.9827749,1.007793,0.2159851,0.838269,0.4385542,-0.1782798,SelectionStart
115.5202,24,2,3,0,0.9302723,0.9303519,0.2036829,36.89317,29.094,36.9013,0.9827749,1.007793,0.2159851,0.838269,0.4385542,-0.1782798,SelectionEnd
115.5236,24,2,3,0,0.9302723,0.9303519,0.2036829,36.89317,29.094,36.9013,0.9827749,1.007793,0.2159851,0.838269,0.4385542,-0.1782798,GotSelection
115.5325,24,2,3,0,0.9303749,0.9302242,0.2036462,36.93069,29.11335,36.90685,0.9816309,1.007365,0.2158262,0.8256972,0.4393761,-0.1827072,SelectionStart
115.5326,24,2,3,0,0.9303749,0.9302242,0.2036462,36.93069,29.11335,36.90685,0.9816309,1.007365,0.2158262,0.8256972,0.4393761,-0.1827072,SelectionEnd
115.5359,24,2,3,0,0.9303749,0.9302242,0.2036462,36.93069,29.11335,36.90685,0.9816309,1.007365,0.2158262,0.8256972,0.4393761,-0.1827072,GotSelection
115.5454,24,2,3,0,0.9305305,0.9300954,0.2036918,36.98159,29.1342,36.91651,0.9816615,1.007259,0.2151246,0.825177,0.4343437,-0.1892996,SelectionStart
115.5454,24,2,3,0,0.9305305,0.9300954,0.2036918,36.98159,29.1342,36.91651,0.9816615,1.007259,0.2151246,0.825177,0.4343437,-0.1892996,SelectionEnd
115.5487,24,2,3,0,0.9305305,0.9300954,0.2036918,36.98159,29.1342,36.91651,0.9816615,1.007259,0.2151246,0.825177,0.4343437,-0.1892996,GotSelection
115.5586,24,2,3,0,0.930662,0.9300302,0.2036599,37.02829,29.16284,36.94329,0.9812036,1.007101,0.2150899,0.8195097,0.435161,-0.1916197,SelectionStart
115.5586,24,2,3,0,0.930662,0.9300302,0.2036599,37.02829,29.16284,36.94329,0.9812036,1.007101,0.2150899,0.8195097,0.435161,-0.1916197,SelectionEnd
115.5618,24,2,3,0,0.930662,0.9300302,0.2036599,37.02829,29.16284,36.94329,0.9812036,1.007101,0.2150899,0.8195097,0.435161,-0.1916197,GotSelection
115.5721,24,2,3,0,0.9306964,0.9299202,0.2036165,37.04848,29.21196,36.97268,0.9802361,1.006988,0.2151344,0.810557,0.4386163,-0.1949844,SelectionStart
115.5721,24,2,3,0,0.9306964,0.9299202,0.2036165,37.04848,29.21196,36.97268,0.9802361,1.006988,0.2151344,0.810557,0.4386163,-0.1949844,SelectionEnd
115.5754,24,2,3,0,0.9306964,0.9299202,0.2036165,37.04848,29.21196,36.97268,0.9802361,1.006988,0.2151344,0.810557,0.4386163,-0.1949844,GotSelection
115.5868,24,2,3,0,0.9306787,0.9300467,0.203581,37.04676,29.27779,37.05057,0.9788623,1.006722,0.21605,0.7962653,0.4463632,-0.1908358,SelectionStart
115.5868,24,2,3,0,0.9306787,0.9300467,0.203581,37.04676,29.27779,37.05057,0.9788623,1.006722,0.21605,0.7962653,0.4463632,-0.1908358,SelectionEnd
115.5901,24,2,3,0,0.9306787,0.9300467,0.203581,37.04676,29.27779,37.05057,0.9788623,1.006722,0.21605,0.7962653,0.4463632,-0.1908358,GotSelection
115.5997,24,2,3,0,0.9306473,0.9300361,0.2038128,37.08699,29.33285,37.13126,0.9766673,1.006467,0.2173918,0.7753669,0.4584361,-0.1903919,SelectionStart
115.5997,24,2,3,0,0.9306473,0.9300361,0.2038128,37.08699,29.33285,37.13126,0.9766673,1.006467,0.2173918,0.7753669,0.4584361,-0.1903919,SelectionEnd
115.6029,24,2,3,0,0.9306473,0.9300361,0.2038128,37.08699,29.33285,37.13126,0.9766673,1.006467,0.2173918,0.7753669,0.4584361,-0.1903919,GotSelection
115.6121,24,2,3,0,0.9306395,0.9299932,0.2040083,37.13505,29.35535,37.17433,0.9748423,1.00679,0.2182454,0.7606702,0.4704375,-0.195815,SelectionStart
115.6122,24,2,3,0,0.9306395,0.9299932,0.2040083,37.13505,29.35535,37.17433,0.9748423,1.00679,0.2182454,0.7606702,0.4704375,-0.195815,SelectionEnd
115.616,24,2,3,0,0.9306395,0.9299932,0.2040083,37.13505,29.35535,37.17433,0.9748423,1.00679,0.2182454,0.7606702,0.4704375,-0.195815,GotSelection
115.6255,24,2,3,0,0.930491,0.9300288,0.2043157,37.19598,29.40131,37.25385,0.973476,1.006722,0.2190633,0.7493381,0.4761881,-0.1971039,SelectionStart
115.6255,24,2,3,0,0.930491,0.9300288,0.2043157,37.19598,29.40131,37.25385,0.973476,1.006722,0.2190633,0.7493381,0.4761881,-0.1971039,SelectionEnd
115.6288,24,2,3,0,0.930491,0.9300288,0.2043157,37.19598,29.40131,37.25385,0.973476,1.006722,0.2190633,0.7493381,0.4761881,-0.1971039,GotSelection
115.6394,24,2,3,0,0.9301645,0.9303048,0.2045469,37.25016,29.55968,37.43402,0.9714162,1.007105,0.2196185,0.7351391,0.4828949,-0.2025306,SelectionStart
115.6395,24,2,3,0,0.9301645,0.9303048,0.2045469,37.25016,29.55968,37.43402,0.9714162,1.007105,0.2196185,0.7351391,0.4828949,-0.2025306,SelectionEnd
115.6427,24,2,3,0,0.9301645,0.9303048,0.2045469,37.25016,29.55968,37.43402,0.9714162,1.007105,0.2196185,0.7351391,0.4828949,-0.2025306,GotSelection
115.6956,24,2,3,0,0.9280143,0.9321088,0.2069285,37.62052,30.42944,38.64862,0.9658136,1.004897,0.2211228,0.6918011,0.4501339,-0.1996883,Nothing
115.7031,24,2,3,0,0.9276267,0.9324198,0.2072299,37.64767,30.54721,38.82415,0.9652069,1.004615,0.2212557,0.687986,0.4442878,-0.1980157,Nothing
115.7124,24,2,3,0,0.9271635,0.9327569,0.2075452,37.64815,30.61853,38.97879,0.9647868,1.004201,0.2212628,0.6857665,0.4356901,-0.1950554,Nothing
115.7196,24,2,3,0,0.9268353,0.9329928,0.2079693,37.68566,30.68936,39.13349,0.9643008,1.003509,0.2211706,0.6808977,0.4249643,-0.1937524,Nothing
115.7292,24,2,3,0,0.926289,0.9333491,0.2085811,37.75129,30.79891,39.36155,0.9638395,1.002763,0.2205973,0.67804,0.4067132,-0.1952059,Nothing
115.738,24,2,3,0,0.9259239,0.933582,0.2089502,37.82538,30.87947,39.50984,0.9634225,1.002307,0.2204364,0.675088,0.3971229,-0.1954417,Nothing
115.7455,24,2,3,0,0.9255247,0.9338199,0.2094094,37.88972,30.97098,39.67038,0.9635778,1.001672,0.2198703,0.6768764,0.3807599,-0.1952412,Nothing
115.7541,24,2,3,0,0.9251841,0.9340299,0.2098505,37.97327,31.08929,39.84848,0.9635026,1.001133,0.2193934,0.6766624,0.3667579,-0.1963685,Nothing
115.7618,24,2,3,0,0.9248337,0.9343142,0.2101951,38.04737,31.24706,40.04404,0.9634888,1.000517,0.219034,0.6761726,0.3532476,-0.1944501,Nothing
115.7701,24,2,3,0,0.9244196,0.9346186,0.2105751,38.13248,31.45129,40.29177,0.963617,0.999846,0.2187188,0.6772488,0.3383297,-0.1910283,Nothing
115.7781,24,2,3,0,0.9240547,0.9349359,0.2109618,38.20431,31.66763,40.54084,0.9635292,0.9992638,0.2184454,0.676324,0.3250772,-0.1886813,Nothing
115.7873,24,2,3,0,0.9233458,0.9355005,0.2114891,38.30554,32.01184,40.95492,0.9636859,0.9983057,0.2181097,0.677974,0.3033923,-0.181026,Nothing
115.7961,24,2,3,0,0.9228021,0.9360917,0.2119525,38.38644,32.34227,41.348,0.9638854,0.9976577,0.2178283,0.6797575,0.2849752,-0.1745672,Nothing
115.8035,24,2,3,0,0.9221473,0.9366242,0.2124224,38.47092,32.6891,41.76768,0.9642428,0.996978,0.2176903,0.6838942,0.2667352,-0.1660475,Nothing
115.812,24,2,3,0,0.9214566,0.9371545,0.2130605,38.59361,33.06778,42.24776,0.964596,0.9962577,0.2174572,0.6882268,0.2455808,-0.1590571,Nothing
115.82,24,2,3,0,0.9205704,0.937701,0.2139652,38.75048,33.46442,42.79892,0.9648066,0.9955598,0.2172906,0.6931449,0.2219753,-0.153321,Nothing
115.8293,24,2,3,0,0.9196863,0.9382766,0.2149423,38.95839,33.99104,43.47462,0.9653422,0.9947124,0.217113,0.6998916,0.1948905,-0.1452421,Nothing
115.8368,24,2,3,0,0.9187613,0.938623,0.21581,39.10678,34.441,44.03493,0.9657465,0.994247,0.216792,0.7086847,0.1724032,-0.1411691,Nothing
115.8456,24,2,3,0,0.9175921,0.9393625,0.2169949,39.34959,35.16835,44.92601,0.9663734,0.9930627,0.2166268,0.7157144,0.1384281,-0.1280754,Nothing
115.8535,24,2,3,0,0.9168463,0.9399022,0.2175584,39.47592,35.69932,45.51931,0.9668292,0.9920358,0.2169112,0.7182993,0.1196045,-0.112591,Nothing
115.8631,24,2,3,0,0.9162127,0.9406698,0.2180618,39.59139,36.19747,46.10022,0.9668602,0.991114,0.2171216,0.71538,0.1018808,-0.09878974,Nothing
115.8698,24,2,3,0,0.9156733,0.9411723,0.218301,39.67481,36.6774,46.57695,0.9671958,0.9901901,0.2173577,0.7152729,0.08861115,-0.08355195,Nothing
115.8784,24,2,3,0,0.9149774,0.9416862,0.2188102,39.78566,37.15949,47.09652,0.9675763,0.9891279,0.2177735,0.7158956,0.07278521,-0.06711842,Nothing
115.8877,24,2,3,0,0.9144788,0.9422146,0.2190095,39.85596,37.63018,47.55659,0.9675215,0.9880612,0.2182066,0.7107363,0.06245153,-0.05109154,Nothing
115.8949,24,2,3,0,0.913873,0.9427403,0.219355,39.93789,38.11572,48.06022,0.9678238,0.9869894,0.2187231,0.7093496,0.04984773,-0.03319382,Nothing
115.9034,24,2,3,0,0.9134382,0.9432504,0.219756,40.00697,38.56704,48.55716,0.9680498,0.9859466,0.2192793,0.7059863,0.03818555,-0.01688987,Nothing
115.9129,24,2,3,0,0.9125643,0.9440364,0.2203612,40.10082,39.22702,49.29397,0.9683477,0.984333,0.2202331,0.7016681,0.02102603,0.009708011,Nothing
115.9202,24,2,3,0,0.912046,0.9445872,0.2206182,40.1363,39.5942,49.72749,0.9680739,0.983307,0.220974,0.6941857,0.01389015,0.02602116,Nothing
115.9285,24,2,3,0,0.911585,0.9450687,0.2208982,40.15593,39.86814,50.0745,0.9681727,0.9822865,0.221662,0.6896783,0.005911478,0.04255516,Nothing
115.9368,24,2,3,0,0.910961,0.9456367,0.2211086,40.19272,40.2289,50.47018,0.9684629,0.9811638,0.2222982,0.6868142,-0.003748909,0.06258127,Nothing
115.9455,24,2,3,0,0.9106247,0.9460595,0.2212114,40.21021,40.5102,50.7572,0.9685633,0.9801686,0.2229569,0.6815291,-0.008632615,0.07890886,Nothing
115.9545,24,2,3,0,0.9103612,0.9464613,0.2212517,40.22792,40.78469,51.01366,0.9687133,0.9791899,0.2235884,0.6761999,-0.01254294,0.0950318,Nothing
115.9624,24,2,3,0,0.9095849,0.9474215,0.2214222,40.27008,41.22766,51.42503,0.9688225,0.9777443,0.2245944,0.6682131,-0.02114739,0.1225062,Nothing
115.9699,24,2,3,0,0.9093916,0.9478093,0.221401,40.28788,41.47503,51.62898,0.9689599,0.9768513,0.2250838,0.662699,-0.02432035,0.1369028,Nothing
115.9791,24,2,3,0,0.9092617,0.9480947,0.2213302,40.2738,41.67759,51.80125,0.9690937,0.9759228,0.2256165,0.6569554,-0.02617848,0.1510654,Nothing
115.9869,24,2,3,0,0.90904,0.9485153,0.2211664,40.20197,41.72766,51.85919,0.9691549,0.9751922,0.2261102,0.6517664,-0.02747096,0.1648479,Nothing
115.9956,24,2,3,0,0.9089971,0.948702,0.2210226,40.13764,41.75575,51.92565,0.9692578,0.9743708,0.2266138,0.6463442,-0.02799322,0.1767164,Nothing
116.0033,24,2,3,0,0.9089211,0.9490595,0.2209315,40.06858,41.69198,51.88253,0.9695381,0.9735858,0.2270281,0.6419861,-0.03067424,0.1892499,Nothing
116.0126,24,2,3,0,0.9088942,0.9492602,0.2207356,40.00758,41.57058,51.78209,0.9695624,0.9728457,0.2274645,0.6364595,-0.03022464,0.199217,Nothing
116.0199,24,2,3,0,0.9088364,0.9494017,0.2205341,39.96712,41.49688,51.71729,0.9697264,0.9720528,0.2277141,0.6323994,-0.03176718,0.2090598,Nothing
116.0291,24,2,3,0,0.9091526,0.9494108,0.2200666,39.90721,41.15699,51.35476,0.9696,0.9713563,0.2280884,0.6246823,-0.02602882,0.214953,Nothing
116.0378,24,2,3,0,0.909361,0.9495229,0.2195432,39.85816,40.93567,51.08046,0.9694055,0.970246,0.2287478,0.6138345,-0.02005673,0.2270592,Nothing
116.046,24,2,3,0,0.9095649,0.9495533,0.2191348,39.79693,40.70697,50.80958,0.9688165,0.9696905,0.229113,0.6037911,-0.01329018,0.2306926,Nothing
116.0536,24,2,3,0,0.9096233,0.9496775,0.2188564,39.74303,40.56653,50.6517,0.9684351,0.9690236,0.2294752,0.5952708,-0.01022912,0.2371191,Nothing
116.0623,24,2,3,0,0.9097447,0.94982,0.2187587,39.67661,40.37606,50.45648,0.967773,0.9683551,0.2297886,0.583962,-0.008177669,0.2404126,Nothing
116.0703,24,2,3,0,0.9096239,0.9500011,0.2186774,39.62266,40.26357,50.36954,0.9674796,0.9677808,0.2299258,0.5779508,-0.009859804,0.2456073,Nothing
116.0789,24,2,3,0,0.9097965,0.9500197,0.21848,39.572,40.12239,50.23122,0.9672616,0.9672388,0.2300474,0.5713733,-0.008767732,0.2488619,Nothing
116.0873,24,2,3,0,0.9095863,0.9502093,0.2186133,39.5666,40.11366,50.26896,0.9670437,0.966741,0.2300916,0.5671796,-0.0134,0.2527517,Nothing
116.0965,24,2,3,0,0.9093521,0.9504589,0.2186339,39.50879,40.01682,50.22018,0.9669027,0.9661872,0.2298912,0.5631797,-0.0201179,0.25705,Nothing
116.1126,24,2,3,0,0.9088532,0.9509149,0.2187792,39.43992,40.01363,50.30574,0.966579,0.9653883,0.2298821,0.5568034,-0.0293553,0.2656268,Nothing
116.1216,24,2,3,0,0.9086005,0.9510892,0.2189272,39.38456,39.96923,50.31509,0.9666014,0.9649872,0.2298809,0.5555036,-0.0350536,0.2700122,Nothing
116.1292,24,2,3,0,0.9084284,0.9512256,0.2189729,39.35118,39.94265,50.31818,0.9666204,0.9647962,0.2297723,0.555067,-0.03898084,0.2722639,Nothing
116.1369,24,2,3,0,0.9084527,0.9512826,0.2189596,39.32373,39.87022,50.26144,0.9665789,0.9644419,0.2298303,0.5520819,-0.04043278,0.2748387,Nothing
116.1455,24,2,3,0,0.9085498,0.9511806,0.2189328,39.31557,39.74928,50.14651,0.9666449,0.9641866,0.2296425,0.5512413,-0.04242199,0.2741238,Nothing
116.1536,24,2,3,0,0.9086515,0.9510894,0.2188563,39.31008,39.63418,50.02825,0.9668339,0.9640582,0.2296312,0.5519959,-0.04227906,0.2746379,Nothing
116.1619,24,2,3,0,0.908778,0.9509758,0.2187996,39.28436,39.47491,49.87157,0.9669214,0.9638512,0.2294486,0.5514836,-0.04364556,0.2736225,Nothing
116.1711,24,2,3,0,0.9089931,0.9507818,0.2186722,39.2788,39.33223,49.70625,0.9670731,0.9638181,0.2293561,0.5522954,-0.04202184,0.2717669,Nothing
116.1875,24,2,3,0,0.9095145,0.9504579,0.2182487,39.262,39.03508,49.3229,0.9673844,0.9638029,0.2291441,0.5531175,-0.0370007,0.2685737,Nothing
116.1952,24,2,3,0,0.9097275,0.9502696,0.2181256,39.24873,38.89743,49.17102,0.9675797,0.9636993,0.2290121,0.5538022,-0.03636891,0.2672524,Nothing
116.2034,24,2,3,0,0.9099067,0.9500973,0.2180749,39.24405,38.77771,49.04438,0.9677112,0.9638093,0.228858,0.5554301,-0.03543608,0.2639577,Nothing
116.2121,24,2,3,0,0.9100662,0.949956,0.2179931,39.23498,38.67999,48.94143,0.9678113,0.9639524,0.2286737,0.5568955,-0.03448307,0.2607434,Nothing
116.2204,24,2,3,0,0.9102342,0.949869,0.2179846,39.20655,38.52578,48.80325,0.9677903,0.9642595,0.2283922,0.5580664,-0.03410754,0.2549606,Nothing
116.2291,24,2,3,0,0.9103447,0.9497768,0.2179657,39.20798,38.47698,48.75778,0.9677925,0.9644169,0.2282473,0.5588256,-0.03344394,0.2517697,Nothing
116.2368,24,2,3,0,0.9104569,0.9496657,0.2178392,39.21059,38.45697,48.7183,0.9676544,0.9646603,0.2281387,0.5589207,-0.03039177,0.2482391,SelectionStart
116.2368,24,2,3,0,0.9104569,0.9496657,0.2178392,39.21059,38.45697,48.7183,0.9676544,0.9646603,0.2281387,0.5589207,-0.03039177,0.2482391,SelectionEnd
116.2401,24,2,3,0,0.9104569,0.9496657,0.2178392,39.21059,38.45697,48.7183,0.9676544,0.9646603,0.2281387,0.5589207,-0.03039177,0.2482391,GotSelection
116.2505,24,2,3,0,0.9105834,0.9495628,0.2177643,39.21893,38.47191,48.71054,0.9673562,0.9649785,0.2280674,0.5579034,-0.02651215,0.2434777,SelectionStart
116.2505,24,2,3,0,0.9105834,0.9495628,0.2177643,39.21893,38.47191,48.71054,0.9673562,0.9649785,0.2280674,0.5579034,-0.02651215,0.2434777,SelectionEnd
116.2538,24,2,3,0,0.9105834,0.9495628,0.2177643,39.21893,38.47191,48.71054,0.9673562,0.9649785,0.2280674,0.5579034,-0.02651215,0.2434777,GotSelection
116.2627,24,2,3,0,0.9107733,0.9494505,0.2176034,39.2259,38.48788,48.67793,0.9672374,0.9653269,0.2278543,0.558108,-0.02302415,0.238699,SelectionStart
116.2627,24,2,3,0,0.9107733,0.9494505,0.2176034,39.2259,38.48788,48.67793,0.9672374,0.9653269,0.2278543,0.558108,-0.02302415,0.238699,SelectionEnd
116.2662,24,2,3,0,0.9107733,0.9494505,0.2176034,39.2259,38.48788,48.67793,0.9672374,0.9653269,0.2278543,0.558108,-0.02302415,0.238699,GotSelection
116.2769,24,2,3,0,0.9110839,0.9492748,0.2174167,39.24764,38.50052,48.63449,0.9667627,0.9659113,0.2278018,0.5561095,-0.0147552,0.2306726,SelectionStart
116.277,24,2,3,0,0.9110839,0.9492748,0.2174167,39.24764,38.50052,48.63449,0.9667627,0.9659113,0.2278018,0.5561095,-0.0147552,0.2306726,SelectionEnd
116.2803,24,2,3,0,0.9110839,0.9492748,0.2174167,39.24764,38.50052,48.63449,0.9667627,0.9659113,0.2278018,0.5561095,-0.0147552,0.2306726,GotSelection
116.2902,24,2,3,0,0.9112661,0.9491367,0.2173235,39.26221,38.51018,48.61477,0.9657531,0.966421,0.2279986,0.5499768,-0.004739307,0.2223679,SelectionStart
116.2903,24,2,3,0,0.9112661,0.9491367,0.2173235,39.26221,38.51018,48.61477,0.9657531,0.966421,0.2279986,0.5499768,-0.004739307,0.2223679,SelectionEnd
116.2936,24,2,3,0,0.9112661,0.9491367,0.2173235,39.26221,38.51018,48.61477,0.9657531,0.966421,0.2279986,0.5499768,-0.004739307,0.2223679,GotSelection
116.3037,24,2,3,0,0.91143,0.949035,0.2172067,39.26377,38.47168,48.55883,0.9646469,0.9669645,0.2280724,0.5432639,0.004626775,0.2129372,SelectionStart
116.3037,24,2,3,0,0.91143,0.949035,0.2172067,39.26377,38.47168,48.55883,0.9646469,0.9669645,0.2280724,0.5432639,0.004626775,0.2129372,SelectionEnd
116.307,24,2,3,0,0.91143,0.949035,0.2172067,39.26377,38.47168,48.55883,0.9646469,0.9669645,0.2280724,0.5432639,0.004626775,0.2129372,GotSelection
116.3167,24,2,3,0,0.91163,0.9487542,0.2170551,39.27426,38.44781,48.50211,0.9636663,0.9673411,0.2288756,0.5370253,0.02009607,0.2086089,SelectionStart
116.3167,24,2,3,0,0.91163,0.9487542,0.2170551,39.27426,38.44781,48.50211,0.9636663,0.9673411,0.2288756,0.5370253,0.02009607,0.2086089,SelectionEnd
116.3201,24,2,3,0,0.91163,0.9487542,0.2170551,39.27426,38.44781,48.50211,0.9636663,0.9673411,0.2288756,0.5370253,0.02009607,0.2086089,GotSelection
116.3292,24,2,3,0,0.9118974,0.9484859,0.2169602,39.29644,38.36297,48.39379,0.9630002,0.9679443,0.2290023,0.5345197,0.02994299,0.1992237,SelectionStart
116.3293,24,2,3,0,0.9118974,0.9484859,0.2169602,39.29644,38.36297,48.39379,0.9630002,0.9679443,0.2290023,0.5345197,0.02994299,0.1992237,SelectionEnd
116.3327,24,2,3,0,0.9118974,0.9484859,0.2169602,39.29644,38.36297,48.39379,0.9630002,0.9679443,0.2290023,0.5345197,0.02994299,0.1992237,GotSelection
116.3428,24,2,3,0,0.9122322,0.9482319,0.2168188,39.32079,38.26893,48.26924,0.9624514,0.9688138,0.2285519,0.5341129,0.03674487,0.1851272,SelectionStart
116.3428,24,2,3,0,0.9122322,0.9482319,0.2168188,39.32079,38.26893,48.26924,0.9624514,0.9688138,0.2285519,0.5341129,0.03674487,0.1851272,SelectionEnd
116.3465,24,2,3,0,0.9122322,0.9482319,0.2168188,39.32079,38.26893,48.26924,0.9624514,0.9688138,0.2285519,0.5341129,0.03674487,0.1851272,GotSelection
116.3587,24,2,3,0,0.9123337,0.9482184,0.2166655,39.33204,38.23692,48.21214,0.9616072,0.9701774,0.2286722,0.534285,0.04963759,0.1730741,SelectionStart
116.3587,24,2,3,0,0.9123337,0.9482184,0.2166655,39.33204,38.23692,48.21214,0.9616072,0.9701774,0.2286722,0.534285,0.04963759,0.1730741,SelectionEnd
116.3621,24,2,3,0,0.9123337,0.9482184,0.2166655,39.33204,38.23692,48.21214,0.9616072,0.9701774,0.2286722,0.534285,0.04963759,0.1730741,GotSelection
116.3786,24,2,3,0,0.9123137,0.948257,0.2166373,39.34376,38.29804,48.27399,0.9610128,0.9715074,0.2282978,0.5372074,0.05542855,0.1599437,SelectionStart
116.3788,24,2,3,0,0.9123137,0.948257,0.2166373,39.34376,38.29804,48.27399,0.9610128,0.9715074,0.2282978,0.5372074,0.05542855,0.1599437,SelectionEnd
116.3823,24,2,3,0,0.9123137,0.948257,0.2166373,39.34376,38.29804,48.27399,0.9610128,0.9715074,0.2282978,0.5372074,0.05542855,0.1599437,GotSelection
116.4198,24,2,3,0,0.9125057,0.9481721,0.2163848,39.32734,38.44446,48.36712,0.961033,0.9766331,0.2284851,0.5660784,0.08708306,0.1288803,SelectionStart
116.4199,24,2,3,0,0.9125057,0.9481721,0.2163848,39.32734,38.44446,48.36712,0.961033,0.9766331,0.2284851,0.5660784,0.08708306,0.1288803,SelectionEnd
116.4232,24,2,3,0,0.9125057,0.9481721,0.2163848,39.32734,38.44446,48.36712,0.961033,0.9766331,0.2284851,0.5660784,0.08708306,0.1288803,GotSelection
116.4334,24,2,3,0,0.9126371,0.9480932,0.2162088,39.32178,38.37109,48.28542,0.9614332,0.9783573,0.2289531,0.5786818,0.1011245,0.1222637,SelectionStart
116.4334,24,2,3,0,0.9126371,0.9480932,0.2162088,39.32178,38.37109,48.28542,0.9614332,0.9783573,0.2289531,0.5786818,0.1011245,0.1222637,SelectionEnd
116.4373,24,2,3,0,0.9126371,0.9480932,0.2162088,39.32178,38.37109,48.28542,0.9614332,0.9783573,0.2289531,0.5786818,0.1011245,0.1222637,GotSelection
116.4485,24,2,3,0,0.9129613,0.947782,0.2161023,39.34787,38.27284,48.14601,0.9608927,0.9800862,0.2296813,0.5831192,0.1221635,0.1093742,SelectionStart
116.4485,24,2,3,0,0.9129613,0.947782,0.2161023,39.34787,38.27284,48.14601,0.9608927,0.9800862,0.2296813,0.5831192,0.1221635,0.1093742,SelectionEnd
116.4519,24,2,3,0,0.9129613,0.947782,0.2161023,39.34787,38.27284,48.14601,0.9608927,0.9800862,0.2296813,0.5831192,0.1221635,0.1093742,GotSelection
116.462,24,2,3,0,0.9129976,0.9478729,0.2160696,39.34645,38.25079,48.10543,0.9610916,0.9810763,0.2297896,0.5896549,0.1277511,0.1051491,SelectionStart
116.462,24,2,3,0,0.9129976,0.9478729,0.2160696,39.34645,38.25079,48.10543,0.9610916,0.9810763,0.2297896,0.5896549,0.1277511,0.1051491,SelectionEnd
116.4654,24,2,3,0,0.9129976,0.9478729,0.2160696,39.34645,38.25079,48.10543,0.9610916,0.9810763,0.2297896,0.5896549,0.1277511,0.1051491,GotSelection
116.4755,24,2,3,0,0.913051,0.9479749,0.2157921,39.34627,38.29354,48.10449,0.9606789,0.9825599,0.2304627,0.5933617,0.1445898,0.09999467,SelectionStart
116.4756,24,2,3,0,0.913051,0.9479749,0.2157921,39.34627,38.29354,48.10449,0.9606789,0.9825599,0.2304627,0.5933617,0.1445898,0.09999467,SelectionEnd
116.4795,24,2,3,0,0.913051,0.9479749,0.2157921,39.34627,38.29354,48.10449,0.9606789,0.9825599,0.2304627,0.5933617,0.1445898,0.09999467,GotSelection
116.4898,24,2,3,0,0.9128177,0.9482438,0.2157008,39.30753,38.36708,48.16805,0.9600725,0.9832245,0.2313398,0.592075,0.1555935,0.1022528,SelectionStart
116.4898,24,2,3,0,0.9128177,0.9482438,0.2157008,39.30753,38.36708,48.16805,0.9600725,0.9832245,0.2313398,0.592075,0.1555935,0.1022528,SelectionEnd
116.4931,24,2,3,0,0.9128177,0.9482438,0.2157008,39.30753,38.36708,48.16805,0.9600725,0.9832245,0.2313398,0.592075,0.1555935,0.1022528,GotSelection
116.5048,24,2,3,0,0.9128885,0.9483599,0.2155654,39.30698,38.42661,48.19901,0.9589381,0.9838848,0.2323285,0.5846671,0.171648,0.1000045,SelectionStart
116.5048,24,2,3,0,0.9128885,0.9483599,0.2155654,39.30698,38.42661,48.19901,0.9589381,0.9838848,0.2323285,0.5846671,0.171648,0.1000045,SelectionEnd
116.5087,24,2,3,0,0.9128885,0.9483599,0.2155654,39.30698,38.42661,48.19901,0.9589381,0.9838848,0.2323285,0.5846671,0.171648,0.1000045,GotSelection
116.5186,24,2,3,0,0.9130104,0.9482532,0.2154407,39.30779,38.41314,48.15858,0.957596,0.9844241,0.2335698,0.5755748,0.1912247,0.09704294,SelectionStart
116.5186,24,2,3,0,0.9130104,0.9482532,0.2154407,39.30779,38.41314,48.15858,0.957596,0.9844241,0.2335698,0.5755748,0.1912247,0.09704294,SelectionEnd
116.5219,24,2,3,0,0.9130104,0.9482532,0.2154407,39.30779,38.41314,48.15858,0.957596,0.9844241,0.2335698,0.5755748,0.1912247,0.09704294,GotSelection
116.5317,24,2,3,0,0.9131242,0.9481915,0.2152856,39.29445,38.32048,48.04988,0.9554943,0.9843047,0.2348012,0.5560421,0.209793,0.09498412,SelectionStart
116.5318,24,2,3,0,0.9131242,0.9481915,0.2152856,39.29445,38.32048,48.04988,0.9554943,0.9843047,0.2348012,0.5560421,0.209793,0.09498412,SelectionEnd
116.5351,24,2,3,0,0.9131242,0.9481915,0.2152856,39.29445,38.32048,48.04988,0.9554943,0.9843047,0.2348012,0.5560421,0.209793,0.09498412,GotSelection
116.5452,24,2,3,0,0.9131836,0.9482276,0.2152054,39.26018,38.21564,47.94725,0.9524955,0.9837649,0.2368052,0.5261295,0.2338282,0.09671845,SelectionStart
116.5453,24,2,3,0,0.9131836,0.9482276,0.2152054,39.26018,38.21564,47.94725,0.9524955,0.9837649,0.2368052,0.5261295,0.2338282,0.09671845,SelectionEnd
116.5488,24,2,3,0,0.9131836,0.9482276,0.2152054,39.26018,38.21564,47.94725,0.9524955,0.9837649,0.2368052,0.5261295,0.2338282,0.09671845,GotSelection
116.5584,24,2,3,0,0.913101,0.9482263,0.2151818,39.21698,38.12624,47.8787,0.9499339,0.9829338,0.2382502,0.4998979,0.2493978,0.09930121,SelectionStart
116.5584,24,2,3,0,0.913101,0.9482263,0.2151818,39.21698,38.12624,47.8787,0.9499339,0.9829338,0.2382502,0.4998979,0.2493978,0.09930121,SelectionEnd
116.5618,24,2,3,0,0.913101,0.9482263,0.2151818,39.21698,38.12624,47.8787,0.9499339,0.9829338,0.2382502,0.4998979,0.2493978,0.09930121,GotSelection
116.6028,24,2,3,0,0.9126422,0.9486421,0.2152424,39.1048,37.95292,47.7533,0.9405296,0.9769078,0.2438623,0.3849355,0.2891367,0.1325526,SelectionStart
116.6029,24,2,3,0,0.9126422,0.9486421,0.2152424,39.1048,37.95292,47.7533,0.9405296,0.9769078,0.2438623,0.3849355,0.2891367,0.1325526,SelectionEnd
116.6061,24,2,3,0,0.9126422,0.9486421,0.2152424,39.1048,37.95292,47.7533,0.9405296,0.9769078,0.2438623,0.3849355,0.2891367,0.1325526,GotSelection
116.6156,24,2,3,0,0.91247,0.9488995,0.2153596,39.06103,37.90499,47.74791,0.9375295,0.9741445,0.2454747,0.343072,0.2941236,0.1478916,SelectionStart
116.6156,24,2,3,0,0.91247,0.9488995,0.2153596,39.06103,37.90499,47.74791,0.9375295,0.9741445,0.2454747,0.343072,0.2941236,0.1478916,SelectionEnd
116.6188,24,2,3,0,0.91247,0.9488995,0.2153596,39.06103,37.90499,47.74791,0.9375295,0.9741445,0.2454747,0.343072,0.2941236,0.1478916,GotSelection
116.629,24,2,3,0,0.9121485,0.9491037,0.2155942,39.02733,37.87938,47.80145,0.9358724,0.9715359,0.2463203,0.3154816,0.2879816,0.1635446,SelectionStart
116.629,24,2,3,0,0.9121485,0.9491037,0.2155942,39.02733,37.87938,47.80145,0.9358724,0.9715359,0.2463203,0.3154816,0.2879816,0.1635446,SelectionEnd
116.6323,24,2,3,0,0.9121485,0.9491037,0.2155942,39.02733,37.87938,47.80145,0.9358724,0.9715359,0.2463203,0.3154816,0.2879816,0.1635446,GotSelection
116.6418,24,2,3,0,0.9118659,0.9493172,0.2156594,38.99728,37.86402,47.82275,0.9343349,0.9689444,0.2471473,0.2883239,0.2830931,0.1804384,SelectionStart
116.6419,24,2,3,0,0.9118659,0.9493172,0.2156594,38.99728,37.86402,47.82275,0.9343349,0.9689444,0.2471473,0.2883239,0.2830931,0.1804384,SelectionEnd
116.6454,24,2,3,0,0.9118659,0.9493172,0.2156594,38.99728,37.86402,47.82275,0.9343349,0.9689444,0.2471473,0.2883239,0.2830931,0.1804384,GotSelection
116.6549,24,2,3,0,0.9116294,0.9493684,0.2157211,38.98405,37.82142,47.81189,0.9325016,0.9657365,0.2483512,0.2554859,0.2800486,0.2008471,SelectionStart
116.6549,24,2,3,0,0.9116294,0.9493684,0.2157211,38.98405,37.82142,47.81189,0.9325016,0.9657365,0.2483512,0.2554859,0.2800486,0.2008471,SelectionEnd
116.6583,24,2,3,0,0.9116294,0.9493684,0.2157211,38.98405,37.82142,47.81189,0.9325016,0.9657365,0.2483512,0.2554859,0.2800486,0.2008471,GotSelection
116.6722,24,2,3,0,0.9115962,0.9494032,0.2157928,38.9666,37.73549,47.7507,0.9314874,0.9627195,0.2485928,0.2293958,0.2682237,0.2168859,SelectionStart
116.6722,24,2,3,0,0.9115962,0.9494032,0.2157928,38.9666,37.73549,47.7507,0.9314874,0.9627195,0.2485928,0.2293958,0.2682237,0.2168859,SelectionEnd
116.6756,24,2,3,0,0.9115962,0.9494032,0.2157928,38.9666,37.73549,47.7507,0.9314874,0.9627195,0.2485928,0.2293958,0.2682237,0.2168859,GotSelection
116.6874,24,2,3,0,0.9114048,0.9494204,0.2158937,38.93372,37.64333,47.70368,0.931011,0.9602545,0.2483676,0.2127357,0.2529745,0.2296251,SelectionStart
116.6875,24,2,3,0,0.9114048,0.9494204,0.2158937,38.93372,37.64333,47.70368,0.931011,0.9602545,0.2483676,0.2127357,0.2529745,0.2296251,SelectionEnd
116.6908,24,2,3,0,0.9114048,0.9494204,0.2158937,38.93372,37.64333,47.70368,0.931011,0.9602545,0.2483676,0.2127357,0.2529745,0.2296251,GotSelection
116.7006,24,2,3,0,0.9110981,0.9495851,0.2159427,38.89165,37.57814,47.68157,0.9321702,0.9585959,0.2476842,0.2146572,0.232112,0.2440734,SelectionStart
116.7006,24,2,3,0,0.9110981,0.9495851,0.2159427,38.89165,37.57814,47.68157,0.9321702,0.9585959,0.2476842,0.2146572,0.232112,0.2440734,SelectionEnd
116.7039,24,2,3,0,0.9110981,0.9495851,0.2159427,38.89165,37.57814,47.68157,0.9321702,0.9585959,0.2476842,0.2146572,0.232112,0.2440734,GotSelection
116.7132,24,2,3,0,0.9108214,0.9496986,0.2160744,38.87763,37.53397,47.70104,0.9319087,0.9560704,0.2472282,0.199779,0.2129204,0.2574365,SelectionStart
116.7133,24,2,3,0,0.9108214,0.9496986,0.2160744,38.87763,37.53397,47.70104,0.9319087,0.9560704,0.2472282,0.199779,0.2129204,0.2574365,SelectionEnd
116.7167,24,2,3,0,0.9108214,0.9496986,0.2160744,38.87763,37.53397,47.70104,0.9319087,0.9560704,0.2472282,0.199779,0.2129204,0.2574365,GotSelection
116.7296,24,2,3,0,0.910769,0.9497603,0.2162032,38.8749,37.50925,47.74623,0.9327455,0.9542292,0.2460969,0.1967981,0.1893814,0.266004,SelectionStart
116.7297,24,2,3,0,0.910769,0.9497603,0.2162032,38.8749,37.50925,47.74623,0.9327455,0.9542292,0.2460969,0.1967981,0.1893814,0.266004,SelectionEnd
116.7334,24,2,3,0,0.910769,0.9497603,0.2162032,38.8749,37.50925,47.74623,0.9327455,0.9542292,0.2460969,0.1967981,0.1893814,0.266004,GotSelection
116.7458,24,2,3,0,0.9103665,0.9498957,0.2165717,38.86433,37.52652,47.82986,0.9342375,0.9531148,0.2440085,0.206372,0.1563885,0.2677411,SelectionStart
116.7458,24,2,3,0,0.9103665,0.9498957,0.2165717,38.86433,37.52652,47.82986,0.9342375,0.9531148,0.2440085,0.206372,0.1563885,0.2677411,SelectionEnd
116.7491,24,2,3,0,0.9103665,0.9498957,0.2165717,38.86433,37.52652,47.82986,0.9342375,0.9531148,0.2440085,0.206372,0.1563885,0.2677411,GotSelection
116.7916,24,2,3,0,0.9102713,0.9499955,0.2166786,38.80783,37.36154,47.75473,0.9401106,0.9504852,0.2362003,0.2434414,0.05750266,0.2641736,SelectionStart
116.7916,24,2,3,0,0.9102713,0.9499955,0.2166786,38.80783,37.36154,47.75473,0.9401106,0.9504852,0.2362003,0.2434414,0.05750266,0.2641736,SelectionEnd
116.7953,24,2,3,0,0.9102713,0.9499955,0.2166786,38.80783,37.36154,47.75473,0.9401106,0.9504852,0.2362003,0.2434414,0.05750266,0.2641736,GotSelection
116.8054,24,2,3,0,0.9102507,0.9499726,0.2167525,38.79756,37.25769,47.67053,0.9404151,0.9499263,0.2339083,0.2441362,0.03439361,0.2540611,SelectionStart
116.8054,24,2,3,0,0.9102507,0.9499726,0.2167525,38.79756,37.25769,47.67053,0.9404151,0.9499263,0.2339083,0.2441362,0.03439361,0.2540611,SelectionEnd
116.8095,24,2,3,0,0.9102507,0.9499726,0.2167525,38.79756,37.25769,47.67053,0.9404151,0.9499263,0.2339083,0.2441362,0.03439361,0.2540611,GotSelection
116.8216,24,2,3,0,0.9101654,0.9500037,0.2169066,38.79195,37.18562,47.62796,0.9407963,0.9492953,0.2312948,0.2453734,0.006941749,0.2428859,SelectionStart
116.8217,24,2,3,0,0.9101654,0.9500037,0.2169066,38.79195,37.18562,47.62796,0.9407963,0.9492953,0.2312948,0.2453734,0.006941749,0.2428859,SelectionEnd
116.8259,24,2,3,0,0.9101654,0.9500037,0.2169066,38.79195,37.18562,47.62796,0.9407963,0.9492953,0.2312948,0.2453734,0.006941749,0.2428859,GotSelection
116.836,24,2,3,0,0.9098735,0.9501766,0.2169523,38.77222,37.17508,47.64596,0.9411778,0.9484137,0.2289276,0.2456937,-0.02045681,0.2376081,SelectionStart
116.836,24,2,3,0,0.9098735,0.9501766,0.2169523,38.77222,37.17508,47.64596,0.9411778,0.9484137,0.2289276,0.2456937,-0.02045681,0.2376081,SelectionEnd
116.8393,24,2,3,0,0.9098735,0.9501766,0.2169523,38.77222,37.17508,47.64596,0.9411778,0.9484137,0.2289276,0.2456937,-0.02045681,0.2376081,GotSelection
116.8492,24,2,3,0,0.9097584,0.9501686,0.2172871,38.77814,37.19885,47.71023,0.9414247,0.9478363,0.2274568,0.2460008,-0.03929953,0.2315895,SelectionStart
116.8492,24,2,3,0,0.9097584,0.9501686,0.2172871,38.77814,37.19885,47.71023,0.9414247,0.9478363,0.2274568,0.2460008,-0.03929953,0.2315895,SelectionEnd
116.8525,24,2,3,0,0.9097584,0.9501686,0.2172871,38.77814,37.19885,47.71023,0.9414247,0.9478363,0.2274568,0.2460008,-0.03929953,0.2315895,GotSelection
116.8629,24,2,3,0,0.9097118,0.9500114,0.2173646,38.78485,37.18436,47.72637,0.9421706,0.947457,0.2253886,0.2521413,-0.06045633,0.2231665,SelectionStart
116.8629,24,2,3,0,0.9097118,0.9500114,0.2173646,38.78485,37.18436,47.72637,0.9421706,0.947457,0.2253886,0.2521413,-0.06045633,0.2231665,SelectionEnd
116.8665,24,2,3,0,0.9097118,0.9500114,0.2173646,38.78485,37.18436,47.72637,0.9421706,0.947457,0.2253886,0.2521413,-0.06045633,0.2231665,GotSelection
116.8782,24,2,3,0,0.9096308,0.949959,0.2175724,38.82077,37.14264,47.69345,0.9438834,0.9481467,0.2237363,0.2723409,-0.07743815,0.2150315,SelectionStart
116.8783,24,2,3,0,0.9096308,0.949959,0.2175724,38.82077,37.14264,47.69345,0.9438834,0.9481467,0.2237363,0.2723409,-0.07743815,0.2150315,SelectionEnd
116.8817,24,2,3,0,0.9096308,0.949959,0.2175724,38.82077,37.14264,47.69345,0.9438834,0.9481467,0.2237363,0.2723409,-0.07743815,0.2150315,GotSelection
116.8933,24,2,3,0,0.9097727,0.9497044,0.2176137,38.83899,37.13078,47.65232,0.9451659,0.9492956,0.2223711,0.2907403,-0.08486792,0.2025262,SelectionStart
116.8933,24,2,3,0,0.9097727,0.9497044,0.2176137,38.83899,37.13078,47.65232,0.9451659,0.9492956,0.2223711,0.2907403,-0.08486792,0.2025262,SelectionEnd
116.8966,24,2,3,0,0.9097727,0.9497044,0.2176137,38.83899,37.13078,47.65232,0.9451659,0.9492956,0.2223711,0.2907403,-0.08486792,0.2025262,GotSelection
116.9062,24,2,3,0,0.9098343,0.9495668,0.217552,38.84269,37.12541,47.61793,0.9464859,0.9505362,0.2215194,0.3096874,-0.08792689,0.1947086,SelectionStart
116.9062,24,2,3,0,0.9098343,0.9495668,0.217552,38.84269,37.12541,47.61793,0.9464859,0.9505362,0.2215194,0.3096874,-0.08792689,0.1947086,SelectionEnd
116.9096,24,2,3,0,0.9098343,0.9495668,0.217552,38.84269,37.12541,47.61793,0.9464859,0.9505362,0.2215194,0.3096874,-0.08792689,0.1947086,GotSelection
116.9202,24,2,3,0,0.9099394,0.9493743,0.2177556,38.87593,37.10907,47.61724,0.9484637,0.9522892,0.2206715,0.3372087,-0.09229609,0.1844071,SelectionStart
116.9202,24,2,3,0,0.9099394,0.9493743,0.2177556,38.87593,37.10907,47.61724,0.9484637,0.9522892,0.2206715,0.3372087,-0.09229609,0.1844071,SelectionEnd
116.9235,24,2,3,0,0.9099394,0.9493743,0.2177556,38.87593,37.10907,47.61724,0.9484637,0.9522892,0.2206715,0.3372087,-0.09229609,0.1844071,GotSelection
116.9331,24,2,3,0,0.9099358,0.9492211,0.2178635,38.90529,37.09797,47.63194,0.9501016,0.9541564,0.2203589,0.3629575,-0.09052484,0.1765181,SelectionStart
116.9331,24,2,3,0,0.9099358,0.9492211,0.2178635,38.90529,37.09797,47.63194,0.9501016,0.9541564,0.2203589,0.3629575,-0.09052484,0.1765181,SelectionEnd
116.9363,24,2,3,0,0.9099358,0.9492211,0.2178635,38.90529,37.09797,47.63194,0.9501016,0.9541564,0.2203589,0.3629575,-0.09052484,0.1765181,GotSelection
116.9778,24,2,3,0,0.9102809,0.9489174,0.2179815,39.00568,37.23853,47.7773,0.9566594,0.9626223,0.2199446,0.4663333,-0.06911492,0.1468828,SelectionStart
116.9778,24,2,3,0,0.9102809,0.9489174,0.2179815,39.00568,37.23853,47.7773,0.9566594,0.9626223,0.2199446,0.4663333,-0.06911492,0.1468828,SelectionEnd
116.9811,24,2,3,0,0.9102809,0.9489174,0.2179815,39.00568,37.23853,47.7773,0.9566594,0.9626223,0.2199446,0.4663333,-0.06911492,0.1468828,GotSelection
116.9902,24,2,3,0,0.9104097,0.9488853,0.217883,39.02396,37.302,47.81306,0.9582343,0.9654287,0.2202529,0.49486,-0.05550231,0.1383782,SelectionStart
116.9903,24,2,3,0,0.9104097,0.9488853,0.217883,39.02396,37.302,47.81306,0.9582343,0.9654287,0.2202529,0.49486,-0.05550231,0.1383782,SelectionEnd
116.9937,24,2,3,0,0.9104097,0.9488853,0.217883,39.02396,37.302,47.81306,0.9582343,0.9654287,0.2202529,0.49486,-0.05550231,0.1383782,GotSelection
117.0035,24,2,3,0,0.9105244,0.9490252,0.2176885,39.00475,37.34143,47.82585,0.9590268,0.9671081,0.2208065,0.5092018,-0.0434879,0.1367789,SelectionStart
117.0035,24,2,3,0,0.9105244,0.9490252,0.2176885,39.00475,37.34143,47.82585,0.9590268,0.9671081,0.2208065,0.5092018,-0.0434879,0.1367789,SelectionEnd
117.0069,24,2,3,0,0.9105244,0.9490252,0.2176885,39.00475,37.34143,47.82585,0.9590268,0.9671081,0.2208065,0.5092018,-0.0434879,0.1367789,GotSelection
117.0169,24,2,3,0,0.9105653,0.9490229,0.2175332,38.99377,37.36652,47.8255,0.9587069,0.9687662,0.2220601,0.5153847,-0.02197362,0.1334563,SelectionStart
117.0169,24,2,3,0,0.9105653,0.9490229,0.2175332,38.99377,37.36652,47.8255,0.9587069,0.9687662,0.2220601,0.5153847,-0.02197362,0.1334563,SelectionEnd
117.0204,24,2,3,0,0.9105653,0.9490229,0.2175332,38.99377,37.36652,47.8255,0.9587069,0.9687662,0.2220601,0.5153847,-0.02197362,0.1334563,GotSelection
117.0309,24,2,3,0,0.910744,0.9491121,0.2172255,38.97574,37.39208,47.79512,0.9583932,0.9708143,0.2240464,0.521862,0.008939572,0.1332093,SelectionStart
117.0309,24,2,3,0,0.910744,0.9491121,0.2172255,38.97574,37.39208,47.79512,0.9583932,0.9708143,0.2240464,0.521862,0.008939572,0.1332093,SelectionEnd
117.0341,24,2,3,0,0.910744,0.9491121,0.2172255,38.97574,37.39208,47.79512,0.9583932,0.9708143,0.2240464,0.521862,0.008939572,0.1332093,GotSelection
117.0463,24,2,3,0,0.9109167,0.9492518,0.2168686,38.9385,37.38045,47.72601,0.9570512,0.9718375,0.2261747,0.513382,0.03916997,0.1361199,SelectionStart
117.0463,24,2,3,0,0.9109167,0.9492518,0.2168686,38.9385,37.38045,47.72601,0.9570512,0.9718375,0.2261747,0.513382,0.03916997,0.1361199,SelectionEnd
117.0506,24,2,3,0,0.9109167,0.9492518,0.2168686,38.9385,37.38045,47.72601,0.9570512,0.9718375,0.2261747,0.513382,0.03916997,0.1361199,GotSelection
117.0614,24,2,3,0,0.9110649,0.9493357,0.2165635,38.91676,37.38603,47.66874,0.9558339,0.9727504,0.2281496,0.5058507,0.06698257,0.1387838,SelectionStart
117.0615,24,2,3,0,0.9110649,0.9493357,0.2165635,38.91676,37.38603,47.66874,0.9558339,0.9727504,0.2281496,0.5058507,0.06698257,0.1387838,SelectionEnd
117.0648,24,2,3,0,0.9110649,0.9493357,0.2165635,38.91676,37.38603,47.66874,0.9558339,0.9727504,0.2281496,0.5058507,0.06698257,0.1387838,GotSelection
117.074,24,2,3,0,0.9112425,0.9492962,0.2165034,38.90571,37.38831,47.63568,0.9553326,0.9730476,0.2294172,0.5015534,0.08199048,0.1418191,SelectionStart
117.0741,24,2,3,0,0.9112425,0.9492962,0.2165034,38.90571,37.38831,47.63568,0.9553326,0.9730476,0.2294172,0.5015534,0.08199048,0.1418191,SelectionEnd
117.0773,24,2,3,0,0.9112425,0.9492962,0.2165034,38.90571,37.38831,47.63568,0.9553326,0.9730476,0.2294172,0.5015534,0.08199048,0.1418191,GotSelection
117.0881,24,2,3,0,0.9113098,0.9493538,0.2163446,38.88729,37.41795,47.62609,0.9546515,0.9735172,0.2311758,0.4968142,0.1023256,0.1479091,SelectionStart
117.0881,24,2,3,0,0.9113098,0.9493538,0.2163446,38.88729,37.41795,47.62609,0.9546515,0.9735172,0.2311758,0.4968142,0.1023256,0.1479091,SelectionEnd
117.0914,24,2,3,0,0.9113098,0.9493538,0.2163446,38.88729,37.41795,47.62609,0.9546515,0.9735172,0.2311758,0.4968142,0.1023256,0.1479091,GotSelection
117.1102,24,2,3,0,0.9113427,0.9493961,0.2163524,38.89379,37.44096,47.64018,0.9541834,0.9732689,0.2334776,0.4899485,0.1208773,0.1618469,SelectionStart
117.1102,24,2,3,0,0.9113427,0.9493961,0.2163524,38.89379,37.44096,47.64018,0.9541834,0.9732689,0.2334776,0.4899485,0.1208773,0.1618469,SelectionEnd
117.1139,24,2,3,0,0.9113427,0.9493961,0.2163524,38.89379,37.44096,47.64018,0.9541834,0.9732689,0.2334776,0.4899485,0.1208773,0.1618469,GotSelection
117.1242,24,2,3,0,0.911296,0.9493556,0.2165598,38.90627,37.46285,47.69067,0.9533069,0.971968,0.2363084,0.4746146,0.1376993,0.1824223,SelectionStart
117.1243,24,2,3,0,0.911296,0.9493556,0.2165598,38.90627,37.46285,47.69067,0.9533069,0.971968,0.2363084,0.4746146,0.1376993,0.1824223,SelectionEnd
117.1277,24,2,3,0,0.911296,0.9493556,0.2165598,38.90627,37.46285,47.69067,0.9533069,0.971968,0.2363084,0.4746146,0.1376993,0.1824223,GotSelection
117.17,24,2,3,0,0.9106842,0.9495862,0.2172786,38.90071,37.43666,47.85801,0.9510952,0.9697723,0.239056,0.4466959,0.1448735,0.2029995,SelectionStart
117.17,24,2,3,0,0.9106842,0.9495862,0.2172786,38.90071,37.43666,47.85801,0.9510952,0.9697723,0.239056,0.4466959,0.1448735,0.2029995,SelectionEnd
117.1734,24,2,3,0,0.9106842,0.9495862,0.2172786,38.90071,37.43666,47.85801,0.9510952,0.9697723,0.239056,0.4466959,0.1448735,0.2029995,GotSelection
117.1837,24,2,3,0,0.9103668,0.9495441,0.2178293,38.92398,37.28577,47.82093,0.9491163,0.9661463,0.2393605,0.4123574,0.1287626,0.2158591,SelectionStart
117.1837,24,2,3,0,0.9103668,0.9495441,0.2178293,38.92398,37.28577,47.82093,0.9491163,0.9661463,0.2393605,0.4123574,0.1287626,0.2158591,SelectionEnd
117.187,24,2,3,0,0.9103668,0.9495441,0.2178293,38.92398,37.28577,47.82093,0.9491163,0.9661463,0.2393605,0.4123574,0.1287626,0.2158591,GotSelection
117.1968,24,2,3,0,0.9101989,0.9495444,0.2179625,38.91681,37.24936,47.79527,0.9481241,0.9644366,0.2389378,0.3956873,0.1179304,0.2193047,SelectionStart
117.1969,24,2,3,0,0.9101989,0.9495444,0.2179625,38.91681,37.24936,47.79527,0.9481241,0.9644366,0.2389378,0.3956873,0.1179304,0.2193047,SelectionEnd
117.2003,24,2,3,0,0.9101989,0.9495444,0.2179625,38.91681,37.24936,47.79527,0.9481241,0.9644366,0.2389378,0.3956873,0.1179304,0.2193047,GotSelection
117.2117,24,2,3,0,0.9099318,0.9496336,0.218195,38.90554,37.20247,47.79742,0.9461712,0.9617119,0.2388277,0.3653499,0.1055933,0.2270349,SelectionStart
117.2118,24,2,3,0,0.9099318,0.9496336,0.218195,38.90554,37.20247,47.79742,0.9461712,0.9617119,0.2388277,0.3653499,0.1055933,0.2270349,SelectionEnd
117.2151,24,2,3,0,0.9099318,0.9496336,0.218195,38.90554,37.20247,47.79742,0.9461712,0.9617119,0.2388277,0.3653499,0.1055933,0.2270349,GotSelection
117.2251,24,2,3,0,0.9095491,0.9497467,0.2185783,38.87371,37.12777,47.83444,0.9443246,0.9586638,0.2380664,0.3351694,0.08383005,0.233029,SelectionStart
117.2251,24,2,3,0,0.9095491,0.9497467,0.2185783,38.87371,37.12777,47.83444,0.9443246,0.9586638,0.2380664,0.3351694,0.08383005,0.233029,SelectionEnd
117.2286,24,2,3,0,0.9095491,0.9497467,0.2185783,38.87371,37.12777,47.83444,0.9443246,0.9586638,0.2380664,0.3351694,0.08383005,0.233029,GotSelection
117.2386,24,2,3,0,0.9092923,0.9498754,0.2189711,38.86573,37.08894,47.89051,0.9431705,0.9567159,0.2370294,0.3161241,0.06385881,0.2329206,SelectionStart
117.2386,24,2,3,0,0.9092923,0.9498754,0.2189711,38.86573,37.08894,47.89051,0.9431705,0.9567159,0.2370294,0.3161241,0.06385881,0.2329206,SelectionEnd
117.242,24,2,3,0,0.9092923,0.9498754,0.2189711,38.86573,37.08894,47.89051,0.9431705,0.9567159,0.2370294,0.3161241,0.06385881,0.2329206,GotSelection
117.253,24,2,3,0,0.9089419,0.949919,0.219347,38.85154,37.03206,47.91361,0.9426339,0.9540913,0.2356087,0.2995723,0.03545309,0.2376511,SelectionStart
117.253,24,2,3,0,0.9089419,0.949919,0.219347,38.85154,37.03206,47.91361,0.9426339,0.9540913,0.2356087,0.2995723,0.03545309,0.2376511,SelectionEnd
117.2566,24,2,3,0,0.9089419,0.949919,0.219347,38.85154,37.03206,47.91361,0.9426339,0.9540913,0.2356087,0.2995723,0.03545309,0.2376511,GotSelection
117.2663,24,2,3,0,0.9087141,0.9499838,0.2195894,38.84587,36.97514,47.9205,0.9421171,0.9523318,0.2343168,0.2870295,0.01412352,0.2380944,SelectionStart
117.2664,24,2,3,0,0.9087141,0.9499838,0.2195894,38.84587,36.97514,47.9205,0.9421171,0.9523318,0.2343168,0.2870295,0.01412352,0.2380944,SelectionEnd
117.2697,24,2,3,0,0.9087141,0.9499838,0.2195894,38.84587,36.97514,47.9205,0.9421171,0.9523318,0.2343168,0.2870295,0.01412352,0.2380944,GotSelection
117.2793,24,2,3,0,0.9084407,0.9500803,0.2199498,38.83842,36.92683,47.93233,0.9415265,0.950103,0.2326828,0.2713836,-0.01340952,0.238697,SelectionStart
117.2793,24,2,3,0,0.9084407,0.9500803,0.2199498,38.83842,36.92683,47.93233,0.9415265,0.950103,0.2326828,0.2713836,-0.01340952,0.238697,SelectionEnd
117.2829,24,2,3,0,0.9084407,0.9500803,0.2199498,38.83842,36.92683,47.93233,0.9415265,0.950103,0.2326828,0.2713836,-0.01340952,0.238697,GotSelection
117.2931,24,2,3,0,0.9081673,0.9501891,0.2202152,38.84551,36.94609,47.99101,0.9411437,0.9483249,0.2313482,0.2597896,-0.03598309,0.2401144,SelectionStart
117.2931,24,2,3,0,0.9081673,0.9501891,0.2202152,38.84551,36.94609,47.99101,0.9411437,0.9483249,0.2313482,0.2597896,-0.03598309,0.2401144,SelectionEnd
117.2964,24,2,3,0,0.9081673,0.9501891,0.2202152,38.84551,36.94609,47.99101,0.9411437,0.9483249,0.2313482,0.2597896,-0.03598309,0.2401144,GotSelection
117.3058,24,2,3,0,0.9077873,0.9503188,0.2203944,38.84418,37.00099,48.08621,0.9408939,0.9466824,0.2302104,0.2506235,-0.05650296,0.2438726,SelectionStart
117.3058,24,2,3,0,0.9077873,0.9503188,0.2203944,38.84418,37.00099,48.08621,0.9408939,0.9466824,0.2302104,0.2506235,-0.05650296,0.2438726,SelectionEnd
117.3091,24,2,3,0,0.9077873,0.9503188,0.2203944,38.84418,37.00099,48.08621,0.9408939,0.9466824,0.2302104,0.2506235,-0.05650296,0.2438726,GotSelection
117.32,24,2,3,0,0.9072322,0.9506221,0.2209116,38.84635,37.08764,48.28158,0.9407472,0.9446289,0.2285895,0.2403166,-0.08787478,0.2476001,SelectionStart
117.32,24,2,3,0,0.9072322,0.9506221,0.2209116,38.84635,37.08764,48.28158,0.9407472,0.9446289,0.2285895,0.2403166,-0.08787478,0.2476001,SelectionEnd
117.3233,24,2,3,0,0.9072322,0.9506221,0.2209116,38.84635,37.08764,48.28158,0.9407472,0.9446289,0.2285895,0.2403166,-0.08787478,0.2476001,GotSelection
117.3624,24,2,3,0,0.9054828,0.9514322,0.2225486,38.89679,37.26274,48.84555,0.941182,0.9402568,0.2236312,0.2279512,-0.1768459,0.2500497,SelectionStart
117.3624,24,2,3,0,0.9054828,0.9514322,0.2225486,38.89679,37.26274,48.84555,0.941182,0.9402568,0.2236312,0.2279512,-0.1768459,0.2500497,SelectionEnd
117.3662,24,2,3,0,0.9054828,0.9514322,0.2225486,38.89679,37.26274,48.84555,0.941182,0.9402568,0.2236312,0.2279512,-0.1768459,0.2500497,GotSelection
117.3755,24,2,3,0,0.905278,0.9516299,0.2227874,38.89481,37.303,48.92215,0.9412434,0.9393377,0.2224708,0.2235195,-0.1949355,0.2498038,SelectionStart
117.3756,24,2,3,0,0.905278,0.9516299,0.2227874,38.89481,37.303,48.92215,0.9412434,0.9393377,0.2224708,0.2235195,-0.1949355,0.2498038,SelectionEnd
117.379,24,2,3,0,0.905278,0.9516299,0.2227874,38.89481,37.303,48.92215,0.9412434,0.9393377,0.2224708,0.2235195,-0.1949355,0.2498038,GotSelection
117.3891,24,2,3,0,0.9049649,0.9518441,0.2228191,38.87962,37.35064,48.97786,0.9409115,0.9379637,0.2213465,0.2138605,-0.2124287,0.2527863,SelectionStart
117.3891,24,2,3,0,0.9049649,0.9518441,0.2228191,38.87962,37.35064,48.97786,0.9409115,0.9379637,0.2213465,0.2138605,-0.2124287,0.2527863,SelectionEnd
117.3926,24,2,3,0,0.9049649,0.9518441,0.2228191,38.87962,37.35064,48.97786,0.9409115,0.9379637,0.2213465,0.2138605,-0.2124287,0.2527863,GotSelection
117.4031,24,2,3,0,0.9049018,0.9519657,0.222885,38.88106,37.35743,48.96549,0.9407282,0.9368858,0.2207642,0.2058791,-0.2233635,0.2558239,SelectionStart
117.4031,24,2,3,0,0.9049018,0.9519657,0.222885,38.88106,37.35743,48.96549,0.9407282,0.9368858,0.2207642,0.2058791,-0.2233635,0.2558239,SelectionEnd
117.4067,24,2,3,0,0.9049018,0.9519657,0.222885,38.88106,37.35743,48.96549,0.9407282,0.9368858,0.2207642,0.2058791,-0.2233635,0.2558239,GotSelection
117.4164,24,2,3,0,0.9047453,0.9522867,0.2229493,38.85949,37.31706,48.94567,0.9401733,0.9356545,0.2199878,0.1934771,-0.2369612,0.2583658,SelectionStart
117.4164,24,2,3,0,0.9047453,0.9522867,0.2229493,38.85949,37.31706,48.94567,0.9401733,0.9356545,0.2199878,0.1934771,-0.2369612,0.2583658,SelectionEnd
117.4198,24,2,3,0,0.9047453,0.9522867,0.2229493,38.85949,37.31706,48.94567,0.9401733,0.9356545,0.2199878,0.1934771,-0.2369612,0.2583658,GotSelection
117.4292,24,2,3,0,0.9045038,0.9524229,0.2227768,38.78454,37.19522,48.88361,0.9398347,0.9346612,0.2196212,0.185919,-0.2446639,0.2633672,SelectionStart
117.4292,24,2,3,0,0.9045038,0.9524229,0.2227768,38.78454,37.19522,48.88361,0.9398347,0.9346612,0.2196212,0.185919,-0.2446639,0.2633672,SelectionEnd
117.4326,24,2,3,0,0.9045038,0.9524229,0.2227768,38.78454,37.19522,48.88361,0.9398347,0.9346612,0.2196212,0.185919,-0.2446639,0.2633672,GotSelection
117.4435,24,2,3,0,0.9043391,0.952685,0.2225891,38.71256,37.08628,48.81017,0.9391838,0.9333467,0.2189151,0.172606,-0.2558143,0.26732,SelectionStart
117.4435,24,2,3,0,0.9043391,0.952685,0.2225891,38.71256,37.08628,48.81017,0.9391838,0.9333467,0.2189151,0.172606,-0.2558143,0.26732,SelectionEnd
117.447,24,2,3,0,0.9043391,0.952685,0.2225891,38.71256,37.08628,48.81017,0.9391838,0.9333467,0.2189151,0.172606,-0.2558143,0.26732,GotSelection
117.4566,24,2,3,0,0.9041089,0.9530869,0.2224758,38.67059,37.04745,48.77394,0.9386958,0.9324791,0.2183942,0.1629634,-0.2650022,0.2713943,SelectionStart
117.4566,24,2,3,0,0.9041089,0.9530869,0.2224758,38.67059,37.04745,48.77394,0.9386958,0.9324791,0.2183942,0.1629634,-0.2650022,0.2713943,SelectionEnd
117.46,24,2,3,0,0.9041089,0.9530869,0.2224758,38.67059,37.04745,48.77394,0.9386958,0.9324791,0.2183942,0.1629634,-0.2650022,0.2713943,GotSelection
117.4712,24,2,3,0,0.904176,0.9533395,0.2223201,38.61134,37.05614,48.76958,0.9376737,0.9311951,0.2180255,0.1446259,-0.2709925,0.274571,SelectionStart
117.4712,24,2,3,0,0.904176,0.9533395,0.2223201,38.61134,37.05614,48.76958,0.9376737,0.9311951,0.2180255,0.1446259,-0.2709925,0.274571,SelectionEnd
117.4747,24,2,3,0,0.904176,0.9533395,0.2223201,38.61134,37.05614,48.76958,0.9376737,0.9311951,0.2180255,0.1446259,-0.2709925,0.274571,GotSelection
117.4846,24,2,3,0,0.9040813,0.9535188,0.2221594,38.56782,37.06897,48.77695,0.936761,0.9302879,0.2178101,0.1311873,-0.2742972,0.2771988,SelectionStart
117.4846,24,2,3,0,0.9040813,0.9535188,0.2221594,38.56782,37.06897,48.77695,0.936761,0.9302879,0.2178101,0.1311873,-0.2742972,0.2771988,SelectionEnd
117.488,24,2,3,0,0.9040813,0.9535188,0.2221594,38.56782,37.06897,48.77695,0.936761,0.9302879,0.2178101,0.1311873,-0.2742972,0.2771988,GotSelection
117.4977,24,2,3,0,0.9041618,0.9538679,0.2219898,38.53215,37.09553,48.77509,0.935545,0.9291214,0.2175257,0.1113202,-0.2785186,0.2799142,SelectionStart
117.4977,24,2,3,0,0.9041618,0.9538679,0.2219898,38.53215,37.09553,48.77509,0.935545,0.9291214,0.2175257,0.1113202,-0.2785186,0.2799142,SelectionEnd
117.5012,24,2,3,0,0.9041618,0.9538679,0.2219898,38.53215,37.09553,48.77509,0.935545,0.9291214,0.2175257,0.1113202,-0.2785186,0.2799142,GotSelection
117.5433,24,2,3,0,0.9041908,0.9542407,0.2214209,38.41449,36.94139,48.625,0.9346396,0.9285348,0.2178314,0.0978596,-0.2739872,0.286293,SelectionStart
117.5433,24,2,3,0,0.9041908,0.9542407,0.2214209,38.41449,36.94139,48.625,0.9346396,0.9285348,0.2178314,0.0978596,-0.2739872,0.286293,SelectionEnd
117.5468,24,2,3,0,0.9041908,0.9542407,0.2214209,38.41449,36.94139,48.625,0.9346396,0.9285348,0.2178314,0.0978596,-0.2739872,0.286293,GotSelection
117.5559,24,2,3,0,0.9041785,0.9544088,0.2213105,38.39557,36.9036,48.57316,0.9350232,0.9286417,0.2182305,0.1007925,-0.2718121,0.2916642,SelectionStart
117.5559,24,2,3,0,0.9041785,0.9544088,0.2213105,38.39557,36.9036,48.57316,0.9350232,0.9286417,0.2182305,0.1007925,-0.2718121,0.2916642,SelectionEnd
117.5592,24,2,3,0,0.9041785,0.9544088,0.2213105,38.39557,36.9036,48.57316,0.9350232,0.9286417,0.2182305,0.1007925,-0.2718121,0.2916642,GotSelection
117.5697,24,2,3,0,0.9041951,0.9544519,0.2211114,38.3678,36.87443,48.53193,0.9354324,0.9294434,0.218797,0.1084616,-0.2632674,0.2934843,SelectionStart
117.5698,24,2,3,0,0.9041951,0.9544519,0.2211114,38.3678,36.87443,48.53193,0.9354324,0.9294434,0.218797,0.1084616,-0.2632674,0.2934843,SelectionEnd
117.5731,24,2,3,0,0.9041951,0.9544519,0.2211114,38.3678,36.87443,48.53193,0.9354324,0.9294434,0.218797,0.1084616,-0.2632674,0.2934843,GotSelection
117.5834,24,2,3,0,0.9043392,0.9543958,0.2210345,38.37242,36.90225,48.52814,0.9358469,0.9304593,0.219555,0.116939,-0.2517896,0.2934451,SelectionStart
117.5834,24,2,3,0,0.9043392,0.9543958,0.2210345,38.37242,36.90225,48.52814,0.9358469,0.9304593,0.219555,0.116939,-0.2517896,0.2934451,SelectionEnd
117.5868,24,2,3,0,0.9043392,0.9543958,0.2210345,38.37242,36.90225,48.52814,0.9358469,0.9304593,0.219555,0.116939,-0.2517896,0.2934451,GotSelection
117.5975,24,2,3,0,0.9043164,0.9545034,0.221066,38.36077,36.92439,48.54189,0.9373397,0.9323032,0.2204544,0.1395198,-0.2411182,0.2953495,SelectionStart
117.5975,24,2,3,0,0.9043164,0.9545034,0.221066,38.36077,36.92439,48.54189,0.9373397,0.9323032,0.2204544,0.1395198,-0.2411182,0.2953495,SelectionEnd
117.6011,24,2,3,0,0.9043164,0.9545034,0.221066,38.36077,36.92439,48.54189,0.9373397,0.9323032,0.2204544,0.1395198,-0.2411182,0.2953495,GotSelection
117.6116,24,2,3,0,0.9045097,0.9543566,0.2207462,38.37784,37.01686,48.58141,0.9391159,0.9349579,0.2213903,0.1689305,-0.2216047,0.2936067,SelectionStart
117.6116,24,2,3,0,0.9045097,0.9543566,0.2207462,38.37784,37.01686,48.58141,0.9391159,0.9349579,0.2213903,0.1689305,-0.2216047,0.2936067,SelectionEnd
117.6151,24,2,3,0,0.9045097,0.9543566,0.2207462,38.37784,37.01686,48.58141,0.9391159,0.9349579,0.2213903,0.1689305,-0.2216047,0.2936067,GotSelection
117.6259,24,2,3,0,0.904544,0.9542944,0.2206952,38.38311,37.04402,48.60718,0.9410515,0.9375815,0.2220205,0.2004526,-0.2087282,0.2902066,SelectionStart
117.6259,24,2,3,0,0.904544,0.9542944,0.2206952,38.38311,37.04402,48.60718,0.9410515,0.9375815,0.2220205,0.2004526,-0.2087282,0.2902066,SelectionEnd
117.6293,24,2,3,0,0.904544,0.9542944,0.2206952,38.38311,37.04402,48.60718,0.9410515,0.9375815,0.2220205,0.2004526,-0.2087282,0.2902066,GotSelection
117.6386,24,2,3,0,0.9045799,0.9541728,0.2207316,38.41918,37.06355,48.59793,0.9429099,0.9407793,0.222747,0.235365,-0.1919593,0.2824141,SelectionStart
117.6386,24,2,3,0,0.9045799,0.9541728,0.2207316,38.41918,37.06355,48.59793,0.9429099,0.9407793,0.222747,0.235365,-0.1919593,0.2824141,SelectionEnd
117.642,24,2,3,0,0.9045799,0.9541728,0.2207316,38.41918,37.06355,48.59793,0.9429099,0.9407793,0.222747,0.235365,-0.1919593,0.2824141,GotSelection
117.6537,24,2,3,0,0.9049764,0.954002,0.2205475,38.45158,37.08083,48.53874,0.9450795,0.9437995,0.2235231,0.2691495,-0.1733165,0.2768742,SelectionStart
117.6537,24,2,3,0,0.9049764,0.954002,0.2205475,38.45158,37.08083,48.53874,0.9450795,0.9437995,0.2235231,0.2691495,-0.1733165,0.2768742,SelectionEnd
117.6572,24,2,3,0,0.9049764,0.954002,0.2205475,38.45158,37.08083,48.53874,0.9450795,0.9437995,0.2235231,0.2691495,-0.1733165,0.2768742,GotSelection
117.6676,24,2,3,0,0.9051355,0.9537597,0.2204441,38.47128,37.06822,48.50709,0.946069,0.9460373,0.2241211,0.2908231,-0.1574287,0.2695183,SelectionStart
117.6676,24,2,3,0,0.9051355,0.9537597,0.2204441,38.47128,37.06822,48.50709,0.946069,0.9460373,0.2241211,0.2908231,-0.1574287,0.2695183,SelectionEnd
117.6709,24,2,3,0,0.9051355,0.9537597,0.2204441,38.47128,37.06822,48.50709,0.946069,0.9460373,0.2241211,0.2908231,-0.1574287,0.2695183,GotSelection
117.6806,24,2,3,0,0.9053155,0.9535499,0.2204211,38.50723,37.08377,48.50093,0.9467593,0.9478117,0.22476,0.3068491,-0.1432405,0.263582,SelectionStart
117.6807,24,2,3,0,0.9053155,0.9535499,0.2204211,38.50723,37.08377,48.50093,0.9467593,0.9478117,0.22476,0.3068491,-0.1432405,0.263582,SelectionEnd
117.6842,24,2,3,0,0.9053155,0.9535499,0.2204211,38.50723,37.08377,48.50093,0.9467593,0.9478117,0.22476,0.3068491,-0.1432405,0.263582,GotSelection
117.7255,24,2,3,0,0.9056888,0.9535391,0.2201071,38.55323,37.44986,48.76345,0.9473193,0.9514258,0.2290063,0.3279999,-0.08744441,0.2717625,SelectionStart
117.7256,24,2,3,0,0.9056888,0.9535391,0.2201071,38.55323,37.44986,48.76345,0.9473193,0.9514258,0.2290063,0.3279999,-0.08744441,0.2717625,SelectionEnd
117.729,24,2,3,0,0.9056888,0.9535391,0.2201071,38.55323,37.44986,48.76345,0.9473193,0.9514258,0.2290063,0.3279999,-0.08744441,0.2717625,GotSelection
117.7381,24,2,3,0,0.905728,0.9535248,0.2201785,38.56864,37.50436,48.79851,0.9468925,0.9515117,0.2301922,0.3243497,-0.07616214,0.2760734,SelectionStart
117.7381,24,2,3,0,0.905728,0.9535248,0.2201785,38.56864,37.50436,48.79851,0.9468925,0.9515117,0.2301922,0.3243497,-0.07616214,0.2760734,SelectionEnd
117.7415,24,2,3,0,0.905728,0.9535248,0.2201785,38.56864,37.50436,48.79851,0.9468925,0.9515117,0.2301922,0.3243497,-0.07616214,0.2760734,GotSelection
117.7544,24,2,3,0,0.9059346,0.953468,0.2201067,38.58309,37.48789,48.75448,0.9463489,0.9513201,0.2314502,0.3170958,-0.06339557,0.2815954,SelectionStart
117.7544,24,2,3,0,0.9059346,0.953468,0.2201067,38.58309,37.48789,48.75448,0.9463489,0.9513201,0.2314502,0.3170958,-0.06339557,0.2815954,SelectionEnd
117.7577,24,2,3,0,0.9059346,0.953468,0.2201067,38.58309,37.48789,48.75448,0.9463489,0.9513201,0.2314502,0.3170958,-0.06339557,0.2815954,GotSelection
117.7692,24,2,3,0,0.9060127,0.9534147,0.2197973,38.56793,37.45658,48.68584,0.9454159,0.9503799,0.2323333,0.3031544,-0.05483265,0.2898234,SelectionStart
117.7693,24,2,3,0,0.9060127,0.9534147,0.2197973,38.56793,37.45658,48.68584,0.9454159,0.9503799,0.2323333,0.3031544,-0.05483265,0.2898234,SelectionEnd
117.7731,24,2,3,0,0.9060127,0.9534147,0.2197973,38.56793,37.45658,48.68584,0.9454159,0.9503799,0.2323333,0.3031544,-0.05483265,0.2898234,GotSelection
117.7836,24,2,3,0,0.9060965,0.9536846,0.219514,38.51776,37.38292,48.57137,0.943883,0.9484146,0.2329893,0.2762034,-0.05346261,0.3020719,SelectionStart
117.7836,24,2,3,0,0.9060965,0.9536846,0.219514,38.51776,37.38292,48.57137,0.943883,0.9484146,0.2329893,0.2762034,-0.05346261,0.3020719,SelectionEnd
117.7869,24,2,3,0,0.9060965,0.9536846,0.219514,38.51776,37.38292,48.57137,0.943883,0.9484146,0.2329893,0.2762034,-0.05346261,0.3020719,GotSelection
117.7964,24,2,3,0,0.9060884,0.9535009,0.2197115,38.52729,37.30402,48.5063,0.9423097,0.9468412,0.2331656,0.2552404,-0.05559389,0.3029295,SelectionStart
117.7964,24,2,3,0,0.9060884,0.9535009,0.2197115,38.52729,37.30402,48.5063,0.9423097,0.9468412,0.2331656,0.2552404,-0.05559389,0.3029295,SelectionEnd
117.7997,24,2,3,0,0.9060884,0.9535009,0.2197115,38.52729,37.30402,48.5063,0.9423097,0.9468412,0.2331656,0.2552404,-0.05559389,0.3029295,GotSelection
117.8115,24,2,3,0,0.9059695,0.9536695,0.2198183,38.50254,37.21036,48.4641,0.9400188,0.9446447,0.2332145,0.2233205,-0.06134654,0.3068917,SelectionStart
117.8116,24,2,3,0,0.9059695,0.9536695,0.2198183,38.50254,37.21036,48.4641,0.9400188,0.9446447,0.2332145,0.2233205,-0.06134654,0.3068917,SelectionEnd
117.8149,24,2,3,0,0.9059695,0.9536695,0.2198183,38.50254,37.21036,48.4641,0.9400188,0.9446447,0.2332145,0.2233205,-0.06134654,0.3068917,GotSelection
117.8242,24,2,3,0,0.9057923,0.9538047,0.2200072,38.46434,37.1484,48.46893,0.9379291,0.9424552,0.2326054,0.1938319,-0.07373173,0.3072577,SelectionStart
117.8242,24,2,3,0,0.9057923,0.9538047,0.2200072,38.46434,37.1484,48.46893,0.9379291,0.9424552,0.2326054,0.1938319,-0.07373173,0.3072577,SelectionEnd
117.8275,24,2,3,0,0.9057923,0.9538047,0.2200072,38.46434,37.1484,48.46893,0.9379291,0.9424552,0.2326054,0.1938319,-0.07373173,0.3072577,GotSelection
117.837,24,2,3,0,0.9056326,0.9538216,0.2202372,38.4462,37.11609,48.47403,0.9361391,0.9402823,0.2321881,0.1674445,-0.08494455,0.3091128,SelectionStart
117.837,24,2,3,0,0.9056326,0.9538216,0.2202372,38.4462,37.11609,48.47403,0.9361391,0.9402823,0.2321881,0.1674445,-0.08494455,0.3091128,SelectionEnd
117.8403,24,2,3,0,0.9056326,0.9538216,0.2202372,38.4462,37.11609,48.47403,0.9361391,0.9402823,0.2321881,0.1674445,-0.08494455,0.3091128,GotSelection
117.8508,24,2,3,0,0.9053857,0.9538673,0.2204849,38.42999,37.05434,48.48045,0.9337812,0.9377583,0.2309421,0.1351035,-0.1033056,0.3055873,SelectionStart
117.8509,24,2,3,0,0.9053857,0.9538673,0.2204849,38.42999,37.05434,48.48045,0.9337812,0.9377583,0.2309421,0.1351035,-0.1033056,0.3055873,SelectionEnd
117.8547,24,2,3,0,0.9053857,0.9538673,0.2204849,38.42999,37.05434,48.48045,0.9337812,0.9377583,0.2309421,0.1351035,-0.1033056,0.3055873,GotSelection
117.8646,24,2,3,0,0.9051433,0.9538839,0.2208548,38.44443,36.99894,48.48134,0.9319069,0.9353222,0.2299617,0.1074729,-0.1214172,0.3045463,SelectionStart
117.8646,24,2,3,0,0.9051433,0.9538839,0.2208548,38.44443,36.99894,48.48134,0.9319069,0.9353222,0.2299617,0.1074729,-0.1214172,0.3045463,SelectionEnd
117.8679,24,2,3,0,0.9051433,0.9538839,0.2208548,38.44443,36.99894,48.48134,0.9319069,0.9353222,0.2299617,0.1074729,-0.1214172,0.3045463,GotSelection
117.8786,24,2,3,0,0.9051417,0.953652,0.2212324,38.48187,36.94746,48.45875,0.9296287,0.9318817,0.2288886,0.07014444,-0.1418643,0.3046134,SelectionStart
117.8787,24,2,3,0,0.9051417,0.953652,0.2212324,38.48187,36.94746,48.45875,0.9296287,0.9318817,0.2288886,0.07014444,-0.1418643,0.3046134,SelectionEnd
117.882,24,2,3,0,0.9051417,0.953652,0.2212324,38.48187,36.94746,48.45875,0.9296287,0.9318817,0.2288886,0.07014444,-0.1418643,0.3046134,GotSelection
117.9238,24,2,3,0,0.9050418,0.9533713,0.2216821,38.52841,36.9114,48.45923,0.9240515,0.9240603,0.2270239,-0.01934739,-0.1805838,0.3114681,SelectionStart
117.9238,24,2,3,0,0.9050418,0.9533713,0.2216821,38.52841,36.9114,48.45923,0.9240515,0.9240603,0.2270239,-0.01934739,-0.1805838,0.3114681,SelectionEnd
117.9271,24,2,3,0,0.9050418,0.9533713,0.2216821,38.52841,36.9114,48.45923,0.9240515,0.9240603,0.2270239,-0.01934739,-0.1805838,0.3114681,GotSelection
117.9373,24,2,3,0,0.9050004,0.9531229,0.2218819,38.5612,36.91553,48.47363,0.922958,0.9219196,0.226598,-0.03910128,-0.1916745,0.3145543,SelectionStart
117.9373,24,2,3,0,0.9050004,0.9531229,0.2218819,38.5612,36.91553,48.47363,0.922958,0.9219196,0.226598,-0.03910128,-0.1916745,0.3145543,SelectionEnd
117.9407,24,2,3,0,0.9050004,0.9531229,0.2218819,38.5612,36.91553,48.47363,0.922958,0.9219196,0.226598,-0.03910128,-0.1916745,0.3145543,GotSelection
117.9507,24,2,3,0,0.9052021,0.9528251,0.2218941,38.61188,36.91808,48.46043,0.9226046,0.9208029,0.2263492,-0.04826213,-0.1959177,0.3155884,SelectionStart
117.9507,24,2,3,0,0.9052021,0.9528251,0.2218941,38.61188,36.91808,48.46043,0.9226046,0.9208029,0.2263492,-0.04826213,-0.1959177,0.3155884,SelectionEnd
117.954,24,2,3,0,0.9052021,0.9528251,0.2218941,38.61188,36.91808,48.46043,0.9226046,0.9208029,0.2263492,-0.04826213,-0.1959177,0.3155884,GotSelection
117.9634,24,2,3,0,0.9051739,0.9525682,0.2219717,38.63125,36.90928,48.48824,0.9232278,0.9200937,0.2259685,-0.04546922,-0.2042134,0.3187096,SelectionStart
117.9634,24,2,3,0,0.9051739,0.9525682,0.2219717,38.63125,36.90928,48.48824,0.9232278,0.9200937,0.2259685,-0.04546922,-0.2042134,0.3187096,SelectionEnd
117.9668,24,2,3,0,0.9051739,0.9525682,0.2219717,38.63125,36.90928,48.48824,0.9232278,0.9200937,0.2259685,-0.04546922,-0.2042134,0.3187096,GotSelection
117.9791,24,2,3,0,0.9052048,0.9523345,0.2220629,38.66899,36.93046,48.52469,0.923654,0.9196549,0.2257627,-0.04333882,-0.2088486,0.3201632,SelectionStart
117.9791,24,2,3,0,0.9052048,0.9523345,0.2220629,38.66899,36.93046,48.52469,0.923654,0.9196549,0.2257627,-0.04333882,-0.2088486,0.3201632,SelectionEnd
117.9831,24,2,3,0,0.9052048,0.9523345,0.2220629,38.66899,36.93046,48.52469,0.923654,0.9196549,0.2257627,-0.04333882,-0.2088486,0.3201632,GotSelection
117.993,24,2,3,0,0.9052312,0.9521571,0.22209,38.72047,36.99082,48.56793,0.9248672,0.9201767,0.2257685,-0.02932444,-0.209178,0.3215095,SelectionStart
117.993,24,2,3,0,0.9052312,0.9521571,0.22209,38.72047,36.99082,48.56793,0.9248672,0.9201767,0.2257685,-0.02932444,-0.209178,0.3215095,SelectionEnd
117.9962,24,2,3,0,0.9052312,0.9521571,0.22209,38.72047,36.99082,48.56793,0.9248672,0.9201767,0.2257685,-0.02932444,-0.209178,0.3215095,GotSelection
118.0071,24,2,3,0,0.9052994,0.9519448,0.222219,38.77914,37.02922,48.61934,0.9262359,0.9209143,0.2256046,-0.01279367,-0.210803,0.3200442,SelectionStart
118.0071,24,2,3,0,0.9052994,0.9519448,0.222219,38.77914,37.02922,48.61934,0.9262359,0.9209143,0.2256046,-0.01279367,-0.210803,0.3200442,SelectionEnd
118.0107,24,2,3,0,0.9052994,0.9519448,0.222219,38.77914,37.02922,48.61934,0.9262359,0.9209143,0.2256046,-0.01279367,-0.210803,0.3200442,GotSelection
118.0203,24,2,3,0,0.9053144,0.9518477,0.2224323,38.83588,37.09388,48.68346,0.9282209,0.9220571,0.2251972,0.01100729,-0.2158538,0.3178989,SelectionStart
118.0203,24,2,3,0,0.9053144,0.9518477,0.2224323,38.83588,37.09388,48.68346,0.9282209,0.9220571,0.2251972,0.01100729,-0.2158538,0.3178989,SelectionEnd
118.0236,24,2,3,0,0.9053144,0.9518477,0.2224323,38.83588,37.09388,48.68346,0.9282209,0.9220571,0.2251972,0.01100729,-0.2158538,0.3178989,GotSelection
118.0333,24,2,3,0,0.9052567,0.9520047,0.2225569,38.85455,37.15527,48.76264,0.9306505,0.923471,0.2246922,0.03897024,-0.2229157,0.3179873,SelectionStart
118.0333,24,2,3,0,0.9052567,0.9520047,0.2225569,38.85455,37.15527,48.76264,0.9306505,0.923471,0.2246922,0.03897024,-0.2229157,0.3179873,SelectionEnd
118.0365,24,2,3,0,0.9052567,0.9520047,0.2225569,38.85455,37.15527,48.76264,0.9306505,0.923471,0.2246922,0.03897024,-0.2229157,0.3179873,GotSelection
118.0458,24,2,3,0,0.9051107,0.9520475,0.2227054,38.87627,37.19571,48.84584,0.9327024,0.9253559,0.2238616,0.06810982,-0.2287995,0.3107023,SelectionStart
118.0458,24,2,3,0,0.9051107,0.9520475,0.2227054,38.87627,37.19571,48.84584,0.9327024,0.9253559,0.2238616,0.06810982,-0.2287995,0.3107023,SelectionEnd
118.0491,24,2,3,0,0.9051107,0.9520475,0.2227054,38.87627,37.19571,48.84584,0.9327024,0.9253559,0.2238616,0.06810982,-0.2287995,0.3107023,GotSelection
118.0596,24,2,3,0,0.9049513,0.9521655,0.2230454,38.91867,37.24101,48.95367,0.9341108,0.9270197,0.2229397,0.09030164,-0.2362537,0.3005587,SelectionStart
118.0596,24,2,3,0,0.9049513,0.9521655,0.2230454,38.91867,37.24101,48.95367,0.9341108,0.9270197,0.2229397,0.09030164,-0.2362537,0.3005587,SelectionEnd
118.063,24,2,3,0,0.9049513,0.9521655,0.2230454,38.91867,37.24101,48.95367,0.9341108,0.9270197,0.2229397,0.09030164,-0.2362537,0.3005587,GotSelection
118.124,24,2,3,0,0.9034376,0.9532961,0.2248036,38.95348,37.32622,49.42021,0.9391968,0.934799,0.2137923,0.1845334,-0.3135893,0.2211902,Nothing
118.1381,24,2,3,0,0.9034711,0.9534565,0.224587,38.89209,37.25369,49.32814,0.9396017,0.9350769,0.2124282,0.1886956,-0.3236873,0.2145485,Nothing
118.1543,24,2,3,0,0.9032576,0.9535831,0.2246649,38.86731,37.1827,49.24863,0.9399666,0.9357252,0.2106077,0.197166,-0.3383732,0.2015867,Nothing
118.1617,24,2,3,0,0.9030499,0.9536706,0.2246789,38.828,37.14322,49.24359,0.9398035,0.9359328,0.2095033,0.1982839,-0.3470927,0.193691,Nothing
118.1698,24,2,3,0,0.9028696,0.9537756,0.224821,38.81782,37.11003,49.23424,0.9398449,0.9362119,0.2082585,0.2013365,-0.3582093,0.1846594,Nothing
118.1777,24,2,3,0,0.9025868,0.9538996,0.2249478,38.79544,37.08031,49.2743,0.9397368,0.9362921,0.2072425,0.2023082,-0.3685138,0.1783323,Nothing
118.1863,24,2,3,0,0.9023831,0.9539869,0.2251361,38.79209,37.08672,49.33446,0.9398191,0.9365177,0.2063749,0.2052641,-0.3774727,0.1721527,Nothing
118.1949,24,2,3,0,0.9023017,0.9538804,0.2251295,38.82493,37.15953,49.3952,0.9399155,0.9366967,0.2056357,0.2084165,-0.3823646,0.1670077,Nothing
118.203,24,2,3,0,0.9020671,0.9540032,0.2252243,38.81723,37.19422,49.47387,0.9406721,0.9365909,0.2056065,0.2147524,-0.3883316,0.1726361,Nothing
118.2123,24,2,3,0,0.9017846,0.9541972,0.2254439,38.82388,37.25522,49.55054,0.9410181,0.9369169,0.2049426,0.2204916,-0.3970482,0.169598,Nothing
118.2195,24,2,3,0,0.9014846,0.9543237,0.2256795,38.81771,37.31016,49.65565,0.9415218,0.9373708,0.2043541,0.2285893,-0.405101,0.1664889,Nothing
118.2281,24,2,3,0,0.9011936,0.9544731,0.2258525,38.81593,37.39393,49.77876,0.9421325,0.937799,0.2035365,0.2371695,-0.4150653,0.1633204,Nothing
118.2378,24,2,3,0,0.9010211,0.954517,0.2260577,38.81107,37.44649,49.88048,0.9428039,0.937996,0.2030944,0.2445037,-0.4227852,0.1626641,Nothing
118.2449,24,2,3,0,0.9008619,0.9545822,0.2261766,38.81628,37.5023,49.96067,0.9432666,0.9382358,0.202711,0.2503122,-0.4283057,0.1617626,Nothing
118.2526,24,2,3,0,0.9008757,0.954518,0.2262123,38.82253,37.52679,50.0018,0.9437639,0.9385356,0.202261,0.256324,-0.4321864,0.1588845,Nothing
118.261,24,2,3,0,0.9007169,0.9544961,0.2263915,38.82291,37.49397,50.01985,0.9445988,0.9384329,0.2018458,0.2637798,-0.44127,0.1602402,Nothing
118.2696,24,2,3,0,0.9007511,0.9544209,0.2264456,38.82698,37.43404,49.98302,0.9452338,0.9387326,0.201632,0.2710925,-0.4438231,0.1586458,Nothing
118.2782,24,2,3,0,0.9007962,0.9545096,0.2262939,38.81144,37.35207,49.91537,0.945523,0.9395337,0.2016717,0.2776133,-0.4396348,0.1558838,Nothing
118.286,24,2,3,0,0.9009334,0.9544276,0.2262114,38.80157,37.25615,49.81721,0.9461003,0.9398928,0.2017065,0.2842903,-0.4380511,0.155239,Nothing
118.2949,24,2,3,0,0.900957,0.9543565,0.2261613,38.78508,37.14023,49.71492,0.9468234,0.9405639,0.2015349,0.2948921,-0.4378687,0.1522489,Nothing
118.3042,24,2,3,0,0.9010618,0.9543719,0.225977,38.74452,37.07376,49.62592,0.947252,0.9409081,0.2015183,0.2998946,-0.4359662,0.1522518,Nothing
118.3111,24,2,3,0,0.9010415,0.9544088,0.2259094,38.72274,37.02423,49.57124,0.9476401,0.9412492,0.2015211,0.3052839,-0.4353397,0.1523394,Nothing
118.3198,24,2,3,0,0.9009837,0.9545605,0.2258509,38.68737,36.97616,49.53241,0.9479616,0.9415531,0.2015824,0.309366,-0.435095,0.1535705,Nothing
118.328,24,2,3,0,0.9010526,0.9545561,0.2258166,38.68302,36.94323,49.49294,0.9483342,0.9418582,0.201646,0.3139031,-0.4337985,0.1534316,Nothing
118.3362,24,2,3,0,0.9010587,0.9546613,0.2257887,38.66673,36.91127,49.46638,0.9486524,0.9421655,0.2017496,0.3177343,-0.4329056,0.1542294,Nothing
118.3448,24,2,3,0,0.9011579,0.9546441,0.225791,38.67656,36.89104,49.43403,0.9490742,0.9424755,0.201763,0.3225591,-0.4322248,0.1536148,Nothing
118.353,24,2,3,0,0.9012528,0.9546455,0.2257622,38.67134,36.84191,49.37677,0.9494753,0.942797,0.2019531,0.3272428,-0.4298947,0.1540687,Nothing
118.361,24,2,3,0,0.9012929,0.9548209,0.2255634,38.62654,36.81017,49.33548,0.9496886,0.9429523,0.2021012,0.3286174,-0.4278872,0.1569786,Nothing
118.3706,24,2,3,0,0.9013256,0.954851,0.2255202,38.60592,36.75889,49.28948,0.9496824,0.943365,0.2023029,0.3307146,-0.4238441,0.1555349,Nothing
118.3775,24,2,3,0,0.9012917,0.9548092,0.2254154,38.57584,36.70566,49.22998,0.949929,0.943416,0.2023421,0.3337699,-0.4232447,0.1567983,Nothing
118.3877,24,2,3,0,0.9013528,0.9547961,0.2253542,38.55694,36.63679,49.15868,0.9502308,0.9435474,0.2024859,0.336864,-0.4217358,0.1578236,SelectionStart
118.3877,24,2,3,0,0.9013528,0.9547961,0.2253542,38.55694,36.63679,49.15868,0.9502308,0.9435474,0.2024859,0.336864,-0.4217358,0.1578236,SelectionEnd
118.3913,24,2,3,0,0.9013528,0.9547961,0.2253542,38.55694,36.63679,49.15868,0.9502308,0.9435474,0.2024859,0.336864,-0.4217358,0.1578236,GotSelection
118.4019,24,2,3,0,0.9015409,0.9546826,0.2251081,38.54117,36.48526,48.97748,0.9511327,0.9436037,0.20273,0.344521,-0.4193677,0.1621554,SelectionStart
118.4019,24,2,3,0,0.9015409,0.9546826,0.2251081,38.54117,36.48526,48.97748,0.9511327,0.9436037,0.20273,0.344521,-0.4193677,0.1621554,SelectionEnd
118.4052,24,2,3,0,0.9015409,0.9546826,0.2251081,38.54117,36.48526,48.97748,0.9511327,0.9436037,0.20273,0.344521,-0.4193677,0.1621554,GotSelection
118.4152,24,2,3,0,0.9015623,0.9546734,0.2251539,38.51601,36.34062,48.85684,0.9517598,0.9435628,0.2025357,0.3497326,-0.4237882,0.1625989,SelectionStart
118.4152,24,2,3,0,0.9015623,0.9546734,0.2251539,38.51601,36.34062,48.85684,0.9517598,0.9435628,0.2025357,0.3497326,-0.4237882,0.1625989,SelectionEnd
118.4186,24,2,3,0,0.9015623,0.9546734,0.2251539,38.51601,36.34062,48.85684,0.9517598,0.9435628,0.2025357,0.3497326,-0.4237882,0.1625989,GotSelection
118.4285,24,2,3,0,0.9015651,0.9546391,0.2252255,38.4899,36.1566,48.71064,0.9518768,0.9432324,0.2024771,0.3493604,-0.4269639,0.1627885,SelectionStart
118.4285,24,2,3,0,0.9015651,0.9546391,0.2252255,38.4899,36.1566,48.71064,0.9518768,0.9432324,0.2024771,0.3493604,-0.4269639,0.1627885,SelectionEnd
118.4318,24,2,3,0,0.9015651,0.9546391,0.2252255,38.4899,36.1566,48.71064,0.9518768,0.9432324,0.2024771,0.3493604,-0.4269639,0.1627885,GotSelection
118.4415,24,2,3,0,0.9014128,0.9545899,0.2254174,38.46583,36.05476,48.65017,0.9521471,0.9430601,0.2021396,0.3522476,-0.4335998,0.1613631,SelectionStart
118.4415,24,2,3,0,0.9014128,0.9545899,0.2254174,38.46583,36.05476,48.65017,0.9521471,0.9430601,0.2021396,0.3522476,-0.4335998,0.1613631,SelectionEnd
118.445,24,2,3,0,0.9014128,0.9545899,0.2254174,38.46583,36.05476,48.65017,0.9521471,0.9430601,0.2021396,0.3522476,-0.4335998,0.1613631,GotSelection
118.4546,24,2,3,0,0.9010979,0.9546188,0.2256289,38.44918,36.00021,48.64194,0.9516674,0.9426218,0.20236,0.3479336,-0.4356605,0.1631876,SelectionStart
118.4546,24,2,3,0,0.9010979,0.9546188,0.2256289,38.44918,36.00021,48.64194,0.9516674,0.9426218,0.20236,0.3479336,-0.4356605,0.1631876,SelectionEnd
118.4581,24,2,3,0,0.9010979,0.9546188,0.2256289,38.44918,36.00021,48.64194,0.9516674,0.9426218,0.20236,0.3479336,-0.4356605,0.1631876,GotSelection
118.4715,24,2,3,0,0.9005733,0.9548926,0.2260437,38.40866,35.99076,48.75033,0.9506621,0.94186,0.2013986,0.3369391,-0.4509579,0.1585013,SelectionStart
118.4715,24,2,3,0,0.9005733,0.9548926,0.2260437,38.40866,35.99076,48.75033,0.9506621,0.94186,0.2013986,0.3369391,-0.4509579,0.1585013,SelectionEnd
118.4748,24,2,3,0,0.9005733,0.9548926,0.2260437,38.40866,35.99076,48.75033,0.9506621,0.94186,0.2013986,0.3369391,-0.4509579,0.1585013,GotSelection
118.4871,24,2,3,0,0.9000685,0.9551682,0.2265582,38.3721,35.92565,48.83801,0.9502546,0.9410231,0.2006824,0.3301461,-0.4678064,0.1575039,SelectionStart
118.4871,24,2,3,0,0.9000685,0.9551682,0.2265582,38.3721,35.92565,48.83801,0.9502546,0.9410231,0.2006824,0.3301461,-0.4678064,0.1575039,SelectionEnd
118.4909,24,2,3,0,0.9000685,0.9551682,0.2265582,38.3721,35.92565,48.83801,0.9502546,0.9410231,0.2006824,0.3301461,-0.4678064,0.1575039,GotSelection
118.5006,24,2,3,0,0.8997991,0.955329,0.2267701,38.35988,35.84631,48.83747,0.9499344,0.9400268,0.2001242,0.3225013,-0.480203,0.1589668,SelectionStart
118.5006,24,2,3,0,0.8997991,0.955329,0.2267701,38.35988,35.84631,48.83747,0.9499344,0.9400268,0.2001242,0.3225013,-0.480203,0.1589668,SelectionEnd
118.5042,24,2,3,0,0.8997991,0.955329,0.2267701,38.35988,35.84631,48.83747,0.9499344,0.9400268,0.2001242,0.3225013,-0.480203,0.1589668,GotSelection
118.513,24,2,3,0,0.8998767,0.955067,0.2269215,38.38964,35.80083,48.78429,0.9494246,0.9387719,0.1995831,0.3120715,-0.4885455,0.1576988,SelectionStart
118.513,24,2,3,0,0.8998767,0.955067,0.2269215,38.38964,35.80083,48.78429,0.9494246,0.9387719,0.1995831,0.3120715,-0.4885455,0.1576988,SelectionEnd
118.5163,24,2,3,0,0.8998767,0.955067,0.2269215,38.38964,35.80083,48.78429,0.9494246,0.9387719,0.1995831,0.3120715,-0.4885455,0.1576988,GotSelection
118.5283,24,2,3,0,0.8996011,0.955097,0.2272291,38.38926,35.69758,48.72679,0.9485607,0.9368947,0.1986056,0.2959265,-0.5066911,0.1578819,SelectionStart
118.5283,24,2,3,0,0.8996011,0.955097,0.2272291,38.38926,35.69758,48.72679,0.9485607,0.9368947,0.1986056,0.2959265,-0.5066911,0.1578819,SelectionEnd
118.5316,24,2,3,0,0.8996011,0.955097,0.2272291,38.38926,35.69758,48.72679,0.9485607,0.9368947,0.1986056,0.2959265,-0.5066911,0.1578819,GotSelection
118.5562,24,2,3,0,0.8991939,0.9551198,0.2279279,38.37484,35.50967,48.68863,0.9462656,0.9335609,0.1972446,0.2598184,-0.5341355,0.1554509,SelectionStart
118.5563,24,2,3,0,0.8991939,0.9551198,0.2279279,38.37484,35.50967,48.68863,0.9462656,0.9335609,0.1972446,0.2598184,-0.5341355,0.1554509,SelectionEnd
118.5597,24,2,3,0,0.8991939,0.9551198,0.2279279,38.37484,35.50967,48.68863,0.9462656,0.9335609,0.1972446,0.2598184,-0.5341355,0.1554509,GotSelection
118.5913,24,2,3,0,0.8986938,0.9553199,0.2284577,38.34661,35.3958,48.74363,0.9446383,0.9293275,0.1948156,0.2228451,-0.5772159,0.15802,SelectionStart
118.5913,24,2,3,0,0.8986938,0.9553199,0.2284577,38.34661,35.3958,48.74363,0.9446383,0.9293275,0.1948156,0.2228451,-0.5772159,0.15802,SelectionEnd
118.5946,24,2,3,0,0.8986938,0.9553199,0.2284577,38.34661,35.3958,48.74363,0.9446383,0.9293275,0.1948156,0.2228451,-0.5772159,0.15802,GotSelection
118.6058,24,2,3,0,0.898506,0.9553314,0.2284781,38.33967,35.39198,48.76763,0.9439503,0.9276078,0.1940182,0.2080436,-0.5909618,0.1612664,SelectionStart
118.6058,24,2,3,0,0.898506,0.9553314,0.2284781,38.33967,35.39198,48.76763,0.9439503,0.9276078,0.1940182,0.2080436,-0.5909618,0.1612664,SelectionEnd
118.6091,24,2,3,0,0.898506,0.9553314,0.2284781,38.33967,35.39198,48.76763,0.9439503,0.9276078,0.1940182,0.2080436,-0.5909618,0.1612664,GotSelection
118.6199,24,2,3,0,0.8983448,0.9553452,0.2284563,38.33319,35.38926,48.75227,0.9432507,0.9263778,0.1935666,0.196263,-0.598797,0.1637887,SelectionStart
118.6199,24,2,3,0,0.8983448,0.9553452,0.2284563,38.33319,35.38926,48.75227,0.9432507,0.9263778,0.1935666,0.196263,-0.598797,0.1637887,SelectionEnd
118.6231,24,2,3,0,0.8983448,0.9553452,0.2284563,38.33319,35.38926,48.75227,0.9432507,0.9263778,0.1935666,0.196263,-0.598797,0.1637887,GotSelection
118.6338,24,2,3,0,0.8982479,0.955337,0.2285415,38.31723,35.3764,48.7363,0.9429395,0.9257642,0.1935247,0.1909256,-0.6021913,0.1656252,SelectionStart
118.6338,24,2,3,0,0.8982479,0.955337,0.2285415,38.31723,35.3764,48.7363,0.9429395,0.9257642,0.1935247,0.1909256,-0.6021913,0.1656252,SelectionEnd
118.6372,24,2,3,0,0.8982479,0.955337,0.2285415,38.31723,35.3764,48.7363,0.9429395,0.9257642,0.1935247,0.1909256,-0.6021913,0.1656252,GotSelection
118.6474,24,2,3,0,0.8983362,0.9552259,0.2284843,38.29787,35.32842,48.6865,0.942721,0.9252203,0.1936015,0.1860321,-0.6023041,0.1673515,SelectionStart
118.6475,24,2,3,0,0.8983362,0.9552259,0.2284843,38.29787,35.32842,48.6865,0.942721,0.9252203,0.1936015,0.1860321,-0.6023041,0.1673515,SelectionEnd
118.6507,24,2,3,0,0.8983362,0.9552259,0.2284843,38.29787,35.32842,48.6865,0.942721,0.9252203,0.1936015,0.1860321,-0.6023041,0.1673515,GotSelection
118.6618,24,2,3,0,0.8983057,0.9551981,0.228415,38.25388,35.31657,48.68225,0.9428306,0.9257678,0.1942979,0.19052,-0.5939156,0.1690802,SelectionStart
118.6618,24,2,3,0,0.8983057,0.9551981,0.228415,38.25388,35.31657,48.68225,0.9428306,0.9257678,0.1942979,0.19052,-0.5939156,0.1690802,SelectionEnd
118.6652,24,2,3,0,0.8983057,0.9551981,0.228415,38.25388,35.31657,48.68225,0.9428306,0.9257678,0.1942979,0.19052,-0.5939156,0.1690802,GotSelection
118.6749,24,2,3,0,0.8982123,0.9551907,0.2283439,38.23425,35.33644,48.68961,0.9433358,0.9262416,0.1949749,0.1983051,-0.5877973,0.1737772,SelectionStart
118.6749,24,2,3,0,0.8982123,0.9551907,0.2283439,38.23425,35.33644,48.68961,0.9433358,0.9262416,0.1949749,0.1983051,-0.5877973,0.1737772,SelectionEnd
118.6786,24,2,3,0,0.8982123,0.9551907,0.2283439,38.23425,35.33644,48.68961,0.9433358,0.9262416,0.1949749,0.1983051,-0.5877973,0.1737772,GotSelection
118.689,24,2,3,0,0.8981744,0.9550796,0.2280602,38.23517,35.43322,48.75773,0.944432,0.928138,0.196056,0.2194597,-0.570699,0.1760448,SelectionStart
118.689,24,2,3,0,0.8981744,0.9550796,0.2280602,38.23517,35.43322,48.75773,0.944432,0.928138,0.196056,0.2194597,-0.570699,0.1760448,SelectionEnd
118.6924,24,2,3,0,0.8981744,0.9550796,0.2280602,38.23517,35.43322,48.75773,0.944432,0.928138,0.196056,0.2194597,-0.570699,0.1760448,GotSelection
118.7049,24,2,3,0,0.8982919,0.9549534,0.2285592,38.29912,35.44993,48.82932,0.9461859,0.9310352,0.1976277,0.2506438,-0.5527102,0.1718908,SelectionStart
118.7049,24,2,3,0,0.8982919,0.9549534,0.2285592,38.29912,35.44993,48.82932,0.9461859,0.9310352,0.1976277,0.2506438,-0.5527102,0.1718908,SelectionEnd
118.7085,24,2,3,0,0.8982919,0.9549534,0.2285592,38.29912,35.44993,48.82932,0.9461859,0.9310352,0.1976277,0.2506438,-0.5527102,0.1718908,GotSelection
118.7204,24,2,3,0,0.8984699,0.9546492,0.2287618,38.38753,35.5458,48.88896,0.9482146,0.9344926,0.1996116,0.2885638,-0.5256829,0.1692853,SelectionStart
118.7204,24,2,3,0,0.8984699,0.9546492,0.2287618,38.38753,35.5458,48.88896,0.9482146,0.9344926,0.1996116,0.2885638,-0.5256829,0.1692853,SelectionEnd
118.724,24,2,3,0,0.8984699,0.9546492,0.2287618,38.38753,35.5458,48.88896,0.9482146,0.9344926,0.1996116,0.2885638,-0.5256829,0.1692853,GotSelection
118.7343,24,2,3,0,0.8986816,0.9545902,0.2286064,38.43383,35.61909,48.88405,0.949599,0.9370434,0.2012384,0.3143474,-0.5019554,0.1704613,SelectionStart
118.7343,24,2,3,0,0.8986816,0.9545902,0.2286064,38.43383,35.61909,48.88405,0.949599,0.9370434,0.2012384,0.3143474,-0.5019554,0.1704613,SelectionEnd
118.7375,24,2,3,0,0.8986816,0.9545902,0.2286064,38.43383,35.61909,48.88405,0.949599,0.9370434,0.2012384,0.3143474,-0.5019554,0.1704613,GotSelection
118.7803,24,2,3,0,0.8994231,0.9545625,0.2280901,38.42319,35.68655,48.83947,0.9534431,0.945667,0.2064707,0.3923642,-0.4224346,0.1679179,SelectionStart
118.7803,24,2,3,0,0.8994231,0.9545625,0.2280901,38.42319,35.68655,48.83947,0.9534431,0.945667,0.2064707,0.3923642,-0.4224346,0.1679179,SelectionEnd
118.7841,24,2,3,0,0.8994231,0.9545625,0.2280901,38.42319,35.68655,48.83947,0.9534431,0.945667,0.2064707,0.3923642,-0.4224346,0.1679179,GotSelection
118.7959,24,2,3,0,0.899673,0.95477,0.2276638,38.38931,35.7034,48.79357,0.9549547,0.9499339,0.2088734,0.4273503,-0.383232,0.1666007,SelectionStart
118.7959,24,2,3,0,0.899673,0.95477,0.2276638,38.38931,35.7034,48.79357,0.9549547,0.9499339,0.2088734,0.4273503,-0.383232,0.1666007,SelectionEnd
118.7993,24,2,3,0,0.899673,0.95477,0.2276638,38.38931,35.7034,48.79357,0.9549547,0.9499339,0.2088734,0.4273503,-0.383232,0.1666007,GotSelection
118.8097,24,2,3,0,0.8999232,0.9548592,0.2274035,38.37917,35.71464,48.75425,0.9559612,0.9522222,0.2102382,0.4469807,-0.3613726,0.1668548,SelectionStart
118.8097,24,2,3,0,0.8999232,0.9548592,0.2274035,38.37917,35.71464,48.75425,0.9559612,0.9522222,0.2102382,0.4469807,-0.3613726,0.1668548,SelectionEnd
118.813,24,2,3,0,0.8999232,0.9548592,0.2274035,38.37917,35.71464,48.75425,0.9559612,0.9522222,0.2102382,0.4469807,-0.3613726,0.1668548,GotSelection
118.8233,24,2,3,0,0.9001452,0.9551063,0.2269762,38.35163,35.73846,48.71976,0.9572584,0.9552221,0.2117819,0.4724693,-0.3350303,0.1674846,SelectionStart
118.8233,24,2,3,0,0.9001452,0.9551063,0.2269762,38.35163,35.73846,48.71976,0.9572584,0.9552221,0.2117819,0.4724693,-0.3350303,0.1674846,SelectionEnd
118.8266,24,2,3,0,0.9001452,0.9551063,0.2269762,38.35163,35.73846,48.71976,0.9572584,0.9552221,0.2117819,0.4724693,-0.3350303,0.1674846,GotSelection
118.8374,24,2,3,0,0.9000214,0.9553957,0.2268684,38.33789,35.75574,48.71906,0.9582685,0.9568419,0.2126174,0.4897548,-0.3247759,0.1706579,SelectionStart
118.8375,24,2,3,0,0.9000214,0.9553957,0.2268684,38.33789,35.75574,48.71906,0.9582685,0.9568419,0.2126174,0.4897548,-0.3247759,0.1706579,SelectionEnd
118.8416,24,2,3,0,0.9000214,0.9553957,0.2268684,38.33789,35.75574,48.71906,0.9582685,0.9568419,0.2126174,0.4897548,-0.3247759,0.1706579,GotSelection
118.8536,24,2,3,0,0.9001519,0.9555038,0.2268148,38.33549,35.73354,48.68489,0.9590595,0.9593264,0.2134884,0.5095569,-0.307314,0.1645479,SelectionStart
118.8536,24,2,3,0,0.9001519,0.9555038,0.2268148,38.33549,35.73354,48.68489,0.9590595,0.9593264,0.2134884,0.5095569,-0.307314,0.1645479,SelectionEnd
118.8577,24,2,3,0,0.9001519,0.9555038,0.2268148,38.33549,35.73354,48.68489,0.9590595,0.9593264,0.2134884,0.5095569,-0.307314,0.1645479,GotSelection
118.8679,24,2,3,0,0.8999205,0.9554684,0.2273165,38.31993,35.63203,48.69155,0.9597588,0.9613221,0.2138331,0.5291933,-0.3021687,0.1542781,SelectionStart
118.8679,24,2,3,0,0.8999205,0.9554684,0.2273165,38.31993,35.63203,48.69155,0.9597588,0.9613221,0.2138331,0.5291933,-0.3021687,0.1542781,SelectionEnd
118.8712,24,2,3,0,0.8999205,0.9554684,0.2273165,38.31993,35.63203,48.69155,0.9597588,0.9613221,0.2138331,0.5291933,-0.3021687,0.1542781,GotSelection
118.8811,24,2,3,0,0.899755,0.9556779,0.2275556,38.28612,35.5379,48.67907,0.959876,0.9628297,0.2133324,0.5391877,-0.3028221,0.1419413,SelectionStart
118.8811,24,2,3,0,0.899755,0.9556779,0.2275556,38.28612,35.5379,48.67907,0.959876,0.9628297,0.2133324,0.5391877,-0.3028221,0.1419413,SelectionEnd
118.8844,24,2,3,0,0.899755,0.9556779,0.2275556,38.28612,35.5379,48.67907,0.959876,0.9628297,0.2133324,0.5391877,-0.3028221,0.1419413,GotSelection
118.8948,24,2,3,0,0.8996289,0.9556633,0.2277558,38.27668,35.48307,48.65816,0.9598016,0.9635034,0.2125258,0.5437847,-0.3074953,0.1308624,SelectionStart
118.8949,24,2,3,0,0.8996289,0.9556633,0.2277558,38.27668,35.48307,48.65816,0.9598016,0.9635034,0.2125258,0.5437847,-0.3074953,0.1308624,SelectionEnd
118.8981,24,2,3,0,0.8996289,0.9556633,0.2277558,38.27668,35.48307,48.65816,0.9598016,0.9635034,0.2125258,0.5437847,-0.3074953,0.1308624,GotSelection
118.907,24,2,3,0,0.8992955,0.9558324,0.2280325,38.26395,35.42815,48.65878,0.9590821,0.9633715,0.2113349,0.538711,-0.3195403,0.1209924,SelectionStart
118.9071,24,2,3,0,0.8992955,0.9558324,0.2280325,38.26395,35.42815,48.65878,0.9590821,0.9633715,0.2113349,0.538711,-0.3195403,0.1209924,SelectionEnd
118.9103,24,2,3,0,0.8992955,0.9558324,0.2280325,38.26395,35.42815,48.65878,0.9590821,0.9633715,0.2113349,0.538711,-0.3195403,0.1209924,GotSelection
118.9221,24,2,3,0,0.8988702,0.9559668,0.2285022,38.24654,35.34993,48.67577,0.9578851,0.9627309,0.2097398,0.5274423,-0.3375918,0.1082371,SelectionStart
118.9221,24,2,3,0,0.8988702,0.9559668,0.2285022,38.24654,35.34993,48.67577,0.9578851,0.9627309,0.2097398,0.5274423,-0.3375918,0.1082371,SelectionEnd
118.9254,24,2,3,0,0.8988702,0.9559668,0.2285022,38.24654,35.34993,48.67577,0.9578851,0.9627309,0.2097398,0.5274423,-0.3375918,0.1082371,GotSelection
118.9686,24,2,3,0,0.8981595,0.9562805,0.2289653,38.19527,35.20916,48.66515,0.9547663,0.9596186,0.2064601,0.4866521,-0.3766413,0.09319028,SelectionStart
118.9687,24,2,3,0,0.8981595,0.9562805,0.2289653,38.19527,35.20916,48.66515,0.9547663,0.9596186,0.2064601,0.4866521,-0.3766413,0.09319028,SelectionEnd
118.9726,24,2,3,0,0.8981595,0.9562805,0.2289653,38.19527,35.20916,48.66515,0.9547663,0.9596186,0.2064601,0.4866521,-0.3766413,0.09319028,GotSelection
118.9828,24,2,3,0,0.8976268,0.9560835,0.2297892,38.20385,34.94168,48.55436,0.9500714,0.9529969,0.2013925,0.4135495,-0.4412795,0.07366389,SelectionStart
118.9828,24,2,3,0,0.8976268,0.9560835,0.2297892,38.20385,34.94168,48.55436,0.9500714,0.9529969,0.2013925,0.4135495,-0.4412795,0.07366389,SelectionEnd
118.9862,24,2,3,0,0.8976268,0.9560835,0.2297892,38.20385,34.94168,48.55436,0.9500714,0.9529969,0.2013925,0.4135495,-0.4412795,0.07366389,GotSelection
118.9963,24,2,3,0,0.897351,0.9561103,0.2300623,38.19494,34.89442,48.56614,0.9484025,0.9500205,0.1998909,0.383691,-0.4659815,0.0741594,SelectionStart
118.9963,24,2,3,0,0.897351,0.9561103,0.2300623,38.19494,34.89442,48.56614,0.9484025,0.9500205,0.1998909,0.383691,-0.4659815,0.0741594,SelectionEnd
118.9996,24,2,3,0,0.897351,0.9561103,0.2300623,38.19494,34.89442,48.56614,0.9484025,0.9500205,0.1998909,0.383691,-0.4659815,0.0741594,GotSelection
119.0092,24,2,3,0,0.8970581,0.9559876,0.230233,38.21138,34.91571,48.62823,0.9467203,0.9468516,0.1983892,0.3534828,-0.4900612,0.07619753,SelectionStart
119.0093,24,2,3,0,0.8970581,0.9559876,0.230233,38.21138,34.91571,48.62823,0.9467203,0.9468516,0.1983892,0.3534828,-0.4900612,0.07619753,SelectionEnd
119.0125,24,2,3,0,0.8970581,0.9559876,0.230233,38.21138,34.91571,48.62823,0.9467203,0.9468516,0.1983892,0.3534828,-0.4900612,0.07619753,GotSelection
119.0251,24,2,3,0,0.8964434,0.956069,0.2310046,38.23552,34.92458,48.78723,0.9445615,0.9425517,0.1960793,0.3129251,-0.5321201,0.07662888,SelectionStart
119.0251,24,2,3,0,0.8964434,0.956069,0.2310046,38.23552,34.92458,48.78723,0.9445615,0.9425517,0.1960793,0.3129251,-0.5321201,0.07662888,SelectionEnd
119.0284,24,2,3,0,0.8964434,0.956069,0.2310046,38.23552,34.92458,48.78723,0.9445615,0.9425517,0.1960793,0.3129251,-0.5321201,0.07662888,GotSelection
119.0377,24,2,3,0,0.8958842,0.9561118,0.2316493,38.26759,34.96389,48.92933,0.9426921,0.938178,0.1939996,0.2742226,-0.572078,0.08102734,SelectionStart
119.0377,24,2,3,0,0.8958842,0.9561118,0.2316493,38.26759,34.96389,48.92933,0.9426921,0.938178,0.1939996,0.2742226,-0.572078,0.08102734,SelectionEnd
119.0412,24,2,3,0,0.8958842,0.9561118,0.2316493,38.26759,34.96389,48.92933,0.9426921,0.938178,0.1939996,0.2742226,-0.572078,0.08102734,GotSelection
119.0527,24,2,3,0,0.8954313,0.9562019,0.2320376,38.25027,34.94157,49.0023,0.9405746,0.9342567,0.1918107,0.2352291,-0.6071737,0.08156101,SelectionStart
119.0528,24,2,3,0,0.8954313,0.9562019,0.2320376,38.25027,34.94157,49.0023,0.9405746,0.9342567,0.1918107,0.2352291,-0.6071737,0.08156101,SelectionEnd
119.0563,24,2,3,0,0.8954313,0.9562019,0.2320376,38.25027,34.94157,49.0023,0.9405746,0.9342567,0.1918107,0.2352291,-0.6071737,0.08156101,GotSelection
119.0663,24,2,3,0,0.8950526,0.9563173,0.2322193,38.24127,34.90583,49.00805,0.9386936,0.9309556,0.1902199,0.2018055,-0.6331894,0.08426536,SelectionStart
119.0663,24,2,3,0,0.8950526,0.9563173,0.2322193,38.24127,34.90583,49.00805,0.9386936,0.9309556,0.1902199,0.2018055,-0.6331894,0.08426536,SelectionEnd
119.07,24,2,3,0,0.8950526,0.9563173,0.2322193,38.24127,34.90583,49.00805,0.9386936,0.9309556,0.1902199,0.2018055,-0.6331894,0.08426536,GotSelection
119.0798,24,2,3,0,0.8948754,0.9565486,0.2322766,38.22298,34.83515,48.9823,0.9359345,0.926373,0.1881644,0.1511375,-0.6649233,0.08825698,SelectionStart
119.0798,24,2,3,0,0.8948754,0.9565486,0.2322766,38.22298,34.83515,48.9823,0.9359345,0.926373,0.1881644,0.1511375,-0.6649233,0.08825698,SelectionEnd
119.0833,24,2,3,0,0.8948754,0.9565486,0.2322766,38.22298,34.83515,48.9823,0.9359345,0.926373,0.1881644,0.1511375,-0.6649233,0.08825698,GotSelection
119.0958,24,2,3,0,0.8947995,0.956525,0.2321038,38.22683,34.78827,48.93215,0.9330619,0.921842,0.1861822,0.1010476,-0.6916913,0.09164861,SelectionStart
119.0958,24,2,3,0,0.8947995,0.956525,0.2321038,38.22683,34.78827,48.93215,0.9330619,0.921842,0.1861822,0.1010476,-0.6916913,0.09164861,SelectionEnd
119.0997,24,2,3,0,0.8947995,0.956525,0.2321038,38.22683,34.78827,48.93215,0.9330619,0.921842,0.1861822,0.1010476,-0.6916913,0.09164861,GotSelection
119.1144,24,2,3,0,0.8945957,0.9568386,0.2321579,38.19944,34.72808,48.90372,0.9304557,0.9177406,0.1845303,0.05438715,-0.7188406,0.09662292,SelectionStart
119.1144,24,2,3,0,0.8945957,0.9568386,0.2321579,38.19944,34.72808,48.90372,0.9304557,0.9177406,0.1845303,0.05438715,-0.7188406,0.09662292,SelectionEnd
119.118,24,2,3,0,0.8945957,0.9568386,0.2321579,38.19944,34.72808,48.90372,0.9304557,0.9177406,0.1845303,0.05438715,-0.7188406,0.09662292,GotSelection
119.1287,24,2,3,0,0.8944143,0.9571287,0.2321563,38.13776,34.67673,48.90727,0.9280822,0.9141241,0.182696,0.01211201,-0.7451606,0.09826245,SelectionStart
119.1287,24,2,3,0,0.8944143,0.9571287,0.2321563,38.13776,34.67673,48.90727,0.9280822,0.9141241,0.182696,0.01211201,-0.7451606,0.09826245,SelectionEnd
119.1322,24,2,3,0,0.8944143,0.9571287,0.2321563,38.13776,34.67673,48.90727,0.9280822,0.9141241,0.182696,0.01211201,-0.7451606,0.09826245,GotSelection
119.1735,24,2,3,0,0.8941168,0.9580346,0.231587,37.97111,34.47094,48.70669,0.9231034,0.907813,0.1769577,-0.06944774,-0.8053063,0.08497297,SelectionStart
119.1736,24,2,3,0,0.8941168,0.9580346,0.231587,37.97111,34.47094,48.70669,0.9231034,0.907813,0.1769577,-0.06944774,-0.8053063,0.08497297,SelectionEnd
119.177,24,2,3,0,0.8941168,0.9580346,0.231587,37.97111,34.47094,48.70669,0.9231034,0.907813,0.1769577,-0.06944774,-0.8053063,0.08497297,GotSelection
119.1867,24,2,3,0,0.8940822,0.9583378,0.2313386,37.9118,34.42332,48.63925,0.9211333,0.9060441,0.1750064,-0.09748943,-0.8219694,0.07687823,SelectionStart
119.1867,24,2,3,0,0.8940822,0.9583378,0.2313386,37.9118,34.42332,48.63925,0.9211333,0.9060441,0.1750064,-0.09748943,-0.8219694,0.07687823,SelectionEnd
119.1901,24,2,3,0,0.8940822,0.9583378,0.2313386,37.9118,34.42332,48.63925,0.9211333,0.9060441,0.1750064,-0.09748943,-0.8219694,0.07687823,GotSelection
119.1998,24,2,3,0,0.8939338,0.9586272,0.23112,37.83805,34.40487,48.62341,0.9194596,0.9053575,0.1735126,-0.1160016,-0.8310546,0.06663104,SelectionStart
119.1998,24,2,3,0,0.8939338,0.9586272,0.23112,37.83805,34.40487,48.62341,0.9194596,0.9053575,0.1735126,-0.1160016,-0.8310546,0.06663104,SelectionEnd
119.2031,24,2,3,0,0.8939338,0.9586272,0.23112,37.83805,34.40487,48.62341,0.9194596,0.9053575,0.1735126,-0.1160016,-0.8310546,0.06663104,GotSelection
119.2126,24,2,3,0,0.8937085,0.9588718,0.2311257,37.77534,34.34523,48.59964,0.9180075,0.9048504,0.172091,-0.1309223,-0.8412677,0.0550986,SelectionStart
119.2126,24,2,3,0,0.8937085,0.9588718,0.2311257,37.77534,34.34523,48.59964,0.9180075,0.9048504,0.172091,-0.1309223,-0.8412677,0.0550986,SelectionEnd
119.2159,24,2,3,0,0.8937085,0.9588718,0.2311257,37.77534,34.34523,48.59964,0.9180075,0.9048504,0.172091,-0.1309223,-0.8412677,0.0550986,GotSelection
119.2278,24,2,3,0,0.8936762,0.9589639,0.2311879,37.75108,34.20793,48.52096,0.9164471,0.9044511,0.1703792,-0.1466051,-0.8515601,0.03809544,SelectionStart
119.2278,24,2,3,0,0.8936762,0.9589639,0.2311879,37.75108,34.20793,48.52096,0.9164471,0.9044511,0.1703792,-0.1466051,-0.8515601,0.03809544,SelectionEnd
119.2312,24,2,3,0,0.8936762,0.9589639,0.2311879,37.75108,34.20793,48.52096,0.9164471,0.9044511,0.1703792,-0.1466051,-0.8515601,0.03809544,GotSelection
119.2415,24,2,3,0,0.8936138,0.9590679,0.2310928,37.71328,34.097,48.44441,0.9149672,0.9043214,0.1686831,-0.1596396,-0.8595606,0.02116813,SelectionStart
119.2415,24,2,3,0,0.8936138,0.9590679,0.2310928,37.71328,34.097,48.44441,0.9149672,0.9043214,0.1686831,-0.1596396,-0.8595606,0.02116813,SelectionEnd
119.245,24,2,3,0,0.8936138,0.9590679,0.2310928,37.71328,34.097,48.44441,0.9149672,0.9043214,0.1686831,-0.1596396,-0.8595606,0.02116813,GotSelection
119.2556,24,2,3,0,0.8935817,0.9591177,0.2311096,37.69246,34.07559,48.42252,0.9139481,0.9046113,0.1674282,-0.1662655,-0.8641559,0.006294069,SelectionStart
119.2556,24,2,3,0,0.8935817,0.9591177,0.2311096,37.69246,34.07559,48.42252,0.9139481,0.9046113,0.1674282,-0.1662655,-0.8641559,0.006294069,SelectionEnd
119.2589,24,2,3,0,0.8935817,0.9591177,0.2311096,37.69246,34.07559,48.42252,0.9139481,0.9046113,0.1674282,-0.1662655,-0.8641559,0.006294069,GotSelection
119.2701,24,2,3,0,0.8936752,0.9591022,0.2310452,37.68444,34.06634,48.37961,0.9129811,0.9052755,0.1660152,-0.1704139,-0.8667709,-0.01192708,SelectionStart
119.2701,24,2,3,0,0.8936752,0.9591022,0.2310452,37.68444,34.06634,48.37961,0.9129811,0.9052755,0.1660152,-0.1704139,-0.8667709,-0.01192708,SelectionEnd
119.2735,24,2,3,0,0.8936752,0.9591022,0.2310452,37.68444,34.06634,48.37961,0.9129811,0.9052755,0.1660152,-0.1704139,-0.8667709,-0.01192708,GotSelection
119.283,24,2,3,0,0.8937296,0.9590228,0.2311561,37.70537,34.03763,48.34975,0.9122182,0.9062754,0.1650639,-0.1705221,-0.8659336,-0.02941314,SelectionStart
119.283,24,2,3,0,0.8937296,0.9590228,0.2311561,37.70537,34.03763,48.34975,0.9122182,0.9062754,0.1650639,-0.1705221,-0.8659336,-0.02941314,SelectionEnd
119.2864,24,2,3,0,0.8937296,0.9590228,0.2311561,37.70537,34.03763,48.34975,0.9122182,0.9062754,0.1650639,-0.1705221,-0.8659336,-0.02941314,GotSelection
119.2958,24,2,3,0,0.8935696,0.958986,0.2314068,37.71478,34.00813,48.36648,0.9118316,0.9071887,0.1644409,-0.1672598,-0.866552,-0.0423133,SelectionStart
119.2958,24,2,3,0,0.8935696,0.958986,0.2314068,37.71478,34.00813,48.36648,0.9118316,0.9071887,0.1644409,-0.1672598,-0.866552,-0.0423133,SelectionEnd
119.2994,24,2,3,0,0.8935696,0.958986,0.2314068,37.71478,34.00813,48.36648,0.9118316,0.9071887,0.1644409,-0.1672598,-0.866552,-0.0423133,GotSelection
119.3112,24,2,3,0,0.8934155,0.9589772,0.2316437,37.7153,33.9873,48.40152,0.9120277,0.9094187,0.16418,-0.1516397,-0.8596457,-0.05818339,SelectionStart
119.3112,24,2,3,0,0.8934155,0.9589772,0.2316437,37.7153,33.9873,48.40152,0.9120277,0.9094187,0.16418,-0.1516397,-0.8596457,-0.05818339,SelectionEnd
119.3149,24,2,3,0,0.8934155,0.9589772,0.2316437,37.7153,33.9873,48.40152,0.9120277,0.9094187,0.16418,-0.1516397,-0.8596457,-0.05818339,GotSelection
119.3564,24,2,3,0,0.8934895,0.9586581,0.2318564,37.76333,33.96833,48.41983,0.913016,0.9127449,0.1641887,-0.1226411,-0.8453152,-0.07777051,SelectionStart
119.3564,24,2,3,0,0.8934895,0.9586581,0.2318564,37.76333,33.96833,48.41983,0.913016,0.9127449,0.1641887,-0.1226411,-0.8453152,-0.07777051,SelectionEnd
119.3598,24,2,3,0,0.8934895,0.9586581,0.2318564,37.76333,33.96833,48.41983,0.913016,0.9127449,0.1641887,-0.1226411,-0.8453152,-0.07777051,GotSelection
119.369,24,2,3,0,0.8935644,0.9584523,0.2318395,37.80356,33.97607,48.38042,0.9163717,0.9177644,0.1661122,-0.06335768,-0.8156586,-0.08217878,SelectionStart
119.3691,24,2,3,0,0.8935644,0.9584523,0.2318395,37.80356,33.97607,48.38042,0.9163717,0.9177644,0.1661122,-0.06335768,-0.8156586,-0.08217878,SelectionEnd
119.3723,24,2,3,0,0.8935644,0.9584523,0.2318395,37.80356,33.97607,48.38042,0.9163717,0.9177644,0.1661122,-0.06335768,-0.8156586,-0.08217878,GotSelection
119.3815,24,2,3,0,0.893666,0.9583327,0.2317957,37.81401,33.97214,48.35595,0.9175528,0.9189946,0.1673023,-0.04593106,-0.8032677,-0.07743706,SelectionStart
119.3815,24,2,3,0,0.893666,0.9583327,0.2317957,37.81401,33.97214,48.35595,0.9175528,0.9189946,0.1673023,-0.04593106,-0.8032677,-0.07743706,SelectionEnd
119.3849,24,2,3,0,0.893666,0.9583327,0.2317957,37.81401,33.97214,48.35595,0.9175528,0.9189946,0.1673023,-0.04593106,-0.8032677,-0.07743706,GotSelection
119.3972,24,2,3,0,0.8938147,0.958229,0.2318361,37.82795,33.96994,48.33751,0.9189029,0.92022,0.1690167,-0.02766499,-0.7880728,-0.06903546,SelectionStart
119.3973,24,2,3,0,0.8938147,0.958229,0.2318361,37.82795,33.96994,48.33751,0.9189029,0.92022,0.1690167,-0.02766499,-0.7880728,-0.06903546,SelectionEnd
119.4006,24,2,3,0,0.8938147,0.958229,0.2318361,37.82795,33.96994,48.33751,0.9189029,0.92022,0.1690167,-0.02766499,-0.7880728,-0.06903546,GotSelection
119.4122,24,2,3,0,0.8939813,0.9579024,0.2317351,37.84602,34.00914,48.32869,0.9197227,0.9203191,0.1716069,-0.01904061,-0.7677012,-0.0503052,SelectionStart
119.4122,24,2,3,0,0.8939813,0.9579024,0.2317351,37.84602,34.00914,48.32869,0.9197227,0.9203191,0.1716069,-0.01904061,-0.7677012,-0.0503052,SelectionEnd
119.4165,24,2,3,0,0.8939813,0.9579024,0.2317351,37.84602,34.00914,48.32869,0.9197227,0.9203191,0.1716069,-0.01904061,-0.7677012,-0.0503052,GotSelection
119.4264,24,2,3,0,0.8940982,0.957774,0.2316173,37.85574,34.05457,48.33989,0.9201255,0.9200259,0.1735884,-0.01727597,-0.7535598,-0.03353325,SelectionStart
119.4264,24,2,3,0,0.8940982,0.957774,0.2316173,37.85574,34.05457,48.33989,0.9201255,0.9200259,0.1735884,-0.01727597,-0.7535598,-0.03353325,SelectionEnd
119.4297,24,2,3,0,0.8940982,0.957774,0.2316173,37.85574,34.05457,48.33989,0.9201255,0.9200259,0.1735884,-0.01727597,-0.7535598,-0.03353325,GotSelection
119.4398,24,2,3,0,0.8943192,0.9577592,0.2314615,37.87574,34.13412,48.39032,0.9202811,0.9194769,0.1761098,-0.02083581,-0.7355152,-0.01185403,SelectionStart
119.4399,24,2,3,0,0.8943192,0.9577592,0.2314615,37.87574,34.13412,48.39032,0.9202811,0.9194769,0.1761098,-0.02083581,-0.7355152,-0.01185403,SelectionEnd
119.4434,24,2,3,0,0.8943192,0.9577592,0.2314615,37.87574,34.13412,48.39032,0.9202811,0.9194769,0.1761098,-0.02083581,-0.7355152,-0.01185403,GotSelection
119.4533,24,2,3,0,0.8944574,0.957654,0.2314294,37.90105,34.19892,48.43496,0.9201856,0.9183762,0.1777774,-0.0286896,-0.726774,0.005345011,SelectionStart
119.4533,24,2,3,0,0.8944574,0.957654,0.2314294,37.90105,34.19892,48.43496,0.9201856,0.9183762,0.1777774,-0.0286896,-0.726774,0.005345011,SelectionEnd
119.4568,24,2,3,0,0.8944574,0.957654,0.2314294,37.90105,34.19892,48.43496,0.9201856,0.9183762,0.1777774,-0.0286896,-0.726774,0.005345011,GotSelection
119.4666,24,2,3,0,0.8944851,0.9575768,0.2314756,37.94743,34.26975,48.49561,0.9199073,0.9173224,0.1794393,-0.03718841,-0.7182471,0.02174702,SelectionStart
119.4666,24,2,3,0,0.8944851,0.9575768,0.2314756,37.94743,34.26975,48.49561,0.9199073,0.9173224,0.1794393,-0.03718841,-0.7182471,0.02174702,SelectionEnd
119.4699,24,2,3,0,0.8944851,0.9575768,0.2314756,37.94743,34.26975,48.49561,0.9199073,0.9173224,0.1794393,-0.03718841,-0.7182471,0.02174702,GotSelection
119.4797,24,2,3,0,0.8946372,0.9573883,0.2313346,37.97388,34.36789,48.55847,0.9191292,0.9159223,0.1815145,-0.05203009,-0.703806,0.04076642,SelectionStart
119.4798,24,2,3,0,0.8946372,0.9573883,0.2313346,37.97388,34.36789,48.55847,0.9191292,0.9159223,0.1815145,-0.05203009,-0.703806,0.04076642,SelectionEnd
119.4832,24,2,3,0,0.8946372,0.9573883,0.2313346,37.97388,34.36789,48.55847,0.9191292,0.9159223,0.1815145,-0.05203009,-0.703806,0.04076642,GotSelection
119.4955,24,2,3,0,0.8948913,0.957274,0.2309755,37.99622,34.45347,48.56068,0.9181978,0.9138728,0.183621,-0.07269792,-0.690294,0.06465106,SelectionStart
119.4956,24,2,3,0,0.8948913,0.957274,0.2309755,37.99622,34.45347,48.56068,0.9181978,0.9138728,0.183621,-0.07269792,-0.690294,0.06465106,SelectionEnd
119.4995,24,2,3,0,0.8948913,0.957274,0.2309755,37.99622,34.45347,48.56068,0.9181978,0.9138728,0.183621,-0.07269792,-0.690294,0.06465106,GotSelection
119.5097,24,2,3,0,0.8950395,0.9572579,0.2308295,38.00098,34.45512,48.52656,0.9168729,0.9114559,0.1857101,-0.09873128,-0.679967,0.08790011,SelectionStart
119.5097,24,2,3,0,0.8950395,0.9572579,0.2308295,38.00098,34.45512,48.52656,0.9168729,0.9114559,0.1857101,-0.09873128,-0.679967,0.08790011,SelectionEnd
119.513,24,2,3,0,0.8950395,0.9572579,0.2308295,38.00098,34.45512,48.52656,0.9168729,0.9114559,0.1857101,-0.09873128,-0.679967,0.08790011,GotSelection
119.5617,24,2,3,0,0.8952237,0.9579526,0.2298626,37.87825,34.42415,48.3908,0.9117563,0.9034649,0.190621,-0.1932151,-0.6603612,0.1559044,SelectionStart
119.5617,24,2,3,0,0.8952237,0.9579526,0.2298626,37.87825,34.42415,48.3908,0.9117563,0.9034649,0.190621,-0.1932151,-0.6603612,0.1559044,SelectionEnd
119.5653,24,2,3,0,0.8952237,0.9579526,0.2298626,37.87825,34.42415,48.3908,0.9117563,0.9034649,0.190621,-0.1932151,-0.6603612,0.1559044,GotSelection
119.6128,24,2,3,0,0.8950895,0.9585046,0.2293794,37.7652,34.38785,48.33689,0.9049736,0.8963951,0.1921448,-0.2936404,-0.6598524,0.1852649,SelectionStart
119.6128,24,2,3,0,0.8950895,0.9585046,0.2293794,37.7652,34.38785,48.33689,0.9049736,0.8963951,0.1921448,-0.2936404,-0.6598524,0.1852649,SelectionEnd
119.6161,24,2,3,0,0.8950895,0.9585046,0.2293794,37.7652,34.38785,48.33689,0.9049736,0.8963951,0.1921448,-0.2936404,-0.6598524,0.1852649,GotSelection
119.6698,24,2,3,0,0.8949288,0.9582748,0.2299778,37.77498,34.17446,48.22471,0.8932979,0.8905644,0.1884058,-0.4222093,-0.6781578,0.138409,SelectionStart
119.6698,24,2,3,0,0.8949288,0.9582748,0.2299778,37.77498,34.17446,48.22471,0.8932979,0.8905644,0.1884058,-0.4222093,-0.6781578,0.138409,SelectionEnd
119.6732,24,2,3,0,0.8949288,0.9582748,0.2299778,37.77498,34.17446,48.22471,0.8932979,0.8905644,0.1884058,-0.4222093,-0.6781578,0.138409,GotSelection
119.6825,24,2,3,0,0.8947741,0.9581875,0.2302378,37.79617,34.22342,48.29665,0.8896755,0.8892056,0.1866717,-0.4590307,-0.686236,0.1177793,SelectionStart
119.6825,24,2,3,0,0.8947741,0.9581875,0.2302378,37.79617,34.22342,48.29665,0.8896755,0.8892056,0.1866717,-0.4590307,-0.686236,0.1177793,SelectionEnd
119.6858,24,2,3,0,0.8947741,0.9581875,0.2302378,37.79617,34.22342,48.29665,0.8896755,0.8892056,0.1866717,-0.4590307,-0.686236,0.1177793,GotSelection
119.6952,24,2,3,0,0.894545,0.9581054,0.2302811,37.81292,34.2923,48.36148,0.8868753,0.8882993,0.1851178,-0.4855533,-0.6925313,0.101055,SelectionStart
119.6952,24,2,3,0,0.894545,0.9581054,0.2302811,37.81292,34.2923,48.36148,0.8868753,0.8882993,0.1851178,-0.4855533,-0.6925313,0.101055,SelectionEnd
119.6985,24,2,3,0,0.894545,0.9581054,0.2302811,37.81292,34.2923,48.36148,0.8868753,0.8882993,0.1851178,-0.4855533,-0.6925313,0.101055,GotSelection
119.7083,24,2,3,0,0.8944547,0.9579668,0.230573,37.84577,34.33511,48.4264,0.8842727,0.8875821,0.1836751,-0.5102665,-0.6986823,0.08230921,SelectionStart
119.7083,24,2,3,0,0.8944547,0.9579668,0.230573,37.84577,34.33511,48.4264,0.8842727,0.8875821,0.1836751,-0.5102665,-0.6986823,0.08230921,SelectionEnd
119.7115,24,2,3,0,0.8944547,0.9579668,0.230573,37.84577,34.33511,48.4264,0.8842727,0.8875821,0.1836751,-0.5102665,-0.6986823,0.08230921,GotSelection
119.7219,24,2,3,0,0.8944657,0.9578262,0.2309352,37.90366,34.37738,48.4934,0.8812459,0.8868142,0.1818557,-0.5396425,-0.70643,0.05890069,SelectionStart
119.7219,24,2,3,0,0.8944657,0.9578262,0.2309352,37.90366,34.37738,48.4934,0.8812459,0.8868142,0.1818557,-0.5396425,-0.70643,0.05890069,SelectionEnd
119.7253,24,2,3,0,0.8944657,0.9578262,0.2309352,37.90366,34.37738,48.4934,0.8812459,0.8868142,0.1818557,-0.5396425,-0.70643,0.05890069,GotSelection
119.737,24,2,3,0,0.8944836,0.9576265,0.2310595,37.93146,34.40371,48.51331,0.8787388,0.8866082,0.1804593,-0.5605881,-0.7081779,0.03784848,SelectionStart
119.737,24,2,3,0,0.8944836,0.9576265,0.2310595,37.93146,34.40371,48.51331,0.8787388,0.8866082,0.1804593,-0.5605881,-0.7081779,0.03784848,SelectionEnd
119.7403,24,2,3,0,0.8944836,0.9576265,0.2310595,37.93146,34.40371,48.51331,0.8787388,0.8866082,0.1804593,-0.5605881,-0.7081779,0.03784848,GotSelection
119.7498,24,2,3,0,0.8946057,0.9574065,0.2310798,37.95964,34.40221,48.49225,0.8772008,0.8864515,0.1797079,-0.5736557,-0.7074413,0.02521983,SelectionStart
119.7498,24,2,3,0,0.8946057,0.9574065,0.2310798,37.95964,34.40221,48.49225,0.8772008,0.8864515,0.1797079,-0.5736557,-0.7074413,0.02521983,SelectionEnd
119.7531,24,2,3,0,0.8946057,0.9574065,0.2310798,37.95964,34.40221,48.49225,0.8772008,0.8864515,0.1797079,-0.5736557,-0.7074413,0.02521983,GotSelection
119.7621,24,2,3,0,0.89468,0.9572282,0.2311469,37.99505,34.3803,48.46617,0.8765584,0.8869279,0.1793503,-0.575473,-0.7045317,0.01554743,SelectionStart
119.7621,24,2,3,0,0.89468,0.9572282,0.2311469,37.99505,34.3803,48.46617,0.8765584,0.8869279,0.1793503,-0.575473,-0.7045317,0.01554743,SelectionEnd
119.7655,24,2,3,0,0.89468,0.9572282,0.2311469,37.99505,34.3803,48.46617,0.8765584,0.8869279,0.1793503,-0.575473,-0.7045317,0.01554743,GotSelection
119.7752,24,2,3,0,0.8947524,0.9570982,0.2311286,38.00797,34.3596,48.43772,0.876434,0.8875785,0.1792935,-0.5722042,-0.7000489,0.00965492,SelectionStart
119.7752,24,2,3,0,0.8947524,0.9570982,0.2311286,38.00797,34.3596,48.43772,0.876434,0.8875785,0.1792935,-0.5722042,-0.7000489,0.00965492,SelectionEnd
119.7785,24,2,3,0,0.8947524,0.9570982,0.2311286,38.00797,34.3596,48.43772,0.876434,0.8875785,0.1792935,-0.5722042,-0.7000489,0.00965492,GotSelection
119.7904,24,2,3,0,0.8947847,0.9569451,0.2310338,38.02613,34.38233,48.44531,0.8763615,0.8885285,0.1792879,-0.5663483,-0.6931236,0.003167101,SelectionStart
119.7904,24,2,3,0,0.8947847,0.9569451,0.2310338,38.02613,34.38233,48.44531,0.8763615,0.8885285,0.1792879,-0.5663483,-0.6931236,0.003167101,SelectionEnd
119.7936,24,2,3,0,0.8947847,0.9569451,0.2310338,38.02613,34.38233,48.44531,0.8763615,0.8885285,0.1792879,-0.5663483,-0.6931236,0.003167101,GotSelection
119.8045,24,2,3,0,0.8946314,0.957082,0.2309491,38.02488,34.40271,48.45922,0.8772864,0.8900962,0.1798645,-0.5488375,-0.684611,0.003477069,SelectionStart
119.8045,24,2,3,0,0.8946314,0.957082,0.2309491,38.02488,34.40271,48.45922,0.8772864,0.8900962,0.1798645,-0.5488375,-0.684611,0.003477069,SelectionEnd
119.8079,24,2,3,0,0.8946314,0.957082,0.2309491,38.02488,34.40271,48.45922,0.8772864,0.8900962,0.1798645,-0.5488375,-0.684611,0.003477069,GotSelection
119.8479,24,2,3,0,0.8945429,0.9571461,0.2308026,37.97527,34.20375,48.32411,0.884137,0.8969876,0.1829212,-0.4502476,-0.6509037,0.01214097,SelectionStart
119.848,24,2,3,0,0.8945429,0.9571461,0.2308026,37.97527,34.20375,48.32411,0.884137,0.8969876,0.1829212,-0.4502476,-0.6509037,0.01214097,SelectionEnd
119.8513,24,2,3,0,0.8945429,0.9571461,0.2308026,37.97527,34.20375,48.32411,0.884137,0.8969876,0.1829212,-0.4502476,-0.6509037,0.01214097,GotSelection
119.8627,24,2,3,0,0.8945905,0.9571229,0.2307807,37.94395,34.09959,48.22673,0.8873664,0.899735,0.1843387,-0.4068952,-0.6378029,0.01801319,SelectionStart
119.8627,24,2,3,0,0.8945905,0.9571229,0.2307807,37.94395,34.09959,48.22673,0.8873664,0.899735,0.1843387,-0.4068952,-0.6378029,0.01801319,SelectionEnd
119.8665,24,2,3,0,0.8945905,0.9571229,0.2307807,37.94395,34.09959,48.22673,0.8873664,0.899735,0.1843387,-0.4068952,-0.6378029,0.01801319,GotSelection
119.8765,24,2,3,0,0.8946283,0.9571073,0.2308005,37.92756,34.01348,48.14543,0.8902511,0.9020188,0.1854821,-0.3692131,-0.6282723,0.02345348,SelectionStart
119.8765,24,2,3,0,0.8946283,0.9571073,0.2308005,37.92756,34.01348,48.14543,0.8902511,0.9020188,0.1854821,-0.3692131,-0.6282723,0.02345348,SelectionEnd
119.8801,24,2,3,0,0.8946283,0.9571073,0.2308005,37.92756,34.01348,48.14543,0.8902511,0.9020188,0.1854821,-0.3692131,-0.6282723,0.02345348,GotSelection
119.892,24,2,3,0,0.8946971,0.9570975,0.2306412,37.89484,33.8839,48.02082,0.8939961,0.9051161,0.18673,-0.3196479,-0.6155798,0.02909774,SelectionStart
119.8921,24,2,3,0,0.8946971,0.9570975,0.2306412,37.89484,33.8839,48.02082,0.8939961,0.9051161,0.18673,-0.3196479,-0.6155798,0.02909774,SelectionEnd
119.8957,24,2,3,0,0.8946971,0.9570975,0.2306412,37.89484,33.8839,48.02082,0.8939961,0.9051161,0.18673,-0.3196479,-0.6155798,0.02909774,GotSelection
119.9058,24,2,3,0,0.8946506,0.9571681,0.2307088,37.84412,33.72398,47.89793,0.8982453,0.908499,0.1879484,-0.2639713,-0.6060739,0.03417975,SelectionStart
119.9058,24,2,3,0,0.8946506,0.9571681,0.2307088,37.84412,33.72398,47.89793,0.8982453,0.908499,0.1879484,-0.2639713,-0.6060739,0.03417975,SelectionEnd
119.9091,24,2,3,0,0.8946506,0.9571681,0.2307088,37.84412,33.72398,47.89793,0.8982453,0.908499,0.1879484,-0.2639713,-0.6060739,0.03417975,GotSelection
119.9202,24,2,3,0,0.89461,0.9571225,0.2308659,37.81703,33.58216,47.79922,0.902255,0.9116452,0.188873,-0.2112009,-0.5991004,0.03660618,SelectionStart
119.9202,24,2,3,0,0.89461,0.9571225,0.2308659,37.81703,33.58216,47.79922,0.902255,0.9116452,0.188873,-0.2112009,-0.5991004,0.03660618,SelectionEnd
119.9238,24,2,3,0,0.89461,0.9571225,0.2308659,37.81703,33.58216,47.79922,0.902255,0.9116452,0.188873,-0.2112009,-0.5991004,0.03660618,GotSelection
119.9337,24,2,3,0,0.894556,0.9570541,0.2311722,37.82049,33.45888,47.73169,0.9054943,0.9143131,0.1894191,-0.1676476,-0.5955458,0.03525411,SelectionStart
119.9337,24,2,3,0,0.894556,0.9570541,0.2311722,37.82049,33.45888,47.73169,0.9054943,0.9143131,0.1894191,-0.1676476,-0.5955458,0.03525411,SelectionEnd
119.9374,24,2,3,0,0.894556,0.9570541,0.2311722,37.82049,33.45888,47.73169,0.9054943,0.9143131,0.1894191,-0.1676476,-0.5955458,0.03525411,GotSelection
119.9482,24,2,3,0,0.8946809,0.956574,0.2315628,37.84701,33.22322,47.5925,0.9097079,0.9178253,0.1896989,-0.1099905,-0.5910694,0.02674519,SelectionStart
119.9482,24,2,3,0,0.8946809,0.956574,0.2315628,37.84701,33.22322,47.5925,0.9097079,0.9178253,0.1896989,-0.1099905,-0.5910694,0.02674519,SelectionEnd
119.9517,24,2,3,0,0.8946809,0.956574,0.2315628,37.84701,33.22322,47.5925,0.9097079,0.9178253,0.1896989,-0.1099905,-0.5910694,0.02674519,GotSelection
119.9628,24,2,3,0,0.8946052,0.956252,0.2319636,37.84585,33.04947,47.50189,0.9138907,0.9215397,0.1897986,-0.05085346,-0.5884492,0.01728026,SelectionStart
119.9629,24,2,3,0,0.8946052,0.956252,0.2319636,37.84585,33.04947,47.50189,0.9138907,0.9215397,0.1897986,-0.05085346,-0.5884492,0.01728026,SelectionEnd
119.9662,24,2,3,0,0.8946052,0.956252,0.2319636,37.84585,33.04947,47.50189,0.9138907,0.9215397,0.1897986,-0.05085346,-0.5884492,0.01728026,GotSelection
119.9787,24,2,3,0,0.8944497,0.9559889,0.2324855,37.84659,32.86964,47.41101,0.917827,0.9252506,0.1895914,0.006415685,-0.5887692,0.004379306,SelectionStart
119.9787,24,2,3,0,0.8944497,0.9559889,0.2324855,37.84659,32.86964,47.41101,0.917827,0.9252506,0.1895914,0.006415685,-0.5887692,0.004379306,SelectionEnd
119.982,24,2,3,0,0.8944497,0.9559889,0.2324855,37.84659,32.86964,47.41101,0.917827,0.9252506,0.1895914,0.006415685,-0.5887692,0.004379306,GotSelection
119.9913,24,2,3,0,0.8944322,0.9558086,0.2328351,37.85752,32.739,47.37124,0.9207396,0.9277285,0.189233,0.04598959,-0.591458,-0.005009237,SelectionStart
119.9913,24,2,3,0,0.8944322,0.9558086,0.2328351,37.85752,32.739,47.37124,0.9207396,0.9277285,0.189233,0.04598959,-0.591458,-0.005009237,SelectionEnd
119.9947,24,2,3,0,0.8944322,0.9558086,0.2328351,37.85752,32.739,47.37124,0.9207396,0.9277285,0.189233,0.04598959,-0.591458,-0.005009237,GotSelection
120.0357,24,2,3,0,0.8942093,0.9550433,0.2339948,37.98842,32.58549,47.42092,0.9253526,0.9319501,0.1887546,0.1138889,-0.5964767,-0.0266265,SelectionStart
120.0357,24,2,3,0,0.8942093,0.9550433,0.2339948,37.98842,32.58549,47.42092,0.9253526,0.9319501,0.1887546,0.1138889,-0.5964767,-0.0266265,SelectionEnd
120.0392,24,2,3,0,0.8942093,0.9550433,0.2339948,37.98842,32.58549,47.42092,0.9253526,0.9319501,0.1887546,0.1138889,-0.5964767,-0.0266265,GotSelection
120.0488,24,2,3,0,0.8945568,0.9534627,0.235796,38.32381,32.33709,47.40979,0.9303578,0.9366297,0.1888642,0.187481,-0.5946954,-0.05761073,SelectionStart
120.0488,24,2,3,0,0.8945568,0.9534627,0.235796,38.32381,32.33709,47.40979,0.9303578,0.9366297,0.1888642,0.187481,-0.5946954,-0.05761073,SelectionEnd
120.052,24,2,3,0,0.8945568,0.9534627,0.235796,38.32381,32.33709,47.40979,0.9303578,0.9366297,0.1888642,0.187481,-0.5946954,-0.05761073,GotSelection
120.0617,24,2,3,0,0.8950219,0.952787,0.2360538,38.42254,32.16864,47.23627,0.9317782,0.9376202,0.1892828,0.2058188,-0.5880356,-0.06386615,SelectionStart
120.0617,24,2,3,0,0.8950219,0.952787,0.2360538,38.42254,32.16864,47.23627,0.9317782,0.9376202,0.1892828,0.2058188,-0.5880356,-0.06386615,SelectionEnd
120.0651,24,2,3,0,0.8950219,0.952787,0.2360538,38.42254,32.16864,47.23627,0.9317782,0.9376202,0.1892828,0.2058188,-0.5880356,-0.06386615,GotSelection
120.0743,24,2,3,0,0.8955352,0.9520757,0.2362886,38.51845,31.95809,47.02876,0.933068,0.9384487,0.1896676,0.2219234,-0.5813158,-0.0705785,SelectionStart
120.0743,24,2,3,0,0.8955352,0.9520757,0.2362886,38.51845,31.95809,47.02876,0.933068,0.9384487,0.1896676,0.2219234,-0.5813158,-0.0705785,SelectionEnd
120.0775,24,2,3,0,0.8955352,0.9520757,0.2362886,38.51845,31.95809,47.02876,0.933068,0.9384487,0.1896676,0.2219234,-0.5813158,-0.0705785,GotSelection
120.0876,24,2,3,0,0.8960148,0.9516652,0.2363032,38.55685,31.73283,46.79326,0.9344275,0.9391899,0.190198,0.2369112,-0.5741507,-0.07232581,SelectionStart
120.0876,24,2,3,0,0.8960148,0.9516652,0.2363032,38.55685,31.73283,46.79326,0.9344275,0.9391899,0.190198,0.2369112,-0.5741507,-0.07232581,SelectionEnd
120.0911,24,2,3,0,0.8960148,0.9516652,0.2363032,38.55685,31.73283,46.79326,0.9344275,0.9391899,0.190198,0.2369112,-0.5741507,-0.07232581,GotSelection
120.1051,24,2,3,0,0.8965958,0.951176,0.235954,38.48801,31.36622,46.4057,0.9358585,0.9402049,0.1910519,0.2544722,-0.5591794,-0.07330957,SelectionStart
120.1052,24,2,3,0,0.8965958,0.951176,0.235954,38.48801,31.36622,46.4057,0.9358585,0.9402049,0.1910519,0.2544722,-0.5591794,-0.07330957,SelectionEnd
120.114,24,2,3,0,0.8965958,0.951176,0.235954,38.48801,31.36622,46.4057,0.9358585,0.9402049,0.1910519,0.2544722,-0.5591794,-0.07330957,GotSelection
120.131,24,2,3,0,0.8975798,0.9505749,0.2348629,38.16541,30.51674,45.52978,0.9393708,0.941317,0.1931999,0.289507,-0.5329325,-0.05931301,SelectionStart
120.131,24,2,3,0,0.8975798,0.9505749,0.2348629,38.16541,30.51674,45.52978,0.9393708,0.941317,0.1931999,0.289507,-0.5329325,-0.05931301,SelectionEnd
120.1344,24,2,3,0,0.8975798,0.9505749,0.2348629,38.16541,30.51674,45.52978,0.9393708,0.941317,0.1931999,0.289507,-0.5329325,-0.05931301,GotSelection
120.1442,24,2,3,0,0.8979446,0.9503664,0.2344705,38.0385,30.0787,45.13654,0.9404934,0.9416281,0.1939856,0.3001517,-0.5232758,-0.05521308,SelectionStart
120.1442,24,2,3,0,0.8979446,0.9503664,0.2344705,38.0385,30.0787,45.13654,0.9404934,0.9416281,0.1939856,0.3001517,-0.5232758,-0.05521308,SelectionEnd
120.1477,24,2,3,0,0.8979446,0.9503664,0.2344705,38.0385,30.0787,45.13654,0.9404934,0.9416281,0.1939856,0.3001517,-0.5232758,-0.05521308,GotSelection
120.1571,24,2,3,0,0.8984066,0.9499081,0.2342125,37.94362,29.57793,44.70712,0.9418972,0.9418331,0.1947077,0.3130417,-0.5150351,-0.05304573,SelectionStart
120.1571,24,2,3,0,0.8984066,0.9499081,0.2342125,37.94362,29.57793,44.70712,0.9418972,0.9418331,0.1947077,0.3130417,-0.5150351,-0.05304573,SelectionEnd
120.1604,24,2,3,0,0.8984066,0.9499081,0.2342125,37.94362,29.57793,44.70712,0.9418972,0.9418331,0.1947077,0.3130417,-0.5150351,-0.05304573,GotSelection
120.1708,24,2,3,0,0.8988869,0.9495762,0.2338211,37.7846,28.99022,44.18475,0.9433088,0.9426711,0.1955338,0.3291029,-0.5017606,-0.05327285,SelectionStart
120.1708,24,2,3,0,0.8988869,0.9495762,0.2338211,37.7846,28.99022,44.18475,0.9433088,0.9426711,0.1955338,0.3291029,-0.5017606,-0.05327285,SelectionEnd
120.1742,24,2,3,0,0.8988869,0.9495762,0.2338211,37.7846,28.99022,44.18475,0.9433088,0.9426711,0.1955338,0.3291029,-0.5017606,-0.05327285,GotSelection
120.1859,24,2,3,0,0.8994418,0.9492984,0.2331634,37.60179,28.40746,43.62031,0.9450536,0.9435816,0.1961963,0.3478563,-0.4883308,-0.0518393,SelectionStart
120.1859,24,2,3,0,0.8994418,0.9492984,0.2331634,37.60179,28.40746,43.62031,0.9450536,0.9435816,0.1961963,0.3478563,-0.4883308,-0.0518393,SelectionEnd
120.1893,24,2,3,0,0.8994418,0.9492984,0.2331634,37.60179,28.40746,43.62031,0.9450536,0.9435816,0.1961963,0.3478563,-0.4883308,-0.0518393,GotSelection
120.199,24,2,3,0,0.9000537,0.9488732,0.2325994,37.43523,27.91113,43.09819,0.9463532,0.9444264,0.1965144,0.362712,-0.4754819,-0.05516941,SelectionStart
120.199,24,2,3,0,0.9000537,0.9488732,0.2325994,37.43523,27.91113,43.09819,0.9463532,0.9444264,0.1965144,0.362712,-0.4754819,-0.05516941,SelectionEnd
120.2024,24,2,3,0,0.9000537,0.9488732,0.2325994,37.43523,27.91113,43.09819,0.9463532,0.9444264,0.1965144,0.362712,-0.4754819,-0.05516941,GotSelection
120.2422,24,2,3,0,0.9021729,0.9475727,0.2313778,36.84587,26.07294,41.27831,0.950582,0.9474948,0.197618,0.4102001,-0.4345933,-0.07338946,SelectionStart
120.2423,24,2,3,0,0.9021729,0.9475727,0.2313778,36.84587,26.07294,41.27831,0.950582,0.9474948,0.197618,0.4102001,-0.4345933,-0.07338946,SelectionEnd
120.2459,24,2,3,0,0.9021729,0.9475727,0.2313778,36.84587,26.07294,41.27831,0.950582,0.9474948,0.197618,0.4102001,-0.4345933,-0.07338946,GotSelection
120.2549,24,2,3,0,0.9024741,0.9474499,0.2310138,36.6943,25.76585,40.96506,0.9514964,0.9486626,0.1979012,0.4234706,-0.423236,-0.07701205,SelectionStart
120.2549,24,2,3,0,0.9024741,0.9474499,0.2310138,36.6943,25.76585,40.96506,0.9514964,0.9486626,0.1979012,0.4234706,-0.423236,-0.07701205,SelectionEnd
120.2582,24,2,3,0,0.9024741,0.9474499,0.2310138,36.6943,25.76585,40.96506,0.9514964,0.9486626,0.1979012,0.4234706,-0.423236,-0.07701205,GotSelection
120.2687,24,2,3,0,0.9029288,0.9472292,0.2304836,36.50724,25.31656,40.50465,0.9530635,0.9500655,0.1982251,0.4432146,-0.4096531,-0.08053408,SelectionStart
120.2687,24,2,3,0,0.9029288,0.9472292,0.2304836,36.50724,25.31656,40.50465,0.9530635,0.9500655,0.1982251,0.4432146,-0.4096531,-0.08053408,SelectionEnd
120.2722,24,2,3,0,0.9029288,0.9472292,0.2304836,36.50724,25.31656,40.50465,0.9530635,0.9500655,0.1982251,0.4432146,-0.4096531,-0.08053408,GotSelection
120.2815,24,2,3,0,0.9032155,0.9470813,0.2302469,36.41544,25.08663,40.26641,0.9543259,0.9513837,0.1983567,0.4601919,-0.4007564,-0.08526242,SelectionStart
120.2815,24,2,3,0,0.9032155,0.9470813,0.2302469,36.41544,25.08663,40.26641,0.9543259,0.9513837,0.1983567,0.4601919,-0.4007564,-0.08526242,SelectionEnd
120.285,24,2,3,0,0.9032155,0.9470813,0.2302469,36.41544,25.08663,40.26641,0.9543259,0.9513837,0.1983567,0.4601919,-0.4007564,-0.08526242,GotSelection
120.2945,24,2,3,0,0.9036343,0.9468776,0.2300786,36.3022,24.77397,39.95406,0.9557264,0.9528874,0.1985262,0.4785622,-0.3901864,-0.09237002,SelectionStart
120.2945,24,2,3,0,0.9036343,0.9468776,0.2300786,36.3022,24.77397,39.95406,0.9557264,0.9528874,0.1985262,0.4785622,-0.3901864,-0.09237002,SelectionEnd
120.2978,24,2,3,0,0.9036343,0.9468776,0.2300786,36.3022,24.77397,39.95406,0.9557264,0.9528874,0.1985262,0.4785622,-0.3901864,-0.09237002,GotSelection
120.3079,24,2,3,0,0.9040784,0.9466351,0.2298064,36.21907,24.51614,39.68865,0.9574883,0.9546533,0.1989205,0.5013944,-0.3768604,-0.09721428,SelectionStart
120.308,24,2,3,0,0.9040784,0.9466351,0.2298064,36.21907,24.51614,39.68865,0.9574883,0.9546533,0.1989205,0.5013944,-0.3768604,-0.09721428,SelectionEnd
120.3112,24,2,3,0,0.9040784,0.9466351,0.2298064,36.21907,24.51614,39.68865,0.9574883,0.9546533,0.1989205,0.5013944,-0.3768604,-0.09721428,GotSelection
120.3204,24,2,3,0,0.9044544,0.9461901,0.2296365,36.15632,24.26687,39.41312,0.9588386,0.95604,0.1991393,0.5202454,-0.3649862,-0.1041892,SelectionStart
120.3204,24,2,3,0,0.9044544,0.9461901,0.2296365,36.15632,24.26687,39.41312,0.9588386,0.95604,0.1991393,0.5202454,-0.3649862,-0.1041892,SelectionEnd
120.3237,24,2,3,0,0.9044544,0.9461901,0.2296365,36.15632,24.26687,39.41312,0.9588386,0.95604,0.1991393,0.5202454,-0.3649862,-0.1041892,GotSelection
120.3353,24,2,3,0,0.9050013,0.9456875,0.2293794,36.05322,23.93489,39.05836,0.9607462,0.9580659,0.1993259,0.5461818,-0.349259,-0.1143534,SelectionStart
120.3353,24,2,3,0,0.9050013,0.9456875,0.2293794,36.05322,23.93489,39.05836,0.9607462,0.9580659,0.1993259,0.5461818,-0.349259,-0.1143534,SelectionEnd
120.3387,24,2,3,0,0.9050013,0.9456875,0.2293794,36.05322,23.93489,39.05836,0.9607462,0.9580659,0.1993259,0.5461818,-0.349259,-0.1143534,GotSelection
120.349,24,2,3,0,0.9054272,0.9454429,0.2291473,35.97527,23.68626,38.80326,0.9620034,0.9594388,0.1994945,0.5624017,-0.3380017,-0.1204227,SelectionStart
120.349,24,2,3,0,0.9054272,0.9454429,0.2291473,35.97527,23.68626,38.80326,0.9620034,0.9594388,0.1994945,0.5624017,-0.3380017,-0.1204227,SelectionEnd
120.3523,24,2,3,0,0.9054272,0.9454429,0.2291473,35.97527,23.68626,38.80326,0.9620034,0.9594388,0.1994945,0.5624017,-0.3380017,-0.1204227,GotSelection
120.3617,24,2,3,0,0.9059811,0.9449657,0.228985,35.8882,23.35036,38.4794,0.963675,0.9613366,0.1996536,0.5849496,-0.3231331,-0.1314775,SelectionStart
120.3617,24,2,3,0,0.9059811,0.9449657,0.228985,35.8882,23.35036,38.4794,0.963675,0.9613366,0.1996536,0.5849496,-0.3231331,-0.1314775,SelectionEnd
120.3652,24,2,3,0,0.9059811,0.9449657,0.228985,35.8882,23.35036,38.4794,0.963675,0.9613366,0.1996536,0.5849496,-0.3231331,-0.1314775,GotSelection
120.3756,24,2,3,0,0.9063864,0.944597,0.2287977,35.82441,23.13402,38.25006,0.9647908,0.9627091,0.1996896,0.6005403,-0.3117083,-0.1397597,SelectionStart
120.3756,24,2,3,0,0.9063864,0.944597,0.2287977,35.82441,23.13402,38.25006,0.9647908,0.9627091,0.1996896,0.6005403,-0.3117083,-0.1397597,SelectionEnd
120.3789,24,2,3,0,0.9063864,0.944597,0.2287977,35.82441,23.13402,38.25006,0.9647908,0.9627091,0.1996896,0.6005403,-0.3117083,-0.1397597,GotSelection
120.418,24,2,3,0,0.9075292,0.9436557,0.2280212,35.71088,22.85083,37.76817,0.9690174,0.9679518,0.199581,0.6607903,-0.274927,-0.163981,SelectionStart
120.418,24,2,3,0,0.9075292,0.9436557,0.2280212,35.71088,22.85083,37.76817,0.9690174,0.9679518,0.199581,0.6607903,-0.274927,-0.163981,SelectionEnd
120.4215,24,2,3,0,0.9075292,0.9436557,0.2280212,35.71088,22.85083,37.76817,0.9690174,0.9679518,0.199581,0.6607903,-0.274927,-0.163981,GotSelection
120.4312,24,2,3,0,0.9075918,0.9435256,0.227971,35.68575,22.83221,37.74796,0.9698621,0.9693333,0.1995425,0.6754365,-0.2678269,-0.1704732,SelectionStart
120.4312,24,2,3,0,0.9075918,0.9435256,0.227971,35.68575,22.83221,37.74796,0.9698621,0.9693333,0.1995425,0.6754365,-0.2678269,-0.1704732,SelectionEnd
120.4346,24,2,3,0,0.9075918,0.9435256,0.227971,35.68575,22.83221,37.74796,0.9698621,0.9693333,0.1995425,0.6754365,-0.2678269,-0.1704732,GotSelection
120.4457,24,2,3,0,0.9078431,0.9432454,0.2278967,35.68922,22.79383,37.67812,0.9708622,0.9709226,0.1995804,0.6917005,-0.2571395,-0.1787309,SelectionStart
120.4458,24,2,3,0,0.9078431,0.9432454,0.2278967,35.68922,22.79383,37.67812,0.9708622,0.9709226,0.1995804,0.6917005,-0.2571395,-0.1787309,SelectionEnd
120.449,24,2,3,0,0.9078431,0.9432454,0.2278967,35.68922,22.79383,37.67812,0.9708622,0.9709226,0.1995804,0.6917005,-0.2571395,-0.1787309,GotSelection
120.4609,24,2,3,0,0.9082706,0.9427381,0.2280219,35.77285,22.72333,37.5583,0.9718336,0.9724032,0.199598,0.706578,-0.2460975,-0.190691,SelectionStart
120.4609,24,2,3,0,0.9082706,0.9427381,0.2280219,35.77285,22.72333,37.5583,0.9718336,0.9724032,0.199598,0.706578,-0.2460975,-0.190691,SelectionEnd
120.4646,24,2,3,0,0.9082706,0.9427381,0.2280219,35.77285,22.72333,37.5583,0.9718336,0.9724032,0.199598,0.706578,-0.2460975,-0.190691,GotSelection
120.4737,24,2,3,0,0.9085623,0.9423609,0.2281171,35.81348,22.67854,37.4887,0.9725326,0.9734474,0.1995936,0.7173313,-0.2385287,-0.1992555,SelectionStart
120.4737,24,2,3,0,0.9085623,0.9423609,0.2281171,35.81348,22.67854,37.4887,0.9725326,0.9734474,0.1995936,0.7173313,-0.2385287,-0.1992555,SelectionEnd
120.4769,24,2,3,0,0.9085623,0.9423609,0.2281171,35.81348,22.67854,37.4887,0.9725326,0.9734474,0.1995936,0.7173313,-0.2385287,-0.1992555,GotSelection
120.487,24,2,3,0,0.9085988,0.9424109,0.2281676,35.80939,22.66848,37.49221,0.9737862,0.9749696,0.199418,0.7354341,-0.235235,-0.2059721,SelectionStart
120.4871,24,2,3,0,0.9085988,0.9424109,0.2281676,35.80939,22.66848,37.49221,0.9737862,0.9749696,0.199418,0.7354341,-0.235235,-0.2059721,SelectionEnd
120.4903,24,2,3,0,0.9085988,0.9424109,0.2281676,35.80939,22.66848,37.49221,0.9737862,0.9749696,0.199418,0.7354341,-0.235235,-0.2059721,GotSelection
120.501,24,2,3,0,0.9084445,0.9425271,0.2281046,35.76674,22.71681,37.56735,0.9747945,0.9760067,0.1992063,0.7503633,-0.2353127,-0.2081909,SelectionStart
120.5011,24,2,3,0,0.9084445,0.9425271,0.2281046,35.76674,22.71681,37.56735,0.9747945,0.9760067,0.1992063,0.7503633,-0.2353127,-0.2081909,SelectionEnd
120.5052,24,2,3,0,0.9084445,0.9425271,0.2281046,35.76674,22.71681,37.56735,0.9747945,0.9760067,0.1992063,0.7503633,-0.2353127,-0.2081909,GotSelection
120.5152,24,2,3,0,0.9083827,0.9424627,0.228159,35.78154,22.77828,37.64717,0.9760546,0.9773371,0.1990565,0.7690073,-0.2334596,-0.2132601,SelectionStart
120.5152,24,2,3,0,0.9083827,0.9424627,0.228159,35.78154,22.77828,37.64717,0.9760546,0.9773371,0.1990565,0.7690073,-0.2334596,-0.2132601,SelectionEnd
120.5185,24,2,3,0,0.9083827,0.9424627,0.228159,35.78154,22.77828,37.64717,0.9760546,0.9773371,0.1990565,0.7690073,-0.2334596,-0.2132601,GotSelection
120.5284,24,2,3,0,0.9084095,0.9423191,0.2281845,35.81993,22.81756,37.67044,0.9771291,0.9780782,0.1989527,0.7827365,-0.2328324,-0.2159408,SelectionStart
120.5285,24,2,3,0,0.9084095,0.9423191,0.2281845,35.81993,22.81756,37.67044,0.9771291,0.9780782,0.1989527,0.7827365,-0.2328324,-0.2159408,SelectionEnd
120.5324,24,2,3,0,0.9084095,0.9423191,0.2281845,35.81993,22.81756,37.67044,0.9771291,0.9780782,0.1989527,0.7827365,-0.2328324,-0.2159408,GotSelection
120.5423,24,2,3,0,0.9084497,0.9421909,0.2282309,35.84256,22.83744,37.69014,0.9784033,0.978997,0.198976,0.7989181,-0.2311817,-0.2183128,SelectionStart
120.5423,24,2,3,0,0.9084497,0.9421909,0.2282309,35.84256,22.83744,37.69014,0.9784033,0.978997,0.198976,0.7989181,-0.2311817,-0.2183128,SelectionEnd
120.5456,24,2,3,0,0.9084497,0.9421909,0.2282309,35.84256,22.83744,37.69014,0.9784033,0.978997,0.198976,0.7989181,-0.2311817,-0.2183128,GotSelection
120.5555,24,2,3,0,0.9085172,0.9420124,0.2282955,35.85019,22.7881,37.64622,0.9791679,0.9795288,0.1988478,0.8085592,-0.2302848,-0.2223744,SelectionStart
120.5555,24,2,3,0,0.9085172,0.9420124,0.2282955,35.85019,22.7881,37.64622,0.9791679,0.9795288,0.1988478,0.8085592,-0.2302848,-0.2223744,SelectionEnd
120.5589,24,2,3,0,0.9085172,0.9420124,0.2282955,35.85019,22.7881,37.64622,0.9791679,0.9795288,0.1988478,0.8085592,-0.2302848,-0.2223744,GotSelection
120.5995,24,2,3,0,0.9088181,0.9415592,0.2283988,35.83543,22.54529,37.38541,0.9829699,0.9816263,0.198648,0.8522745,-0.227042,-0.2314247,SelectionStart
120.5995,24,2,3,0,0.9088181,0.9415592,0.2283988,35.83543,22.54529,37.38541,0.9829699,0.9816263,0.198648,0.8522745,-0.227042,-0.2314247,SelectionEnd
120.603,24,2,3,0,0.9088181,0.9415592,0.2283988,35.83543,22.54529,37.38541,0.9829699,0.9816263,0.198648,0.8522745,-0.227042,-0.2314247,GotSelection
120.6122,24,2,3,0,0.9088138,0.9415966,0.2283745,35.81935,22.51581,37.34988,0.983981,0.9821168,0.1985244,0.863575,-0.228311,-0.2319172,SelectionStart
120.6122,24,2,3,0,0.9088138,0.9415966,0.2283745,35.81935,22.51581,37.34988,0.983981,0.9821168,0.1985244,0.863575,-0.228311,-0.2319172,SelectionEnd
120.6156,24,2,3,0,0.9088138,0.9415966,0.2283745,35.81935,22.51581,37.34988,0.983981,0.9821168,0.1985244,0.863575,-0.228311,-0.2319172,GotSelection
120.6275,24,2,3,0,0.9088736,0.9414434,0.2286038,35.8234,22.44843,37.31494,0.9843794,0.9823815,0.1982673,0.8683524,-0.2301133,-0.2378726,SelectionStart
120.6275,24,2,3,0,0.9088736,0.9414434,0.2286038,35.8234,22.44843,37.31494,0.9843794,0.9823815,0.1982673,0.8683524,-0.2301133,-0.2378726,SelectionEnd
120.6309,24,2,3,0,0.9088736,0.9414434,0.2286038,35.8234,22.44843,37.31494,0.9843794,0.9823815,0.1982673,0.8683524,-0.2301133,-0.2378726,GotSelection
120.6395,24,2,3,0,0.9089342,0.9412848,0.2287085,35.81885,22.38524,37.26722,0.9845607,0.9826017,0.1980555,0.8711286,-0.2299186,-0.24289,SelectionStart
120.6395,24,2,3,0,0.9089342,0.9412848,0.2287085,35.81885,22.38524,37.26722,0.9845607,0.9826017,0.1980555,0.8711286,-0.2299186,-0.24289,SelectionEnd
120.6428,24,2,3,0,0.9089342,0.9412848,0.2287085,35.81885,22.38524,37.26722,0.9845607,0.9826017,0.1980555,0.8711286,-0.2299186,-0.24289,GotSelection
120.6537,24,2,3,0,0.9091391,0.9409682,0.2286875,35.82939,22.33095,37.19621,0.9842164,0.9826404,0.1976893,0.8679183,-0.2270906,-0.250082,SelectionStart
120.6537,24,2,3,0,0.9091391,0.9409682,0.2286875,35.82939,22.33095,37.19621,0.9842164,0.9826404,0.1976893,0.8679183,-0.2270906,-0.250082,SelectionEnd
120.657,24,2,3,0,0.9091391,0.9409682,0.2286875,35.82939,22.33095,37.19621,0.9842164,0.9826404,0.1976893,0.8679183,-0.2270906,-0.250082,GotSelection
120.6682,24,2,3,0,0.9094588,0.9406223,0.2287081,35.85329,22.28082,37.12445,0.9837836,0.9827647,0.197151,0.8633935,-0.2241656,-0.2602571,SelectionStart
120.6682,24,2,3,0,0.9094588,0.9406223,0.2287081,35.85329,22.28082,37.12445,0.9837836,0.9827647,0.197151,0.8633935,-0.2241656,-0.2602571,SelectionEnd
120.6727,24,2,3,0,0.9094588,0.9406223,0.2287081,35.85329,22.28082,37.12445,0.9837836,0.9827647,0.197151,0.8633935,-0.2241656,-0.2602571,GotSelection
120.6833,24,2,3,0,0.9096377,0.9401961,0.2289139,35.90203,22.25697,37.05445,0.9829637,0.9831211,0.1964474,0.8581859,-0.220543,-0.2755901,SelectionStart
120.6833,24,2,3,0,0.9096377,0.9401961,0.2289139,35.90203,22.25697,37.05445,0.9829637,0.9831211,0.1964474,0.8581859,-0.220543,-0.2755901,SelectionEnd
120.6865,24,2,3,0,0.9096377,0.9401961,0.2289139,35.90203,22.25697,37.05445,0.9829637,0.9831211,0.1964474,0.8581859,-0.220543,-0.2755901,GotSelection
120.6954,24,2,3,0,0.9098258,0.9398968,0.2289477,35.92727,22.24519,37.00952,0.982249,0.9836072,0.1955493,0.8538553,-0.2176531,-0.290527,SelectionStart
120.6955,24,2,3,0,0.9098258,0.9398968,0.2289477,35.92727,22.24519,37.00952,0.982249,0.9836072,0.1955493,0.8538553,-0.2176531,-0.290527,SelectionEnd
120.6991,24,2,3,0,0.9098258,0.9398968,0.2289477,35.92727,22.24519,37.00952,0.982249,0.9836072,0.1955493,0.8538553,-0.2176531,-0.290527,GotSelection
120.7112,24,2,3,0,0.9100822,0.939678,0.2290565,35.9491,22.23943,36.97238,0.9815385,0.9842209,0.1946878,0.8491785,-0.2145416,-0.3061478,SelectionStart
120.7112,24,2,3,0,0.9100822,0.939678,0.2290565,35.9491,22.23943,36.97238,0.9815385,0.9842209,0.1946878,0.8491785,-0.2145416,-0.3061478,SelectionEnd
120.7146,24,2,3,0,0.9100822,0.939678,0.2290565,35.9491,22.23943,36.97238,0.9815385,0.9842209,0.1946878,0.8491785,-0.2145416,-0.3061478,GotSelection
120.7236,24,2,3,0,0.9100878,0.939562,0.2292117,35.99144,22.25234,36.9913,0.9810415,0.9850288,0.1941207,0.8489733,-0.2117686,-0.3188803,SelectionStart
120.7236,24,2,3,0,0.9100878,0.939562,0.2292117,35.99144,22.25234,36.9913,0.9810415,0.9850288,0.1941207,0.8489733,-0.2117686,-0.3188803,SelectionEnd
120.727,24,2,3,0,0.9100878,0.939562,0.2292117,35.99144,22.25234,36.9913,0.9810415,0.9850288,0.1941207,0.8489733,-0.2117686,-0.3188803,GotSelection
120.7367,24,2,3,0,0.9102703,0.9391806,0.2294046,36.0518,22.24015,36.97159,0.9800889,0.9857865,0.1935895,0.8441241,-0.2048235,-0.3352894,SelectionStart
120.7368,24,2,3,0,0.9102703,0.9391806,0.2294046,36.0518,22.24015,36.97159,0.9800889,0.9857865,0.1935895,0.8441241,-0.2048235,-0.3352894,SelectionEnd
120.74,24,2,3,0,0.9102703,0.9391806,0.2294046,36.0518,22.24015,36.97159,0.9800889,0.9857865,0.1935895,0.8441241,-0.2048235,-0.3352894,GotSelection
120.7812,24,2,3,0,0.9107599,0.9381207,0.229579,36.15832,22.18163,36.89121,0.9788094,0.9873055,0.192656,0.8403677,-0.1881759,-0.3660604,SelectionStart
120.7812,24,2,3,0,0.9107599,0.9381207,0.229579,36.15832,22.18163,36.89121,0.9788094,0.9873055,0.192656,0.8403677,-0.1881759,-0.3660604,SelectionEnd
120.7845,24,2,3,0,0.9107599,0.9381207,0.229579,36.15832,22.18163,36.89121,0.9788094,0.9873055,0.192656,0.8403677,-0.1881759,-0.3660604,GotSelection
120.7964,24,2,3,0,0.9111785,0.9374623,0.2295014,36.27289,22.35152,36.94046,0.9781219,0.9902759,0.1911728,0.8485093,-0.1699847,-0.4009448,SelectionStart
120.7965,24,2,3,0,0.9111785,0.9374623,0.2295014,36.27289,22.35152,36.94046,0.9781219,0.9902759,0.1911728,0.8485093,-0.1699847,-0.4009448,SelectionEnd
120.8,24,2,3,0,0.9111785,0.9374623,0.2295014,36.27289,22.35152,36.94046,0.9781219,0.9902759,0.1911728,0.8485093,-0.1699847,-0.4009448,GotSelection
120.8113,24,2,3,0,0.9113712,0.9375029,0.2295309,36.28086,22.36542,36.97051,0.9781741,0.9918119,0.1906901,0.8544849,-0.1635157,-0.4142069,SelectionStart
120.8113,24,2,3,0,0.9113712,0.9375029,0.2295309,36.28086,22.36542,36.97051,0.9781741,0.9918119,0.1906901,0.8544849,-0.1635157,-0.4142069,SelectionEnd
120.8146,24,2,3,0,0.9113712,0.9375029,0.2295309,36.28086,22.36542,36.97051,0.9781741,0.9918119,0.1906901,0.8544849,-0.1635157,-0.4142069,GotSelection
120.8245,24,2,3,0,0.9114265,0.9374015,0.2295688,36.30362,22.35006,36.9471,0.9781906,0.9929177,0.190433,0.8598995,-0.1573039,-0.4241849,SelectionStart
120.8245,24,2,3,0,0.9114265,0.9374015,0.2295688,36.30362,22.35006,36.9471,0.9781906,0.9929177,0.190433,0.8598995,-0.1573039,-0.4241849,SelectionEnd
120.8278,24,2,3,0,0.9114265,0.9374015,0.2295688,36.30362,22.35006,36.9471,0.9781906,0.9929177,0.190433,0.8598995,-0.1573039,-0.4241849,GotSelection
120.8373,24,2,3,0,0.9116186,0.9372513,0.2293996,36.32911,22.36143,36.90416,0.9783666,0.9941429,0.1904074,0.8666562,-0.1466712,-0.4315045,SelectionStart
120.8374,24,2,3,0,0.9116186,0.9372513,0.2293996,36.32911,22.36143,36.90416,0.9783666,0.9941429,0.1904074,0.8666562,-0.1466712,-0.4315045,SelectionEnd
120.8406,24,2,3,0,0.9116186,0.9372513,0.2293996,36.32911,22.36143,36.90416,0.9783666,0.9941429,0.1904074,0.8666562,-0.1466712,-0.4315045,GotSelection
120.8534,24,2,3,0,0.9117857,0.9370475,0.2292042,36.34991,22.39991,36.88391,0.9787869,0.9960471,0.1903068,0.8795381,-0.1327541,-0.4424624,SelectionStart
120.8534,24,2,3,0,0.9117857,0.9370475,0.2292042,36.34991,22.39991,36.88391,0.9787869,0.9960471,0.1903068,0.8795381,-0.1327541,-0.4424624,SelectionEnd
120.8567,24,2,3,0,0.9117857,0.9370475,0.2292042,36.34991,22.39991,36.88391,0.9787869,0.9960471,0.1903068,0.8795381,-0.1327541,-0.4424624,GotSelection
120.8669,24,2,3,0,0.9118204,0.9370883,0.2290181,36.35078,22.41531,36.88604,0.979284,0.9972634,0.1902727,0.8895905,-0.1257132,-0.446804,SelectionStart
120.8669,24,2,3,0,0.9118204,0.9370883,0.2290181,36.35078,22.41531,36.88604,0.979284,0.9972634,0.1902727,0.8895905,-0.1257132,-0.446804,SelectionEnd
120.8702,24,2,3,0,0.9118204,0.9370883,0.2290181,36.35078,22.41531,36.88604,0.979284,0.9972634,0.1902727,0.8895905,-0.1257132,-0.446804,GotSelection
120.8798,24,2,3,0,0.911746,0.9374195,0.2289018,36.31532,22.42995,36.92213,0.9797084,0.998408,0.1903265,0.8982787,-0.1213783,-0.4484306,SelectionStart
120.8798,24,2,3,0,0.911746,0.9374195,0.2289018,36.31532,22.42995,36.92213,0.9797084,0.998408,0.1903265,0.8982787,-0.1213783,-0.4484306,SelectionEnd
120.8839,24,2,3,0,0.911746,0.9374195,0.2289018,36.31532,22.42995,36.92213,0.9797084,0.998408,0.1903265,0.8982787,-0.1213783,-0.4484306,GotSelection
120.895,24,2,3,0,0.9118402,0.9375159,0.2285915,36.28436,22.44797,36.8992,0.9802235,0.9998927,0.1903717,0.909281,-0.1107849,-0.4523498,SelectionStart
120.895,24,2,3,0,0.9118402,0.9375159,0.2285915,36.28436,22.44797,36.8992,0.9802235,0.9998927,0.1903717,0.909281,-0.1107849,-0.4523498,SelectionEnd
120.8987,24,2,3,0,0.9118402,0.9375159,0.2285915,36.28436,22.44797,36.8992,0.9802235,0.9998927,0.1903717,0.909281,-0.1107849,-0.4523498,GotSelection
120.9092,24,2,3,0,0.9123279,0.9374014,0.2279845,36.26048,22.48491,36.82642,0.9805943,1.001262,0.1904594,0.9161891,-0.09433047,-0.4557885,SelectionStart
120.9092,24,2,3,0,0.9123279,0.9374014,0.2279845,36.26048,22.48491,36.82642,0.9805943,1.001262,0.1904594,0.9161891,-0.09433047,-0.4557885,SelectionEnd
120.9127,24,2,3,0,0.9123279,0.9374014,0.2279845,36.26048,22.48491,36.82642,0.9805943,1.001262,0.1904594,0.9161891,-0.09433047,-0.4557885,GotSelection
120.9227,24,2,3,0,0.9126006,0.9373677,0.2277871,36.24109,22.4897,36.78419,0.980769,1.002203,0.1906595,0.9203885,-0.08401031,-0.4587367,SelectionStart
120.9228,24,2,3,0,0.9126006,0.9373677,0.2277871,36.24109,22.4897,36.78419,0.980769,1.002203,0.1906595,0.9203885,-0.08401031,-0.4587367,SelectionEnd
120.926,24,2,3,0,0.9126006,0.9373677,0.2277871,36.24109,22.4897,36.78419,0.980769,1.002203,0.1906595,0.9203885,-0.08401031,-0.4587367,GotSelection
120.9367,24,2,3,0,0.9128377,0.9373107,0.2274753,36.22249,22.48706,36.71455,0.9808035,1.00321,0.1910011,0.9241214,-0.0705568,-0.4606943,SelectionStart
120.9367,24,2,3,0,0.9128377,0.9373107,0.2274753,36.22249,22.48706,36.71455,0.9808035,1.00321,0.1910011,0.9241214,-0.0705568,-0.4606943,SelectionEnd
120.94,24,2,3,0,0.9128377,0.9373107,0.2274753,36.22249,22.48706,36.71455,0.9808035,1.00321,0.1910011,0.9241214,-0.0705568,-0.4606943,GotSelection
120.9828,24,2,3,0,0.913167,0.9368962,0.2271122,36.25574,22.48631,36.55585,0.9808266,1.006356,0.1920792,0.939123,-0.03373285,-0.4724786,SelectionStart
120.9828,24,2,3,0,0.913167,0.9368962,0.2271122,36.25574,22.48631,36.55585,0.9808266,1.006356,0.1920792,0.939123,-0.03373285,-0.4724786,SelectionEnd
120.9861,24,2,3,0,0.913167,0.9368962,0.2271122,36.25574,22.48631,36.55585,0.9808266,1.006356,0.1920792,0.939123,-0.03373285,-0.4724786,GotSelection
120.9965,24,2,3,0,0.913232,0.9367459,0.2270841,36.26277,22.488,36.53868,0.9807228,1.007198,0.1922682,0.9424997,-0.02481781,-0.4773956,SelectionStart
120.9966,24,2,3,0,0.913232,0.9367459,0.2270841,36.26277,22.488,36.53868,0.9807228,1.007198,0.1922682,0.9424997,-0.02481781,-0.4773956,SelectionEnd
120.9998,24,2,3,0,0.913232,0.9367459,0.2270841,36.26277,22.488,36.53868,0.9807228,1.007198,0.1922682,0.9424997,-0.02481781,-0.4773956,GotSelection
121.0115,24,2,3,0,0.9132755,0.9366308,0.2270837,36.27916,22.48244,36.54558,0.9802203,1.008544,0.1923476,0.9446669,-0.01282563,-0.4875412,SelectionStart
121.0116,24,2,3,0,0.9132755,0.9366308,0.2270837,36.27916,22.48244,36.54558,0.9802203,1.008544,0.1923476,0.9446669,-0.01282563,-0.4875412,SelectionEnd
121.015,24,2,3,0,0.9132755,0.9366308,0.2270837,36.27916,22.48244,36.54558,0.9802203,1.008544,0.1923476,0.9446669,-0.01282563,-0.4875412,GotSelection
121.0247,24,2,3,0,0.9133847,0.9365485,0.2272122,36.30852,22.48977,36.55416,0.9801076,1.009604,0.1925426,0.9481758,-0.004298165,-0.4948371,SelectionStart
121.0247,24,2,3,0,0.9133847,0.9365485,0.2272122,36.30852,22.48977,36.55416,0.9801076,1.009604,0.1925426,0.9481758,-0.004298165,-0.4948371,SelectionEnd
121.0279,24,2,3,0,0.9133847,0.9365485,0.2272122,36.30852,22.48977,36.55416,0.9801076,1.009604,0.1925426,0.9481758,-0.004298165,-0.4948371,GotSelection
121.0374,24,2,3,0,0.9134966,0.9363844,0.2272137,36.33692,22.51829,36.55629,0.9797546,1.010749,0.1928948,0.9505075,0.008412576,-0.5015263,SelectionStart
121.0375,24,2,3,0,0.9134966,0.9363844,0.2272137,36.33692,22.51829,36.55629,0.9797546,1.010749,0.1928948,0.9505075,0.008412576,-0.5015263,SelectionEnd
121.0409,24,2,3,0,0.9134966,0.9363844,0.2272137,36.33692,22.51829,36.55629,0.9797546,1.010749,0.1928948,0.9505075,0.008412576,-0.5015263,GotSelection
121.0527,24,2,3,0,0.9139498,0.9359595,0.2272062,36.39588,22.51873,36.48895,0.9792857,1.011889,0.1933324,0.9496559,0.02593071,-0.5111059,SelectionStart
121.0527,24,2,3,0,0.9139498,0.9359595,0.2272062,36.39588,22.51873,36.48895,0.9792857,1.011889,0.1933324,0.9496559,0.02593071,-0.5111059,SelectionEnd
121.0561,24,2,3,0,0.9139498,0.9359595,0.2272062,36.39588,22.51873,36.48895,0.9792857,1.011889,0.1933324,0.9496559,0.02593071,-0.5111059,GotSelection
121.0673,24,2,3,0,0.9141712,0.9357654,0.2271655,36.43723,22.54421,36.46511,0.978798,1.012784,0.1937636,0.9486118,0.03922528,-0.5165136,SelectionStart
121.0674,24,2,3,0,0.9141712,0.9357654,0.2271655,36.43723,22.54421,36.46511,0.978798,1.012784,0.1937636,0.9486118,0.03922528,-0.5165136,SelectionEnd
121.071,24,2,3,0,0.9141712,0.9357654,0.2271655,36.43723,22.54421,36.46511,0.978798,1.012784,0.1937636,0.9486118,0.03922528,-0.5165136,GotSelection
121.083,24,2,3,0,0.9143399,0.9357626,0.2269132,36.42944,22.60936,36.48384,0.978283,1.013923,0.1942533,0.9485963,0.0544835,-0.5192093,SelectionStart
121.083,24,2,3,0,0.9143399,0.9357626,0.2269132,36.42944,22.60936,36.48384,0.978283,1.013923,0.1942533,0.9485963,0.0544835,-0.5192093,SelectionEnd
121.0869,24,2,3,0,0.9143399,0.9357626,0.2269132,36.42944,22.60936,36.48384,0.978283,1.013923,0.1942533,0.9485963,0.0544835,-0.5192093,GotSelection
121.0981,24,2,3,0,0.9144778,0.9357662,0.2266673,36.41641,22.65761,36.49867,0.9777191,1.01513,0.1946338,0.9486316,0.0694344,-0.52334,SelectionStart
121.0981,24,2,3,0,0.9144778,0.9357662,0.2266673,36.41641,22.65761,36.49867,0.9777191,1.01513,0.1946338,0.9486316,0.0694344,-0.52334,SelectionEnd
121.1031,24,2,3,0,0.9144778,0.9357662,0.2266673,36.41641,22.65761,36.49867,0.9777191,1.01513,0.1946338,0.9486316,0.0694344,-0.52334,GotSelection
121.1176,24,2,3,0,0.9147078,0.9356438,0.2265416,36.44076,22.65168,36.44234,0.9769973,1.016543,0.1951669,0.947464,0.08832823,-0.530986,SelectionStart
121.1176,24,2,3,0,0.9147078,0.9356438,0.2265416,36.44076,22.65168,36.44234,0.9769973,1.016543,0.1951669,0.947464,0.08832823,-0.530986,SelectionEnd
121.1211,24,2,3,0,0.9147078,0.9356438,0.2265416,36.44076,22.65168,36.44234,0.9769973,1.016543,0.1951669,0.947464,0.08832823,-0.530986,GotSelection
121.135,24,2,3,0,0.9150655,0.9354298,0.226319,36.45834,22.6533,36.37573,0.9764135,1.017738,0.1956265,0.9457912,0.1067643,-0.5375134,SelectionStart
121.135,24,2,3,0,0.9150655,0.9354298,0.226319,36.45834,22.6533,36.37573,0.9764135,1.017738,0.1956265,0.9457912,0.1067643,-0.5375134,SelectionEnd
121.139,24,2,3,0,0.9150655,0.9354298,0.226319,36.45834,22.6533,36.37573,0.9764135,1.017738,0.1956265,0.9457912,0.1067643,-0.5375134,GotSelection
121.1838,24,2,3,0,0.9155899,0.9357051,0.225194,36.39797,22.7646,36.3754,0.974431,1.021375,0.1971727,0.9409324,0.1575625,-0.5438305,SelectionStart
121.1839,24,2,3,0,0.9155899,0.9357051,0.225194,36.39797,22.7646,36.3754,0.974431,1.021375,0.1971727,0.9409324,0.1575625,-0.5438305,SelectionEnd
121.1872,24,2,3,0,0.9155899,0.9357051,0.225194,36.39797,22.7646,36.3754,0.974431,1.021375,0.1971727,0.9409324,0.1575625,-0.5438305,GotSelection
121.1973,24,2,3,0,0.9158441,0.9357551,0.2248466,36.39166,22.85264,36.4043,0.9737764,1.022447,0.1977132,0.9383873,0.1737733,-0.5452954,SelectionStart
121.1973,24,2,3,0,0.9158441,0.9357551,0.2248466,36.39166,22.85264,36.4043,0.9737764,1.022447,0.1977132,0.9383873,0.1737733,-0.5452954,SelectionEnd
121.2007,24,2,3,0,0.9158441,0.9357551,0.2248466,36.39166,22.85264,36.4043,0.9737764,1.022447,0.1977132,0.9383873,0.1737733,-0.5452954,GotSelection
121.2121,24,2,3,0,0.9159272,0.935792,0.2245893,36.39158,22.92031,36.4133,0.9733722,1.023141,0.1980404,0.9376135,0.1841151,-0.5457909,SelectionStart
121.2121,24,2,3,0,0.9159272,0.935792,0.2245893,36.39158,22.92031,36.4133,0.9733722,1.023141,0.1980404,0.9376135,0.1841151,-0.5457909,SelectionEnd
121.2156,24,2,3,0,0.9159272,0.935792,0.2245893,36.39158,22.92031,36.4133,0.9733722,1.023141,0.1980404,0.9376135,0.1841151,-0.5457909,GotSelection
121.2271,24,2,3,0,0.9163076,0.9357361,0.2241344,36.3878,22.98173,36.36847,0.972631,1.02398,0.1984995,0.9321438,0.2014852,-0.5472892,SelectionStart
121.2271,24,2,3,0,0.9163076,0.9357361,0.2241344,36.3878,22.98173,36.36847,0.972631,1.02398,0.1984995,0.9321438,0.2014852,-0.5472892,SelectionEnd
121.2306,24,2,3,0,0.9163076,0.9357361,0.2241344,36.3878,22.98173,36.36847,0.972631,1.02398,0.1984995,0.9321438,0.2014852,-0.5472892,GotSelection
121.2408,24,2,3,0,0.916638,0.9357514,0.2236617,36.37513,23.02462,36.32029,0.9719214,1.024757,0.1989185,0.9266751,0.217534,-0.5479588,SelectionStart
121.2408,24,2,3,0,0.916638,0.9357514,0.2236617,36.37513,23.02462,36.32029,0.9719214,1.024757,0.1989185,0.9266751,0.217534,-0.5479588,SelectionEnd
121.2443,24,2,3,0,0.916638,0.9357514,0.2236617,36.37513,23.02462,36.32029,0.9719214,1.024757,0.1989185,0.9266751,0.217534,-0.5479588,GotSelection
121.2548,24,2,3,0,0.9168409,0.9358,0.2232487,36.32976,23.05316,36.28428,0.9714094,1.025297,0.1992529,0.9229414,0.2295902,-0.5467556,SelectionStart
121.2548,24,2,3,0,0.9168409,0.9358,0.2232487,36.32976,23.05316,36.28428,0.9714094,1.025297,0.1992529,0.9229414,0.2295902,-0.5467556,SelectionEnd
121.2582,24,2,3,0,0.9168409,0.9358,0.2232487,36.32976,23.05316,36.28428,0.9714094,1.025297,0.1992529,0.9229414,0.2295902,-0.5467556,GotSelection
121.2697,24,2,3,0,0.9174616,0.9357349,0.2226061,36.2859,23.09424,36.23095,0.9708276,1.026018,0.1996324,0.9162207,0.2475748,-0.5467376,SelectionStart
121.2697,24,2,3,0,0.9174616,0.9357349,0.2226061,36.2859,23.09424,36.23095,0.9708276,1.026018,0.1996324,0.9162207,0.2475748,-0.5467376,SelectionEnd
121.2733,24,2,3,0,0.9174616,0.9357349,0.2226061,36.2859,23.09424,36.23095,0.9708276,1.026018,0.1996324,0.9162207,0.2475748,-0.5467376,GotSelection
121.2835,24,2,3,0,0.9175582,0.935756,0.2220828,36.26023,23.17235,36.20237,0.9703043,1.026667,0.1999785,0.9140499,0.2609824,-0.5449763,SelectionStart
121.2836,24,2,3,0,0.9175582,0.935756,0.2220828,36.26023,23.17235,36.20237,0.9703043,1.026667,0.1999785,0.9140499,0.2609824,-0.5449763,SelectionEnd
121.2878,24,2,3,0,0.9175582,0.935756,0.2220828,36.26023,23.17235,36.20237,0.9703043,1.026667,0.1999785,0.9140499,0.2609824,-0.5449763,GotSelection
121.2988,24,2,3,0,0.9177488,0.9357602,0.2216984,36.28308,23.31041,36.24963,0.9698331,1.027326,0.2003404,0.9118854,0.272587,-0.5446148,SelectionStart
121.2988,24,2,3,0,0.9177488,0.9357602,0.2216984,36.28308,23.31041,36.24963,0.9698331,1.027326,0.2003404,0.9118854,0.272587,-0.5446148,SelectionEnd
121.3028,24,2,3,0,0.9177488,0.9357602,0.2216984,36.28308,23.31041,36.24963,0.9698331,1.027326,0.2003404,0.9118854,0.272587,-0.5446148,GotSelection
121.3134,24,2,3,0,0.9177091,0.9359241,0.2216424,36.28639,23.38447,36.30658,0.9695146,1.027732,0.2006496,0.9110739,0.2771364,-0.5436767,SelectionStart
121.3134,24,2,3,0,0.9177091,0.9359241,0.2216424,36.28639,23.38447,36.30658,0.9695146,1.027732,0.2006496,0.9110739,0.2771364,-0.5436767,SelectionEnd
121.317,24,2,3,0,0.9177091,0.9359241,0.2216424,36.28639,23.38447,36.30658,0.9695146,1.027732,0.2006496,0.9110739,0.2771364,-0.5436767,GotSelection
121.3279,24,2,3,0,0.9179271,0.9359044,0.2216326,36.32167,23.41356,36.32439,0.9690319,1.028289,0.2010399,0.9075857,0.2858171,-0.5466635,SelectionStart
121.3279,24,2,3,0,0.9179271,0.9359044,0.2216326,36.32167,23.41356,36.32439,0.9690319,1.028289,0.2010399,0.9075857,0.2858171,-0.5466635,SelectionEnd
121.3314,24,2,3,0,0.9179271,0.9359044,0.2216326,36.32167,23.41356,36.32439,0.9690319,1.028289,0.2010399,0.9075857,0.2858171,-0.5466635,GotSelection
121.3741,24,2,3,0,0.918973,0.9351681,0.2206979,36.33878,23.47712,36.19839,0.9672939,1.02979,0.2019792,0.8929358,0.3256873,-0.5549088,SelectionStart
121.3741,24,2,3,0,0.918973,0.9351681,0.2206979,36.33878,23.47712,36.19839,0.9672939,1.02979,0.2019792,0.8929358,0.3256873,-0.5549088,SelectionEnd
121.3775,24,2,3,0,0.918973,0.9351681,0.2206979,36.33878,23.47712,36.19839,0.9672939,1.02979,0.2019792,0.8929358,0.3256873,-0.5549088,GotSelection
121.3875,24,2,3,0,0.9190994,0.9351236,0.2204974,36.34467,23.44091,36.14719,0.9670641,1.030233,0.2021274,0.8916668,0.3331749,-0.5567389,SelectionStart
121.3875,24,2,3,0,0.9190994,0.9351236,0.2204974,36.34467,23.44091,36.14719,0.9670641,1.030233,0.2021274,0.8916668,0.3331749,-0.5567389,SelectionEnd
121.3911,24,2,3,0,0.9190994,0.9351236,0.2204974,36.34467,23.44091,36.14719,0.9670641,1.030233,0.2021274,0.8916668,0.3331749,-0.5567389,GotSelection
121.4026,24,2,3,0,0.9192384,0.9350519,0.2203885,36.32082,23.41257,36.10358,0.9667308,1.030781,0.2023293,0.8902265,0.341851,-0.5595602,SelectionStart
121.4026,24,2,3,0,0.9192384,0.9350519,0.2203885,36.32082,23.41257,36.10358,0.9667308,1.030781,0.2023293,0.8902265,0.341851,-0.5595602,SelectionEnd
121.4062,24,2,3,0,0.9192384,0.9350519,0.2203885,36.32082,23.41257,36.10358,0.9667308,1.030781,0.2023293,0.8902265,0.341851,-0.5595602,GotSelection
121.4168,24,2,3,0,0.9194499,0.9348446,0.2200658,36.31915,23.44308,36.07482,0.9662922,1.031298,0.2026322,0.8878067,0.3538789,-0.5610985,SelectionStart
121.4169,24,2,3,0,0.9194499,0.9348446,0.2200658,36.31915,23.44308,36.07482,0.9662922,1.031298,0.2026322,0.8878067,0.3538789,-0.5610985,SelectionEnd
121.4202,24,2,3,0,0.9194499,0.9348446,0.2200658,36.31915,23.44308,36.07482,0.9662922,1.031298,0.2026322,0.8878067,0.3538789,-0.5610985,GotSelection
121.4305,24,2,3,0,0.9196364,0.9346364,0.2199259,36.32915,23.45555,36.03615,0.9658659,1.031703,0.2028529,0.8849952,0.3631909,-0.5641418,SelectionStart
121.4306,24,2,3,0,0.9196364,0.9346364,0.2199259,36.32915,23.45555,36.03615,0.9658659,1.031703,0.2028529,0.8849952,0.3631909,-0.5641418,SelectionEnd
121.4341,24,2,3,0,0.9196364,0.9346364,0.2199259,36.32915,23.45555,36.03615,0.9658659,1.031703,0.2028529,0.8849952,0.3631909,-0.5641418,GotSelection
121.4454,24,2,3,0,0.9201698,0.9343063,0.2195667,36.34935,23.44762,35.94344,0.9653263,1.032181,0.2031054,0.8785049,0.377814,-0.568271,SelectionStart
121.4454,24,2,3,0,0.9201698,0.9343063,0.2195667,36.34935,23.44762,35.94344,0.9653263,1.032181,0.2031054,0.8785049,0.377814,-0.568271,SelectionEnd
121.4489,24,2,3,0,0.9201698,0.9343063,0.2195667,36.34935,23.44762,35.94344,0.9653263,1.032181,0.2031054,0.8785049,0.377814,-0.568271,GotSelection
121.4598,24,2,3,0,0.9206532,0.9337317,0.2193523,36.36526,23.40536,35.81654,0.9645954,1.032614,0.2033948,0.871363,0.3939053,-0.5750471,SelectionStart
121.4599,24,2,3,0,0.9206532,0.9337317,0.2193523,36.36526,23.40536,35.81654,0.9645954,1.032614,0.2033948,0.871363,0.3939053,-0.5750471,SelectionEnd
121.4631,24,2,3,0,0.9206532,0.9337317,0.2193523,36.36526,23.40536,35.81654,0.9645954,1.032614,0.2033948,0.871363,0.3939053,-0.5750471,GotSelection
121.473,24,2,3,0,0.9209894,0.9334388,0.2190684,36.33406,23.3336,35.69007,0.9642007,1.032996,0.2035712,0.8671311,0.4060115,-0.5780618,SelectionStart
121.473,24,2,3,0,0.9209894,0.9334388,0.2190684,36.33406,23.3336,35.69007,0.9642007,1.032996,0.2035712,0.8671311,0.4060115,-0.5780618,SelectionEnd
121.4764,24,2,3,0,0.9209894,0.9334388,0.2190684,36.33406,23.3336,35.69007,0.9642007,1.032996,0.2035712,0.8671311,0.4060115,-0.5780618,GotSelection
121.4858,24,2,3,0,0.9213762,0.9332516,0.2187419,36.27546,23.23066,35.5192,0.963853,1.033578,0.2038105,0.8630397,0.4202476,-0.5806351,SelectionStart
121.4858,24,2,3,0,0.9213762,0.9332516,0.2187419,36.27546,23.23066,35.5192,0.963853,1.033578,0.2038105,0.8630397,0.4202476,-0.5806351,SelectionEnd
121.4891,24,2,3,0,0.9213762,0.9332516,0.2187419,36.27546,23.23066,35.5192,0.963853,1.033578,0.2038105,0.8630397,0.4202476,-0.5806351,GotSelection
121.4991,24,2,3,0,0.921743,0.9329489,0.2183681,36.22573,23.102,35.34126,0.9635708,1.033969,0.2040171,0.8591358,0.4336929,-0.5826131,SelectionStart
121.4991,24,2,3,0,0.921743,0.9329489,0.2183681,36.22573,23.102,35.34126,0.9635708,1.033969,0.2040171,0.8591358,0.4336929,-0.5826131,SelectionEnd
121.5027,24,2,3,0,0.921743,0.9329489,0.2183681,36.22573,23.102,35.34126,0.9635708,1.033969,0.2040171,0.8591358,0.4336929,-0.5826131,GotSelection
121.513,24,2,3,0,0.922248,0.9326666,0.2179555,36.18481,22.98563,35.16277,0.963285,1.034413,0.2042674,0.8540224,0.4483999,-0.5846364,SelectionStart
121.513,24,2,3,0,0.922248,0.9326666,0.2179555,36.18481,22.98563,35.16277,0.963285,1.034413,0.2042674,0.8540224,0.4483999,-0.5846364,SelectionEnd
121.5163,24,2,3,0,0.922248,0.9326666,0.2179555,36.18481,22.98563,35.16277,0.963285,1.034413,0.2042674,0.8540224,0.4483999,-0.5846364,GotSelection
121.5277,24,2,3,0,0.9227951,0.9324005,0.2174805,36.11837,22.84034,34.92529,0.9629153,1.035027,0.2047227,0.8480313,0.4673681,-0.5857038,SelectionStart
121.5277,24,2,3,0,0.9227951,0.9324005,0.2174805,36.11837,22.84034,34.92529,0.9629153,1.035027,0.2047227,0.8480313,0.4673681,-0.5857038,SelectionEnd
121.5311,24,2,3,0,0.9227951,0.9324005,0.2174805,36.11837,22.84034,34.92529,0.9629153,1.035027,0.2047227,0.8480313,0.4673681,-0.5857038,GotSelection
121.5708,24,2,3,0,0.9247944,0.9310264,0.2162889,35.94726,22.34479,34.13928,0.9613255,1.036537,0.205844,0.8220834,0.5260211,-0.5969785,SelectionStart
121.5708,24,2,3,0,0.9247944,0.9310264,0.2162889,35.94726,22.34479,34.13928,0.9613255,1.036537,0.205844,0.8220834,0.5260211,-0.5969785,SelectionEnd
121.5743,24,2,3,0,0.9247944,0.9310264,0.2162889,35.94726,22.34479,34.13928,0.9613255,1.036537,0.205844,0.8220834,0.5260211,-0.5969785,GotSelection
121.5861,24,2,3,0,0.925432,0.930436,0.2158478,35.85254,22.13433,33.85152,0.9605216,1.036959,0.2063653,0.8110864,0.5485165,-0.5998099,SelectionStart
121.5861,24,2,3,0,0.925432,0.930436,0.2158478,35.85254,22.13433,33.85152,0.9605216,1.036959,0.2063653,0.8110864,0.5485165,-0.5998099,SelectionEnd
121.5894,24,2,3,0,0.925432,0.930436,0.2158478,35.85254,22.13433,33.85152,0.9605216,1.036959,0.2063653,0.8110864,0.5485165,-0.5998099,GotSelection
121.5997,24,2,3,0,0.9260361,0.9299132,0.2154959,35.79685,21.95102,33.59068,0.9597995,1.037224,0.2067022,0.8000771,0.566572,-0.6033993,SelectionStart
121.5997,24,2,3,0,0.9260361,0.9299132,0.2154959,35.79685,21.95102,33.59068,0.9597995,1.037224,0.2067022,0.8000771,0.566572,-0.6033993,SelectionEnd
121.603,24,2,3,0,0.9260361,0.9299132,0.2154959,35.79685,21.95102,33.59068,0.9597995,1.037224,0.2067022,0.8000771,0.566572,-0.6033993,GotSelection
121.6128,24,2,3,0,0.9268169,0.9291441,0.2152183,35.76944,21.72008,33.2559,0.958753,1.037632,0.2072445,0.7851579,0.5904526,-0.6104293,SelectionStart
121.6128,24,2,3,0,0.9268169,0.9291441,0.2152183,35.76944,21.72008,33.2559,0.958753,1.037632,0.2072445,0.7851579,0.5904526,-0.6104293,SelectionEnd
121.6165,24,2,3,0,0.9268169,0.9291441,0.2152183,35.76944,21.72008,33.2559,0.958753,1.037632,0.2072445,0.7851579,0.5904526,-0.6104293,GotSelection
121.6282,24,2,3,0,0.9273932,0.9284239,0.2149635,35.72026,21.52344,32.96495,0.9575867,1.037852,0.2078726,0.7703797,0.6124694,-0.6146563,SelectionStart
121.6282,24,2,3,0,0.9273932,0.9284239,0.2149635,35.72026,21.52344,32.96495,0.9575867,1.037852,0.2078726,0.7703797,0.6124694,-0.6146563,SelectionEnd
121.6317,24,2,3,0,0.9273932,0.9284239,0.2149635,35.72026,21.52344,32.96495,0.9575867,1.037852,0.2078726,0.7703797,0.6124694,-0.6146563,GotSelection
121.6409,24,2,3,0,0.9277545,0.9280465,0.2146879,35.64214,21.40252,32.79342,0.9565778,1.03789,0.2083539,0.7580804,0.6275911,-0.6146893,SelectionStart
121.6409,24,2,3,0,0.9277545,0.9280465,0.2146879,35.64214,21.40252,32.79342,0.9565778,1.03789,0.2083539,0.7580804,0.6275911,-0.6146893,SelectionEnd
121.6441,24,2,3,0,0.9277545,0.9280465,0.2146879,35.64214,21.40252,32.79342,0.9565778,1.03789,0.2083539,0.7580804,0.6275911,-0.6146893,GotSelection
121.6536,24,2,3,0,0.9281039,0.927714,0.2144841,35.5885,21.28954,32.63079,0.9555091,1.03785,0.208933,0.7447051,0.6418409,-0.6142481,SelectionStart
121.6536,24,2,3,0,0.9281039,0.927714,0.2144841,35.5885,21.28954,32.63079,0.9555091,1.03785,0.208933,0.7447051,0.6418409,-0.6142481,SelectionEnd
121.6571,24,2,3,0,0.9281039,0.927714,0.2144841,35.5885,21.28954,32.63079,0.9555091,1.03785,0.208933,0.7447051,0.6418409,-0.6142481,GotSelection
121.6692,24,2,3,0,0.9285397,0.9271426,0.2143812,35.54923,21.09945,32.4058,0.9539869,1.037796,0.2096046,0.7264689,0.6597941,-0.6172804,SelectionStart
121.6692,24,2,3,0,0.9285397,0.9271426,0.2143812,35.54923,21.09945,32.4058,0.9539869,1.037796,0.2096046,0.7264689,0.6597941,-0.6172804,SelectionEnd
121.6727,24,2,3,0,0.9285397,0.9271426,0.2143812,35.54923,21.09945,32.4058,0.9539869,1.037796,0.2096046,0.7264689,0.6597941,-0.6172804,GotSelection
121.6834,24,2,3,0,0.9288549,0.9267384,0.2142296,35.54202,20.98801,32.24451,0.95242,1.037505,0.2102817,0.7076668,0.6740826,-0.6174192,SelectionStart
121.6834,24,2,3,0,0.9288549,0.9267384,0.2142296,35.54202,20.98801,32.24451,0.95242,1.037505,0.2102817,0.7076668,0.6740826,-0.6174192,SelectionEnd
121.6873,24,2,3,0,0.9288549,0.9267384,0.2142296,35.54202,20.98801,32.24451,0.95242,1.037505,0.2102817,0.7076668,0.6740826,-0.6174192,GotSelection
121.6975,24,2,3,0,0.9290725,0.9265245,0.2141092,35.52655,20.93011,32.14234,0.9508808,1.037344,0.2109532,0.6904852,0.6867102,-0.616739,SelectionStart
121.6975,24,2,3,0,0.9290725,0.9265245,0.2141092,35.52655,20.93011,32.14234,0.9508808,1.037344,0.2109532,0.6904852,0.6867102,-0.616739,SelectionEnd
121.7009,24,2,3,0,0.9290725,0.9265245,0.2141092,35.52655,20.93011,32.14234,0.9508808,1.037344,0.2109532,0.6904852,0.6867102,-0.616739,GotSelection
121.711,24,2,3,0,0.9292271,0.9265173,0.2139249,35.49809,20.91464,32.09686,0.9496563,1.037106,0.211451,0.6762951,0.6948874,-0.6137455,SelectionStart
121.711,24,2,3,0,0.9292271,0.9265173,0.2139249,35.49809,20.91464,32.09686,0.9496563,1.037106,0.211451,0.6762951,0.6948874,-0.6137455,SelectionEnd
121.7144,24,2,3,0,0.9292271,0.9265173,0.2139249,35.49809,20.91464,32.09686,0.9496563,1.037106,0.211451,0.6762951,0.6948874,-0.6137455,GotSelection
121.7551,24,2,3,0,0.9299892,0.9256147,0.2133823,35.28036,20.37643,31.47226,0.9455026,1.035938,0.2131318,0.6228787,0.7316728,-0.6070383,SelectionStart
121.7552,24,2,3,0,0.9299892,0.9256147,0.2133823,35.28036,20.37643,31.47226,0.9455026,1.035938,0.2131318,0.6228787,0.7316728,-0.6070383,SelectionEnd
121.7584,24,2,3,0,0.9299892,0.9256147,0.2133823,35.28036,20.37643,31.47226,0.9455026,1.035938,0.2131318,0.6228787,0.7316728,-0.6070383,GotSelection
121.7697,24,2,3,0,0.9303719,0.9253801,0.2130108,35.13283,20.12833,31.21264,0.9442015,1.035404,0.2136675,0.6033792,0.7446221,-0.6010876,SelectionStart
121.7697,24,2,3,0,0.9303719,0.9253801,0.2130108,35.13283,20.12833,31.21264,0.9442015,1.035404,0.2136675,0.6033792,0.7446221,-0.6010876,SelectionEnd
121.7731,24,2,3,0,0.9303719,0.9253801,0.2130108,35.13283,20.12833,31.21264,0.9442015,1.035404,0.2136675,0.6033792,0.7446221,-0.6010876,GotSelection
121.7832,24,2,3,0,0.9303569,0.9255323,0.2126554,34.97638,19.974,31.03988,0.9429519,1.034874,0.2142534,0.587501,0.7528227,-0.5909215,SelectionStart
121.7832,24,2,3,0,0.9303569,0.9255323,0.2126554,34.97638,19.974,31.03988,0.9429519,1.034874,0.2142534,0.587501,0.7528227,-0.5909215,SelectionEnd
121.7864,24,2,3,0,0.9303569,0.9255323,0.2126554,34.97638,19.974,31.03988,0.9429519,1.034874,0.2142534,0.587501,0.7528227,-0.5909215,GotSelection
121.7966,24,2,3,0,0.9304568,0.9256452,0.2122484,34.88581,19.89746,30.91497,0.9421019,1.034427,0.2146894,0.5750312,0.7593008,-0.5823524,SelectionStart
121.7966,24,2,3,0,0.9304568,0.9256452,0.2122484,34.88581,19.89746,30.91497,0.9421019,1.034427,0.2146894,0.5750312,0.7593008,-0.5823524,SelectionEnd
121.7999,24,2,3,0,0.9304568,0.9256452,0.2122484,34.88581,19.89746,30.91497,0.9421019,1.034427,0.2146894,0.5750312,0.7593008,-0.5823524,GotSelection
121.8111,24,2,3,0,0.9305761,0.9257353,0.211771,34.76402,19.78303,30.74812,0.9409246,1.03376,0.2152495,0.5580785,0.7673001,-0.5716013,SelectionStart
121.8112,24,2,3,0,0.9305761,0.9257353,0.211771,34.76402,19.78303,30.74812,0.9409246,1.03376,0.2152495,0.5580785,0.7673001,-0.5716013,SelectionEnd
121.8145,24,2,3,0,0.9305761,0.9257353,0.211771,34.76402,19.78303,30.74812,0.9409246,1.03376,0.2152495,0.5580785,0.7673001,-0.5716013,GotSelection
121.8248,24,2,3,0,0.930687,0.925839,0.2113829,34.67537,19.7041,30.61997,0.940047,1.033281,0.2157259,0.5450608,0.7737437,-0.562825,SelectionStart
121.8248,24,2,3,0,0.930687,0.925839,0.2113829,34.67537,19.7041,30.61997,0.940047,1.033281,0.2157259,0.5450608,0.7737437,-0.562825,SelectionEnd
121.829,24,2,3,0,0.930687,0.925839,0.2113829,34.67537,19.7041,30.61997,0.940047,1.033281,0.2157259,0.5450608,0.7737437,-0.562825,GotSelection
121.84,24,2,3,0,0.9308237,0.925845,0.2110332,34.53937,19.56194,30.44474,0.9389358,1.032676,0.2163144,0.5291276,0.7819673,-0.5532817,SelectionStart
121.84,24,2,3,0,0.9308237,0.925845,0.2110332,34.53937,19.56194,30.44474,0.9389358,1.032676,0.2163144,0.5291276,0.7819673,-0.5532817,SelectionEnd
121.8433,24,2,3,0,0.9308237,0.925845,0.2110332,34.53937,19.56194,30.44474,0.9389358,1.032676,0.2163144,0.5291276,0.7819673,-0.5532817,GotSelection
121.8538,24,2,3,0,0.9310212,0.9256837,0.2108573,34.38844,19.31702,30.20321,0.9378715,1.032122,0.2169027,0.513265,0.7912194,-0.5461901,SelectionStart
121.8538,24,2,3,0,0.9310212,0.9256837,0.2108573,34.38844,19.31702,30.20321,0.9378715,1.032122,0.2169027,0.513265,0.7912194,-0.5461901,SelectionEnd
121.8571,24,2,3,0,0.9310212,0.9256837,0.2108573,34.38844,19.31702,30.20321,0.9378715,1.032122,0.2169027,0.513265,0.7912194,-0.5461901,GotSelection
121.8673,24,2,3,0,0.9313498,0.9254093,0.2105737,34.24955,19.06917,29.92869,0.9370424,1.031741,0.2173309,0.4990419,0.8019835,-0.540974,SelectionStart
121.8673,24,2,3,0,0.9313498,0.9254093,0.2105737,34.24955,19.06917,29.92869,0.9370424,1.031741,0.2173309,0.4990419,0.8019835,-0.540974,SelectionEnd
121.8708,24,2,3,0,0.9313498,0.9254093,0.2105737,34.24955,19.06917,29.92869,0.9370424,1.031741,0.2173309,0.4990419,0.8019835,-0.540974,GotSelection
121.8805,24,2,3,0,0.9316435,0.9253631,0.2101347,34.11431,18.86852,29.68363,0.9363528,1.031448,0.2177248,0.4861311,0.8116084,-0.5334598,SelectionStart
121.8805,24,2,3,0,0.9316435,0.9253631,0.2101347,34.11431,18.86852,29.68363,0.9363528,1.031448,0.2177248,0.4861311,0.8116084,-0.5334598,SelectionEnd
121.8837,24,2,3,0,0.9316435,0.9253631,0.2101347,34.11431,18.86852,29.68363,0.9363528,1.031448,0.2177248,0.4861311,0.8116084,-0.5334598,GotSelection
121.8945,24,2,3,0,0.9320028,0.9250308,0.2095823,33.92802,18.61512,29.36374,0.9355085,1.031145,0.2181939,0.4714658,0.8260255,-0.5256763,SelectionStart
121.8945,24,2,3,0,0.9320028,0.9250308,0.2095823,33.92802,18.61512,29.36374,0.9355085,1.031145,0.2181939,0.4714658,0.8260255,-0.5256763,SelectionEnd
121.8979,24,2,3,0,0.9320028,0.9250308,0.2095823,33.92802,18.61512,29.36374,0.9355085,1.031145,0.2181939,0.4714658,0.8260255,-0.5256763,GotSelection
121.9405,24,2,3,0,0.932932,0.9239296,0.2083193,33.47208,17.95766,28.53425,0.9326977,1.030512,0.2194415,0.4287752,0.8665788,-0.5102782,SelectionStart
121.9405,24,2,3,0,0.932932,0.9239296,0.2083193,33.47208,17.95766,28.53425,0.9326977,1.030512,0.2194415,0.4287752,0.8665788,-0.5102782,SelectionEnd
121.9438,24,2,3,0,0.932932,0.9239296,0.2083193,33.47208,17.95766,28.53425,0.9326977,1.030512,0.2194415,0.4287752,0.8665788,-0.5102782,GotSelection
121.9525,24,2,3,0,0.9332657,0.9236839,0.2079488,33.38203,17.85232,28.35244,0.931757,1.030314,0.2196454,0.4147345,0.8764385,-0.5076414,SelectionStart
121.9525,24,2,3,0,0.9332657,0.9236839,0.2079488,33.38203,17.85232,28.35244,0.931757,1.030314,0.2196454,0.4147345,0.8764385,-0.5076414,SelectionEnd
121.9558,24,2,3,0,0.9332657,0.9236839,0.2079488,33.38203,17.85232,28.35244,0.931757,1.030314,0.2196454,0.4147345,0.8764385,-0.5076414,GotSelection
121.9651,24,2,3,0,0.9335231,0.9234619,0.2076183,33.30687,17.76158,28.19919,0.9309555,1.03007,0.2198735,0.4027382,0.8846331,-0.5043947,SelectionStart
121.9651,24,2,3,0,0.9335231,0.9234619,0.2076183,33.30687,17.76158,28.19919,0.9309555,1.03007,0.2198735,0.4027382,0.8846331,-0.5043947,SelectionEnd
121.9685,24,2,3,0,0.9335231,0.9234619,0.2076183,33.30687,17.76158,28.19919,0.9309555,1.03007,0.2198735,0.4027382,0.8846331,-0.5043947,GotSelection
121.979,24,2,3,0,0.9338651,0.923192,0.2073088,33.25426,17.68745,28.09632,0.9300219,1.029787,0.2200877,0.3893896,0.8927948,-0.5024163,SelectionStart
121.9791,24,2,3,0,0.9338651,0.923192,0.2073088,33.25426,17.68745,28.09632,0.9300219,1.029787,0.2200877,0.3893896,0.8927948,-0.5024163,SelectionEnd
121.9827,24,2,3,0,0.9338651,0.923192,0.2073088,33.25426,17.68745,28.09632,0.9300219,1.029787,0.2200877,0.3893896,0.8927948,-0.5024163,GotSelection
121.9932,24,2,3,0,0.9340302,0.923197,0.2070609,33.21751,17.64453,28.02569,0.9287457,1.029485,0.2203069,0.3736729,0.898533,-0.4999565,SelectionStart
121.9932,24,2,3,0,0.9340302,0.923197,0.2070609,33.21751,17.64453,28.02569,0.9287457,1.029485,0.2203069,0.3736729,0.898533,-0.4999565,SelectionEnd
121.9966,24,2,3,0,0.9340302,0.923197,0.2070609,33.21751,17.64453,28.02569,0.9287457,1.029485,0.2203069,0.3736729,0.898533,-0.4999565,GotSelection
122.007,24,2,3,0,0.9340308,0.923314,0.206946,33.20939,17.65407,28.0475,0.9276605,1.029147,0.2205438,0.3619404,0.9005314,-0.4972378,SelectionStart
122.007,24,2,3,0,0.9340308,0.923314,0.206946,33.20939,17.65407,28.0475,0.9276605,1.029147,0.2205438,0.3619404,0.9005314,-0.4972378,SelectionEnd
122.0103,24,2,3,0,0.9340308,0.923314,0.206946,33.20939,17.65407,28.0475,0.9276605,1.029147,0.2205438,0.3619404,0.9005314,-0.4972378,GotSelection
122.0201,24,2,3,0,0.9340978,0.9235017,0.2068009,33.20473,17.69977,28.0707,0.9265991,1.028755,0.2208289,0.3492188,0.9021764,-0.4934234,SelectionStart
122.0201,24,2,3,0,0.9340978,0.9235017,0.2068009,33.20473,17.69977,28.0707,0.9265991,1.028755,0.2208289,0.3492188,0.9021764,-0.4934234,SelectionEnd
122.0236,24,2,3,0,0.9340978,0.9235017,0.2068009,33.20473,17.69977,28.0707,0.9265991,1.028755,0.2208289,0.3492188,0.9021764,-0.4934234,GotSelection
122.0334,24,2,3,0,0.9342282,0.9236613,0.2064966,33.20195,17.77802,28.09306,0.9250876,1.028163,0.2212621,0.3308134,0.9059796,-0.4875939,SelectionStart
122.0334,24,2,3,0,0.9342282,0.9236613,0.2064966,33.20195,17.77802,28.09306,0.9250876,1.028163,0.2212621,0.3308134,0.9059796,-0.4875939,SelectionEnd
122.0367,24,2,3,0,0.9342282,0.9236613,0.2064966,33.20195,17.77802,28.09306,0.9250876,1.028163,0.2212621,0.3308134,0.9059796,-0.4875939,GotSelection
122.0468,24,2,3,0,0.9342799,0.9238122,0.2062046,33.19126,17.85987,28.11999,0.9233671,1.027426,0.2216636,0.3107312,0.9089108,-0.4816231,SelectionStart
122.0468,24,2,3,0,0.9342799,0.9238122,0.2062046,33.19126,17.85987,28.11999,0.9233671,1.027426,0.2216636,0.3107312,0.9089108,-0.4816231,SelectionEnd
122.0501,24,2,3,0,0.9342799,0.9238122,0.2062046,33.19126,17.85987,28.11999,0.9233671,1.027426,0.2216636,0.3107312,0.9089108,-0.4816231,GotSelection
122.0608,24,2,3,0,0.9341252,0.9240521,0.2061365,33.15624,17.8455,28.1091,0.9212388,1.026485,0.2221258,0.2873515,0.9096587,-0.4752778,SelectionStart
122.0609,24,2,3,0,0.9341252,0.9240521,0.2061365,33.15624,17.8455,28.1091,0.9212388,1.026485,0.2221258,0.2873515,0.9096587,-0.4752778,SelectionEnd
122.0641,24,2,3,0,0.9341252,0.9240521,0.2061365,33.15624,17.8455,28.1091,0.9212388,1.026485,0.2221258,0.2873515,0.9096587,-0.4752778,GotSelection
122.0749,24,2,3,0,0.9343018,0.9239522,0.2059595,33.1171,17.78286,28.02021,0.919189,1.025399,0.2224879,0.2612813,0.913112,-0.470403,SelectionStart
122.0749,24,2,3,0,0.9343018,0.9239522,0.2059595,33.1171,17.78286,28.02021,0.919189,1.025399,0.2224879,0.2612813,0.913112,-0.470403,SelectionEnd
122.0782,24,2,3,0,0.9343018,0.9239522,0.2059595,33.1171,17.78286,28.02021,0.919189,1.025399,0.2224879,0.2612813,0.913112,-0.470403,GotSelection
122.089,24,2,3,0,0.9345431,0.9238975,0.2055658,33.01584,17.68749,27.88077,0.9161419,1.023787,0.2230181,0.222372,0.9184713,-0.4608416,SelectionStart
122.089,24,2,3,0,0.9345431,0.9238975,0.2055658,33.01584,17.68749,27.88077,0.9161419,1.023787,0.2230181,0.222372,0.9184713,-0.4608416,SelectionEnd
122.0923,24,2,3,0,0.9345431,0.9238975,0.2055658,33.01584,17.68749,27.88077,0.9161419,1.023787,0.2230181,0.222372,0.9184713,-0.4608416,GotSelection
122.1486,24,2,3,0,0.9351537,0.9239665,0.2044568,32.76463,17.49427,27.51795,0.9011694,1.015121,0.2240533,0.03636325,0.9155633,-0.4305826,SelectionStart
122.1486,24,2,3,0,0.9351537,0.9239665,0.2044568,32.76463,17.49427,27.51795,0.9011694,1.015121,0.2240533,0.03636325,0.9155633,-0.4305826,SelectionEnd
122.152,24,2,3,0,0.9351537,0.9239665,0.2044568,32.76463,17.49427,27.51795,0.9011694,1.015121,0.2240533,0.03636325,0.9155633,-0.4305826,GotSelection
122.1614,24,2,3,0,0.9353931,0.9239267,0.2043389,32.73263,17.46082,27.47649,0.8979085,1.01299,0.2241819,-0.005333001,0.9120412,-0.4253859,SelectionStart
122.1615,24,2,3,0,0.9353931,0.9239267,0.2043389,32.73263,17.46082,27.47649,0.8979085,1.01299,0.2241819,-0.005333001,0.9120412,-0.4253859,SelectionEnd
122.1649,24,2,3,0,0.9353931,0.9239267,0.2043389,32.73263,17.46082,27.47649,0.8979085,1.01299,0.2241819,-0.005333001,0.9120412,-0.4253859,GotSelection
122.1754,24,2,3,0,0.9356214,0.9237347,0.2042691,32.73475,17.42583,27.40122,0.894096,1.010295,0.2245021,-0.05442288,0.9075966,-0.4185793,SelectionStart
122.1754,24,2,3,0,0.9356214,0.9237347,0.2042691,32.73475,17.42583,27.40122,0.894096,1.010295,0.2245021,-0.05442288,0.9075966,-0.4185793,SelectionEnd
122.1788,24,2,3,0,0.9356214,0.9237347,0.2042691,32.73475,17.42583,27.40122,0.894096,1.010295,0.2245021,-0.05442288,0.9075966,-0.4185793,GotSelection
122.1884,24,2,3,0,0.9357407,0.9236302,0.2042903,32.72057,17.41738,27.38678,0.8922464,1.00894,0.2245059,-0.07801967,0.9039998,-0.4166354,SelectionStart
122.1885,24,2,3,0,0.9357407,0.9236302,0.2042903,32.72057,17.41738,27.38678,0.8922464,1.00894,0.2245059,-0.07801967,0.9039998,-0.4166354,SelectionEnd
122.1919,24,2,3,0,0.9357407,0.9236302,0.2042903,32.72057,17.41738,27.38678,0.8922464,1.00894,0.2245059,-0.07801967,0.9039998,-0.4166354,GotSelection
122.2023,24,2,3,0,0.9357874,0.9236491,0.2042033,32.70859,17.41581,27.37336,0.8902157,1.007623,0.2245061,-0.1030201,0.9006637,-0.4137223,SelectionStart
122.2023,24,2,3,0,0.9357874,0.9236491,0.2042033,32.70859,17.41581,27.37336,0.8902157,1.007623,0.2245061,-0.1030201,0.9006637,-0.4137223,SelectionEnd
122.2056,24,2,3,0,0.9357874,0.9236491,0.2042033,32.70859,17.41581,27.37336,0.8902157,1.007623,0.2245061,-0.1030201,0.9006637,-0.4137223,GotSelection
122.2153,24,2,3,0,0.9359041,0.9233389,0.2042373,32.71375,17.38157,27.32031,0.8890495,1.006792,0.2247237,-0.1179368,0.9016615,-0.4124495,SelectionStart
122.2153,24,2,3,0,0.9359041,0.9233389,0.2042373,32.71375,17.38157,27.32031,0.8890495,1.006792,0.2247237,-0.1179368,0.9016615,-0.4124495,SelectionEnd
122.2186,24,2,3,0,0.9359041,0.9233389,0.2042373,32.71375,17.38157,27.32031,0.8890495,1.006792,0.2247237,-0.1179368,0.9016615,-0.4124495,GotSelection
122.2285,24,2,3,0,0.9361194,0.9230759,0.2042168,32.73494,17.3277,27.23491,0.8886123,1.006668,0.2249196,-0.1248414,0.9058884,-0.4129761,SelectionStart
122.2286,24,2,3,0,0.9361194,0.9230759,0.2042168,32.73494,17.3277,27.23491,0.8886123,1.006668,0.2249196,-0.1248414,0.9058884,-0.4129761,SelectionEnd
122.2321,24,2,3,0,0.9361194,0.9230759,0.2042168,32.73494,17.3277,27.23491,0.8886123,1.006668,0.2249196,-0.1248414,0.9058884,-0.4129761,GotSelection
122.2429,24,2,3,0,0.9362864,0.9226732,0.2042194,32.7509,17.31497,27.16397,0.8890514,1.007178,0.2252705,-0.119942,0.9139488,-0.4145743,SelectionStart
122.2429,24,2,3,0,0.9362864,0.9226732,0.2042194,32.7509,17.31497,27.16397,0.8890514,1.007178,0.2252705,-0.119942,0.9139488,-0.4145743,SelectionEnd
122.2462,24,2,3,0,0.9362864,0.9226732,0.2042194,32.7509,17.31497,27.16397,0.8890514,1.007178,0.2252705,-0.119942,0.9139488,-0.4145743,GotSelection
122.256,24,2,3,0,0.9363912,0.9227218,0.2039947,32.70864,17.27955,27.06431,0.889093,1.00785,0.2257685,-0.1196585,0.9234875,-0.4114167,SelectionStart
122.256,24,2,3,0,0.9363912,0.9227218,0.2039947,32.70864,17.27955,27.06431,0.889093,1.00785,0.2257685,-0.1196585,0.9234875,-0.4114167,SelectionEnd
122.2593,24,2,3,0,0.9363912,0.9227218,0.2039947,32.70864,17.27955,27.06431,0.889093,1.00785,0.2257685,-0.1196585,0.9234875,-0.4114167,GotSelection
122.2697,24,2,3,0,0.9364419,0.9226846,0.2039574,32.68962,17.25413,27.03737,0.8903574,1.009121,0.226352,-0.1035944,0.9338093,-0.4099917,SelectionStart
122.2697,24,2,3,0,0.9364419,0.9226846,0.2039574,32.68962,17.25413,27.03737,0.8903574,1.009121,0.226352,-0.1035944,0.9338093,-0.4099917,SelectionEnd
122.273,24,2,3,0,0.9364419,0.9226846,0.2039574,32.68962,17.25413,27.03737,0.8903574,1.009121,0.226352,-0.1035944,0.9338093,-0.4099917,GotSelection
122.283,24,2,3,0,0.9366676,0.9225292,0.2039887,32.68806,17.2133,27.01247,0.8914533,1.010679,0.2274947,-0.08930576,0.9511826,-0.4077753,SelectionStart
122.283,24,2,3,0,0.9366676,0.9225292,0.2039887,32.68806,17.2133,27.01247,0.8914533,1.010679,0.2274947,-0.08930576,0.9511826,-0.4077753,SelectionEnd
122.2865,24,2,3,0,0.9366676,0.9225292,0.2039887,32.68806,17.2133,27.01247,0.8914533,1.010679,0.2274947,-0.08930576,0.9511826,-0.4077753,GotSelection
122.3286,24,2,3,0,0.9365166,0.9225396,0.2040082,32.74604,17.27398,27.0485,0.8986281,1.014767,0.2299937,-0.004935165,0.9751024,-0.3925661,SelectionStart
122.3287,24,2,3,0,0.9365166,0.9225396,0.2040082,32.74604,17.27398,27.0485,0.8986281,1.014767,0.2299937,-0.004935165,0.9751024,-0.3925661,SelectionEnd
122.3321,24,2,3,0,0.9365166,0.9225396,0.2040082,32.74604,17.27398,27.0485,0.8986281,1.014767,0.2299937,-0.004935165,0.9751024,-0.3925661,GotSelection
122.3411,24,2,3,0,0.9365655,0.9225998,0.2039748,32.73615,17.27912,27.03853,0.9001451,1.015325,0.2307695,0.01043432,0.9795108,-0.3848258,SelectionStart
122.3411,24,2,3,0,0.9365655,0.9225998,0.2039748,32.73615,17.27912,27.03853,0.9001451,1.015325,0.2307695,0.01043432,0.9795108,-0.3848258,SelectionEnd
122.3445,24,2,3,0,0.9365655,0.9225998,0.2039748,32.73615,17.27912,27.03853,0.9001451,1.015325,0.2307695,0.01043432,0.9795108,-0.3848258,GotSelection
122.354,24,2,3,0,0.936646,0.9225543,0.2038393,32.71941,17.27403,27.00844,0.9014711,1.015923,0.231758,0.02388958,0.9876747,-0.3756987,SelectionStart
122.3541,24,2,3,0,0.936646,0.9225543,0.2038393,32.71941,17.27403,27.00844,0.9014711,1.015923,0.231758,0.02388958,0.9876747,-0.3756987,SelectionEnd
122.3574,24,2,3,0,0.936646,0.9225543,0.2038393,32.71941,17.27403,27.00844,0.9014711,1.015923,0.231758,0.02388958,0.9876747,-0.3756987,GotSelection
122.3689,24,2,3,0,0.9370097,0.9223787,0.2036663,32.70288,17.2525,26.93298,0.9004577,1.015239,0.2322018,0.007583196,0.991772,-0.3709555,SelectionStart
122.3689,24,2,3,0,0.9370097,0.9223787,0.2036663,32.70288,17.2525,26.93298,0.9004577,1.015239,0.2322018,0.007583196,0.991772,-0.3709555,SelectionEnd
122.3723,24,2,3,0,0.9370097,0.9223787,0.2036663,32.70288,17.2525,26.93298,0.9004577,1.015239,0.2322018,0.007583196,0.991772,-0.3709555,GotSelection
122.3822,24,2,3,0,0.9371701,0.9222303,0.2035166,32.68198,17.23827,26.86887,0.8993261,1.014457,0.2321595,-0.00807878,0.991537,-0.3694542,SelectionStart
122.3822,24,2,3,0,0.9371701,0.9222303,0.2035166,32.68198,17.23827,26.86887,0.8993261,1.014457,0.2321595,-0.00807878,0.991537,-0.3694542,SelectionEnd
122.3856,24,2,3,0,0.9371701,0.9222303,0.2035166,32.68198,17.23827,26.86887,0.8993261,1.014457,0.2321595,-0.00807878,0.991537,-0.3694542,GotSelection
122.3955,24,2,3,0,0.9373157,0.9222786,0.2032982,32.66642,17.26255,26.83392,0.8978064,1.013751,0.2320432,-0.0274099,0.9912968,-0.3686311,SelectionStart
122.3955,24,2,3,0,0.9373157,0.9222786,0.2032982,32.66642,17.26255,26.83392,0.8978064,1.013751,0.2320432,-0.0274099,0.9912968,-0.3686311,SelectionEnd
122.3988,24,2,3,0,0.9373157,0.9222786,0.2032982,32.66642,17.26255,26.83392,0.8978064,1.013751,0.2320432,-0.0274099,0.9912968,-0.3686311,GotSelection
122.411,24,2,3,0,0.9375044,0.92216,0.203117,32.67264,17.2873,26.7961,0.8946708,1.012146,0.2316173,-0.06522479,0.9880373,-0.3711993,SelectionStart
122.411,24,2,3,0,0.9375044,0.92216,0.203117,32.67264,17.2873,26.7961,0.8946708,1.012146,0.2316173,-0.06522479,0.9880373,-0.3711993,SelectionEnd
122.4144,24,2,3,0,0.9375044,0.92216,0.203117,32.67264,17.2873,26.7961,0.8946708,1.012146,0.2316173,-0.06522479,0.9880373,-0.3711993,GotSelection
122.424,24,2,3,0,0.9375373,0.9219611,0.2031785,32.7059,17.28769,26.77028,0.8909253,1.010322,0.2309227,-0.107447,0.9818245,-0.3785742,SelectionStart
122.424,24,2,3,0,0.9375373,0.9219611,0.2031785,32.7059,17.28769,26.77028,0.8909253,1.010322,0.2309227,-0.107447,0.9818245,-0.3785742,SelectionEnd
122.4273,24,2,3,0,0.9375373,0.9219611,0.2031785,32.7059,17.28769,26.77028,0.8909253,1.010322,0.2309227,-0.107447,0.9818245,-0.3785742,GotSelection
122.4376,24,2,3,0,0.9375988,0.9218671,0.2032197,32.74029,17.31478,26.78566,0.8875872,1.00867,0.2300872,-0.145206,0.9742347,-0.3865534,SelectionStart
122.4376,24,2,3,0,0.9375988,0.9218671,0.2032197,32.74029,17.31478,26.78566,0.8875872,1.00867,0.2300872,-0.145206,0.9742347,-0.3865534,SelectionEnd
122.441,24,2,3,0,0.9375988,0.9218671,0.2032197,32.74029,17.31478,26.78566,0.8875872,1.00867,0.2300872,-0.145206,0.9742347,-0.3865534,GotSelection
122.4532,24,2,3,0,0.9375986,0.9217926,0.2031724,32.76563,17.3801,26.82732,0.8834578,1.006159,0.2290471,-0.1928865,0.9613129,-0.3927127,SelectionStart
122.4532,24,2,3,0,0.9375986,0.9217926,0.2031724,32.76563,17.3801,26.82732,0.8834578,1.006159,0.2290471,-0.1928865,0.9613129,-0.3927127,SelectionEnd
122.4567,24,2,3,0,0.9375986,0.9217926,0.2031724,32.76563,17.3801,26.82732,0.8834578,1.006159,0.2290471,-0.1928865,0.9613129,-0.3927127,GotSelection
122.4677,24,2,3,0,0.9372919,0.9217271,0.2034205,32.8011,17.40183,26.86899,0.8794439,1.00354,0.2284524,-0.2369577,0.9473233,-0.3956743,SelectionStart
122.4677,24,2,3,0,0.9372919,0.9217271,0.2034205,32.8011,17.40183,26.86899,0.8794439,1.00354,0.2284524,-0.2369577,0.9473233,-0.3956743,SelectionEnd
122.4717,24,2,3,0,0.9372919,0.9217271,0.2034205,32.8011,17.40183,26.86899,0.8794439,1.00354,0.2284524,-0.2369577,0.9473233,-0.3956743,GotSelection
122.4834,24,2,3,0,0.9371964,0.9216654,0.2036757,32.84711,17.38701,26.8886,0.8760971,1.000971,0.2283128,-0.2769698,0.9351485,-0.3938124,SelectionStart
122.4834,24,2,3,0,0.9371964,0.9216654,0.2036757,32.84711,17.38701,26.8886,0.8760971,1.000971,0.2283128,-0.2769698,0.9351485,-0.3938124,SelectionEnd
122.4866,24,2,3,0,0.9371964,0.9216654,0.2036757,32.84711,17.38701,26.8886,0.8760971,1.000971,0.2283128,-0.2769698,0.9351485,-0.3938124,GotSelection
122.5286,24,2,3,0,0.9367137,0.9220491,0.2042578,32.86929,17.3469,27.06602,0.875368,1.000589,0.2290349,-0.2793425,0.931815,-0.3889374,SelectionStart
122.5286,24,2,3,0,0.9367137,0.9220491,0.2042578,32.86929,17.3469,27.06602,0.875368,1.000589,0.2290349,-0.2793425,0.931815,-0.3889374,SelectionEnd
122.5322,24,2,3,0,0.9367137,0.9220491,0.2042578,32.86929,17.3469,27.06602,0.875368,1.000589,0.2290349,-0.2793425,0.931815,-0.3889374,GotSelection
122.5411,24,2,3,0,0.9364432,0.9222789,0.2045139,32.87156,17.31194,27.12693,0.8778392,1.001991,0.2297396,-0.2479541,0.9357943,-0.3844504,SelectionStart
122.5411,24,2,3,0,0.9364432,0.9222789,0.2045139,32.87156,17.31194,27.12693,0.8778392,1.001991,0.2297396,-0.2479541,0.9357943,-0.3844504,SelectionEnd
122.5445,24,2,3,0,0.9364432,0.9222789,0.2045139,32.87156,17.31194,27.12693,0.8778392,1.001991,0.2297396,-0.2479541,0.9357943,-0.3844504,GotSelection
122.5555,24,2,3,0,0.9363025,0.9224401,0.2046058,32.85581,17.27971,27.14395,0.8809759,1.003989,0.2307338,-0.20971,0.9458487,-0.3783865,SelectionStart
122.5556,24,2,3,0,0.9363025,0.9224401,0.2046058,32.85581,17.27971,27.14395,0.8809759,1.003989,0.2307338,-0.20971,0.9458487,-0.3783865,SelectionEnd
122.5593,24,2,3,0,0.9363025,0.9224401,0.2046058,32.85581,17.27971,27.14395,0.8809759,1.003989,0.2307338,-0.20971,0.9458487,-0.3783865,GotSelection
122.5696,24,2,3,0,0.9362025,0.9226128,0.2046242,32.81543,17.23805,27.12842,0.8860835,1.006657,0.2323229,-0.15132,0.959255,-0.3651805,SelectionStart
122.5696,24,2,3,0,0.9362025,0.9226128,0.2046242,32.81543,17.23805,27.12842,0.8860835,1.006657,0.2323229,-0.15132,0.959255,-0.3651805,SelectionEnd
122.573,24,2,3,0,0.9362025,0.9226128,0.2046242,32.81543,17.23805,27.12842,0.8860835,1.006657,0.2323229,-0.15132,0.959255,-0.3651805,GotSelection
122.5827,24,2,3,0,0.9360856,0.9228236,0.2045757,32.77475,17.21312,27.12436,0.8905157,1.008696,0.2335767,-0.1015347,0.9678425,-0.3522945,SelectionStart
122.5827,24,2,3,0,0.9360856,0.9228236,0.2045757,32.77475,17.21312,27.12436,0.8905157,1.008696,0.2335767,-0.1015347,0.9678425,-0.3522945,SelectionEnd
122.586,24,2,3,0,0.9360856,0.9228236,0.2045757,32.77475,17.21312,27.12436,0.8905157,1.008696,0.2335767,-0.1015347,0.9678425,-0.3522945,GotSelection
122.5955,24,2,3,0,0.9354845,0.9232556,0.2045969,32.70516,17.18788,27.13658,0.8966264,1.011288,0.2351262,-0.0297881,0.9739889,-0.3334559,SelectionStart
122.5955,24,2,3,0,0.9354845,0.9232556,0.2045969,32.70516,17.18788,27.13658,0.8966264,1.011288,0.2351262,-0.0297881,0.9739889,-0.3334559,SelectionEnd
122.599,24,2,3,0,0.9354845,0.9232556,0.2045969,32.70516,17.18788,27.13658,0.8966264,1.011288,0.2351262,-0.0297881,0.9739889,-0.3334559,GotSelection
122.612,24,2,3,0,0.9350427,0.923818,0.2046099,32.62913,17.17066,27.23018,0.902312,1.013506,0.2362802,0.03594459,0.9755448,-0.3164029,SelectionStart
122.6121,24,2,3,0,0.9350427,0.923818,0.2046099,32.62913,17.17066,27.23018,0.902312,1.013506,0.2362802,0.03594459,0.9755448,-0.3164029,SelectionEnd
122.6158,24,2,3,0,0.9350427,0.923818,0.2046099,32.62913,17.17066,27.23018,0.902312,1.013506,0.2362802,0.03594459,0.9755448,-0.3164029,GotSelection
122.6269,24,2,3,0,0.9345775,0.9243819,0.2047386,32.5735,17.15526,27.3339,0.907709,1.015375,0.2367631,0.09811272,0.9700841,-0.3048446,SelectionStart
122.6269,24,2,3,0,0.9345775,0.9243819,0.2047386,32.5735,17.15526,27.3339,0.907709,1.015375,0.2367631,0.09811272,0.9700841,-0.3048446,SelectionEnd
122.6303,24,2,3,0,0.9345775,0.9243819,0.2047386,32.5735,17.15526,27.3339,0.907709,1.015375,0.2367631,0.09811272,0.9700841,-0.3048446,GotSelection
122.6401,24,2,3,0,0.9341274,0.9249606,0.2048966,32.52673,17.16989,27.44228,0.9112368,1.016272,0.2367388,0.1386743,0.9592754,-0.2973243,SelectionStart
122.6401,24,2,3,0,0.9341274,0.9249606,0.2048966,32.52673,17.16989,27.44228,0.9112368,1.016272,0.2367388,0.1386743,0.9592754,-0.2973243,SelectionEnd
122.6433,24,2,3,0,0.9341274,0.9249606,0.2048966,32.52673,17.16989,27.44228,0.9112368,1.016272,0.2367388,0.1386743,0.9592754,-0.2973243,GotSelection
122.6527,24,2,3,0,0.933818,0.9253272,0.2049682,32.50866,17.20582,27.52646,0.9142317,1.017169,0.2369279,0.1730563,0.9537581,-0.2907395,SelectionStart
122.6527,24,2,3,0,0.933818,0.9253272,0.2049682,32.50866,17.20582,27.52646,0.9142317,1.017169,0.2369279,0.1730563,0.9537581,-0.2907395,SelectionEnd
122.656,24,2,3,0,0.933818,0.9253272,0.2049682,32.50866,17.20582,27.52646,0.9142317,1.017169,0.2369279,0.1730563,0.9537581,-0.2907395,GotSelection
122.6661,24,2,3,0,0.9334728,0.9258428,0.2051177,32.49921,17.29181,27.67257,0.9186372,1.018348,0.2368011,0.2223632,0.9420692,-0.2847021,SelectionStart
122.6662,24,2,3,0,0.9334728,0.9258428,0.2051177,32.49921,17.29181,27.67257,0.9186372,1.018348,0.2368011,0.2223632,0.9420692,-0.2847021,SelectionEnd
122.6695,24,2,3,0,0.9334728,0.9258428,0.2051177,32.49921,17.29181,27.67257,0.9186372,1.018348,0.2368011,0.2223632,0.9420692,-0.2847021,GotSelection
122.7123,24,2,3,0,0.9328043,0.926675,0.2056511,32.50277,17.39594,27.94185,0.9294007,1.021551,0.2356568,0.3433145,0.9132938,-0.2824981,SelectionStart
122.7123,24,2,3,0,0.9328043,0.926675,0.2056511,32.50277,17.39594,27.94185,0.9294007,1.021551,0.2356568,0.3433145,0.9132938,-0.2824981,SelectionEnd
122.7159,24,2,3,0,0.9328043,0.926675,0.2056511,32.50277,17.39594,27.94185,0.9294007,1.021551,0.2356568,0.3433145,0.9132938,-0.2824981,GotSelection
122.725,24,2,3,0,0.9322068,0.9271324,0.2058244,32.49578,17.46628,28.07878,0.9332458,1.02239,0.2350747,0.3884769,0.8970077,-0.2793242,SelectionStart
122.725,24,2,3,0,0.9322068,0.9271324,0.2058244,32.49578,17.46628,28.07878,0.9332458,1.02239,0.2350747,0.3884769,0.8970077,-0.2793242,SelectionEnd
122.7284,24,2,3,0,0.9322068,0.9271324,0.2058244,32.49578,17.46628,28.07878,0.9332458,1.02239,0.2350747,0.3884769,0.8970077,-0.2793242,GotSelection
122.7379,24,2,3,0,0.9318421,0.9274366,0.2060556,32.52583,17.52757,28.21033,0.9362233,1.023167,0.2347334,0.4234931,0.885703,-0.27854,SelectionStart
122.7379,24,2,3,0,0.9318421,0.9274366,0.2060556,32.52583,17.52757,28.21033,0.9362233,1.023167,0.2347334,0.4234931,0.885703,-0.27854,SelectionEnd
122.7412,24,2,3,0,0.9318421,0.9274366,0.2060556,32.52583,17.52757,28.21033,0.9362233,1.023167,0.2347334,0.4234931,0.885703,-0.27854,GotSelection
122.7529,24,2,3,0,0.9313378,0.9278864,0.2063427,32.54144,17.58837,28.3863,0.9403216,1.024194,0.2342347,0.4714342,0.8694894,-0.2764961,SelectionStart
122.7529,24,2,3,0,0.9313378,0.9278864,0.2063427,32.54144,17.58837,28.3863,0.9403216,1.024194,0.2342347,0.4714342,0.8694894,-0.2764961,SelectionEnd
122.7563,24,2,3,0,0.9313378,0.9278864,0.2063427,32.54144,17.58837,28.3863,0.9403216,1.024194,0.2342347,0.4714342,0.8694894,-0.2764961,GotSelection
122.7664,24,2,3,0,0.9309586,0.9283532,0.2064385,32.52958,17.65398,28.52846,0.9435624,1.024811,0.2334352,0.5079252,0.8527114,-0.2750063,SelectionStart
122.7664,24,2,3,0,0.9309586,0.9283532,0.2064385,32.52958,17.65398,28.52846,0.9435624,1.024811,0.2334352,0.5079252,0.8527114,-0.2750063,SelectionEnd
122.7697,24,2,3,0,0.9309586,0.9283532,0.2064385,32.52958,17.65398,28.52846,0.9435624,1.024811,0.2334352,0.5079252,0.8527114,-0.2750063,GotSelection
122.7793,24,2,3,0,0.9304906,0.9290002,0.2065785,32.54229,17.73866,28.68631,0.9474636,1.025692,0.2326678,0.5517819,0.8337792,-0.2724483,SelectionStart
122.7793,24,2,3,0,0.9304906,0.9290002,0.2065785,32.54229,17.73866,28.68631,0.9474636,1.025692,0.2326678,0.5517819,0.8337792,-0.2724483,SelectionEnd
122.7828,24,2,3,0,0.9304906,0.9290002,0.2065785,32.54229,17.73866,28.68631,0.9474636,1.025692,0.2326678,0.5517819,0.8337792,-0.2724483,GotSelection
122.7964,24,2,3,0,0.9301993,0.9294516,0.2068898,32.58912,17.82426,28.83141,0.9517708,1.026203,0.2317806,0.5967742,0.8108533,-0.2711939,SelectionStart
122.7964,24,2,3,0,0.9301993,0.9294516,0.2068898,32.58912,17.82426,28.83141,0.9517708,1.026203,0.2317806,0.5967742,0.8108533,-0.2711939,SelectionEnd
122.8,24,2,3,0,0.9301993,0.9294516,0.2068898,32.58912,17.82426,28.83141,0.9517708,1.026203,0.2317806,0.5967742,0.8108533,-0.2711939,GotSelection
122.811,24,2,3,0,0.9296712,0.9300326,0.2072426,32.62892,17.91574,29.01166,0.9559251,1.026659,0.2307744,0.642205,0.7848021,-0.2697569,SelectionStart
122.8111,24,2,3,0,0.9296712,0.9300326,0.2072426,32.62892,17.91574,29.01166,0.9559251,1.026659,0.2307744,0.642205,0.7848021,-0.2697569,SelectionEnd
122.8145,24,2,3,0,0.9296712,0.9300326,0.2072426,32.62892,17.91574,29.01166,0.9559251,1.026659,0.2307744,0.642205,0.7848021,-0.2697569,GotSelection
122.8249,24,2,3,0,0.9293301,0.9307814,0.2073008,32.64576,18.01529,29.19181,0.9589391,1.027107,0.2296888,0.6744115,0.7629881,-0.2685587,SelectionStart
122.8249,24,2,3,0,0.9293301,0.9307814,0.2073008,32.64576,18.01529,29.19181,0.9589391,1.027107,0.2296888,0.6744115,0.7629881,-0.2685587,SelectionEnd
122.8281,24,2,3,0,0.9293301,0.9307814,0.2073008,32.64576,18.01529,29.19181,0.9589391,1.027107,0.2296888,0.6744115,0.7629881,-0.2685587,GotSelection
122.8377,24,2,3,0,0.9286966,0.9316375,0.2076731,32.65688,18.12843,29.46186,0.9627429,1.027386,0.2280617,0.7166961,0.7291739,-0.2696809,SelectionStart
122.8377,24,2,3,0,0.9286966,0.9316375,0.2076731,32.65688,18.12843,29.46186,0.9627429,1.027386,0.2280617,0.7166961,0.7291739,-0.2696809,SelectionEnd
122.8411,24,2,3,0,0.9286966,0.9316375,0.2076731,32.65688,18.12843,29.46186,0.9627429,1.027386,0.2280617,0.7166961,0.7291739,-0.2696809,GotSelection
122.8543,24,2,3,0,0.9280975,0.9321563,0.2081835,32.65344,18.15071,29.65413,0.9659813,1.027685,0.2263609,0.7541066,0.6990313,-0.276106,SelectionStart
122.8543,24,2,3,0,0.9280975,0.9321563,0.2081835,32.65344,18.15071,29.65413,0.9659813,1.027685,0.2263609,0.7541066,0.6990313,-0.276106,SelectionEnd
122.8577,24,2,3,0,0.9280975,0.9321563,0.2081835,32.65344,18.15071,29.65413,0.9659813,1.027685,0.2263609,0.7541066,0.6990313,-0.276106,GotSelection
122.8987,24,2,3,0,0.9275025,0.9331529,0.2083427,32.5989,18.17897,29.81599,0.9690912,1.027384,0.2238961,0.7853245,0.6592038,-0.2793986,SelectionStart
122.8987,24,2,3,0,0.9275025,0.9331529,0.2083427,32.5989,18.17897,29.81599,0.9690912,1.027384,0.2238961,0.7853245,0.6592038,-0.2793986,SelectionEnd
122.902,24,2,3,0,0.9275025,0.9331529,0.2083427,32.5989,18.17897,29.81599,0.9690912,1.027384,0.2238961,0.7853245,0.6592038,-0.2793986,GotSelection
122.911,24,2,3,0,0.927404,0.9337208,0.208453,32.6882,18.37646,29.99868,0.9696756,1.026923,0.2220654,0.7889192,0.6355385,-0.2881737,SelectionStart
122.911,24,2,3,0,0.927404,0.9337208,0.208453,32.6882,18.37646,29.99868,0.9696756,1.026923,0.2220654,0.7889192,0.6355385,-0.2881737,SelectionEnd
122.9146,24,2,3,0,0.927404,0.9337208,0.208453,32.6882,18.37646,29.99868,0.9696756,1.026923,0.2220654,0.7889192,0.6355385,-0.2881737,GotSelection
122.9243,24,2,3,0,0.9271463,0.9340231,0.2088085,32.77691,18.5305,30.20151,0.9688242,1.026463,0.2215763,0.7819499,0.6243168,-0.2930901,SelectionStart
122.9243,24,2,3,0,0.9271463,0.9340231,0.2088085,32.77691,18.5305,30.20151,0.9688242,1.026463,0.2215763,0.7819499,0.6243168,-0.2930901,SelectionEnd
122.9276,24,2,3,0,0.9271463,0.9340231,0.2088085,32.77691,18.5305,30.20151,0.9688242,1.026463,0.2215763,0.7819499,0.6243168,-0.2930901,GotSelection
122.9384,24,2,3,0,0.9268831,0.934324,0.2090271,32.84133,18.66513,30.38157,0.9668292,1.026084,0.2216933,0.7645288,0.6224433,-0.2952413,SelectionStart
122.9384,24,2,3,0,0.9268831,0.934324,0.2090271,32.84133,18.66513,30.38157,0.9668292,1.026084,0.2216933,0.7645288,0.6224433,-0.2952413,SelectionEnd
122.9419,24,2,3,0,0.9268831,0.934324,0.2090271,32.84133,18.66513,30.38157,0.9668292,1.026084,0.2216933,0.7645288,0.6224433,-0.2952413,GotSelection
122.9525,24,2,3,0,0.9265898,0.9346492,0.2093011,32.9419,18.82569,30.58982,0.9635847,1.025382,0.2220296,0.7344705,0.622792,-0.297998,SelectionStart
122.9526,24,2,3,0,0.9265898,0.9346492,0.2093011,32.9419,18.82569,30.58982,0.9635847,1.025382,0.2220296,0.7344705,0.622792,-0.297998,SelectionEnd
122.9559,24,2,3,0,0.9265898,0.9346492,0.2093011,32.9419,18.82569,30.58982,0.9635847,1.025382,0.2220296,0.7344705,0.622792,-0.297998,GotSelection
122.9656,24,2,3,0,0.9264165,0.9348459,0.2094972,33.05986,18.99615,30.76381,0.9601387,1.024567,0.2225589,0.7010421,0.6265374,-0.299871,SelectionStart
122.9656,24,2,3,0,0.9264165,0.9348459,0.2094972,33.05986,18.99615,30.76381,0.9601387,1.024567,0.2225589,0.7010421,0.6265374,-0.299871,SelectionEnd
122.9688,24,2,3,0,0.9264165,0.9348459,0.2094972,33.05986,18.99615,30.76381,0.9601387,1.024567,0.2225589,0.7010421,0.6265374,-0.299871,GotSelection
122.9784,24,2,3,0,0.9260856,0.9351221,0.2099222,33.25143,19.28036,31.06381,0.9554911,1.023484,0.2230804,0.6574532,0.628551,-0.3054824,SelectionStart
122.9784,24,2,3,0,0.9260856,0.9351221,0.2099222,33.25143,19.28036,31.06381,0.9554911,1.023484,0.2230804,0.6574532,0.628551,-0.3054824,SelectionEnd
122.9818,24,2,3,0,0.9260856,0.9351221,0.2099222,33.25143,19.28036,31.06381,0.9554911,1.023484,0.2230804,0.6574532,0.628551,-0.3054824,GotSelection
122.9949,24,2,3,0,0.9256394,0.9353979,0.2103973,33.48971,19.62175,31.4238,0.950517,1.02211,0.2233365,0.6111045,0.6267105,-0.3133518,SelectionStart
122.995,24,2,3,0,0.9256394,0.9353979,0.2103973,33.48971,19.62175,31.4238,0.950517,1.02211,0.2233365,0.6111045,0.6267105,-0.3133518,SelectionEnd
122.9982,24,2,3,0,0.9256394,0.9353979,0.2103973,33.48971,19.62175,31.4238,0.950517,1.02211,0.2233365,0.6111045,0.6267105,-0.3133518,GotSelection
123.0105,24,2,3,0,0.9248741,0.9360542,0.2110345,33.81575,20.1696,31.99129,0.9462536,1.020311,0.223571,0.5721683,0.6127622,-0.3161496,SelectionStart
123.0105,24,2,3,0,0.9248741,0.9360542,0.2110345,33.81575,20.1696,31.99129,0.9462536,1.020311,0.223571,0.5721683,0.6127622,-0.3161496,SelectionEnd
123.0139,24,2,3,0,0.9248741,0.9360542,0.2110345,33.81575,20.1696,31.99129,0.9462536,1.020311,0.223571,0.5721683,0.6127622,-0.3161496,GotSelection
123.0238,24,2,3,0,0.9238966,0.937018,0.2116327,34.18359,20.9124,32.75572,0.9431869,1.019061,0.2235638,0.5486089,0.5932527,-0.3180947,SelectionStart
123.0238,24,2,3,0,0.9238966,0.937018,0.2116327,34.18359,20.9124,32.75572,0.9431869,1.019061,0.2235638,0.5486089,0.5932527,-0.3180947,SelectionEnd
123.027,24,2,3,0,0.9238966,0.937018,0.2116327,34.18359,20.9124,32.75572,0.9431869,1.019061,0.2235638,0.5486089,0.5932527,-0.3180947,GotSelection
123.0372,24,2,3,0,0.9224555,0.9383844,0.2124641,34.61943,21.88431,33.79593,0.9409084,1.017831,0.2234708,0.5365003,0.5627285,-0.3169733,SelectionStart
123.0372,24,2,3,0,0.9224555,0.9383844,0.2124641,34.61943,21.88431,33.79593,0.9409084,1.017831,0.2234708,0.5365003,0.5627285,-0.3169733,SelectionEnd
123.0406,24,2,3,0,0.9224555,0.9383844,0.2124641,34.61943,21.88431,33.79593,0.9409084,1.017831,0.2234708,0.5365003,0.5627285,-0.3169733,GotSelection
123.05,24,2,3,0,0.9206793,0.9398597,0.2136996,35.1484,23.07335,35.09086,0.9378261,1.016197,0.2230722,0.518894,0.5237989,-0.3203572,SelectionStart
123.05,24,2,3,0,0.9206793,0.9398597,0.2136996,35.1484,23.07335,35.09086,0.9378261,1.016197,0.2230722,0.518894,0.5237989,-0.3203572,SelectionEnd
123.0535,24,2,3,0,0.9206793,0.9398597,0.2136996,35.1484,23.07335,35.09086,0.9378261,1.016197,0.2230722,0.518894,0.5237989,-0.3203572,GotSelection
123.1096,24,2,3,0,0.9093696,0.9489104,0.2215218,37.78392,30.62828,43.35137,0.9324089,1.011495,0.2200638,0.5439577,0.2705314,-0.3066615,Nothing
123.1212,24,2,3,0,0.9063725,0.9509739,0.2234623,38.30949,32.85536,45.61451,0.9322935,1.010749,0.2189519,0.5612466,0.2035605,-0.2957891,Nothing
123.1368,24,2,3,0,0.9024728,0.953644,0.2257861,38.79815,35.6732,48.4778,0.9323002,1.009757,0.2174037,0.5816166,0.1181964,-0.2745315,Nothing
123.1449,24,2,3,0,0.9006939,0.9548469,0.2270484,39.00032,37.11421,49.93544,0.9325098,1.009338,0.2167142,0.5920172,0.07657434,-0.2629769,Nothing
123.1531,24,2,3,0,0.8988091,0.9560143,0.22827,39.1637,38.4847,51.32642,0.9327801,1.008883,0.2160579,0.6027133,0.03562056,-0.2490233,Nothing
123.1609,24,2,3,0,0.8968686,0.9573007,0.2294791,39.28575,39.96767,52.83891,0.9328988,1.008373,0.2154703,0.6108868,-0.005651615,-0.2319356,Nothing
123.1696,24,2,3,0,0.8939793,0.9589778,0.2314157,39.40409,42.15108,55.07413,0.9331748,1.007572,0.2146316,0.6231734,-0.06657609,-0.2054364,Nothing
123.1772,24,2,3,0,0.892687,0.9597269,0.2321689,39.37454,42.9709,55.92068,0.9331942,1.007324,0.2145062,0.6278817,-0.08858443,-0.1922199,Nothing
123.1866,24,2,3,0,0.8893167,0.9616806,0.2337864,39.29289,45.41391,58.35839,0.9336253,1.006435,0.2139429,0.639883,-0.1477767,-0.1499756,Nothing
123.1946,24,2,3,0,0.8868144,0.9631372,0.2347582,39.07671,46.9612,59.89355,0.933632,1.006015,0.2134644,0.6464427,-0.1855199,-0.1198353,Nothing
123.2024,24,2,3,0,0.8846487,0.9643078,0.2356531,38.89297,48.49421,61.39795,0.9340376,1.005412,0.2130756,0.6528366,-0.220818,-0.08840618,Nothing
123.211,24,2,3,0,0.882388,0.9657068,0.2361513,38.55428,50.05809,62.82442,0.9345722,1.004955,0.2125709,0.659579,-0.2529069,-0.0511369,Nothing
123.2191,24,2,3,0,0.8800859,0.9670432,0.2371677,38.28413,51.59133,64.24742,0.9350709,1.004498,0.2120135,0.6652524,-0.289275,-0.01685077,Nothing
123.2285,24,2,3,0,0.8766956,0.9689202,0.2380235,37.69523,53.9813,66.41337,0.9360668,1.00391,0.2110553,0.6742869,-0.3370617,0.04136116,Nothing
123.2353,24,2,3,0,0.8753732,0.9697125,0.2383396,37.42744,54.85238,67.18836,0.9365181,1.003742,0.210665,0.6775474,-0.3550457,0.06498444,Nothing
123.2438,24,2,3,0,0.8716366,0.9715552,0.2398819,36.71167,57.2299,69.41042,0.9377444,1.003312,0.2095145,0.6866196,-0.4102861,0.12651,Nothing
123.2521,24,2,3,0,0.8693918,0.9725857,0.2408919,36.19394,58.73827,70.87968,0.9387417,1.002999,0.2087251,0.6911401,-0.4458823,0.16741,Nothing
123.2605,24,2,3,0,0.8670499,0.973701,0.2421657,35.67876,60.17583,72.31248,0.9396301,1.002708,0.208112,0.6934186,-0.4817502,0.2088629,Nothing
123.2699,24,2,3,0,0.8645571,0.9745488,0.2438906,35.18591,61.51731,73.77938,0.9404681,1.002455,0.207445,0.6963921,-0.5223985,0.2473542,Nothing
123.2775,24,2,3,0,0.8619938,0.9750397,0.2455813,34.66837,62.8119,75.1867,0.9411985,1.002238,0.2067614,0.7008341,-0.5609404,0.2844876,Nothing
123.2856,24,2,3,0,0.8595022,0.9756634,0.2473097,34.12724,64.05001,76.55657,0.9423428,1.002137,0.2061658,0.705599,-0.5996304,0.3254902,Nothing
123.2938,24,2,3,0,0.8565618,0.9764827,0.2488555,33.48376,65.32,77.90484,0.9431426,1.001898,0.2055718,0.7063071,-0.6361803,0.3725773,Nothing
123.302,24,2,3,0,0.8538598,0.977084,0.2502867,32.79595,66.55643,79.15492,0.9439284,1.001369,0.2050325,0.7037702,-0.6686596,0.4200525,Nothing
123.3106,24,2,3,0,0.8500834,0.9778596,0.252516,31.77086,68.35034,80.99725,0.9448515,1.001013,0.2042041,0.6985912,-0.7142717,0.4850044,Nothing
123.319,24,2,3,0,0.8474889,0.9786672,0.2537921,31.02481,69.45383,82.10074,0.9455008,1.00078,0.2036091,0.6918643,-0.7422823,0.5321122,Nothing
123.3268,24,2,3,0,0.8450044,0.9791649,0.2549101,30.24407,70.55759,83.13187,0.9461294,1.000434,0.2029898,0.6852205,-0.7664354,0.578814,Nothing
123.337,24,2,3,0,0.8426159,0.9795107,0.2558204,29.46259,71.54863,84.03956,0.9466771,1.000153,0.2023813,0.6791902,-0.7868798,0.6229956,Nothing
123.3435,24,2,3,0,0.8404906,0.9797268,0.2571264,28.75915,72.48024,84.91127,0.9464869,0.999999,0.201896,0.6700194,-0.8065926,0.6558001,Nothing
123.3534,24,2,3,0,0.8384176,0.9798671,0.2583532,28.05542,73.43124,85.80975,0.947135,0.9996656,0.2012158,0.6623859,-0.8288041,0.6964602,Nothing
123.361,24,2,3,0,0.8355834,0.9802141,0.2601354,27.04326,74.77608,87.07092,0.9477201,0.9991123,0.2005216,0.6455427,-0.855366,0.7532681,Nothing
123.3698,24,2,3,0,0.8344024,0.9799355,0.2611696,26.53893,75.58582,87.75337,0.9478955,0.9988146,0.1999954,0.6384696,-0.8683047,0.7781938,Nothing
123.3772,24,2,3,0,0.8326087,0.9799237,0.262448,25.84523,76.45913,88.56445,0.9480483,0.9984917,0.1994884,0.6264202,-0.8847805,0.8125125,Nothing
123.3854,24,2,3,0,0.830822,0.9797382,0.2637435,25.14141,77.33472,89.35645,0.9481272,0.9981497,0.199109,0.6148129,-0.8988883,0.846316,Nothing
123.3938,24,2,3,0,0.8288767,0.9795007,0.2651076,24.38933,78.17291,90.14692,0.9480511,0.9978344,0.1986643,0.6020244,-0.9141911,0.8800302,Nothing
123.4026,24,2,3,0,0.8267339,0.9790161,0.2667198,23.59241,78.97517,90.91808,0.9482644,0.9975365,0.198281,0.5919138,-0.9320201,0.9172562,Nothing
123.411,24,2,3,0,0.824669,0.9786046,0.2682629,22.79424,79.78043,91.70853,0.9480827,0.9972313,0.1979247,0.5779238,-0.9472303,0.9513138,Nothing
123.4192,24,2,3,0,0.8225785,0.9779657,0.269636,21.96542,80.60017,92.4622,0.9475644,0.9971325,0.1976853,0.566422,-0.9576445,0.9823304,Nothing
123.4276,24,2,3,0,0.819447,0.9771405,0.2718888,20.66894,81.85158,93.57787,0.947091,0.9964492,0.1971213,0.5413321,-0.9753217,1.035406,Nothing
123.4363,24,2,3,0,0.8171604,0.9765517,0.2730155,19.73019,82.66947,94.2561,0.946714,0.9961728,0.1968518,0.5261365,-0.9810519,1.07303,Nothing
123.4453,24,2,3,0,0.8149877,0.9759074,0.2743726,18.78737,83.47844,94.92012,0.9456401,0.9960528,0.1965398,0.5091904,-0.9875994,1.102147,Nothing
123.4612,24,2,3,0,0.811069,0.9746457,0.276864,17.00682,84.9959,96.14202,0.9447704,0.9954767,0.1959577,0.4755623,-0.9978364,1.168379,Nothing
123.4691,24,2,3,0,0.8093766,0.9737948,0.2782007,16.16178,85.75,96.74295,0.9443079,0.9952993,0.1956811,0.4609266,-1.002608,1.197524,Nothing
123.4777,24,2,3,0,0.8078368,0.9729146,0.2794666,15.30554,86.51042,97.29942,0.9439377,0.9951391,0.1954134,0.4466355,-1.005317,1.226562,Nothing
123.4858,24,2,3,0,0.8055191,0.9716334,0.2812416,14.01667,87.63451,98.0881,0.9435252,0.9949889,0.1950552,0.4257199,-1.006532,1.271915,Nothing
123.4949,24,2,3,0,0.8038223,0.9710053,0.2819322,13.05891,88.36556,98.42684,0.943114,0.9949151,0.1948059,0.4107299,-1.000008,1.30391,Nothing
123.5034,24,2,3,0,0.80213,0.970278,0.2829729,12.13101,89.08044,98.83482,0.9431285,0.9948941,0.1946546,0.3963576,-0.9966815,1.339234,Nothing
123.5117,24,2,3,0,0.8004236,0.9697102,0.2834691,11.14788,89.7614,99.0967,0.9427977,0.9949074,0.1943775,0.3809521,-0.9875913,1.37165,Nothing
123.5279,24,2,3,0,0.7970079,0.9686082,0.2846277,9.233031,91.07259,99.61229,0.9420629,0.9948599,0.1938598,0.347471,-0.9697749,1.434541,Nothing
123.5361,24,2,3,0,0.7955767,0.9678432,0.2853188,8.363829,91.64568,99.87096,0.9418798,0.9947013,0.1936666,0.3318511,-0.9629179,1.462792,Nothing
123.5443,24,2,3,0,0.7941521,0.967173,0.2857852,7.555689,92.20464,100.0711,0.9413749,0.9947054,0.1933863,0.3185382,-0.9545764,1.486818,Nothing
123.5528,24,2,3,0,0.7923235,0.9659324,0.2868795,6.388888,92.97864,100.4473,0.940819,0.9946569,0.1931643,0.2985328,-0.9458708,1.520253,Nothing
123.5603,24,2,3,0,0.7911245,0.9652146,0.2872304,5.706101,93.40231,100.6455,0.9402802,0.9946145,0.192894,0.2865281,-0.9395055,1.538469,Nothing
123.5699,24,2,3,0,0.7901929,0.9643834,0.2877567,5.08392,93.81701,100.8445,0.9397621,0.9945508,0.1928284,0.276505,-0.9334104,1.553454,Nothing
123.5771,24,2,3,0,0.7890984,0.9637083,0.287951,4.407043,94.28687,100.9483,0.9391032,0.9945793,0.1926535,0.2665033,-0.9225056,1.569793,Nothing
123.5863,24,2,3,0,0.7879506,0.9632633,0.2878678,3.66551,94.82721,100.9473,0.9385201,0.9944974,0.1925834,0.2540157,-0.9040577,1.588774,Nothing
123.5947,24,2,3,0,0.786759,0.9626567,0.2879863,2.887173,95.34897,100.9867,0.9379157,0.9944169,0.1925576,0.240741,-0.8877068,1.607737,Nothing
123.6028,24,2,3,0,0.7852277,0.9624816,0.2876773,1.987212,95.96858,100.8879,0.937355,0.9943253,0.1924538,0.2228077,-0.8624218,1.63233,Nothing
123.6109,24,2,3,0,0.783329,0.962473,0.2869778,0.9295083,96.72505,100.6223,0.936918,0.9941923,0.1923035,0.2016328,-0.8270577,1.66375,Nothing
123.6194,24,2,3,0,0.7807246,0.9620988,0.286485,359.4565,97.75352,100.3442,0.93614,0.9939884,0.1921467,0.1713342,-0.7832159,1.703883,Nothing
123.6271,24,2,3,0,0.778673,0.9620242,0.2858642,358.3914,98.47066,100.0537,0.9356267,0.9938371,0.1919235,0.1474609,-0.7493,1.733356,Nothing
123.6354,24,2,3,0,0.7767876,0.9616516,0.2854193,357.3874,99.1399,99.81198,0.935146,0.9936809,0.1917568,0.1261483,-0.7187889,1.7599,Nothing
123.6453,24,2,3,0,0.7742627,0.9618117,0.2847165,356.227,99.82771,99.39233,0.9345773,0.9934533,0.1915614,0.09537438,-0.6819577,1.791119,Nothing
123.6618,24,2,3,0,0.7698672,0.9613647,0.2835562,354.2397,101.0459,98.71844,0.9334655,0.9930987,0.1911106,0.04611409,-0.6200249,1.842095,Nothing
123.6695,24,2,3,0,0.7672784,0.9609057,0.2829308,352.9999,101.84,98.30106,0.9326231,0.9927971,0.1908614,0.01445357,-0.5813727,1.869566,Nothing
123.6774,24,2,3,0,0.7660961,0.9605002,0.2823273,352.4238,102.2839,98.03809,0.9323173,0.9925334,0.1905509,0.0009671489,-0.5597042,1.883027,Nothing
123.686,24,2,3,0,0.7653065,0.9602702,0.2817545,351.9852,102.634,97.79423,0.9317055,0.9922603,0.190444,-0.009705998,-0.5413682,1.887559,Nothing
123.694,24,2,3,0,0.7647585,0.9600978,0.2809275,351.6516,102.9326,97.51081,0.9312182,0.9918224,0.1903735,-0.01854822,-0.5223784,1.88914,Nothing
123.7027,24,2,3,0,0.7642007,0.960155,0.2799664,351.3993,103.1793,97.18556,0.9305841,0.9916185,0.1902938,-0.0242897,-0.5046473,1.888365,Nothing
123.7106,24,2,3,0,0.7644243,0.9602321,0.2786614,351.4009,103.2829,96.86975,0.929976,0.991327,0.1902156,-0.0220018,-0.491018,1.877691,Nothing
123.7194,24,2,3,0,0.7643106,0.9605662,0.2774669,351.2647,103.486,96.54336,0.9293589,0.9910522,0.1902161,-0.02685123,-0.4729237,1.87079,Nothing
123.7272,24,2,3,0,0.7643557,0.9607385,0.2763308,351.2105,103.6892,96.23611,0.9287468,0.9907314,0.1901469,-0.02820436,-0.4570078,1.862708,Nothing
123.7366,24,2,3,0,0.7638171,0.9610468,0.2747992,351.0594,104.0193,95.75645,0.9275234,0.9902314,0.1902252,-0.0336155,-0.4313337,1.853425,Nothing
123.7446,24,2,3,0,0.7637476,0.9611682,0.2738308,350.9582,104.2785,95.47587,0.9268585,0.9898927,0.1901886,-0.03686659,-0.4149114,1.846486,Nothing
123.7526,24,2,3,0,0.7640451,0.9611188,0.2729212,350.8295,104.5812,95.24099,0.9262335,0.989503,0.1901765,-0.03976819,-0.3984383,1.836815,Nothing
123.7608,24,2,3,0,0.7637212,0.9610468,0.2722999,350.5906,104.8982,95.02517,0.9254127,0.9890847,0.1900211,-0.04756086,-0.3843879,1.832326,Nothing
123.7694,24,2,3,0,0.7631387,0.9609891,0.2718208,350.2828,105.2498,94.81955,0.924654,0.9886963,0.1899952,-0.05793119,-0.3684087,1.831057,Nothing
123.7776,24,2,3,0,0.7620247,0.9611676,0.2713827,349.9515,105.5432,94.60324,0.9238214,0.9882347,0.1900035,-0.07294161,-0.3528304,1.833106,Nothing
123.7861,24,2,3,0,0.7610986,0.960987,0.2712055,349.5303,105.9125,94.44492,0.9229367,0.9877785,0.1900523,-0.08743942,-0.3377618,1.834227,Nothing
123.7941,24,2,3,0,0.7601128,0.9607671,0.2709818,349.1023,106.2525,94.2757,0.9221155,0.9871942,0.1901365,-0.1031973,-0.3224653,1.835707,Nothing
123.803,24,2,3,0,0.7585464,0.960407,0.2706771,348.4536,106.7594,94.01157,0.9206941,0.9865225,0.1901731,-0.1248045,-0.3014168,1.837249,Nothing
123.811,24,2,3,0,0.7572902,0.9602673,0.2703931,347.9643,107.1469,93.79132,0.9193569,0.9858963,0.1904373,-0.1429068,-0.2831566,1.834885,Nothing
123.8198,24,2,3,0,0.7564349,0.9601727,0.2700811,347.5751,107.5158,93.57357,0.9181371,0.985345,0.1905132,-0.157288,-0.2683236,1.830172,Nothing
123.8282,24,2,3,0,0.7558605,0.9602513,0.2695147,347.2827,107.8783,93.33157,0.9167501,0.9846069,0.1907416,-0.1707194,-0.2514327,1.819151,Nothing
123.836,24,2,3,0,0.7555934,0.9602351,0.269049,347.0738,108.1707,93.15114,0.9155011,0.9838263,0.1909875,-0.181084,-0.2383279,1.806617,Nothing
123.8441,24,2,3,0,0.7551864,0.960285,0.2685104,346.8534,108.4575,92.94872,0.9135391,0.9827287,0.1913623,-0.1940933,-0.2254153,1.786956,Nothing
123.8529,24,2,3,0,0.7554455,0.9605541,0.2678428,346.8942,108.5671,92.79114,0.9117365,0.9817215,0.1916045,-0.1995156,-0.2201384,1.762271,Nothing
123.8608,24,2,3,0,0.755642,0.9608417,0.2666839,346.8817,108.8209,92.52383,0.9090115,0.9801384,0.1919287,-0.2096133,-0.208062,1.726643,Nothing
123.8695,24,2,3,0,0.7561678,0.9612118,0.2657974,347.0209,108.9088,92.36164,0.9068905,0.9788763,0.1921424,-0.2143807,-0.2039112,1.695271,Nothing
123.8782,24,2,3,0,0.7567273,0.9617056,0.2649673,347.1303,108.9802,92.22271,0.9047885,0.977562,0.1923414,-0.2220787,-0.2008988,1.663449,Nothing
123.8861,24,2,3,0,0.7570985,0.9620485,0.2641605,347.2374,109.0376,92.07507,0.9024201,0.9760776,0.1924727,-0.2300899,-0.1995559,1.63112,Nothing
123.8946,24,2,3,0,0.7571419,0.9623325,0.2634071,347.2686,109.0992,91.91345,0.899852,0.9744961,0.1924485,-0.2411562,-0.1997406,1.600332,Nothing
123.9028,24,2,3,0,0.7572039,0.9625483,0.2628345,347.2509,109.2436,91.77739,0.8975199,0.9728588,0.1923955,-0.254217,-0.1988727,1.572399,Nothing
123.9109,24,2,3,0,0.7572297,0.962703,0.2624207,347.1865,109.4535,91.65947,0.8950016,0.9711207,0.1923199,-0.2688688,-0.1985278,1.54358,Nothing
123.9192,24,2,3,0,0.7573958,0.9627525,0.2620782,347.1106,109.6955,91.56815,0.8920767,0.9694273,0.1921313,-0.2814441,-0.2011493,1.510643,Nothing
123.9274,24,2,3,0,0.7576056,0.9628398,0.2617651,346.991,110.0998,91.47007,0.8882272,0.9665474,0.191967,-0.3052407,-0.2029864,1.466247,Nothing
123.9362,24,2,3,0,0.7576851,0.9629397,0.2615187,346.9438,110.3455,91.39609,0.8857073,0.96436,0.1920631,-0.3232082,-0.2024632,1.436191,Nothing
123.9441,24,2,3,0,0.757827,0.9630093,0.2612472,346.8732,110.6193,91.31191,0.883164,0.9622372,0.1919796,-0.3407245,-0.2033499,1.406053,Nothing
123.9529,24,2,3,0,0.7579733,0.9630752,0.260957,346.7946,110.9297,91.21342,0.8804113,0.9598262,0.1921263,-0.3604497,-0.2020762,1.372468,Nothing
123.9604,24,2,3,0,0.7580562,0.9631578,0.2606558,346.7259,111.1398,91.11611,0.8777365,0.9573731,0.1922065,-0.3807811,-0.2036052,1.339933,Nothing
123.9707,24,2,3,0,0.7579222,0.9632957,0.2599284,346.6269,111.3918,90.92402,0.8737536,0.9533403,0.1925523,-0.4145998,-0.2023321,1.290875,Nothing
123.9866,24,2,3,0,0.7576523,0.9636371,0.2585666,346.5338,111.7515,90.5342,0.8679768,0.9478887,0.1930031,-0.4592916,-0.1998775,1.220282,Nothing
123.9953,24,2,3,0,0.7571999,0.9637508,0.2579588,346.461,111.9201,90.32882,0.8653567,0.94504,0.1931505,-0.48415,-0.1986778,1.19046,Nothing
124.0106,24,2,3,0,0.7574388,0.9644763,0.2552928,346.4747,112.8203,89.56854,0.8602878,0.9388772,0.1939571,-0.5355673,-0.1738522,1.115179,Nothing
124.0192,24,2,3,0,0.7574775,0.9650056,0.2540159,346.451,113.2388,89.2178,0.8577711,0.9359586,0.1941644,-0.5625886,-0.1650433,1.078794,Nothing
124.0275,24,2,3,0,0.7572784,0.9654685,0.2523762,346.3683,113.9163,88.68642,0.8556817,0.9335083,0.194803,-0.5861388,-0.1434174,1.046412,Nothing
124.0363,24,2,3,0,0.7570828,0.9656808,0.2508953,346.2296,114.5196,88.22288,0.8536283,0.9312986,0.1952839,-0.6064057,-0.1262871,1.015553,Nothing
124.0443,24,2,3,0,0.7565542,0.9659643,0.2495011,346.0429,115.1825,87.72493,0.8519454,0.9293615,0.1957897,-0.6272993,-0.1067778,0.9908816,Nothing
124.0529,24,2,3,0,0.7557437,0.9664029,0.2476562,345.851,116.0149,87.06895,0.8491469,0.9268367,0.1965793,-0.6531658,-0.08385183,0.9533072,Nothing
124.0615,24,2,3,0,0.7550216,0.9664825,0.2466205,345.6129,116.5977,86.65721,0.8480317,0.9258487,0.1972335,-0.6657743,-0.06461655,0.9373561,Nothing
124.0693,24,2,3,0,0.754331,0.966467,0.2457325,345.3694,117.1864,86.28246,0.8471467,0.9252944,0.1979994,-0.6739075,-0.04433258,0.9241532,Nothing
124.0772,24,2,3,0,0.7537653,0.9664772,0.2447307,345.1522,117.8128,85.90227,0.8466615,0.9250966,0.1987439,-0.6791657,-0.02135222,0.9136524,Nothing
124.0861,24,2,3,0,0.7531493,0.9662805,0.2439323,344.8762,118.5943,85.50482,0.8465317,0.9259765,0.1998861,-0.6740348,0.008607732,0.9078419,Nothing
124.0945,24,2,3,0,0.7526953,0.9662205,0.2428855,344.6775,119.3259,85.07382,0.8460004,0.9266777,0.2010382,-0.6692476,0.03666699,0.8954615,Nothing
124.1059,24,2,3,0,0.7519465,0.9659127,0.2414808,344.3221,120.6252,84.39037,0.8458923,0.9283601,0.2028604,-0.6574501,0.08533812,0.8837737,Nothing
124.1241,24,2,3,0,0.7498,0.9648384,0.2392754,343.5289,122.8511,83.09438,0.8471535,0.9313557,0.20529,-0.6427392,0.1714581,0.8836301,Nothing
124.1372,24,2,3,0,0.7476227,0.9635797,0.2385261,342.7722,124.2715,82.2725,0.8474616,0.9357948,0.207627,-0.6094954,0.2332223,0.8895326,Nothing
124.1449,24,2,3,0,0.745628,0.9624004,0.2386729,342.0608,125.2841,81.74252,0.8479425,0.938026,0.2089184,-0.5982918,0.2720349,0.9008529,Nothing
124.1522,24,2,3,0,0.7445869,0.9607744,0.239268,341.3283,126.4679,81.32522,0.8485946,0.9403559,0.2100622,-0.5801714,0.3070686,0.9094799,Nothing
124.1608,24,2,3,0,0.7422336,0.9590056,0.240413,340.3458,127.6443,80.83438,0.8491198,0.9426903,0.2112291,-0.5703599,0.3437831,0.9283882,Nothing
124.1691,24,2,3,0,0.740021,0.9570568,0.2418462,339.3298,128.9097,80.35381,0.8499706,0.9447833,0.2123064,-0.5638673,0.3809297,0.9495432,Nothing
124.1768,24,2,3,0,0.7382486,0.9551131,0.2432009,338.4355,130.1679,79.93208,0.8504505,0.9470814,0.2132647,-0.5511405,0.4150098,0.966572,Nothing
124.1861,24,2,3,0,0.7363361,0.9521379,0.2452727,337.205,132.0184,79.33124,0.8510317,0.9504881,0.2144634,-0.5281004,0.4599044,0.9888517,Nothing
124.1936,24,2,3,0,0.7356296,0.9503273,0.2463576,336.5533,133.2371,78.93632,0.8512515,0.9523558,0.2153071,-0.5124483,0.4879737,0.995696,Nothing
124.2027,24,2,3,0,0.7353498,0.9486844,0.2470545,336.0622,134.3569,78.57207,0.8513474,0.9545403,0.2156005,-0.4906707,0.5108121,1.002632,Nothing
124.2115,24,2,3,0,0.7348721,0.9470375,0.2476867,335.5518,135.4786,78.15752,0.8515303,0.9565479,0.2161905,-0.472278,0.5377728,1.008379,Nothing
124.2191,24,2,3,0,0.7346503,0.9454039,0.247747,335.238,136.4616,77.75422,0.8515566,0.9586217,0.2164735,-0.4480505,0.5625693,1.012515,Nothing
124.2269,24,2,3,0,0.7349417,0.9443115,0.2467853,335.1834,137.4352,77.26891,0.8513851,0.9606247,0.2165632,-0.4214469,0.5879537,1.005312,Nothing
124.2355,24,2,3,0,0.7345804,0.9430166,0.2462043,334.9572,138.6065,76.6538,0.8510793,0.9624962,0.2167946,-0.4012088,0.6172684,1.000036,Nothing
124.2437,24,2,3,0,0.7341589,0.9413359,0.2446285,334.7487,140.4095,75.61186,0.8508559,0.9643347,0.2169392,-0.3811456,0.6635187,0.9831964,Nothing
124.2519,24,2,3,0,0.7333423,0.9402603,0.2440272,334.5345,141.7695,74.87576,0.8503181,0.966888,0.2173059,-0.3592192,0.6992233,0.9768797,Nothing
124.2602,24,2,3,0,0.7327893,0.9391179,0.2429149,334.4023,143.0002,74.11222,0.850042,0.9685709,0.2175091,-0.3433537,0.7333671,0.9657276,Nothing
124.2692,24,2,3,0,0.731647,0.9380758,0.2407871,334.3861,144.3375,73.04649,0.8493697,0.9699187,0.2177511,-0.3328701,0.7753833,0.9439921,Nothing
124.2771,24,2,3,0,0.7306603,0.9374615,0.2388974,334.4023,145.6921,72.06351,0.848793,0.9711703,0.2179621,-0.3261752,0.8142412,0.9202965,Nothing
124.2867,24,2,3,0,0.729476,0.9363542,0.2369162,334.4092,146.9335,71.04797,0.8480582,0.9721054,0.2182321,-0.3192811,0.8523344,0.8969201,Nothing
124.2945,24,2,3,0,0.7281309,0.9350106,0.2352221,334.3416,148.0627,70.09486,0.8474951,0.9733077,0.218601,-0.3110153,0.8910503,0.8795375,Nothing
124.3019,24,2,3,0,0.7266542,0.9335659,0.2336043,334.2357,149.1036,69.14378,0.8467631,0.9741068,0.21899,-0.306554,0.9264635,0.8616402,Nothing
124.3104,24,2,3,0,0.7247022,0.9313378,0.2314689,334.0734,150.5854,67.83451,0.8457131,0.9753651,0.2197679,-0.2971108,0.9768606,0.8351907,Nothing
124.3187,24,2,3,0,0.7237889,0.9302164,0.2300966,333.9307,151.3755,67.15288,0.8448542,0.9757736,0.2203317,-0.2927188,1.001316,0.8142904,Nothing
124.327,24,2,3,0,0.7230613,0.9286042,0.2293005,333.7384,152.0609,66.60099,0.8439364,0.9760059,0.2209692,-0.2839369,1.020786,0.7994478,Nothing
124.3354,24,2,3,0,0.7224625,0.9267491,0.2286738,333.5988,152.8232,66.10796,0.8429726,0.9757992,0.2218658,-0.2737206,1.040258,0.7808079,Nothing
124.3442,24,2,3,0,0.7222371,0.92527,0.2283529,333.4623,153.6956,65.64082,0.8419936,0.9757113,0.2225264,-0.2635195,1.054033,0.7619468,Nothing
124.3524,24,2,3,0,0.7227185,0.9237065,0.2280361,333.4116,154.7301,65.22684,0.8409516,0.9755455,0.2234009,-0.24583,1.065646,0.7353943,Nothing
124.3615,24,2,3,0,0.722013,0.9213169,0.2290411,332.8643,156.0205,64.56163,0.8393465,0.974999,0.2243661,-0.2396599,1.075668,0.7215003,Nothing
124.3693,24,2,3,0,0.7222588,0.9206506,0.2283164,332.9471,156.6663,64.25,0.8385567,0.9748431,0.2250275,-0.229169,1.084234,0.6974083,Nothing
124.3769,24,2,3,0,0.7221453,0.9204527,0.2273763,333.0212,156.5562,64.15474,0.8375133,0.9743231,0.2256009,-0.2247782,1.082936,0.6814284,Nothing
124.3856,24,2,3,0,0.7207314,0.9197445,0.2273533,332.8386,156.8249,63.72654,0.836537,0.9736953,0.2260995,-0.2345602,1.089823,0.6753907,Nothing
124.3931,24,2,3,0,0.7193429,0.9193192,0.2274769,332.7747,157.1186,63.30665,0.8352597,0.9729474,0.2266337,-0.2444567,1.092825,0.6662143,Nothing
124.4025,24,2,3,0,0.7178695,0.9192505,0.2270996,332.7804,157.3537,62.86941,0.8343468,0.9724187,0.2271141,-0.2570496,1.100606,0.6548501,Nothing
124.4126,24,2,3,0,0.7155321,0.9195213,0.2269818,332.7823,157.7943,62.1961,0.833802,0.971882,0.227665,-0.2839768,1.116117,0.6440927,Nothing
124.4261,24,2,3,0,0.7114397,0.9194461,0.2266947,332.6937,158.1049,61.19403,0.8328463,0.9713005,0.2284682,-0.3240244,1.141048,0.6381715,Nothing
124.4359,24,2,3,0,0.7087762,0.9191203,0.2268506,332.5155,158.3614,60.55802,0.8323994,0.9709389,0.229243,-0.3500436,1.158918,0.636423,Nothing
124.4436,24,2,3,0,0.7043435,0.9183468,0.2266466,332.2715,158.6901,59.49892,0.8315261,0.970446,0.2301997,-0.3903382,1.188277,0.6347879,Nothing
124.4511,24,2,3,0,0.7016937,0.9179883,0.2263013,332.1749,158.9615,58.82285,0.8312885,0.9702939,0.2307991,-0.4160268,1.20981,0.6309546,Nothing
124.4587,24,2,3,0,0.6986388,0.9176196,0.2259191,332.0628,159.1963,58.09213,0.8308368,0.9700827,0.2315283,-0.444941,1.232049,0.626675,Nothing
124.4676,24,2,3,0,0.6960016,0.9171564,0.2252486,332.0247,159.4054,57.4128,0.830341,0.9698793,0.23227,-0.4683299,1.253172,0.6188446,Nothing
124.4754,24,2,3,0,0.6936842,0.9166368,0.2245035,332.032,159.6766,56.78987,0.8296602,0.9696856,0.2330236,-0.4861737,1.272617,0.6073535,Nothing
124.4841,24,2,3,0,0.691893,0.9161536,0.2238665,332.0627,160.0063,56.21065,0.8290343,0.9694792,0.2337452,-0.5003117,1.288658,0.5938309,Nothing
124.4922,24,2,3,0,0.6905644,0.9162148,0.2227577,332.0939,160.208,55.76871,0.8279569,0.9692965,0.234528,-0.5090481,1.298013,0.5730247,Nothing
124.5011,24,2,3,0,0.6893666,0.9158541,0.2222811,332.0915,160.3416,55.42759,0.8272264,0.9691046,0.2351721,-0.5159858,1.306641,0.5629448,Nothing
124.5089,24,2,3,0,0.6886882,0.9155068,0.2221502,332.0472,160.4701,55.22398,0.8263475,0.9687614,0.2355578,-0.5179465,1.307409,0.555504,Nothing
124.5175,24,2,3,0,0.6867932,0.9154181,0.221314,332.1015,160.6319,54.77117,0.8250645,0.9685081,0.2362077,-0.5297403,1.316766,0.540185,Nothing
124.5283,24,2,3,0,0.6871665,0.9151617,0.2216316,332.062,160.673,54.82807,0.8237676,0.9687319,0.2360244,-0.5144035,1.305724,0.5411082,Nothing
124.5345,24,2,3,0,0.6874171,0.915184,0.2217433,332.0572,160.6868,54.87897,0.8226628,0.9684775,0.2361383,-0.5059746,1.295442,0.5354654,Nothing
124.5426,24,2,3,0,0.6880151,0.9153481,0.2219224,332.0714,160.6604,55.03146,0.8215939,0.9684606,0.2361945,-0.4927666,1.283343,0.5311357,Nothing
124.5504,24,2,3,0,0.6896603,0.9146607,0.2220325,332.1093,160.6522,55.20716,0.8205385,0.9684598,0.2362206,-0.4653124,1.269132,0.5270104,Nothing
124.5592,24,2,3,0,0.6904839,0.9147968,0.2222473,332.141,160.661,55.37387,0.8194835,0.9684209,0.236316,-0.4501245,1.256009,0.5212129,Nothing
124.5669,24,2,3,0,0.6911138,0.9148411,0.2224747,332.1692,160.7225,55.46523,0.8181152,0.9686539,0.2360981,-0.4334586,1.242026,0.5185606,Nothing
124.5761,24,2,3,0,0.6918343,0.9145525,0.2225388,332.2172,160.8171,55.59364,0.8166198,0.9687549,0.2360794,-0.4121131,1.230083,0.5124024,Nothing
124.5849,24,2,3,0,0.6919217,0.9144628,0.2225227,332.2509,160.9537,55.53699,0.8154647,0.9688895,0.2360328,-0.402342,1.22339,0.5072226,Nothing
124.5928,24,2,3,0,0.6918657,0.9146036,0.2224544,332.3022,161.0647,55.49448,0.8138741,0.9692276,0.2359128,-0.3905562,1.214296,0.5016593,Nothing
124.6012,24,2,3,0,0.6915875,0.9145062,0.222256,332.3413,161.1818,55.36216,0.8126093,0.9693608,0.2358755,-0.3837774,1.209752,0.4960354,Nothing
124.6091,24,2,3,0,0.6912234,0.9143435,0.2221557,332.3483,161.3067,55.21622,0.8114191,0.9695238,0.2358125,-0.378061,1.206013,0.4924757,Nothing
124.6178,24,2,3,0,0.6907765,0.9142726,0.2219133,332.3717,161.3564,55.08425,0.8101143,0.9696301,0.235808,-0.3728513,1.201824,0.487718,Nothing
124.6253,24,2,3,0,0.690378,0.9147127,0.2216643,332.42,161.3703,55.04868,0.808791,0.9697142,0.2358257,-0.3690756,1.194979,0.4804984,Nothing
124.6347,24,2,3,0,0.6899655,0.9150916,0.2212728,332.4636,161.3824,54.96463,0.8067234,0.969781,0.2357974,-0.3609,1.183364,0.47062,Nothing
124.6418,24,2,3,0,0.6899331,0.9151195,0.2212392,332.4646,161.3428,54.98106,0.8059661,0.9697665,0.2358191,-0.3560654,1.17808,0.4685615,Nothing
124.6515,24,2,3,0,0.6897756,0.9153588,0.2215063,332.4497,161.3066,55.0284,0.8035414,0.9694517,0.2359196,-0.3444219,1.158249,0.4615579,Nothing
124.6588,24,2,3,0,0.6895986,0.9152141,0.2215962,332.4239,161.2822,55.03189,0.8020974,0.9693915,0.2358969,-0.3356366,1.148858,0.4598477,Nothing
124.668,24,2,3,0,0.6894566,0.9150628,0.2217919,332.3891,161.3093,55.00183,0.8007912,0.969331,0.2356983,-0.3284635,1.13895,0.460038,Nothing
124.6763,24,2,3,0,0.6892006,0.9149429,0.2218783,332.3643,161.3329,54.99058,0.7993355,0.9692075,0.2355978,-0.3209509,1.129518,0.4579084,Nothing
124.6846,24,2,3,0,0.6889433,0.9147698,0.2219732,332.3236,161.3833,54.93045,0.7977944,0.968924,0.2354528,-0.3146743,1.118542,0.4551453,Nothing
124.6925,24,2,3,0,0.6888605,0.9146906,0.2220601,332.2982,161.3895,54.91743,0.7967191,0.9688112,0.2352626,-0.3090673,1.109788,0.4545641,Nothing
124.7014,24,2,3,0,0.6886403,0.9145979,0.2220732,332.2734,161.3967,54.88067,0.7944599,0.9682648,0.2351357,-0.299642,1.092094,0.4477808,Nothing
124.7095,24,2,3,0,0.6886379,0.9145845,0.2221195,332.27,161.3759,54.88492,0.7930964,0.9679344,0.2350011,-0.2930962,1.07976,0.4442638,Nothing
124.7175,24,2,3,0,0.688697,0.9146261,0.2220683,332.2849,161.3302,54.93661,0.7915943,0.9673998,0.2350023,-0.2858027,1.066021,0.4372109,Nothing
124.7262,24,2,3,0,0.6887193,0.9146661,0.2220353,332.293,161.313,54.95137,0.7900955,0.9668048,0.2350378,-0.2797962,1.052356,0.4294322,Nothing
124.7356,24,2,3,0,0.6889955,0.9148101,0.2219727,332.3297,161.2732,55.01465,0.7881896,0.9661115,0.2351558,-0.2696626,1.033756,0.41798,Nothing
124.7442,24,2,3,0,0.689096,0.9148658,0.2219059,332.3631,161.245,55.07317,0.7859802,0.9651731,0.2353217,-0.2598301,1.013756,0.40479,Nothing
124.7512,24,2,3,0,0.689174,0.9148974,0.2218999,332.3749,161.2464,55.09171,0.7854886,0.9649764,0.2352604,-0.25736,1.00841,0.4024331,Nothing
124.7599,24,2,3,0,0.6894079,0.9150617,0.2217139,332.4435,161.2725,55.11465,0.7835183,0.9642444,0.235435,-0.2475248,0.9906701,0.387881,Nothing
124.7682,24,2,3,0,0.6895127,0.9151571,0.2215817,332.4837,161.2869,55.11859,0.7823784,0.9636791,0.2355583,-0.2431917,0.9800724,0.3784952,Nothing
124.7765,24,2,3,0,0.6905074,0.9152544,0.2212202,332.5695,161.3059,55.19781,0.7812029,0.9633073,0.2356929,-0.2292316,0.9656733,0.3649191,Nothing
124.7848,24,2,3,0,0.6906433,0.9152647,0.2210916,332.6054,161.3611,55.17527,0.7800612,0.9629642,0.2358145,-0.2227284,0.9565048,0.3563964,Nothing
124.7938,24,2,3,0,0.6908093,0.9153051,0.2210854,332.6173,161.3908,55.17358,0.7789435,0.962676,0.2358651,-0.2162364,0.9462321,0.3501608,Nothing
124.8015,24,2,3,0,0.6909366,0.9153024,0.2210328,332.6165,161.3865,55.17694,0.7778194,0.9624072,0.2359782,-0.2094387,0.9368403,0.3439368,Nothing
124.8107,24,2,3,0,0.6911522,0.9153279,0.2209263,332.631,161.3889,55.18884,0.776179,0.9619365,0.2361454,-0.1998368,0.922661,0.3337673,Nothing
124.819,24,2,3,0,0.6902836,0.9153576,0.2214662,332.6066,161.3877,55.2214,0.7751647,0.9618877,0.2362676,-0.1997877,0.9190712,0.3367338,Nothing
124.8277,24,2,3,0,0.6903293,0.9154245,0.2213837,332.6074,161.3802,55.24071,0.7742748,0.9623273,0.2364955,-0.1898657,0.9160085,0.3332097,Nothing
124.8359,24,2,3,0,0.6899337,0.9157093,0.2214818,332.6067,161.3736,55.24695,0.773363,0.962579,0.2367497,-0.1862841,0.9129722,0.3303125,Nothing
124.8436,24,2,3,0,0.6899446,0.915805,0.221416,332.631,161.3755,55.24643,0.7724907,0.9629588,0.2370985,-0.1773561,0.910428,0.3253489,Nothing
124.8528,24,2,3,0,0.6899812,0.9159008,0.2213545,332.6563,161.3837,55.25084,0.7716678,0.9634628,0.2375399,-0.1673984,0.9092013,0.3201852,Nothing
124.8606,24,2,3,0,0.689991,0.9160495,0.2212328,332.6936,161.3696,55.25227,0.7709122,0.9640642,0.2380045,-0.1576894,0.909211,0.3149863,Nothing
124.8694,24,2,3,0,0.690056,0.9161811,0.2211634,332.7346,161.3627,55.26317,0.7698472,0.9649556,0.238625,-0.1428606,0.9088323,0.3091462,Nothing
124.8774,24,2,3,0,0.6906764,0.9167847,0.2205963,332.8153,161.2901,55.32688,0.7691521,0.9656857,0.2391154,-0.1301559,0.9056904,0.2971857,Nothing
124.8859,24,2,3,0,0.6907894,0.9169756,0.2204169,332.8655,161.2989,55.32643,0.7684216,0.9663967,0.2396179,-0.1191507,0.9061228,0.2908166,Nothing
124.8938,24,2,3,0,0.6906936,0.9166775,0.2204694,332.9194,161.2934,55.35071,0.7677397,0.9671319,0.2400108,-0.1063093,0.9092441,0.2906568,Nothing
124.9026,24,2,3,0,0.6908863,0.9168301,0.2202873,332.9838,161.3197,55.36189,0.7669934,0.9677533,0.2403706,-0.09498126,0.9081265,0.2846163,Nothing
124.9108,24,2,3,0,0.6910357,0.9168206,0.2202135,333.024,161.3361,55.3601,0.7662212,0.9682978,0.2407144,-0.08370536,0.9067809,0.28039,Nothing
124.9194,24,2,3,0,0.6912077,0.9169796,0.2200242,333.0862,161.3398,55.3764,0.7654137,0.9688126,0.2409638,-0.0731815,0.9041331,0.2748694,Nothing
124.9283,24,2,3,0,0.6914011,0.9172896,0.2195228,333.1566,161.3454,55.39745,0.764221,0.9695907,0.2412337,-0.05840534,0.9009089,0.2657119,Nothing
124.9441,24,2,3,0,0.6917161,0.9175862,0.2191531,333.2607,161.3423,55.42948,0.762542,0.9703358,0.2412683,-0.04010901,0.891398,0.2576644,SelectionStart
124.9441,24,2,3,0,0.6917161,0.9175862,0.2191531,333.2607,161.3423,55.42948,0.762542,0.9703358,0.2412683,-0.04010901,0.891398,0.2576644,SelectionEnd
124.9474,24,2,3,0,0.6917161,0.9175862,0.2191531,333.2607,161.3423,55.42948,0.762542,0.9703358,0.2412683,-0.04010901,0.891398,0.2576644,GotSelection
124.9572,24,2,3,0,0.6918528,0.9177145,0.2190471,333.3072,161.3545,55.43857,0.7613277,0.9707096,0.2412452,-0.02871423,0.8836316,0.2536096,SelectionStart
124.9573,24,2,3,0,0.6918528,0.9177145,0.2190471,333.3072,161.3545,55.43857,0.7613277,0.9707096,0.2412452,-0.02871423,0.8836316,0.2536096,SelectionEnd
124.9606,24,2,3,0,0.6918528,0.9177145,0.2190471,333.3072,161.3545,55.43857,0.7613277,0.9707096,0.2412452,-0.02871423,0.8836316,0.2536096,GotSelection
124.9697,24,2,3,0,0.6919703,0.9179254,0.2188001,333.3865,161.4062,55.42008,0.7601507,0.9711691,0.240914,-0.01808988,0.8756194,0.2504462,SelectionStart
124.9697,24,2,3,0,0.6919703,0.9179254,0.2188001,333.3865,161.4062,55.42008,0.7601507,0.9711691,0.240914,-0.01808988,0.8756194,0.2504462,SelectionEnd
124.9736,24,2,3,0,0.6919703,0.9179254,0.2188001,333.3865,161.4062,55.42008,0.7601507,0.9711691,0.240914,-0.01808988,0.8756194,0.2504462,GotSelection
124.9848,24,2,3,0,0.6921273,0.9182609,0.2183076,333.4956,161.4395,55.40849,0.7584729,0.9714341,0.2407016,-0.005508736,0.8639687,0.2410706,SelectionStart
124.9848,24,2,3,0,0.6921273,0.9182609,0.2183076,333.4956,161.4395,55.40849,0.7584729,0.9714341,0.2407016,-0.005508736,0.8639687,0.2410706,SelectionEnd
124.9883,24,2,3,0,0.6921273,0.9182609,0.2183076,333.4956,161.4395,55.40849,0.7584729,0.9714341,0.2407016,-0.005508736,0.8639687,0.2410706,GotSelection
124.9999,24,2,3,0,0.6924658,0.9186132,0.2178344,333.618,161.4275,55.44267,0.7567787,0.9711919,0.2400313,0.004132502,0.845612,0.2332627,SelectionStart
125,24,2,3,0,0.6924658,0.9186132,0.2178344,333.618,161.4275,55.44267,0.7567787,0.9711919,0.2400313,0.004132502,0.845612,0.2332627,SelectionEnd
125.0035,24,2,3,0,0.6924658,0.9186132,0.2178344,333.618,161.4275,55.44267,0.7567787,0.9711919,0.2400313,0.004132502,0.845612,0.2332627,GotSelection
125.0138,24,2,3,0,0.6926385,0.918715,0.2175195,333.7327,161.4308,55.47343,0.7549707,0.9707919,0.2392498,0.0136199,0.8267341,0.2282687,SelectionStart
125.0139,24,2,3,0,0.6926385,0.918715,0.2175195,333.7327,161.4308,55.47343,0.7549707,0.9707919,0.2392498,0.0136199,0.8267341,0.2282687,SelectionEnd
125.0172,24,2,3,0,0.6926385,0.918715,0.2175195,333.7327,161.4308,55.47343,0.7549707,0.9707919,0.2392498,0.0136199,0.8267341,0.2282687,GotSelection
125.0276,24,2,3,0,0.6928817,0.9189059,0.2172148,333.8235,161.4711,55.48876,0.7537181,0.9700813,0.2381281,0.01610253,0.8075048,0.2257658,SelectionStart
125.0276,24,2,3,0,0.6928817,0.9189059,0.2172148,333.8235,161.4711,55.48876,0.7537181,0.9700813,0.2381281,0.01610253,0.8075048,0.2257658,SelectionEnd
125.0309,24,2,3,0,0.6928817,0.9189059,0.2172148,333.8235,161.4711,55.48876,0.7537181,0.9700813,0.2381281,0.01610253,0.8075048,0.2257658,GotSelection
125.041,24,2,3,0,0.693096,0.9191791,0.2168086,333.9315,161.5177,55.49516,0.751978,0.9692872,0.2359678,0.01874539,0.7794215,0.2291818,SelectionStart
125.041,24,2,3,0,0.693096,0.9191791,0.2168086,333.9315,161.5177,55.49516,0.751978,0.9692872,0.2359678,0.01874539,0.7794215,0.2291818,SelectionEnd
125.0446,24,2,3,0,0.693096,0.9191791,0.2168086,333.9315,161.5177,55.49516,0.751978,0.9692872,0.2359678,0.01874539,0.7794215,0.2291818,GotSelection
125.0553,24,2,3,0,0.693225,0.9192816,0.2167182,333.989,161.4716,55.54856,0.7509707,0.9681956,0.2337594,0.01447865,0.754316,0.2389386,SelectionStart
125.0553,24,2,3,0,0.693225,0.9192816,0.2167182,333.989,161.4716,55.54856,0.7509707,0.9681956,0.2337594,0.01447865,0.754316,0.2389386,SelectionEnd
125.0586,24,2,3,0,0.693225,0.9192816,0.2167182,333.989,161.4716,55.54856,0.7509707,0.9681956,0.2337594,0.01447865,0.754316,0.2389386,GotSelection
125.0696,24,2,3,0,0.6935174,0.9195396,0.2165145,334.0441,161.4156,55.62404,0.7497181,0.9666791,0.2311119,0.008222438,0.7215824,0.2478645,SelectionStart
125.0696,24,2,3,0,0.6935174,0.9195396,0.2165145,334.0441,161.4156,55.62404,0.7497181,0.9666791,0.2311119,0.008222438,0.7215824,0.2478645,SelectionEnd
125.0732,24,2,3,0,0.6935174,0.9195396,0.2165145,334.0441,161.4156,55.62404,0.7497181,0.9666791,0.2311119,0.008222438,0.7215824,0.2478645,GotSelection
125.0897,24,2,3,0,0.6937234,0.9196152,0.2164652,334.0777,161.3912,55.67734,0.7484716,0.9646122,0.2273451,-0.003829375,0.6812082,0.2663662,SelectionStart
125.0897,24,2,3,0,0.6937234,0.9196152,0.2164652,334.0777,161.3912,55.67734,0.7484716,0.9646122,0.2273451,-0.003829375,0.6812082,0.2663662,SelectionEnd
125.0934,24,2,3,0,0.6937234,0.9196152,0.2164652,334.0777,161.3912,55.67734,0.7484716,0.9646122,0.2273451,-0.003829375,0.6812082,0.2663662,GotSelection
125.1368,24,2,3,0,0.6940916,0.9195678,0.2164625,334.1716,161.31,55.85054,0.7465075,0.9558455,0.2109156,-0.07959064,0.5361789,0.3637328,SelectionStart
125.1369,24,2,3,0,0.6940916,0.9195678,0.2164625,334.1716,161.31,55.85054,0.7465075,0.9558455,0.2109156,-0.07959064,0.5361789,0.3637328,SelectionEnd
125.1401,24,2,3,0,0.6940916,0.9195678,0.2164625,334.1716,161.31,55.85054,0.7465075,0.9558455,0.2109156,-0.07959064,0.5361789,0.3637328,GotSelection
125.1535,24,2,3,0,0.6944842,0.9198158,0.2163068,334.2205,161.2811,55.94053,0.746272,0.9532604,0.205918,-0.1039173,0.4926911,0.391458,SelectionStart
125.1535,24,2,3,0,0.6944842,0.9198158,0.2163068,334.2205,161.2811,55.94053,0.746272,0.9532604,0.205918,-0.1039173,0.4926911,0.391458,SelectionEnd
125.1573,24,2,3,0,0.6944842,0.9198158,0.2163068,334.2205,161.2811,55.94053,0.746272,0.9532604,0.205918,-0.1039173,0.4926911,0.391458,GotSelection
125.1692,24,2,3,0,0.6948845,0.9199492,0.2161839,334.303,161.2755,56.03043,0.7465756,0.9506899,0.2014708,-0.1297687,0.4566801,0.4166285,SelectionStart
125.1693,24,2,3,0,0.6948845,0.9199492,0.2161839,334.303,161.2755,56.03043,0.7465756,0.9506899,0.2014708,-0.1297687,0.4566801,0.4166285,SelectionEnd
125.1725,24,2,3,0,0.6948845,0.9199492,0.2161839,334.303,161.2755,56.03043,0.7465756,0.9506899,0.2014708,-0.1297687,0.4566801,0.4166285,GotSelection
125.1836,24,2,3,0,0.6953871,0.9201599,0.2160004,334.3891,161.3146,56.08995,0.7467871,0.9483982,0.1975982,-0.1520403,0.4238621,0.4363848,SelectionStart
125.1836,24,2,3,0,0.6953871,0.9201599,0.2160004,334.3891,161.3146,56.08995,0.7467871,0.9483982,0.1975982,-0.1520403,0.4238621,0.4363848,SelectionEnd
125.1868,24,2,3,0,0.6953871,0.9201599,0.2160004,334.3891,161.3146,56.08995,0.7467871,0.9483982,0.1975982,-0.1520403,0.4238621,0.4363848,GotSelection
125.1962,24,2,3,0,0.6958033,0.920409,0.2158323,334.4599,161.3424,56.13318,0.7469244,0.9473158,0.1959626,-0.1620473,0.4082331,0.4421772,SelectionStart
125.1963,24,2,3,0,0.6958033,0.920409,0.2158323,334.4599,161.3424,56.13318,0.7469244,0.9473158,0.1959626,-0.1620473,0.4082331,0.4421772,SelectionEnd
125.1996,24,2,3,0,0.6958033,0.920409,0.2158323,334.4599,161.3424,56.13318,0.7469244,0.9473158,0.1959626,-0.1620473,0.4082331,0.4421772,GotSelection
125.2112,24,2,3,0,0.6962438,0.9205607,0.2156755,334.5347,161.3651,56.19392,0.7472931,0.9458942,0.1944935,-0.1748775,0.3937117,0.4462435,SelectionStart
125.2112,24,2,3,0,0.6962438,0.9205607,0.2156755,334.5347,161.3651,56.19392,0.7472931,0.9458942,0.1944935,-0.1748775,0.3937117,0.4462435,SelectionEnd
125.2146,24,2,3,0,0.6962438,0.9205607,0.2156755,334.5347,161.3651,56.19392,0.7472931,0.9458942,0.1944935,-0.1748775,0.3937117,0.4462435,GotSelection
125.2265,24,2,3,0,0.6966112,0.9208239,0.2153654,334.6166,161.3946,56.23286,0.7472098,0.9451823,0.1938487,-0.179181,0.3844507,0.4432738,SelectionStart
125.2265,24,2,3,0,0.6966112,0.9208239,0.2153654,334.6166,161.3946,56.23286,0.7472098,0.9451823,0.1938487,-0.179181,0.3844507,0.4432738,SelectionEnd
125.2302,24,2,3,0,0.6966112,0.9208239,0.2153654,334.6166,161.3946,56.23286,0.7472098,0.9451823,0.1938487,-0.179181,0.3844507,0.4432738,GotSelection
125.2412,24,2,3,0,0.697014,0.9212174,0.2149306,334.6478,161.5076,56.17295,0.7470176,0.9460434,0.1958537,-0.1680249,0.3954659,0.4214618,SelectionStart
125.2413,24,2,3,0,0.697014,0.9212174,0.2149306,334.6478,161.5076,56.17295,0.7470176,0.9460434,0.1958537,-0.1680249,0.3954659,0.4214618,SelectionEnd
125.2445,24,2,3,0,0.697014,0.9212174,0.2149306,334.6478,161.5076,56.17295,0.7470176,0.9460434,0.1958537,-0.1680249,0.3954659,0.4214618,GotSelection
125.2536,24,2,3,0,0.6972705,0.9213965,0.2147226,334.7184,161.5273,56.16557,0.7467669,0.9475854,0.1989085,-0.1485744,0.415449,0.3971378,SelectionStart
125.2537,24,2,3,0,0.6972705,0.9213965,0.2147226,334.7184,161.5273,56.16557,0.7467669,0.9475854,0.1989085,-0.1485744,0.415449,0.3971378,SelectionEnd
125.257,24,2,3,0,0.6972705,0.9213965,0.2147226,334.7184,161.5273,56.16557,0.7467669,0.9475854,0.1989085,-0.1485744,0.415449,0.3971378,GotSelection
125.2688,24,2,3,0,0.6975235,0.9214849,0.2144679,334.8076,161.5349,56.16596,0.7465028,0.9505231,0.2047135,-0.1130056,0.4568885,0.3547191,SelectionStart
125.2689,24,2,3,0,0.6975235,0.9214849,0.2144679,334.8076,161.5349,56.16596,0.7465028,0.9505231,0.2047135,-0.1130056,0.4568885,0.3547191,SelectionEnd
125.2722,24,2,3,0,0.6975235,0.9214849,0.2144679,334.8076,161.5349,56.16596,0.7465028,0.9505231,0.2047135,-0.1130056,0.4568885,0.3547191,GotSelection
125.2818,24,2,3,0,0.6979326,0.9217563,0.2140457,334.9313,161.5495,56.19985,0.7462948,0.9529769,0.2101247,-0.08191259,0.4931446,0.3107652,SelectionStart
125.2818,24,2,3,0,0.6979326,0.9217563,0.2140457,334.9313,161.5495,56.19985,0.7462948,0.9529769,0.2101247,-0.08191259,0.4931446,0.3107652,SelectionEnd
125.2851,24,2,3,0,0.6979326,0.9217563,0.2140457,334.9313,161.5495,56.19985,0.7462948,0.9529769,0.2101247,-0.08191259,0.4931446,0.3107652,GotSelection
125.3313,24,2,3,0,0.6976433,0.9219763,0.2135241,335.1293,161.4443,56.33401,0.7478338,0.9617967,0.2342426,0.01347715,0.673031,0.1368894,SelectionStart
125.3314,24,2,3,0,0.6976433,0.9219763,0.2135241,335.1293,161.4443,56.33401,0.7478338,0.9617967,0.2342426,0.01347715,0.673031,0.1368894,SelectionEnd
125.3347,24,2,3,0,0.6976433,0.9219763,0.2135241,335.1293,161.4443,56.33401,0.7478338,0.9617967,0.2342426,0.01347715,0.673031,0.1368894,GotSelection
125.3801,24,2,3,0,0.6979301,0.9220724,0.2131588,335.2298,161.3565,56.42527,0.7541406,0.9727725,0.2525657,0.08870985,0.8652993,0.03728532,SelectionStart
125.3801,24,2,3,0,0.6979301,0.9220724,0.2131588,335.2298,161.3565,56.42527,0.7541406,0.9727725,0.2525657,0.08870985,0.8652993,0.03728532,SelectionEnd
125.3835,24,2,3,0,0.6979301,0.9220724,0.2131588,335.2298,161.3565,56.42527,0.7541406,0.9727725,0.2525657,0.08870985,0.8652993,0.03728532,GotSelection
125.448,24,2,3,0,0.6985968,0.922192,0.2134756,335.2216,161.182,56.68771,0.7550156,0.9750373,0.2463156,0.0965419,0.8446907,0.1065918,SelectionStart
125.448,24,2,3,0,0.6985968,0.922192,0.2134756,335.2216,161.182,56.68771,0.7550156,0.9750373,0.2463156,0.0965419,0.8446907,0.1065918,SelectionEnd
125.4513,24,2,3,0,0.6985968,0.922192,0.2134756,335.2216,161.182,56.68771,0.7550156,0.9750373,0.2463156,0.0965419,0.8446907,0.1065918,GotSelection
125.4606,24,2,3,0,0.6987739,0.9220625,0.2137752,335.1877,161.1784,56.7395,0.7538618,0.9739348,0.2409364,0.08929284,0.8016361,0.1485848,SelectionStart
125.4607,24,2,3,0,0.6987739,0.9220625,0.2137752,335.1877,161.1784,56.7395,0.7538618,0.9739348,0.2409364,0.08929284,0.8016361,0.1485848,SelectionEnd
125.464,24,2,3,0,0.6987739,0.9220625,0.2137752,335.1877,161.1784,56.7395,0.7538618,0.9739348,0.2409364,0.08929284,0.8016361,0.1485848,GotSelection
125.4741,24,2,3,0,0.698824,0.9218763,0.2140026,335.1516,161.1714,56.77122,0.7527803,0.9724617,0.2364815,0.07951448,0.763409,0.1811058,SelectionStart
125.4741,24,2,3,0,0.698824,0.9218763,0.2140026,335.1516,161.1714,56.77122,0.7527803,0.9724617,0.2364815,0.07951448,0.763409,0.1811058,SelectionEnd
125.4777,24,2,3,0,0.698824,0.9218763,0.2140026,335.1516,161.1714,56.77122,0.7527803,0.9724617,0.2364815,0.07951448,0.763409,0.1811058,GotSelection
125.4883,24,2,3,0,0.6989256,0.9218844,0.2142979,335.0607,161.1851,56.78907,0.7512841,0.970129,0.229472,0.06003179,0.7032963,0.2308722,SelectionStart
125.4883,24,2,3,0,0.6989256,0.9218844,0.2142979,335.0607,161.1851,56.78907,0.7512841,0.970129,0.229472,0.06003179,0.7032963,0.2308722,SelectionEnd
125.4918,24,2,3,0,0.6989256,0.9218844,0.2142979,335.0607,161.1851,56.78907,0.7512841,0.970129,0.229472,0.06003179,0.7032963,0.2308722,GotSelection
125.5026,24,2,3,0,0.6990992,0.9217047,0.2147872,334.9771,161.2003,56.82702,0.7500999,0.9673867,0.2225688,0.03721334,0.6433393,0.2809636,SelectionStart
125.5026,24,2,3,0,0.6990992,0.9217047,0.2147872,334.9771,161.2003,56.82702,0.7500999,0.9673867,0.2225688,0.03721334,0.6433393,0.2809636,SelectionEnd
125.5061,24,2,3,0,0.6990992,0.9217047,0.2147872,334.9771,161.2003,56.82702,0.7500999,0.9673867,0.2225688,0.03721334,0.6433393,0.2809636,GotSelection
125.5157,24,2,3,0,0.6990429,0.921359,0.2153701,334.8951,161.1815,56.89046,0.7489325,0.9654779,0.2172849,0.02302201,0.597685,0.3228897,SelectionStart
125.5158,24,2,3,0,0.6990429,0.921359,0.2153701,334.8951,161.1815,56.89046,0.7489325,0.9654779,0.2172849,0.02302201,0.597685,0.3228897,SelectionEnd
125.5191,24,2,3,0,0.6990429,0.921359,0.2153701,334.8951,161.1815,56.89046,0.7489325,0.9654779,0.2172849,0.02302201,0.597685,0.3228897,GotSelection
125.5297,24,2,3,0,0.6992912,0.9211498,0.2158348,334.7862,161.1823,56.95595,0.7479411,0.9622493,0.2105966,-0.004016511,0.5372655,0.3692199,SelectionStart
125.5297,24,2,3,0,0.6992912,0.9211498,0.2158348,334.7862,161.1823,56.95595,0.7479411,0.9622493,0.2105966,-0.004016511,0.5372655,0.3692199,SelectionEnd
125.5334,24,2,3,0,0.6992912,0.9211498,0.2158348,334.7862,161.1823,56.95595,0.7479411,0.9622493,0.2105966,-0.004016511,0.5372655,0.3692199,GotSelection
125.5452,24,2,3,0,0.6995401,0.9209805,0.2163127,334.6974,161.1926,57.00496,0.7477798,0.9589093,0.2042428,-0.03732675,0.4838733,0.4141954,SelectionStart
125.5452,24,2,3,0,0.6995401,0.9209805,0.2163127,334.6974,161.1926,57.00496,0.7477798,0.9589093,0.2042428,-0.03732675,0.4838733,0.4141954,SelectionEnd
125.5488,24,2,3,0,0.6995401,0.9209805,0.2163127,334.6974,161.1926,57.00496,0.7477798,0.9589093,0.2042428,-0.03732675,0.4838733,0.4141954,GotSelection
125.5605,24,2,3,0,0.6998657,0.9209615,0.2164901,334.6586,161.159,57.08922,0.7472498,0.9558746,0.1991244,-0.06358936,0.4356565,0.4450753,SelectionStart
125.5605,24,2,3,0,0.6998657,0.9209615,0.2164901,334.6586,161.159,57.08922,0.7472498,0.9558746,0.1991244,-0.06358936,0.4356565,0.4450753,SelectionEnd
125.5637,24,2,3,0,0.6998657,0.9209615,0.2164901,334.6586,161.159,57.08922,0.7472498,0.9558746,0.1991244,-0.06358936,0.4356565,0.4450753,GotSelection
125.5734,24,2,3,0,0.7001598,0.9208747,0.2166527,334.6739,161.1435,57.16663,0.7476328,0.9542328,0.1959197,-0.0811756,0.4117171,0.4679868,SelectionStart
125.5734,24,2,3,0,0.7001598,0.9208747,0.2166527,334.6739,161.1435,57.16663,0.7476328,0.9542328,0.1959197,-0.0811756,0.4117171,0.4679868,SelectionEnd
125.5767,24,2,3,0,0.7001598,0.9208747,0.2166527,334.6739,161.1435,57.16663,0.7476328,0.9542328,0.1959197,-0.0811756,0.4117171,0.4679868,GotSelection
125.5863,24,2,3,0,0.7006385,0.9209309,0.2166961,334.6913,161.1059,57.25867,0.7474836,0.9528239,0.1939788,-0.09104228,0.3897983,0.4772211,SelectionStart
125.5863,24,2,3,0,0.7006385,0.9209309,0.2166961,334.6913,161.1059,57.25867,0.7474836,0.9528239,0.1939788,-0.09104228,0.3897983,0.4772211,SelectionEnd
125.5897,24,2,3,0,0.7006385,0.9209309,0.2166961,334.6913,161.1059,57.25867,0.7474836,0.9528239,0.1939788,-0.09104228,0.3897983,0.4772211,GotSelection
125.634,24,2,3,0,0.7016066,0.9210676,0.2165688,334.7531,160.9678,57.50838,0.7464893,0.9518986,0.1928257,-0.08622827,0.3646241,0.4763189,SelectionStart
125.634,24,2,3,0,0.7016066,0.9210676,0.2165688,334.7531,160.9678,57.50838,0.7464893,0.9518986,0.1928257,-0.08622827,0.3646241,0.4763189,SelectionEnd
125.6373,24,2,3,0,0.7016066,0.9210676,0.2165688,334.7531,160.9678,57.50838,0.7464893,0.9518986,0.1928257,-0.08622827,0.3646241,0.4763189,GotSelection
125.6465,24,2,3,0,0.7031508,0.9217166,0.2159503,334.9658,160.7888,57.83599,0.7446574,0.957742,0.2019274,-0.004217329,0.4140969,0.404169,SelectionStart
125.6466,24,2,3,0,0.7031508,0.9217166,0.2159503,334.9658,160.7888,57.83599,0.7446574,0.957742,0.2019274,-0.004217329,0.4140969,0.404169,SelectionEnd
125.6499,24,2,3,0,0.7031508,0.9217166,0.2159503,334.9658,160.7888,57.83599,0.7446574,0.957742,0.2019274,-0.004217329,0.4140969,0.404169,GotSelection
125.6611,24,2,3,0,0.7037711,0.9220878,0.2157232,335.0704,160.6752,58.00843,0.7449065,0.9613333,0.2076247,0.03509328,0.4566123,0.3653959,SelectionStart
125.6611,24,2,3,0,0.7037711,0.9220878,0.2157232,335.0704,160.6752,58.00843,0.7449065,0.9613333,0.2076247,0.03509328,0.4566123,0.3653959,SelectionEnd
125.6645,24,2,3,0,0.7037711,0.9220878,0.2157232,335.0704,160.6752,58.00843,0.7449065,0.9613333,0.2076247,0.03509328,0.4566123,0.3653959,GotSelection
125.674,24,2,3,0,0.7046659,0.9225562,0.2154278,335.2238,160.5271,58.25844,0.7449892,0.9652069,0.214751,0.08195288,0.5040447,0.31277,SelectionStart
125.674,24,2,3,0,0.7046659,0.9225562,0.2154278,335.2238,160.5271,58.25844,0.7449892,0.9652069,0.214751,0.08195288,0.5040447,0.31277,SelectionEnd
125.6774,24,2,3,0,0.7046659,0.9225562,0.2154278,335.2238,160.5271,58.25844,0.7449892,0.9652069,0.214751,0.08195288,0.5040447,0.31277,GotSelection
125.6866,24,2,3,0,0.7056571,0.9230487,0.2150999,335.395,160.4097,58.49372,0.7450105,0.9687538,0.2212256,0.1259437,0.5454124,0.2629986,SelectionStart
125.6866,24,2,3,0,0.7056571,0.9230487,0.2150999,335.395,160.4097,58.49372,0.7450105,0.9687538,0.2212256,0.1259437,0.5454124,0.2629986,SelectionEnd
125.69,24,2,3,0,0.7056571,0.9230487,0.2150999,335.395,160.4097,58.49372,0.7450105,0.9687538,0.2212256,0.1259437,0.5454124,0.2629986,GotSelection
125.7027,24,2,3,0,0.7067976,0.9236232,0.2146637,335.5903,160.3158,58.76557,0.7457478,0.9728478,0.229084,0.1729576,0.6004103,0.2032782,SelectionStart
125.7027,24,2,3,0,0.7067976,0.9236232,0.2146637,335.5903,160.3158,58.76557,0.7457478,0.9728478,0.229084,0.1729576,0.6004103,0.2032782,SelectionEnd
125.7062,24,2,3,0,0.7067976,0.9236232,0.2146637,335.5903,160.3158,58.76557,0.7457478,0.9728478,0.229084,0.1729576,0.6004103,0.2032782,GotSelection
125.7164,24,2,3,0,0.7073954,0.9238218,0.214482,335.7026,160.2754,58.91474,0.7464612,0.9763896,0.2349621,0.2103955,0.6472497,0.1640077,SelectionStart
125.7164,24,2,3,0,0.7073954,0.9238218,0.214482,335.7026,160.2754,58.91474,0.7464612,0.9763896,0.2349621,0.2103955,0.6472497,0.1640077,SelectionEnd
125.7197,24,2,3,0,0.7073954,0.9238218,0.214482,335.7026,160.2754,58.91474,0.7464612,0.9763896,0.2349621,0.2103955,0.6472497,0.1640077,GotSelection
125.7297,24,2,3,0,0.7081305,0.9240643,0.2141937,335.8214,160.2304,59.06664,0.7479249,0.9804499,0.2423897,0.2505912,0.7090014,0.1139269,SelectionStart
125.7298,24,2,3,0,0.7081305,0.9240643,0.2141937,335.8214,160.2304,59.06664,0.7479249,0.9804499,0.2423897,0.2505912,0.7090014,0.1139269,SelectionEnd
125.7331,24,2,3,0,0.7081305,0.9240643,0.2141937,335.8214,160.2304,59.06664,0.7479249,0.9804499,0.2423897,0.2505912,0.7090014,0.1139269,GotSelection
125.7445,24,2,3,0,0.7085912,0.9241623,0.2141617,335.864,160.2232,59.15657,0.7495075,0.983979,0.2496009,0.2838842,0.7695107,0.06794252,SelectionStart
125.7445,24,2,3,0,0.7085912,0.9241623,0.2141617,335.864,160.2232,59.15657,0.7495075,0.983979,0.2496009,0.2838842,0.7695107,0.06794252,SelectionEnd
125.7479,24,2,3,0,0.7085912,0.9241623,0.2141617,335.864,160.2232,59.15657,0.7495075,0.983979,0.2496009,0.2838842,0.7695107,0.06794252,GotSelection
125.7581,24,2,3,0,0.7089573,0.9242835,0.2141876,335.888,160.1965,59.23677,0.7504134,0.9857866,0.254037,0.3021061,0.8031936,0.03798781,SelectionStart
125.7581,24,2,3,0,0.7089573,0.9242835,0.2141876,335.888,160.1965,59.23677,0.7504134,0.9857866,0.254037,0.3021061,0.8031936,0.03798781,SelectionEnd
125.7613,24,2,3,0,0.7089573,0.9242835,0.2141876,335.888,160.1965,59.23677,0.7504134,0.9857866,0.254037,0.3021061,0.8031936,0.03798781,GotSelection
125.7729,24,2,3,0,0.7087538,0.9244573,0.213767,335.8459,160.2284,59.26649,0.7518057,0.9878766,0.2590314,0.3169723,0.8510378,0.003796614,SelectionStart
125.7729,24,2,3,0,0.7087538,0.9244573,0.213767,335.8459,160.2284,59.26649,0.7518057,0.9878766,0.2590314,0.3169723,0.8510378,0.003796614,SelectionEnd
125.7763,24,2,3,0,0.7087538,0.9244573,0.213767,335.8459,160.2284,59.26649,0.7518057,0.9878766,0.2590314,0.3169723,0.8510378,0.003796614,GotSelection
125.7867,24,2,3,0,0.708969,0.9244132,0.2144485,335.8348,160.1882,59.32294,0.7519239,0.9883512,0.2612977,0.3248715,0.8604349,-0.007719177,SelectionStart
125.7868,24,2,3,0,0.708969,0.9244132,0.2144485,335.8348,160.1882,59.32294,0.7519239,0.9883512,0.2612977,0.3248715,0.8604349,-0.007719177,SelectionEnd
125.7904,24,2,3,0,0.708969,0.9244132,0.2144485,335.8348,160.1882,59.32294,0.7519239,0.9883512,0.2612977,0.3248715,0.8604349,-0.007719177,GotSelection
125.8306,24,2,3,0,0.7097523,0.9244356,0.2148416,335.8906,160.0968,59.55833,0.7507864,0.9888715,0.2633016,0.3461201,0.8551791,-0.0256996,SelectionStart
125.8306,24,2,3,0,0.7097523,0.9244356,0.2148416,335.8906,160.0968,59.55833,0.7507864,0.9888715,0.2633016,0.3461201,0.8551791,-0.0256996,SelectionEnd
125.8339,24,2,3,0,0.7097523,0.9244356,0.2148416,335.8906,160.0968,59.55833,0.7507864,0.9888715,0.2633016,0.3461201,0.8551791,-0.0256996,GotSelection
125.8439,24,2,3,0,0.709873,0.9243589,0.2149963,335.8719,160.0481,59.62611,0.7493299,0.9879019,0.2606845,0.3447474,0.8249743,-0.009500087,SelectionStart
125.844,24,2,3,0,0.709873,0.9243589,0.2149963,335.8719,160.0481,59.62611,0.7493299,0.9879019,0.2606845,0.3447474,0.8249743,-0.009500087,SelectionEnd
125.8474,24,2,3,0,0.709873,0.9243589,0.2149963,335.8719,160.0481,59.62611,0.7493299,0.9879019,0.2606845,0.3447474,0.8249743,-0.009500087,GotSelection
125.8577,24,2,3,0,0.7100952,0.9242852,0.215327,335.8512,159.9533,59.73913,0.7470707,0.9862655,0.2549406,0.3384326,0.7681063,0.0302494,SelectionStart
125.8577,24,2,3,0,0.7100952,0.9242852,0.215327,335.8512,159.9533,59.73913,0.7470707,0.9862655,0.2549406,0.3384326,0.7681063,0.0302494,SelectionEnd
125.861,24,2,3,0,0.7100952,0.9242852,0.215327,335.8512,159.9533,59.73913,0.7470707,0.9862655,0.2549406,0.3384326,0.7681063,0.0302494,GotSelection
125.8712,24,2,3,0,0.7102938,0.9240161,0.2156266,335.8682,159.8772,59.82627,0.7454714,0.9846395,0.2488882,0.3288749,0.7160296,0.07475847,SelectionStart
125.8713,24,2,3,0,0.7102938,0.9240161,0.2156266,335.8682,159.8772,59.82627,0.7454714,0.9846395,0.2488882,0.3288749,0.7160296,0.07475847,SelectionEnd
125.8749,24,2,3,0,0.7102938,0.9240161,0.2156266,335.8682,159.8772,59.82627,0.7454714,0.9846395,0.2488882,0.3288749,0.7160296,0.07475847,GotSelection
125.8857,24,2,3,0,0.7102959,0.9239064,0.2156907,335.8461,159.832,59.88567,0.7435206,0.9830142,0.2415511,0.316972,0.6568169,0.127409,SelectionStart
125.8857,24,2,3,0,0.7102959,0.9239064,0.2156907,335.8461,159.832,59.88567,0.7435206,0.9830142,0.2415511,0.316972,0.6568169,0.127409,SelectionEnd
125.8891,24,2,3,0,0.7102959,0.9239064,0.2156907,335.8461,159.832,59.88567,0.7435206,0.9830142,0.2415511,0.316972,0.6568169,0.127409,GotSelection
125.8989,24,2,3,0,0.7104744,0.9242043,0.2155757,335.8181,159.8156,59.9034,0.741988,0.9812635,0.2353453,0.300998,0.6036678,0.1669598,SelectionStart
125.8989,24,2,3,0,0.7104744,0.9242043,0.2155757,335.8181,159.8156,59.9034,0.741988,0.9812635,0.2353453,0.300998,0.6036678,0.1669598,SelectionEnd
125.9022,24,2,3,0,0.7104744,0.9242043,0.2155757,335.8181,159.8156,59.9034,0.741988,0.9812635,0.2353453,0.300998,0.6036678,0.1669598,GotSelection
125.9118,24,2,3,0,0.710513,0.9243498,0.2157573,335.7855,159.7738,59.95499,0.7401127,0.978578,0.2272168,0.2765345,0.5339732,0.2220757,SelectionStart
125.9118,24,2,3,0,0.710513,0.9243498,0.2157573,335.7855,159.7738,59.95499,0.7401127,0.978578,0.2272168,0.2765345,0.5339732,0.2220757,SelectionEnd
125.9153,24,2,3,0,0.710513,0.9243498,0.2157573,335.7855,159.7738,59.95499,0.7401127,0.978578,0.2272168,0.2765345,0.5339732,0.2220757,GotSelection
125.9274,24,2,3,0,0.7106863,0.9242043,0.2160414,335.7382,159.7613,60.00183,0.7394086,0.9769152,0.2222186,0.2611935,0.4934165,0.259472,SelectionStart
125.9274,24,2,3,0,0.7106863,0.9242043,0.2160414,335.7382,159.7613,60.00183,0.7394086,0.9769152,0.2222186,0.2611935,0.4934165,0.259472,SelectionEnd
125.9308,24,2,3,0,0.7106863,0.9242043,0.2160414,335.7382,159.7613,60.00183,0.7394086,0.9769152,0.2222186,0.2611935,0.4934165,0.259472,GotSelection
125.9417,24,2,3,0,0.7106774,0.9238747,0.2166083,335.6376,159.7793,60.0528,0.7382116,0.9750268,0.2161514,0.2448638,0.4434148,0.3076941,SelectionStart
125.9417,24,2,3,0,0.7106774,0.9238747,0.2166083,335.6376,159.7793,60.0528,0.7382116,0.9750268,0.2161514,0.2448638,0.4434148,0.3076941,SelectionEnd
125.9449,24,2,3,0,0.7106774,0.9238747,0.2166083,335.6376,159.7793,60.0528,0.7382116,0.9750268,0.2161514,0.2448638,0.4434148,0.3076941,GotSelection
125.9547,24,2,3,0,0.7112138,0.9238238,0.2171349,335.5761,159.7617,60.18844,0.7369167,0.974525,0.2119111,0.2450044,0.4026868,0.3419911,SelectionStart
125.9547,24,2,3,0,0.7112138,0.9238238,0.2171349,335.5761,159.7617,60.18844,0.7369167,0.974525,0.2119111,0.2450044,0.4026868,0.3419911,SelectionEnd
125.958,24,2,3,0,0.7112138,0.9238238,0.2171349,335.5761,159.7617,60.18844,0.7369167,0.974525,0.2119111,0.2450044,0.4026868,0.3419911,GotSelection
125.9695,24,2,3,0,0.7118844,0.9237539,0.2175095,335.5541,159.7023,60.35579,0.7368211,0.9750377,0.2102937,0.2519897,0.388561,0.3597075,SelectionStart
125.9696,24,2,3,0,0.7118844,0.9237539,0.2175095,335.5541,159.7023,60.35579,0.7368211,0.9750377,0.2102937,0.2519897,0.388561,0.3597075,SelectionEnd
125.9728,24,2,3,0,0.7118844,0.9237539,0.2175095,335.5541,159.7023,60.35579,0.7368211,0.9750377,0.2102937,0.2519897,0.388561,0.3597075,GotSelection
126.0136,24,2,3,0,0.7165478,0.9247324,0.2179928,335.8941,159.2733,61.50826,0.7347848,0.9804174,0.2124644,0.3396873,0.3596499,0.3402744,SelectionStart
126.0137,24,2,3,0,0.7165478,0.9247324,0.2179928,335.8941,159.2733,61.50826,0.7347848,0.9804174,0.2124644,0.3396873,0.3596499,0.3402744,SelectionEnd
126.017,24,2,3,0,0.7165478,0.9247324,0.2179928,335.8941,159.2733,61.50826,0.7347848,0.9804174,0.2124644,0.3396873,0.3596499,0.3402744,GotSelection
126.028,24,2,3,0,0.7182404,0.9251659,0.2175373,336.1819,159.1295,61.87262,0.7342449,0.9836995,0.216814,0.3879219,0.3773814,0.3006714,SelectionStart
126.028,24,2,3,0,0.7182404,0.9251659,0.2175373,336.1819,159.1295,61.87262,0.7342449,0.9836995,0.216814,0.3879219,0.3773814,0.3006714,SelectionEnd
126.0313,24,2,3,0,0.7182404,0.9251659,0.2175373,336.1819,159.1295,61.87262,0.7342449,0.9836995,0.216814,0.3879219,0.3773814,0.3006714,GotSelection
126.0408,24,2,3,0,0.719629,0.9256591,0.2169528,336.4366,159.0048,62.18628,0.7340989,0.986732,0.2213399,0.4294111,0.4004849,0.2592556,SelectionStart
126.0409,24,2,3,0,0.719629,0.9256591,0.2169528,336.4366,159.0048,62.18628,0.7340989,0.986732,0.2213399,0.4294111,0.4004849,0.2592556,SelectionEnd
126.0441,24,2,3,0,0.719629,0.9256591,0.2169528,336.4366,159.0048,62.18628,0.7340989,0.986732,0.2213399,0.4294111,0.4004849,0.2592556,GotSelection
126.0534,24,2,3,0,0.7209037,0.925964,0.2165672,336.6004,158.8979,62.45509,0.7342464,0.9898366,0.2272209,0.4718671,0.4334695,0.2107029,SelectionStart
126.0534,24,2,3,0,0.7209037,0.925964,0.2165672,336.6004,158.8979,62.45509,0.7342464,0.9898366,0.2272209,0.4718671,0.4334695,0.2107029,SelectionEnd
126.0569,24,2,3,0,0.7209037,0.925964,0.2165672,336.6004,158.8979,62.45509,0.7342464,0.9898366,0.2272209,0.4718671,0.4334695,0.2107029,GotSelection
126.0689,24,2,3,0,0.7216195,0.9263479,0.2161147,336.7141,158.8406,62.64143,0.7342441,0.9930421,0.2326872,0.5108688,0.4682929,0.1668525,SelectionStart
126.0689,24,2,3,0,0.7216195,0.9263479,0.2161147,336.7141,158.8406,62.64143,0.7342441,0.9930421,0.2326872,0.5108688,0.4682929,0.1668525,SelectionEnd
126.0722,24,2,3,0,0.7216195,0.9263479,0.2161147,336.7141,158.8406,62.64143,0.7342441,0.9930421,0.2326872,0.5108688,0.4682929,0.1668525,GotSelection
126.0833,24,2,3,0,0.7219337,0.926532,0.2156381,336.8035,158.8278,62.68489,0.7344453,0.995603,0.2366666,0.5391728,0.4996357,0.1360493,SelectionStart
126.0833,24,2,3,0,0.7219337,0.926532,0.2156381,336.8035,158.8278,62.68489,0.7344453,0.995603,0.2366666,0.5391728,0.4996357,0.1360493,SelectionEnd
126.0866,24,2,3,0,0.7219337,0.926532,0.2156381,336.8035,158.8278,62.68489,0.7344453,0.995603,0.2366666,0.5391728,0.4996357,0.1360493,GotSelection
126.0967,24,2,3,0,0.722578,0.9269109,0.215036,336.951,158.7918,62.7872,0.7348412,0.9982461,0.2417515,0.5698224,0.5350276,0.09276869,SelectionStart
126.0967,24,2,3,0,0.722578,0.9269109,0.215036,336.951,158.7918,62.7872,0.7348412,0.9982461,0.2417515,0.5698224,0.5350276,0.09276869,SelectionEnd
126.1013,24,2,3,0,0.722578,0.9269109,0.215036,336.951,158.7918,62.7872,0.7348412,0.9982461,0.2417515,0.5698224,0.5350276,0.09276869,GotSelection
126.1257,24,2,3,0,0.72363,0.9276348,0.2141077,337.2171,158.798,62.92178,0.7355855,1.002905,0.2493592,0.6198064,0.5906599,0.02890038,SelectionStart
126.1258,24,2,3,0,0.72363,0.9276348,0.2141077,337.2171,158.798,62.92178,0.7355855,1.002905,0.2493592,0.6198064,0.5906599,0.02890038,SelectionEnd
126.1298,24,2,3,0,0.72363,0.9276348,0.2141077,337.2171,158.798,62.92178,0.7355855,1.002905,0.2493592,0.6198064,0.5906599,0.02890038,GotSelection
126.1404,24,2,3,0,0.7244331,0.9282417,0.2133463,337.4708,158.8448,63.01199,0.7352895,1.00436,0.2534142,0.6418651,0.6083416,-0.0176681,SelectionStart
126.1404,24,2,3,0,0.7244331,0.9282417,0.2133463,337.4708,158.8448,63.01199,0.7352895,1.00436,0.2534142,0.6418651,0.6083416,-0.0176681,SelectionEnd
126.1438,24,2,3,0,0.7244331,0.9282417,0.2133463,337.4708,158.8448,63.01199,0.7352895,1.00436,0.2534142,0.6418651,0.6083416,-0.0176681,GotSelection
126.1537,24,2,3,0,0.7246884,0.9285916,0.2130676,337.601,158.8624,63.08867,0.7345406,1.004836,0.2552308,0.6526424,0.6103498,-0.04102596,SelectionStart
126.1537,24,2,3,0,0.7246884,0.9285916,0.2130676,337.601,158.8624,63.08867,0.7345406,1.004836,0.2552308,0.6526424,0.6103498,-0.04102596,SelectionEnd
126.1572,24,2,3,0,0.7246884,0.9285916,0.2130676,337.601,158.8624,63.08867,0.7345406,1.004836,0.2552308,0.6526424,0.6103498,-0.04102596,GotSelection
126.1695,24,2,3,0,0.7252982,0.9289159,0.2127699,337.7055,158.8495,63.19827,0.7337089,1.005695,0.2564653,0.6685591,0.6075988,-0.0588682,SelectionStart
126.1695,24,2,3,0,0.7252982,0.9289159,0.2127699,337.7055,158.8495,63.19827,0.7337089,1.005695,0.2564653,0.6685591,0.6075988,-0.0588682,SelectionEnd
126.173,24,2,3,0,0.7252982,0.9289159,0.2127699,337.7055,158.8495,63.19827,0.7337089,1.005695,0.2564653,0.6685591,0.6075988,-0.0588682,GotSelection
126.2116,24,2,3,0,0.7259216,0.9287597,0.2135315,337.7324,158.8122,63.51258,0.7302611,1.006262,0.2535846,0.6944097,0.5571541,-0.03816491,SelectionStart
126.2116,24,2,3,0,0.7259216,0.9287597,0.2135315,337.7324,158.8122,63.51258,0.7302611,1.006262,0.2535846,0.6944097,0.5571541,-0.03816491,SelectionEnd
126.215,24,2,3,0,0.7259216,0.9287597,0.2135315,337.7324,158.8122,63.51258,0.7302611,1.006262,0.2535846,0.6944097,0.5571541,-0.03816491,GotSelection
126.224,24,2,3,0,0.7260633,0.928666,0.2136985,337.7158,158.7888,63.5783,0.728887,1.005497,0.2494312,0.6907473,0.5204803,-0.007595281,SelectionStart
126.2241,24,2,3,0,0.7260633,0.928666,0.2136985,337.7158,158.7888,63.5783,0.728887,1.005497,0.2494312,0.6907473,0.5204803,-0.007595281,SelectionEnd
126.2273,24,2,3,0,0.7260633,0.928666,0.2136985,337.7158,158.7888,63.5783,0.728887,1.005497,0.2494312,0.6907473,0.5204803,-0.007595281,GotSelection
126.2368,24,2,3,0,0.7262336,0.9285942,0.2139985,337.6945,158.7287,63.68259,0.7268165,1.004511,0.2442674,0.6873101,0.4711148,0.02972102,SelectionStart
126.2369,24,2,3,0,0.7262336,0.9285942,0.2139985,337.6945,158.7287,63.68259,0.7268165,1.004511,0.2442674,0.6873101,0.4711148,0.02972102,SelectionEnd
126.2402,24,2,3,0,0.7262336,0.9285942,0.2139985,337.6945,158.7287,63.68259,0.7268165,1.004511,0.2442674,0.6873101,0.4711148,0.02972102,GotSelection
126.2518,24,2,3,0,0.7263563,0.9285609,0.2142829,337.6904,158.6877,63.77181,0.7244945,1.00302,0.2380022,0.6784769,0.4125844,0.07341784,SelectionStart
126.2518,24,2,3,0,0.7263563,0.9285609,0.2142829,337.6904,158.6877,63.77181,0.7244945,1.00302,0.2380022,0.6784769,0.4125844,0.07341784,SelectionEnd
126.2552,24,2,3,0,0.7263563,0.9285609,0.2142829,337.6904,158.6877,63.77181,0.7244945,1.00302,0.2380022,0.6784769,0.4125844,0.07341784,GotSelection
126.2654,24,2,3,0,0.7263984,0.9285427,0.2144316,337.6902,158.6859,63.81125,0.7225441,1.001157,0.2322676,0.6645838,0.3597357,0.1111695,SelectionStart
126.2654,24,2,3,0,0.7263984,0.9285427,0.2144316,337.6902,158.6859,63.81125,0.7225441,1.001157,0.2322676,0.6645838,0.3597357,0.1111695,SelectionEnd
126.2687,24,2,3,0,0.7263984,0.9285427,0.2144316,337.6902,158.6859,63.81125,0.7225441,1.001157,0.2322676,0.6645838,0.3597357,0.1111695,GotSelection
126.2782,24,2,3,0,0.7265416,0.9285407,0.2145581,337.6921,158.6584,63.863,0.7205958,0.9989796,0.22701,0.6492094,0.3071261,0.1428832,SelectionStart
126.2782,24,2,3,0,0.7265416,0.9285407,0.2145581,337.6921,158.6584,63.863,0.7205958,0.9989796,0.22701,0.6492094,0.3071261,0.1428832,SelectionEnd
126.2816,24,2,3,0,0.7265416,0.9285407,0.2145581,337.6921,158.6584,63.863,0.7205958,0.9989796,0.22701,0.6492094,0.3071261,0.1428832,GotSelection
126.2935,24,2,3,0,0.7268128,0.9285713,0.2146489,337.7011,158.6541,63.921,0.7182245,0.9958037,0.2203847,0.6259486,0.2392214,0.1803217,SelectionStart
126.2936,24,2,3,0,0.7268128,0.9285713,0.2146489,337.7011,158.6541,63.921,0.7182245,0.9958037,0.2203847,0.6259486,0.2392214,0.1803217,SelectionEnd
126.2969,24,2,3,0,0.7268128,0.9285713,0.2146489,337.7011,158.6541,63.921,0.7182245,0.9958037,0.2203847,0.6259486,0.2392214,0.1803217,GotSelection
126.3067,24,2,3,0,0.7268414,0.9284606,0.2148779,337.6833,158.6666,63.96331,0.7164141,0.9928048,0.21446,0.6016586,0.1819186,0.2171357,SelectionStart
126.3067,24,2,3,0,0.7268414,0.9284606,0.2148779,337.6833,158.6666,63.96331,0.7164141,0.9928048,0.21446,0.6016586,0.1819186,0.2171357,SelectionEnd
126.3104,24,2,3,0,0.7268414,0.9284606,0.2148779,337.6833,158.6666,63.96331,0.7164141,0.9928048,0.21446,0.6016586,0.1819186,0.2171357,GotSelection
126.3202,24,2,3,0,0.7270599,0.9283861,0.2150332,337.6684,158.6686,64.01558,0.7152173,0.9908785,0.211273,0.5883374,0.1460345,0.2346447,SelectionStart
126.3202,24,2,3,0,0.7270599,0.9283861,0.2150332,337.6684,158.6686,64.01558,0.7152173,0.9908785,0.211273,0.5883374,0.1460345,0.2346447,SelectionEnd
126.3237,24,2,3,0,0.7270599,0.9283861,0.2150332,337.6684,158.6686,64.01558,0.7152173,0.9908785,0.211273,0.5883374,0.1460345,0.2346447,GotSelection
126.335,24,2,3,0,0.7275474,0.9283922,0.2151672,337.6627,158.6989,64.08526,0.7137128,0.9891569,0.2074859,0.5782175,0.103104,0.2557113,SelectionStart
126.335,24,2,3,0,0.7275474,0.9283922,0.2151672,337.6627,158.6989,64.08526,0.7137128,0.9891569,0.2074859,0.5782175,0.103104,0.2557113,SelectionEnd
126.3384,24,2,3,0,0.7275474,0.9283922,0.2151672,337.6627,158.6989,64.08526,0.7137128,0.9891569,0.2074859,0.5782175,0.103104,0.2557113,GotSelection
126.3476,24,2,3,0,0.727838,0.9283489,0.2152905,337.6773,158.716,64.14583,0.7131649,0.9884737,0.2056163,0.5742109,0.08344715,0.2677829,SelectionStart
126.3476,24,2,3,0,0.727838,0.9283489,0.2152905,337.6773,158.716,64.14583,0.7131649,0.9884737,0.2056163,0.5742109,0.08344715,0.2677829,SelectionEnd
126.3509,24,2,3,0,0.727838,0.9283489,0.2152905,337.6773,158.716,64.14583,0.7131649,0.9884737,0.2056163,0.5742109,0.08344715,0.2677829,GotSelection
126.36,24,2,3,0,0.7284337,0.9284223,0.2152705,337.736,158.7185,64.24611,0.7124842,0.988534,0.2047856,0.5800484,0.06838451,0.2699322,SelectionStart
126.36,24,2,3,0,0.7284337,0.9284223,0.2152705,337.736,158.7185,64.24611,0.7124842,0.988534,0.2047856,0.5800484,0.06838451,0.2699322,SelectionEnd
126.3634,24,2,3,0,0.7284337,0.9284223,0.2152705,337.736,158.7185,64.24611,0.7124842,0.988534,0.2047856,0.5800484,0.06838451,0.2699322,GotSelection
126.403,24,2,3,0,0.7317076,0.9292581,0.2140765,338.357,158.5893,64.84078,0.7116093,0.9939901,0.2077521,0.6516971,0.06917935,0.2298257,SelectionStart
126.403,24,2,3,0,0.7317076,0.9292581,0.2140765,338.357,158.5893,64.84078,0.7116093,0.9939901,0.2077521,0.6516971,0.06917935,0.2298257,SelectionEnd
126.4066,24,2,3,0,0.7317076,0.9292581,0.2140765,338.357,158.5893,64.84078,0.7116093,0.9939901,0.2077521,0.6516971,0.06917935,0.2298257,GotSelection
126.417,24,2,3,0,0.7331744,0.9295998,0.2127578,338.7327,158.4978,65.09525,0.7119538,0.9968347,0.2103379,0.6869498,0.08689009,0.1962552,SelectionStart
126.417,24,2,3,0,0.7331744,0.9295998,0.2127578,338.7327,158.4978,65.09525,0.7119538,0.9968347,0.2103379,0.6869498,0.08689009,0.1962552,SelectionEnd
126.4203,24,2,3,0,0.7331744,0.9295998,0.2127578,338.7327,158.4978,65.09525,0.7119538,0.9968347,0.2103379,0.6869498,0.08689009,0.1962552,GotSelection
126.4296,24,2,3,0,0.7343271,0.9298679,0.2122058,339.0055,158.3729,65.36056,0.7127068,0.9998276,0.2135925,0.7197338,0.1102773,0.167536,SelectionStart
126.4296,24,2,3,0,0.7343271,0.9298679,0.2122058,339.0055,158.3729,65.36056,0.7127068,0.9998276,0.2135925,0.7197338,0.1102773,0.167536,SelectionEnd
126.4334,24,2,3,0,0.7343271,0.9298679,0.2122058,339.0055,158.3729,65.36056,0.7127068,0.9998276,0.2135925,0.7197338,0.1102773,0.167536,GotSelection
126.4441,24,2,3,0,0.7365426,0.9304861,0.2114242,339.3901,158.1021,65.86509,0.7137392,1.003587,0.2174888,0.7621506,0.1302399,0.1275694,SelectionStart
126.4441,24,2,3,0,0.7365426,0.9304861,0.2114242,339.3901,158.1021,65.86509,0.7137392,1.003587,0.2174888,0.7621506,0.1302399,0.1275694,SelectionEnd
126.4474,24,2,3,0,0.7365426,0.9304861,0.2114242,339.3901,158.1021,65.86509,0.7137392,1.003587,0.2174888,0.7621506,0.1302399,0.1275694,GotSelection
126.4576,24,2,3,0,0.7394137,0.9313965,0.2106985,339.8368,157.6527,66.54694,0.7151146,1.006927,0.2203389,0.7985073,0.1372587,0.09173715,SelectionStart
126.4576,24,2,3,0,0.7394137,0.9313965,0.2106985,339.8368,157.6527,66.54694,0.7151146,1.006927,0.2203389,0.7985073,0.1372587,0.09173715,SelectionEnd
126.4609,24,2,3,0,0.7394137,0.9313965,0.2106985,339.8368,157.6527,66.54694,0.7151146,1.006927,0.2203389,0.7985073,0.1372587,0.09173715,GotSelection
126.472,24,2,3,0,0.744121,0.9326697,0.2094153,340.699,156.9135,67.66885,0.7174931,1.011101,0.2237922,0.8454525,0.1392985,0.03659628,SelectionStart
126.472,24,2,3,0,0.744121,0.9326697,0.2094153,340.699,156.9135,67.66885,0.7174931,1.011101,0.2237922,0.8454525,0.1392985,0.03659628,SelectionEnd
126.4753,24,2,3,0,0.744121,0.9326697,0.2094153,340.699,156.9135,67.66885,0.7174931,1.011101,0.2237922,0.8454525,0.1392985,0.03659628,GotSelection
126.4868,24,2,3,0,0.748764,0.9344891,0.2074492,341.7086,156.1552,68.71366,0.7199773,1.014822,0.2263334,0.880542,0.1383745,-0.02281543,SelectionStart
126.4868,24,2,3,0,0.748764,0.9344891,0.2074492,341.7086,156.1552,68.71366,0.7199773,1.014822,0.2263334,0.880542,0.1383745,-0.02281543,SelectionEnd
126.4907,24,2,3,0,0.748764,0.9344891,0.2074492,341.7086,156.1552,68.71366,0.7199773,1.014822,0.2263334,0.880542,0.1383745,-0.02281543,GotSelection
126.5026,24,2,3,0,0.7576151,0.9374467,0.2032786,343.9214,154.5262,70.63852,0.7249268,1.021041,0.2301175,0.9359459,0.1346063,-0.139146,SelectionStart
126.5026,24,2,3,0,0.7576151,0.9374467,0.2032786,343.9214,154.5262,70.63852,0.7249268,1.021041,0.2301175,0.9359459,0.1346063,-0.139146,SelectionEnd
126.5058,24,2,3,0,0.7576151,0.9374467,0.2032786,343.9214,154.5262,70.63852,0.7249268,1.021041,0.2301175,0.9359459,0.1346063,-0.139146,GotSelection
126.5152,24,2,3,0,0.7628036,0.9390615,0.1995622,345.669,153.3696,71.66952,0.7284987,1.024443,0.2318916,0.9591492,0.1439433,-0.2220421,SelectionStart
126.5152,24,2,3,0,0.7628036,0.9390615,0.1995622,345.669,153.3696,71.66952,0.7284987,1.024443,0.2318916,0.9591492,0.1439433,-0.2220421,SelectionEnd
126.5185,24,2,3,0,0.7628036,0.9390615,0.1995622,345.669,153.3696,71.66952,0.7284987,1.024443,0.2318916,0.9591492,0.1439433,-0.2220421,GotSelection
126.5281,24,2,3,0,0.7667814,0.940007,0.1962109,347.3777,152.3905,72.23727,0.7329851,1.028107,0.2329051,0.9778187,0.1745996,-0.2832248,SelectionStart
126.5281,24,2,3,0,0.7667814,0.940007,0.1962109,347.3777,152.3905,72.23727,0.7329851,1.028107,0.2329051,0.9778187,0.1745996,-0.2832248,SelectionEnd
126.5314,24,2,3,0,0.7667814,0.940007,0.1962109,347.3777,152.3905,72.23727,0.7329851,1.028107,0.2329051,0.9778187,0.1745996,-0.2832248,GotSelection
126.5462,24,2,3,0,0.7708715,0.9411403,0.1899822,349.9934,150.9592,72.7177,0.7408983,1.03391,0.2343343,0.994377,0.2594301,-0.3712965,SelectionStart
126.5462,24,2,3,0,0.7708715,0.9411403,0.1899822,349.9934,150.9592,72.7177,0.7408983,1.03391,0.2343343,0.994377,0.2594301,-0.3712965,SelectionEnd
126.5495,24,2,3,0,0.7708715,0.9411403,0.1899822,349.9934,150.9592,72.7177,0.7408983,1.03391,0.2343343,0.994377,0.2594301,-0.3712965,GotSelection
126.5905,24,2,3,0,0.7797441,0.9398594,0.18709,354.0742,147.1909,74.82231,0.7600819,1.04347,0.2338416,1.041951,0.3757443,-0.3977069,SelectionStart
126.5905,24,2,3,0,0.7797441,0.9398594,0.18709,354.0742,147.1909,74.82231,0.7600819,1.04347,0.2338416,1.041951,0.3757443,-0.3977069,SelectionEnd
126.5938,24,2,3,0,0.7797441,0.9398594,0.18709,354.0742,147.1909,74.82231,0.7600819,1.04347,0.2338416,1.041951,0.3757443,-0.3977069,GotSelection
126.619,24,2,3,0,0.784287,0.9376092,0.1893857,356.1233,144.9759,76.29091,0.7738555,1.047716,0.2302366,1.07919,0.4197533,-0.3254975,Nothing
126.6271,24,2,3,0,0.7855287,0.9372749,0.1880286,356.9321,144.4679,76.30822,0.7775345,1.048377,0.2286663,1.078345,0.4423808,-0.3235663,Nothing
126.6362,24,2,3,0,0.7870657,0.937809,0.1861271,358.0414,144.0466,76.11964,0.7807256,1.048861,0.2275113,1.064903,0.464554,-0.3407995,Nothing
126.6441,24,2,3,0,0.7886428,0.9378233,0.1837662,359.078,143.5902,76.01858,0.7835519,1.04905,0.2261652,1.054946,0.4841709,-0.360633,Nothing
126.652,24,2,3,0,0.7898327,0.9377984,0.181821,0.02523755,143.1704,75.9375,0.7864317,1.049187,0.2248333,1.044996,0.50429,-0.3725288,Nothing
126.6599,24,2,3,0,0.7906803,0.9378616,0.1806182,0.7597305,142.7912,75.88069,0.7892259,1.04926,0.2235394,1.035732,0.5213864,-0.3727504,Nothing
126.669,24,2,3,0,0.7913077,0.9378481,0.1797868,1.409138,142.446,75.85419,0.7919363,1.049366,0.2222505,1.028987,0.5368829,-0.3674057,Nothing
126.6772,24,2,3,0,0.7909542,0.9380659,0.1807455,1.425729,142.3144,75.89272,0.7939931,1.048932,0.220994,1.022045,0.5409786,-0.3340405,Nothing
126.6851,24,2,3,0,0.7908322,0.9379988,0.181048,1.803323,141.9989,75.8704,0.7973143,1.04856,0.2190431,1.014211,0.5551398,-0.3000936,Nothing
126.6933,24,2,3,0,0.7906007,0.9381807,0.1808956,2.037287,141.8536,75.77763,0.7992334,1.048207,0.2177583,1.004979,0.565801,-0.281106,Nothing
126.7023,24,2,3,0,0.7903298,0.9385169,0.1801105,2.366261,141.7367,75.55647,0.8012129,1.047919,0.2163971,0.9921113,0.5822886,-0.2677982,Nothing
126.7098,24,2,3,0,0.7898515,0.9386472,0.1784431,2.834421,141.6024,75.15164,0.8032653,1.047594,0.214779,0.9767175,0.6080935,-0.260234,Nothing
126.7194,24,2,3,0,0.7893313,0.9386786,0.1749425,3.613985,141.457,74.47051,0.8052651,1.0474,0.2131201,0.9551787,0.649264,-0.2728538,Nothing
126.729,24,2,3,0,0.7895346,0.9383813,0.1707343,4.735458,141.1947,73.72014,0.8086168,1.047305,0.2103931,0.9341028,0.6949763,-0.2843723,Nothing
126.7442,24,2,3,0,0.7910304,0.9368204,0.1639025,6.644696,140.7618,72.68619,0.8122523,1.046582,0.2070461,0.9065586,0.7498721,-0.3321555,Nothing
126.7524,24,2,3,0,0.791618,0.9355743,0.1612799,7.400745,140.5124,72.29498,0.8139968,1.046311,0.2053712,0.9018843,0.7731364,-0.3458014,Nothing
126.7602,24,2,3,0,0.7928421,0.9347404,0.159326,8.12102,140.1966,72.08963,0.8155738,1.046013,0.2036729,0.8987247,0.7820632,-0.3574804,Nothing
126.7687,24,2,3,0,0.7924676,0.9349331,0.1576826,8.698154,139.9737,71.8385,0.8171074,1.04555,0.202003,0.8827906,0.7982119,-0.3531065,Nothing
126.7776,24,2,3,0,0.7931635,0.9338317,0.1561584,9.255491,139.812,71.63605,0.8182833,1.045174,0.2004016,0.8831908,0.8063493,-0.3598008,Nothing
126.7859,24,2,3,0,0.7938018,0.9332207,0.1547895,9.786168,139.7075,71.50294,0.8194978,1.044848,0.1988899,0.8805262,0.8122154,-0.364677,Nothing
126.7945,24,2,3,0,0.7947984,0.9323604,0.1532669,10.39805,139.5766,71.35558,0.8208084,1.044444,0.1973313,0.8787974,0.817338,-0.3737462,Nothing
126.8024,24,2,3,0,0.7970271,0.9306782,0.1509157,11.41746,139.4878,71.28174,0.8222787,1.043491,0.1949925,0.8791482,0.8131005,-0.3988924,Nothing
126.8108,24,2,3,0,0.7986345,0.9294131,0.1494677,12.08878,139.3975,71.25232,0.823299,1.042941,0.1933603,0.8824097,0.8089976,-0.4148693,Nothing
126.8183,24,2,3,0,0.8000155,0.9281135,0.148438,12.64412,139.1898,71.16267,0.8243038,1.042581,0.191639,0.8893141,0.8058943,-0.423097,Nothing
126.8267,24,2,3,0,0.8006287,0.9270971,0.1480509,12.92035,138.9725,71.09999,0.8258026,1.042076,0.1894537,0.8973489,0.8050788,-0.4085426,Nothing
126.8357,24,2,3,0,0.800193,0.926398,0.1486818,12.77614,138.8105,71.03552,0.8270159,1.041561,0.1875354,0.9071427,0.80549,-0.3749715,Nothing
126.8434,24,2,3,0,0.7995723,0.9259359,0.1491278,12.6896,138.7637,70.97314,0.8283552,1.040956,0.1854907,0.912768,0.8070093,-0.341089,Nothing
126.8535,24,2,3,0,0.7993689,0.9252845,0.1493061,12.65312,138.795,70.95863,0.8295464,1.04037,0.1833684,0.9205025,0.8048981,-0.3143935,Nothing
126.8603,24,2,3,0,0.7994364,0.9247086,0.1494753,12.67158,138.8729,70.97808,0.8305869,1.040062,0.1813387,0.9303214,0.8000939,-0.2931104,Nothing
126.8696,24,2,3,0,0.7997169,0.9238163,0.1490581,12.90603,138.9806,70.97662,0.8327052,1.03915,0.1780709,0.9376582,0.7973558,-0.2651787,Nothing
126.8775,24,2,3,0,0.8006632,0.9228537,0.147778,13.31509,139.0443,70.98164,0.8339131,1.038712,0.1762445,0.9425569,0.7972033,-0.2692747,Nothing
126.8854,24,2,3,0,0.8017782,0.9217604,0.1460808,13.84492,139.041,70.89697,0.834941,1.037931,0.1744504,0.9423757,0.7975446,-0.2804846,Nothing
126.8935,24,2,3,0,0.8028483,0.9206246,0.1441683,14.41421,138.9683,70.76151,0.8360581,1.037338,0.1727097,0.9422711,0.8019892,-0.2937194,Nothing
126.9019,24,2,3,0,0.8037712,0.9193828,0.1421532,14.97409,138.8854,70.57672,0.8372464,1.036743,0.1705175,0.943566,0.8072935,-0.3030245,Nothing
126.9103,24,2,3,0,0.8044349,0.9181755,0.1404251,15.42187,138.8184,70.39786,0.8383429,1.036126,0.1689139,0.9434823,0.8155113,-0.3112862,Nothing
126.9192,24,2,3,0,0.804897,0.9171954,0.1393146,15.71915,138.8043,70.2785,0.8395646,1.035496,0.1672933,0.9449989,0.8211805,-0.3094902,Nothing
126.9271,24,2,3,0,0.8052804,0.9166964,0.1381433,15.88056,138.8981,70.18898,0.8409243,1.034927,0.1657031,0.9429652,0.827407,-0.3039002,Nothing
126.9366,24,2,3,0,0.8061266,0.9151438,0.1370659,16.23673,139.0026,70.13593,0.8429153,1.033957,0.1633107,0.9502028,0.8312382,-0.2965403,Nothing
126.9443,24,2,3,0,0.8064231,0.913901,0.13676,16.45325,139.0995,70.18617,0.8442881,1.033323,0.1616923,0.9600118,0.8332583,-0.2868846,Nothing
126.952,24,2,3,0,0.807232,0.9129786,0.1364207,16.67465,139.1838,70.2181,0.8458369,1.032571,0.1603541,0.9645097,0.8332605,-0.2804937,Nothing
126.9608,24,2,3,0,0.80791,0.9119112,0.1362799,16.81533,139.2741,70.34248,0.8475241,1.031886,0.1588955,0.9738817,0.8329597,-0.2690506,Nothing
126.9691,24,2,3,0,0.8072416,0.9105043,0.1369535,16.71542,139.3574,70.48624,0.849277,1.031352,0.1577261,0.9902801,0.8426152,-0.2410854,Nothing
126.9764,24,2,3,0,0.8075545,0.9094623,0.1369519,16.76471,139.3834,70.56948,0.8508802,1.030719,0.1564183,0.9996454,0.8455009,-0.2256444,Nothing
126.9854,24,2,3,0,0.8074628,0.9090597,0.1377848,16.48989,139.3961,70.7424,0.8525062,1.029997,0.1554786,1.006446,0.8456244,-0.1948446,Nothing
126.9934,24,2,3,0,0.8079532,0.9081284,0.1384773,16.42729,139.3999,70.96558,0.854142,1.029509,0.1545517,1.020024,0.8432714,-0.1754873,Nothing
127.0021,24,2,3,0,0.8095373,0.9066716,0.1391596,16.55845,139.4273,71.39417,0.8565313,1.02866,0.1530531,1.040095,0.8316677,-0.1589822,Nothing
127.01,24,2,3,0,0.8117994,0.905331,0.1392438,16.82883,139.5042,71.79861,0.8580066,1.02801,0.1524415,1.054759,0.8162142,-0.1673299,Nothing
127.0183,24,2,3,0,0.8134892,0.9043438,0.1393892,17.04646,139.5687,72.15086,0.8594084,1.027705,0.1522525,1.066823,0.8075573,-0.1739641,Nothing
127.0272,24,2,3,0,0.8143778,0.9034816,0.1395863,17.18619,139.5889,72.31733,0.8608717,1.027234,0.1519373,1.074193,0.8072608,-0.1709395,Nothing
127.0359,24,2,3,0,0.8149757,0.9029497,0.1395991,17.25828,139.608,72.43677,0.8620604,1.026878,0.151667,1.078148,0.8086656,-0.1673795,Nothing
127.045,24,2,3,0,0.816218,0.9023073,0.1397825,17.3445,139.6862,72.63303,0.8637795,1.026147,0.1514928,1.080866,0.8066774,-0.1639441,Nothing
127.06,24,2,3,0,0.8162175,0.9022968,0.1395732,17.34323,139.84,72.65057,0.8646444,1.025401,0.1517319,1.071492,0.8141254,-0.1607274,Nothing
127.0688,24,2,3,0,0.816349,0.9021506,0.1393613,17.37518,139.9526,72.67818,0.8651967,1.024424,0.1521017,1.06107,0.8181383,-0.1614614,Nothing
127.0767,24,2,3,0,0.8162706,0.9025828,0.1392135,17.37044,139.9928,72.64661,0.8653634,1.02376,0.1524742,1.048011,0.8205271,-0.1606757,Nothing
127.0855,24,2,3,0,0.8158932,0.9032925,0.1387135,17.3878,140.0028,72.55877,0.865261,1.023185,0.153107,1.029864,0.8269066,-0.1639435,Nothing
127.0946,24,2,3,0,0.8156494,0.9035264,0.1384938,17.3871,139.9956,72.47952,0.8646506,1.022493,0.1537432,1.016723,0.8273975,-0.169723,Nothing
127.1075,24,2,3,0,0.8151108,0.9037566,0.1382086,17.38129,139.9803,72.37228,0.8641304,1.021498,0.1551259,0.9968461,0.8350515,-0.1780652,Nothing
127.1198,24,2,3,0,0.8142792,0.9042203,0.1378521,17.32866,139.967,72.17548,0.8636062,1.020001,0.1569736,0.9665188,0.8473119,-0.1854014,Nothing
127.1269,24,2,3,0,0.8136472,0.9044139,0.1377974,17.27604,139.9728,72.08378,0.8629829,1.019135,0.1581205,0.9504051,0.8524635,-0.1900684,Nothing
127.1351,24,2,3,0,0.813218,0.9045769,0.137828,17.21748,139.9562,71.9996,0.8626062,1.018404,0.1592813,0.9362994,0.8578642,-0.1941352,Nothing
127.1433,24,2,3,0,0.8127524,0.9046117,0.1380066,17.14276,139.9093,71.93773,0.8621427,1.01764,0.1604727,0.9240844,0.8620743,-0.1973526,Nothing
127.1513,24,2,3,0,0.8124125,0.9046856,0.1381659,17.07103,139.8513,71.89095,0.8614295,1.016792,0.1616581,0.9111599,0.8627111,-0.2026389,Nothing
127.1605,24,2,3,0,0.8121908,0.9046105,0.1384415,16.99316,139.7719,71.8578,0.8607169,1.015936,0.162792,0.9006222,0.8616726,-0.2075443,Nothing
127.1684,24,2,3,0,0.8120012,0.9045916,0.1385533,16.95323,139.6997,71.82622,0.8596113,1.014839,0.1637899,0.8873379,0.8564432,-0.2152793,Nothing
127.1772,24,2,3,0,0.8118634,0.9046283,0.1387479,16.9053,139.6284,71.81034,0.8585251,1.013935,0.164728,0.8762222,0.8503734,-0.2224477,Nothing
127.1853,24,2,3,0,0.8116297,0.9046742,0.1390424,16.82801,139.5483,71.7753,0.8569554,1.012409,0.1659088,0.8587421,0.8404248,-0.2306595,Nothing
127.1937,24,2,3,0,0.811585,0.9046744,0.1391512,16.80115,139.5271,71.76759,0.8559747,1.01158,0.1666005,0.8492299,0.8338251,-0.2377865,Nothing
127.2016,24,2,3,0,0.8114843,0.9046708,0.1391823,16.77122,139.5015,71.74068,0.854822,1.01068,0.1669175,0.8401634,0.8247228,-0.243161,Nothing
127.2101,24,2,3,0,0.8116223,0.9046623,0.1392068,16.78404,139.4859,71.75208,0.8536635,1.010105,0.1671223,0.8350945,0.8134805,-0.2511573,Nothing
127.2182,24,2,3,0,0.8119065,0.9046035,0.13916,16.82928,139.4819,71.77885,0.8526506,1.009587,0.1672193,0.8312177,0.8020965,-0.2598917,Nothing
127.2267,24,2,3,0,0.8123854,0.9046825,0.1391154,16.88676,139.4668,71.82892,0.8515886,1.009115,0.1671629,0.8275498,0.7872644,-0.2688624,Nothing
127.2346,24,2,3,0,0.8128172,0.9045181,0.1389566,16.96407,139.4493,71.88506,0.850752,1.009079,0.1670483,0.8297589,0.7768737,-0.2788692,Nothing
127.2436,24,2,3,0,0.8136644,0.9043838,0.1387858,17.06417,139.4326,71.95997,0.8499719,1.00924,0.166591,0.8351815,0.7619509,-0.2896158,Nothing
127.2515,24,2,3,0,0.813947,0.904314,0.1387181,17.10132,139.4465,71.98981,0.8492616,1.009317,0.1665614,0.8371066,0.7541925,-0.2974089,Nothing
127.2598,24,2,3,0,0.8142452,0.9041973,0.1387329,17.13907,139.4758,72.01685,0.8491545,1.00997,0.1661498,0.8463607,0.750419,-0.3000319,Nothing
127.2684,24,2,3,0,0.8144004,0.9040486,0.1386321,17.16236,139.4921,72.03016,0.8483901,1.010297,0.1659975,0.8515047,0.7439815,-0.3074514,Nothing
127.2769,24,2,3,0,0.8146486,0.9039215,0.1385483,17.19923,139.5006,72.05537,0.8481745,1.010808,0.1657361,0.8585289,0.7407598,-0.3117262,Nothing
127.2849,24,2,3,0,0.8149315,0.9038281,0.1385118,17.2495,139.5074,72.09283,0.8493741,1.01113,0.1652373,0.8640679,0.7460887,-0.3047235,Nothing
127.2931,24,2,3,0,0.815231,0.9036588,0.1384446,17.29448,139.5369,72.137,0.8494431,1.011842,0.1651088,0.8728985,0.7457872,-0.3094449,Nothing
127.3017,24,2,3,0,0.8154234,0.9032503,0.1384902,17.34488,139.5762,72.17942,0.8493726,1.012317,0.164986,0.8821346,0.7446328,-0.3137644,Nothing
127.3096,24,2,3,0,0.815844,0.902968,0.1383652,17.42411,139.629,72.23839,0.8491863,1.012789,0.1647213,0.8902487,0.7401724,-0.3207224,Nothing
127.3182,24,2,3,0,0.8164278,0.9025997,0.1382074,17.52762,139.6901,72.32105,0.8490863,1.013453,0.1646429,0.9001735,0.7366948,-0.3311649,Nothing
127.3262,24,2,3,0,0.8171704,0.9023435,0.1379792,17.63998,139.734,72.41364,0.8490732,1.013897,0.164702,0.9062482,0.7326111,-0.3426424,Nothing
127.3351,24,2,3,0,0.8179581,0.9020023,0.1378372,17.7607,139.7589,72.53667,0.8491521,1.014208,0.165075,0.911232,0.7295109,-0.3554014,Nothing
127.3428,24,2,3,0,0.8186752,0.9015639,0.1377912,17.89557,139.7539,72.64703,0.8489372,1.014573,0.1653228,0.9184022,0.723982,-0.3684675,Nothing
127.352,24,2,3,0,0.819577,0.9012151,0.1377413,18.01912,139.7371,72.77277,0.8490968,1.014836,0.1655221,0.9241382,0.718926,-0.3791362,Nothing
127.3604,24,2,3,0,0.8203344,0.9008412,0.1376752,18.13121,139.7375,72.88093,0.848854,1.015108,0.1658448,0.9294403,0.712932,-0.3924753,Nothing
127.3685,24,2,3,0,0.8210732,0.9002839,0.1377489,18.2398,139.7348,72.99166,0.8487378,1.015199,0.1661612,0.9353456,0.7072334,-0.4037576,Nothing
127.3765,24,2,3,0,0.8222468,0.8998083,0.1377659,18.39045,139.7394,73.16341,0.8486879,1.0152,0.1665566,0.9395639,0.6977142,-0.4186683,Nothing
127.3849,24,2,3,0,0.8230453,0.8995817,0.1376411,18.5033,139.753,73.27792,0.8485228,1.014846,0.1670858,0.9363995,0.6911214,-0.4313641,Nothing
127.393,24,2,3,0,0.8236849,0.8992445,0.1375745,18.60567,139.7847,73.37717,0.8485074,1.014638,0.1674662,0.9362246,0.6868007,-0.4413366,Nothing
127.4017,24,2,3,0,0.8244392,0.8987951,0.1377397,18.69108,139.8212,73.48208,0.8481253,1.014506,0.1679956,0.9383891,0.6785702,-0.4540123,Nothing
127.4104,24,2,3,0,0.8249586,0.8985448,0.1376265,18.78872,139.8456,73.55151,0.8479998,1.01422,0.1683409,0.9362517,0.6744244,-0.4633125,Nothing
127.4199,24,2,3,0,0.8252299,0.8984256,0.1374556,18.85637,139.8778,73.57553,0.8481562,1.013876,0.1687254,0.9315199,0.6753747,-0.4688749,SelectionStart
127.42,24,2,3,0,0.8252299,0.8984256,0.1374556,18.85637,139.8778,73.57553,0.8481562,1.013876,0.1687254,0.9315199,0.6753747,-0.4688749,SelectionEnd
127.4236,24,2,3,0,0.8252299,0.8984256,0.1374556,18.85637,139.8778,73.57553,0.8481562,1.013876,0.1687254,0.9315199,0.6753747,-0.4688749,GotSelection
127.4355,24,2,3,0,0.8258818,0.8984855,0.1370891,18.99452,139.9007,73.62805,0.8482399,1.013484,0.1693179,0.922801,0.6736845,-0.4807402,SelectionStart
127.4356,24,2,3,0,0.8258818,0.8984855,0.1370891,18.99452,139.9007,73.62805,0.8482399,1.013484,0.1693179,0.922801,0.6736845,-0.4807402,SelectionEnd
127.4388,24,2,3,0,0.8258818,0.8984855,0.1370891,18.99452,139.9007,73.62805,0.8482399,1.013484,0.1693179,0.922801,0.6736845,-0.4807402,GotSelection
127.4476,24,2,3,0,0.8259903,0.8984795,0.1369074,19.04316,139.9011,73.61159,0.8485764,1.013195,0.1693974,0.9184456,0.6763687,-0.4812259,SelectionStart
127.4476,24,2,3,0,0.8259903,0.8984795,0.1369074,19.04316,139.9011,73.61159,0.8485764,1.013195,0.1693974,0.9184456,0.6763687,-0.4812259,SelectionEnd
127.4509,24,2,3,0,0.8259903,0.8984795,0.1369074,19.04316,139.9011,73.61159,0.8485764,1.013195,0.1693974,0.9184456,0.6763687,-0.4812259,GotSelection
127.4605,24,2,3,0,0.825674,0.8987423,0.1369355,18.97649,139.9573,73.58389,0.8486228,1.013252,0.1692779,0.9172304,0.6783864,-0.4763126,SelectionStart
127.4605,24,2,3,0,0.825674,0.8987423,0.1369355,18.97649,139.9573,73.58389,0.8486228,1.013252,0.1692779,0.9172304,0.6783864,-0.4763126,SelectionEnd
127.4637,24,2,3,0,0.825674,0.8987423,0.1369355,18.97649,139.9573,73.58389,0.8486228,1.013252,0.1692779,0.9172304,0.6783864,-0.4763126,GotSelection
127.4739,24,2,3,0,0.8255245,0.8989255,0.1371491,18.91677,139.9724,73.58652,0.8481549,1.013113,0.1685753,0.9187105,0.6698829,-0.4694342,SelectionStart
127.4739,24,2,3,0,0.8255245,0.8989255,0.1371491,18.91677,139.9724,73.58652,0.8481549,1.013113,0.1685753,0.9187105,0.6698829,-0.4694342,SelectionEnd
127.4772,24,2,3,0,0.8255245,0.8989255,0.1371491,18.91677,139.9724,73.58652,0.8481549,1.013113,0.1685753,0.9187105,0.6698829,-0.4694342,GotSelection
127.4884,24,2,3,0,0.8252262,0.8989558,0.1375627,18.83347,139.9578,73.60217,0.84725,1.012931,0.167595,0.9236675,0.6565872,-0.4605525,SelectionStart
127.4884,24,2,3,0,0.8252262,0.8989558,0.1375627,18.83347,139.9578,73.60217,0.84725,1.012931,0.167595,0.9236675,0.6565872,-0.4605525,SelectionEnd
127.4918,24,2,3,0,0.8252262,0.8989558,0.1375627,18.83347,139.9578,73.60217,0.84725,1.012931,0.167595,0.9236675,0.6565872,-0.4605525,GotSelection
127.503,24,2,3,0,0.824783,0.8988186,0.138161,18.69312,139.9474,73.63938,0.8459362,1.012757,0.1662358,0.9333247,0.6382357,-0.4486764,SelectionStart
127.503,24,2,3,0,0.824783,0.8988186,0.138161,18.69312,139.9474,73.63938,0.8459362,1.012757,0.1662358,0.9333247,0.6382357,-0.4486764,SelectionEnd
127.5063,24,2,3,0,0.824783,0.8988186,0.138161,18.69312,139.9474,73.63938,0.8459362,1.012757,0.1662358,0.9333247,0.6382357,-0.4486764,GotSelection
127.5175,24,2,3,0,0.8247524,0.8989898,0.1388482,18.59291,139.9311,73.69117,0.8440693,1.012233,0.1647413,0.9377968,0.6086911,-0.4397251,SelectionStart
127.5175,24,2,3,0,0.8247524,0.8989898,0.1388482,18.59291,139.9311,73.69117,0.8440693,1.012233,0.1647413,0.9377968,0.6086911,-0.4397251,SelectionEnd
127.5207,24,2,3,0,0.8247524,0.8989898,0.1388482,18.59291,139.9311,73.69117,0.8440693,1.012233,0.1647413,0.9377968,0.6086911,-0.4397251,GotSelection
127.5305,24,2,3,0,0.824618,0.8991917,0.1395658,18.47552,139.886,73.75426,0.8419759,1.011772,0.1627797,0.94487,0.5753216,-0.4275329,SelectionStart
127.5306,24,2,3,0,0.824618,0.8991917,0.1395658,18.47552,139.886,73.75426,0.8419759,1.011772,0.1627797,0.94487,0.5753216,-0.4275329,SelectionEnd
127.5339,24,2,3,0,0.824618,0.8991917,0.1395658,18.47552,139.886,73.75426,0.8419759,1.011772,0.1627797,0.94487,0.5753216,-0.4275329,GotSelection
127.544,24,2,3,0,0.8245378,0.899146,0.1402186,18.36877,139.8545,73.80956,0.8399026,1.011298,0.1608682,0.9533661,0.5430073,-0.4174774,SelectionStart
127.5441,24,2,3,0,0.8245378,0.899146,0.1402186,18.36877,139.8545,73.80956,0.8399026,1.011298,0.1608682,0.9533661,0.5430073,-0.4174774,SelectionEnd
127.5475,24,2,3,0,0.8245378,0.899146,0.1402186,18.36877,139.8545,73.80956,0.8399026,1.011298,0.1608682,0.9533661,0.5430073,-0.4174774,GotSelection
127.5957,24,2,3,0,0.8248522,0.899337,0.1419853,18.16642,139.7209,74.02541,0.8294175,1.008643,0.1517293,0.9774551,0.3836196,-0.3911196,SelectionStart
127.5958,24,2,3,0,0.8248522,0.899337,0.1419853,18.16642,139.7209,74.02541,0.8294175,1.008643,0.1517293,0.9774551,0.3836196,-0.3911196,SelectionEnd
127.5992,24,2,3,0,0.8248522,0.899337,0.1419853,18.16642,139.7209,74.02541,0.8294175,1.008643,0.1517293,0.9774551,0.3836196,-0.3911196,GotSelection
127.6111,24,2,3,0,0.8249905,0.899371,0.1421645,18.15498,139.699,74.05688,0.8256037,1.007825,0.1482775,0.9854805,0.3284375,-0.3861004,SelectionStart
127.6112,24,2,3,0,0.8249905,0.899371,0.1421645,18.15498,139.699,74.05688,0.8256037,1.007825,0.1482775,0.9854805,0.3284375,-0.3861004,SelectionEnd
127.6149,24,2,3,0,0.8249905,0.899371,0.1421645,18.15498,139.699,74.05688,0.8256037,1.007825,0.1482775,0.9854805,0.3284375,-0.3861004,GotSelection
127.6246,24,2,3,0,0.825224,0.899533,0.1422105,18.15976,139.6553,74.07039,0.8221172,1.006941,0.145011,0.9900818,0.276699,-0.3817016,SelectionStart
127.6246,24,2,3,0,0.825224,0.899533,0.1422105,18.15976,139.6553,74.07039,0.8221172,1.006941,0.145011,0.9900818,0.276699,-0.3817016,SelectionEnd
127.6279,24,2,3,0,0.825224,0.899533,0.1422105,18.15976,139.6553,74.07039,0.8221172,1.006941,0.145011,0.9900818,0.276699,-0.3817016,GotSelection
127.6373,24,2,3,0,0.8252062,0.8996344,0.1421603,18.15091,139.6542,74.05685,0.8194489,1.006544,0.1424871,0.9960912,0.2402443,-0.3783174,SelectionStart
127.6373,24,2,3,0,0.8252062,0.8996344,0.1421603,18.15091,139.6542,74.05685,0.8194489,1.006544,0.1424871,0.9960912,0.2402443,-0.3783174,SelectionEnd
127.6407,24,2,3,0,0.8252062,0.8996344,0.1421603,18.15091,139.6542,74.05685,0.8194489,1.006544,0.1424871,0.9960912,0.2402443,-0.3783174,GotSelection
127.6527,24,2,3,0,0.8253459,0.8997164,0.14219,18.13579,139.6857,74.06763,0.8162059,1.005903,0.139279,1.003454,0.1925333,-0.3730106,SelectionStart
127.6527,24,2,3,0,0.8253459,0.8997164,0.14219,18.13579,139.6857,74.06763,0.8162059,1.005903,0.139279,1.003454,0.1925333,-0.3730106,SelectionEnd
127.6562,24,2,3,0,0.8253459,0.8997164,0.14219,18.13579,139.6857,74.06763,0.8162059,1.005903,0.139279,1.003454,0.1925333,-0.3730106,GotSelection
127.6673,24,2,3,0,0.8254418,0.8996979,0.1421764,18.14238,139.7137,74.07526,0.8133711,1.005414,0.1361662,1.01237,0.1499387,-0.3670444,SelectionStart
127.6673,24,2,3,0,0.8254418,0.8996979,0.1421764,18.14238,139.7137,74.07526,0.8133711,1.005414,0.1361662,1.01237,0.1499387,-0.3670444,SelectionEnd
127.6708,24,2,3,0,0.8254418,0.8996979,0.1421764,18.14238,139.7137,74.07526,0.8133711,1.005414,0.1361662,1.01237,0.1499387,-0.3670444,GotSelection
127.6808,24,2,3,0,0.8255611,0.8996212,0.1421424,18.15414,139.7103,74.09631,0.8112822,1.00498,0.1342072,1.01733,0.1198948,-0.3657322,SelectionStart
127.6808,24,2,3,0,0.8255611,0.8996212,0.1421424,18.15414,139.7103,74.09631,0.8112822,1.00498,0.1342072,1.01733,0.1198948,-0.3657322,SelectionEnd
127.6843,24,2,3,0,0.8255611,0.8996212,0.1421424,18.15414,139.7103,74.09631,0.8112822,1.00498,0.1342072,1.01733,0.1198948,-0.3657322,GotSelection
127.6936,24,2,3,0,0.8255286,0.8994145,0.1423235,18.13369,139.687,74.12769,0.8088395,1.004146,0.1317576,1.02289,0.08336848,-0.359113,SelectionStart
127.6936,24,2,3,0,0.8255286,0.8994145,0.1423235,18.13369,139.687,74.12769,0.8088395,1.004146,0.1317576,1.02289,0.08336848,-0.359113,SelectionEnd
127.697,24,2,3,0,0.8255286,0.8994145,0.1423235,18.13369,139.687,74.12769,0.8088395,1.004146,0.1317576,1.02289,0.08336848,-0.359113,GotSelection
127.7065,24,2,3,0,0.8254657,0.8993071,0.1423072,18.15106,139.6527,74.14443,0.8069147,1.003649,0.1307111,1.023658,0.06117635,-0.3623644,SelectionStart
127.7066,24,2,3,0,0.8254657,0.8993071,0.1423072,18.15106,139.6527,74.14443,0.8069147,1.003649,0.1307111,1.023658,0.06117635,-0.3623644,SelectionEnd
127.7098,24,2,3,0,0.8254657,0.8993071,0.1423072,18.15106,139.6527,74.14443,0.8069147,1.003649,0.1307111,1.023658,0.06117635,-0.3623644,GotSelection
127.7202,24,2,3,0,0.8256389,0.8992485,0.1423236,18.17718,139.6331,74.17959,0.8057582,1.003418,0.1297178,1.026264,0.04361041,-0.363237,SelectionStart
127.7202,24,2,3,0,0.8256389,0.8992485,0.1423236,18.17718,139.6331,74.17959,0.8057582,1.003418,0.1297178,1.026264,0.04361041,-0.363237,SelectionEnd
127.7234,24,2,3,0,0.8256389,0.8992485,0.1423236,18.17718,139.6331,74.17959,0.8057582,1.003418,0.1297178,1.026264,0.04361041,-0.363237,GotSelection
127.7356,24,2,3,0,0.8259838,0.8994021,0.1424296,18.22488,139.5969,74.19321,0.8047375,1.003336,0.1289878,1.027363,0.02692465,-0.3658654,SelectionStart
127.7356,24,2,3,0,0.8259838,0.8994021,0.1424296,18.22488,139.5969,74.19321,0.8047375,1.003336,0.1289878,1.027363,0.02692465,-0.3658654,SelectionEnd
127.739,24,2,3,0,0.8259838,0.8994021,0.1424296,18.22488,139.5969,74.19321,0.8047375,1.003336,0.1289878,1.027363,0.02692465,-0.3658654,GotSelection
127.7816,24,2,3,0,0.825747,0.8994431,0.1422472,18.22584,139.5366,74.136,0.8049622,1.004228,0.1291311,1.033767,0.03578375,-0.3683533,SelectionStart
127.7816,24,2,3,0,0.825747,0.8994431,0.1422472,18.22584,139.5366,74.136,0.8049622,1.004228,0.1291311,1.033767,0.03578375,-0.3683533,SelectionEnd
127.7851,24,2,3,0,0.825747,0.8994431,0.1422472,18.22584,139.5366,74.136,0.8049622,1.004228,0.1291311,1.033767,0.03578375,-0.3683533,GotSelection
127.795,24,2,3,0,0.8246418,0.89959,0.1426266,18.09427,139.4566,74.04044,0.8113206,1.008025,0.1330079,1.052829,0.1273329,-0.3566673,SelectionStart
127.795,24,2,3,0,0.8246418,0.89959,0.1426266,18.09427,139.4566,74.04044,0.8113206,1.008025,0.1330079,1.052829,0.1273329,-0.3566673,SelectionEnd
127.7985,24,2,3,0,0.8246418,0.89959,0.1426266,18.09427,139.4566,74.04044,0.8113206,1.008025,0.1330079,1.052829,0.1273329,-0.3566673,GotSelection
127.8115,24,2,3,0,0.8244231,0.8996,0.1426203,18.05566,139.4117,74.01051,0.8155711,1.010257,0.1359019,1.06097,0.1862894,-0.3562711,SelectionStart
127.8115,24,2,3,0,0.8244231,0.8996,0.1426203,18.05566,139.4117,74.01051,0.8155711,1.010257,0.1359019,1.06097,0.1862894,-0.3562711,SelectionEnd
127.8152,24,2,3,0,0.8244231,0.8996,0.1426203,18.05566,139.4117,74.01051,0.8155711,1.010257,0.1359019,1.06097,0.1862894,-0.3562711,GotSelection
127.8255,24,2,3,0,0.82438,0.8995659,0.1427312,18.05187,139.3821,74.01954,0.8191497,1.011728,0.139001,1.062126,0.2362666,-0.3601452,SelectionStart
127.8255,24,2,3,0,0.82438,0.8995659,0.1427312,18.05187,139.3821,74.01954,0.8191497,1.011728,0.139001,1.062126,0.2362666,-0.3601452,SelectionEnd
127.8289,24,2,3,0,0.82438,0.8995659,0.1427312,18.05187,139.3821,74.01954,0.8191497,1.011728,0.139001,1.062126,0.2362666,-0.3601452,GotSelection
127.8389,24,2,3,0,0.8244079,0.899491,0.1429094,18.04082,139.3801,74.05231,0.8239565,1.013738,0.1423492,1.067957,0.2976724,-0.3596843,SelectionStart
127.8389,24,2,3,0,0.8244079,0.899491,0.1429094,18.04082,139.3801,74.05231,0.8239565,1.013738,0.1423492,1.067957,0.2976724,-0.3596843,SelectionEnd
127.8421,24,2,3,0,0.8244079,0.899491,0.1429094,18.04082,139.3801,74.05231,0.8239565,1.013738,0.1423492,1.067957,0.2976724,-0.3596843,GotSelection
127.8526,24,2,3,0,0.8245112,0.8994272,0.142901,18.04753,139.3962,74.08702,0.8278273,1.014909,0.1448443,1.068735,0.3448243,-0.3583682,SelectionStart
127.8527,24,2,3,0,0.8245112,0.8994272,0.142901,18.04753,139.3962,74.08702,0.8278273,1.014909,0.1448443,1.068735,0.3448243,-0.3583682,SelectionEnd
127.856,24,2,3,0,0.8245112,0.8994272,0.142901,18.04753,139.3962,74.08702,0.8278273,1.014909,0.1448443,1.068735,0.3448243,-0.3583682,GotSelection
127.8659,24,2,3,0,0.8248816,0.8993465,0.1429092,18.08987,139.4053,74.13162,0.8326387,1.01651,0.1481489,1.070222,0.4028553,-0.360781,SelectionStart
127.8659,24,2,3,0,0.8248816,0.8993465,0.1429092,18.08987,139.4053,74.13162,0.8326387,1.01651,0.1481489,1.070222,0.4028553,-0.360781,SelectionEnd
127.8699,24,2,3,0,0.8248816,0.8993465,0.1429092,18.08987,139.4053,74.13162,0.8326387,1.01651,0.1481489,1.070222,0.4028553,-0.360781,GotSelection
127.8799,24,2,3,0,0.8253238,0.8991901,0.1427998,18.16374,139.4102,74.17906,0.8343682,1.017974,0.150903,1.073226,0.4328485,-0.3803718,SelectionStart
127.8799,24,2,3,0,0.8253238,0.8991901,0.1427998,18.16374,139.4102,74.17906,0.8343682,1.017974,0.150903,1.073226,0.4328485,-0.3803718,SelectionEnd
127.8831,24,2,3,0,0.8253238,0.8991901,0.1427998,18.16374,139.4102,74.17906,0.8343682,1.017974,0.150903,1.073226,0.4328485,-0.3803718,GotSelection
127.895,24,2,3,0,0.825824,0.8986784,0.1425087,18.2842,139.4243,74.25552,0.8380085,1.019009,0.1534026,1.075573,0.4764347,-0.3885143,SelectionStart
127.895,24,2,3,0,0.825824,0.8986784,0.1425087,18.2842,139.4243,74.25552,0.8380085,1.019009,0.1534026,1.075573,0.4764347,-0.3885143,SelectionEnd
127.8987,24,2,3,0,0.825824,0.8986784,0.1425087,18.2842,139.4243,74.25552,0.8380085,1.019009,0.1534026,1.075573,0.4764347,-0.3885143,GotSelection
127.9101,24,2,3,0,0.8265478,0.8982714,0.1421271,18.41283,139.4531,74.35143,0.8416883,1.020067,0.1549975,1.080745,0.5132678,-0.3918663,SelectionStart
127.9101,24,2,3,0,0.8265478,0.8982714,0.1421271,18.41283,139.4531,74.35143,0.8416883,1.020067,0.1549975,1.080745,0.5132678,-0.3918663,SelectionEnd
127.9135,24,2,3,0,0.8265478,0.8982714,0.1421271,18.41283,139.4531,74.35143,0.8416883,1.020067,0.1549975,1.080745,0.5132678,-0.3918663,GotSelection
127.9234,24,2,3,0,0.8272705,0.8979314,0.1418073,18.53822,139.472,74.43538,0.8447215,1.021143,0.1563103,1.086941,0.543034,-0.3965835,SelectionStart
127.9234,24,2,3,0,0.8272705,0.8979314,0.1418073,18.53822,139.472,74.43538,0.8447215,1.021143,0.1563103,1.086941,0.543034,-0.3965835,SelectionEnd
127.9267,24,2,3,0,0.8272705,0.8979314,0.1418073,18.53822,139.472,74.43538,0.8447215,1.021143,0.1563103,1.086941,0.543034,-0.3965835,GotSelection
127.9363,24,2,3,0,0.8278597,0.8976759,0.1415724,18.64337,139.5066,74.49644,0.8457131,1.021774,0.1569678,1.091309,0.5523028,-0.4058302,SelectionStart
127.9363,24,2,3,0,0.8278597,0.8976759,0.1415724,18.64337,139.5066,74.49644,0.8457131,1.021774,0.1569678,1.091309,0.5523028,-0.4058302,SelectionEnd
127.9396,24,2,3,0,0.8278597,0.8976759,0.1415724,18.64337,139.5066,74.49644,0.8457131,1.021774,0.1569678,1.091309,0.5523028,-0.4058302,GotSelection
127.9821,24,2,3,0,0.8296065,0.8980354,0.1412359,18.84941,139.6595,74.61469,0.8423279,1.022263,0.1567617,1.091522,0.5092949,-0.4442076,SelectionStart
127.9821,24,2,3,0,0.8296065,0.8980354,0.1412359,18.84941,139.6595,74.61469,0.8423279,1.022263,0.1567617,1.091522,0.5092949,-0.4442076,SelectionEnd
127.9854,24,2,3,0,0.8296065,0.8980354,0.1412359,18.84941,139.6595,74.61469,0.8423279,1.022263,0.1567617,1.091522,0.5092949,-0.4442076,GotSelection
127.9956,24,2,3,0,0.8299037,0.8980815,0.1413746,18.8443,139.6764,74.65123,0.8384051,1.021769,0.1550475,1.094576,0.462616,-0.4551034,SelectionStart
127.9956,24,2,3,0,0.8299037,0.8980815,0.1413746,18.8443,139.6764,74.65123,0.8384051,1.021769,0.1550475,1.094576,0.462616,-0.4551034,SelectionEnd
127.9989,24,2,3,0,0.8299037,0.8980815,0.1413746,18.8443,139.6764,74.65123,0.8384051,1.021769,0.1550475,1.094576,0.462616,-0.4551034,GotSelection
128.0106,24,2,3,0,0.8299701,0.8982258,0.1419777,18.78172,139.6376,74.68792,0.8336418,1.021087,0.1525026,1.100777,0.403076,-0.4580462,SelectionStart
128.0107,24,2,3,0,0.8299701,0.8982258,0.1419777,18.78172,139.6376,74.68792,0.8336418,1.021087,0.1525026,1.100777,0.403076,-0.4580462,SelectionEnd
128.0139,24,2,3,0,0.8299701,0.8982258,0.1419777,18.78172,139.6376,74.68792,0.8336418,1.021087,0.1525026,1.100777,0.403076,-0.4580462,GotSelection
128.0241,24,2,3,0,0.8300793,0.8982937,0.1423447,18.73505,139.6126,74.7224,0.8293727,1.020456,0.1501446,1.106175,0.3499081,-0.4621188,SelectionStart
128.0242,24,2,3,0,0.8300793,0.8982937,0.1423447,18.73505,139.6126,74.7224,0.8293727,1.020456,0.1501446,1.106175,0.3499081,-0.4621188,SelectionEnd
128.0275,24,2,3,0,0.8300793,0.8982937,0.1423447,18.73505,139.6126,74.7224,0.8293727,1.020456,0.1501446,1.106175,0.3499081,-0.4621188,GotSelection
128.0377,24,2,3,0,0.8301312,0.8984241,0.1429763,18.6459,139.556,74.76884,0.824049,1.019358,0.1470965,1.11089,0.2817896,-0.4629036,SelectionStart
128.0377,24,2,3,0,0.8301312,0.8984241,0.1429763,18.6459,139.556,74.76884,0.824049,1.019358,0.1470965,1.11089,0.2817896,-0.4629036,SelectionEnd
128.0418,24,2,3,0,0.8301312,0.8984241,0.1429763,18.6459,139.556,74.76884,0.824049,1.019358,0.1470965,1.11089,0.2817896,-0.4629036,GotSelection
128.0529,24,2,3,0,0.8300984,0.898224,0.1437208,18.57676,139.4986,74.82031,0.8181949,1.018122,0.14411,1.117322,0.2101374,-0.4672959,SelectionStart
128.0529,24,2,3,0,0.8300984,0.898224,0.1437208,18.57676,139.4986,74.82031,0.8181949,1.018122,0.14411,1.117322,0.2101374,-0.4672959,SelectionEnd
128.0565,24,2,3,0,0.8300984,0.898224,0.1437208,18.57676,139.4986,74.82031,0.8181949,1.018122,0.14411,1.117322,0.2101374,-0.4672959,GotSelection
128.0662,24,2,3,0,0.829986,0.898371,0.1443895,18.47283,139.4494,74.85813,0.8137966,1.01673,0.1418323,1.115933,0.154398,-0.4656374,SelectionStart
128.0662,24,2,3,0,0.829986,0.898371,0.1443895,18.47283,139.4494,74.85813,0.8137966,1.01673,0.1418323,1.115933,0.154398,-0.4656374,SelectionEnd
128.0695,24,2,3,0,0.829986,0.898371,0.1443895,18.47283,139.4494,74.85813,0.8137966,1.01673,0.1418323,1.115933,0.154398,-0.4656374,GotSelection
128.0793,24,2,3,0,0.8293915,0.8980249,0.1448188,18.36323,139.4112,74.86907,0.8101981,1.014958,0.1392614,1.115734,0.1094445,-0.4558726,SelectionStart
128.0793,24,2,3,0,0.8293915,0.8980249,0.1448188,18.36323,139.4112,74.86907,0.8101981,1.014958,0.1392614,1.115734,0.1094445,-0.4558726,SelectionEnd
128.0827,24,2,3,0,0.8293915,0.8980249,0.1448188,18.36323,139.4112,74.86907,0.8101981,1.014958,0.1392614,1.115734,0.1094445,-0.4558726,GotSelection
128.094,24,2,3,0,0.8290424,0.8979546,0.1451672,18.25723,139.396,74.8731,0.8053465,1.013069,0.1362356,1.113328,0.04940304,-0.4516282,SelectionStart
128.094,24,2,3,0,0.8290424,0.8979546,0.1451672,18.25723,139.396,74.8731,0.8053465,1.013069,0.1362356,1.113328,0.04940304,-0.4516282,SelectionEnd
128.0975,24,2,3,0,0.8290424,0.8979546,0.1451672,18.25723,139.396,74.8731,0.8053465,1.013069,0.1362356,1.113328,0.04940304,-0.4516282,GotSelection
128.1205,24,2,3,0,0.8286926,0.8979042,0.1450105,18.1825,139.3649,74.87112,0.7995002,1.010575,0.1326719,1.10494,-0.02030587,-0.4521916,SelectionStart
128.1206,24,2,3,0,0.8286926,0.8979042,0.1450105,18.1825,139.3649,74.87112,0.7995002,1.010575,0.1326719,1.10494,-0.02030587,-0.4521916,SelectionEnd
128.1265,24,2,3,0,0.8286926,0.8979042,0.1450105,18.1825,139.3649,74.87112,0.7995002,1.010575,0.1326719,1.10494,-0.02030587,-0.4521916,GotSelection
128.1395,24,2,3,0,0.8285357,0.8979594,0.1451678,18.17572,139.3378,74.8996,0.7963994,1.009372,0.1310203,1.100536,-0.05804307,-0.4534926,SelectionStart
128.1395,24,2,3,0,0.8285357,0.8979594,0.1451678,18.17572,139.3378,74.8996,0.7963994,1.009372,0.1310203,1.100536,-0.05804307,-0.4534926,SelectionEnd
128.143,24,2,3,0,0.8285357,0.8979594,0.1451678,18.17572,139.3378,74.8996,0.7963994,1.009372,0.1310203,1.100536,-0.05804307,-0.4534926,GotSelection
128.1844,24,2,3,0,0.8284016,0.8977473,0.1450741,18.19435,139.2691,74.91593,0.8023995,1.012833,0.135298,1.116809,0.02541487,-0.459238,SelectionStart
128.1844,24,2,3,0,0.8284016,0.8977473,0.1450741,18.19435,139.2691,74.91593,0.8023995,1.012833,0.135298,1.116809,0.02541487,-0.459238,SelectionEnd
128.1878,24,2,3,0,0.8284016,0.8977473,0.1450741,18.19435,139.2691,74.91593,0.8023995,1.012833,0.135298,1.116809,0.02541487,-0.459238,GotSelection
128.1974,24,2,3,0,0.8282305,0.8978274,0.1450069,18.18469,139.2337,74.89008,0.8067716,1.014426,0.1380794,1.119351,0.08268797,-0.4561845,SelectionStart
128.1974,24,2,3,0,0.8282305,0.8978274,0.1450069,18.18469,139.2337,74.89008,0.8067716,1.014426,0.1380794,1.119351,0.08268797,-0.4561845,SelectionEnd
128.2007,24,2,3,0,0.8282305,0.8978274,0.1450069,18.18469,139.2337,74.89008,0.8067716,1.014426,0.1380794,1.119351,0.08268797,-0.4561845,GotSelection
128.2103,24,2,3,0,0.8280265,0.8978622,0.1447472,18.19459,139.2302,74.84801,0.8101763,1.015466,0.1408209,1.116359,0.1323216,-0.4587801,SelectionStart
128.2103,24,2,3,0,0.8280265,0.8978622,0.1447472,18.19459,139.2302,74.84801,0.8101763,1.015466,0.1408209,1.116359,0.1323216,-0.4587801,SelectionEnd
128.2136,24,2,3,0,0.8280265,0.8978622,0.1447472,18.19459,139.2302,74.84801,0.8101763,1.015466,0.1408209,1.116359,0.1323216,-0.4587801,GotSelection
128.2226,24,2,3,0,0.8279356,0.897876,0.1445535,18.20514,139.2175,74.81815,0.8139347,1.016207,0.1437606,1.110172,0.1837091,-0.4599631,SelectionStart
128.2227,24,2,3,0,0.8279356,0.897876,0.1445535,18.20514,139.2175,74.81815,0.8139347,1.016207,0.1437606,1.110172,0.1837091,-0.4599631,SelectionEnd
128.226,24,2,3,0,0.8279356,0.897876,0.1445535,18.20514,139.2175,74.81815,0.8139347,1.016207,0.1437606,1.110172,0.1837091,-0.4599631,GotSelection
128.2354,24,2,3,0,0.8275709,0.8976367,0.1444673,18.21598,139.1754,74.76427,0.8175481,1.016986,0.1468766,1.106255,0.2377638,-0.4617794,SelectionStart
128.2354,24,2,3,0,0.8275709,0.8976367,0.1444673,18.21598,139.1754,74.76427,0.8175481,1.016986,0.1468766,1.106255,0.2377638,-0.4617794,SelectionEnd
128.2389,24,2,3,0,0.8275709,0.8976367,0.1444673,18.21598,139.1754,74.76427,0.8175481,1.016986,0.1468766,1.106255,0.2377638,-0.4617794,GotSelection
128.2483,24,2,3,0,0.8272396,0.8978685,0.1440516,18.22867,139.1578,74.68147,0.8222436,1.017448,0.1509962,1.089263,0.306428,-0.4641753,SelectionStart
128.2483,24,2,3,0,0.8272396,0.8978685,0.1440516,18.22867,139.1578,74.68147,0.8222436,1.017448,0.1509962,1.089263,0.306428,-0.4641753,SelectionEnd
128.2516,24,2,3,0,0.8272396,0.8978685,0.1440516,18.22867,139.1578,74.68147,0.8222436,1.017448,0.1509962,1.089263,0.306428,-0.4641753,GotSelection
128.2611,24,2,3,0,0.8278562,0.8984507,0.1448311,18.21832,139.2166,74.7211,0.8252203,1.017934,0.1541597,1.078875,0.3380545,-0.4662224,SelectionStart
128.2611,24,2,3,0,0.8278562,0.8984507,0.1448311,18.21832,139.2166,74.7211,0.8252203,1.017934,0.1541597,1.078875,0.3380545,-0.4662224,SelectionEnd
128.2644,24,2,3,0,0.8278562,0.8984507,0.1448311,18.21832,139.2166,74.7211,0.8252203,1.017934,0.1541597,1.078875,0.3380545,-0.4662224,GotSelection
128.2766,24,2,3,0,0.8279147,0.8985069,0.1447229,18.25595,139.201,74.68279,0.8295262,1.017762,0.1579455,1.060165,0.3946625,-0.4678971,SelectionStart
128.2767,24,2,3,0,0.8279147,0.8985069,0.1447229,18.25595,139.201,74.68279,0.8295262,1.017762,0.1579455,1.060165,0.3946625,-0.4678971,SelectionEnd
128.2801,24,2,3,0,0.8279147,0.8985069,0.1447229,18.25595,139.201,74.68279,0.8295262,1.017762,0.1579455,1.060165,0.3946625,-0.4678971,GotSelection
128.2906,24,2,3,0,0.8278517,0.8984339,0.1441677,18.28119,139.2062,74.68034,0.832431,1.017554,0.1606122,1.045416,0.436695,-0.4728168,SelectionStart
128.2906,24,2,3,0,0.8278517,0.8984339,0.1441677,18.28119,139.2062,74.68034,0.832431,1.017554,0.1606122,1.045416,0.436695,-0.4728168,SelectionEnd
128.294,24,2,3,0,0.8278517,0.8984339,0.1441677,18.28119,139.2062,74.68034,0.832431,1.017554,0.1606122,1.045416,0.436695,-0.4728168,GotSelection
128.3035,24,2,3,0,0.8276418,0.8980889,0.1441939,18.29084,139.2126,74.71352,0.8369532,1.017298,0.16371,1.033749,0.4919347,-0.4658889,SelectionStart
128.3035,24,2,3,0,0.8276418,0.8980889,0.1441939,18.29084,139.2126,74.71352,0.8369532,1.017298,0.16371,1.033749,0.4919347,-0.4658889,SelectionEnd
128.3069,24,2,3,0,0.8276418,0.8980889,0.1441939,18.29084,139.2126,74.71352,0.8369532,1.017298,0.16371,1.033749,0.4919347,-0.4658889,GotSelection
128.3188,24,2,3,0,0.8279741,0.8978517,0.1442559,18.29565,139.2205,74.7771,0.8397877,1.017213,0.1666507,1.02388,0.5278534,-0.471783,SelectionStart
128.3189,24,2,3,0,0.8279741,0.8978517,0.1442559,18.29565,139.2205,74.7771,0.8397877,1.017213,0.1666507,1.02388,0.5278534,-0.471783,SelectionEnd
128.3224,24,2,3,0,0.8279741,0.8978517,0.1442559,18.29565,139.2205,74.7771,0.8397877,1.017213,0.1666507,1.02388,0.5278534,-0.471783,GotSelection
128.332,24,2,3,0,0.8282777,0.8978226,0.1446027,18.26957,139.2149,74.85969,0.8414778,1.016925,0.1679412,1.018579,0.5423559,-0.4685666,SelectionStart
128.332,24,2,3,0,0.8282777,0.8978226,0.1446027,18.26957,139.2149,74.85969,0.8414778,1.016925,0.1679412,1.018579,0.5423559,-0.4685666,SelectionEnd
128.3355,24,2,3,0,0.8282777,0.8978226,0.1446027,18.26957,139.2149,74.85969,0.8414778,1.016925,0.1679412,1.018579,0.5423559,-0.4685666,GotSelection
128.3757,24,2,3,0,0.8283515,0.8977453,0.1451908,18.16247,139.1654,74.89284,0.8444193,1.015437,0.1717109,0.9936501,0.579945,-0.4669242,SelectionStart
128.3757,24,2,3,0,0.8283515,0.8977453,0.1451908,18.16247,139.1654,74.89284,0.8444193,1.015437,0.1717109,0.9936501,0.579945,-0.4669242,SelectionEnd
128.3791,24,2,3,0,0.8283515,0.8977453,0.1451908,18.16247,139.1654,74.89284,0.8444193,1.015437,0.1717109,0.9936501,0.579945,-0.4669242,GotSelection
128.3881,24,2,3,0,0.8281049,0.8977714,0.145251,18.10306,139.1812,74.85313,0.8446132,1.015205,0.1720883,0.9899821,0.5854371,-0.4645673,SelectionStart
128.3882,24,2,3,0,0.8281049,0.8977714,0.145251,18.10306,139.1812,74.85313,0.8446132,1.015205,0.1720883,0.9899821,0.5854371,-0.4645673,SelectionEnd
128.3914,24,2,3,0,0.8281049,0.8977714,0.145251,18.10306,139.1812,74.85313,0.8446132,1.015205,0.1720883,0.9899821,0.5854371,-0.4645673,GotSelection
128.4016,24,2,3,0,0.8279546,0.8981075,0.1455216,18.04072,139.173,74.80279,0.8436116,1.014737,0.1721602,0.9832683,0.5764548,-0.4647205,SelectionStart
128.4016,24,2,3,0,0.8279546,0.8981075,0.1455216,18.04072,139.173,74.80279,0.8436116,1.014737,0.1721602,0.9832683,0.5764548,-0.4647205,SelectionEnd
128.4049,24,2,3,0,0.8279546,0.8981075,0.1455216,18.04072,139.173,74.80279,0.8436116,1.014737,0.1721602,0.9832683,0.5764548,-0.4647205,GotSelection
128.416,24,2,3,0,0.8277826,0.8981785,0.1456419,17.98798,139.1583,74.77802,0.8419338,1.014335,0.1715262,0.9821343,0.5594054,-0.4661629,SelectionStart
128.416,24,2,3,0,0.8277826,0.8981785,0.1456419,17.98798,139.1583,74.77802,0.8419338,1.014335,0.1715262,0.9821343,0.5594054,-0.4661629,SelectionEnd
128.4197,24,2,3,0,0.8277826,0.8981785,0.1456419,17.98798,139.1583,74.77802,0.8419338,1.014335,0.1715262,0.9821343,0.5594054,-0.4661629,GotSelection
128.4307,24,2,3,0,0.8275585,0.8982753,0.1458146,17.9254,139.137,74.74876,0.8386238,1.013601,0.1702386,0.980632,0.5248357,-0.4711345,SelectionStart
128.4307,24,2,3,0,0.8275585,0.8982753,0.1458146,17.9254,139.137,74.74876,0.8386238,1.013601,0.1702386,0.980632,0.5248357,-0.4711345,SelectionEnd
128.4341,24,2,3,0,0.8275585,0.8982753,0.1458146,17.9254,139.137,74.74876,0.8386238,1.013601,0.1702386,0.980632,0.5248357,-0.4711345,GotSelection
128.4443,24,2,3,0,0.8275123,0.8982742,0.1462096,17.87212,139.0916,74.76694,0.8343621,1.013257,0.1687341,0.9859211,0.4791751,-0.4817328,SelectionStart
128.4443,24,2,3,0,0.8275123,0.8982742,0.1462096,17.87212,139.0916,74.76694,0.8343621,1.013257,0.1687341,0.9859211,0.4791751,-0.4817328,SelectionEnd
128.4476,24,2,3,0,0.8275123,0.8982742,0.1462096,17.87212,139.0916,74.76694,0.8343621,1.013257,0.1687341,0.9859211,0.4791751,-0.4817328,GotSelection
128.4574,24,2,3,0,0.8274866,0.8982652,0.1465154,17.82391,139.0497,74.79263,0.8311535,1.012863,0.1666005,0.9929143,0.4383541,-0.4818476,SelectionStart
128.4574,24,2,3,0,0.8274866,0.8982652,0.1465154,17.82391,139.0497,74.79263,0.8311535,1.012863,0.1666005,0.9929143,0.4383541,-0.4818476,SelectionEnd
128.4607,24,2,3,0,0.8274866,0.8982652,0.1465154,17.82391,139.0497,74.79263,0.8311535,1.012863,0.1666005,0.9929143,0.4383541,-0.4818476,GotSelection
128.4702,24,2,3,0,0.827442,0.8981756,0.1468635,17.75897,139.0213,74.8211,0.8284708,1.012136,0.1645555,0.9974247,0.4014512,-0.477824,SelectionStart
128.4702,24,2,3,0,0.827442,0.8981756,0.1468635,17.75897,139.0213,74.8211,0.8284708,1.012136,0.1645555,0.9974247,0.4014512,-0.477824,SelectionEnd
128.4736,24,2,3,0,0.827442,0.8981756,0.1468635,17.75897,139.0213,74.8211,0.8284708,1.012136,0.1645555,0.9974247,0.4014512,-0.477824,GotSelection
128.4848,24,2,3,0,0.8273914,0.8982662,0.1474778,17.68632,138.9425,74.85788,0.8240117,1.01148,0.1616253,1.00567,0.3434185,-0.4761585,SelectionStart
128.4848,24,2,3,0,0.8273914,0.8982662,0.1474778,17.68632,138.9425,74.85788,0.8240117,1.01148,0.1616253,1.00567,0.3434185,-0.4761585,SelectionEnd
128.4882,24,2,3,0,0.8273914,0.8982662,0.1474778,17.68632,138.9425,74.85788,0.8240117,1.01148,0.1616253,1.00567,0.3434185,-0.4761585,GotSelection
128.4981,24,2,3,0,0.8272474,0.8983302,0.147969,17.59718,138.9152,74.88486,0.8196195,1.010787,0.1584209,1.014385,0.2858172,-0.4722014,SelectionStart
128.4981,24,2,3,0,0.8272474,0.8983302,0.147969,17.59718,138.9152,74.88486,0.8196195,1.010787,0.1584209,1.014385,0.2858172,-0.4722014,SelectionEnd
128.5014,24,2,3,0,0.8272474,0.8983302,0.147969,17.59718,138.9152,74.88486,0.8196195,1.010787,0.1584209,1.014385,0.2858172,-0.4722014,GotSelection
128.5123,24,2,3,0,0.8271008,0.8983719,0.1483201,17.52853,138.9012,74.9082,0.8161311,1.010361,0.1554562,1.024024,0.2383653,-0.466562,SelectionStart
128.5123,24,2,3,0,0.8271008,0.8983719,0.1483201,17.52853,138.9012,74.9082,0.8161311,1.010361,0.1554562,1.024024,0.2383653,-0.466562,SelectionEnd
128.5156,24,2,3,0,0.8271008,0.8983719,0.1483201,17.52853,138.9012,74.9082,0.8161311,1.010361,0.1554562,1.024024,0.2383653,-0.466562,GotSelection
128.5559,24,2,3,0,0.8270375,0.8981916,0.1498743,17.37862,138.6819,75.09914,0.8028743,1.008982,0.1448105,1.062999,0.05597872,-0.4558899,SelectionStart
128.5559,24,2,3,0,0.8270375,0.8981916,0.1498743,17.37862,138.6819,75.09914,0.8028743,1.008982,0.1448105,1.062999,0.05597872,-0.4558899,SelectionEnd
128.5591,24,2,3,0,0.8270375,0.8981916,0.1498743,17.37862,138.6819,75.09914,0.8028743,1.008982,0.1448105,1.062999,0.05597872,-0.4558899,GotSelection
128.5694,24,2,3,0,0.827415,0.8981493,0.1506283,17.31049,138.5786,75.24455,0.7992017,1.008206,0.1404663,1.07659,-0.01056825,-0.4416642,SelectionStart
128.5694,24,2,3,0,0.827415,0.8981493,0.1506283,17.31049,138.5786,75.24455,0.7992017,1.008206,0.1404663,1.07659,-0.01056825,-0.4416642,SelectionEnd
128.5727,24,2,3,0,0.827415,0.8981493,0.1506283,17.31049,138.5786,75.24455,0.7992017,1.008206,0.1404663,1.07659,-0.01056825,-0.4416642,GotSelection
128.5825,24,2,3,0,0.8278045,0.8980949,0.1515079,17.25161,138.4669,75.37838,0.7974588,1.006913,0.13691,1.082383,-0.059176,-0.4188038,SelectionStart
128.5825,24,2,3,0,0.8278045,0.8980949,0.1515079,17.25161,138.4669,75.37838,0.7974588,1.006913,0.13691,1.082383,-0.059176,-0.4188038,SelectionEnd
128.5858,24,2,3,0,0.8278045,0.8980949,0.1515079,17.25161,138.4669,75.37838,0.7974588,1.006913,0.13691,1.082383,-0.059176,-0.4188038,GotSelection
128.5961,24,2,3,0,0.828348,0.8981609,0.1526247,17.22221,138.2405,75.57972,0.7942593,1.005801,0.1322488,1.092981,-0.1297602,-0.3982553,SelectionStart
128.5961,24,2,3,0,0.828348,0.8981609,0.1526247,17.22221,138.2405,75.57972,0.7942593,1.005801,0.1322488,1.092981,-0.1297602,-0.3982553,SelectionEnd
128.5995,24,2,3,0,0.828348,0.8981609,0.1526247,17.22221,138.2405,75.57972,0.7942593,1.005801,0.1322488,1.092981,-0.1297602,-0.3982553,GotSelection
128.6106,24,2,3,0,0.8290797,0.8982434,0.1537878,17.16438,137.9796,75.77909,0.7917196,1.004966,0.1284127,1.102565,-0.1914523,-0.3813321,SelectionStart
128.6106,24,2,3,0,0.8290797,0.8982434,0.1537878,17.16438,137.9796,75.77909,0.7917196,1.004966,0.1284127,1.102565,-0.1914523,-0.3813321,SelectionEnd
128.6138,24,2,3,0,0.8290797,0.8982434,0.1537878,17.16438,137.9796,75.77909,0.7917196,1.004966,0.1284127,1.102565,-0.1914523,-0.3813321,GotSelection
128.6236,24,2,3,0,0.8298216,0.8982051,0.1554677,17.08887,137.6723,76.02227,0.7882649,1.004299,0.1232461,1.121007,-0.2720663,-0.3586359,SelectionStart
128.6236,24,2,3,0,0.8298216,0.8982051,0.1554677,17.08887,137.6723,76.02227,0.7882649,1.004299,0.1232461,1.121007,-0.2720663,-0.3586359,SelectionEnd
128.6271,24,2,3,0,0.8298216,0.8982051,0.1554677,17.08887,137.6723,76.02227,0.7882649,1.004299,0.1232461,1.121007,-0.2720663,-0.3586359,GotSelection
128.6364,24,2,3,0,0.8306702,0.8982517,0.1568618,17.04335,137.3246,76.25361,0.7865335,1.003303,0.1190944,1.129783,-0.3333008,-0.3350972,SelectionStart
128.6364,24,2,3,0,0.8306702,0.8982517,0.1568618,17.04335,137.3246,76.25361,0.7865335,1.003303,0.1190944,1.129783,-0.3333008,-0.3350972,SelectionEnd
128.6397,24,2,3,0,0.8306702,0.8982517,0.1568618,17.04335,137.3246,76.25361,0.7865335,1.003303,0.1190944,1.129783,-0.3333008,-0.3350972,GotSelection
128.6519,24,2,3,0,0.8320785,0.8983465,0.1588044,17.02618,136.7907,76.59625,0.7846637,1.001914,0.1136364,1.138948,-0.4153476,-0.3049107,SelectionStart
128.6519,24,2,3,0,0.8320785,0.8983465,0.1588044,17.02618,136.7907,76.59625,0.7846637,1.001914,0.1136364,1.138948,-0.4153476,-0.3049107,SelectionEnd
128.6557,24,2,3,0,0.8320785,0.8983465,0.1588044,17.02618,136.7907,76.59625,0.7846637,1.001914,0.1136364,1.138948,-0.4153476,-0.3049107,GotSelection
128.6666,24,2,3,0,0.833909,0.8985404,0.1613175,16.97675,136.3104,77.06814,0.7826526,1.000187,0.1078069,1.145191,-0.5118982,-0.2707025,SelectionStart
128.6666,24,2,3,0,0.833909,0.8985404,0.1613175,16.97675,136.3104,77.06814,0.7826526,1.000187,0.1078069,1.145191,-0.5118982,-0.2707025,SelectionEnd
128.67,24,2,3,0,0.833909,0.8985404,0.1613175,16.97675,136.3104,77.06814,0.7826526,1.000187,0.1078069,1.145191,-0.5118982,-0.2707025,GotSelection
128.6948,24,2,3,0,0.8363321,0.8992479,0.1653419,16.77287,134.9652,77.61538,0.7802739,0.9952468,0.09712213,1.132746,-0.6691995,-0.1991475,Nothing
128.7095,24,2,3,0,0.8376416,0.8995759,0.1672716,16.74314,134.2792,77.91619,0.7787693,0.9920279,0.09136793,1.118187,-0.7563937,-0.1657822,Nothing
128.7188,24,2,3,0,0.8384292,0.899634,0.1682477,16.73793,133.9481,78.1186,0.7776398,0.9910681,0.08910477,1.114522,-0.7993662,-0.1596184,Nothing
128.7267,24,2,3,0,0.8394693,0.8996953,0.1697775,16.72153,133.625,78.41288,0.7772201,0.9898353,0.08678086,1.108962,-0.8455537,-0.1453681,Nothing
128.7347,24,2,3,0,0.8405368,0.8997006,0.1714676,16.69856,133.275,78.73781,0.7768158,0.9886981,0.08475891,1.103223,-0.8913782,-0.133409,Nothing
128.7446,24,2,3,0,0.8417684,0.899735,0.1737937,16.68715,132.76,79.1468,0.7763984,0.98665,0.08179536,1.090783,-0.9535349,-0.1132518,Nothing
128.7516,24,2,3,0,0.8424037,0.8996481,0.1751986,16.67027,132.437,79.37549,0.7762692,0.985644,0.08020872,1.085815,-0.9871961,-0.1022525,Nothing
128.7596,24,2,3,0,0.8425301,0.8996956,0.1764371,16.5938,132.2019,79.51744,0.7773114,0.9842174,0.07833634,1.079159,-1.008829,-0.07431647,Nothing
128.768,24,2,3,0,0.8426752,0.8998108,0.1780376,16.48126,132.0055,79.63783,0.7773838,0.983511,0.07737894,1.076542,-1.03202,-0.05790534,Nothing
128.7761,24,2,3,0,0.842655,0.8998309,0.1792653,16.35536,131.8578,79.77014,0.7775405,0.9827584,0.07643133,1.073255,-1.050738,-0.04125767,Nothing
128.785,24,2,3,0,0.8426212,0.8995753,0.1805852,16.23092,131.6934,79.89656,0.7780693,0.9821703,0.07571563,1.073982,-1.065027,-0.02441815,Nothing
128.7932,24,2,3,0,0.8430091,0.8994581,0.1823068,16.11129,131.4619,80.15535,0.7784012,0.9816354,0.07518946,1.070995,-1.088265,-0.01204436,Nothing
128.8019,24,2,3,0,0.8438669,0.8996656,0.1837854,16.02472,131.1917,80.42853,0.7789754,0.981333,0.07512925,1.063949,-1.108668,-0.007143859,Nothing
128.8097,24,2,3,0,0.8449453,0.8994369,0.1857848,16.01348,130.8269,80.81206,0.7794765,0.9809456,0.07500215,1.058882,-1.137378,-0.004957208,Nothing
128.8181,24,2,3,0,0.8460037,0.8992142,0.1883563,15.94964,130.3697,81.25298,0.7799777,0.9803192,0.07500305,1.0507,-1.171184,-0.0006133993,Nothing
128.8275,24,2,3,0,0.8467337,0.8990172,0.1902205,15.95237,129.9921,81.56149,0.7805998,0.9800574,0.07536688,1.045881,-1.190716,-0.0001786231,Nothing
128.8348,24,2,3,0,0.8475475,0.8988681,0.1916113,16.01353,129.6496,81.81473,0.7813213,0.97983,0.07585498,1.040374,-1.204532,-0.003574742,Nothing
128.843,24,2,3,0,0.848057,0.8990257,0.1929455,16.01839,129.3712,82.02967,0.7822829,0.9796505,0.0764394,1.033662,-1.212878,-0.0008730488,Nothing
128.8514,24,2,3,0,0.8483568,0.8990159,0.19402,16.00352,129.1854,82.1916,0.7832251,0.9795708,0.07721224,1.030143,-1.214798,0.002106536,Nothing
128.8599,24,2,3,0,0.8485545,0.8990673,0.1951485,15.95127,129.0498,82.34816,0.7843158,0.9796718,0.07800785,1.028605,-1.214803,0.008549432,Nothing
128.8682,24,2,3,0,0.8487176,0.8990828,0.1959546,15.93053,128.9193,82.45641,0.7855446,0.979827,0.07908252,1.027562,-1.208094,0.01201092,Nothing
128.8768,24,2,3,0,0.849058,0.8990555,0.1971757,15.92723,128.6748,82.62531,0.7874671,0.980118,0.0807837,1.026488,-1.197824,0.01487193,Nothing
128.8851,24,2,3,0,0.8494174,0.898968,0.197976,15.93824,128.4843,82.75277,0.7888732,0.9807191,0.08241625,1.028595,-1.186934,0.01151534,Nothing
128.8936,24,2,3,0,0.850064,0.8986415,0.1983165,16.05832,128.2869,82.81734,0.7906895,0.9814292,0.08454995,1.032972,-1.166309,0.0005422541,Nothing
128.901,24,2,3,0,0.8504925,0.8984979,0.1990192,16.12909,128.0826,82.93111,0.7919514,0.9818834,0.08620571,1.033914,-1.155824,-0.005976348,Nothing
128.9099,24,2,3,0,0.8511073,0.8981836,0.1996025,16.2529,127.8627,83.04745,0.7938614,0.982673,0.08872245,1.037701,-1.134232,-0.01734286,Nothing
128.9194,24,2,3,0,0.8516307,0.8979392,0.200296,16.33783,127.6665,83.17343,0.7955653,0.983247,0.09079273,1.0401,-1.118113,-0.02421718,Nothing
128.9267,24,2,3,0,0.8516923,0.8980845,0.2014062,16.42859,127.7656,83.48257,0.7973644,0.9839249,0.09327045,1.038797,-1.100737,-0.01988615,Nothing
128.9351,24,2,3,0,0.8521637,0.8977876,0.2020538,16.50155,127.6501,83.62482,0.7993478,0.9847453,0.09615301,1.042727,-1.075402,-0.02826608,Nothing
128.9426,24,2,3,0,0.8530342,0.897218,0.2027515,16.51191,127.5317,83.75125,0.8008602,0.9853891,0.09915292,1.046466,-1.054762,-0.04303722,Nothing
128.9519,24,2,3,0,0.8534068,0.8969201,0.2038024,16.49862,127.4192,83.94369,0.803663,0.9865926,0.1035044,1.052304,-1.015669,-0.05009944,Nothing
128.9597,24,2,3,0,0.8534632,0.8963972,0.2044914,16.43187,127.4196,84.04726,0.8059185,0.9874033,0.1063063,1.061644,-0.9854831,-0.04831838,Nothing
128.9687,24,2,3,0,0.8534213,0.8962917,0.2051178,16.32794,127.4739,84.1583,0.8077986,0.9883047,0.1093943,1.06673,-0.9545837,-0.04821325,Nothing
128.978,24,2,3,0,0.8533958,0.8961966,0.2056361,16.23298,127.5633,84.26073,0.8096349,0.9892257,0.1125289,1.071814,-0.9225509,-0.04909497,Nothing
128.9935,24,2,3,0,0.8538848,0.8962644,0.2058074,16.23257,127.6645,84.38044,0.8133571,0.9911716,0.1186947,1.07881,-0.8546119,-0.06351495,Nothing
129.0016,24,2,3,0,0.8544018,0.8960336,0.2061512,16.26979,127.6116,84.46119,0.8161553,0.9928453,0.1233586,1.0888,-0.8058998,-0.07857341,Nothing
129.01,24,2,3,0,0.8549919,0.8958431,0.2064352,16.35318,127.487,84.53809,0.8178884,0.9939539,0.1263351,1.094908,-0.778096,-0.09282342,Nothing
129.0189,24,2,3,0,0.8554116,0.8956845,0.2069101,16.39735,127.3883,84.63722,0.8194404,0.9953226,0.1291582,1.104034,-0.7531832,-0.1046086,Nothing
129.0278,24,2,3,0,0.8560237,0.8954532,0.2074389,16.45367,127.2893,84.76578,0.820996,0.9965392,0.1321488,1.111474,-0.7292292,-0.1184652,Nothing
129.0439,24,2,3,0,0.8570948,0.8951144,0.2085013,16.59508,127.0642,85.00131,0.824057,0.9983118,0.1379118,1.119859,-0.6828098,-0.1424764,Nothing
129.0518,24,2,3,0,0.8577207,0.894875,0.2091353,16.65163,126.9482,85.14027,0.8254557,0.9993055,0.1411368,1.124717,-0.6593465,-0.1578188,Nothing
129.06,24,2,3,0,0.8585431,0.8944011,0.2101091,16.69194,126.7943,85.33908,0.8275422,1.000567,0.1460302,1.131543,-0.6230357,-0.1786373,Nothing
129.0683,24,2,3,0,0.8589817,0.8942229,0.2109635,16.6737,126.7507,85.51405,0.8286682,1.001307,0.1493833,1.133802,-0.60157,-0.1907296,Nothing
129.0764,24,2,3,0,0.8594635,0.8940311,0.2117242,16.67309,126.7067,85.67831,0.8297137,1.002402,0.153118,1.138515,-0.5765888,-0.2079473,Nothing
129.0855,24,2,3,0,0.8594787,0.8938807,0.2127522,16.56831,126.7522,85.86258,0.8303888,1.002878,0.1565877,1.138842,-0.5559487,-0.2163847,Nothing
129.0936,24,2,3,0,0.8598228,0.8937961,0.2136619,16.51237,126.761,86.04261,0.8307146,1.003181,0.1602119,1.134843,-0.5375359,-0.2323778,Nothing
129.1061,24,2,3,0,0.8602979,0.8938305,0.2144786,16.46745,126.705,86.21191,0.8312798,1.003203,0.1635472,1.127621,-0.5201511,-0.2460833,Nothing
129.1191,24,2,3,0,0.860982,0.8938792,0.2170903,16.29671,126.562,86.64146,0.8336554,1.003903,0.1718829,1.12116,-0.471638,-0.2662004,Nothing
129.1277,24,2,3,0,0.8611689,0.8941302,0.2189566,16.14973,126.3652,86.88832,0.8340285,1.004053,0.1749093,1.116205,-0.4661223,-0.2701559,Nothing
129.1429,24,2,3,0,0.8616571,0.8944204,0.2229587,15.8574,125.9539,87.4547,0.8352394,1.00462,0.1809913,1.111874,-0.4558911,-0.2752422,Nothing
129.1514,24,2,3,0,0.8614286,0.8947673,0.2266721,15.47889,125.5543,87.93778,0.8360692,1.005011,0.18382,1.113065,-0.4663511,-0.258022,Nothing
129.1597,24,2,3,0,0.8608562,0.8949246,0.2304672,15.06187,125.1919,88.41019,0.836947,1.005513,0.1865973,1.118297,-0.4754857,-0.2365945,Nothing
129.1683,24,2,3,0,0.8601432,0.8952465,0.2347782,14.54921,124.776,88.96593,0.8381679,1.006089,0.1893396,1.123695,-0.4884326,-0.2063885,Nothing
129.1764,24,2,3,0,0.8591748,0.8956373,0.2394177,13.97124,124.3591,89.58955,0.8394672,1.006751,0.1922179,1.129203,-0.5029021,-0.1710233,Nothing
129.185,24,2,3,0,0.8567699,0.8959689,0.247472,12.85136,123.5881,90.65521,0.8419058,1.007741,0.1964171,1.141718,-0.5308729,-0.09585439,Nothing
129.193,24,2,3,0,0.8553868,0.8961809,0.2527514,12.12823,123.1676,91.41991,0.843624,1.008359,0.1991166,1.147339,-0.5522786,-0.0459807,Nothing
129.2015,24,2,3,0,0.8532674,0.8962457,0.2599531,11.04575,122.6879,92.51264,0.8456159,1.008985,0.2018592,1.152733,-0.5920646,0.02930673,Nothing
129.2109,24,2,3,0,0.8497013,0.8960798,0.2688332,9.4067,122.3301,93.9115,0.8476813,1.00959,0.2041556,1.155694,-0.6489152,0.1416842,Nothing
129.2181,24,2,3,0,0.8458537,0.895436,0.2767198,7.830086,121.9503,95.04076,0.85017,1.010344,0.206213,1.162004,-0.6918035,0.2544032,Nothing
129.2264,24,2,3,0,0.8419628,0.8949118,0.2842309,6.287497,121.5543,96.1622,0.8520116,1.010782,0.2080399,1.156657,-0.7371352,0.3616883,Nothing
129.2346,24,2,3,0,0.8383825,0.8942275,0.2911187,4.907939,121.1157,97.2073,0.8537658,1.011388,0.2096099,1.150198,-0.7812789,0.4597462,Nothing
129.2434,24,2,3,0,0.8343217,0.8939981,0.2973244,3.558701,120.6565,98.06502,0.855495,1.01175,0.2109244,1.135228,-0.8154454,0.5594646,Nothing
129.2508,24,2,3,0,0.8301987,0.893658,0.3020156,2.379254,120.2041,98.63881,0.8571661,1.012054,0.2120439,1.123472,-0.833062,0.6487899,Nothing
129.2594,24,2,3,0,0.8253829,0.8938342,0.3088373,0.8888413,119.4373,99.63251,0.8597449,1.012259,0.2136944,1.090325,-0.8677078,0.7635012,Nothing
129.2679,24,2,3,0,0.8222485,0.8938684,0.3115889,0.1999081,118.9402,99.91947,0.8612358,1.01234,0.2141218,1.076656,-0.8762797,0.8250135,Nothing
129.2766,24,2,3,0,0.8197916,0.8941158,0.3142572,359.6974,118.3995,100.2222,0.8627487,1.012301,0.2147446,1.060552,-0.8868891,0.8747118,Nothing
129.285,24,2,3,0,0.8176207,0.8944528,0.3157666,359.4153,117.871,100.3533,0.8642667,1.012368,0.2154395,1.051651,-0.8857543,0.9113843,Nothing
129.2946,24,2,3,0,0.8158172,0.8946302,0.3173035,359.2659,117.3215,100.5374,0.8653939,1.012091,0.2154523,1.039978,-0.8963199,0.9415478,Nothing
129.3017,24,2,3,0,0.814115,0.8945883,0.3187754,359.0656,116.8589,100.741,0.8667444,1.012016,0.2158998,1.032273,-0.9019134,0.9725744,Nothing
129.3096,24,2,3,0,0.8129742,0.8948454,0.3197567,359.0807,116.3916,100.8962,0.8677268,1.011712,0.2158411,1.022732,-0.9111055,0.9905984,Nothing
129.3186,24,2,3,0,0.8108423,0.8951481,0.3216478,358.9248,115.8559,101.1998,0.8692671,1.011281,0.2159935,1.005568,-0.9229204,1.028499,Nothing
129.3261,24,2,3,0,0.8095695,0.8952118,0.3229992,358.8039,115.4938,101.4404,0.8701244,1.010914,0.2159358,0.9928362,-0.9355137,1.052155,Nothing
129.3346,24,2,3,0,0.8087615,0.8948293,0.3242466,358.6392,115.3193,101.6663,0.8709778,1.010459,0.2159092,0.9834705,-0.9460393,1.074139,Nothing
129.3429,24,2,3,0,0.8076013,0.8946307,0.3258274,358.3963,115.0964,101.9769,0.8716515,1.009926,0.2158176,0.9675446,-0.9609081,1.100263,Nothing
129.3519,24,2,3,0,0.806107,0.894435,0.327492,358.1131,114.8039,102.3166,0.8724053,1.009425,0.2158048,0.9502609,-0.9757223,1.130008,Nothing
129.3592,24,2,3,0,0.804782,0.8940766,0.3292566,357.8479,114.4612,102.6634,0.8731108,1.008872,0.2158547,0.9334494,-0.9932187,1.156756,Nothing
129.3686,24,2,3,0,0.8036231,0.8936689,0.330883,357.7298,113.9423,103.0017,0.8737761,1.008306,0.2159461,0.919259,-1.01405,1.175398,Nothing
129.377,24,2,3,0,0.8017042,0.8934131,0.3328637,357.5972,113.2569,103.3989,0.8747404,1.007382,0.2161611,0.89766,-1.035842,1.2024,Nothing
129.3848,24,2,3,0,0.8011375,0.8931938,0.3338781,357.8102,112.6229,103.6467,0.8752915,1.006671,0.2163824,0.8887367,-1.054909,1.202778,Nothing
129.3931,24,2,3,0,0.8008377,0.8931823,0.3345454,358.197,111.9669,103.8257,0.8759128,1.006018,0.2165252,0.8833933,-1.072281,1.196337,Nothing
129.4016,24,2,3,0,0.8023698,0.893152,0.3344117,358.8036,111.2094,103.9125,0.8762971,1.005374,0.2167251,0.8844705,-1.091117,1.161126,Nothing
129.4093,24,2,3,0,0.8028956,0.8930774,0.3347107,359.4062,110.5979,104.0299,0.8767644,1.004578,0.2168941,0.88369,-1.107251,1.140008,Nothing
129.4183,24,2,3,0,0.8034593,0.8929832,0.3351952,0.06789551,109.9413,104.1432,0.8772301,1.003856,0.2170202,0.8839074,-1.126776,1.117315,Nothing
129.4269,24,2,3,0,0.8049986,0.8926157,0.3355282,0.9785542,109.3738,104.3346,0.8775364,1.003072,0.2171143,0.8884196,-1.14991,1.079455,Nothing
129.4353,24,2,3,0,0.8064764,0.8920019,0.3364164,2.026463,108.6066,104.6732,0.8780409,1.001974,0.2172348,0.8887112,-1.183074,1.03953,Nothing
129.4463,24,2,3,0,0.8073668,0.8912541,0.3371306,2.863866,108.1003,104.8949,0.8784171,1.001239,0.2173427,0.8938948,-1.206709,1.011252,Nothing
129.4601,24,2,3,0,0.8090323,0.8901482,0.338374,4.217467,107.2222,105.3186,0.8791752,0.9997077,0.2175441,0.8943642,-1.246101,0.9634396,Nothing
129.4685,24,2,3,0,0.8095284,0.8895167,0.339355,4.788155,106.8471,105.5707,0.8797582,0.9989808,0.2177045,0.8929595,-1.266319,0.9485452,Nothing
129.4765,24,2,3,0,0.8103734,0.88894,0.3403134,5.352684,106.3695,105.8271,0.8802757,0.9982144,0.2178304,0.8887085,-1.289177,0.9278751,Nothing
129.4849,24,2,3,0,0.8103768,0.8882545,0.3416857,5.810517,105.9187,106.137,0.8809567,0.9975225,0.2180074,0.8839628,-1.313301,0.9203082,Nothing
129.4932,24,2,3,0,0.8103116,0.8878106,0.3430517,6.322361,105.4064,106.4564,0.8817685,0.9968712,0.2181765,0.8774581,-1.337892,0.9123869,Nothing
129.5017,24,2,3,0,0.8098199,0.8871379,0.3447082,6.72389,104.8534,106.7942,0.8824852,0.9961741,0.2183705,0.8699067,-1.365357,0.9095069,Nothing
129.5099,24,2,3,0,0.8090948,0.8862181,0.3470425,7.384233,104.0092,107.2503,0.8835694,0.9950752,0.2186792,0.8589418,-1.404565,0.9027191,Nothing
129.5182,24,2,3,0,0.8084494,0.8855541,0.3488993,7.853006,103.4051,107.5127,0.8843304,0.9943537,0.218837,0.8523903,-1.434233,0.8990501,Nothing
129.5272,24,2,3,0,0.8079345,0.8851997,0.3501306,8.345086,102.887,107.6878,0.8850719,0.9936241,0.2190037,0.8471265,-1.454684,0.8936592,Nothing
129.5351,24,2,3,0,0.8076118,0.8850526,0.3511159,8.87145,102.4094,107.8204,0.885818,0.9929453,0.2190602,0.8420786,-1.472646,0.8861862,Nothing
129.5439,24,2,3,0,0.8072641,0.8849152,0.3520187,9.431055,101.9401,107.898,0.8865651,0.9922181,0.2191973,0.8387831,-1.488128,0.8779907,Nothing
129.5517,24,2,3,0,0.8069847,0.8848101,0.3528735,10.00421,101.507,107.9598,0.8873449,0.9914977,0.2193469,0.8361307,-1.502319,0.8696662,Nothing
129.5604,24,2,3,0,0.8065359,0.8846593,0.3541684,10.84632,100.8497,108.0076,0.8885249,0.9903267,0.2195361,0.8318197,-1.523268,0.8578812,Nothing
129.5681,24,2,3,0,0.8060515,0.8847263,0.3549031,11.37682,100.4319,107.9869,0.8893464,0.9895627,0.2197127,0.8295777,-1.533662,0.8531403,Nothing
129.5762,24,2,3,0,0.805671,0.8849087,0.3557164,11.85637,99.99831,107.9884,0.8901293,0.9887701,0.219858,0.8237976,-1.545308,0.8482472,Nothing
129.5851,24,2,3,0,0.8048215,0.884912,0.3568023,12.32286,99.54292,108.0185,0.8910053,0.9880287,0.2199775,0.8195711,-1.560849,0.8486621,Nothing
129.5931,24,2,3,0,0.80417,0.884674,0.3580289,12.82818,99.08023,108.0909,0.8917399,0.98738,0.2200544,0.8163711,-1.580608,0.8441211,Nothing
129.6017,24,2,3,0,0.8029457,0.8843271,0.3597101,13.24114,98.54592,108.2704,0.8926377,0.9866472,0.2201509,0.8089401,-1.606578,0.8476648,Nothing
129.6114,24,2,3,0,0.8013456,0.8839649,0.3619047,13.88959,97.77677,108.4625,0.8939983,0.9855365,0.2203194,0.7991804,-1.640783,0.8501432,Nothing
129.6267,24,2,3,0,0.7965109,0.8830482,0.3667089,14.10262,96.56876,109.181,0.8958791,0.9840307,0.2205045,0.7659833,-1.712536,0.8911987,Nothing
129.6351,24,2,3,0,0.7934909,0.8823695,0.3693823,13.97443,96.01461,109.6704,0.8967764,0.983304,0.220543,0.74426,-1.752461,0.922621,Nothing
129.6429,24,2,3,0,0.790126,0.8814239,0.3725091,13.72071,95.53764,110.2886,0.8977268,0.9825514,0.2206162,0.7183322,-1.796998,0.9619886,Nothing
129.6514,24,2,3,0,0.7869927,0.8800735,0.3756691,13.30048,95.23492,111.009,0.8986748,0.9817374,0.220731,0.6898367,-1.839724,1.005923,Nothing
129.6604,24,2,3,0,0.784218,0.8789808,0.3783228,13.09323,94.94402,111.5934,0.8998574,0.981068,0.2206702,0.6676999,-1.878237,1.043868,Nothing
129.6677,24,2,3,0,0.7818061,0.877958,0.3808534,12.92518,94.70559,112.1569,0.9008784,0.9802975,0.2206935,0.6444607,-1.913095,1.077103,Nothing
129.6774,24,2,3,0,0.7796269,0.8770878,0.3831207,12.83613,94.45644,112.668,0.9017028,0.9795646,0.2207144,0.6222104,-1.945116,1.103868,Nothing
129.6851,24,2,3,0,0.7772881,0.8762106,0.3853845,12.66389,94.24628,113.2155,0.9027756,0.9787998,0.2206892,0.5976176,-1.976402,1.137568,Nothing
129.6927,24,2,3,0,0.7742199,0.8746624,0.3888407,12.58173,93.84595,113.9637,0.9043086,0.9776446,0.2206275,0.5642135,-2.027095,1.175846,Nothing
129.7013,24,2,3,0,0.7724619,0.8738143,0.3910061,12.55989,93.58922,114.4802,0.9054115,0.9768643,0.2205352,0.5392962,-2.059405,1.198932,Nothing
129.7098,24,2,3,0,0.7704054,0.8728733,0.3930931,12.52674,93.28891,114.9694,0.9065118,0.976103,0.2204627,0.5158219,-2.091854,1.223467,Nothing
129.7187,24,2,3,0,0.7683023,0.8720295,0.3952465,12.45192,92.95316,115.4414,0.907631,0.9753441,0.2203287,0.4895812,-2.125308,1.248643,Nothing
129.7265,24,2,3,0,0.7662219,0.871474,0.3968088,12.36069,92.62727,115.7931,0.9087379,0.9745672,0.2202598,0.4669654,-2.149976,1.274239,Nothing
129.7358,24,2,3,0,0.7640547,0.8706565,0.3989565,12.19893,92.37495,116.1877,0.9098415,0.973792,0.220243,0.4422356,-2.178827,1.30398,Nothing
129.7516,24,2,3,0,0.7596767,0.8698997,0.4016264,11.68572,91.99709,116.8607,0.9120585,0.9720961,0.2201937,0.3918931,-2.211302,1.373429,Nothing
129.7602,24,2,3,0,0.7568936,0.8695951,0.4033032,11.2163,91.82287,117.3268,0.9136736,0.9708709,0.2202003,0.353153,-2.226791,1.425419,Nothing
129.7687,24,2,3,0,0.754979,0.8697323,0.4040128,10.70165,91.86725,117.5311,0.9146481,0.9699954,0.220372,0.3284194,-2.222939,1.469784,Nothing
129.7762,24,2,3,0,0.7531871,0.8695442,0.405144,10.30417,91.8379,117.8127,0.9156393,0.9692217,0.2204515,0.3026614,-2.228775,1.507307,Nothing
129.7848,24,2,3,0,0.751322,0.8695862,0.4059391,9.75106,91.88781,118.0285,0.9164169,0.9683608,0.2207394,0.2763326,-2.223513,1.549716,Nothing
129.7933,24,2,3,0,0.7493408,0.8696538,0.406686,9.15666,91.92081,118.23,0.9171252,0.9674318,0.2210046,0.2480447,-2.216872,1.592897,Nothing
129.8013,24,2,3,0,0.7475794,0.8700787,0.4071428,8.463031,92.00558,118.3588,0.9177379,0.9665586,0.2213257,0.21897,-2.202043,1.636744,Nothing
129.8105,24,2,3,0,0.7447832,0.8701242,0.4082482,7.607263,92.0313,118.6551,0.9182483,0.9656804,0.2216727,0.1791103,-2.194115,1.690811,Nothing
129.8179,24,2,3,0,0.7430683,0.8700407,0.4088612,7.041174,92.09618,118.813,0.918801,0.9642985,0.2221414,0.1502694,-2.180401,1.729363,Nothing
129.8272,24,2,3,0,0.7419447,0.8700742,0.4093559,6.550398,92.17247,118.9719,0.9189076,0.96339,0.2225495,0.1253738,-2.168006,1.755449,Nothing
129.8345,24,2,3,0,0.7405403,0.8700565,0.4099628,6.063556,92.21795,119.1374,0.9188704,0.9624286,0.2229558,0.0991051,-2.157224,1.781644,Nothing
129.8431,24,2,3,0,0.7403202,0.8702491,0.4101061,5.770206,92.32925,119.2279,0.9184577,0.9614614,0.223439,0.0810251,-2.141075,1.790083,Nothing
129.8512,24,2,3,0,0.7396575,0.870361,0.4104755,5.468066,92.37331,119.2905,0.9184512,0.9605475,0.2238521,0.06309347,-2.129916,1.804979,Nothing
129.8596,24,2,3,0,0.7389771,0.8705084,0.4106929,5.238536,92.41034,119.2797,0.9179592,0.9595699,0.2243595,0.04953241,-2.117186,1.813372,Nothing
129.8681,24,2,3,0,0.7387277,0.8709483,0.4105876,5.076797,92.45,119.2316,0.9173129,0.9585683,0.2249094,0.03764021,-2.100528,1.814652,Nothing
129.8765,24,2,3,0,0.7386401,0.8715258,0.4103008,4.785689,92.54209,119.1556,0.9159715,0.957132,0.2257606,0.02059197,-2.073278,1.811379,Nothing
129.8847,24,2,3,0,0.7390165,0.872198,0.4097882,4.79243,92.5932,118.9909,0.9149954,0.9561621,0.2263332,0.01708412,-2.054105,1.800023,Nothing
129.8931,24,2,3,0,0.7392786,0.8729118,0.4092927,4.656054,92.65694,118.9064,0.9138677,0.9552235,0.2268703,0.006533196,-2.03292,1.79117,Nothing
129.9016,24,2,3,0,0.739911,0.8735038,0.4087701,4.690496,92.76422,118.7576,0.9127079,0.9543536,0.2273495,0.004787706,-2.014414,1.776414,Nothing
129.9097,24,2,3,0,0.7401859,0.8739598,0.4084615,4.637277,92.84692,118.6724,0.9115264,0.9534509,0.2277883,-0.002105776,-1.998114,1.765805,Nothing
129.9186,24,2,3,0,0.7404805,0.8744494,0.4080231,4.600338,92.94073,118.5731,0.9102702,0.9526727,0.2281552,-0.006926319,-1.981756,1.75415,Nothing
129.9263,24,2,3,0,0.7408274,0.8745942,0.4078491,4.584433,93.017,118.5546,0.9089872,0.9519514,0.2284926,-0.01224077,-1.970818,1.740603,Nothing
129.9352,24,2,3,0,0.7409532,0.8747144,0.4076629,4.46188,93.10351,118.4967,0.9072843,0.9509628,0.2289183,-0.02075372,-1.95607,1.727175,Nothing
129.9428,24,2,3,0,0.7407977,0.8745943,0.4077273,4.377164,93.11055,118.5375,0.9065953,0.9507748,0.2289797,-0.02539792,-1.954408,1.723374,Nothing
129.9514,24,2,3,0,0.7405428,0.874764,0.407404,4.209225,93.17131,118.5775,0.9047385,0.9498163,0.2294027,-0.03813337,-1.938409,1.712018,Nothing
129.9598,24,2,3,0,0.7407353,0.8747965,0.407316,4.081348,93.21175,118.647,0.9038469,0.9493726,0.2296001,-0.04701952,-1.930758,1.704387,Nothing
129.9684,24,2,3,0,0.7405686,0.8745483,0.4074431,3.966658,93.2308,118.7424,0.9027008,0.9489032,0.2298177,-0.05532223,-1.926811,1.696875,Nothing
129.9764,24,2,3,0,0.7402314,0.8743255,0.4076059,3.85923,93.25271,118.822,0.9015569,0.9484243,0.2300375,-0.06313923,-1.923007,1.691118,Nothing
129.9844,24,2,3,0,0.7399837,0.8740339,0.4077231,3.763569,93.24862,118.9036,0.9005179,0.9479829,0.2302874,-0.06978948,-1.919877,1.684429,Nothing
129.9946,24,2,3,0,0.7398552,0.873368,0.4081461,3.64269,93.27915,118.9741,0.8990663,0.9471482,0.2307535,-0.07717793,-1.916329,1.673803,Nothing
130.0097,24,2,3,0,0.7399188,0.8731675,0.4080502,3.577188,93.34003,118.9696,0.8972894,0.9463664,0.2312502,-0.08154196,-1.90609,1.657913,Nothing
130.0179,24,2,3,0,0.7405066,0.873443,0.4077406,3.672062,93.40147,118.8898,0.8964602,0.946028,0.2314943,-0.07948727,-1.898317,1.64399,Nothing
130.0264,24,2,3,0,0.7407368,0.8734909,0.4075666,3.727219,93.44076,118.8337,0.8956715,0.9457088,0.2316879,-0.07798729,-1.893309,1.634002,Nothing
130.035,24,2,3,0,0.741277,0.8734902,0.4074175,3.785617,93.48522,118.7984,0.8947335,0.9454076,0.2317727,-0.07750934,-1.889812,1.619491,Nothing
130.0445,24,2,3,0,0.7416577,0.8734052,0.4073323,3.858872,93.53593,118.7704,0.8940357,0.9451568,0.2318757,-0.07550861,-1.88734,1.608947,Nothing
130.0602,24,2,3,0,0.7415133,0.8731128,0.4075612,3.847821,93.53682,118.8037,0.892184,0.944431,0.2320484,-0.08254423,-1.885882,1.592122,Nothing
130.0681,24,2,3,0,0.7413688,0.8730153,0.4075928,3.837644,93.53709,118.8276,0.89158,0.9442068,0.2321014,-0.0850144,-1.884994,1.587682,Nothing
130.0763,24,2,3,0,0.7413771,0.8727409,0.4076568,3.796618,93.53092,118.8746,0.8910186,0.944021,0.2321165,-0.08761013,-1.885524,1.582281,Nothing
130.0851,24,2,3,0,0.7411177,0.8724054,0.4078886,3.747646,93.50439,118.947,0.8905711,0.9438068,0.2321042,-0.0918685,-1.888213,1.580369,Nothing
130.0933,24,2,3,0,0.7411308,0.8721569,0.4080215,3.737678,93.48141,119.0176,0.8900777,0.9436511,0.2322169,-0.09450757,-1.889266,1.574639,Nothing
130.1063,24,2,3,0,0.7409702,0.8716288,0.4083206,3.727707,93.45847,119.1318,0.8894232,0.9433648,0.2323134,-0.0981495,-1.892597,1.569052,Nothing
130.1244,24,2,3,0,0.7405373,0.8708605,0.4087485,3.713821,93.44767,119.2223,0.8884903,0.9429294,0.2325171,-0.1002252,-1.896269,1.56377,Nothing
130.1353,24,2,3,0,0.7406032,0.8706711,0.408789,3.722378,93.46384,119.2079,0.8880389,0.942715,0.2326992,-0.09927262,-1.894751,1.558797,Nothing
130.1438,24,2,3,0,0.7406837,0.8705962,0.4087391,3.741624,93.48562,119.1895,0.8878755,0.942575,0.2328213,-0.09781703,-1.892722,1.55662,Nothing
130.1515,24,2,3,0,0.7411352,0.8705382,0.4086753,3.778099,93.51955,119.1808,0.8877026,0.9423665,0.2329577,-0.09704994,-1.890027,1.550723,Nothing
130.1593,24,2,3,0,0.7412474,0.8704435,0.408657,3.798881,93.5443,119.1753,0.8875664,0.9422422,0.2330726,-0.09582604,-1.888451,1.548563,Nothing
130.1682,24,2,3,0,0.7412391,0.8703471,0.4086499,3.807413,93.54468,119.1857,0.8874113,0.9421139,0.2331786,-0.09582117,-1.887403,1.546907,Nothing
130.1763,24,2,3,0,0.7411385,0.8702167,0.4087287,3.801915,93.5511,119.1936,0.8876342,0.9419018,0.2331123,-0.09726156,-1.887983,1.550613,Nothing
130.1846,24,2,3,0,0.7409624,0.8700075,0.408893,3.783459,93.52562,119.2415,0.8877174,0.9418506,0.2331847,-0.09848592,-1.889802,1.552714,Nothing
130.1925,24,2,3,0,0.7409898,0.8698478,0.4090241,3.79763,93.4967,119.3072,0.8874894,0.9418608,0.2332551,-0.09978767,-1.891994,1.54898,Nothing
130.2014,24,2,3,0,0.7407867,0.8694136,0.4093721,3.80787,93.43884,119.4256,0.8875303,0.941774,0.2333601,-0.1022552,-1.897121,1.54951,Nothing
130.2103,24,2,3,0,0.7406136,0.8689891,0.4097714,3.831093,93.36684,119.5319,0.8875837,0.9418312,0.2334521,-0.1034104,-1.904021,1.549189,Nothing
130.2181,24,2,3,0,0.740374,0.8687401,0.4100038,3.829914,93.29578,119.6116,0.8876404,0.9417928,0.2335142,-0.1059166,-1.908035,1.55006,Nothing
130.2267,24,2,3,0,0.7399991,0.8684818,0.4102834,3.789561,93.22517,119.6667,0.887782,0.9417915,0.2335409,-0.1083449,-1.912492,1.553773,Nothing
130.2343,24,2,3,0,0.739875,0.8682455,0.4104379,3.743046,93.20608,119.7316,0.8879128,0.9417633,0.2336342,-0.1101511,-1.91374,1.556381,Nothing
130.2429,24,2,3,0,0.7395427,0.8681493,0.4105667,3.66545,93.18515,119.7563,0.8879719,0.9417475,0.2336483,-0.11267,-1.91449,1.560902,Nothing
130.2511,24,2,3,0,0.7392635,0.8678751,0.4109068,3.609027,93.13905,119.811,0.8880545,0.9417672,0.2336176,-0.1155173,-1.919411,1.564056,Nothing
130.2596,24,2,3,0,0.7387646,0.8675987,0.4112034,3.506225,93.08757,119.8841,0.88811,0.9417505,0.2336148,-0.1199744,-1.922949,1.56968,Nothing
130.2677,24,2,3,0,0.7382718,0.8674054,0.411416,3.441519,93.00951,119.9456,0.8881088,0.9417437,0.2335802,-0.1240099,-1.92683,1.573311,Nothing
130.2765,24,2,3,0,0.7379001,0.8671568,0.4117292,3.411383,92.90054,120.0175,0.8880219,0.9418549,0.2334153,-0.1278844,-1.934846,1.573394,Nothing
130.2844,24,2,3,0,0.7374842,0.8668357,0.4120454,3.419179,92.7695,120.1023,0.8880147,0.9418927,0.2333191,-0.1312445,-1.943272,1.573443,Nothing
130.294,24,2,3,0,0.737274,0.8665583,0.4121624,3.477252,92.62023,120.2086,0.8881248,0.9418872,0.2331521,-0.1346452,-1.951204,1.571244,Nothing
130.3012,24,2,3,0,0.7368919,0.8660609,0.4125596,3.665447,92.34224,120.3359,0.8881173,0.9419515,0.2329801,-0.1366527,-1.967891,1.563563,Nothing
130.3095,24,2,3,0,0.7364707,0.8655555,0.4130293,3.80516,92.09203,120.455,0.8881024,0.9420365,0.2328011,-0.1393157,-1.984107,1.557679,Nothing
130.3177,24,2,3,0,0.7355388,0.8648694,0.4135093,4.142426,91.54694,120.6264,0.8881336,0.9419965,0.232681,-0.1429102,-2.009609,1.544953,Nothing
130.3259,24,2,3,0,0.7341868,0.86397,0.4142267,4.498055,90.84845,120.8273,0.8881478,0.9420404,0.2325041,-0.1485706,-2.042949,1.530586,Nothing
130.3346,24,2,3,0,0.7328106,0.8633155,0.4147024,4.715543,90.27588,120.936,0.8881463,0.9420884,0.2324249,-0.1526866,-2.067551,1.52219,Nothing
130.3424,24,2,3,0,0.7314379,0.862835,0.4150023,4.87316,89.76693,121.0131,0.8881565,0.9420912,0.2323248,-0.1572363,-2.087542,1.516789,Nothing
130.351,24,2,3,0,0.7302483,0.8623738,0.4152818,5.019212,89.32892,121.101,0.8882222,0.9421182,0.232173,-0.1616037,-2.10605,1.512366,Nothing
130.3596,24,2,3,0,0.729031,0.8619493,0.4153869,4.93424,89.0246,121.1654,0.8882546,0.9421,0.2320815,-0.167669,-2.116064,1.516077,Nothing
130.3684,24,2,3,0,0.7278987,0.8613654,0.4157895,5.018038,88.6534,121.2736,0.8883048,0.9420918,0.2319583,-0.1730654,-2.133523,1.51378,Nothing
130.3766,24,2,3,0,0.7261211,0.86029,0.4165449,5.126011,88.13725,121.4961,0.8882996,0.9419754,0.231892,-0.1827062,-2.159245,1.511591,Nothing
130.3848,24,2,3,0,0.7250345,0.8596009,0.4169895,5.211694,87.78778,121.6392,0.8883644,0.9418928,0.2318496,-0.1888703,-2.176037,1.509278,Nothing
130.3925,24,2,3,0,0.7240165,0.8586321,0.4177268,5.317606,87.4333,121.8112,0.8884432,0.9418645,0.2318797,-0.1942469,-2.196794,1.505329,Nothing
130.4016,24,2,3,0,0.7230067,0.8577955,0.4182522,5.454424,87.06985,121.9747,0.8885039,0.9417506,0.2318836,-0.19983,-2.215431,1.500373,Nothing
130.4093,24,2,3,0,0.7218602,0.8571813,0.4185734,5.592299,86.68147,122.1129,0.8885401,0.9416656,0.2318751,-0.2055597,-2.232153,1.495794,Nothing
130.4182,24,2,3,0,0.7209895,0.856506,0.4189672,5.871356,86.2188,122.2239,0.8886853,0.94154,0.2318646,-0.2089001,-2.253116,1.484171,Nothing
130.4261,24,2,3,0,0.7202906,0.8557935,0.4193278,6.332014,85.69528,122.3626,0.8887497,0.941425,0.2318741,-0.2101243,-2.277211,1.464277,Nothing
130.4356,24,2,3,0,0.7194971,0.854508,0.419994,7.114691,84.90229,122.5488,0.8890336,0.9411606,0.231913,-0.2094452,-2.31594,1.430814,Nothing
130.4427,24,2,3,0,0.7193365,0.8539234,0.4202073,7.85443,84.34923,122.5911,0.8890802,0.9410859,0.2319326,-0.2026004,-2.341506,1.398251,Nothing
130.4512,24,2,3,0,0.7191429,0.8535075,0.4202752,8.426572,83.85344,122.614,0.889184,0.9409328,0.2319652,-0.1989317,-2.36085,1.371967,Nothing
130.4601,24,2,3,0,0.7193758,0.8535161,0.4200159,9.15497,83.39286,122.4463,0.8892431,0.940789,0.2320139,-0.1858571,-2.375787,1.339994,Nothing
130.4686,24,2,3,0,0.7196468,0.8539535,0.4194473,9.79176,82.97612,122.143,0.8893142,0.9406139,0.2320951,-0.1704709,-2.383264,1.312232,Nothing
130.4765,24,2,3,0,0.7200226,0.8549229,0.418686,10.33849,82.57382,121.735,0.8894269,0.9404573,0.2321605,-0.1558806,-2.384893,1.287365,Nothing
130.4849,24,2,3,0,0.7207451,0.856224,0.417551,10.85139,82.29414,121.1655,0.8894936,0.9403307,0.2322307,-0.1339763,-2.378288,1.264986,Nothing
130.4932,24,2,3,0,0.7212052,0.8569347,0.4168705,11.38169,81.92245,120.8181,0.8895683,0.9402303,0.2322817,-0.1200417,-2.380439,1.240033,Nothing
130.5013,24,2,3,0,0.7219521,0.8580453,0.4159383,11.88517,81.64146,120.3076,0.8896129,0.9400979,0.232389,-0.1007176,-2.375076,1.217235,Nothing
130.5101,24,2,3,0,0.7230443,0.8590533,0.4150594,12.75547,81.07603,119.736,0.8896917,0.9399861,0.2324488,-0.07782736,-2.378783,1.173928,Nothing
130.5184,24,2,3,0,0.7235754,0.8596372,0.4145315,13.34611,80.67088,119.3689,0.8897488,0.9399123,0.2325123,-0.06303418,-2.38247,1.145748,Nothing
130.5273,24,2,3,0,0.7240518,0.8600596,0.4140911,14.03549,80.18309,119.0316,0.889787,0.9398649,0.2325438,-0.04862439,-2.389984,1.112499,Nothing
130.5434,24,2,3,0,0.7257078,0.8609941,0.412986,15.52774,79.21093,118.1991,0.8898978,0.9397806,0.2326212,-0.01283502,-2.399863,1.03833,Nothing
130.5512,24,2,3,0,0.7266136,0.8614768,0.4122232,16.27927,78.72472,117.7431,0.8898977,0.9397699,0.2326073,0.006827202,-2.402064,1.000337,Nothing
130.5605,24,2,3,0,0.7282003,0.8622253,0.4112495,17.52392,77.94394,116.9901,0.8899718,0.939764,0.2325949,0.03770604,-2.406319,0.9378643,Nothing
130.5682,24,2,3,0,0.7302809,0.8630241,0.4101906,18.55763,77.48107,116.2319,0.889915,0.9397821,0.2325322,0.0695236,-2.400296,0.8855176,Nothing
130.576,24,2,3,0,0.7322637,0.8638519,0.4091012,19.50826,77.03537,115.4593,0.889779,0.9397585,0.2325186,0.09972473,-2.391139,0.8365296,Nothing
130.5848,24,2,3,0,0.7343959,0.8647724,0.4078721,20.47329,76.56538,114.5933,0.8896366,0.9397683,0.2324504,0.1318673,-2.37934,0.7859681,Nothing
130.5935,24,2,3,0,0.7366015,0.8659477,0.4065157,21.43525,76.02659,113.6506,0.889579,0.9397511,0.2323316,0.1623822,-2.365056,0.7351443,Nothing
130.6017,24,2,3,0,0.7386394,0.8668594,0.4051597,22.39416,75.42192,112.6767,0.8894249,0.9397751,0.2322216,0.1942819,-2.351351,0.682513,Nothing
130.6101,24,2,3,0,0.7409112,0.8677032,0.4039163,23.46236,74.69884,111.6787,0.8892696,0.9398001,0.2321081,0.2239236,-2.338137,0.6220362,Nothing
130.6187,24,2,3,0,0.7430134,0.868159,0.4028961,24.582,73.90681,110.6988,0.8891284,0.9398713,0.2319801,0.2533941,-2.328399,0.5585449,Nothing
130.6262,24,2,3,0,0.7452698,0.8683465,0.4020501,25.77371,73.09648,109.7233,0.8890135,0.93994,0.2318359,0.2821681,-2.319148,0.4912516,Nothing
130.6348,24,2,3,0,0.7493519,0.8683362,0.4008025,27.57682,71.88372,108.2117,0.888932,0.9400535,0.2316526,0.3242687,-2.299406,0.3852994,Nothing
130.643,24,2,3,0,0.7520229,0.8680319,0.4002338,28.90444,70.98427,107.1533,0.888967,0.9401617,0.2315118,0.3523383,-2.288256,0.3096526,Nothing
130.6517,24,2,3,0,0.7546858,0.8676871,0.399446,30.24114,70.01692,105.9618,0.889046,0.9403876,0.2312735,0.3836921,-2.274001,0.2328231,Nothing
130.6595,24,2,3,0,0.7573556,0.8672788,0.3988475,31.6032,68.93242,104.6919,0.8891811,0.9405516,0.231113,0.4125836,-2.258754,0.1532308,Nothing
130.669,24,2,3,0,0.7599388,0.866941,0.3980557,32.86103,67.79893,103.3652,0.8895342,0.9406883,0.2309127,0.440511,-2.240845,0.07878007,Nothing
130.6764,24,2,3,0,0.7623693,0.8665828,0.3973415,34.05337,66.63225,102.0067,0.8898174,0.9408733,0.2307691,0.4669692,-2.221407,0.006054942,Nothing
130.6848,24,2,3,0,0.7648882,0.8660753,0.3967577,35.2489,65.41671,100.6194,0.8900898,0.9410494,0.2306298,0.4909154,-2.200725,-0.0686767,Nothing
130.6935,24,2,3,0,0.7687809,0.8652322,0.395929,37.01188,63.55071,98.47918,0.8906181,0.9413778,0.2303784,0.5236327,-2.166661,-0.1796848,Nothing
130.7016,24,2,3,0,0.7710592,0.8645476,0.3956061,38.1157,62.34259,97.10806,0.8913626,0.9416956,0.2302171,0.5451711,-2.148158,-0.2467291,Nothing
130.7093,24,2,3,0,0.7731668,0.8639183,0.3955261,39.15942,61.17907,95.85604,0.8919712,0.9420097,0.2300868,0.559976,-2.131267,-0.3105912,Nothing
130.718,24,2,3,0,0.7739481,0.8634707,0.3958932,39.89209,60.25165,94.99552,0.892615,0.9422945,0.2299796,0.5693131,-2.12792,-0.3536836,Nothing
130.7274,24,2,3,0,0.7749329,0.8630595,0.3963595,40.59083,59.32711,94.18135,0.8932939,0.9425874,0.2298734,0.5747265,-2.124392,-0.3971949,Nothing
130.7355,24,2,3,0,0.7749362,0.8629014,0.3969008,41.04374,58.61065,93.62715,0.8939769,0.9429356,0.2297885,0.5799505,-2.128843,-0.4239714,Nothing
130.7434,24,2,3,0,0.7745556,0.8628275,0.3976333,41.4102,58.09007,93.28885,0.8947802,0.9432552,0.2297084,0.5832992,-2.139562,-0.4410103,Nothing
130.7515,24,2,3,0,0.7743991,0.8627337,0.3982631,41.80175,57.42561,92.81671,0.8956204,0.9436277,0.2295985,0.5875335,-2.147306,-0.4638131,Nothing
130.7606,24,2,3,0,0.7730077,0.8626624,0.3994502,42.04663,56.83927,92.74599,0.8969731,0.94414,0.2294852,0.5876309,-2.17398,-0.4748247,Nothing
130.7682,24,2,3,0,0.7724937,0.862241,0.4002802,42.27922,56.42025,92.64124,0.897918,0.9444953,0.2293949,0.5890626,-2.189607,-0.4892243,Nothing
130.7764,24,2,3,0,0.7719156,0.8622347,0.4011251,42.52076,56.01064,92.5271,0.8988202,0.9449445,0.2292735,0.5883207,-2.205509,-0.5014828,Nothing
130.7849,24,2,3,0,0.7722625,0.8617944,0.4022213,42.89862,55.54818,92.25555,0.8998649,0.9453194,0.2291761,0.5883067,-2.217045,-0.5252742,Nothing
130.793,24,2,3,0,0.7722637,0.8617573,0.4025187,43.27053,55.02721,91.85081,0.9008514,0.9456399,0.2290615,0.5932042,-2.222288,-0.5424179,Nothing
130.8019,24,2,3,0,0.773349,0.8615275,0.4028365,43.74884,54.32061,91.15075,0.9020123,0.9460167,0.2289333,0.5999569,-2.219192,-0.5733106,Nothing
130.8097,24,2,3,0,0.7745829,0.8619082,0.4026567,44.2298,53.50623,90.25268,0.9031502,0.9463581,0.2288419,0.6074941,-2.208314,-0.6010764,Nothing
130.8185,24,2,3,0,0.7777663,0.8616594,0.4019376,45.12631,51.95398,88.37568,0.9047109,0.9468059,0.2285602,0.6250125,-2.174239,-0.6651092,Nothing
130.8262,24,2,3,0,0.7796599,0.8613358,0.401781,45.69577,50.92431,87.20257,0.9060444,0.9470512,0.2284106,0.6352817,-2.157375,-0.7053862,Nothing
130.8355,24,2,3,0,0.7823192,0.8615562,0.400985,46.32045,49.61523,85.57863,0.9072388,0.9473714,0.2282719,0.6467209,-2.124312,-0.751179,Nothing
130.8458,24,2,3,0,0.7864943,0.8610142,0.3997248,47.2479,47.45252,82.93889,0.9090754,0.9478678,0.2281848,0.6683925,-2.068427,-0.8285334,Nothing
130.8597,24,2,3,0,0.7902782,0.8615353,0.3980447,47.88545,45.31047,80.25622,0.9109597,0.948314,0.2279159,0.6880292,-2.012337,-0.8883069,Nothing
130.8688,24,2,3,0,0.7925141,0.8616284,0.3970616,48.24135,44.06312,78.71311,0.9121554,0.9485753,0.2276858,0.6988283,-1.980294,-0.9232929,Nothing
130.8763,24,2,3,0,0.7946255,0.8616435,0.3960494,48.53545,42.82406,77.17212,0.9132103,0.9487754,0.2275038,0.7098045,-1.947131,-0.956666,Nothing
130.8848,24,2,3,0,0.797783,0.8614044,0.3947238,48.99903,40.99832,74.9251,0.9149662,0.9492512,0.2271511,0.7253804,-1.900546,-1.008312,Nothing
130.8926,24,2,3,0,0.7998962,0.8609692,0.3939691,49.32153,39.85624,73.52927,0.9162048,0.9495093,0.2269143,0.7340887,-1.871753,-1.042132,Nothing
130.9015,24,2,3,0,0.8015999,0.8604962,0.3936863,49.65418,38.78371,72.32362,0.9174057,0.949738,0.226698,0.7382893,-1.851279,-1.074525,Nothing
130.9088,24,2,3,0,0.8036177,0.8601081,0.3929997,49.92826,37.54059,70.84362,0.9185568,0.9498687,0.2264556,0.7442983,-1.821686,-1.108068,Nothing
130.9188,24,2,3,0,0.8047053,0.859857,0.3923483,50.09904,36.50422,69.711,0.9197103,0.950057,0.2262308,0.7522751,-1.802199,-1.132049,Nothing
130.9269,24,2,3,0,0.8062008,0.8598714,0.3915596,50.17279,35.39035,68.43101,0.9207352,0.9501143,0.2259656,0.7579144,-1.776739,-1.155694,Nothing
130.9347,24,2,3,0,0.8078911,0.8598281,0.3902478,50.16682,34.2552,67.09279,0.9217474,0.9501916,0.225728,0.7665552,-1.743967,-1.17774,Nothing
130.9431,24,2,3,0,0.8095408,0.8599479,0.3890875,50.15736,33.0787,65.69286,0.9227312,0.9503307,0.2255449,0.7742693,-1.711194,-1.199869,Nothing
130.9515,24,2,3,0,0.8123964,0.859458,0.3875514,50.24691,31.09596,63.38096,0.9241989,0.9504597,0.2251881,0.7816854,-1.657648,-1.244074,Nothing
130.9595,24,2,3,0,0.8150101,0.8587267,0.3864998,50.3946,29.45065,61.43312,0.9251831,0.9504952,0.2249465,0.7825006,-1.611027,-1.283926,Nothing
130.968,24,2,3,0,0.8173178,0.8581565,0.3854849,50.44666,27.96402,59.67381,0.9260381,0.9505529,0.2247368,0.7831984,-1.567702,-1.317961,Nothing
130.9779,24,2,3,0,0.8197755,0.8579322,0.3839659,50.38749,26.17874,57.55762,0.9269096,0.9505411,0.224494,0.7838557,-1.514463,-1.3513,Nothing
130.9849,24,2,3,0,0.8220848,0.8574947,0.3827015,50.2895,24.55535,55.65031,0.9276949,0.950596,0.2242553,0.7835653,-1.465109,-1.383961,Nothing
130.9937,24,2,3,0,0.8243721,0.8577306,0.3809361,49.94965,22.77976,53.58437,0.928335,0.950578,0.224043,0.7827885,-1.407838,-1.410422,Nothing
131.0014,24,2,3,0,0.8265144,0.8577456,0.3793385,49.60405,21.07499,51.61723,0.9290501,0.9506392,0.2237186,0.7821321,-1.353957,-1.438031,Nothing
131.0103,24,2,3,0,0.8298268,0.8576204,0.3771121,49.12057,18.67655,48.83656,0.9302141,0.950615,0.2233433,0.7774508,-1.276282,-1.4753,Nothing
131.018,24,2,3,0,0.8315759,0.8581178,0.3754228,48.58584,17.15235,47.09113,0.9309684,0.9506516,0.2230757,0.7776131,-1.225807,-1.492539,Nothing
131.0264,24,2,3,0,0.8333606,0.8583114,0.3736879,48.08672,15.80029,45.50078,0.9316519,0.9507772,0.2227385,0.7780524,-1.176066,-1.509428,Nothing
131.0349,24,2,3,0,0.8349435,0.8587196,0.3721023,47.58157,14.60821,44.07211,0.9324935,0.9508312,0.2224445,0.7796882,-1.132767,-1.521011,Nothing
131.0432,24,2,3,0,0.8361775,0.8592958,0.3707291,47.1216,13.65221,42.91498,0.9332051,0.9509439,0.2220979,0.781119,-1.09812,-1.528795,Nothing
131.0513,24,2,3,0,0.8378069,0.8594593,0.3692793,46.65493,12.541,41.60812,0.9339632,0.9510227,0.2217995,0.7796401,-1.056165,-1.541197,Nothing
131.0598,24,2,3,0,0.8385909,0.8600197,0.3682908,46.23405,11.71844,40.69582,0.9348256,0.9510522,0.2214868,0.7817022,-1.031865,-1.547124,Nothing
131.0686,24,2,3,0,0.8407353,0.8599945,0.3664827,45.49933,10.21578,38.94824,0.9360028,0.9512097,0.2210724,0.7812254,-0.9736096,-1.566196,Nothing
131.076,24,2,3,0,0.8410296,0.8604338,0.365689,45.05215,9.347737,38.00182,0.9368305,0.9513086,0.2207736,0.7858943,-0.9505228,-1.574572,Nothing
131.0846,24,2,3,0,0.8417854,0.8605444,0.3649937,44.62197,8.433908,37.04202,0.9376733,0.9514575,0.2205181,0.7863771,-0.9232267,-1.587096,Nothing
131.0949,24,2,3,0,0.8424447,0.8604802,0.3645993,44.19675,7.539998,36.14959,0.9384654,0.9515041,0.2202815,0.7855297,-0.8984902,-1.601648,Nothing
131.111,24,2,3,0,0.8437999,0.8600537,0.3635112,43.34041,5.85705,34.36488,0.940312,0.9519242,0.2197397,0.790491,-0.8443812,-1.631364,Nothing
131.1264,24,2,3,0,0.8452018,0.8594774,0.3626039,42.51121,4.14764,32.57578,0.9423187,0.9522411,0.2193395,0.7931094,-0.7903776,-1.661229,Nothing
131.1346,24,2,3,0,0.8459842,0.8586633,0.3624888,42.0194,2.935394,31.36016,0.9441275,0.9524629,0.2192478,0.7971975,-0.7571417,-1.686682,Nothing
131.1427,24,2,3,0,0.8466187,0.8583064,0.362214,41.64476,2.158281,30.57532,0.9453058,0.9525452,0.219272,0.7991726,-0.7331673,-1.6995,Nothing
131.1513,24,2,3,0,0.8466248,0.8578402,0.36252,41.39691,1.420596,29.90867,0.9465082,0.9525744,0.2194178,0.8029971,-0.7196322,-1.714955,Nothing
131.1598,24,2,3,0,0.8469177,0.8569126,0.3630854,41.18422,0.5474799,29.14601,0.9478648,0.9526848,0.2195992,0.8034781,-0.7022997,-1.737589,Nothing
131.168,24,2,3,0,0.8471637,0.8559607,0.36385,41.00023,359.6391,28.40829,0.9492502,0.9527526,0.2198252,0.8018037,-0.6872232,-1.76167,Nothing
131.1764,24,2,3,0,0.8470232,0.8553272,0.3646822,40.88226,358.8932,27.84463,0.9508542,0.9529664,0.2201983,0.8062536,-0.6801835,-1.781648,Nothing
131.1856,24,2,3,0,0.8474116,0.8541023,0.3654306,40.59297,357.8611,26.93027,0.9530802,0.9533715,0.2205478,0.8124174,-0.6574941,-1.811112,Nothing
131.2012,24,2,3,0,0.8480158,0.8531083,0.3663422,40.29623,356.8473,26.08055,0.9561766,0.9539998,0.2209775,0.8231892,-0.6388105,-1.841345,Nothing
131.2094,24,2,3,0,0.8481518,0.8530207,0.3664929,40.10934,356.4731,25.78416,0.9578052,0.9545763,0.2211476,0.8338944,-0.6309703,-1.852028,Nothing
131.2178,24,2,3,0,0.848202,0.8529321,0.3665587,39.9263,356.1841,25.53809,0.9598085,0.9553413,0.2211102,0.850758,-0.6255447,-1.864037,Nothing
131.2271,24,2,3,0,0.8483276,0.8526555,0.3666693,39.76415,355.9412,25.31617,0.9613872,0.9559488,0.2211058,0.863911,-0.6184891,-1.875433,Nothing
131.2344,24,2,3,0,0.848159,0.8527368,0.3670053,39.68287,355.7188,25.15277,0.9629892,0.956543,0.2211423,0.8768242,-0.6198263,-1.885538,Nothing
131.244,24,2,3,0,0.8482876,0.8521899,0.3672774,39.44719,355.1658,24.68303,0.9652064,0.9574574,0.2210207,0.8908544,-0.6066733,-1.908068,Nothing
131.2594,24,2,3,0,0.8484053,0.8515844,0.3677018,39.20832,354.5671,24.15544,0.9676241,0.9586624,0.2209295,0.9064087,-0.5913274,-1.934792,Nothing
131.2678,24,2,3,0,0.8485849,0.8513868,0.3676061,38.99153,354.2801,23.87799,0.9688985,0.9590152,0.2208293,0.9151276,-0.5812173,-1.943997,Nothing
131.276,24,2,3,0,0.8488906,0.8512129,0.3672885,38.69512,353.9726,23.55042,0.9699972,0.9595221,0.2207022,0.9230774,-0.5642803,-1.952772,Nothing
131.2843,24,2,3,0,0.8492531,0.8510212,0.3672473,38.44913,353.6493,23.23998,0.9710664,0.9601169,0.2207005,0.9285601,-0.5486977,-1.963408,Nothing
131.293,24,2,3,0,0.8496324,0.8511264,0.3668366,38.16769,353.351,22.94593,0.9722741,0.9603585,0.220446,0.9344627,-0.5368912,-1.968808,Nothing
131.3017,24,2,3,0,0.8499678,0.8508524,0.3666258,37.87302,352.9987,22.59639,0.9729766,0.9609221,0.2201578,0.9364499,-0.5175539,-1.980843,Nothing
131.3097,24,2,3,0,0.8503581,0.8506356,0.3664475,37.58664,352.5461,22.16733,0.9734765,0.9613357,0.2197405,0.93218,-0.4982109,-1.993979,Nothing
131.3242,24,2,3,0,0.8513841,0.84969,0.3660148,36.84377,351.5462,21.16934,0.9748322,0.9624021,0.2191664,0.9276079,-0.4443447,-2.023559,Nothing
131.3313,24,2,3,0,0.8520079,0.8493731,0.3654989,36.39816,351.1099,20.6737,0.9755249,0.9629457,0.2186987,0.9267395,-0.4148453,-2.035266,Nothing
131.3392,24,2,3,0,0.8522619,0.8493029,0.3649564,35.98772,350.7555,20.22538,0.9760465,0.9633815,0.2183159,0.92845,-0.3902093,-2.042784,Nothing
131.3473,24,2,3,0,0.8530488,0.8491848,0.3640193,35.47429,350.4278,19.75911,0.9764504,0.9640216,0.2178894,0.9280597,-0.3551878,-2.047549,Nothing
131.3559,24,2,3,0,0.8536966,0.8490835,0.3633527,35.01499,350.0931,19.33566,0.9768242,0.9643908,0.2175001,0.9255048,-0.3264757,-2.052454,Nothing
131.3637,24,2,3,0,0.8543425,0.8491232,0.3627576,34.56148,349.7731,18.9685,0.9772518,0.9647532,0.2171797,0.9228177,-0.300236,-2.056165,Nothing
131.3727,24,2,3,0,0.8551747,0.8491498,0.3617944,33.87945,349.3304,18.43658,0.9780334,0.9652668,0.2165176,0.9215323,-0.2627106,-2.062195,Nothing
131.3814,24,2,3,0,0.8558606,0.8492804,0.3609419,33.41114,349.1152,18.15099,0.9783919,0.9655423,0.2162243,0.9207941,-0.2368756,-2.060384,Nothing
131.3894,24,2,3,0,0.8563988,0.8494968,0.3600889,32.96268,348.9525,17.8974,0.9786264,0.9656519,0.2157691,0.9201093,-0.2151777,-2.05766,Nothing
131.3982,24,2,3,0,0.8568676,0.849627,0.3594199,32.5476,348.7478,17.636,0.978923,0.9658954,0.2154363,0.9192057,-0.1935212,-2.057365,Nothing
131.4059,24,2,3,0,0.8575726,0.8494769,0.3589309,32.14089,348.4957,17.34515,0.9792899,0.966174,0.2153412,0.9161751,-0.1681307,-2.058525,Nothing
131.4138,24,2,3,0,0.8575481,0.8496162,0.3584323,31.72972,348.2666,17.06551,0.9795711,0.9664256,0.2149834,0.9179139,-0.1490743,-2.060742,Nothing
131.4224,24,2,3,0,0.8581107,0.8495049,0.3578825,31.31856,348.0368,16.78249,0.9798899,0.9665878,0.2149014,0.9159586,-0.1249823,-2.059944,Nothing
131.4305,24,2,3,0,0.8585597,0.8494058,0.3573487,30.92397,347.8137,16.50386,0.9802023,0.966608,0.2146503,0.9138005,-0.104058,-2.059893,Nothing
131.4399,24,2,3,0,0.8592284,0.8493354,0.356451,30.32205,347.5277,16.12291,0.98061,0.9668496,0.2143704,0.9122728,-0.07079676,-2.057782,Nothing
131.4476,24,2,3,0,0.8596761,0.8492417,0.3556921,29.94776,347.4171,15.93071,0.9808275,0.9669506,0.2141961,0.9132171,-0.0497837,-2.053529,Nothing
131.4573,24,2,3,0,0.8600433,0.8492286,0.3550913,29.57781,347.2783,15.73101,0.980967,0.9670414,0.2139129,0.9120219,-0.03070964,-2.05138,Nothing
131.4644,24,2,3,0,0.8605223,0.8492456,0.3543717,29.19295,347.1225,15.52336,0.9811379,0.9671363,0.2138189,0.9106115,-0.00968061,-2.046314,Nothing
131.4745,24,2,3,0,0.860624,0.8495087,0.3537652,28.86417,347.0745,15.45421,0.9813945,0.967113,0.2136018,0.9144186,0.00128715,-2.041089,Nothing
131.4828,24,2,3,0,0.8612089,0.8495351,0.352993,28.31578,346.8977,15.22196,0.9816729,0.9672315,0.2134654,0.9137929,0.0283734,-2.035297,Nothing
131.4909,24,2,3,0,0.8612792,0.8499171,0.3523932,27.9899,346.8553,15.20014,0.9818034,0.967223,0.2133066,0.9167099,0.03802026,-2.0287,Nothing
131.4985,24,2,3,0,0.8614326,0.8502091,0.3517599,27.64516,346.7954,15.13819,0.9819804,0.9672981,0.2133547,0.9201288,0.05147126,-2.020832,Nothing
131.507,24,2,3,0,0.8615128,0.8507246,0.3512135,27.32018,346.7722,15.15882,0.9821568,0.9673074,0.2133195,0.9239092,0.0593769,-2.012789,Nothing
131.5159,24,2,3,0,0.8613077,0.8515275,0.3505728,26.97319,346.7716,15.27421,0.9824136,0.9673306,0.2133486,0.9319526,0.06325005,-2.002374,Nothing
131.524,24,2,3,0,0.8613455,0.8520518,0.3498545,26.62299,346.7454,15.29962,0.9826196,0.967295,0.2133752,0.9372061,0.07186151,-1.992004,Nothing
131.533,24,2,3,0,0.861046,0.852894,0.349198,26.29925,346.7711,15.42363,0.9827165,0.967202,0.2134288,0.9449484,0.073536,-1.980107,Nothing
131.5415,24,2,3,0,0.8609388,0.8538812,0.3481453,25.79784,346.7613,15.52085,0.9830682,0.9670934,0.2136676,0.9553894,0.0818305,-1.961903,Nothing
131.5484,24,2,3,0,0.8608631,0.8541842,0.3478425,25.63713,346.7535,15.54926,0.9832241,0.9670355,0.2138196,0.9594907,0.08422283,-1.95589,Nothing
131.557,24,2,3,0,0.8606938,0.8549799,0.3470109,25.13196,346.6765,15.58819,0.9835413,0.9671042,0.213939,0.9678937,0.09528545,-1.943266,Nothing
131.5657,24,2,3,0,0.8604571,0.8556265,0.3465295,24.80113,346.541,15.59475,0.9839051,0.9671419,0.2140069,0.9729435,0.1003792,-1.936884,Nothing
131.5749,24,2,3,0,0.860266,0.8560736,0.3461831,24.46099,346.4009,15.58786,0.9842792,0.9672294,0.2139079,0.9771745,0.107292,-1.934228,Nothing
131.5814,24,2,3,0,0.8600838,0.8565586,0.3457354,24.12042,346.2657,15.58869,0.9846898,0.9673581,0.213928,0.9825809,0.114702,-1.929572,Nothing
131.5896,24,2,3,0,0.8598475,0.8570588,0.3453581,23.82223,346.1591,15.61024,0.9852545,0.9673007,0.2138941,0.9894601,0.1173335,-1.925533,Nothing
131.5974,24,2,3,0,0.8596245,0.8575737,0.3449867,23.57578,346.0943,15.65335,0.985688,0.9674126,0.213883,0.9962226,0.1197839,-1.921398,Nothing
131.6073,24,2,3,0,0.8595226,0.8580902,0.3447064,23.36091,346.0258,15.69562,0.9863953,0.9678102,0.2138117,1.004207,0.1227306,-1.920408,Nothing
131.6142,24,2,3,0,0.8588725,0.8590426,0.3443563,23.26642,346.1127,15.91537,0.9869871,0.9680032,0.2137976,1.018735,0.1114594,-1.915137,Nothing
131.6234,24,2,3,0,0.8585387,0.8600718,0.3438242,22.9779,346.1279,16.10125,0.9878874,0.9683048,0.2138468,1.033712,0.1080692,-1.907515,Nothing
131.6316,24,2,3,0,0.8580338,0.8610018,0.3434001,22.9272,346.2546,16.35013,0.98841,0.9684381,0.2137409,1.046759,0.09497883,-1.901428,Nothing
131.6399,24,2,3,0,0.8576257,0.8618656,0.3430835,22.99254,346.4194,16.61725,0.9891152,0.9686891,0.213819,1.06127,0.07928234,-1.895682,Nothing
131.6482,24,2,3,0,0.8568597,0.8627989,0.3431344,23.26258,346.6587,16.97477,0.9898582,0.968897,0.2137291,1.07744,0.05109106,-1.895245,Nothing
131.6564,24,2,3,0,0.8560054,0.8639728,0.3432027,23.72248,347.0348,17.45447,0.9905859,0.9691663,0.2136467,1.095577,0.01233852,-1.892942,Nothing
131.6646,24,2,3,0,0.8549245,0.8655269,0.3435157,24.61053,347.7589,18.23763,0.9913382,0.9695043,0.2136505,1.119534,-0.05058134,-1.887149,Nothing
131.6728,24,2,3,0,0.853538,0.8672457,0.3437582,25.48792,348.5446,19.05069,0.9921323,0.9697437,0.2134975,1.1461,-0.1179522,-1.879127,Nothing
131.6821,24,2,3,0,0.8521,0.8692378,0.3442435,26.80794,349.7704,20.23788,0.9932408,0.9701857,0.2133899,1.1802,-0.2098598,-1.865234,Nothing
131.6902,24,2,3,0,0.850842,0.8708493,0.3448684,28.12302,350.9776,21.33285,0.9940478,0.9704236,0.2132536,1.207126,-0.2966227,-1.850435,Nothing
131.6985,24,2,3,0,0.8497332,0.8720824,0.3456174,29.72852,352.5405,22.5715,0.9948365,0.9708018,0.2130038,1.236953,-0.3906607,-1.831213,Nothing
131.7077,24,2,3,0,0.8483392,0.8740286,0.3458978,30.95815,353.9464,23.83541,0.995557,0.9710067,0.2128669,1.264598,-0.479217,-1.802097,Nothing
131.7159,24,2,3,0,0.8464982,0.8761373,0.346533,32.16775,355.5032,25.37689,0.9962288,0.9712651,0.2127437,1.293476,-0.5766841,-1.769886,Nothing
131.7239,24,2,3,0,0.8436612,0.879061,0.3475124,33.17244,357.073,27.32849,0.9967368,0.9715911,0.2126316,1.320636,-0.6885704,-1.733533,Nothing
131.7327,24,2,3,0,0.8390796,0.8828091,0.3494474,34.6291,359.3321,30.11277,0.9975942,0.9718633,0.2124959,1.356094,-0.8524421,-1.681361,Nothing
131.7413,24,2,3,0,0.8357955,0.8849174,0.3507349,35.61084,0.8767165,32.12227,0.9979689,0.9720712,0.2123441,1.374455,-0.9625857,-1.644822,Nothing
131.7494,24,2,3,0,0.8332519,0.8874983,0.3519704,36.69728,2.621798,34.23648,0.9981062,0.9723673,0.2122434,1.380535,-1.073473,-1.597476,Nothing
131.7588,24,2,3,0,0.8306198,0.889308,0.3534638,37.69096,4.380956,36.27144,0.9982862,0.9724577,0.2121911,1.388379,-1.176892,-1.5524,Nothing
131.7667,24,2,3,0,0.8282984,0.8904363,0.3547727,38.84595,6.470007,38.39476,0.9983039,0.9725994,0.2124415,1.398437,-1.273471,-1.497242,Nothing
131.7769,24,2,3,0,0.8251703,0.8925751,0.3567877,40.62964,10.55004,42.01013,0.9984416,0.9727976,0.2124187,1.417341,-1.42598,-1.386182,Nothing
131.7837,24,2,3,0,0.823897,0.8935212,0.3578868,41.77523,13.66614,44.63154,0.9984077,0.972845,0.2125622,1.42696,-1.515535,-1.299795,Nothing
131.7925,24,2,3,0,0.8232883,0.8949703,0.3583631,42.91801,17.33325,47.52877,0.9983733,0.9728341,0.2125944,1.43382,-1.599732,-1.190801,Nothing
131.8011,24,2,3,0,0.8225743,0.8958882,0.3597972,43.72073,20.44861,50.20707,0.9982548,0.9729349,0.2125718,1.432284,-1.675496,-1.107817,Nothing
131.809,24,2,3,0,0.8214697,0.8968352,0.3606915,44.31031,23.46805,52.88092,0.9978754,0.9729266,0.2127142,1.429827,-1.74212,-1.020314,Nothing
131.8177,24,2,3,0,0.8200341,0.8976507,0.3621027,44.65334,26.11908,55.42546,0.9974616,0.9729238,0.2128263,1.422403,-1.807776,-0.9455548,Nothing
131.8259,24,2,3,0,0.8182326,0.8994238,0.3630895,44.89772,30.05968,59.18893,0.9968225,0.972917,0.2130752,1.406765,-1.889644,-0.8210461,Nothing
131.8345,24,2,3,0,0.8165911,0.9006713,0.3637296,44.82504,32.2271,61.43944,0.996183,0.9728763,0.2132748,1.392211,-1.938772,-0.7472348,Nothing
131.8427,24,2,3,0,0.8148112,0.9015375,0.3642198,44.8034,34.47858,63.72718,0.9952867,0.9727634,0.2137007,1.377675,-1.981969,-0.6706526,Nothing
131.8515,24,2,3,0,0.8135641,0.9030526,0.3649088,44.80498,36.97265,66.17411,0.994385,0.9727082,0.2141196,1.353255,-2.024894,-0.5855807,Nothing
131.8604,24,2,3,0,0.8122431,0.903259,0.365542,44.82138,39.51629,68.61966,0.9934511,0.9725641,0.2146915,1.336722,-2.059813,-0.5061384,Nothing
131.8761,24,2,3,0,0.8106242,0.9038666,0.367458,44.62817,44.68121,73.45107,0.9914263,0.9723422,0.2155159,1.291793,-2.121403,-0.3520953,Nothing
131.8849,24,2,3,0,0.8109631,0.903592,0.3685733,44.4366,48.653,76.84422,0.9895244,0.9721364,0.2163782,1.258439,-2.138759,-0.2455005,Nothing
131.8924,24,2,3,0,0.8114433,0.903581,0.3689838,44.19034,51.3285,79.02845,0.9881713,0.9719663,0.2168892,1.235856,-2.141962,-0.1721773,Nothing
131.9012,24,2,3,0,0.8117754,0.9035587,0.369875,43.81208,53.92243,81.21969,0.9868056,0.971603,0.2174887,1.208409,-2.148726,-0.09978128,Nothing
131.9091,24,2,3,0,0.811774,0.9042835,0.3697276,43.15867,56.33772,83.19515,0.9853145,0.9714407,0.218086,1.183528,-2.143836,-0.01925207,Nothing
131.918,24,2,3,0,0.8110886,0.9048563,0.370267,42.40486,58.56183,85.21729,0.9839026,0.9710729,0.2187306,1.15271,-2.149945,0.05976089,Nothing
131.9258,24,2,3,0,0.8101961,0.9054605,0.3707534,41.59259,60.64534,87.19108,0.9824989,0.9708291,0.2194186,1.120354,-2.155054,0.1371167,Nothing
131.9345,24,2,3,0,0.8091151,0.905663,0.3717295,40.87535,62.63441,89.14115,0.9808691,0.9706014,0.2200384,1.086323,-2.163743,0.2052183,Nothing
131.9433,24,2,3,0,0.8085495,0.9053911,0.3727274,40.24067,64.53861,91.04722,0.9794635,0.9703787,0.2207587,1.053053,-2.16899,0.2646527,Nothing
131.9512,24,2,3,0,0.8084862,0.9048927,0.373888,39.2535,67.31538,93.73747,0.9773959,0.9704381,0.2215123,1.005217,-2.168963,0.3437917,Nothing
131.9591,24,2,3,0,0.8082845,0.9041899,0.3746862,38.60474,69.07775,95.48745,0.9759913,0.9702095,0.2220636,0.9736503,-2.168391,0.3941247,Nothing
131.9676,24,2,3,0,0.8081794,0.9037787,0.3752789,37.88588,70.79974,97.09035,0.9745547,0.9702739,0.2223966,0.944825,-2.164307,0.443674,Nothing
131.9761,24,2,3,0,0.8082895,0.9034815,0.3756778,37.10765,72.44167,98.59265,0.9729836,0.9703613,0.2226413,0.9145363,-2.156235,0.4902662,Nothing
131.9845,24,2,3,0,0.8085397,0.9035923,0.3757893,36.2219,74.08608,99.98331,0.9713963,0.970457,0.2228644,0.8837982,-2.141525,0.5407845,Nothing
131.9936,24,2,3,0,0.8087573,0.9035144,0.3758436,35.25911,75.77346,101.373,0.969795,0.9704118,0.2231292,0.8534874,-2.123949,0.5937372,Nothing
132.0009,24,2,3,0,0.8090789,0.9035991,0.3761402,34.20737,77.49194,102.7358,0.9682708,0.9704612,0.2234712,0.8219399,-2.105271,0.648782,Nothing
132.0101,24,2,3,0,0.8100935,0.9031205,0.376042,32.54367,80.02076,104.652,0.9660441,0.9708068,0.2238951,0.7822589,-2.069577,0.7226738,Nothing
132.018,24,2,3,0,0.8106216,0.9032719,0.3760042,31.29807,81.78498,105.8922,0.9645108,0.9708889,0.2242027,0.7515563,-2.0409,0.780289,Nothing
132.0263,24,2,3,0,0.8110601,0.9031924,0.3759229,29.95486,83.56634,107.1205,0.9628962,0.9710125,0.2247413,0.7226821,-2.007912,0.8384304,Nothing
132.0341,24,2,3,0,0.8114634,0.9030204,0.375879,28.55655,85.29436,108.2975,0.961311,0.9710758,0.2251807,0.6928214,-1.975002,0.895555,Nothing
132.0429,24,2,3,0,0.8121003,0.9025173,0.3759444,27.15118,86.94303,109.4153,0.9596633,0.9710763,0.2255715,0.6628368,-1.943011,0.9456502,Nothing
132.0511,24,2,3,0,0.8123981,0.9022305,0.375969,25.63699,88.56161,110.4715,0.9579918,0.9711128,0.2259643,0.6317527,-1.908616,1.000001,Nothing
132.0595,24,2,3,0,0.8126742,0.9020723,0.3757585,24.10017,90.12124,111.4109,0.9562483,0.9711389,0.22642,0.6018067,-1.869114,1.052273,Nothing
132.0675,24,2,3,0,0.813221,0.9014645,0.3758895,22.54443,91.66456,112.3194,0.9544356,0.9711567,0.2268429,0.5725517,-1.832815,1.098201,Nothing
132.0759,24,2,3,0,0.8140857,0.9008642,0.3756634,20.27582,93.78716,113.4771,0.9518461,0.9711373,0.2273983,0.5300315,-1.774498,1.160723,Nothing
132.0848,24,2,3,0,0.8146322,0.9007744,0.3749809,18.86124,95.05399,114.0026,0.9497994,0.9711645,0.2276388,0.5058874,-1.731339,1.193002,Nothing
132.0946,24,2,3,0,0.815421,0.9008214,0.3743195,17.48654,96.29462,114.4674,0.9478482,0.9712088,0.2279222,0.4819427,-1.687553,1.221217,Nothing
132.1149,24,2,3,0,0.8167384,0.9006446,0.3723372,13.84561,99.20966,115.3748,0.9428098,0.9713786,0.2282614,0.4248789,-1.579509,1.288416,Nothing
132.127,24,2,3,0,0.8174173,0.9003419,0.3713709,10.85569,101.3429,116.0314,0.9386934,0.97167,0.2284196,0.3752573,-1.503784,1.33602,Nothing
132.1426,24,2,3,0,0.8177565,0.8989021,0.3710473,7.8634,103.1631,116.6999,0.9351575,0.9722276,0.2284029,0.3309209,-1.447263,1.381208,Nothing
132.1514,24,2,3,0,0.8181692,0.8980042,0.370955,6.550477,104.0331,117.0144,0.9332583,0.9723831,0.2284998,0.3120867,-1.422153,1.395185,Nothing
132.1599,24,2,3,0,0.8190026,0.8973169,0.3704184,5.399873,104.9289,117.2843,0.9315509,0.9725078,0.2285964,0.2974204,-1.3936,1.403419,Nothing
132.168,24,2,3,0,0.8204776,0.8963342,0.3699793,4.448654,105.8118,117.5365,0.9298325,0.972443,0.2287548,0.2869065,-1.370105,1.401343,Nothing
132.1759,24,2,3,0,0.8222814,0.8957005,0.368736,3.787367,106.6199,117.5944,0.9280455,0.9724729,0.2287161,0.285974,-1.345717,1.3876,Nothing
132.1843,24,2,3,0,0.8235239,0.8949203,0.3679612,3.050073,107.3803,117.6326,0.9261519,0.9724551,0.2287772,0.2834362,-1.324936,1.379242,Nothing
132.1925,24,2,3,0,0.8251289,0.8946584,0.3666807,2.456715,108.0985,117.5676,0.9242288,0.9724149,0.2287584,0.2820641,-1.301705,1.362803,Nothing
132.2009,24,2,3,0,0.8275886,0.8939821,0.3649594,1.590525,109.1393,117.5155,0.9213149,0.9723167,0.2287486,0.2802806,-1.272746,1.336227,Nothing
132.2093,24,2,3,0,0.8293322,0.8939515,0.3632235,1.20381,109.6625,117.3791,0.9193782,0.9721652,0.2287018,0.2809695,-1.252793,1.309791,Nothing
132.2175,24,2,3,0,0.8310158,0.8936496,0.3619093,0.8431968,110.2634,117.2628,0.9174372,0.9719376,0.2286644,0.282594,-1.236693,1.285991,Nothing
132.2258,24,2,3,0,0.8326016,0.8932651,0.3606023,0.5007463,110.8353,117.168,0.9154611,0.9717239,0.2286814,0.2849123,-1.222087,1.261691,Nothing
132.2344,24,2,3,0,0.8341123,0.8925058,0.3595588,0.08752379,111.4129,117.0769,0.9136659,0.9712936,0.2288097,0.2869907,-1.208612,1.241327,Nothing
132.243,24,2,3,0,0.8351895,0.891885,0.3586289,359.6903,111.9028,117.0363,0.9119059,0.9708104,0.2290516,0.2865081,-1.195426,1.223616,Nothing
132.2507,24,2,3,0,0.836745,0.8907958,0.3575954,359.2584,112.4354,116.93,0.910135,0.9703,0.2294787,0.291596,-1.182673,1.20126,Nothing
132.2601,24,2,3,0,0.8379612,0.8897922,0.3563491,358.5427,113.141,116.8325,0.9076794,0.9693406,0.2301278,0.2892959,-1.160053,1.180349,Nothing
132.2676,24,2,3,0,0.8392387,0.8890055,0.3552776,358.101,113.6154,116.7581,0.90596,0.9688002,0.2304661,0.2904361,-1.147659,1.160113,Nothing
132.2758,24,2,3,0,0.8401278,0.8885357,0.3545296,357.6924,114.0723,116.686,0.9045967,0.9679956,0.230772,0.2863495,-1.133862,1.147225,Nothing
132.2841,24,2,3,0,0.8411509,0.8877838,0.353774,357.3453,114.5239,116.647,0.9030816,0.9674248,0.2309511,0.2864248,-1.12577,1.131365,Nothing
132.2926,24,2,3,0,0.8415692,0.8872287,0.3529204,357.083,114.9199,116.6076,0.901762,0.9667513,0.230997,0.2858963,-1.11548,1.120887,Nothing
132.3009,24,2,3,0,0.8424607,0.8864676,0.3521676,356.8355,115.2859,116.5781,0.9004614,0.9661401,0.2310291,0.2864553,-1.110171,1.10614,Nothing
132.3091,24,2,3,0,0.8420029,0.8864452,0.3515349,356.6358,115.5261,116.4686,0.8995318,0.9655765,0.2308887,0.2834234,-1.099322,1.105547,Nothing
132.318,24,2,3,0,0.8426479,0.886027,0.350442,356.4499,115.8863,116.3553,0.8984005,0.9649125,0.2309402,0.2851449,-1.088186,1.091803,Nothing
132.3257,24,2,3,0,0.8435073,0.8856758,0.3486847,356.164,116.4352,116.0617,0.8966262,0.9639079,0.2311636,0.2884443,-1.067598,1.070109,Nothing
132.334,24,2,3,0,0.8440533,0.8858057,0.3473382,355.937,116.8369,115.7887,0.8955867,0.9631394,0.2312493,0.2880562,-1.049241,1.057155,Nothing
132.3435,24,2,3,0,0.8445083,0.8857781,0.3460217,355.7173,117.2363,115.5228,0.8946605,0.9623113,0.2314368,0.2889688,-1.030256,1.045459,Nothing
132.3509,24,2,3,0,0.8446352,0.88614,0.344393,355.4675,117.6643,115.1102,0.8935601,0.9614276,0.2317839,0.2900685,-1.003705,1.0331,Nothing
132.3595,24,2,3,0,0.8443416,0.8869587,0.3426057,355.1324,118.15,114.5629,0.8926669,0.9605094,0.2320177,0.2885415,-0.9698748,1.027142,Nothing
132.3676,24,2,3,0,0.8451315,0.8873531,0.3405989,354.8121,118.6491,114.0749,0.891669,0.9595799,0.2322452,0.2889766,-0.9423029,1.009376,Nothing
132.3758,24,2,3,0,0.8450284,0.8878307,0.3389529,354.4625,119.1838,113.557,0.8909576,0.9585055,0.2324559,0.2870114,-0.9106734,1.004054,Nothing
132.3845,24,2,3,0,0.8448601,0.8885288,0.3365099,353.931,119.9893,112.8439,0.8895714,0.957062,0.2327232,0.2831487,-0.8669921,0.9930475,Nothing
132.3926,24,2,3,0,0.8452359,0.8887627,0.3347355,353.61,120.5373,112.3918,0.88871,0.955994,0.2327217,0.280885,-0.8414759,0.9814727,Nothing
132.4008,24,2,3,0,0.8453056,0.8891475,0.3331476,353.3142,121.0079,111.9961,0.8879373,0.9549221,0.2328184,0.2761274,-0.8160452,0.9720593,Nothing
132.4097,24,2,3,0,0.8454208,0.8892443,0.331853,353.0276,121.5138,111.6742,0.8870988,0.953892,0.2328165,0.2718633,-0.7957603,0.9640756,Nothing
132.4175,24,2,3,0,0.8456073,0.8892204,0.3306973,352.7775,121.9873,111.3856,0.8862615,0.9527097,0.232726,0.2661601,-0.7786961,0.9556763,Nothing
132.4264,24,2,3,0,0.8457998,0.8891085,0.3296043,352.5474,122.4109,111.1538,0.8853706,0.9516478,0.2327283,0.2616775,-0.7638934,0.9459366,Nothing
132.4344,24,2,3,0,0.8456076,0.8890292,0.3284825,352.3346,122.7632,110.9119,0.8845819,0.9505587,0.2325949,0.2566909,-0.7483513,0.9397547,Nothing
132.4431,24,2,3,0,0.8459062,0.8889346,0.3267838,352.0257,123.4025,110.551,0.8833776,0.9488521,0.2325142,0.2486394,-0.7258994,0.9251774,Nothing
132.451,24,2,3,0,0.8462564,0.8889343,0.3255576,351.8791,123.8427,110.3139,0.8824745,0.9477057,0.232483,0.2435843,-0.711707,0.9120165,Nothing
132.4594,24,2,3,0,0.8464271,0.8892624,0.3242355,351.7346,124.2898,110.0304,0.881642,0.9464567,0.2323418,0.2351029,-0.6947007,0.900291,Nothing
132.4676,24,2,3,0,0.846855,0.8894151,0.3227056,351.5933,124.6774,109.6948,0.8806403,0.9452376,0.232181,0.2292155,-0.6804215,0.8834569,Nothing
132.4767,24,2,3,0,0.84654,0.8892652,0.3219432,351.4229,125.0322,109.387,0.8797066,0.9437696,0.2317929,0.2198935,-0.6698192,0.8789286,Nothing
132.4843,24,2,3,0,0.8464488,0.8894851,0.3206474,351.2332,125.4471,109.0463,0.8786645,0.9423065,0.2314108,0.2089657,-0.6550909,0.8685548,Nothing
132.494,24,2,3,0,0.8459304,0.8899919,0.3191735,351.0116,125.8338,108.6424,0.8775212,0.9407202,0.2309677,0.1947893,-0.6365223,0.8592726,Nothing
132.5011,24,2,3,0,0.8454167,0.8904228,0.3177315,350.7516,126.2722,108.2087,0.8762556,0.9390616,0.2303855,0.1796986,-0.61945,0.8504348,Nothing
132.5097,24,2,3,0,0.8447992,0.8910863,0.3153439,350.3802,126.9785,107.5171,0.8744895,0.9366487,0.2296226,0.1592071,-0.5917829,0.8348838,Nothing
132.5177,24,2,3,0,0.8443947,0.8921183,0.3134653,350.1262,127.5066,107.0046,0.87273,0.9345689,0.2284169,0.1339577,-0.5766789,0.8206306,Nothing
132.5261,24,2,3,0,0.8438526,0.8930513,0.3113709,349.8813,128.1203,106.3976,0.8712465,0.9327098,0.2275299,0.1147893,-0.5553795,0.8073228,Nothing
132.5344,24,2,3,0,0.8432322,0.8937683,0.3094108,349.6358,128.6555,105.8726,0.8692498,0.930521,0.2258272,0.08995184,-0.5454984,0.7952926,Nothing
132.5431,24,2,3,0,0.8427055,0.894531,0.3073812,349.4021,129.2305,105.3025,0.8673027,0.9283804,0.2243117,0.0664788,-0.5342353,0.7814018,Nothing
132.553,24,2,3,0,0.8421761,0.8958594,0.3040013,349.1551,130.1575,104.4425,0.864181,0.9253116,0.2218921,0.03252095,-0.5199789,0.7555977,Nothing
132.5677,24,2,3,0,0.8423157,0.8970357,0.3003936,349.0215,131.1685,103.6037,0.8606195,0.9218626,0.2185133,-0.005119869,-0.5192598,0.726046,Nothing
132.5765,24,2,3,0,0.8423407,0.8980584,0.2972288,348.8922,132.0448,102.8704,0.8573847,0.9184031,0.2154934,-0.04277939,-0.5199866,0.6998065,Nothing
132.5851,24,2,3,0,0.842221,0.8986817,0.2952306,348.7878,132.5935,102.4001,0.8550875,0.9160884,0.213245,-0.06886961,-0.5243464,0.6845862,Nothing
132.5928,24,2,3,0,0.8423328,0.8986982,0.2940056,348.6664,132.9601,102.1454,0.8529053,0.9136832,0.2108381,-0.09488868,-0.5395381,0.6743805,Nothing
132.6013,24,2,3,0,0.8423756,0.8988349,0.292735,348.5417,133.3378,101.8879,0.8507493,0.9114566,0.2084949,-0.119926,-0.5536039,0.6645281,Nothing
132.6093,24,2,3,0,0.842472,0.8988547,0.2915209,348.4171,133.6986,101.6519,0.8486723,0.9092574,0.2064163,-0.1430751,-0.566797,0.6537205,Nothing
132.6177,24,2,3,0,0.8425136,0.8988279,0.2904746,348.2859,134.0558,101.4199,0.8466734,0.906884,0.2043563,-0.1679365,-0.580118,0.6447458,Nothing
132.6261,24,2,3,0,0.8426026,0.8987705,0.2892967,348.1619,134.4104,101.1805,0.8447245,0.9048075,0.202475,-0.1884705,-0.5922745,0.6344239,Nothing
132.6343,24,2,3,0,0.8426187,0.8988157,0.2881024,348.0391,134.7944,100.912,0.8431587,0.9029118,0.200841,-0.2071459,-0.5994864,0.6260912,Nothing
132.6438,24,2,3,0,0.8426018,0.898644,0.2864757,347.837,135.3279,100.5502,0.8409116,0.9002171,0.1983944,-0.2323457,-0.6118185,0.6162127,Nothing
132.6595,24,2,3,0,0.8425908,0.8981179,0.2842721,347.6175,136.0097,100.0773,0.8381311,0.8971035,0.1953359,-0.2570923,-0.6275944,0.6045061,Nothing
132.6682,24,2,3,0,0.8426254,0.8980265,0.2830387,347.5329,136.3641,99.82473,0.8370057,0.8958341,0.194022,-0.2669229,-0.6318941,0.598298,Nothing
132.6759,24,2,3,0,0.8428686,0.8979049,0.2817325,347.5121,136.7107,99.62408,0.8358751,0.8949,0.1929722,-0.2720855,-0.6363003,0.5891429,Nothing
132.6846,24,2,3,0,0.8433085,0.8977709,0.2803336,347.5491,137.0748,99.42651,0.8348473,0.8940663,0.1919264,-0.2753235,-0.6410161,0.579338,Nothing
132.6929,24,2,3,0,0.8443627,0.897866,0.277914,347.7254,137.6568,99.16549,0.8333191,0.893228,0.1906932,-0.2764868,-0.6468444,0.5584358,Nothing
132.7011,24,2,3,0,0.8450205,0.8977069,0.2765568,347.8002,138.0037,99.02438,0.8325246,0.8928639,0.1899158,-0.2746165,-0.6511296,0.548259,Nothing
132.7096,24,2,3,0,0.8455195,0.8974836,0.2753808,347.799,138.2784,98.90395,0.8320215,0.8920686,0.1889877,-0.2782601,-0.6541574,0.5417367,Nothing
132.718,24,2,3,0,0.8459368,0.8971533,0.2744556,347.7796,138.5355,98.81518,0.8314285,0.8925368,0.1885344,-0.2683279,-0.6579832,0.5362225,Nothing
132.7279,24,2,3,0,0.8464406,0.896763,0.2735518,347.767,138.7917,98.75698,0.8308504,0.8925717,0.1880479,-0.2624944,-0.6620805,0.5298853,Nothing
132.7346,24,2,3,0,0.8466498,0.8963421,0.2727808,347.6566,139.0444,98.68597,0.8303594,0.8930082,0.1877004,-0.2532218,-0.663822,0.5266725,Nothing
132.7429,24,2,3,0,0.8469459,0.8959799,0.2719927,347.5752,139.3425,98.596,0.829931,0.8933566,0.1873553,-0.2449023,-0.6651248,0.5234889,Nothing
132.751,24,2,3,0,0.8472444,0.8955259,0.2713515,347.4726,139.6327,98.5059,0.8294183,0.8938386,0.1868652,-0.2352922,-0.6693717,0.5223515,Nothing
132.7593,24,2,3,0,0.8475784,0.8951427,0.2700517,347.3764,140.052,98.32389,0.8288587,0.8947458,0.1864846,-0.219169,-0.6691365,0.5172354,Nothing
132.7676,24,2,3,0,0.847874,0.8949072,0.2692907,347.3349,140.2973,98.23766,0.8288396,0.8954026,0.1861334,-0.208887,-0.668303,0.5168998,Nothing
132.776,24,2,3,0,0.8480428,0.8947405,0.2684006,347.3017,140.5137,98.10921,0.8284478,0.8963734,0.1859537,-0.1947258,-0.6683555,0.5129264,Nothing
132.7848,24,2,3,0,0.8484029,0.8946095,0.2674372,347.3256,140.7118,98.01215,0.8284495,0.8973156,0.1857737,-0.1809101,-0.6663896,0.5093967,Nothing
132.7933,24,2,3,0,0.8491138,0.8942968,0.2664873,347.4163,140.8899,97.98904,0.8285403,0.8987962,0.1856031,-0.1601899,-0.6676024,0.5056787,Nothing
132.8015,24,2,3,0,0.8499025,0.8941576,0.265458,347.5196,141.1116,97.96655,0.8284273,0.8997645,0.1855136,-0.1457177,-0.6688166,0.4978923,Nothing
132.8101,24,2,3,0,0.8507261,0.8940774,0.2643742,347.6347,141.3101,98.0015,0.8280464,0.9006783,0.1857717,-0.1318346,-0.6700369,0.4845305,Nothing
132.8181,24,2,3,0,0.8517761,0.8938249,0.2630447,347.7509,141.5674,98.00921,0.8279502,0.9022366,0.1859334,-0.1093429,-0.6707082,0.4727645,Nothing
132.8262,24,2,3,0,0.8523735,0.893563,0.2624468,347.7596,141.6739,98.03191,0.8278928,0.9033322,0.1863247,-0.09360533,-0.6710199,0.465151,Nothing
132.8341,24,2,3,0,0.8527685,0.8934389,0.2619025,347.7553,141.8001,98.02772,0.8278171,0.9043738,0.1866972,-0.07980894,-0.6699241,0.459045,Nothing
132.843,24,2,3,0,0.8530432,0.8932925,0.2614711,347.7115,141.9321,98.02043,0.8280804,0.9051342,0.1871328,-0.06907331,-0.664981,0.4556681,Nothing
132.8509,24,2,3,0,0.853388,0.893009,0.2611201,347.6755,142.1262,98.00297,0.8279858,0.9060837,0.1874963,-0.05532694,-0.6644499,0.4522683,Nothing
132.8606,24,2,3,0,0.8534106,0.8930699,0.260644,347.5893,142.3881,97.8854,0.82798,0.9068522,0.1879527,-0.04561897,-0.6580799,0.44931,Nothing
132.8681,24,2,3,0,0.8535263,0.8931176,0.2600236,347.5422,142.5663,97.79879,0.8279637,0.9075285,0.188466,-0.03609509,-0.6519502,0.4429595,Nothing
132.8775,24,2,3,0,0.8530881,0.8934302,0.2592762,347.4167,142.8499,97.53075,0.8278961,0.9085624,0.189202,-0.02360363,-0.6389916,0.4382728,Nothing
132.8932,24,2,3,0,0.8528043,0.8942221,0.2578586,347.3468,143.2358,97.15862,0.827426,0.9090132,0.1906006,-0.01672915,-0.6208467,0.4181906,Nothing
132.9013,24,2,3,0,0.8527043,0.8946663,0.2571972,347.3742,143.4206,96.9876,0.8272763,0.9091443,0.1913285,-0.01453597,-0.6115499,0.4080056,Nothing
132.9096,24,2,3,0,0.8525576,0.894935,0.2565832,347.4021,143.5842,96.85369,0.8267872,0.9091247,0.1919851,-0.01271158,-0.6056018,0.3968258,Nothing
132.9175,24,2,3,0,0.8522955,0.8954479,0.2561442,347.4512,143.6664,96.7041,0.8264726,0.9090973,0.1926257,-0.01356578,-0.5986685,0.3874498,Nothing
132.9263,24,2,3,0,0.8519712,0.8959857,0.2557096,347.4594,143.7466,96.56686,0.825756,0.909355,0.1932322,-0.01226145,-0.5950947,0.3769638,Nothing
132.9345,24,2,3,0,0.8515934,0.8964235,0.2554254,347.4895,143.7807,96.43701,0.8254921,0.9091778,0.1939383,-0.01447409,-0.5875542,0.368634,Nothing
132.9432,24,2,3,0,0.8511647,0.8970186,0.2548376,347.5178,143.9113,96.23173,0.8248593,0.9091932,0.1946354,-0.01493395,-0.5804473,0.3570924,Nothing
132.9516,24,2,3,0,0.8507856,0.8971748,0.2546946,347.5111,143.9718,96.09629,0.8246812,0.9089463,0.1952084,-0.01604461,-0.573867,0.3522147,Nothing
132.961,24,2,3,0,0.8500496,0.8974832,0.254611,347.4405,144.0214,95.93059,0.8246196,0.9085654,0.195687,-0.02066981,-0.5639825,0.350638,Nothing
132.9776,24,2,3,0,0.8484183,0.8982198,0.2543142,347.2865,144.1834,95.57254,0.8243353,0.9080585,0.1968611,-0.02781731,-0.5420886,0.3454742,Nothing
132.9929,24,2,3,0,0.8471133,0.898672,0.2537272,347.1813,144.3294,95.21159,0.8238887,0.9072791,0.1979648,-0.03393443,-0.5232905,0.3353928,Nothing
133.0005,24,2,3,0,0.8465282,0.8989851,0.253372,347.155,144.3897,95.04298,0.8236332,0.9069946,0.1984726,-0.03671867,-0.5147724,0.3295127,Nothing
133.009,24,2,3,0,0.8461099,0.8993123,0.2528439,347.1521,144.4506,94.89651,0.8233339,0.9067119,0.1990283,-0.03908623,-0.5067657,0.3205813,SelectionStart
133.009,24,2,3,0,0.8461099,0.8993123,0.2528439,347.1521,144.4506,94.89651,0.8233339,0.9067119,0.1990283,-0.03908623,-0.5067657,0.3205813,SelectionEnd
133.0124,24,2,3,0,0.8461099,0.8993123,0.2528439,347.1521,144.4506,94.89651,0.8233339,0.9067119,0.1990283,-0.03908623,-0.5067657,0.3205813,GotSelection
133.0611,24,2,3,0,0.8458539,0.9006838,0.2496327,347.4898,144.9868,94.42937,0.821129,0.906121,0.2012337,-0.03992431,-0.4882671,0.2655232,SelectionStart
133.0612,24,2,3,0,0.8458539,0.9006838,0.2496327,347.4898,144.9868,94.42937,0.821129,0.906121,0.2012337,-0.03992431,-0.4882671,0.2655232,SelectionEnd
133.0644,24,2,3,0,0.8458539,0.9006838,0.2496327,347.4898,144.9868,94.42937,0.821129,0.906121,0.2012337,-0.03992431,-0.4882671,0.2655232,GotSelection
133.0762,24,2,3,0,0.8463228,0.9007671,0.2492283,347.587,145.0567,94.44336,0.8207963,0.9067072,0.2015053,-0.03270003,-0.4912717,0.2571163,SelectionStart
133.0762,24,2,3,0,0.8463228,0.9007671,0.2492283,347.587,145.0567,94.44336,0.8207963,0.9067072,0.2015053,-0.03270003,-0.4912717,0.2571163,SelectionEnd
133.0796,24,2,3,0,0.8463228,0.9007671,0.2492283,347.587,145.0567,94.44336,0.8207963,0.9067072,0.2015053,-0.03270003,-0.4912717,0.2571163,GotSelection
133.0885,24,2,3,0,0.8467554,0.9005371,0.2489217,347.6409,145.115,94.44866,0.8208475,0.9079773,0.2015804,-0.01660571,-0.4932366,0.2555828,SelectionStart
133.0886,24,2,3,0,0.8467554,0.9005371,0.2489217,347.6409,145.115,94.44866,0.8208475,0.9079773,0.2015804,-0.01660571,-0.4932366,0.2555828,SelectionEnd
133.092,24,2,3,0,0.8467554,0.9005371,0.2489217,347.6409,145.115,94.44866,0.8208475,0.9079773,0.2015804,-0.01660571,-0.4932366,0.2555828,GotSelection
133.1041,24,2,3,0,0.846743,0.9003935,0.2490557,347.5763,145.1521,94.44954,0.8203925,0.9085585,0.2016042,-0.009739746,-0.4979732,0.2558905,SelectionStart
133.1042,24,2,3,0,0.846743,0.9003935,0.2490557,347.5763,145.1521,94.44954,0.8203925,0.9085585,0.2016042,-0.009739746,-0.4979732,0.2558905,SelectionEnd
133.1093,24,2,3,0,0.846743,0.9003935,0.2490557,347.5763,145.1521,94.44954,0.8203925,0.9085585,0.2016042,-0.009739746,-0.4979732,0.2558905,GotSelection
133.1213,24,2,3,0,0.8466733,0.9000379,0.2493543,347.4618,145.1975,94.45828,0.8219052,0.9121845,0.2023344,0.02914961,-0.4849989,0.2706154,SelectionStart
133.1213,24,2,3,0,0.8466733,0.9000379,0.2493543,347.4618,145.1975,94.45828,0.8219052,0.9121845,0.2023344,0.02914961,-0.4849989,0.2706154,SelectionEnd
133.1248,24,2,3,0,0.8466733,0.9000379,0.2493543,347.4618,145.1975,94.45828,0.8219052,0.9121845,0.2023344,0.02914961,-0.4849989,0.2706154,GotSelection
133.1345,24,2,3,0,0.8467022,0.9001513,0.2492706,347.458,145.2142,94.48404,0.8231496,0.9149616,0.2036251,0.05771851,-0.4689567,0.2723219,SelectionStart
133.1346,24,2,3,0,0.8467022,0.9001513,0.2492706,347.458,145.2142,94.48404,0.8231496,0.9149616,0.2036251,0.05771851,-0.4689567,0.2723219,SelectionEnd
133.1378,24,2,3,0,0.8467022,0.9001513,0.2492706,347.458,145.2142,94.48404,0.8231496,0.9149616,0.2036251,0.05771851,-0.4689567,0.2723219,GotSelection
133.1474,24,2,3,0,0.846911,0.8999995,0.249152,347.4807,145.2237,94.5272,0.824699,0.9177916,0.2043137,0.08809584,-0.4554123,0.2799658,SelectionStart
133.1474,24,2,3,0,0.846911,0.8999995,0.249152,347.4807,145.2237,94.5272,0.824699,0.9177916,0.2043137,0.08809584,-0.4554123,0.2799658,SelectionEnd
133.1506,24,2,3,0,0.846911,0.8999995,0.249152,347.4807,145.2237,94.5272,0.824699,0.9177916,0.2043137,0.08809584,-0.4554123,0.2799658,GotSelection
133.1598,24,2,3,0,0.8471655,0.9000374,0.2489433,347.5558,145.2486,94.5407,0.8262726,0.9206467,0.2053646,0.1183736,-0.4392981,0.2833674,SelectionStart
133.1598,24,2,3,0,0.8471655,0.9000374,0.2489433,347.5558,145.2486,94.5407,0.8262726,0.9206467,0.2053646,0.1183736,-0.4392981,0.2833674,SelectionEnd
133.163,24,2,3,0,0.8471655,0.9000374,0.2489433,347.5558,145.2486,94.5407,0.8262726,0.9206467,0.2053646,0.1183736,-0.4392981,0.2833674,GotSelection
133.174,24,2,3,0,0.8471249,0.9000862,0.2487938,347.6129,145.2961,94.51469,0.8274565,0.9249132,0.2065991,0.1630927,-0.4241913,0.2884026,SelectionStart
133.174,24,2,3,0,0.8471249,0.9000862,0.2487938,347.6129,145.2961,94.51469,0.8274565,0.9249132,0.2065991,0.1630927,-0.4241913,0.2884026,SelectionEnd
133.1772,24,2,3,0,0.8471249,0.9000862,0.2487938,347.6129,145.2961,94.51469,0.8274565,0.9249132,0.2065991,0.1630927,-0.4241913,0.2884026,GotSelection
133.1879,24,2,3,0,0.8469862,0.9001964,0.2487094,347.5523,145.3082,94.47188,0.8296065,0.9274353,0.2073326,0.1875317,-0.4018853,0.3002747,SelectionStart
133.1879,24,2,3,0,0.8469862,0.9001964,0.2487094,347.5523,145.3082,94.47188,0.8296065,0.9274353,0.2073326,0.1875317,-0.4018853,0.3002747,SelectionEnd
133.1916,24,2,3,0,0.8469862,0.9001964,0.2487094,347.5523,145.3082,94.47188,0.8296065,0.9274353,0.2073326,0.1875317,-0.4018853,0.3002747,GotSelection
133.2035,24,2,3,0,0.8468497,0.9003114,0.2486524,347.5236,145.3514,94.42634,0.8316519,0.9309674,0.2082963,0.2225785,-0.3799337,0.3121916,SelectionStart
133.2035,24,2,3,0,0.8468497,0.9003114,0.2486524,347.5236,145.3514,94.42634,0.8316519,0.9309674,0.2082963,0.2225785,-0.3799337,0.3121916,SelectionEnd
133.2069,24,2,3,0,0.8468497,0.9003114,0.2486524,347.5236,145.3514,94.42634,0.8316519,0.9309674,0.2082963,0.2225785,-0.3799337,0.3121916,GotSelection
133.23,24,2,3,0,0.8467215,0.900728,0.2482603,347.5202,145.4806,94.29846,0.8351949,0.9350834,0.2104609,0.263497,-0.3361116,0.3208959,SelectionStart
133.2301,24,2,3,0,0.8467215,0.900728,0.2482603,347.5202,145.4806,94.29846,0.8351949,0.9350834,0.2104609,0.263497,-0.3361116,0.3208959,SelectionEnd
133.2334,24,2,3,0,0.8467215,0.900728,0.2482603,347.5202,145.4806,94.29846,0.8351949,0.9350834,0.2104609,0.263497,-0.3361116,0.3208959,GotSelection
133.2655,24,2,3,0,0.8467816,0.9011358,0.2477096,347.5932,145.6126,94.18291,0.8362205,0.9376149,0.2141505,0.2944043,-0.3045617,0.2964624,SelectionStart
133.2655,24,2,3,0,0.8467816,0.9011358,0.2477096,347.5932,145.6126,94.18291,0.8362205,0.9376149,0.2141505,0.2944043,-0.3045617,0.2964624,SelectionEnd
133.269,24,2,3,0,0.8467816,0.9011358,0.2477096,347.5932,145.6126,94.18291,0.8362205,0.9376149,0.2141505,0.2944043,-0.3045617,0.2964624,GotSelection
133.2788,24,2,3,0,0.8467628,0.9010591,0.2475256,347.6218,145.6471,94.1601,0.8352348,0.9368259,0.2149411,0.2903295,-0.3065452,0.2814593,SelectionStart
133.2788,24,2,3,0,0.8467628,0.9010591,0.2475256,347.6218,145.6471,94.1601,0.8352348,0.9368259,0.2149411,0.2903295,-0.3065452,0.2814593,SelectionEnd
133.282,24,2,3,0,0.8467628,0.9010591,0.2475256,347.6218,145.6471,94.1601,0.8352348,0.9368259,0.2149411,0.2903295,-0.3065452,0.2814593,GotSelection
133.2936,24,2,3,0,0.8467927,0.9011093,0.2471674,347.6349,145.7128,94.10301,0.8330631,0.9353651,0.2153918,0.27879,-0.3191109,0.2593842,SelectionStart
133.2936,24,2,3,0,0.8467927,0.9011093,0.2471674,347.6349,145.7128,94.10301,0.8330631,0.9353651,0.2153918,0.27879,-0.3191109,0.2593842,SelectionEnd
133.2969,24,2,3,0,0.8467927,0.9011093,0.2471674,347.6349,145.7128,94.10301,0.8330631,0.9353651,0.2153918,0.27879,-0.3191109,0.2593842,GotSelection
133.3093,24,2,3,0,0.8465815,0.9011471,0.2470475,347.6032,145.7873,94.04323,0.8301398,0.9336595,0.2152069,0.2631606,-0.340757,0.2414526,SelectionStart
133.3093,24,2,3,0,0.8465815,0.9011471,0.2470475,347.6032,145.7873,94.04323,0.8301398,0.9336595,0.2152069,0.2631606,-0.340757,0.2414526,SelectionEnd
133.3125,24,2,3,0,0.8465815,0.9011471,0.2470475,347.6032,145.7873,94.04323,0.8301398,0.9336595,0.2152069,0.2631606,-0.340757,0.2414526,GotSelection
133.3228,24,2,3,0,0.8463075,0.9013464,0.2468315,347.5872,145.866,93.95419,0.8259107,0.9307629,0.2139378,0.2330026,-0.3775062,0.2217477,SelectionStart
133.3228,24,2,3,0,0.8463075,0.9013464,0.2468315,347.5872,145.866,93.95419,0.8259107,0.9307629,0.2139378,0.2330026,-0.3775062,0.2217477,SelectionEnd
133.3263,24,2,3,0,0.8463075,0.9013464,0.2468315,347.5872,145.866,93.95419,0.8259107,0.9307629,0.2139378,0.2330026,-0.3775062,0.2217477,GotSelection
133.3367,24,2,3,0,0.8460938,0.9015731,0.2466822,347.5507,145.9359,93.86744,0.8221768,0.9270936,0.2120872,0.1931986,-0.4137891,0.2081709,SelectionStart
133.3367,24,2,3,0,0.8460938,0.9015731,0.2466822,347.5507,145.9359,93.86744,0.8221768,0.9270936,0.2120872,0.1931986,-0.4137891,0.2081709,SelectionEnd
133.3407,24,2,3,0,0.8460938,0.9015731,0.2466822,347.5507,145.9359,93.86744,0.8221768,0.9270936,0.2120872,0.1931986,-0.4137891,0.2081709,GotSelection
133.3514,24,2,3,0,0.8460236,0.9016989,0.246403,347.5573,146.0164,93.78413,0.8178366,0.922786,0.2100329,0.1486025,-0.4566446,0.1898358,SelectionStart
133.3514,24,2,3,0,0.8460236,0.9016989,0.246403,347.5573,146.0164,93.78413,0.8178366,0.922786,0.2100329,0.1486025,-0.4566446,0.1898358,SelectionEnd
133.3549,24,2,3,0,0.8460236,0.9016989,0.246403,347.5573,146.0164,93.78413,0.8178366,0.922786,0.2100329,0.1486025,-0.4566446,0.1898358,GotSelection
133.3651,24,2,3,0,0.8460961,0.9019872,0.2459984,347.6376,146.0383,93.73698,0.813075,0.9176682,0.2081878,0.09553279,-0.5021924,0.1629393,SelectionStart
133.3651,24,2,3,0,0.8460961,0.9019872,0.2459984,347.6376,146.0383,93.73698,0.813075,0.9176682,0.2081878,0.09553279,-0.5021924,0.1629393,SelectionEnd
133.3684,24,2,3,0,0.8460961,0.9019872,0.2459984,347.6376,146.0383,93.73698,0.813075,0.9176682,0.2081878,0.09553279,-0.5021924,0.1629393,GotSelection
133.3779,24,2,3,0,0.8461112,0.9021195,0.2458749,347.6827,146.0294,93.71771,0.810292,0.9142699,0.20702,0.06032276,-0.5295706,0.1481274,SelectionStart
133.3779,24,2,3,0,0.8461112,0.9021195,0.2458749,347.6827,146.0294,93.71771,0.810292,0.9142699,0.20702,0.06032276,-0.5295706,0.1481274,SelectionEnd
133.3811,24,2,3,0,0.8461112,0.9021195,0.2458749,347.6827,146.0294,93.71771,0.810292,0.9142699,0.20702,0.06032276,-0.5295706,0.1481274,GotSelection
133.3921,24,2,3,0,0.8459357,0.9021428,0.2457536,347.7098,146.0491,93.68211,0.8069318,0.9104642,0.2050692,0.0207633,-0.5643753,0.1373426,SelectionStart
133.3922,24,2,3,0,0.8459357,0.9021428,0.2457536,347.7098,146.0491,93.68211,0.8069318,0.9104642,0.2050692,0.0207633,-0.5643753,0.1373426,SelectionEnd
133.3956,24,2,3,0,0.8459357,0.9021428,0.2457536,347.7098,146.0491,93.68211,0.8069318,0.9104642,0.2050692,0.0207633,-0.5643753,0.1373426,GotSelection
133.4055,24,2,3,0,0.8458064,0.9022008,0.2457886,347.6935,146.0671,93.65163,0.8054655,0.9080096,0.2039098,-0.005689335,-0.580774,0.1345071,SelectionStart
133.4055,24,2,3,0,0.8458064,0.9022008,0.2457886,347.6935,146.0671,93.65163,0.8054655,0.9080096,0.2039098,-0.005689335,-0.580774,0.1345071,SelectionEnd
133.4088,24,2,3,0,0.8458064,0.9022008,0.2457886,347.6935,146.0671,93.65163,0.8054655,0.9080096,0.2039098,-0.005689335,-0.580774,0.1345071,GotSelection
133.4515,24,2,3,0,0.8450362,0.9024228,0.245729,347.5872,146.135,93.4897,0.8062116,0.9112009,0.2028859,0.02194024,-0.5748475,0.1581431,SelectionStart
133.4515,24,2,3,0,0.8450362,0.9024228,0.245729,347.5872,146.135,93.4897,0.8062116,0.9112009,0.2028859,0.02194024,-0.5748475,0.1581431,SelectionEnd
133.4548,24,2,3,0,0.8450362,0.9024228,0.245729,347.5872,146.135,93.4897,0.8062116,0.9112009,0.2028859,0.02194024,-0.5748475,0.1581431,GotSelection
133.4639,24,2,3,0,0.8451261,0.9024585,0.2456013,347.6338,146.1345,93.49244,0.8085527,0.9142398,0.2035057,0.05195256,-0.55332,0.170969,SelectionStart
133.4639,24,2,3,0,0.8451261,0.9024585,0.2456013,347.6338,146.1345,93.49244,0.8085527,0.9142398,0.2035057,0.05195256,-0.55332,0.170969,SelectionEnd
133.4672,24,2,3,0,0.8451261,0.9024585,0.2456013,347.6338,146.1345,93.49244,0.8085527,0.9142398,0.2035057,0.05195256,-0.55332,0.170969,GotSelection
133.4766,24,2,3,0,0.8451771,0.9023273,0.2455547,347.6737,146.1331,93.51421,0.8115233,0.9186565,0.2046858,0.09772658,-0.5244024,0.1868648,SelectionStart
133.4766,24,2,3,0,0.8451771,0.9023273,0.2455547,347.6737,146.1331,93.51421,0.8115233,0.9186565,0.2046858,0.09772658,-0.5244024,0.1868648,SelectionEnd
133.4803,24,2,3,0,0.8451771,0.9023273,0.2455547,347.6737,146.1331,93.51421,0.8115233,0.9186565,0.2046858,0.09772658,-0.5244024,0.1868648,GotSelection
133.4899,24,2,3,0,0.845017,0.9022009,0.2455811,347.6954,146.191,93.4754,0.8145115,0.9222735,0.2056975,0.1352256,-0.4940949,0.2047666,SelectionStart
133.4899,24,2,3,0,0.845017,0.9022009,0.2455811,347.6954,146.191,93.4754,0.8145115,0.9222735,0.2056975,0.1352256,-0.4940949,0.2047666,SelectionEnd
133.4937,24,2,3,0,0.845017,0.9022009,0.2455811,347.6954,146.191,93.4754,0.8145115,0.9222735,0.2056975,0.1352256,-0.4940949,0.2047666,GotSelection
133.504,24,2,3,0,0.8451487,0.9019165,0.2457811,347.6728,146.1517,93.53362,0.8182926,0.9271516,0.2073756,0.1867347,-0.4581625,0.2237742,SelectionStart
133.504,24,2,3,0,0.8451487,0.9019165,0.2457811,347.6728,146.1517,93.53362,0.8182926,0.9271516,0.2073756,0.1867347,-0.4581625,0.2237742,SelectionEnd
133.5074,24,2,3,0,0.8451487,0.9019165,0.2457811,347.6728,146.1517,93.53362,0.8182926,0.9271516,0.2073756,0.1867347,-0.4581625,0.2237742,GotSelection
133.5174,24,2,3,0,0.8453386,0.902036,0.2455076,347.6684,146.1804,93.56233,0.8224102,0.9319689,0.2093609,0.2353688,-0.4150062,0.2373295,SelectionStart
133.5174,24,2,3,0,0.8453386,0.902036,0.2455076,347.6684,146.1804,93.56233,0.8224102,0.9319689,0.2093609,0.2353688,-0.4150062,0.2373295,SelectionEnd
133.5207,24,2,3,0,0.8453386,0.902036,0.2455076,347.6684,146.1804,93.56233,0.8224102,0.9319689,0.2093609,0.2353688,-0.4150062,0.2373295,GotSelection
133.5296,24,2,3,0,0.8453276,0.9019734,0.2454866,347.6686,146.2075,93.55757,0.8254865,0.9357499,0.2104312,0.2738488,-0.384863,0.2539616,SelectionStart
133.5296,24,2,3,0,0.8453276,0.9019734,0.2454866,347.6686,146.2075,93.55757,0.8254865,0.9357499,0.2104312,0.2738488,-0.384863,0.2539616,SelectionEnd
133.5329,24,2,3,0,0.8453276,0.9019734,0.2454866,347.6686,146.2075,93.55757,0.8254865,0.9357499,0.2104312,0.2738488,-0.384863,0.2539616,GotSelection
133.5432,24,2,3,0,0.8453955,0.9019476,0.2454068,347.6752,146.2366,93.55132,0.8292636,0.9385039,0.2113448,0.3011507,-0.3492692,0.2724773,SelectionStart
133.5432,24,2,3,0,0.8453955,0.9019476,0.2454068,347.6752,146.2366,93.55132,0.8292636,0.9385039,0.2113448,0.3011507,-0.3492692,0.2724773,SelectionEnd
133.5465,24,2,3,0,0.8453955,0.9019476,0.2454068,347.6752,146.2366,93.55132,0.8292636,0.9385039,0.2113448,0.3011507,-0.3492692,0.2724773,GotSelection
133.5573,24,2,3,0,0.8454354,0.9019399,0.2454473,347.6422,146.2716,93.54401,0.8322221,0.9413254,0.2128026,0.3302075,-0.3180513,0.2834401,SelectionStart
133.5573,24,2,3,0,0.8454354,0.9019399,0.2454473,347.6422,146.2716,93.54401,0.8322221,0.9413254,0.2128026,0.3302075,-0.3180513,0.2834401,SelectionEnd
133.5608,24,2,3,0,0.8454354,0.9019399,0.2454473,347.6422,146.2716,93.54401,0.8322221,0.9413254,0.2128026,0.3302075,-0.3180513,0.2834401,GotSelection
133.5712,24,2,3,0,0.8452859,0.9017471,0.2457685,347.602,146.3005,93.55116,0.8346574,0.9433244,0.2130806,0.3498709,-0.297478,0.3032802,SelectionStart
133.5713,24,2,3,0,0.8452859,0.9017471,0.2457685,347.602,146.3005,93.55116,0.8346574,0.9433244,0.2130806,0.3498709,-0.297478,0.3032802,SelectionEnd
133.5747,24,2,3,0,0.8452859,0.9017471,0.2457685,347.602,146.3005,93.55116,0.8346574,0.9433244,0.2130806,0.3498709,-0.297478,0.3032802,GotSelection
133.5846,24,2,3,0,0.8452607,0.9015511,0.2459925,347.5363,146.3487,93.53586,0.8362302,0.9452928,0.2134379,0.3702653,-0.2841055,0.3164089,SelectionStart
133.5846,24,2,3,0,0.8452607,0.9015511,0.2459925,347.5363,146.3487,93.53586,0.8362302,0.9452928,0.2134379,0.3702653,-0.2841055,0.3164089,SelectionEnd
133.5883,24,2,3,0,0.8452607,0.9015511,0.2459925,347.5363,146.3487,93.53586,0.8362302,0.9452928,0.2134379,0.3702653,-0.2841055,0.3164089,GotSelection
133.6296,24,2,3,0,0.8450018,0.9012759,0.2460224,347.475,146.4755,93.45841,0.8342264,0.9444803,0.2117798,0.3624259,-0.3070022,0.3206144,SelectionStart
133.6296,24,2,3,0,0.8450018,0.9012759,0.2460224,347.475,146.4755,93.45841,0.8342264,0.9444803,0.2117798,0.3624259,-0.3070022,0.3206144,SelectionEnd
133.6329,24,2,3,0,0.8450018,0.9012759,0.2460224,347.475,146.4755,93.45841,0.8342264,0.9444803,0.2117798,0.3624259,-0.3070022,0.3206144,GotSelection
133.6428,24,2,3,0,0.8436132,0.9012011,0.2454944,347.5208,146.7616,92.95123,0.8237455,0.9371251,0.2072275,0.2911254,-0.3990294,0.28953,SelectionStart
133.6428,24,2,3,0,0.8436132,0.9012011,0.2454944,347.5208,146.7616,92.95123,0.8237455,0.9371251,0.2072275,0.2911254,-0.3990294,0.28953,SelectionEnd
133.6464,24,2,3,0,0.8436132,0.9012011,0.2454944,347.5208,146.7616,92.95123,0.8237455,0.9371251,0.2072275,0.2911254,-0.3990294,0.28953,GotSelection
133.6578,24,2,3,0,0.8427061,0.9011087,0.2454194,347.55,146.8519,92.66061,0.8194836,0.9333268,0.2046571,0.2537624,-0.4379996,0.2843495,SelectionStart
133.6579,24,2,3,0,0.8427061,0.9011087,0.2454194,347.55,146.8519,92.66061,0.8194836,0.9333268,0.2046571,0.2537624,-0.4379996,0.2843495,SelectionEnd
133.6621,24,2,3,0,0.8427061,0.9011087,0.2454194,347.55,146.8519,92.66061,0.8194836,0.9333268,0.2046571,0.2537624,-0.4379996,0.2843495,GotSelection
133.6718,24,2,3,0,0.8417759,0.9010612,0.2452208,347.6412,146.9731,92.31508,0.814537,0.9292595,0.2018589,0.2147017,-0.4831594,0.2759212,SelectionStart
133.6719,24,2,3,0,0.8417759,0.9010612,0.2452208,347.6412,146.9731,92.31508,0.814537,0.9292595,0.2018589,0.2147017,-0.4831594,0.2759212,SelectionEnd
133.6753,24,2,3,0,0.8417759,0.9010612,0.2452208,347.6412,146.9731,92.31508,0.814537,0.9292595,0.2018589,0.2147017,-0.4831594,0.2759212,GotSelection
133.6848,24,2,3,0,0.8408189,0.9006928,0.2457824,347.7257,146.8456,92.10963,0.8119787,0.9266112,0.1999583,0.1907547,-0.5093608,0.2814176,SelectionStart
133.6848,24,2,3,0,0.8408189,0.9006928,0.2457824,347.7257,146.8456,92.10963,0.8119787,0.9266112,0.1999583,0.1907547,-0.5093608,0.2814176,SelectionEnd
133.6883,24,2,3,0,0.8408189,0.9006928,0.2457824,347.7257,146.8456,92.10963,0.8119787,0.9266112,0.1999583,0.1907547,-0.5093608,0.2814176,GotSelection
133.6976,24,2,3,0,0.8397292,0.8999927,0.2472052,347.7516,146.5561,91.98698,0.8102213,0.9248311,0.1974809,0.1745078,-0.5371394,0.3052811,SelectionStart
133.6977,24,2,3,0,0.8397292,0.8999927,0.2472052,347.7516,146.5561,91.98698,0.8102213,0.9248311,0.1974809,0.1745078,-0.5371394,0.3052811,SelectionEnd
133.7011,24,2,3,0,0.8397292,0.8999927,0.2472052,347.7516,146.5561,91.98698,0.8102213,0.9248311,0.1974809,0.1745078,-0.5371394,0.3052811,GotSelection
133.7098,24,2,3,0,0.8384947,0.8988894,0.2494335,347.5846,146.1541,92.02785,0.8089414,0.9238058,0.1958363,0.1669615,-0.561208,0.334166,SelectionStart
133.7099,24,2,3,0,0.8384947,0.8988894,0.2494335,347.5846,146.1541,92.02785,0.8089414,0.9238058,0.1958363,0.1669615,-0.561208,0.334166,SelectionEnd
133.7132,24,2,3,0,0.8384947,0.8988894,0.2494335,347.5846,146.1541,92.02785,0.8089414,0.9238058,0.1958363,0.1669615,-0.561208,0.334166,GotSelection
133.7343,24,2,3,0,0.8352082,0.8953805,0.2587773,346.5319,144.6819,92.75503,0.8109348,0.9235723,0.1936741,0.1584405,-0.5943309,0.4547933,Nothing
133.7436,24,2,3,0,0.8325101,0.893593,0.2638265,345.8891,143.8762,92.99868,0.8121369,0.9247087,0.192698,0.1634048,-0.6050521,0.527007,Nothing
133.7604,24,2,3,0,0.8269923,0.891881,0.2699613,345.0269,142.6086,92.83789,0.8137199,0.9260349,0.1918386,0.1647189,-0.6004518,0.6223102,Nothing
133.7674,24,2,3,0,0.8240138,0.8911067,0.2728446,344.6049,141.9555,92.69788,0.8147334,0.9268156,0.1912436,0.1647974,-0.5960155,0.672539,Nothing
133.7757,24,2,3,0,0.8196654,0.8907276,0.2756208,344.1347,141.1065,92.26939,0.8160541,0.9276882,0.1908339,0.1621955,-0.5786541,0.728415,Nothing
133.7838,24,2,3,0,0.8137076,0.8906068,0.2785553,343.5312,139.9486,91.60772,0.8170553,0.9281881,0.1904461,0.1508188,-0.5567139,0.7896002,Nothing
133.7936,24,2,3,0,0.8081579,0.8903464,0.2815433,342.878,138.767,91.0911,0.8184986,0.929029,0.1902785,0.1403264,-0.5371238,0.8518021,Nothing
133.8091,24,2,3,0,0.7972331,0.8899028,0.2878615,341.4904,136.4605,90.29725,0.8210268,0.9301671,0.190433,0.1050588,-0.5092783,0.9722114,Nothing
133.8175,24,2,3,0,0.7908192,0.8890666,0.2909706,340.4832,135.3173,89.92695,0.8222826,0.930742,0.1908065,0.08322847,-0.4902219,1.039593,Nothing
133.8257,24,2,3,0,0.7815538,0.8877105,0.2957544,338.9293,133.8551,89.27423,0.822486,0.9311988,0.1914057,0.04662853,-0.4777704,1.128736,Nothing
133.8343,24,2,3,0,0.7742708,0.8862804,0.2987677,337.5158,133.2497,88.53844,0.8242213,0.9319541,0.1924932,0.01573038,-0.4402852,1.207554,Nothing
133.8435,24,2,3,0,0.767681,0.88531,0.3005306,336.2864,132.8052,87.62976,0.824753,0.9319522,0.1934707,-0.0177974,-0.4067672,1.261973,Nothing
133.8513,24,2,3,0,0.761915,0.8841366,0.3025018,335.2729,132.3962,86.94728,0.8258199,0.9324113,0.1941494,-0.04566624,-0.3797271,1.320307,Nothing
133.8588,24,2,3,0,0.7574682,0.8835696,0.3021501,334.6306,132.536,85.87608,0.826738,0.9329111,0.1951144,-0.06084161,-0.332097,1.353211,Nothing
133.8678,24,2,3,0,0.7524576,0.8826181,0.3024217,333.8463,132.3707,84.96173,0.8276205,0.933751,0.1958158,-0.07894821,-0.294809,1.396349,Nothing
133.8753,24,2,3,0,0.7477879,0.8816981,0.3022064,333.2354,132.0605,84.14282,0.8284476,0.9343914,0.1967075,-0.09392244,-0.258751,1.431339,Nothing
133.8839,24,2,3,0,0.7429779,0.880402,0.3016428,332.6652,131.9038,83.20976,0.8298962,0.9351559,0.1972743,-0.108762,-0.2145956,1.474494,Nothing
133.8922,24,2,3,0,0.7351413,0.8780631,0.3009542,331.5549,131.7216,81.64201,0.831177,0.9362182,0.19864,-0.1373878,-0.148593,1.536374,Nothing
133.9011,24,2,3,0,0.728819,0.8757598,0.2998782,330.5479,131.6903,80.31495,0.8320487,0.9369401,0.1995672,-0.1646009,-0.09276223,1.584368,Nothing
133.9106,24,2,3,0,0.7220833,0.8724892,0.2993011,329.3873,131.6888,78.94149,0.8331546,0.9378015,0.2004096,-0.1954982,-0.03797101,1.645033,Nothing
133.9259,24,2,3,0,0.7099214,0.8652078,0.2970131,327.0427,131.5455,76.33788,0.8349272,0.9394773,0.2025229,-0.254108,0.06617764,1.749503,Nothing
133.934,24,2,3,0,0.7056306,0.8618162,0.2961725,326.1541,131.5804,75.41722,0.8357468,0.9402567,0.2036947,-0.2736256,0.1099009,1.790416,Nothing
133.9425,24,2,3,0,0.7024943,0.8590338,0.2952445,325.5753,131.5312,74.71509,0.8366346,0.9409131,0.2048606,-0.2846109,0.1472517,1.821553,Nothing
133.9505,24,2,3,0,0.6989349,0.8554839,0.2941148,324.963,131.7315,73.77433,0.8374407,0.9415966,0.2061813,-0.2955346,0.1963321,1.856684,Nothing
133.9588,24,2,3,0,0.6991122,0.8548742,0.2929688,325.208,132.1228,73.444,0.8386698,0.9425468,0.2081682,-0.2801351,0.2435382,1.854105,Nothing
133.9672,24,2,3,0,0.7008023,0.8553745,0.2920322,325.8387,132.5124,73.33721,0.8394707,0.9429429,0.2095822,-0.2548827,0.2743702,1.834852,Nothing
133.9763,24,2,3,0,0.7046554,0.8570502,0.2904222,327.0664,132.6512,73.66827,0.8402193,0.943324,0.2110466,-0.204054,0.2960108,1.792723,Nothing
133.9839,24,2,3,0,0.7058325,0.857498,0.2893158,327.6869,132.7328,73.65495,0.8406994,0.9437543,0.2124789,-0.1783108,0.3206546,1.774061,Nothing
133.994,24,2,3,0,0.7097629,0.8592477,0.2880019,328.9153,132.4522,74.26761,0.8412985,0.9440588,0.2139341,-0.1267038,0.3260798,1.731456,Nothing
134.0009,24,2,3,0,0.7110497,0.8594018,0.2871165,329.4847,132.3604,74.4065,0.8419665,0.9442931,0.2155243,-0.1015549,0.3456487,1.713919,Nothing
134.0091,24,2,3,0,0.7126167,0.8597071,0.2868659,330.0193,132.204,74.74194,0.8424349,0.9444817,0.2169369,-0.07633317,0.3536025,1.697078,Nothing
134.0174,24,2,3,0,0.7129254,0.859028,0.2874472,330.2165,132.0305,75.04774,0.8432343,0.944754,0.2190121,-0.06071816,0.3682773,1.697137,Nothing
134.0257,24,2,3,0,0.7130687,0.8583853,0.2876875,330.3388,131.964,75.22315,0.84287,0.944719,0.2205981,-0.04613705,0.3772402,1.689173,Nothing
134.035,24,2,3,0,0.7110242,0.8568282,0.2895257,329.7535,131.9715,75.28778,0.8432015,0.9448549,0.2218828,-0.06166783,0.3857161,1.717101,Nothing
134.0427,24,2,3,0,0.7100391,0.8557494,0.290486,329.4901,132.0367,75.30583,0.8433746,0.9450073,0.2233068,-0.06457308,0.3984766,1.728086,Nothing
134.0511,24,2,3,0,0.7086725,0.854927,0.2913515,329.2247,132.0667,75.26612,0.8437429,0.9451553,0.2246007,-0.0733478,0.4126076,1.741903,Nothing
134.0603,24,2,3,0,0.7076457,0.8545976,0.2917828,329.1662,131.9429,75.26854,0.8443013,0.945527,0.2258411,-0.07628345,0.4260556,1.751967,Nothing
134.0759,24,2,3,0,0.7048596,0.8541793,0.2919172,329.1663,131.3791,75.21506,0.8452758,0.9458594,0.2292736,-0.08480781,0.4610277,1.765096,Nothing
134.0839,24,2,3,0,0.7047382,0.8542485,0.2917255,329.3277,131.1831,75.19245,0.8455204,0.9458957,0.2307893,-0.0796437,0.4732084,1.758737,Nothing
134.0937,24,2,3,0,0.7035699,0.8543316,0.2914861,329.4037,130.837,75.13203,0.8457921,0.9459372,0.2322893,-0.08300728,0.4868721,1.760502,Nothing
134.1138,24,2,3,0,0.701077,0.8539028,0.2922394,329.4128,130.3128,75.19414,0.8466582,0.9460452,0.2360146,-0.09111723,0.5173779,1.772709,Nothing
134.1269,24,2,3,0,0.6993016,0.8528044,0.2937109,329.2211,130.2206,75.25415,0.8469346,0.946236,0.2391479,-0.0944086,0.5413235,1.784625,Nothing
134.1429,24,2,3,0,0.6990694,0.8517634,0.2958311,329.1328,129.8747,75.77068,0.8476261,0.9464834,0.2423018,-0.08435053,0.5486358,1.794657,Nothing
134.1505,24,2,3,0,0.6994178,0.8511512,0.2972779,329.1055,129.5244,76.27744,0.8479003,0.9466015,0.2438941,-0.07298508,0.542097,1.80007,Nothing
134.1587,24,2,3,0,0.6991947,0.8506315,0.298271,329.0736,129.2638,76.57471,0.8481454,0.9467264,0.2454538,-0.0670478,0.5438344,1.805624,Nothing
134.1672,24,2,3,0,0.6992189,0.8497256,0.2997419,328.9106,129.1154,76.91101,0.8483457,0.9468267,0.247046,-0.06089527,0.5430186,1.812821,Nothing
134.1752,24,2,3,0,0.699016,0.8489763,0.3009,328.7861,128.9767,77.16077,0.8484867,0.9469076,0.2486626,-0.0563403,0.5459974,1.81828,Nothing
134.184,24,2,3,0,0.6986245,0.8481149,0.302065,328.569,128.9504,77.34714,0.8486812,0.9469957,0.2502473,-0.05574454,0.552461,1.825453,Nothing
134.1917,24,2,3,0,0.698443,0.8472952,0.3031226,328.3445,128.9178,77.52242,0.8486196,0.9470165,0.2518478,-0.05368817,0.5570226,1.828315,Nothing
134.2007,24,2,3,0,0.6986753,0.8465125,0.304021,328.2063,128.7987,77.75005,0.8484432,0.9471433,0.2534179,-0.0446924,0.5582584,1.82793,Nothing
134.2091,24,2,3,0,0.6987033,0.8457927,0.3050103,328.0799,128.6214,78.02488,0.8483888,0.9472104,0.25581,-0.03645735,0.5657468,1.825646,Nothing
134.2171,24,2,3,0,0.6988199,0.8454425,0.3055098,328.0365,128.5341,78.17528,0.8479475,0.947209,0.2574542,-0.02840973,0.5705774,1.818367,Nothing
134.2254,24,2,3,0,0.6991085,0.8458636,0.3051793,328.144,128.549,78.16402,0.8475908,0.9472035,0.2590131,-0.02219198,0.583507,1.801199,Nothing
134.2334,24,2,3,0,0.6994298,0.8460631,0.3049109,328.2382,128.5749,78.14336,0.8468442,0.9471905,0.2607604,-0.01222557,0.5958062,1.781528,Nothing
134.242,24,2,3,0,0.6996447,0.8463987,0.3044605,328.3391,128.6367,78.08352,0.8458264,0.9470125,0.2626587,-0.003655312,0.6104417,1.756948,Nothing
134.2503,24,2,3,0,0.6998899,0.8468301,0.3036001,328.4908,128.7716,77.88751,0.8447635,0.9469833,0.2644567,0.006212891,0.6295144,1.729607,Nothing
134.2585,24,2,3,0,0.7001145,0.846895,0.3033215,328.5794,128.8246,77.81438,0.8437046,0.9469677,0.2662638,0.01758563,0.64204,1.708389,Nothing
134.2669,24,2,3,0,0.7007917,0.8471835,0.3026303,328.7024,128.9832,77.66744,0.8426828,0.9469436,0.2679997,0.02988478,0.6575747,1.680097,Nothing
134.2755,24,2,3,0,0.7012156,0.8476505,0.3017624,328.8659,129.2933,77.45106,0.8407584,0.94688,0.2705438,0.04564891,0.6812614,1.639106,Nothing
134.2834,24,2,3,0,0.7014768,0.847815,0.3012004,328.9607,129.5202,77.29041,0.8390949,0.9469127,0.2721333,0.0591025,0.6946852,1.610914,Nothing
134.2934,24,2,3,0,0.7017375,0.848056,0.3005955,329.0584,129.9093,77.03207,0.8368439,0.9467925,0.2736889,0.0727379,0.7081309,1.575775,Nothing
134.3004,24,2,3,0,0.7017813,0.8483199,0.2998718,329.147,130.2738,76.74198,0.8345,0.9465947,0.2752388,0.08425628,0.7221027,1.540473,Nothing
134.3087,24,2,3,0,0.701992,0.8485718,0.2988593,329.2637,130.5361,76.45203,0.8320943,0.9464352,0.2766806,0.09819496,0.7341092,1.503697,Nothing
134.3168,24,2,3,0,0.7021384,0.8488256,0.2981918,329.3667,130.7397,76.25288,0.8298107,0.9462793,0.2781305,0.111248,0.7426813,1.470674,Nothing
134.3253,24,2,3,0,0.7023352,0.8490729,0.297645,329.4768,130.7906,76.16565,0.8267364,0.9461135,0.2791229,0.1292925,0.7383876,1.436851,Nothing
134.3335,24,2,3,0,0.7027893,0.8493001,0.297322,329.6015,130.8311,76.14735,0.8224424,0.9456506,0.2807922,0.154688,0.7287591,1.389133,Nothing
134.3419,24,2,3,0,0.7032613,0.8493744,0.2972966,329.6584,130.9055,76.17465,0.8187947,0.9448221,0.2818699,0.1725028,0.7147843,1.349632,Nothing
134.3502,24,2,3,0,0.7035923,0.849264,0.2974849,329.6758,130.9706,76.20953,0.8153182,0.9441643,0.2826676,0.1900799,0.6986555,1.317236,Nothing
134.3587,24,2,3,0,0.7038875,0.8491143,0.2976933,329.6823,131.0582,76.23138,0.8117234,0.9435107,0.2833183,0.2078273,0.6810413,1.285373,Nothing
134.3672,24,2,3,0,0.7042319,0.8490117,0.2979318,329.6821,131.1445,76.24177,0.8084112,0.9426782,0.2840019,0.2220859,0.6641538,1.253989,Nothing
134.376,24,2,3,0,0.7045857,0.8487931,0.2982843,329.6682,131.1762,76.32053,0.804479,0.9415254,0.2845795,0.238045,0.6401681,1.219272,Nothing
134.3839,24,2,3,0,0.7050409,0.8485743,0.298559,329.678,131.1683,76.40612,0.8008516,0.9403787,0.2852958,0.2537398,0.6185357,1.184871,Nothing
134.3916,24,2,3,0,0.7054998,0.8484398,0.2988323,329.695,131.1534,76.51498,0.7972986,0.9392633,0.2860194,0.2689139,0.5970486,1.15061,Nothing
134.4005,24,2,3,0,0.7060606,0.8482704,0.2991393,329.7328,131.138,76.62801,0.7920126,0.93788,0.2871876,0.2928134,0.568166,1.100433,Nothing
134.4085,24,2,3,0,0.7065396,0.8481464,0.2991104,329.7853,131.1534,76.66822,0.7885983,0.9367191,0.2879408,0.3071744,0.5507852,1.064233,Nothing
134.4171,24,2,3,0,0.7069431,0.8482412,0.2990715,329.8629,131.1767,76.70217,0.7853824,0.9356251,0.2888622,0.3193487,0.5362952,1.027789,Nothing
134.4255,24,2,3,0,0.707664,0.8481787,0.2991544,329.9127,131.2473,76.75067,0.7822312,0.9345992,0.2896697,0.3340402,0.5191796,0.99209,Nothing
134.4351,24,2,3,0,0.7083669,0.8482518,0.2993239,330.0001,131.2586,76.88115,0.7776486,0.9330902,0.2908603,0.352472,0.4940953,0.9422144,Nothing
134.4512,24,2,3,0,0.7090544,0.84808,0.2996497,330.0474,131.2382,77.04076,0.7717094,0.9315134,0.2926638,0.3795011,0.4647036,0.8821481,Nothing
134.4595,24,2,3,0,0.7092715,0.8481431,0.2997283,330.0587,131.2108,77.10894,0.7694104,0.9312274,0.2934778,0.3915018,0.4550533,0.8594114,Nothing
134.4675,24,2,3,0,0.7093618,0.8480452,0.2998561,330.0522,131.2041,77.15015,0.7668259,0.9309492,0.2943131,0.4052684,0.4449096,0.8366747,Nothing
134.476,24,2,3,0,0.7095328,0.8479702,0.2999935,330.0678,131.2157,77.19371,0.7643001,0.9308112,0.2951085,0.420419,0.4346558,0.8143911,Nothing
134.484,24,2,3,0,0.7096829,0.8478639,0.2999862,330.0587,131.2971,77.17404,0.7618121,0.9308373,0.2958468,0.436329,0.4267609,0.7928672,Nothing
134.4927,24,2,3,0,0.7096542,0.8478298,0.2999693,330.05,131.4237,77.10792,0.7592968,0.9307411,0.2965448,0.4494459,0.4197391,0.7713565,Nothing
134.5007,24,2,3,0,0.7097613,0.8477944,0.299982,330.0605,131.4909,77.09081,0.7566622,0.9306367,0.2972682,0.4643907,0.4103728,0.7482747,Nothing
134.509,24,2,3,0,0.7097837,0.8478198,0.2999176,330.0883,131.5227,77.06675,0.7541272,0.9304593,0.2979749,0.4774384,0.4021162,0.7253833,Nothing
134.5171,24,2,3,0,0.7099324,0.8477873,0.2999581,330.1089,131.5615,77.07423,0.7502497,0.9302903,0.2989838,0.4991633,0.3868975,0.691994,Nothing
134.5263,24,2,3,0,0.7098342,0.847735,0.3001851,330.1114,131.4809,77.14597,0.7477635,0.9301584,0.299559,0.5119147,0.3747951,0.6740237,Nothing
134.5338,24,2,3,0,0.7099382,0.8475907,0.3005867,330.0861,131.3704,77.28425,0.7452931,0.9299818,0.3000939,0.5257598,0.3591479,0.6566741,Nothing
134.5436,24,2,3,0,0.7101634,0.8474587,0.3008645,330.075,131.311,77.4002,0.742973,0.9297937,0.3004634,0.5392026,0.3437904,0.6392739,Nothing
134.5591,24,2,3,0,0.7106538,0.8471826,0.3015387,330.0644,131.1754,77.66383,0.7380615,0.9289647,0.3015737,0.5644536,0.3121546,0.5985327,Nothing
134.5676,24,2,3,0,0.7107452,0.8470747,0.3017779,330.057,131.1165,77.75903,0.7355801,0.9283083,0.3021758,0.5740108,0.2981496,0.5767385,Nothing
134.5756,24,2,3,0,0.7109424,0.8469731,0.3018862,330.0553,131.0598,77.84272,0.7320971,0.92745,0.3030956,0.5881945,0.2812412,0.5438068,Nothing
134.5844,24,2,3,0,0.710863,0.8469326,0.3018807,330.0442,131.0564,77.8456,0.7297291,0.9267721,0.3038788,0.5957204,0.2733397,0.5208579,Nothing
134.5925,24,2,3,0,0.7107733,0.8469616,0.3017402,330.0592,131.0612,77.82055,0.7276372,0.9261681,0.3046073,0.6020432,0.2681144,0.4990641,Nothing
134.6023,24,2,3,0,0.7103686,0.8464925,0.3018652,330.0736,131.0892,77.75517,0.7256633,0.925735,0.3052417,0.6111389,0.2641379,0.485611,Nothing
134.6098,24,2,3,0,0.7100924,0.8465257,0.3016092,330.0739,131.1245,77.66165,0.7238017,0.9253554,0.3058887,0.61685,0.2627544,0.4676285,Nothing
134.6261,24,2,3,0,0.7099631,0.8469487,0.301137,330.1119,131.1156,77.61028,0.7202483,0.9247958,0.3074858,0.6295034,0.2588912,0.4273607,Nothing
134.6345,24,2,3,0,0.7098274,0.8470118,0.3009387,330.1381,131.1064,77.57648,0.7177157,0.9243906,0.3086624,0.6401156,0.2559869,0.4007149,Nothing
134.6422,24,2,3,0,0.7098109,0.8473895,0.3006591,330.1681,131.1096,77.55743,0.7159323,0.924154,0.3096973,0.6461873,0.2557691,0.3778041,Nothing
134.6502,24,2,3,0,0.7099528,0.8475379,0.3005681,330.2222,131.1114,77.57103,0.7145241,0.9239805,0.3106431,0.6534882,0.254725,0.3591443,Nothing
134.659,24,2,3,0,0.7100044,0.8477485,0.3004641,330.2545,131.09,77.59591,0.7130895,0.9238538,0.3115326,0.6601214,0.2535059,0.3413759,Nothing
134.6675,24,2,3,0,0.7101126,0.8478462,0.3004194,330.2939,131.0514,77.634,0.7122241,0.9239143,0.3126392,0.6670143,0.2569662,0.3275628,Nothing
134.6761,24,2,3,0,0.7106433,0.8479877,0.300175,330.347,130.9889,77.68158,0.7109978,0.9237658,0.3137228,0.6761029,0.2568571,0.3060675,Nothing
134.6841,24,2,3,0,0.710802,0.8480638,0.3001122,330.3918,130.9487,77.72706,0.7097995,0.9235077,0.3146819,0.6821941,0.2564382,0.2888561,Nothing
134.6936,24,2,3,0,0.7108673,0.848116,0.3000072,330.4229,130.9356,77.74503,0.7082859,0.9228914,0.3160892,0.6871262,0.2584288,0.2657455,Nothing
134.709,24,2,3,0,0.7108245,0.8482304,0.2996661,330.4434,131.032,77.6554,0.7065174,0.921981,0.3175309,0.6897543,0.2621605,0.2382333,Nothing
134.717,24,2,3,0,0.7107892,0.8482609,0.2995763,330.4692,131.0451,77.62916,0.7058195,0.9213945,0.31802,0.6887254,0.2622578,0.2269705,Nothing
134.7259,24,2,3,0,0.7106963,0.848321,0.2993432,330.4861,131.0466,77.59937,0.7049075,0.9207876,0.3185746,0.6883241,0.2631389,0.2133249,Nothing
134.7339,24,2,3,0,0.7106454,0.848325,0.2993342,330.4973,131.0424,77.58635,0.7039817,0.9202521,0.3190897,0.6889389,0.2615846,0.2015637,Nothing
134.7425,24,2,3,0,0.7105622,0.8484406,0.2992393,330.5038,131.0382,77.57444,0.7032663,0.9195861,0.3195968,0.6863129,0.2615829,0.1898178,Nothing
134.7506,24,2,3,0,0.7105132,0.8485178,0.2991561,330.5156,131.0389,77.56204,0.7024802,0.9190832,0.3201244,0.6860098,0.2614327,0.1782561,Nothing
134.7595,24,2,3,0,0.7104267,0.848589,0.2989432,330.5394,131.056,77.51938,0.7012829,0.9183864,0.3210185,0.6866878,0.2631727,0.1601737,Nothing
134.7674,24,2,3,0,0.7103172,0.8486561,0.2988262,330.5494,131.0804,77.47588,0.7007697,0.9181481,0.3216554,0.6871542,0.2669137,0.1513705,Nothing
134.7767,24,2,3,0,0.710223,0.84869,0.298766,330.5568,131.092,77.449,0.7000263,0.9178451,0.3222826,0.6885506,0.2684839,0.1412071,Nothing
134.7846,24,2,3,0,0.7101178,0.8486302,0.2986925,330.543,131.1083,77.42097,0.6995498,0.9177319,0.3231151,0.691266,0.2739705,0.1333106,Nothing
134.793,24,2,3,0,0.7100397,0.8486211,0.2986549,330.5398,131.1157,77.40485,0.6991439,0.9176841,0.3240404,0.6940361,0.2800969,0.1253256,Nothing
134.8009,24,2,3,0,0.7100012,0.8485582,0.2986918,330.5299,131.0983,77.4146,0.6987227,0.9176761,0.3249202,0.6977776,0.2848949,0.1182785,Nothing
134.809,24,2,3,0,0.7100004,0.8484948,0.2987955,330.5287,131.0729,77.44978,0.6984547,0.9178099,0.3259668,0.7024434,0.2911785,0.1120415,SelectionStart
134.809,24,2,3,0,0.7100004,0.8484948,0.2987955,330.5287,131.0729,77.44978,0.6984547,0.9178099,0.3259668,0.7024434,0.2911785,0.1120415,SelectionEnd
134.8124,24,2,3,0,0.7100004,0.8484948,0.2987955,330.5287,131.0729,77.44978,0.6984547,0.9178099,0.3259668,0.7024434,0.2911785,0.1120415,GotSelection
134.8229,24,2,3,0,0.7099293,0.848366,0.298928,330.5208,131.0664,77.47757,0.6978272,0.9179713,0.3278601,0.7106692,0.302719,0.09961569,SelectionStart
134.8229,24,2,3,0,0.7099293,0.848366,0.298928,330.5208,131.0664,77.47757,0.6978272,0.9179713,0.3278601,0.7106692,0.302719,0.09961569,SelectionEnd
134.8261,24,2,3,0,0.7099293,0.848366,0.298928,330.5208,131.0664,77.47757,0.6978272,0.9179713,0.3278601,0.7106692,0.302719,0.09961569,GotSelection
134.8371,24,2,3,0,0.7097512,0.8482578,0.2991087,330.4811,131.0502,77.49111,0.697782,0.9181812,0.3288864,0.7140245,0.3109381,0.0977346,SelectionStart
134.8372,24,2,3,0,0.7097512,0.8482578,0.2991087,330.4811,131.0502,77.49111,0.697782,0.9181812,0.3288864,0.7140245,0.3109381,0.0977346,SelectionEnd
134.8406,24,2,3,0,0.7097512,0.8482578,0.2991087,330.4811,131.0502,77.49111,0.697782,0.9181812,0.3288864,0.7140245,0.3109381,0.0977346,GotSelection
134.8529,24,2,3,0,0.7094058,0.8481219,0.2993036,330.4071,130.9981,77.50788,0.6972381,0.9176951,0.3304214,0.7139516,0.3201727,0.08794819,SelectionStart
134.8529,24,2,3,0,0.7094058,0.8481219,0.2993036,330.4071,130.9981,77.50788,0.6972381,0.9176951,0.3304214,0.7139516,0.3201727,0.08794819,SelectionEnd
134.8563,24,2,3,0,0.7094058,0.8481219,0.2993036,330.4071,130.9981,77.50788,0.6972381,0.9176951,0.3304214,0.7139516,0.3201727,0.08794819,GotSelection
134.8723,24,2,3,0,0.7091444,0.8480324,0.2994538,330.344,130.9536,77.5201,0.6962994,0.916622,0.3308542,0.7092417,0.3167951,0.0777574,SelectionStart
134.8724,24,2,3,0,0.7091444,0.8480324,0.2994538,330.344,130.9536,77.5201,0.6962994,0.916622,0.3308542,0.7092417,0.3167951,0.0777574,SelectionEnd
134.8759,24,2,3,0,0.7091444,0.8480324,0.2994538,330.344,130.9536,77.5201,0.6962994,0.916622,0.3308542,0.7092417,0.3167951,0.0777574,GotSelection
134.9138,24,2,3,0,0.7095852,0.8482096,0.2993227,330.458,130.9066,77.60966,0.6953981,0.9141086,0.3321496,0.695583,0.3149164,0.0455268,SelectionStart
134.9138,24,2,3,0,0.7095852,0.8482096,0.2993227,330.458,130.9066,77.60966,0.6953981,0.9141086,0.3321496,0.695583,0.3149164,0.0455268,SelectionEnd
134.9172,24,2,3,0,0.7095852,0.8482096,0.2993227,330.458,130.9066,77.60966,0.6953981,0.9141086,0.3321496,0.695583,0.3149164,0.0455268,GotSelection
134.9272,24,2,3,0,0.7096847,0.8483114,0.2992417,330.4999,130.8909,77.62856,0.695149,0.9142011,0.3315602,0.696597,0.3085823,0.0455864,SelectionStart
134.9272,24,2,3,0,0.7096847,0.8483114,0.2992417,330.4999,130.8909,77.62856,0.695149,0.9142011,0.3315602,0.696597,0.3085823,0.0455864,SelectionEnd
134.9307,24,2,3,0,0.7096847,0.8483114,0.2992417,330.4999,130.8909,77.62856,0.695149,0.9142011,0.3315602,0.696597,0.3085823,0.0455864,GotSelection
134.9427,24,2,3,0,0.709766,0.8484475,0.2990943,330.5554,130.8566,77.65551,0.6948957,0.9142246,0.330534,0.6960725,0.2990815,0.04723733,SelectionStart
134.9427,24,2,3,0,0.709766,0.8484475,0.2990943,330.5554,130.8566,77.65551,0.6948957,0.9142246,0.330534,0.6960725,0.2990815,0.04723733,SelectionEnd
134.9462,24,2,3,0,0.709766,0.8484475,0.2990943,330.5554,130.8566,77.65551,0.6948957,0.9142246,0.330534,0.6960725,0.2990815,0.04723733,GotSelection
134.9559,24,2,3,0,0.7097841,0.8485867,0.2989147,330.5878,130.8422,77.6496,0.6946205,0.9143448,0.3290129,0.6952933,0.2864717,0.05257626,SelectionStart
134.9559,24,2,3,0,0.7097841,0.8485867,0.2989147,330.5878,130.8422,77.6496,0.6946205,0.9143448,0.3290129,0.6952933,0.2864717,0.05257626,SelectionEnd
134.9592,24,2,3,0,0.7097841,0.8485867,0.2989147,330.5878,130.8422,77.6496,0.6946205,0.9143448,0.3290129,0.6952933,0.2864717,0.05257626,GotSelection
134.9693,24,2,3,0,0.7095707,0.848594,0.2988409,330.5678,130.8597,77.60876,0.6939967,0.9146858,0.326491,0.6963267,0.2649944,0.06594548,SelectionStart
134.9693,24,2,3,0,0.7095707,0.848594,0.2988409,330.5678,130.8597,77.60876,0.6939967,0.9146858,0.326491,0.6963267,0.2649944,0.06594548,SelectionEnd
134.9727,24,2,3,0,0.7095707,0.848594,0.2988409,330.5678,130.8597,77.60876,0.6939967,0.9146858,0.326491,0.6963267,0.2649944,0.06594548,GotSelection
134.9842,24,2,3,0,0.709331,0.8485084,0.2987698,330.5381,130.9197,77.51823,0.6932787,0.9144936,0.3236508,0.6932611,0.2400455,0.0785932,SelectionStart
134.9842,24,2,3,0,0.709331,0.8485084,0.2987698,330.5381,130.9197,77.51823,0.6932787,0.9144936,0.3236508,0.6932611,0.2400455,0.0785932,SelectionEnd
134.9876,24,2,3,0,0.709331,0.8485084,0.2987698,330.5381,130.9197,77.51823,0.6932787,0.9144936,0.3236508,0.6932611,0.2400455,0.0785932,GotSelection
134.9974,24,2,3,0,0.7090739,0.8485893,0.2986099,330.5286,130.9391,77.46579,0.6930612,0.9142149,0.3219165,0.6873214,0.227149,0.0863134,SelectionStart
134.9974,24,2,3,0,0.7090739,0.8485893,0.2986099,330.5286,130.9391,77.46579,0.6930612,0.9142149,0.3219165,0.6873214,0.227149,0.0863134,SelectionEnd
135.0007,24,2,3,0,0.7090739,0.8485893,0.2986099,330.5286,130.9391,77.46579,0.6930612,0.9142149,0.3219165,0.6873214,0.227149,0.0863134,GotSelection
135.011,24,2,3,0,0.7088016,0.8486122,0.298469,330.503,130.9789,77.38642,0.6928956,0.9134361,0.3209418,0.6782586,0.2200957,0.08813459,SelectionStart
135.0111,24,2,3,0,0.7088016,0.8486122,0.298469,330.503,130.9789,77.38642,0.6928956,0.9134361,0.3209418,0.6782586,0.2200957,0.08813459,SelectionEnd
135.0145,24,2,3,0,0.7088016,0.8486122,0.298469,330.503,130.9789,77.38642,0.6928956,0.9134361,0.3209418,0.6782586,0.2200957,0.08813459,GotSelection
135.026,24,2,3,0,0.7088838,0.8487756,0.2982422,330.5342,131.0042,77.3607,0.6925188,0.9128361,0.3209686,0.6743875,0.2182827,0.07933722,SelectionStart
135.026,24,2,3,0,0.7088838,0.8487756,0.2982422,330.5342,131.0042,77.3607,0.6925188,0.9128361,0.3209686,0.6743875,0.2182827,0.07933722,SelectionEnd
135.0293,24,2,3,0,0.7088838,0.8487756,0.2982422,330.5342,131.0042,77.3607,0.6925188,0.9128361,0.3209686,0.6743875,0.2182827,0.07933722,GotSelection
135.0395,24,2,3,0,0.7090089,0.8488287,0.2982534,330.565,131.0117,77.36456,0.6930102,0.912217,0.3225763,0.6691757,0.2321366,0.06872717,SelectionStart
135.0396,24,2,3,0,0.7090089,0.8488287,0.2982534,330.565,131.0117,77.36456,0.6930102,0.912217,0.3225763,0.6691757,0.2321366,0.06872717,SelectionEnd
135.0428,24,2,3,0,0.7090089,0.8488287,0.2982534,330.565,131.0117,77.36456,0.6930102,0.912217,0.3225763,0.6691757,0.2321366,0.06872717,GotSelection
135.0523,24,2,3,0,0.7094471,0.8489338,0.2982974,330.6265,130.9981,77.43135,0.6939071,0.911023,0.3256668,0.6605176,0.2566137,0.04679738,SelectionStart
135.0524,24,2,3,0,0.7094471,0.8489338,0.2982974,330.6265,130.9981,77.43135,0.6939071,0.911023,0.3256668,0.6605176,0.2566137,0.04679738,SelectionEnd
135.0557,24,2,3,0,0.7094471,0.8489338,0.2982974,330.6265,130.9981,77.43135,0.6939071,0.911023,0.3256668,0.6605176,0.2566137,0.04679738,GotSelection
135.0989,24,2,3,0,0.7103138,0.8491786,0.2984494,330.7459,130.8574,77.6377,0.6982815,0.9060333,0.3368638,0.614746,0.355974,-0.02122806,SelectionStart
135.099,24,2,3,0,0.7103138,0.8491786,0.2984494,330.7459,130.8574,77.6377,0.6982815,0.9060333,0.3368638,0.614746,0.355974,-0.02122806,SelectionEnd
135.1047,24,2,3,0,0.7103138,0.8491786,0.2984494,330.7459,130.8574,77.6377,0.6982815,0.9060333,0.3368638,0.614746,0.355974,-0.02122806,GotSelection
135.1165,24,2,3,0,0.710563,0.8491631,0.2984076,330.7873,130.8104,77.69107,0.699997,0.9033177,0.3410915,0.5904903,0.394078,-0.04996889,SelectionStart
135.1165,24,2,3,0,0.710563,0.8491631,0.2984076,330.7873,130.8104,77.69107,0.699997,0.9033177,0.3410915,0.5904903,0.394078,-0.04996889,SelectionEnd
135.1201,24,2,3,0,0.710563,0.8491631,0.2984076,330.7873,130.8104,77.69107,0.699997,0.9033177,0.3410915,0.5904903,0.394078,-0.04996889,GotSelection
135.1295,24,2,3,0,0.7105708,0.8492081,0.2982784,330.8015,130.8384,77.65941,0.7009471,0.9019695,0.3425863,0.5759122,0.4103458,-0.06028586,SelectionStart
135.1295,24,2,3,0,0.7105708,0.8492081,0.2982784,330.8015,130.8384,77.65941,0.7009471,0.9019695,0.3425863,0.5759122,0.4103458,-0.06028586,SelectionEnd
135.1328,24,2,3,0,0.7105708,0.8492081,0.2982784,330.8015,130.8384,77.65941,0.7009471,0.9019695,0.3425863,0.5759122,0.4103458,-0.06028586,GotSelection
135.1425,24,2,3,0,0.7097867,0.8490833,0.2984191,330.7277,130.7037,77.65537,0.7020869,0.900241,0.3447345,0.5547363,0.4356445,-0.06554878,SelectionStart
135.1425,24,2,3,0,0.7097867,0.8490833,0.2984191,330.7277,130.7037,77.65537,0.7020869,0.900241,0.3447345,0.5547363,0.4356445,-0.06554878,SelectionEnd
135.1471,24,2,3,0,0.7097867,0.8490833,0.2984191,330.7277,130.7037,77.65537,0.7020869,0.900241,0.3447345,0.5547363,0.4356445,-0.06554878,GotSelection
135.1574,24,2,3,0,0.7096707,0.8492292,0.2982,330.7493,130.7169,77.61036,0.7024271,0.9001587,0.3448005,0.5505341,0.4405111,-0.0655652,SelectionStart
135.1574,24,2,3,0,0.7096707,0.8492292,0.2982,330.7493,130.7169,77.61036,0.7024271,0.9001587,0.3448005,0.5505341,0.4405111,-0.0655652,SelectionEnd
135.161,24,2,3,0,0.7096707,0.8492292,0.2982,330.7493,130.7169,77.61036,0.7024271,0.9001587,0.3448005,0.5505341,0.4405111,-0.0655652,GotSelection
135.1711,24,2,3,0,0.7098606,0.8491664,0.2978298,330.7303,130.71,77.55762,0.7031295,0.8998428,0.345515,0.5469355,0.4524385,-0.06942376,SelectionStart
135.1711,24,2,3,0,0.7098606,0.8491664,0.2978298,330.7303,130.71,77.55762,0.7031295,0.8998428,0.345515,0.5469355,0.4524385,-0.06942376,SelectionEnd
135.1747,24,2,3,0,0.7098606,0.8491664,0.2978298,330.7303,130.71,77.55762,0.7031295,0.8998428,0.345515,0.5469355,0.4524385,-0.06942376,GotSelection
135.1842,24,2,3,0,0.7100516,0.8491749,0.2977326,330.7426,130.7421,77.5295,0.7028555,0.9004212,0.3453703,0.5540956,0.4505809,-0.06973692,SelectionStart
135.1842,24,2,3,0,0.7100516,0.8491749,0.2977326,330.7426,130.7421,77.5295,0.7028555,0.9004212,0.3453703,0.5540956,0.4505809,-0.06973692,SelectionEnd
135.1878,24,2,3,0,0.7100516,0.8491749,0.2977326,330.7426,130.7421,77.5295,0.7028555,0.9004212,0.3453703,0.5540956,0.4505809,-0.06973692,GotSelection
135.1974,24,2,3,0,0.7101664,0.8492054,0.2977469,330.7593,130.7692,77.52893,0.7026491,0.9018633,0.3442421,0.5663715,0.44189,-0.05854402,SelectionStart
135.1974,24,2,3,0,0.7101664,0.8492054,0.2977469,330.7593,130.7692,77.52893,0.7026491,0.9018633,0.3442421,0.5663715,0.44189,-0.05854402,SelectionEnd
135.2007,24,2,3,0,0.7101664,0.8492054,0.2977469,330.7593,130.7692,77.52893,0.7026491,0.9018633,0.3442421,0.5663715,0.44189,-0.05854402,GotSelection
135.2101,24,2,3,0,0.7103988,0.8491613,0.2979561,330.7656,130.7338,77.5986,0.7022423,0.9030437,0.3427518,0.578105,0.4260865,-0.04678621,SelectionStart
135.2101,24,2,3,0,0.7103988,0.8491613,0.2979561,330.7656,130.7338,77.5986,0.7022423,0.9030437,0.3427518,0.578105,0.4260865,-0.04678621,SelectionEnd
135.2135,24,2,3,0,0.7103988,0.8491613,0.2979561,330.7656,130.7338,77.5986,0.7022423,0.9030437,0.3427518,0.578105,0.4260865,-0.04678621,GotSelection
135.2263,24,2,3,0,0.7107161,0.8486567,0.2985873,330.663,130.7232,77.70705,0.7014617,0.9048918,0.3401537,0.600042,0.3966315,-0.02246763,SelectionStart
135.2264,24,2,3,0,0.7107161,0.8486567,0.2985873,330.663,130.7232,77.70705,0.7014617,0.9048918,0.3401537,0.600042,0.3966315,-0.02246763,SelectionEnd
135.2299,24,2,3,0,0.7107161,0.8486567,0.2985873,330.663,130.7232,77.70705,0.7014617,0.9048918,0.3401537,0.600042,0.3966315,-0.02246763,GotSelection
135.2402,24,2,3,0,0.7106156,0.8486367,0.2989291,330.6199,130.698,77.76889,0.7010985,0.9065052,0.3376613,0.6115384,0.3743214,0.0009695432,SelectionStart
135.2402,24,2,3,0,0.7106156,0.8486367,0.2989291,330.6199,130.698,77.76889,0.7010985,0.9065052,0.3376613,0.6115384,0.3743214,0.0009695432,SelectionEnd
135.2437,24,2,3,0,0.7106156,0.8486367,0.2989291,330.6199,130.698,77.76889,0.7010985,0.9065052,0.3376613,0.6115384,0.3743214,0.0009695432,GotSelection
135.2552,24,2,3,0,0.7105237,0.8485407,0.2991841,330.5833,130.7049,77.77997,0.6996431,0.9090386,0.3336453,0.6348007,0.3361063,0.03012022,SelectionStart
135.2553,24,2,3,0,0.7105237,0.8485407,0.2991841,330.5833,130.7049,77.77997,0.6996431,0.9090386,0.3336453,0.6348007,0.3361063,0.03012022,SelectionEnd
135.2586,24,2,3,0,0.7105237,0.8485407,0.2991841,330.5833,130.7049,77.77997,0.6996431,0.9090386,0.3336453,0.6348007,0.3361063,0.03012022,GotSelection
135.2982,24,2,3,0,0.7101243,0.8486795,0.2991952,330.5364,130.7946,77.70385,0.6977031,0.9136585,0.3282496,0.6729482,0.2916108,0.07392498,SelectionStart
135.2982,24,2,3,0,0.7101243,0.8486795,0.2991952,330.5364,130.7946,77.70385,0.6977031,0.9136585,0.3282496,0.6729482,0.2916108,0.07392498,SelectionEnd
135.3015,24,2,3,0,0.7101243,0.8486795,0.2991952,330.5364,130.7946,77.70385,0.6977031,0.9136585,0.3282496,0.6729482,0.2916108,0.07392498,GotSelection
135.311,24,2,3,0,0.7101663,0.8487676,0.2992182,330.5677,130.7671,77.7207,0.698596,0.9134533,0.3297594,0.668415,0.3081072,0.06922028,SelectionStart
135.311,24,2,3,0,0.7101663,0.8487676,0.2992182,330.5677,130.7671,77.7207,0.698596,0.9134533,0.3297594,0.668415,0.3081072,0.06922028,SelectionEnd
135.3143,24,2,3,0,0.7101663,0.8487676,0.2992182,330.5677,130.7671,77.7207,0.698596,0.9134533,0.3297594,0.668415,0.3081072,0.06922028,GotSelection
135.3264,24,2,3,0,0.7097689,0.8486522,0.2994248,330.5549,130.6651,77.75234,0.7007123,0.9122204,0.3330392,0.650501,0.3457812,0.06317172,SelectionStart
135.3264,24,2,3,0,0.7097689,0.8486522,0.2994248,330.5549,130.6651,77.75234,0.7007123,0.9122204,0.3330392,0.650501,0.3457812,0.06317172,SelectionEnd
135.3299,24,2,3,0,0.7097689,0.8486522,0.2994248,330.5549,130.6651,77.75234,0.7007123,0.9122204,0.3330392,0.650501,0.3457812,0.06317172,GotSelection
135.3396,24,2,3,0,0.7099178,0.8489275,0.2991687,330.5814,130.6431,77.75115,0.7029232,0.9102314,0.3353451,0.6241943,0.3745158,0.05063983,SelectionStart
135.3396,24,2,3,0,0.7099178,0.8489275,0.2991687,330.5814,130.6431,77.75115,0.7029232,0.9102314,0.3353451,0.6241943,0.3745158,0.05063983,SelectionEnd
135.3429,24,2,3,0,0.7099178,0.8489275,0.2991687,330.5814,130.6431,77.75115,0.7029232,0.9102314,0.3353451,0.6241943,0.3745158,0.05063983,GotSelection
135.3524,24,2,3,0,0.7097804,0.8490644,0.2990279,330.5971,130.6436,77.73347,0.7043484,0.9081501,0.3374898,0.6003479,0.3982776,0.03664551,SelectionStart
135.3524,24,2,3,0,0.7097804,0.8490644,0.2990279,330.5971,130.6436,77.73347,0.7043484,0.9081501,0.3374898,0.6003479,0.3982776,0.03664551,SelectionEnd
135.3559,24,2,3,0,0.7097804,0.8490644,0.2990279,330.5971,130.6436,77.73347,0.7043484,0.9081501,0.3374898,0.6003479,0.3982776,0.03664551,GotSelection
135.3673,24,2,3,0,0.7098248,0.8491372,0.2988215,330.5988,130.6458,77.70344,0.7070696,0.9043989,0.3404522,0.5580889,0.4327253,0.01717119,SelectionStart
135.3673,24,2,3,0,0.7098248,0.8491372,0.2988215,330.5988,130.6458,77.70344,0.7070696,0.9043989,0.3404522,0.5580889,0.4327253,0.01717119,SelectionEnd
135.3706,24,2,3,0,0.7098248,0.8491372,0.2988215,330.5988,130.6458,77.70344,0.7070696,0.9043989,0.3404522,0.5580889,0.4327253,0.01717119,GotSelection
135.3807,24,2,3,0,0.7098202,0.8490313,0.298706,330.5935,130.5985,77.72439,0.7087863,0.9016223,0.3421745,0.5288804,0.4526464,0.005057655,SelectionStart
135.3807,24,2,3,0,0.7098202,0.8490313,0.298706,330.5935,130.5985,77.72439,0.7087863,0.9016223,0.3421745,0.5288804,0.4526464,0.005057655,SelectionEnd
135.384,24,2,3,0,0.7098202,0.8490313,0.298706,330.5935,130.5985,77.72439,0.7087863,0.9016223,0.3421745,0.5288804,0.4526464,0.005057655,GotSelection
135.3944,24,2,3,0,0.7096666,0.8490306,0.2987494,330.5868,130.5367,77.75212,0.7114579,0.8985307,0.3446809,0.4913162,0.4832264,-0.00519185,SelectionStart
135.3944,24,2,3,0,0.7096666,0.8490306,0.2987494,330.5868,130.5367,77.75212,0.7114579,0.8985307,0.3446809,0.4913162,0.4832264,-0.00519185,SelectionEnd
135.3979,24,2,3,0,0.7096666,0.8490306,0.2987494,330.5868,130.5367,77.75212,0.7114579,0.8985307,0.3446809,0.4913162,0.4832264,-0.00519185,GotSelection
135.4092,24,2,3,0,0.7094092,0.8488464,0.2986696,330.5794,130.5059,77.74557,0.7144207,0.8958935,0.3465998,0.4563788,0.5135669,-0.007015782,SelectionStart
135.4092,24,2,3,0,0.7094092,0.8488464,0.2986696,330.5794,130.5059,77.74557,0.7144207,0.8958935,0.3465998,0.4563788,0.5135669,-0.007015782,SelectionEnd
135.4128,24,2,3,0,0.7094092,0.8488464,0.2986696,330.5794,130.5059,77.74557,0.7144207,0.8958935,0.3465998,0.4563788,0.5135669,-0.007015782,GotSelection
135.4229,24,2,3,0,0.7094502,0.8487551,0.2985893,330.5646,130.4747,77.7459,0.7167268,0.8947749,0.347724,0.4375493,0.5345438,-0.00346886,SelectionStart
135.4229,24,2,3,0,0.7094502,0.8487551,0.2985893,330.5646,130.4747,77.7459,0.7167268,0.8947749,0.347724,0.4375493,0.5345438,-0.00346886,SelectionEnd
135.4261,24,2,3,0,0.7094502,0.8487551,0.2985893,330.5646,130.4747,77.7459,0.7167268,0.8947749,0.347724,0.4375493,0.5345438,-0.00346886,GotSelection
135.4352,24,2,3,0,0.7090749,0.848605,0.2986549,330.5219,130.4324,77.73723,0.7196773,0.8932188,0.3491122,0.4100061,0.5618737,0.00501718,SelectionStart
135.4352,24,2,3,0,0.7090749,0.848605,0.2986549,330.5219,130.4324,77.73723,0.7196773,0.8932188,0.3491122,0.4100061,0.5618737,0.00501718,SelectionEnd
135.4385,24,2,3,0,0.7090749,0.848605,0.2986549,330.5219,130.4324,77.73723,0.7196773,0.8932188,0.3491122,0.4100061,0.5618737,0.00501718,GotSelection
135.4771,24,2,3,0,0.708692,0.8485303,0.2985861,330.4677,130.5118,77.63831,0.7263274,0.8892902,0.3512928,0.3431985,0.6133695,0.02006408,SelectionStart
135.4772,24,2,3,0,0.708692,0.8485303,0.2985861,330.4677,130.5118,77.63831,0.7263274,0.8892902,0.3512928,0.3431985,0.6133695,0.02006408,SelectionEnd
135.4807,24,2,3,0,0.708692,0.8485303,0.2985861,330.4677,130.5118,77.63831,0.7263274,0.8892902,0.3512928,0.3431985,0.6133695,0.02006408,GotSelection
135.5273,24,2,3,0,0.7094625,0.848592,0.2990384,330.5327,130.5087,77.79375,0.7332846,0.881138,0.3513593,0.2412217,0.6289122,0.02234286,SelectionStart
135.5274,24,2,3,0,0.7094625,0.848592,0.2990384,330.5327,130.5087,77.79375,0.7332846,0.881138,0.3513593,0.2412217,0.6289122,0.02234286,SelectionEnd
135.5306,24,2,3,0,0.7094625,0.848592,0.2990384,330.5327,130.5087,77.79375,0.7332846,0.881138,0.3513593,0.2412217,0.6289122,0.02234286,GotSelection
135.6093,24,2,3,0,0.7132879,0.848715,0.2986822,330.8994,130.9313,77.8989,0.7382047,0.8764728,0.3492644,0.1947396,0.6107968,0.0101223,Nothing
135.6179,24,2,3,0,0.7124473,0.8486907,0.2994722,331.0361,130.6527,78.09513,0.7382973,0.8767633,0.3490974,0.1919871,0.6085922,0.02517073,Nothing
135.6259,24,2,3,0,0.7126012,0.8486247,0.2996457,331.0425,130.6109,78.14899,0.738232,0.8770845,0.3488196,0.1961348,0.6041988,0.02853918,Nothing
135.6343,24,2,3,0,0.7124216,0.848892,0.299482,331.0261,130.5977,78.15805,0.7383257,0.8776821,0.3486381,0.1976368,0.6062064,0.03232933,Nothing
135.6421,24,2,3,0,0.7128553,0.8491169,0.2994194,331.0467,130.505,78.2471,0.7381642,0.8782571,0.3484082,0.2039144,0.6018624,0.03165771,SelectionStart
135.6421,24,2,3,0,0.7128553,0.8491169,0.2994194,331.0467,130.505,78.2471,0.7381642,0.8782571,0.3484082,0.2039144,0.6018624,0.03165771,SelectionEnd
135.6455,24,2,3,0,0.7128553,0.8491169,0.2994194,331.0467,130.505,78.2471,0.7381642,0.8782571,0.3484082,0.2039144,0.6018624,0.03165771,GotSelection
135.6546,24,2,3,0,0.712963,0.8493332,0.2994328,331.0533,130.4404,78.32196,0.7379104,0.8796585,0.3480364,0.2159544,0.598572,0.03778744,SelectionStart
135.6547,24,2,3,0,0.712963,0.8493332,0.2994328,331.0533,130.4404,78.32196,0.7379104,0.8796585,0.3480364,0.2159544,0.598572,0.03778744,SelectionEnd
135.658,24,2,3,0,0.712963,0.8493332,0.2994328,331.0533,130.4404,78.32196,0.7379104,0.8796585,0.3480364,0.2159544,0.598572,0.03778744,GotSelection
135.6682,24,2,3,0,0.7131767,0.8495407,0.2992517,331.0782,130.3876,78.35991,0.7378756,0.8813403,0.3475164,0.2297169,0.5969362,0.04562406,SelectionStart
135.6682,24,2,3,0,0.7131767,0.8495407,0.2992517,331.0782,130.3876,78.35991,0.7378756,0.8813403,0.3475164,0.2297169,0.5969362,0.04562406,SelectionEnd
135.6718,24,2,3,0,0.7131767,0.8495407,0.2992517,331.0782,130.3876,78.35991,0.7378756,0.8813403,0.3475164,0.2297169,0.5969362,0.04562406,GotSelection
135.6817,24,2,3,0,0.7133195,0.8497228,0.2991714,331.0917,130.3755,78.36823,0.7372941,0.8840836,0.3467454,0.2547112,0.5916891,0.05734143,SelectionStart
135.6817,24,2,3,0,0.7133195,0.8497228,0.2991714,331.0917,130.3755,78.36823,0.7372941,0.8840836,0.3467454,0.2547112,0.5916891,0.05734143,SelectionEnd
135.685,24,2,3,0,0.7133195,0.8497228,0.2991714,331.0917,130.3755,78.36823,0.7372941,0.8840836,0.3467454,0.2547112,0.5916891,0.05734143,GotSelection
135.6949,24,2,3,0,0.7133507,0.8497453,0.2991347,331.1026,130.4002,78.33619,0.7370067,0.8863204,0.346032,0.2744205,0.5883926,0.06973772,SelectionStart
135.695,24,2,3,0,0.7133507,0.8497453,0.2991347,331.1026,130.4002,78.33619,0.7370067,0.8863204,0.346032,0.2744205,0.5883926,0.06973772,SelectionEnd
135.6984,24,2,3,0,0.7133507,0.8497453,0.2991347,331.1026,130.4002,78.33619,0.7370067,0.8863204,0.346032,0.2744205,0.5883926,0.06973772,GotSelection
135.7106,24,2,3,0,0.7133624,0.8497701,0.2989371,331.1378,130.4364,78.27389,0.7365101,0.8899992,0.3448734,0.3070205,0.5844531,0.08931784,SelectionStart
135.7106,24,2,3,0,0.7133624,0.8497701,0.2989371,331.1378,130.4364,78.27389,0.7365101,0.8899992,0.3448734,0.3070205,0.5844531,0.08931784,SelectionEnd
135.7146,24,2,3,0,0.7133624,0.8497701,0.2989371,331.1378,130.4364,78.27389,0.7365101,0.8899992,0.3448734,0.3070205,0.5844531,0.08931784,GotSelection
135.7256,24,2,3,0,0.7134586,0.8498476,0.298829,331.1825,130.4307,78.26335,0.7355364,0.8937617,0.342952,0.3417675,0.5701516,0.110389,SelectionStart
135.7257,24,2,3,0,0.7134586,0.8498476,0.298829,331.1825,130.4307,78.26335,0.7355364,0.8937617,0.342952,0.3417675,0.5701516,0.110389,SelectionEnd
135.729,24,2,3,0,0.7134586,0.8498476,0.298829,331.1825,130.4307,78.26335,0.7355364,0.8937617,0.342952,0.3417675,0.5701516,0.110389,GotSelection
135.7394,24,2,3,0,0.7137351,0.8502943,0.2986264,331.2215,130.4028,78.29781,0.7350898,0.8968691,0.3412916,0.3667271,0.5586572,0.1268834,SelectionStart
135.7395,24,2,3,0,0.7137351,0.8502943,0.2986264,331.2215,130.4028,78.29781,0.7350898,0.8968691,0.3412916,0.3667271,0.5586572,0.1268834,SelectionEnd
135.7427,24,2,3,0,0.7137351,0.8502943,0.2986264,331.2215,130.4028,78.29781,0.7350898,0.8968691,0.3412916,0.3667271,0.5586572,0.1268834,GotSelection
135.7523,24,2,3,0,0.7138146,0.8501036,0.2987161,331.2408,130.3655,78.32088,0.7344266,0.9004509,0.3388894,0.3997515,0.5405757,0.1548843,SelectionStart
135.7523,24,2,3,0,0.7138146,0.8501036,0.2987161,331.2408,130.3655,78.32088,0.7344266,0.9004509,0.3388894,0.3997515,0.5405757,0.1548843,SelectionEnd
135.7557,24,2,3,0,0.7138146,0.8501036,0.2987161,331.2408,130.3655,78.32088,0.7344266,0.9004509,0.3388894,0.3997515,0.5405757,0.1548843,GotSelection
135.7673,24,2,3,0,0.7137139,0.8498293,0.2987648,331.2407,130.3342,78.32619,0.7342576,0.9033893,0.3363561,0.4241827,0.5246697,0.1853502,SelectionStart
135.7673,24,2,3,0,0.7137139,0.8498293,0.2987648,331.2407,130.3342,78.32619,0.7342576,0.9033893,0.3363561,0.4241827,0.5246697,0.1853502,SelectionEnd
135.7707,24,2,3,0,0.7137139,0.8498293,0.2987648,331.2407,130.3342,78.32619,0.7342576,0.9033893,0.3363561,0.4241827,0.5246697,0.1853502,GotSelection
135.7803,24,2,3,0,0.7136127,0.8497667,0.2988207,331.214,130.3635,78.30784,0.7342765,0.9041705,0.3356518,0.4296578,0.5207034,0.1947687,SelectionStart
135.7803,24,2,3,0,0.7136127,0.8497667,0.2988207,331.214,130.3635,78.30784,0.7342765,0.9041705,0.3356518,0.4296578,0.5207034,0.1947687,SelectionEnd
135.7836,24,2,3,0,0.7136127,0.8497667,0.2988207,331.214,130.3635,78.30784,0.7342765,0.9041705,0.3356518,0.4296578,0.5207034,0.1947687,GotSelection
135.8259,24,2,3,0,0.7139314,0.8494159,0.2987334,331.1746,130.2852,78.33011,0.7355255,0.9017922,0.3369708,0.4091943,0.5338237,0.1838784,SelectionStart
135.8259,24,2,3,0,0.7139314,0.8494159,0.2987334,331.1746,130.2852,78.33011,0.7355255,0.9017922,0.3369708,0.4091943,0.5338237,0.1838784,SelectionEnd
135.8293,24,2,3,0,0.7139314,0.8494159,0.2987334,331.1746,130.2852,78.33011,0.7355255,0.9017922,0.3369708,0.4091943,0.5338237,0.1838784,GotSelection
135.8382,24,2,3,0,0.712375,0.8495768,0.2993806,331.0888,130.1868,78.40045,0.7380941,0.8936973,0.3390219,0.3184621,0.553601,0.1646335,SelectionStart
135.8382,24,2,3,0,0.712375,0.8495768,0.2993806,331.0888,130.1868,78.40045,0.7380941,0.8936973,0.3390219,0.3184621,0.553601,0.1646335,SelectionEnd
135.8415,24,2,3,0,0.712375,0.8495768,0.2993806,331.0888,130.1868,78.40045,0.7380941,0.8936973,0.3390219,0.3184621,0.553601,0.1646335,GotSelection
135.8521,24,2,3,0,0.7121665,0.8493786,0.299374,331.0689,130.1849,78.38233,0.7387723,0.8892398,0.339424,0.2771546,0.554459,0.1474681,SelectionStart
135.8521,24,2,3,0,0.7121665,0.8493786,0.299374,331.0689,130.1849,78.38233,0.7387723,0.8892398,0.339424,0.2771546,0.554459,0.1474681,SelectionEnd
135.8557,24,2,3,0,0.7121665,0.8493786,0.299374,331.0689,130.1849,78.38233,0.7387723,0.8892398,0.339424,0.2771546,0.554459,0.1474681,GotSelection
135.8677,24,2,3,0,0.7120515,0.8491841,0.2993395,331.0578,130.1834,78.37632,0.7397561,0.8833073,0.33976,0.2219438,0.553477,0.1245855,SelectionStart
135.8678,24,2,3,0,0.7120515,0.8491841,0.2993395,331.0578,130.1834,78.37632,0.7397561,0.8833073,0.33976,0.2219438,0.553477,0.1245855,SelectionEnd
135.8715,24,2,3,0,0.7120515,0.8491841,0.2993395,331.0578,130.1834,78.37632,0.7397561,0.8833073,0.33976,0.2219438,0.553477,0.1245855,GotSelection
135.8805,24,2,3,0,0.7121677,0.8490793,0.2993367,331.0688,130.1669,78.39822,0.7409235,0.8771077,0.3402558,0.1642989,0.5525585,0.09886924,SelectionStart
135.8806,24,2,3,0,0.7121677,0.8490793,0.2993367,331.0688,130.1669,78.39822,0.7409235,0.8771077,0.3402558,0.1642989,0.5525585,0.09886924,SelectionEnd
135.8838,24,2,3,0,0.7121677,0.8490793,0.2993367,331.0688,130.1669,78.39822,0.7409235,0.8771077,0.3402558,0.1642989,0.5525585,0.09886924,GotSelection
135.8934,24,2,3,0,0.7123508,0.8489515,0.2994289,331.0434,130.2241,78.39632,0.7424842,0.8727638,0.3408343,0.1214652,0.5568576,0.08430637,SelectionStart
135.8934,24,2,3,0,0.7123508,0.8489515,0.2994289,331.0434,130.2241,78.39632,0.7424842,0.8727638,0.3408343,0.1214652,0.5568576,0.08430637,SelectionEnd
135.8968,24,2,3,0,0.7123508,0.8489515,0.2994289,331.0434,130.2241,78.39632,0.7424842,0.8727638,0.3408343,0.1214652,0.5568576,0.08430637,GotSelection
135.9064,24,2,3,0,0.7123066,0.8490896,0.2992473,331.0481,130.2555,78.36905,0.7437544,0.8686382,0.3415916,0.07892799,0.564503,0.06652037,SelectionStart
135.9064,24,2,3,0,0.7123066,0.8490896,0.2992473,331.0481,130.2555,78.36905,0.7437544,0.8686382,0.3415916,0.07892799,0.564503,0.06652037,SelectionEnd
135.9097,24,2,3,0,0.7123066,0.8490896,0.2992473,331.0481,130.2555,78.36905,0.7437544,0.8686382,0.3415916,0.07892799,0.564503,0.06652037,GotSelection
135.9192,24,2,3,0,0.7123185,0.8490698,0.2992071,331.0444,130.2708,78.35574,0.7449377,0.8652265,0.342382,0.04461746,0.5719562,0.05284058,SelectionStart
135.9192,24,2,3,0,0.7123185,0.8490698,0.2992071,331.0444,130.2708,78.35574,0.7449377,0.8652265,0.342382,0.04461746,0.5719562,0.05284058,SelectionEnd
135.9231,24,2,3,0,0.7123185,0.8490698,0.2992071,331.0444,130.2708,78.35574,0.7449377,0.8652265,0.342382,0.04461746,0.5719562,0.05284058,GotSelection
135.9342,24,2,3,0,0.7122701,0.8491287,0.2992698,331.033,130.2593,78.35794,0.7464402,0.8615583,0.3437904,0.006296806,0.5851977,0.03735586,SelectionStart
135.9342,24,2,3,0,0.7122701,0.8491287,0.2992698,331.033,130.2593,78.35794,0.7464402,0.8615583,0.3437904,0.006296806,0.5851977,0.03735586,SelectionEnd
135.9377,24,2,3,0,0.7122701,0.8491287,0.2992698,331.033,130.2593,78.35794,0.7464402,0.8615583,0.3437904,0.006296806,0.5851977,0.03735586,GotSelection
135.9485,24,2,3,0,0.7123558,0.8490578,0.2993566,331.0222,130.2436,78.38321,0.7475802,0.8592491,0.3452498,-0.01624877,0.5985214,0.02572134,SelectionStart
135.9485,24,2,3,0,0.7123558,0.8490578,0.2993566,331.0222,130.2436,78.38321,0.7475802,0.8592491,0.3452498,-0.01624877,0.5985214,0.02572134,SelectionEnd
135.9521,24,2,3,0,0.7123558,0.8490578,0.2993566,331.0222,130.2436,78.38321,0.7475802,0.8592491,0.3452498,-0.01624877,0.5985214,0.02572134,GotSelection
135.9619,24,2,3,0,0.7124127,0.849012,0.299503,331.0143,130.2027,78.42498,0.7480651,0.8593449,0.3459425,-0.01607714,0.6057211,0.02657448,SelectionStart
135.9619,24,2,3,0,0.7124127,0.849012,0.299503,331.0143,130.2027,78.42498,0.7480651,0.8593449,0.3459425,-0.01607714,0.6057211,0.02657448,SelectionEnd
135.9652,24,2,3,0,0.7124127,0.849012,0.299503,331.0143,130.2027,78.42498,0.7480651,0.8593449,0.3459425,-0.01607714,0.6057211,0.02657448,GotSelection
135.9761,24,2,3,0,0.7126547,0.8488681,0.2997543,330.9898,130.1978,78.49107,0.7483978,0.8592786,0.3468533,-0.01415288,0.6118454,0.02387005,SelectionStart
135.9762,24,2,3,0,0.7126547,0.8488681,0.2997543,330.9898,130.1978,78.49107,0.7483978,0.8592786,0.3468533,-0.01415288,0.6118454,0.02387005,SelectionEnd
135.9794,24,2,3,0,0.7126547,0.8488681,0.2997543,330.9898,130.1978,78.49107,0.7483978,0.8592786,0.3468533,-0.01415288,0.6118454,0.02387005,GotSelection
136.0182,24,2,3,0,0.7139392,0.8487461,0.3007242,331.0319,129.9953,78.87425,0.744729,0.8717241,0.3468431,0.1220765,0.5971143,0.05950193,SelectionStart
136.0182,24,2,3,0,0.7139392,0.8487461,0.3007242,331.0319,129.9953,78.87425,0.744729,0.8717241,0.3468431,0.1220765,0.5971143,0.05950193,SelectionEnd
136.0215,24,2,3,0,0.7139392,0.8487461,0.3007242,331.0319,129.9953,78.87425,0.744729,0.8717241,0.3468431,0.1220765,0.5971143,0.05950193,GotSelection
136.0327,24,2,3,0,0.7143837,0.8487224,0.3010846,331.0597,129.8537,79.03568,0.7426804,0.8767645,0.3454257,0.1769854,0.5764498,0.07868833,SelectionStart
136.0327,24,2,3,0,0.7143837,0.8487224,0.3010846,331.0597,129.8537,79.03568,0.7426804,0.8767645,0.3454257,0.1769854,0.5764498,0.07868833,SelectionEnd
136.0363,24,2,3,0,0.7143837,0.8487224,0.3010846,331.0597,129.8537,79.03568,0.7426804,0.8767645,0.3454257,0.1769854,0.5764498,0.07868833,GotSelection
136.046,24,2,3,0,0.7149734,0.8486738,0.3014929,331.0945,129.674,79.24577,0.739186,0.8834136,0.3424201,0.2517144,0.5354424,0.1043945,SelectionStart
136.0461,24,2,3,0,0.7149734,0.8486738,0.3014929,331.0945,129.674,79.24577,0.739186,0.8834136,0.3424201,0.2517144,0.5354424,0.1043945,SelectionEnd
136.0495,24,2,3,0,0.7149734,0.8486738,0.3014929,331.0945,129.674,79.24577,0.739186,0.8834136,0.3424201,0.2517144,0.5354424,0.1043945,GotSelection
136.059,24,2,3,0,0.71544,0.8485279,0.3019529,331.1141,129.499,79.45162,0.7359321,0.8881891,0.3391141,0.3083033,0.4902359,0.1255645,SelectionStart
136.059,24,2,3,0,0.71544,0.8485279,0.3019529,331.1141,129.499,79.45162,0.7359321,0.8881891,0.3391141,0.3083033,0.4902359,0.1255645,SelectionEnd
136.0623,24,2,3,0,0.71544,0.8485279,0.3019529,331.1141,129.499,79.45162,0.7359321,0.8881891,0.3391141,0.3083033,0.4902359,0.1255645,GotSelection
136.0712,24,2,3,0,0.7159049,0.8484401,0.3022469,331.1491,129.4304,79.59731,0.7325072,0.8932482,0.3354313,0.367126,0.4426319,0.1468306,SelectionStart
136.0713,24,2,3,0,0.7159049,0.8484401,0.3022469,331.1491,129.4304,79.59731,0.7325072,0.8932482,0.3354313,0.367126,0.4426319,0.1468306,SelectionEnd
136.0747,24,2,3,0,0.7159049,0.8484401,0.3022469,331.1491,129.4304,79.59731,0.7325072,0.8932482,0.3354313,0.367126,0.4426319,0.1468306,GotSelection
136.0849,24,2,3,0,0.7162736,0.8483663,0.3025082,331.1645,129.4698,79.67213,0.7284603,0.9001347,0.3304088,0.441905,0.3842103,0.1802913,SelectionStart
136.0849,24,2,3,0,0.7162736,0.8483663,0.3025082,331.1645,129.4698,79.67213,0.7284603,0.9001347,0.3304088,0.441905,0.3842103,0.1802913,SelectionEnd
136.0884,24,2,3,0,0.7162736,0.8483663,0.3025082,331.1645,129.4698,79.67213,0.7284603,0.9001347,0.3304088,0.441905,0.3842103,0.1802913,GotSelection
136.1222,24,2,3,0,0.7168185,0.8485452,0.3026311,331.2495,129.4592,79.75893,0.721061,0.9143072,0.3223307,0.5909798,0.292402,0.240018,Nothing
136.1342,24,2,3,0,0.7174034,0.8486872,0.3029285,331.2831,129.421,79.84765,0.7194037,0.9180356,0.3208016,0.6309449,0.2692453,0.2522127,Nothing
136.142,24,2,3,0,0.7176549,0.8487424,0.3030151,331.3157,129.3845,79.90351,0.717791,0.9204965,0.3194858,0.6591989,0.250189,0.2587666,Nothing
136.1504,24,2,3,0,0.7179393,0.848686,0.3029952,331.3686,129.3077,80.00347,0.7159242,0.9240947,0.3177692,0.6995681,0.2285052,0.2708653,Nothing
136.1589,24,2,3,0,0.7183144,0.8486871,0.3031641,331.4154,129.2059,80.12678,0.7142594,0.9264187,0.3162115,0.7276042,0.2047876,0.2773872,Nothing
136.167,24,2,3,0,0.7189965,0.8484128,0.3036723,331.4752,129.1055,80.28358,0.7126474,0.9284101,0.3146077,0.7558311,0.1758001,0.2837435,Nothing
136.1792,24,2,3,0,0.7193884,0.8483629,0.3039134,331.5144,129.0097,80.41363,0.711006,0.9304109,0.3129429,0.7809968,0.1499064,0.289848,Nothing
136.1849,24,2,3,0,0.7200253,0.8482038,0.3042221,331.5532,128.8783,80.61317,0.7091585,0.9319133,0.311152,0.8046136,0.118268,0.2918932,Nothing
136.1998,24,2,3,0,0.7209293,0.8480341,0.304979,331.6287,128.4526,81.05245,0.7059242,0.9350204,0.308107,0.8478352,0.06241934,0.2987466,Nothing
136.2083,24,2,3,0,0.7216802,0.8477519,0.3054911,331.6779,128.1391,81.39718,0.7032806,0.9364682,0.3059896,0.8752365,0.01921236,0.2966621,Nothing
136.2167,24,2,3,0,0.7221533,0.8474917,0.3061793,331.6897,127.8679,81.71159,0.7016987,0.9370464,0.3048049,0.8892773,-0.0110833,0.29583,Nothing
136.2252,24,2,3,0,0.7226655,0.8471821,0.3065325,331.7095,127.6794,81.97305,0.7002155,0.9374853,0.3036671,0.9027359,-0.03743985,0.2927434,Nothing
136.2334,24,2,3,0,0.7230771,0.8469869,0.3069978,331.7276,127.5168,82.18961,0.6985124,0.9375638,0.3027087,0.9125004,-0.06391225,0.2860976,Nothing
136.2419,24,2,3,0,0.7234057,0.8469105,0.3072861,331.7495,127.3943,82.36024,0.697017,0.9374672,0.3017531,0.9185351,-0.08699711,0.2790722,Nothing
136.25,24,2,3,0,0.7236942,0.8467506,0.3075133,331.7674,127.291,82.4956,0.6956069,0.9374812,0.3008042,0.9257709,-0.1080763,0.2735578,Nothing
136.2587,24,2,3,0,0.7233561,0.846787,0.3077824,331.7623,127.2236,82.56684,0.6941236,0.9370657,0.2999218,0.9248375,-0.1256716,0.2692865,Nothing
136.2675,24,2,3,0,0.7234439,0.8467586,0.3079131,331.7798,127.1237,82.66296,0.6929302,0.9364977,0.2990671,0.924126,-0.1429892,0.2621947,Nothing
136.2752,24,2,3,0,0.7232779,0.8467537,0.3078851,331.7781,127.0947,82.65759,0.6908204,0.9355179,0.2977879,0.9221267,-0.1653889,0.2502496,Nothing
136.2832,24,2,3,0,0.7230507,0.8467795,0.3077374,331.7686,127.0712,82.64182,0.6895197,0.9348684,0.2968877,0.9197126,-0.1782016,0.2434154,Nothing
136.292,24,2,3,0,0.7228099,0.8468205,0.3076658,331.744,127.0894,82.60458,0.6883521,0.9336407,0.2960064,0.9111688,-0.1911879,0.2354967,Nothing
136.2993,24,2,3,0,0.7227461,0.846839,0.3076458,331.7417,127.0742,82.6115,0.6872616,0.9323224,0.2952484,0.9026307,-0.2047705,0.2256391,Nothing
136.3084,24,2,3,0,0.7228006,0.8470489,0.3075573,331.7727,127.1062,82.57778,0.6861872,0.9312324,0.2944016,0.8950307,-0.2185935,0.2150744,Nothing
136.3169,24,2,3,0,0.7227974,0.8471318,0.3074867,331.7963,127.1046,82.5764,0.6853635,0.929289,0.2937795,0.879833,-0.2301659,0.2020506,Nothing
136.3265,24,2,3,0,0.7228338,0.8471912,0.3074459,331.8196,127.0869,82.58505,0.6845548,0.927655,0.293024,0.8674029,-0.2429509,0.1912705,Nothing
136.3336,24,2,3,0,0.7229284,0.8471543,0.3074466,331.8452,127.0359,82.62356,0.6834106,0.9253184,0.2918789,0.850533,-0.2625805,0.176863,Nothing
136.3422,24,2,3,0,0.7229922,0.8471534,0.307463,331.8605,126.9973,82.65737,0.6827624,0.9235377,0.2910743,0.8364107,-0.2758797,0.1671955,Nothing
136.3498,24,2,3,0,0.7231677,0.8471265,0.3076041,331.8829,126.892,82.74957,0.6818669,0.9218727,0.2903743,0.8250548,-0.2917217,0.1552282,Nothing
136.3587,24,2,3,0,0.7233043,0.8470365,0.3076943,331.9036,126.8145,82.81586,0.6813053,0.9202035,0.2895961,0.8124858,-0.3053534,0.1465412,Nothing
136.3668,24,2,3,0,0.7236377,0.8470151,0.3079465,331.9501,126.6839,82.96505,0.6808324,0.9184942,0.2889677,0.7991461,-0.3206923,0.1359226,Nothing
136.3755,24,2,3,0,0.723946,0.8469669,0.3081577,331.9754,126.5732,83.09718,0.6803502,0.9170913,0.2884409,0.7889048,-0.3341573,0.1266284,Nothing
136.3829,24,2,3,0,0.7242592,0.8468913,0.3084383,332.0045,126.445,83.24863,0.6798988,0.9159045,0.2880737,0.7807885,-0.346582,0.1180144,Nothing
136.3924,24,2,3,0,0.7246388,0.846805,0.3087723,332.0439,126.2729,83.43894,0.6793443,0.9144491,0.2876626,0.7708124,-0.3613019,0.1069915,Nothing
136.3997,24,2,3,0,0.7248082,0.8467455,0.3089803,332.0679,126.1611,83.55202,0.6792241,0.9143147,0.2880921,0.7715451,-0.3620942,0.1022734,Nothing
136.4091,24,2,3,0,0.724954,0.8466046,0.309262,332.0602,126.1117,83.62233,0.6791143,0.9144542,0.2887076,0.7755329,-0.3611071,0.09973861,Nothing
136.4179,24,2,3,0,0.7248311,0.8465897,0.3094607,332.0334,126.0949,83.65906,0.679092,0.9144972,0.2893856,0.7762796,-0.3568365,0.09842941,Nothing
136.4265,24,2,3,0,0.724806,0.8465585,0.3094523,332.0243,126.1068,83.66849,0.6790818,0.9151371,0.2906163,0.7844574,-0.3457384,0.09536774,Nothing
136.4345,24,2,3,0,0.7247607,0.8466029,0.3093986,332.0263,126.1206,83.65018,0.6790072,0.9153285,0.2914924,0.7877377,-0.3376668,0.09098653,Nothing
136.4417,24,2,3,0,0.7247651,0.8466415,0.3093526,332.0351,126.1231,83.64305,0.6792191,0.916431,0.293271,0.7998286,-0.3198541,0.08779624,Nothing
136.4499,24,2,3,0,0.724658,0.8467959,0.3090711,332.0546,126.1583,83.56562,0.6792895,0.9173505,0.2949226,0.8098784,-0.3007608,0.08242843,Nothing
136.4584,24,2,3,0,0.7245098,0.8469753,0.3089677,332.0595,126.1924,83.52208,0.6795838,0.918365,0.2970529,0.8196961,-0.2780372,0.07788943,Nothing
136.4675,24,2,3,0,0.7245715,0.8469299,0.3088443,332.0827,126.2184,83.50589,0.6796885,0.9192823,0.2986908,0.8314713,-0.2617597,0.07324918,SelectionStart
136.4675,24,2,3,0,0.7245715,0.8469299,0.3088443,332.0827,126.2184,83.50589,0.6796885,0.9192823,0.2986908,0.8314713,-0.2617597,0.07324918,SelectionEnd
136.4708,24,2,3,0,0.7245715,0.8469299,0.3088443,332.0827,126.2184,83.50589,0.6796885,0.9192823,0.2986908,0.8314713,-0.2617597,0.07324918,GotSelection
136.483,24,2,3,0,0.724809,0.8469623,0.308677,332.1191,126.2366,83.48772,0.6793935,0.9206602,0.3017085,0.851966,-0.2361186,0.05841144,SelectionStart
136.4831,24,2,3,0,0.724809,0.8469623,0.308677,332.1191,126.2366,83.48772,0.6793935,0.9206602,0.3017085,0.851966,-0.2361186,0.05841144,SelectionEnd
136.4864,24,2,3,0,0.724809,0.8469623,0.308677,332.1191,126.2366,83.48772,0.6793935,0.9206602,0.3017085,0.851966,-0.2361186,0.05841144,GotSelection
136.4965,24,2,3,0,0.7250111,0.8469175,0.3088383,332.1236,126.2103,83.54573,0.6795432,0.9206917,0.3025959,0.8540653,-0.2308657,0.05432697,SelectionStart
136.4965,24,2,3,0,0.7250111,0.8469175,0.3088383,332.1236,126.2103,83.54573,0.6795432,0.9206917,0.3025959,0.8540653,-0.2308657,0.05432697,SelectionEnd
136.4997,24,2,3,0,0.7250111,0.8469175,0.3088383,332.1236,126.2103,83.54573,0.6795432,0.9206917,0.3025959,0.8540653,-0.2308657,0.05432697,GotSelection
136.5089,24,2,3,0,0.7251652,0.8467797,0.3089611,332.1382,126.119,83.62776,0.6793958,0.9201494,0.3029328,0.8520602,-0.2317847,0.04839578,SelectionStart
136.509,24,2,3,0,0.7251652,0.8467797,0.3089611,332.1382,126.119,83.62776,0.6793958,0.9201494,0.3029328,0.8520602,-0.2317847,0.04839578,SelectionEnd
136.5123,24,2,3,0,0.7251652,0.8467797,0.3089611,332.1382,126.119,83.62776,0.6793958,0.9201494,0.3029328,0.8520602,-0.2317847,0.04839578,GotSelection
136.5219,24,2,3,0,0.7253491,0.8466954,0.3091477,332.1494,126.0045,83.73693,0.6798832,0.9187706,0.3021958,0.837144,-0.2401461,0.04860497,SelectionStart
136.522,24,2,3,0,0.7253491,0.8466954,0.3091477,332.1494,126.0045,83.73693,0.6798832,0.9187706,0.3021958,0.837144,-0.2401461,0.04860497,SelectionEnd
136.5253,24,2,3,0,0.7253491,0.8466954,0.3091477,332.1494,126.0045,83.73693,0.6798832,0.9187706,0.3021958,0.837144,-0.2401461,0.04860497,GotSelection
136.5713,24,2,3,0,0.7260259,0.8469474,0.3091255,332.265,125.9911,83.80691,0.6765366,0.9112746,0.2937732,0.7695658,-0.3424023,0.02530462,SelectionStart
136.5713,24,2,3,0,0.7260259,0.8469474,0.3091255,332.265,125.9911,83.80691,0.6765366,0.9112746,0.2937732,0.7695658,-0.3424023,0.02530462,SelectionEnd
136.5746,24,2,3,0,0.7260259,0.8469474,0.3091255,332.265,125.9911,83.80691,0.6765366,0.9112746,0.2937732,0.7695658,-0.3424023,0.02530462,GotSelection
136.5841,24,2,3,0,0.7261141,0.8471615,0.3088649,332.3166,126.0413,83.75015,0.6751723,0.908851,0.289334,0.7447507,-0.3881191,0.02407569,SelectionStart
136.5841,24,2,3,0,0.7261141,0.8471615,0.3088649,332.3166,126.0413,83.75015,0.6751723,0.908851,0.289334,0.7447507,-0.3881191,0.02407569,SelectionEnd
136.5877,24,2,3,0,0.7261141,0.8471615,0.3088649,332.3166,126.0413,83.75015,0.6751723,0.908851,0.289334,0.7447507,-0.3881191,0.02407569,GotSelection
136.5969,24,2,3,0,0.7262021,0.8472176,0.3088262,332.3344,126.0566,83.74101,0.6738802,0.9070404,0.2859669,0.7279307,-0.4258853,0.02274795,SelectionStart
136.597,24,2,3,0,0.7262021,0.8472176,0.3088262,332.3344,126.0566,83.74101,0.6738802,0.9070404,0.2859669,0.7279307,-0.4258853,0.02274795,SelectionEnd
136.6002,24,2,3,0,0.7262021,0.8472176,0.3088262,332.3344,126.0566,83.74101,0.6738802,0.9070404,0.2859669,0.7279307,-0.4258853,0.02274795,GotSelection
136.6104,24,2,3,0,0.7262368,0.8472286,0.3088099,332.3385,126.0576,83.74402,0.6731782,0.905174,0.282798,0.7084275,-0.458672,0.02520094,SelectionStart
136.6105,24,2,3,0,0.7262368,0.8472286,0.3088099,332.3385,126.0576,83.74402,0.6731782,0.905174,0.282798,0.7084275,-0.458672,0.02520094,SelectionEnd
136.6138,24,2,3,0,0.7262368,0.8472286,0.3088099,332.3385,126.0576,83.74402,0.6731782,0.905174,0.282798,0.7084275,-0.458672,0.02520094,GotSelection
136.6256,24,2,3,0,0.7262437,0.8471021,0.3089914,332.3209,126.0457,83.7599,0.6719875,0.9029498,0.279841,0.6889547,-0.494199,0.02329921,SelectionStart
136.6256,24,2,3,0,0.7262437,0.8471021,0.3089914,332.3209,126.0457,83.7599,0.6719875,0.9029498,0.279841,0.6889547,-0.494199,0.02329921,SelectionEnd
136.629,24,2,3,0,0.7262437,0.8471021,0.3089914,332.3209,126.0457,83.7599,0.6719875,0.9029498,0.279841,0.6889547,-0.494199,0.02329921,GotSelection
136.6387,24,2,3,0,0.7260404,0.8470246,0.3092374,332.2652,126.0431,83.77074,0.6715307,0.9012954,0.2778294,0.6715782,-0.5164682,0.02654696,SelectionStart
136.6387,24,2,3,0,0.7260404,0.8470246,0.3092374,332.2652,126.0431,83.77074,0.6715307,0.9012954,0.2778294,0.6715782,-0.5164682,0.02654696,SelectionEnd
136.6421,24,2,3,0,0.7260404,0.8470246,0.3092374,332.2652,126.0431,83.77074,0.6715307,0.9012954,0.2778294,0.6715782,-0.5164682,0.02654696,GotSelection
136.6526,24,2,3,0,0.7260904,0.846905,0.309369,332.2489,126.0291,83.79282,0.6712728,0.9007553,0.2775832,0.6683189,-0.5219891,0.02435575,SelectionStart
136.6526,24,2,3,0,0.7260904,0.846905,0.309369,332.2489,126.0291,83.79282,0.6712728,0.9007553,0.2775832,0.6683189,-0.5219891,0.02435575,SelectionEnd
136.6559,24,2,3,0,0.7260904,0.846905,0.309369,332.2489,126.0291,83.79282,0.6712728,0.9007553,0.2775832,0.6683189,-0.5219891,0.02435575,GotSelection
136.6677,24,2,3,0,0.7261205,0.8468245,0.3095358,332.2217,126.0197,83.82526,0.6713325,0.9014162,0.2797111,0.6782835,-0.5047597,0.01788975,SelectionStart
136.6677,24,2,3,0,0.7261205,0.8468245,0.3095358,332.2217,126.0197,83.82526,0.6713325,0.9014162,0.2797111,0.6782835,-0.5047597,0.01788975,SelectionEnd
136.6711,24,2,3,0,0.7261205,0.8468245,0.3095358,332.2217,126.0197,83.82526,0.6713325,0.9014162,0.2797111,0.6782835,-0.5047597,0.01788975,GotSelection
136.681,24,2,3,0,0.7262436,0.8466883,0.3096702,332.2047,125.9994,83.86389,0.6714704,0.9022695,0.2824196,0.6917208,-0.482181,0.009055277,SelectionStart
136.681,24,2,3,0,0.7262436,0.8466883,0.3096702,332.2047,125.9994,83.86389,0.6714704,0.9022695,0.2824196,0.6917208,-0.482181,0.009055277,SelectionEnd
136.6843,24,2,3,0,0.7262436,0.8466883,0.3096702,332.2047,125.9994,83.86389,0.6714704,0.9022695,0.2824196,0.6917208,-0.482181,0.009055277,GotSelection
136.6932,24,2,3,0,0.7262588,0.846689,0.3097471,332.2068,125.9424,83.90448,0.6722625,0.9046442,0.2880115,0.7199138,-0.428846,-0.00370164,SelectionStart
136.6932,24,2,3,0,0.7262588,0.846689,0.3097471,332.2068,125.9424,83.90448,0.6722625,0.9046442,0.2880115,0.7199138,-0.428846,-0.00370164,SelectionEnd
136.6975,24,2,3,0,0.7262588,0.846689,0.3097471,332.2068,125.9424,83.90448,0.6722625,0.9046442,0.2880115,0.7199138,-0.428846,-0.00370164,GotSelection
136.7089,24,2,3,0,0.726413,0.8467756,0.3096384,332.2453,125.8956,83.93044,0.6734605,0.9074266,0.2950883,0.7530501,-0.3593705,-0.02210757,SelectionStart
136.7089,24,2,3,0,0.726413,0.8467756,0.3096384,332.2453,125.8956,83.93044,0.6734605,0.9074266,0.2950883,0.7530501,-0.3593705,-0.02210757,SelectionEnd
136.7124,24,2,3,0,0.726413,0.8467756,0.3096384,332.2453,125.8956,83.93044,0.6734605,0.9074266,0.2950883,0.7530501,-0.3593705,-0.02210757,GotSelection
136.752,24,2,3,0,0.7263727,0.8471265,0.308643,332.3493,125.9889,83.7383,0.6787259,0.9144258,0.3141573,0.8274153,-0.150773,-0.05904319,SelectionStart
136.752,24,2,3,0,0.7263727,0.8471265,0.308643,332.3493,125.9889,83.7383,0.6787259,0.9144258,0.3141573,0.8274153,-0.150773,-0.05904319,SelectionEnd
136.7554,24,2,3,0,0.7263727,0.8471265,0.308643,332.3493,125.9889,83.7383,0.6787259,0.9144258,0.3141573,0.8274153,-0.150773,-0.05904319,GotSelection
136.7667,24,2,3,0,0.7263966,0.8471481,0.3085061,332.3587,126.0717,83.6922,0.6799908,0.9160565,0.3178928,0.8435684,-0.1093292,-0.06279414,SelectionStart
136.7667,24,2,3,0,0.7263966,0.8471481,0.3085061,332.3587,126.0717,83.6922,0.6799908,0.9160565,0.3178928,0.8435684,-0.1093292,-0.06279414,SelectionEnd
136.77,24,2,3,0,0.7263966,0.8471481,0.3085061,332.3587,126.0717,83.6922,0.6799908,0.9160565,0.3178928,0.8435684,-0.1093292,-0.06279414,GotSelection
136.7799,24,2,3,0,0.7263525,0.8471621,0.3083331,332.3807,126.0537,83.68569,0.6821154,0.918155,0.3225636,0.8616319,-0.05380026,-0.06322832,SelectionStart
136.78,24,2,3,0,0.7263525,0.8471621,0.3083331,332.3807,126.0537,83.68569,0.6821154,0.918155,0.3225636,0.8616319,-0.05380026,-0.06322832,SelectionEnd
136.7832,24,2,3,0,0.7263525,0.8471621,0.3083331,332.3807,126.0537,83.68569,0.6821154,0.918155,0.3225636,0.8616319,-0.05380026,-0.06322832,GotSelection
136.794,24,2,3,0,0.7262515,0.8471174,0.3083749,332.3676,126.0255,83.69586,0.6831092,0.9187233,0.3243705,0.8655517,-0.03203576,-0.06157921,SelectionStart
136.794,24,2,3,0,0.7262515,0.8471174,0.3083749,332.3676,126.0255,83.69586,0.6831092,0.9187233,0.3243705,0.8655517,-0.03203576,-0.06157921,SelectionEnd
136.7975,24,2,3,0,0.7262515,0.8471174,0.3083749,332.3676,126.0255,83.69586,0.6831092,0.9187233,0.3243705,0.8655517,-0.03203576,-0.06157921,GotSelection
136.809,24,2,3,0,0.7261517,0.8470018,0.3085254,332.3419,125.9906,83.71339,0.6842377,0.9195021,0.3264696,0.8717528,-0.007749548,-0.05839318,SelectionStart
136.8091,24,2,3,0,0.7261517,0.8470018,0.3085254,332.3419,125.9906,83.71339,0.6842377,0.9195021,0.3264696,0.8717528,-0.007749548,-0.05839318,SelectionEnd
136.8123,24,2,3,0,0.7261517,0.8470018,0.3085254,332.3419,125.9906,83.71339,0.6842377,0.9195021,0.3264696,0.8717528,-0.007749548,-0.05839318,GotSelection
136.8219,24,2,3,0,0.7259612,0.8469486,0.3085569,332.3033,125.9754,83.71603,0.6842247,0.9191804,0.3260039,0.867658,-0.0111793,-0.05517249,SelectionStart
136.822,24,2,3,0,0.7259612,0.8469486,0.3085569,332.3033,125.9754,83.71603,0.6842247,0.9191804,0.3260039,0.867658,-0.0111793,-0.05517249,SelectionEnd
136.8253,24,2,3,0,0.7259612,0.8469486,0.3085569,332.3033,125.9754,83.71603,0.6842247,0.9191804,0.3260039,0.867658,-0.0111793,-0.05517249,GotSelection
136.8347,24,2,3,0,0.7255484,0.8467913,0.3087637,332.2287,125.9676,83.7121,0.6839357,0.9184192,0.3243794,0.8583316,-0.02655123,-0.04632038,SelectionStart
136.8347,24,2,3,0,0.7255484,0.8467913,0.3087637,332.2287,125.9676,83.7121,0.6839357,0.9184192,0.3243794,0.8583316,-0.02655123,-0.04632038,SelectionEnd
136.838,24,2,3,0,0.7255484,0.8467913,0.3087637,332.2287,125.9676,83.7121,0.6839357,0.9184192,0.3243794,0.8583316,-0.02655123,-0.04632038,GotSelection
136.8473,24,2,3,0,0.7252715,0.8466678,0.3088696,332.1724,125.9279,83.72987,0.6832614,0.9173576,0.3216482,0.8464212,-0.0537917,-0.03791035,SelectionStart
136.8473,24,2,3,0,0.7252715,0.8466678,0.3088696,332.1724,125.9279,83.72987,0.6832614,0.9173576,0.3216482,0.8464212,-0.0537917,-0.03791035,SelectionEnd
136.8508,24,2,3,0,0.7252715,0.8466678,0.3088696,332.1724,125.9279,83.72987,0.6832614,0.9173576,0.3216482,0.8464212,-0.0537917,-0.03791035,GotSelection
136.8611,24,2,3,0,0.7249709,0.8465008,0.3091309,332.1125,125.8801,83.76611,0.6819109,0.915619,0.3173492,0.8284892,-0.1001618,-0.02821423,SelectionStart
136.8611,24,2,3,0,0.7249709,0.8465008,0.3091309,332.1125,125.8801,83.76611,0.6819109,0.915619,0.3173492,0.8284892,-0.1001618,-0.02821423,SelectionEnd
136.8644,24,2,3,0,0.7249709,0.8465008,0.3091309,332.1125,125.8801,83.76611,0.6819109,0.915619,0.3173492,0.8284892,-0.1001618,-0.02821423,GotSelection
136.8761,24,2,3,0,0.7249073,0.8463982,0.3093129,332.087,125.8555,83.79501,0.6801896,0.9136912,0.312788,0.8106099,-0.1517586,-0.02370714,SelectionStart
136.8761,24,2,3,0,0.7249073,0.8463982,0.3093129,332.087,125.8555,83.79501,0.6801896,0.9136912,0.312788,0.8106099,-0.1517586,-0.02370714,SelectionEnd
136.8799,24,2,3,0,0.7249073,0.8463982,0.3093129,332.087,125.8555,83.79501,0.6801896,0.9136912,0.312788,0.8106099,-0.1517586,-0.02370714,GotSelection
136.8896,24,2,3,0,0.7249474,0.8462394,0.3096198,332.0587,125.8291,83.83481,0.6774943,0.9110519,0.3061173,0.787402,-0.229116,-0.01844787,SelectionStart
136.8896,24,2,3,0,0.7249474,0.8462394,0.3096198,332.0587,125.8291,83.83481,0.6774943,0.9110519,0.3061173,0.787402,-0.229116,-0.01844787,SelectionEnd
136.8928,24,2,3,0,0.7249474,0.8462394,0.3096198,332.0587,125.8291,83.83481,0.6774943,0.9110519,0.3061173,0.787402,-0.229116,-0.01844787,GotSelection
136.9334,24,2,3,0,0.7254118,0.8457583,0.3106562,331.9354,125.8571,84.01975,0.6714782,0.9033071,0.2911192,0.7196943,-0.4110969,-0.01427217,SelectionStart
136.9334,24,2,3,0,0.7254118,0.8457583,0.3106562,331.9354,125.8571,84.01975,0.6714782,0.9033071,0.2911192,0.7196943,-0.4110969,-0.01427217,SelectionEnd
136.9367,24,2,3,0,0.7254118,0.8457583,0.3106562,331.9354,125.8571,84.01975,0.6714782,0.9033071,0.2911192,0.7196943,-0.4110969,-0.01427217,GotSelection
136.9471,24,2,3,0,0.725943,0.8456876,0.3111039,331.9865,125.6713,84.24519,0.6704381,0.9022695,0.2889667,0.7119747,-0.4445192,-0.01873,SelectionStart
136.9471,24,2,3,0,0.725943,0.8456876,0.3111039,331.9865,125.6713,84.24519,0.6704381,0.9022695,0.2889667,0.7119747,-0.4445192,-0.01873,SelectionEnd
136.9509,24,2,3,0,0.725943,0.8456876,0.3111039,331.9865,125.6713,84.24519,0.6704381,0.9022695,0.2889667,0.7119747,-0.4445192,-0.01873,GotSelection
136.9602,24,2,3,0,0.7266668,0.8454126,0.311713,332.0142,125.4684,84.51338,0.6682528,0.9016607,0.2856783,0.7128768,-0.4962214,-0.02322427,SelectionStart
136.9602,24,2,3,0,0.7266668,0.8454126,0.311713,332.0142,125.4684,84.51338,0.6682528,0.9016607,0.2856783,0.7128768,-0.4962214,-0.02322427,SelectionEnd
136.9636,24,2,3,0,0.7266668,0.8454126,0.311713,332.0142,125.4684,84.51338,0.6682528,0.9016607,0.2856783,0.7128768,-0.4962214,-0.02322427,GotSelection
136.9764,24,2,3,0,0.7273799,0.8452887,0.3124523,332.0902,125.0516,84.91609,0.6666476,0.9029576,0.2845814,0.73036,-0.525951,-0.02852671,SelectionStart
136.9764,24,2,3,0,0.7273799,0.8452887,0.3124523,332.0902,125.0516,84.91609,0.6666476,0.9029576,0.2845814,0.73036,-0.525951,-0.02852671,SelectionEnd
136.9799,24,2,3,0,0.7273799,0.8452887,0.3124523,332.0902,125.0516,84.91609,0.6666476,0.9029576,0.2845814,0.73036,-0.525951,-0.02852671,GotSelection
136.992,24,2,3,0,0.7277448,0.8450238,0.3129359,332.1154,124.7329,85.20934,0.6649792,0.9044297,0.2834224,0.7502493,-0.5515396,-0.0300536,SelectionStart
136.9921,24,2,3,0,0.7277448,0.8450238,0.3129359,332.1154,124.7329,85.20934,0.6649792,0.9044297,0.2834224,0.7502493,-0.5515396,-0.0300536,SelectionEnd
136.9953,24,2,3,0,0.7277448,0.8450238,0.3129359,332.1154,124.7329,85.20934,0.6649792,0.9044297,0.2834224,0.7502493,-0.5515396,-0.0300536,GotSelection
137.0171,24,2,3,0,0.7282141,0.8445006,0.3135868,332.0978,124.304,85.57529,0.6621745,0.9067865,0.2828935,0.7864643,-0.5794166,-0.03852201,Nothing
137.0258,24,2,3,0,0.7283033,0.8444306,0.3136824,332.1134,124.174,85.67014,0.6614126,0.9075087,0.2832807,0.7975374,-0.581363,-0.04404761,Nothing
137.0338,24,2,3,0,0.7281085,0.8444284,0.3137904,332.097,124.0682,85.73114,0.6610327,0.9084313,0.2841982,0.8082013,-0.5748464,-0.04593144,Nothing
137.0431,24,2,3,0,0.7281185,0.8443816,0.3138377,332.0993,123.9579,85.81306,0.6602818,0.9090394,0.2852185,0.8190865,-0.5704683,-0.05450322,Nothing
137.0593,24,2,3,0,0.7279705,0.8442748,0.3140259,332.0767,123.7593,85.94388,0.6594236,0.9106074,0.2872331,0.8406168,-0.5577922,-0.06259067,Nothing
137.0667,24,2,3,0,0.7278348,0.8442416,0.3141434,332.0581,123.6793,85.99756,0.6589048,0.9111221,0.2890028,0.8504615,-0.545364,-0.071603,Nothing
137.0753,24,2,3,0,0.7276868,0.8441255,0.3142821,332.0229,123.5981,86.0489,0.6588745,0.9121109,0.290566,0.8627195,-0.5318159,-0.07278997,Nothing
137.0837,24,2,3,0,0.7275354,0.8439785,0.314528,331.9881,123.465,86.14175,0.6581982,0.9130243,0.2925532,0.8778862,-0.5191874,-0.08101058,Nothing
137.0932,24,2,3,0,0.7272549,0.843837,0.3147641,331.9227,123.4176,86.18124,0.6579384,0.9137886,0.294255,0.8888994,-0.5060213,-0.08323371,Nothing
137.1114,24,2,3,0,0.7265902,0.8433787,0.3153195,331.762,123.302,86.26902,0.6574785,0.9149868,0.2976899,0.9088024,-0.4793183,-0.08651765,Nothing
137.1259,24,2,3,0,0.7256435,0.8428195,0.3158468,331.5349,123.1229,86.35138,0.6568913,0.9162729,0.3012204,0.9304056,-0.4499437,-0.08756357,Nothing
137.1335,24,2,3,0,0.725155,0.8425311,0.3161819,331.4307,123.0366,86.39815,0.6566198,0.9169513,0.3031579,0.9415879,-0.4342706,-0.08808075,Nothing
137.1425,24,2,3,0,0.7248264,0.8422333,0.3165479,331.3716,122.9324,86.46455,0.6563355,0.9179102,0.3059991,0.9578397,-0.4119094,-0.09349903,Nothing
137.1503,24,2,3,0,0.7243381,0.8417293,0.3169925,331.1895,122.8201,86.53339,0.6561196,0.9184905,0.3081051,0.9700347,-0.3954739,-0.09201897,Nothing
137.1588,24,2,3,0,0.7238987,0.8416592,0.3173905,331.1101,122.7394,86.60018,0.6558401,0.9190252,0.3102952,0.9784967,-0.3790288,-0.09574558,Nothing
137.1669,24,2,3,0,0.7237377,0.8414997,0.3176465,331.0601,122.6636,86.66294,0.6556713,0.9194504,0.3124937,0.9878426,-0.3621405,-0.1019483,Nothing
137.1758,24,2,3,0,0.7237287,0.8413004,0.317806,331.0363,122.5959,86.71476,0.6552786,0.9197429,0.3147236,0.9983371,-0.3460427,-0.1123914,Nothing
137.1837,24,2,3,0,0.7237361,0.8412343,0.3179857,331.0255,122.5349,86.77665,0.6550906,0.9199556,0.3170347,1.00614,-0.3287641,-0.1229048,Nothing
137.1934,24,2,3,0,0.7237546,0.8411056,0.3182472,331.0117,122.4358,86.87008,0.6551126,0.9200377,0.3202225,1.014133,-0.3036698,-0.1361874,Nothing
137.2093,24,2,3,0,0.7239295,0.8412317,0.3182671,331.0786,122.3466,86.95493,0.6545591,0.9198743,0.3242068,1.023039,-0.2734994,-0.1637017,Nothing
137.2169,24,2,3,0,0.724003,0.8412528,0.318301,331.1026,122.2968,86.99769,0.6543166,0.9196273,0.3258742,1.025448,-0.2611951,-0.1758748,Nothing
137.2258,24,2,3,0,0.7241498,0.8413398,0.318188,331.1515,122.2867,86.99945,0.6541406,0.9192141,0.3274021,1.025849,-0.2486828,-0.1895186,Nothing
137.2333,24,2,3,0,0.7242431,0.8414178,0.3181199,331.1919,122.2903,86.99545,0.653955,0.9186449,0.3287414,1.024238,-0.2381047,-0.2022256,Nothing
137.243,24,2,3,0,0.7244205,0.8415471,0.3179875,331.2542,122.2997,86.99596,0.65355,0.9177495,0.3295528,1.019469,-0.2335037,-0.2172236,Nothing
137.2589,24,2,3,0,0.7247021,0.8417241,0.3178044,331.3393,122.3026,86.99928,0.6529001,0.9161413,0.3312958,1.011441,-0.2224703,-0.2437021,Nothing
137.267,24,2,3,0,0.7248351,0.8418058,0.3177289,331.3793,122.285,87.013,0.6524836,0.914975,0.3316935,1.00353,-0.22182,-0.2569944,Nothing
137.2769,24,2,3,0,0.7250406,0.8418036,0.3176676,331.4297,122.2519,87.04076,0.6518354,0.9129837,0.3316578,0.9892668,-0.2270678,-0.2743018,SelectionStart
137.2769,24,2,3,0,0.7250406,0.8418036,0.3176676,331.4297,122.2519,87.04076,0.6518354,0.9129837,0.3316578,0.9892668,-0.2270678,-0.2743018,SelectionEnd
137.2806,24,2,3,0,0.7250406,0.8418036,0.3176676,331.4297,122.2519,87.04076,0.6518354,0.9129837,0.3316578,0.9892668,-0.2270678,-0.2743018,GotSelection
137.2929,24,2,3,0,0.7251773,0.8418993,0.3175384,331.4891,122.1861,87.07456,0.6505367,0.9096891,0.3304213,0.9625298,-0.2455777,-0.2977058,SelectionStart
137.2929,24,2,3,0,0.7251773,0.8418993,0.3175384,331.4891,122.1861,87.07456,0.6505367,0.9096891,0.3304213,0.9625298,-0.2455777,-0.2977058,SelectionEnd
137.2963,24,2,3,0,0.7251773,0.8418993,0.3175384,331.4891,122.1861,87.07456,0.6505367,0.9096891,0.3304213,0.9625298,-0.2455777,-0.2977058,GotSelection
137.3087,24,2,3,0,0.7253373,0.8419917,0.3175966,331.5332,122.1857,87.10094,0.6489916,0.9058824,0.3273939,0.9281062,-0.2837074,-0.3155998,SelectionStart
137.3087,24,2,3,0,0.7253373,0.8419917,0.3175966,331.5332,122.1857,87.10094,0.6489916,0.9058824,0.3273939,0.9281062,-0.2837074,-0.3155998,SelectionEnd
137.312,24,2,3,0,0.7253373,0.8419917,0.3175966,331.5332,122.1857,87.10094,0.6489916,0.9058824,0.3273939,0.9281062,-0.2837074,-0.3155998,GotSelection
137.3214,24,2,3,0,0.7253745,0.8420451,0.3175726,331.5541,122.1876,87.1112,0.6477981,0.9027101,0.3241155,0.8974338,-0.3202747,-0.3253886,SelectionStart
137.3214,24,2,3,0,0.7253745,0.8420451,0.3175726,331.5541,122.1876,87.1112,0.6477981,0.9027101,0.3241155,0.8974338,-0.3202747,-0.3253886,SelectionEnd
137.3248,24,2,3,0,0.7253745,0.8420451,0.3175726,331.5541,122.1876,87.1112,0.6477981,0.9027101,0.3241155,0.8974338,-0.3202747,-0.3253886,GotSelection
137.3364,24,2,3,0,0.7253004,0.8420783,0.3175328,331.5541,122.1295,87.13182,0.645715,0.898127,0.319212,0.8544521,-0.3750139,-0.3402057,SelectionStart
137.3365,24,2,3,0,0.7253004,0.8420783,0.3175328,331.5541,122.1295,87.13182,0.645715,0.898127,0.319212,0.8544521,-0.3750139,-0.3402057,SelectionEnd
137.3399,24,2,3,0,0.7253004,0.8420783,0.3175328,331.5541,122.1295,87.13182,0.645715,0.898127,0.319212,0.8544521,-0.3750139,-0.3402057,GotSelection
137.3513,24,2,3,0,0.7250012,0.8419878,0.3174787,331.5287,122.038,87.16466,0.6431497,0.8933606,0.3116879,0.8066513,-0.4537056,-0.3448517,SelectionStart
137.3514,24,2,3,0,0.7250012,0.8419878,0.3174787,331.5287,122.038,87.16466,0.6431497,0.8933606,0.3116879,0.8066513,-0.4537056,-0.3448517,SelectionEnd
137.3548,24,2,3,0,0.7250012,0.8419878,0.3174787,331.5287,122.038,87.16466,0.6431497,0.8933606,0.3116879,0.8066513,-0.4537056,-0.3448517,GotSelection
137.3764,24,2,3,0,0.7246974,0.841902,0.317531,331.4926,121.9345,87.20502,0.6410623,0.8854976,0.3008611,0.7217119,-0.5611184,-0.3449882,SelectionStart
137.3765,24,2,3,0,0.7246974,0.841902,0.317531,331.4926,121.9345,87.20502,0.6410623,0.8854976,0.3008611,0.7217119,-0.5611184,-0.3449882,SelectionEnd
137.3799,24,2,3,0,0.7246974,0.841902,0.317531,331.4926,121.9345,87.20502,0.6410623,0.8854976,0.3008611,0.7217119,-0.5611184,-0.3449882,GotSelection
137.4168,24,2,3,0,0.7238867,0.8416892,0.3175994,331.3685,121.9673,87.11523,0.6400227,0.8677284,0.2831139,0.5289014,-0.7257334,-0.3462901,SelectionStart
137.4168,24,2,3,0,0.7238867,0.8416892,0.3175994,331.3685,121.9673,87.11523,0.6400227,0.8677284,0.2831139,0.5289014,-0.7257334,-0.3462901,SelectionEnd
137.4204,24,2,3,0,0.7238867,0.8416892,0.3175994,331.3685,121.9673,87.11523,0.6400227,0.8677284,0.2831139,0.5289014,-0.7257334,-0.3462901,GotSelection
137.4319,24,2,3,0,0.723799,0.8415987,0.3176916,331.3441,121.9384,87.13262,0.6411151,0.8614779,0.2783289,0.458213,-0.7650522,-0.3444859,SelectionStart
137.4319,24,2,3,0,0.723799,0.8415987,0.3176916,331.3441,121.9384,87.13262,0.6411151,0.8614779,0.2783289,0.458213,-0.7650522,-0.3444859,SelectionEnd
137.4354,24,2,3,0,0.723799,0.8415987,0.3176916,331.3441,121.9384,87.13262,0.6411151,0.8614779,0.2783289,0.458213,-0.7650522,-0.3444859,GotSelection
137.4452,24,2,3,0,0.7237802,0.841597,0.3177185,331.3419,121.919,87.1433,0.6414264,0.8576223,0.2752261,0.4155524,-0.7924389,-0.3462372,SelectionStart
137.4452,24,2,3,0,0.7237802,0.841597,0.3177185,331.3419,121.919,87.1433,0.6414264,0.8576223,0.2752261,0.4155524,-0.7924389,-0.3462372,SelectionEnd
137.4484,24,2,3,0,0.7237802,0.841597,0.3177185,331.3419,121.919,87.1433,0.6414264,0.8576223,0.2752261,0.4155524,-0.7924389,-0.3462372,GotSelection
137.4587,24,2,3,0,0.7238321,0.8415316,0.3177832,331.3302,121.9119,87.1479,0.6416631,0.8533709,0.2714714,0.3691408,-0.8268415,-0.3472596,SelectionStart
137.4587,24,2,3,0,0.7238321,0.8415316,0.3177832,331.3302,121.9119,87.1479,0.6416631,0.8533709,0.2714714,0.3691408,-0.8268415,-0.3472596,SelectionEnd
137.462,24,2,3,0,0.7238321,0.8415316,0.3177832,331.3302,121.9119,87.1479,0.6416631,0.8533709,0.2714714,0.3691408,-0.8268415,-0.3472596,GotSelection
137.4722,24,2,3,0,0.7239063,0.8416037,0.3176928,331.3416,121.9341,87.12472,0.6417883,0.8509135,0.2694738,0.3423175,-0.8444925,-0.3499963,SelectionStart
137.4722,24,2,3,0,0.7239063,0.8416037,0.3176928,331.3416,121.9341,87.12472,0.6417883,0.8509135,0.2694738,0.3423175,-0.8444925,-0.3499963,SelectionEnd
137.4756,24,2,3,0,0.7239063,0.8416037,0.3176928,331.3416,121.9341,87.12472,0.6417883,0.8509135,0.2694738,0.3423175,-0.8444925,-0.3499963,GotSelection
137.4861,24,2,3,0,0.7240806,0.8418195,0.3173813,331.3895,122.0019,87.0683,0.6416451,0.8491886,0.2679613,0.3238657,-0.8577985,-0.3555447,SelectionStart
137.4862,24,2,3,0,0.7240806,0.8418195,0.3173813,331.3895,122.0019,87.0683,0.6416451,0.8491886,0.2679613,0.3238657,-0.8577985,-0.3555447,SelectionEnd
137.4896,24,2,3,0,0.7240806,0.8418195,0.3173813,331.3895,122.0019,87.0683,0.6416451,0.8491886,0.2679613,0.3238657,-0.8577985,-0.3555447,GotSelection
137.5009,24,2,3,0,0.7242855,0.842052,0.3171204,331.44,122.0633,87.01416,0.6412821,0.8491004,0.2678589,0.3239132,-0.859718,-0.3615997,SelectionStart
137.5009,24,2,3,0,0.7242855,0.842052,0.3171204,331.44,122.0633,87.01416,0.6412821,0.8491004,0.2678589,0.3239132,-0.859718,-0.3615997,SelectionEnd
137.5041,24,2,3,0,0.7242855,0.842052,0.3171204,331.44,122.0633,87.01416,0.6412821,0.8491004,0.2678589,0.3239132,-0.859718,-0.3615997,GotSelection
137.5142,24,2,3,0,0.7245976,0.842245,0.3167947,331.5042,122.1359,86.95605,0.640763,0.8497823,0.2684949,0.3339652,-0.8556694,-0.3694536,SelectionStart
137.5142,24,2,3,0,0.7245976,0.842245,0.3167947,331.5042,122.1359,86.95605,0.640763,0.8497823,0.2684949,0.3339652,-0.8556694,-0.3694536,SelectionEnd
137.5174,24,2,3,0,0.7245976,0.842245,0.3167947,331.5042,122.1359,86.95605,0.640763,0.8497823,0.2684949,0.3339652,-0.8556694,-0.3694536,GotSelection
137.5272,24,2,3,0,0.724807,0.8423679,0.3166151,331.5432,122.2044,86.90291,0.6398173,0.8521916,0.2710903,0.3654876,-0.8365486,-0.3796498,SelectionStart
137.5273,24,2,3,0,0.724807,0.8423679,0.3166151,331.5432,122.2044,86.90291,0.6398173,0.8521916,0.2710903,0.3654876,-0.8365486,-0.3796498,SelectionEnd
137.5305,24,2,3,0,0.724807,0.8423679,0.3166151,331.5432,122.2044,86.90291,0.6398173,0.8521916,0.2710903,0.3654876,-0.8365486,-0.3796498,GotSelection
137.5426,24,2,3,0,0.724998,0.8424934,0.3163136,331.583,122.2564,86.85232,0.6379139,0.8563223,0.2752795,0.4202023,-0.8063188,-0.3971409,SelectionStart
137.5426,24,2,3,0,0.724998,0.8424934,0.3163136,331.583,122.2564,86.85232,0.6379139,0.8563223,0.2752795,0.4202023,-0.8063188,-0.3971409,SelectionEnd
137.5459,24,2,3,0,0.724998,0.8424934,0.3163136,331.583,122.2564,86.85232,0.6379139,0.8563223,0.2752795,0.4202023,-0.8063188,-0.3971409,GotSelection
137.5554,24,2,3,0,0.7250656,0.842599,0.3161379,331.61,122.2816,86.82118,0.6367876,0.8603097,0.2791632,0.4688869,-0.7750925,-0.4066847,SelectionStart
137.5555,24,2,3,0,0.7250656,0.842599,0.3161379,331.61,122.2816,86.82118,0.6367876,0.8603097,0.2791632,0.4688869,-0.7750925,-0.4066847,SelectionEnd
137.5593,24,2,3,0,0.7250656,0.842599,0.3161379,331.61,122.2816,86.82118,0.6367876,0.8603097,0.2791632,0.4688869,-0.7750925,-0.4066847,GotSelection
137.6052,24,2,3,0,0.7247095,0.8430601,0.3151297,331.6185,122.4996,86.52069,0.6351904,0.8809353,0.3004111,0.7039642,-0.57567,-0.4230083,SelectionStart
137.6052,24,2,3,0,0.7247095,0.8430601,0.3151297,331.6185,122.4996,86.52069,0.6351904,0.8809353,0.3004111,0.7039642,-0.57567,-0.4230083,SelectionEnd
137.6087,24,2,3,0,0.7247095,0.8430601,0.3151297,331.6185,122.4996,86.52069,0.6351904,0.8809353,0.3004111,0.7039642,-0.57567,-0.4230083,GotSelection
137.6196,24,2,3,0,0.7245607,0.8431655,0.314963,331.6249,122.5435,86.45458,0.6353736,0.8858011,0.3057771,0.7570303,-0.5226421,-0.4237894,SelectionStart
137.6196,24,2,3,0,0.7245607,0.8431655,0.314963,331.6249,122.5435,86.45458,0.6353736,0.8858011,0.3057771,0.7570303,-0.5226421,-0.4237894,SelectionEnd
137.623,24,2,3,0,0.7245607,0.8431655,0.314963,331.6249,122.5435,86.45458,0.6353736,0.8858011,0.3057771,0.7570303,-0.5226421,-0.4237894,GotSelection
137.6337,24,2,3,0,0.7246057,0.8432086,0.3148737,331.6514,122.5732,86.42174,0.6359187,0.892151,0.3119601,0.8242844,-0.4616119,-0.4198487,SelectionStart
137.6337,24,2,3,0,0.7246057,0.8432086,0.3148737,331.6514,122.5732,86.42174,0.6359187,0.892151,0.3119601,0.8242844,-0.4616119,-0.4198487,SelectionEnd
137.6373,24,2,3,0,0.7246057,0.8432086,0.3148737,331.6514,122.5732,86.42174,0.6359187,0.892151,0.3119601,0.8242844,-0.4616119,-0.4198487,GotSelection
137.6469,24,2,3,0,0.7247068,0.8432108,0.3149664,331.6747,122.5477,86.46538,0.636696,0.8984112,0.3174407,0.8881071,-0.4078015,-0.4109912,SelectionStart
137.6469,24,2,3,0,0.7247068,0.8432108,0.3149664,331.6747,122.5477,86.46538,0.636696,0.8984112,0.3174407,0.8881071,-0.4078015,-0.4109912,SelectionEnd
137.6503,24,2,3,0,0.7247068,0.8432108,0.3149664,331.6747,122.5477,86.46538,0.636696,0.8984112,0.3174407,0.8881071,-0.4078015,-0.4109912,GotSelection
137.6605,24,2,3,0,0.7247451,0.8431755,0.3149941,331.689,122.5295,86.49206,0.6356308,0.9015717,0.3207841,0.928247,-0.3829902,-0.4202434,SelectionStart
137.6605,24,2,3,0,0.7247451,0.8431755,0.3149941,331.689,122.5295,86.49206,0.6356308,0.9015717,0.3207841,0.928247,-0.3829902,-0.4202434,SelectionEnd
137.6645,24,2,3,0,0.7247451,0.8431755,0.3149941,331.689,122.5295,86.49206,0.6356308,0.9015717,0.3207841,0.928247,-0.3829902,-0.4202434,GotSelection
137.6756,24,2,3,0,0.7245382,0.8430662,0.3151868,331.6624,122.444,86.55038,0.6385354,0.904019,0.3230273,0.9417436,-0.3471583,-0.3943189,SelectionStart
137.6756,24,2,3,0,0.7245382,0.8430662,0.3151868,331.6624,122.444,86.55038,0.6385354,0.904019,0.3230273,0.9417436,-0.3471583,-0.3943189,SelectionEnd
137.679,24,2,3,0,0.7245382,0.8430662,0.3151868,331.6624,122.444,86.55038,0.6385354,0.904019,0.3230273,0.9417436,-0.3471583,-0.3943189,GotSelection
137.6888,24,2,3,0,0.7242918,0.8429396,0.3153361,331.6175,122.385,86.58092,0.6397398,0.9055336,0.3237191,0.9514436,-0.333638,-0.3776159,SelectionStart
137.6888,24,2,3,0,0.7242918,0.8429396,0.3153361,331.6175,122.385,86.58092,0.6397398,0.9055336,0.3237191,0.9514436,-0.333638,-0.3776159,SelectionEnd
137.6921,24,2,3,0,0.7242918,0.8429396,0.3153361,331.6175,122.385,86.58092,0.6397398,0.9055336,0.3237191,0.9514436,-0.333638,-0.3776159,GotSelection
137.7013,24,2,3,0,0.7239922,0.8427793,0.3155352,331.5605,122.3513,86.59628,0.6403872,0.9069206,0.323837,0.9613079,-0.3283653,-0.3618092,SelectionStart
137.7013,24,2,3,0,0.7239922,0.8427793,0.3155352,331.5605,122.3513,86.59628,0.6403872,0.9069206,0.323837,0.9613079,-0.3283653,-0.3618092,SelectionEnd
137.7047,24,2,3,0,0.7239922,0.8427793,0.3155352,331.5605,122.3513,86.59628,0.6403872,0.9069206,0.323837,0.9613079,-0.3283653,-0.3618092,GotSelection
137.7168,24,2,3,0,0.7237893,0.8426536,0.3155292,331.5176,122.3907,86.54533,0.6405603,0.9065142,0.3207346,0.9511524,-0.3533345,-0.3445157,SelectionStart
137.7168,24,2,3,0,0.7237893,0.8426536,0.3155292,331.5176,122.3907,86.54533,0.6405603,0.9065142,0.3207346,0.9511524,-0.3533345,-0.3445157,SelectionEnd
137.72,24,2,3,0,0.7237893,0.8426536,0.3155292,331.5176,122.3907,86.54533,0.6405603,0.9065142,0.3207346,0.9511524,-0.3533345,-0.3445157,GotSelection
137.7316,24,2,3,0,0.7235032,0.8426573,0.3155283,331.4836,122.4102,86.50549,0.6403343,0.9045169,0.3168769,0.925355,-0.3874672,-0.3346047,SelectionStart
137.7316,24,2,3,0,0.7235032,0.8426573,0.3155283,331.4836,122.4102,86.50549,0.6403343,0.9045169,0.3168769,0.925355,-0.3874672,-0.3346047,SelectionEnd
137.7353,24,2,3,0,0.7235032,0.8426573,0.3155283,331.4836,122.4102,86.50549,0.6403343,0.9045169,0.3168769,0.925355,-0.3874672,-0.3346047,GotSelection
137.7452,24,2,3,0,0.723331,0.842675,0.3154834,331.4722,122.4454,86.46683,0.6402403,0.901509,0.3123338,0.8888161,-0.4279327,-0.3267039,SelectionStart
137.7452,24,2,3,0,0.723331,0.842675,0.3154834,331.4722,122.4454,86.46683,0.6402403,0.901509,0.3123338,0.8888161,-0.4279327,-0.3267039,SelectionEnd
137.7485,24,2,3,0,0.723331,0.842675,0.3154834,331.4722,122.4454,86.46683,0.6402403,0.901509,0.3123338,0.8888161,-0.4279327,-0.3267039,GotSelection
137.7881,24,2,3,0,0.7229797,0.842446,0.3157744,331.4,122.4373,86.47287,0.6405054,0.889339,0.2984438,0.7501462,-0.5554231,-0.3112036,SelectionStart
137.7882,24,2,3,0,0.7229797,0.842446,0.3157744,331.4,122.4373,86.47287,0.6405054,0.889339,0.2984438,0.7501462,-0.5554231,-0.3112036,SelectionEnd
137.7924,24,2,3,0,0.7229797,0.842446,0.3157744,331.4,122.4373,86.47287,0.6405054,0.889339,0.2984438,0.7501462,-0.5554231,-0.3112036,GotSelection
137.8014,24,2,3,0,0.7229105,0.842364,0.3157928,331.3654,122.5065,86.44456,0.6404563,0.8860009,0.2938125,0.7114074,-0.5981925,-0.3035297,SelectionStart
137.8014,24,2,3,0,0.7229105,0.842364,0.3157928,331.3654,122.5065,86.44456,0.6404563,0.8860009,0.2938125,0.7114074,-0.5981925,-0.3035297,SelectionEnd
137.805,24,2,3,0,0.7229105,0.842364,0.3157928,331.3654,122.5065,86.44456,0.6404563,0.8860009,0.2938125,0.7114074,-0.5981925,-0.3035297,GotSelection
137.817,24,2,3,0,0.7227575,0.8425229,0.3156269,331.3456,122.712,86.28214,0.6404318,0.8818367,0.2865732,0.6583191,-0.6619803,-0.2872344,SelectionStart
137.817,24,2,3,0,0.7227575,0.8425229,0.3156269,331.3456,122.712,86.28214,0.6404318,0.8818367,0.2865732,0.6583191,-0.6619803,-0.2872344,SelectionEnd
137.8205,24,2,3,0,0.7227575,0.8425229,0.3156269,331.3456,122.712,86.28214,0.6404318,0.8818367,0.2865732,0.6583191,-0.6619803,-0.2872344,GotSelection
137.8304,24,2,3,0,0.7227601,0.8428469,0.3150208,331.3687,122.9725,86.04958,0.6408045,0.8783233,0.2790015,0.6092094,-0.7230613,-0.2667032,SelectionStart
137.8304,24,2,3,0,0.7227601,0.8428469,0.3150208,331.3687,122.9725,86.04958,0.6408045,0.8783233,0.2790015,0.6092094,-0.7230613,-0.2667032,SelectionEnd
137.8338,24,2,3,0,0.7227601,0.8428469,0.3150208,331.3687,122.9725,86.04958,0.6408045,0.8783233,0.2790015,0.6092094,-0.7230613,-0.2667032,GotSelection
137.8432,24,2,3,0,0.7228652,0.8433799,0.3141578,331.4525,123.2436,85.77483,0.6413655,0.8761118,0.27246,0.572594,-0.7714885,-0.2464089,SelectionStart
137.8432,24,2,3,0,0.7228652,0.8433799,0.3141578,331.4525,123.2436,85.77483,0.6413655,0.8761118,0.27246,0.572594,-0.7714885,-0.2464089,SelectionEnd
137.8466,24,2,3,0,0.7228652,0.8433799,0.3141578,331.4525,123.2436,85.77483,0.6413655,0.8761118,0.27246,0.572594,-0.7714885,-0.2464089,GotSelection
137.8584,24,2,3,0,0.7230999,0.8440595,0.313258,331.5815,123.4623,85.53244,0.6423564,0.8739705,0.2647593,0.5317037,-0.8280643,-0.2192271,SelectionStart
137.8585,24,2,3,0,0.7230999,0.8440595,0.313258,331.5815,123.4623,85.53244,0.6423564,0.8739705,0.2647593,0.5317037,-0.8280643,-0.2192271,SelectionEnd
137.8618,24,2,3,0,0.7230999,0.8440595,0.313258,331.5815,123.4623,85.53244,0.6423564,0.8739705,0.2647593,0.5317037,-0.8280643,-0.2192271,GotSelection
137.8839,24,2,3,0,0.7246119,0.8451039,0.311871,332.054,123.5938,85.43928,0.6443842,0.8739058,0.2564267,0.5045115,-0.8867165,-0.1880972,Nothing
137.893,24,2,3,0,0.7253797,0.845532,0.3112361,332.2531,123.6948,85.37453,0.6454448,0.8744062,0.2523547,0.4968455,-0.9151052,-0.1683979,Nothing
137.9086,24,2,3,0,0.7257686,0.8459709,0.3103115,332.4334,123.8159,85.21343,0.6473178,0.8759316,0.2477201,0.4942148,-0.9379702,-0.1329855,Nothing
137.9169,24,2,3,0,0.7255305,0.8461311,0.3097692,332.4499,123.8851,85.06041,0.6481178,0.877037,0.2455042,0.4969606,-0.9453008,-0.1113637,Nothing
137.9252,24,2,3,0,0.7253474,0.8463653,0.3091265,332.4951,123.9574,84.89645,0.6492873,0.8782887,0.2434412,0.4996034,-0.948575,-0.0884641,Nothing
137.9337,24,2,3,0,0.724907,0.8465742,0.3083558,332.4876,124.0611,84.66717,0.6506295,0.8802432,0.2414009,0.5081392,-0.9471607,-0.05879899,Nothing
137.9419,24,2,3,0,0.72456,0.8468317,0.3076353,332.507,124.1235,84.46939,0.6522967,0.8816997,0.2398546,0.5112887,-0.9411047,-0.03305386,Nothing
137.95,24,2,3,0,0.7242383,0.8471456,0.3069119,332.5492,124.1477,84.29886,0.6538661,0.8829332,0.2380502,0.5118341,-0.9381878,-0.00900648,Nothing
137.9586,24,2,3,0,0.723756,0.847608,0.3057549,332.6318,124.1199,84.0288,0.6564109,0.8847266,0.2360763,0.513527,-0.9254707,0.02306814,Nothing
137.9664,24,2,3,0,0.7230633,0.8477166,0.3048912,332.6158,124.0199,83.84857,0.658348,0.8859126,0.2353362,0.5153111,-0.9075246,0.04584829,Nothing
137.9805,24,2,3,0,0.7214183,0.8473892,0.3039479,332.3871,123.7656,83.58967,0.6590973,0.8867661,0.2351565,0.5221137,-0.8840241,0.06348378,Nothing
137.993,24,2,3,0,0.7185154,0.8472843,0.3012382,332.1869,123.2311,82.98475,0.6639107,0.8888089,0.2342705,0.5213682,-0.8192108,0.1166715,Nothing
137.9999,24,2,3,0,0.71503,0.8465936,0.3008558,331.5698,122.7571,82.77036,0.6660084,0.8899029,0.2344428,0.5167158,-0.7815767,0.162884,Nothing
138.0085,24,2,3,0,0.7110583,0.8447254,0.3002132,330.7252,122.2144,82.42383,0.6683172,0.8912296,0.2343797,0.5210642,-0.7384285,0.2225064,Nothing
138.0164,24,2,3,0,0.7066671,0.8434421,0.2988563,329.9895,121.6518,81.96435,0.6710439,0.8926043,0.2344928,0.5174024,-0.6840537,0.2813371,Nothing
138.0256,24,2,3,0,0.7007173,0.84104,0.2971441,328.9223,120.8542,81.37469,0.6748156,0.8947907,0.2345446,0.5155033,-0.6133944,0.3692881,Nothing
138.0331,24,2,3,0,0.6977644,0.8395239,0.2960673,328.3865,120.5565,80.97916,0.6775993,0.8965082,0.2346794,0.5167924,-0.5699056,0.4250099,Nothing
138.0426,24,2,3,0,0.6960057,0.8385679,0.2958308,328.0294,120.616,80.67432,0.680406,0.8982062,0.2350997,0.5155495,-0.5378186,0.4736392,Nothing
138.0595,24,2,3,0,0.6961565,0.8385335,0.2955185,328.1021,120.8613,80.55912,0.6861905,0.9018255,0.2364101,0.5184853,-0.4913983,0.5297068,Nothing
138.0674,24,2,3,0,0.6955482,0.8383073,0.2950076,328.024,120.8634,80.41418,0.6892862,0.9037116,0.2376405,0.5190803,-0.455062,0.5615081,Nothing
138.0752,24,2,3,0,0.6949542,0.8384741,0.294358,328.0258,120.9225,80.25,0.6923804,0.9057738,0.238855,0.5184522,-0.4174753,0.591293,Nothing
138.0833,24,2,3,0,0.6950175,0.8390003,0.2932647,328.1824,121.2415,79.94381,0.6955517,0.9077347,0.2402803,0.5189456,-0.3744669,0.6118755,Nothing
138.0934,24,2,3,0,0.6950023,0.8398089,0.2915177,328.3702,121.7206,79.39768,0.7006494,0.910544,0.2426272,0.5159928,-0.3042327,0.6434585,Nothing
138.1132,24,2,3,0,0.6954138,0.8419306,0.2872741,328.8988,123.1827,77.98219,0.7092525,0.9157546,0.247209,0.5131677,-0.161506,0.6817608,Nothing
138.1273,24,2,3,0,0.6955344,0.8436055,0.2837053,329.2743,124.9531,76.45085,0.7165623,0.9201589,0.2510927,0.5057508,-0.03220278,0.7140287,Nothing
138.1428,24,2,3,0,0.6957738,0.8452882,0.2802527,329.6909,126.3371,75.20145,0.724475,0.9250128,0.2551718,0.4981478,0.09786462,0.744983,Nothing
138.1502,24,2,3,0,0.6958856,0.8462988,0.2782401,329.9799,126.917,74.59346,0.7281745,0.927212,0.2569644,0.4926738,0.1609996,0.7539006,Nothing
138.1581,24,2,3,0,0.6962142,0.8473337,0.276184,330.3113,127.5389,73.97533,0.7321367,0.929392,0.2588902,0.4864669,0.2264864,0.7604624,Nothing
138.1665,24,2,3,0,0.6965259,0.8481807,0.2741621,330.6625,128.2639,73.35601,0.7362991,0.9313839,0.2607265,0.4784149,0.2929643,0.7676137,Nothing
138.1747,24,2,3,0,0.6967408,0.8488899,0.2722335,330.9786,128.995,72.72145,0.7404374,0.9334617,0.2628873,0.470811,0.3626108,0.7739977,Nothing
138.1832,24,2,3,0,0.6968341,0.8494768,0.2703675,331.2728,129.7396,72.07839,0.7445281,0.9353191,0.264935,0.4607869,0.4311577,0.78009,Nothing
138.1915,24,2,3,0,0.6965163,0.8499987,0.2686021,331.489,130.4033,71.44276,0.7486444,0.9372129,0.2671302,0.447475,0.5017598,0.7891105,Nothing
138.1997,24,2,3,0,0.6959541,0.8502409,0.2666816,331.5684,130.8332,70.86494,0.7526921,0.9387343,0.2692489,0.4301929,0.5708474,0.7999021,Nothing
138.2085,24,2,3,0,0.6951187,0.8505824,0.2646124,331.6639,130.81,70.45471,0.7567523,0.9400822,0.2714234,0.4097179,0.6373261,0.812295,Nothing
138.2166,24,2,3,0,0.6943021,0.8511237,0.2623604,331.8382,130.8933,69.92659,0.7628672,0.9418269,0.2745044,0.3784831,0.7255563,0.8313942,Nothing
138.2251,24,2,3,0,0.693367,0.8512596,0.2609476,331.8694,131.0455,69.50546,0.7667282,0.9426359,0.2765499,0.3528376,0.7847047,0.8451194,Nothing
138.2329,24,2,3,0,0.6925517,0.8513576,0.2593392,331.9315,131.2509,69.04493,0.7707096,0.9432803,0.2785194,0.3253985,0.8451263,0.8563762,Nothing
138.2415,24,2,3,0,0.6914947,0.8514836,0.2579265,331.9737,131.421,68.58842,0.7742999,0.9436724,0.2803795,0.2953582,0.9006387,0.8673244,Nothing
138.25,24,2,3,0,0.6903352,0.8513464,0.2567117,331.9395,131.5571,68.16452,0.7777193,0.9440258,0.2821949,0.2662005,0.9533249,0.8812554,Nothing
138.258,24,2,3,0,0.6890659,0.8512641,0.25558,331.8898,131.6982,67.73238,0.7809635,0.9439517,0.2837341,0.2323427,1.000785,0.8944476,Nothing
138.2661,24,2,3,0,0.6878796,0.8513597,0.2543199,331.8708,131.8252,67.31982,0.7840902,0.9439039,0.2852192,0.1985414,1.046961,0.9047594,Nothing
138.2752,24,2,3,0,0.6865896,0.851199,0.2526693,331.8779,131.9558,66.78589,0.7889087,0.9437263,0.2872989,0.1525196,1.110633,0.9212496,Nothing
138.2828,24,2,3,0,0.6858748,0.8512136,0.2517337,331.8879,131.9626,66.52516,0.7916607,0.9434446,0.2884084,0.1242531,1.144001,0.9305149,Nothing
138.2929,24,2,3,0,0.6849475,0.8512248,0.2510071,331.8452,131.9763,66.29325,0.7941743,0.9431583,0.2891575,0.09572159,1.172009,0.9434286,Nothing
138.3081,24,2,3,0,0.6827062,0.85042,0.2514465,331.419,132.048,65.96548,0.7989848,0.9422151,0.290992,0.03863184,1.215176,0.9842873,Nothing
138.3158,24,2,3,0,0.6815808,0.8499733,0.2515015,331.1846,132.0943,65.78545,0.8011502,0.941608,0.2918135,0.009757836,1.235603,1.00212,Nothing
138.3246,24,2,3,0,0.6799723,0.8489041,0.2528817,330.6591,132.0833,65.74931,0.8028941,0.941092,0.2928383,-0.01571822,1.24654,1.034006,Nothing
138.3324,24,2,3,0,0.6787274,0.848243,0.2534234,330.3712,132.0625,65.6353,0.8047625,0.9402103,0.29368,-0.04421689,1.260314,1.054456,Nothing
138.3413,24,2,3,0,0.6767782,0.847002,0.2550498,329.7628,131.6728,65.75061,0.8072478,0.9387771,0.2949065,-0.08304924,1.266316,1.096881,Nothing
138.3502,24,2,3,0,0.6753899,0.8462563,0.2558882,329.4001,131.5097,65.74406,0.8087665,0.9375903,0.2956403,-0.1121643,1.271668,1.120016,Nothing
138.3587,24,2,3,0,0.6737663,0.8451957,0.2571982,328.9365,131.3187,65.77494,0.8100641,0.9363711,0.2963549,-0.1405025,1.272495,1.14859,Nothing
138.3678,24,2,3,0,0.6717224,0.8439211,0.2586889,328.3523,131.2347,65.71372,0.8105261,0.935199,0.2971776,-0.168292,1.272026,1.174805,Nothing
138.3749,24,2,3,0,0.6695004,0.8424726,0.2604704,327.6368,131.1709,65.66183,0.8116909,0.9339636,0.2978427,-0.2036434,1.270974,1.209952,Nothing
138.383,24,2,3,0,0.667192,0.8408351,0.2623288,326.8489,130.985,65.67629,0.8121633,0.9322917,0.2982988,-0.2382202,1.260815,1.243452,Nothing
138.3916,24,2,3,0,0.6642632,0.8383075,0.2651634,325.877,130.621,65.83362,0.8129895,0.9307764,0.2987272,-0.2736425,1.244803,1.298039,Nothing
138.3997,24,2,3,0,0.6619933,0.8365876,0.2674182,325.0601,130.3762,65.9872,0.8130656,0.9291279,0.2988788,-0.3043226,1.225101,1.332735,Nothing
138.4079,24,2,3,0,0.6587875,0.8339769,0.2710554,323.8516,130.1201,66.25161,0.8135233,0.9270822,0.2994066,-0.3478259,1.19994,1.384554,Nothing
138.4164,24,2,3,0,0.6568674,0.8328998,0.273596,323.0907,130.1033,66.48388,0.8135833,0.925349,0.299128,-0.3799434,1.175121,1.410058,Nothing
138.4246,24,2,3,0,0.6549404,0.8312248,0.2770513,322.2325,130.4558,66.63934,0.8133718,0.9237847,0.2989557,-0.4079646,1.151409,1.435913,Nothing
138.4331,24,2,3,0,0.6530638,0.8297912,0.2797001,321.3508,130.827,66.59128,0.8130661,0.922377,0.2986626,-0.4406084,1.131652,1.455781,Nothing
138.4425,24,2,3,0,0.650637,0.8278912,0.2821718,320.4315,131.2767,66.34751,0.8127302,0.9209049,0.2983603,-0.4789928,1.116664,1.478481,Nothing
138.45,24,2,3,0,0.6477679,0.8260013,0.2839224,319.5334,131.6349,65.96405,0.8124353,0.9195212,0.2979436,-0.5231121,1.10583,1.502109,Nothing
138.4592,24,2,3,0,0.6434079,0.8232494,0.285635,318.2722,132.1992,65.12169,0.8117864,0.9173794,0.2973314,-0.5924243,1.094591,1.529075,Nothing
138.4673,24,2,3,0,0.6407086,0.8214576,0.2868784,317.4645,132.5388,64.62977,0.8119959,0.9157978,0.2969592,-0.6419075,1.087007,1.548171,Nothing
138.4755,24,2,3,0,0.6381851,0.8204446,0.2872048,316.8087,132.8055,64.0405,0.811475,0.9144761,0.2964822,-0.6860041,1.079348,1.555317,Nothing
138.4835,24,2,3,0,0.6359068,0.8193332,0.2882755,316.157,132.9707,63.68639,0.8108286,0.9131195,0.2960207,-0.7235624,1.063665,1.565668,Nothing
138.4922,24,2,3,0,0.6341269,0.8183768,0.2895695,315.543,133.035,63.50283,0.810321,0.9118721,0.2956881,-0.7551852,1.045188,1.575435,Nothing
138.5,24,2,3,0,0.6325954,0.8175958,0.2909398,314.9496,132.9639,63.49476,0.8097476,0.9105724,0.2953055,-0.7829444,1.02237,1.584214,Nothing
138.5087,24,2,3,0,0.630972,0.8164063,0.2926328,314.25,132.9013,63.52381,0.8091649,0.9092705,0.2948505,-0.8113142,0.9969398,1.597091,Nothing
138.5167,24,2,3,0,0.6293807,0.8149787,0.2945283,313.4612,132.8762,63.55744,0.8086014,0.9080293,0.2945373,-0.8401017,0.9716907,1.610649,Nothing
138.5253,24,2,3,0,0.6270921,0.8129989,0.2971358,312.3434,132.8876,63.53488,0.8079628,0.9060414,0.2941149,-0.8856533,0.9366675,1.62636,Nothing
138.5333,24,2,3,0,0.6256779,0.8117038,0.2986171,311.668,132.8762,63.50367,0.8073912,0.904873,0.2938904,-0.9116186,0.9154787,1.635009,Nothing
138.5424,24,2,3,0,0.6252604,0.8111165,0.2998177,311.2265,132.7068,63.57011,0.8067338,0.9036976,0.29377,-0.9257717,0.8914588,1.634532,Nothing
138.5506,24,2,3,0,0.6243588,0.8105776,0.300887,310.7499,132.534,63.64611,0.8060381,0.9024715,0.2936764,-0.9446967,0.8698264,1.634194,Nothing
138.5587,24,2,3,0,0.6244631,0.8115468,0.3012116,310.6926,131.8559,64.12434,0.8051249,0.9011786,0.2935938,-0.9469188,0.8432189,1.622185,Nothing
138.5665,24,2,3,0,0.6240902,0.8117299,0.3020014,310.4065,131.364,64.48645,0.8041927,0.8998859,0.2934419,-0.9559652,0.8165476,1.616111,Nothing
138.575,24,2,3,0,0.6243196,0.8125327,0.3029243,310.2696,130.5084,65.30943,0.8031012,0.8985773,0.2933391,-0.9536911,0.7836596,1.607205,Nothing
138.5838,24,2,3,0,0.6244929,0.8128397,0.3043191,309.9973,129.9154,65.96193,0.8019461,0.8971772,0.2931134,-0.9551882,0.7498854,1.598756,Nothing
138.5923,24,2,3,0,0.6242263,0.8128548,0.3063177,309.477,129.2086,66.72373,0.8000059,0.8950184,0.2925854,-0.963571,0.7013777,1.586725,Nothing
138.6011,24,2,3,0,0.6245697,0.8124247,0.3085956,308.997,128.9811,67.31254,0.798593,0.8936026,0.2922719,-0.9647025,0.6668735,1.578016,Nothing
138.6187,24,2,3,0,0.6247587,0.8116633,0.3121711,308.0932,128.7113,68.06503,0.7951173,0.8908392,0.2916032,-0.968448,0.6052378,1.553328,Nothing
138.6336,24,2,3,0,0.6256119,0.812068,0.3147277,307.5405,128.0573,69.00159,0.7916446,0.8880739,0.2910281,-0.9624973,0.5450888,1.518318,Nothing
138.6417,24,2,3,0,0.6264375,0.8128526,0.315377,307.5441,127.5483,69.55273,0.7900193,0.8866939,0.2906852,-0.9524361,0.5171776,1.497118,Nothing
138.6502,24,2,3,0,0.6275806,0.8139217,0.3165981,307.5101,126.8064,70.39256,0.7878039,0.8844169,0.2901588,-0.9423506,0.4746267,1.465784,Nothing
138.6592,24,2,3,0,0.6289456,0.8154565,0.3171027,307.8209,126.0907,71.11559,0.786173,0.8832137,0.289607,-0.923674,0.4430887,1.442174,Nothing
138.6671,24,2,3,0,0.6297688,0.8165165,0.3178865,307.8849,125.5374,71.75967,0.7840386,0.882232,0.2892598,-0.9081675,0.4136466,1.419807,Nothing
138.6758,24,2,3,0,0.6314651,0.8180399,0.3186172,308.2478,124.947,72.50473,0.7823412,0.8807702,0.2884726,-0.8883766,0.3801298,1.392699,Nothing
138.6836,24,2,3,0,0.6335335,0.81892,0.3194901,308.4283,124.3496,73.29263,0.7806218,0.8797333,0.2874454,-0.8644498,0.3427347,1.37068,Nothing
138.6923,24,2,3,0,0.6348163,0.8197366,0.320405,308.5736,123.828,73.98182,0.779003,0.8786005,0.2865893,-0.8495487,0.3099183,1.351155,Nothing
138.7003,24,2,3,0,0.6360203,0.8197621,0.3217771,308.5562,123.6448,74.49499,0.7774101,0.8774714,0.285643,-0.836763,0.2787461,1.336141,Nothing
138.7094,24,2,3,0,0.6381091,0.8199063,0.3237012,308.5699,123.3259,75.21989,0.775132,0.8754658,0.2841123,-0.8188807,0.2292148,1.309726,Nothing
138.7248,24,2,3,0,0.6407192,0.8204623,0.3258935,308.6729,122.9604,76.16419,0.7719197,0.8728173,0.2818977,-0.7964889,0.1659633,1.27136,Nothing
138.7336,24,2,3,0,0.6420323,0.8207774,0.3267913,308.7834,122.7101,76.64945,0.7707998,0.8714226,0.2805684,-0.7890354,0.1345543,1.254739,Nothing
138.7418,24,2,3,0,0.6433676,0.8211707,0.3275763,308.9358,122.3511,77.20361,0.7692681,0.8698216,0.27941,-0.778617,0.102273,1.233222,Nothing
138.7496,24,2,3,0,0.6446278,0.821481,0.3282432,309.1215,121.8644,77.8576,0.7677906,0.8681688,0.2781576,-0.7683944,0.06927489,1.213049,Nothing
138.7591,24,2,3,0,0.6458203,0.8217695,0.3287518,309.3036,121.4308,78.42857,0.766348,0.8664284,0.2769601,-0.7596873,0.03875969,1.191662,Nothing
138.7664,24,2,3,0,0.6469811,0.8218151,0.3294997,309.4008,121.1306,78.92091,0.7644312,0.8645335,0.2759472,-0.74967,0.007894228,1.167069,Nothing
138.7753,24,2,3,0,0.6485634,0.8219631,0.3304639,309.5212,120.8283,79.52235,0.7625124,0.8617994,0.2741986,-0.7447127,-0.0331488,1.135935,Nothing
138.7842,24,2,3,0,0.6501019,0.8219009,0.3309733,309.5767,120.7567,79.82174,0.7609375,0.8601335,0.2730256,-0.7343388,-0.06049462,1.112321,Nothing
138.7919,24,2,3,0,0.6510744,0.8218633,0.331561,309.5841,120.7912,80.03773,0.759878,0.8582656,0.2719291,-0.7350081,-0.08278564,1.092257,Nothing
138.8001,24,2,3,0,0.6520127,0.8218575,0.3320434,309.6001,120.8607,80.20454,0.7588229,0.856373,0.2708618,-0.7360741,-0.1035887,1.071637,Nothing
138.8086,24,2,3,0,0.6526176,0.8219484,0.3324117,309.6436,121.0057,80.29241,0.7575163,0.8546748,0.2698088,-0.7365891,-0.1220972,1.052207,Nothing
138.8167,24,2,3,0,0.6534462,0.8221395,0.3325477,309.6996,121.084,80.37503,0.7567505,0.8529934,0.2691506,-0.7381026,-0.1350908,1.032008,Nothing
138.8251,24,2,3,0,0.6542875,0.8223335,0.3327013,309.7661,121.11,80.50377,0.7558324,0.851411,0.2683339,-0.7380509,-0.1507995,1.012394,Nothing
138.8336,24,2,3,0,0.6552886,0.822794,0.3324667,309.8975,121.1317,80.59702,0.75485,0.8489751,0.2677492,-0.7408645,-0.1632558,0.9815271,Nothing
138.8421,24,2,3,0,0.655951,0.8231183,0.3322994,309.9817,121.1804,80.63387,0.7542163,0.8473127,0.2673495,-0.7435173,-0.1711512,0.9606507,Nothing
138.8506,24,2,3,0,0.6563951,0.8232559,0.3320999,310.0142,121.3463,80.56363,0.7535635,0.8457748,0.2674835,-0.7452466,-0.1718159,0.9407941,Nothing
138.8588,24,2,3,0,0.6567956,0.8233683,0.3319436,310.0184,121.608,80.40691,0.7531521,0.844885,0.2679699,-0.7445331,-0.1670404,0.9264055,Nothing
138.867,24,2,3,0,0.657964,0.82385,0.331572,310.0904,121.8947,80.27326,0.752634,0.8438631,0.2681682,-0.7398375,-0.1662661,0.9043621,Nothing
138.8756,24,2,3,0,0.6580588,0.8239457,0.3312005,310.0338,122.4843,79.76777,0.7522991,0.8434997,0.2689468,-0.7383702,-0.1529777,0.8938127,Nothing
138.8832,24,2,3,0,0.658401,0.8240685,0.3309962,310.0529,122.7817,79.53603,0.7518684,0.8427255,0.2693841,-0.7369584,-0.1484817,0.8805695,Nothing
138.8917,24,2,3,0,0.6587486,0.8242563,0.33072,310.0859,123.0656,79.31758,0.7515289,0.8421834,0.2703867,-0.733233,-0.1377042,0.866969,Nothing
138.8999,24,2,3,0,0.6593078,0.8246778,0.3302446,310.1704,123.4225,79.02595,0.7510728,0.8420325,0.2719453,-0.7234367,-0.1206774,0.8506396,Nothing
138.9088,24,2,3,0,0.6597574,0.8249141,0.3299095,310.2679,123.5711,78.90005,0.7509252,0.841759,0.2728193,-0.7179822,-0.1112783,0.8401923,Nothing
138.9166,24,2,3,0,0.660382,0.8253917,0.3296767,310.4395,123.6236,78.89259,0.7507197,0.8419071,0.2741957,-0.7074831,-0.09913672,0.8293169,Nothing
138.9265,24,2,3,0,0.6612415,0.8258734,0.3294391,310.6252,123.7512,78.85608,0.7504433,0.8422994,0.2760981,-0.6918167,-0.0821204,0.8167011,Nothing
138.9418,24,2,3,0,0.6625605,0.8265556,0.3294744,310.8948,123.8044,78.9968,0.7500522,0.8425295,0.2797371,-0.6693949,-0.0537901,0.7935609,Nothing
138.95,24,2,3,0,0.6632842,0.8267406,0.3296009,310.9961,123.7291,79.17963,0.7498901,0.8427684,0.2816734,-0.6564174,-0.03998603,0.7835634,Nothing
138.9585,24,2,3,0,0.6642662,0.8269131,0.3298113,311.1271,123.6023,79.45183,0.7496976,0.8431401,0.2848778,-0.636787,-0.01630988,0.7690212,Nothing
138.9665,24,2,3,0,0.6649402,0.826975,0.3300672,311.2007,123.5421,79.64729,0.7494206,0.8433291,0.2869439,-0.6231846,-0.002490842,0.7588244,Nothing
138.975,24,2,3,0,0.6657835,0.8270307,0.3303361,311.3104,123.5367,79.83069,0.7494098,0.8437052,0.2893147,-0.6078028,0.01543972,0.7498454,Nothing
138.9841,24,2,3,0,0.6665418,0.8272054,0.3304125,311.4486,123.5718,79.92825,0.7494823,0.8440952,0.2917945,-0.5931946,0.03646981,0.7400432,Nothing
138.9925,24,2,3,0,0.6675272,0.8276467,0.3303313,311.6798,123.6623,79.99011,0.7494724,0.8444626,0.2942393,-0.5768216,0.05753761,0.7265384,Nothing
139.0007,24,2,3,0,0.6686887,0.8286492,0.3298534,312.0904,123.7957,79.97907,0.7498164,0.8448725,0.2971568,-0.5608341,0.08690248,0.7082254,Nothing
139.0085,24,2,3,0,0.6699824,0.8296503,0.3293635,312.5168,123.8773,80.009,0.7501661,0.8453276,0.2997978,-0.5442573,0.1128455,0.6904851,Nothing
139.0167,24,2,3,0,0.6713492,0.8308256,0.3287604,313.0037,123.9397,80.04819,0.7505425,0.8456768,0.3025873,-0.5280714,0.1404068,0.6696349,Nothing
139.0253,24,2,3,0,0.6740208,0.8323092,0.327621,313.6596,124.029,80.10783,0.751233,0.8463477,0.3066849,-0.4983619,0.1808741,0.6368164,Nothing
139.0336,24,2,3,0,0.6751971,0.8332443,0.3270369,314.0731,124.0864,80.13491,0.7518103,0.8467171,0.3094059,-0.4848762,0.2090921,0.6191244,Nothing
139.0423,24,2,3,0,0.676056,0.8337353,0.3267055,314.3671,124.1606,80.16068,0.752326,0.8471083,0.3118951,-0.4725619,0.2345844,0.6070677,Nothing
139.0517,24,2,3,0,0.676903,0.8341551,0.3264717,314.6155,124.2301,80.21252,0.7533426,0.8474128,0.3142971,-0.4647861,0.2607617,0.5981855,Nothing
139.0671,24,2,3,0,0.6782017,0.8343122,0.3265649,314.8896,124.3547,80.39626,0.7543316,0.8479008,0.3182286,-0.4463581,0.2977802,0.5845971,Nothing
139.0752,24,2,3,0,0.678829,0.8343117,0.3266477,315.021,124.3315,80.54837,0.7546303,0.8480493,0.319811,-0.4370595,0.3109885,0.5786093,Nothing
139.0833,24,2,3,0,0.679404,0.8343576,0.3266469,315.1783,124.2724,80.70486,0.7545512,0.8481175,0.3206408,-0.4280057,0.3161029,0.5727906,Nothing
139.0926,24,2,3,0,0.6802783,0.8343697,0.3266338,315.3978,124.2079,80.90858,0.7548814,0.8484113,0.3227605,-0.4135529,0.3340558,0.5645549,Nothing
139.1006,24,2,3,0,0.680873,0.8344157,0.3265781,315.5609,124.169,81.03387,0.7546201,0.8486012,0.3230421,-0.4036606,0.3338733,0.5602441,Nothing
139.1115,24,2,3,0,0.6819701,0.8349378,0.3261757,315.9939,124.1398,81.15842,0.7543337,0.8489941,0.3238447,-0.3873532,0.3391222,0.5487128,Nothing
139.1248,24,2,3,0,0.6833225,0.8356024,0.3258673,316.4801,124.1039,81.34299,0.7538573,0.8494359,0.3239986,-0.3700807,0.335805,0.5369921,Nothing
139.1325,24,2,3,0,0.6842883,0.8359942,0.3257384,316.7997,124.0296,81.51649,0.7536967,0.8498059,0.3242795,-0.3580082,0.3347783,0.530309,Nothing
139.142,24,2,3,0,0.6852129,0.8363568,0.3257049,317.0855,123.9049,81.7516,0.7535099,0.8502074,0.3244838,-0.3462267,0.3320866,0.5248208,Nothing
139.1491,24,2,3,0,0.6861836,0.8365653,0.3257655,317.3615,123.7687,82.00539,0.7533156,0.8507647,0.3248621,-0.3316815,0.3300967,0.5207126,Nothing
139.1582,24,2,3,0,0.6876168,0.8367969,0.3259186,317.7446,123.5918,82.37447,0.7531381,0.8513343,0.325293,-0.3130309,0.325855,0.514467,Nothing
139.1666,24,2,3,0,0.6885741,0.8367758,0.3262959,317.9501,123.4766,82.65953,0.7531393,0.8518333,0.325692,-0.2998589,0.3225198,0.5133876,Nothing
139.1743,24,2,3,0,0.6895361,0.8368559,0.3264896,318.1772,123.3844,82.90365,0.7530962,0.8521328,0.3259761,-0.2884734,0.3192353,0.5095611,Nothing
139.1826,24,2,3,0,0.6908178,0.8368267,0.3266554,318.3971,123.3017,83.16559,0.7531767,0.8523718,0.3264235,-0.2749701,0.3168432,0.5038636,Nothing
139.1911,24,2,3,0,0.6918089,0.8368504,0.3269388,318.584,123.2419,83.40361,0.7531222,0.852554,0.3268217,-0.2641439,0.3136221,0.4987969,Nothing
139.1989,24,2,3,0,0.693023,0.836932,0.3271614,318.8061,123.1386,83.68045,0.7531594,0.8526894,0.327223,-0.2528011,0.3099652,0.4921809,Nothing
139.2076,24,2,3,0,0.6939951,0.8369803,0.3274229,318.996,123.052,83.92332,0.7530787,0.8530176,0.3276644,-0.2409844,0.3070271,0.4876046,Nothing
139.2159,24,2,3,0,0.6948439,0.8369427,0.3276914,319.1449,122.9691,84.14501,0.7529818,0.8531441,0.3280526,-0.23138,0.303838,0.4829743,Nothing
139.2256,24,2,3,0,0.6962613,0.8368241,0.3280532,319.379,122.8441,84.48582,0.7529525,0.8533834,0.3286206,-0.2158253,0.2991821,0.4764221,Nothing
139.2329,24,2,3,0,0.6965383,0.8364545,0.3282965,319.3486,122.7789,84.60559,0.7528457,0.8535172,0.3290352,-0.2089455,0.2990181,0.4767275,Nothing
139.2414,24,2,3,0,0.6971024,0.8362862,0.3284328,319.3836,122.7544,84.71171,0.752759,0.8537095,0.3294305,-0.2007184,0.2985342,0.4740114,Nothing
139.2497,24,2,3,0,0.6975669,0.8361453,0.3285857,319.4219,122.7411,84.80336,0.7527289,0.8538267,0.3298436,-0.1942467,0.2987914,0.4715818,Nothing
139.2576,24,2,3,0,0.6980493,0.8360695,0.3286876,319.4712,122.7465,84.87537,0.7526677,0.8538875,0.3302939,-0.188131,0.2995839,0.4675999,Nothing
139.2658,24,2,3,0,0.6988413,0.8361323,0.3286438,319.5666,122.761,84.95424,0.7525965,0.8538889,0.3307099,-0.1808803,0.2997388,0.4598319,Nothing
139.2745,24,2,3,0,0.6994052,0.8363032,0.3285937,319.6628,122.8039,84.97734,0.7524204,0.8536792,0.3310289,-0.1773286,0.2995231,0.4510038,Nothing
139.2826,24,2,3,0,0.7000898,0.8363827,0.328573,319.7655,122.8062,85.05536,0.7523127,0.8535095,0.3313533,-0.1723191,0.2987548,0.4429792,Nothing
139.2911,24,2,3,0,0.7008525,0.8366909,0.3284617,319.9271,122.8041,85.1232,0.7521578,0.8531439,0.3317839,-0.1689631,0.2987721,0.4306596,Nothing
139.2995,24,2,3,0,0.7013217,0.8368292,0.3284355,320.0126,122.8098,85.16747,0.7520722,0.8528636,0.3320584,-0.1671839,0.2985856,0.4231859,Nothing
139.3079,24,2,3,0,0.7015402,0.8368859,0.328367,320.0161,122.8497,85.14104,0.7517822,0.8524258,0.3322628,-0.1672356,0.2983293,0.4152892,Nothing
139.3167,24,2,3,0,0.7015278,0.8368194,0.3283848,319.9728,122.8921,85.10349,0.7519025,0.8516849,0.3323859,-0.1733652,0.299657,0.4110045,SelectionStart
139.3167,24,2,3,0,0.7015278,0.8368194,0.3283848,319.9728,122.8921,85.10349,0.7519025,0.8516849,0.3323859,-0.1733652,0.299657,0.4110045,SelectionEnd
139.3201,24,2,3,0,0.7015278,0.8368194,0.3283848,319.9728,122.8921,85.10349,0.7519025,0.8516849,0.3323859,-0.1733652,0.299657,0.4110045,GotSelection
139.3297,24,2,3,0,0.7012526,0.8366063,0.3283678,319.8392,122.9588,85.01202,0.7524262,0.8503746,0.3323844,-0.1878619,0.3032191,0.4083231,SelectionStart
139.3297,24,2,3,0,0.7012526,0.8366063,0.3283678,319.8392,122.9588,85.01202,0.7524262,0.8503746,0.3323844,-0.1878619,0.3032191,0.4083231,SelectionEnd
139.333,24,2,3,0,0.7012526,0.8366063,0.3283678,319.8392,122.9588,85.01202,0.7524262,0.8503746,0.3323844,-0.1878619,0.3032191,0.4083231,GotSelection
139.3427,24,2,3,0,0.7008077,0.8364503,0.3282942,319.7345,122.9943,84.91337,0.7535556,0.8487927,0.3319221,-0.2106231,0.3066159,0.4104016,SelectionStart
139.3428,24,2,3,0,0.7008077,0.8364503,0.3282942,319.7345,122.9943,84.91337,0.7535556,0.8487927,0.3319221,-0.2106231,0.3066159,0.4104016,SelectionEnd
139.3461,24,2,3,0,0.7008077,0.8364503,0.3282942,319.7345,122.9943,84.91337,0.7535556,0.8487927,0.3319221,-0.2106231,0.3066159,0.4104016,GotSelection
139.3579,24,2,3,0,0.7007337,0.8367465,0.3281187,319.7981,122.972,84.87833,0.7543756,0.8458489,0.3313068,-0.2421641,0.3047128,0.3970751,SelectionStart
139.3579,24,2,3,0,0.7007337,0.8367465,0.3281187,319.7981,122.972,84.87833,0.7543756,0.8458489,0.3313068,-0.2421641,0.3047128,0.3970751,SelectionEnd
139.3612,24,2,3,0,0.7007337,0.8367465,0.3281187,319.7981,122.972,84.87833,0.7543756,0.8458489,0.3313068,-0.2421641,0.3047128,0.3970751,GotSelection
139.3721,24,2,3,0,0.7008079,0.8370867,0.3279688,319.9268,122.9305,84.89922,0.7546375,0.8417832,0.3294736,-0.2813733,0.2875434,0.3771724,SelectionStart
139.3721,24,2,3,0,0.7008079,0.8370867,0.3279688,319.9268,122.9305,84.89922,0.7546375,0.8417832,0.3294736,-0.2813733,0.2875434,0.3771724,SelectionEnd
139.3756,24,2,3,0,0.7008079,0.8370867,0.3279688,319.9268,122.9305,84.89922,0.7546375,0.8417832,0.3294736,-0.2813733,0.2875434,0.3771724,GotSelection
139.4205,24,2,3,0,0.7013069,0.8384521,0.327626,320.4368,122.8396,84.94917,0.7557805,0.8258372,0.3177793,-0.4487331,0.1781514,0.3199863,SelectionStart
139.4206,24,2,3,0,0.7013069,0.8384521,0.327626,320.4368,122.8396,84.94917,0.7557805,0.8258372,0.3177793,-0.4487331,0.1781514,0.3199863,SelectionEnd
139.4239,24,2,3,0,0.7013069,0.8384521,0.327626,320.4368,122.8396,84.94917,0.7557805,0.8258372,0.3177793,-0.4487331,0.1781514,0.3199863,GotSelection
139.4342,24,2,3,0,0.7011397,0.838494,0.3276292,320.4457,122.863,84.90063,0.7565829,0.8213843,0.3149564,-0.4975315,0.1547191,0.3092536,SelectionStart
139.4342,24,2,3,0,0.7011397,0.838494,0.3276292,320.4457,122.863,84.90063,0.7565829,0.8213843,0.3149564,-0.4975315,0.1547191,0.3092536,SelectionEnd
139.4377,24,2,3,0,0.7011397,0.838494,0.3276292,320.4457,122.863,84.90063,0.7565829,0.8213843,0.3149564,-0.4975315,0.1547191,0.3092536,GotSelection
139.4475,24,2,3,0,0.7008269,0.8384024,0.3276162,320.4092,122.8785,84.82832,0.7554469,0.8161457,0.3117741,-0.5420048,0.1183892,0.2835317,SelectionStart
139.4475,24,2,3,0,0.7008269,0.8384024,0.3276162,320.4092,122.8785,84.82832,0.7554469,0.8161457,0.3117741,-0.5420048,0.1183892,0.2835317,SelectionEnd
139.4515,24,2,3,0,0.7008269,0.8384024,0.3276162,320.4092,122.8785,84.82832,0.7554469,0.8161457,0.3117741,-0.5420048,0.1183892,0.2835317,GotSelection
139.463,24,2,3,0,0.7005195,0.8381249,0.3277591,320.3167,122.8503,84.79831,0.7563743,0.8121048,0.309914,-0.5848179,0.1035623,0.2748996,SelectionStart
139.4631,24,2,3,0,0.7005195,0.8381249,0.3277591,320.3167,122.8503,84.79831,0.7563743,0.8121048,0.309914,-0.5848179,0.1035623,0.2748996,SelectionEnd
139.4666,24,2,3,0,0.7005195,0.8381249,0.3277591,320.3167,122.8503,84.79831,0.7563743,0.8121048,0.309914,-0.5848179,0.1035623,0.2748996,GotSelection
139.4774,24,2,3,0,0.7002768,0.8378075,0.327942,320.2093,122.8245,84.78156,0.7570986,0.8076348,0.3070374,-0.6319665,0.07785914,0.2661364,SelectionStart
139.4774,24,2,3,0,0.7002768,0.8378075,0.327942,320.2093,122.8245,84.78156,0.7570986,0.8076348,0.3070374,-0.6319665,0.07785914,0.2661364,SelectionEnd
139.4813,24,2,3,0,0.7002768,0.8378075,0.327942,320.2093,122.8245,84.78156,0.7570986,0.8076348,0.3070374,-0.6319665,0.07785914,0.2661364,GotSelection
139.4935,24,2,3,0,0.7003434,0.8375893,0.3279037,320.1655,122.8225,84.75809,0.7571045,0.805624,0.3051482,-0.6509031,0.05957156,0.2614104,SelectionStart
139.4935,24,2,3,0,0.7003434,0.8375893,0.3279037,320.1655,122.8225,84.75809,0.7571045,0.805624,0.3051482,-0.6509031,0.05957156,0.2614104,SelectionEnd
139.4969,24,2,3,0,0.7003434,0.8375893,0.3279037,320.1655,122.8225,84.75809,0.7571045,0.805624,0.3051482,-0.6509031,0.05957156,0.2614104,GotSelection
139.5086,24,2,3,0,0.7012927,0.8376114,0.3275967,320.2662,122.9252,84.69642,0.7568814,0.8053327,0.3052255,-0.644879,0.05731558,0.2509722,SelectionStart
139.5087,24,2,3,0,0.7012927,0.8376114,0.3275967,320.2662,122.9252,84.69642,0.7568814,0.8053327,0.3052255,-0.644879,0.05731558,0.2509722,SelectionEnd
139.5119,24,2,3,0,0.7012927,0.8376114,0.3275967,320.2662,122.9252,84.69642,0.7568814,0.8053327,0.3052255,-0.644879,0.05731558,0.2509722,GotSelection
139.5213,24,2,3,0,0.7020905,0.8379697,0.3271822,320.4037,123.0829,84.62155,0.7569363,0.8061648,0.3061083,-0.6326301,0.06627323,0.2448715,SelectionStart
139.5213,24,2,3,0,0.7020905,0.8379697,0.3271822,320.4037,123.0829,84.62155,0.7569363,0.8061648,0.3061083,-0.6326301,0.06627323,0.2448715,SelectionEnd
139.5247,24,2,3,0,0.7020905,0.8379697,0.3271822,320.4037,123.0829,84.62155,0.7569363,0.8061648,0.3061083,-0.6326301,0.06627323,0.2448715,GotSelection
139.5342,24,2,3,0,0.703014,0.8382701,0.3267799,320.5445,123.2979,84.5153,0.7574578,0.8085926,0.309877,-0.6016191,0.1037665,0.2391438,SelectionStart
139.5342,24,2,3,0,0.703014,0.8382701,0.3267799,320.5445,123.2979,84.5153,0.7574578,0.8085926,0.309877,-0.6016191,0.1037665,0.2391438,SelectionEnd
139.5377,24,2,3,0,0.703014,0.8382701,0.3267799,320.5445,123.2979,84.5153,0.7574578,0.8085926,0.309877,-0.6016191,0.1037665,0.2391438,GotSelection
139.5507,24,2,3,0,0.7040185,0.8386148,0.326345,320.7038,123.4292,84.47933,0.7583619,0.8129318,0.3141014,-0.5562347,0.1483557,0.2453766,SelectionStart
139.5507,24,2,3,0,0.7040185,0.8386148,0.326345,320.7038,123.4292,84.47933,0.7583619,0.8129318,0.3141014,-0.5562347,0.1483557,0.2453766,SelectionEnd
139.5541,24,2,3,0,0.7040185,0.8386148,0.326345,320.7038,123.4292,84.47933,0.7583619,0.8129318,0.3141014,-0.5562347,0.1483557,0.2453766,GotSelection
139.5638,24,2,3,0,0.7047772,0.8387175,0.3260773,320.7998,123.472,84.50618,0.7583022,0.8168349,0.3180649,-0.5094377,0.1850575,0.2468211,SelectionStart
139.5638,24,2,3,0,0.7047772,0.8387175,0.3260773,320.7998,123.472,84.50618,0.7583022,0.8168349,0.3180649,-0.5094377,0.1850575,0.2468211,SelectionEnd
139.5671,24,2,3,0,0.7047772,0.8387175,0.3260773,320.7998,123.472,84.50618,0.7583022,0.8168349,0.3180649,-0.5094377,0.1850575,0.2468211,GotSelection
139.577,24,2,3,0,0.7054544,0.8386137,0.325954,320.8157,123.5148,84.5625,0.7587813,0.822355,0.3228718,-0.4501832,0.2325598,0.2602398,SelectionStart
139.577,24,2,3,0,0.7054544,0.8386137,0.325954,320.8157,123.5148,84.5625,0.7587813,0.822355,0.3228718,-0.4501832,0.2325598,0.2602398,SelectionEnd
139.5803,24,2,3,0,0.7054544,0.8386137,0.325954,320.8157,123.5148,84.5625,0.7587813,0.822355,0.3228718,-0.4501832,0.2325598,0.2602398,GotSelection
139.6197,24,2,3,0,0.7060512,0.837765,0.3254914,320.5325,123.7608,84.44501,0.7620758,0.8393526,0.3344472,-0.2941502,0.3668359,0.3379229,SelectionStart
139.6197,24,2,3,0,0.7060512,0.837765,0.3254914,320.5325,123.7608,84.44501,0.7620758,0.8393526,0.3344472,-0.2941502,0.3668359,0.3379229,SelectionEnd
139.623,24,2,3,0,0.7060512,0.837765,0.3254914,320.5325,123.7608,84.44501,0.7620758,0.8393526,0.3344472,-0.2941502,0.3668359,0.3379229,GotSelection
139.6353,24,2,3,0,0.7066857,0.8382301,0.3248854,320.728,123.9055,84.33188,0.762897,0.8450249,0.3376778,-0.2428365,0.4062073,0.3559762,SelectionStart
139.6354,24,2,3,0,0.7066857,0.8382301,0.3248854,320.728,123.9055,84.33188,0.762897,0.8450249,0.3376778,-0.2428365,0.4062073,0.3559762,SelectionEnd
139.6389,24,2,3,0,0.7066857,0.8382301,0.3248854,320.728,123.9055,84.33188,0.762897,0.8450249,0.3376778,-0.2428365,0.4062073,0.3559762,GotSelection
139.6502,24,2,3,0,0.7076056,0.8389872,0.3242909,321.0732,124.0163,84.28831,0.7632883,0.8497384,0.3400553,-0.198126,0.4335323,0.3652281,SelectionStart
139.6502,24,2,3,0,0.7076056,0.8389872,0.3242909,321.0732,124.0163,84.28831,0.7632883,0.8497384,0.3400553,-0.198126,0.4335323,0.3652281,SelectionEnd
139.6536,24,2,3,0,0.7076056,0.8389872,0.3242909,321.0732,124.0163,84.28831,0.7632883,0.8497384,0.3400553,-0.198126,0.4335323,0.3652281,GotSelection
139.6643,24,2,3,0,0.7080857,0.8394647,0.324048,321.2955,124.0674,84.30018,0.7635927,0.8528408,0.3409115,-0.1716033,0.4448788,0.376193,SelectionStart
139.6644,24,2,3,0,0.7080857,0.8394647,0.324048,321.2955,124.0674,84.30018,0.7635927,0.8528408,0.3409115,-0.1716033,0.4448788,0.376193,SelectionEnd
139.6676,24,2,3,0,0.7080857,0.8394647,0.324048,321.2955,124.0674,84.30018,0.7635927,0.8528408,0.3409115,-0.1716033,0.4448788,0.376193,GotSelection
139.6782,24,2,3,0,0.7090083,0.8398226,0.3241713,321.571,123.8886,84.55285,0.7643746,0.8563906,0.3425941,-0.1381723,0.4599228,0.3902767,SelectionStart
139.6782,24,2,3,0,0.7090083,0.8398226,0.3241713,321.571,123.8886,84.55285,0.7643746,0.8563906,0.3425941,-0.1381723,0.4599228,0.3902767,SelectionEnd
139.6816,24,2,3,0,0.7090083,0.8398226,0.3241713,321.571,123.8886,84.55285,0.7643746,0.8563906,0.3425941,-0.1381723,0.4599228,0.3902767,GotSelection
139.6925,24,2,3,0,0.7091203,0.8394004,0.3248499,321.5416,123.614,84.86352,0.7646062,0.8573117,0.3419997,-0.1306011,0.449183,0.4069417,SelectionStart
139.6925,24,2,3,0,0.7091203,0.8394004,0.3248499,321.5416,123.614,84.86352,0.7646062,0.8573117,0.3419997,-0.1306011,0.449183,0.4069417,SelectionEnd
139.6959,24,2,3,0,0.7091203,0.8394004,0.3248499,321.5416,123.614,84.86352,0.7646062,0.8573117,0.3419997,-0.1306011,0.449183,0.4069417,GotSelection
139.7055,24,2,3,0,0.7092301,0.8390825,0.3254795,321.5547,123.3762,85.1424,0.7654238,0.8591372,0.341944,-0.1182625,0.4472388,0.4297844,SelectionStart
139.7055,24,2,3,0,0.7092301,0.8390825,0.3254795,321.5547,123.3762,85.1424,0.7654238,0.8591372,0.341944,-0.1182625,0.4472388,0.4297844,SelectionEnd
139.7091,24,2,3,0,0.7092301,0.8390825,0.3254795,321.5547,123.3762,85.1424,0.7654238,0.8591372,0.341944,-0.1182625,0.4472388,0.4297844,GotSelection
139.7194,24,2,3,0,0.7088485,0.8385441,0.3262033,321.4407,123.1322,85.37766,0.7655804,0.8585358,0.3403883,-0.1282752,0.4285824,0.4442724,SelectionStart
139.7194,24,2,3,0,0.7088485,0.8385441,0.3262033,321.4407,123.1322,85.37766,0.7655804,0.8585358,0.3403883,-0.1282752,0.4285824,0.4442724,SelectionEnd
139.7227,24,2,3,0,0.7088485,0.8385441,0.3262033,321.4407,123.1322,85.37766,0.7655804,0.8585358,0.3403883,-0.1282752,0.4285824,0.4442724,GotSelection
139.7337,24,2,3,0,0.7080162,0.8380232,0.326721,321.3364,122.866,85.54189,0.7655364,0.8574528,0.3377112,-0.1468694,0.4024253,0.4611875,SelectionStart
139.7338,24,2,3,0,0.7080162,0.8380232,0.326721,321.3364,122.866,85.54189,0.7655364,0.8574528,0.3377112,-0.1468694,0.4024253,0.4611875,SelectionEnd
139.7371,24,2,3,0,0.7080162,0.8380232,0.326721,321.3364,122.866,85.54189,0.7655364,0.8574528,0.3377112,-0.1468694,0.4024253,0.4611875,GotSelection
139.7471,24,2,3,0,0.7075192,0.8378297,0.3268096,321.3047,122.7398,85.57508,0.7656817,0.85638,0.3355117,-0.1644263,0.3840407,0.4703799,SelectionStart
139.7471,24,2,3,0,0.7075192,0.8378297,0.3268096,321.3047,122.7398,85.57508,0.7656817,0.85638,0.3355117,-0.1644263,0.3840407,0.4703799,SelectionEnd
139.7503,24,2,3,0,0.7075192,0.8378297,0.3268096,321.3047,122.7398,85.57508,0.7656817,0.85638,0.3355117,-0.1644263,0.3840407,0.4703799,GotSelection
139.7603,24,2,3,0,0.7075089,0.838022,0.326859,321.4265,122.6733,85.6124,0.7651577,0.8539637,0.3315161,-0.1924011,0.3437791,0.4683967,SelectionStart
139.7603,24,2,3,0,0.7075089,0.838022,0.326859,321.4265,122.6733,85.6124,0.7651577,0.8539637,0.3315161,-0.1924011,0.3437791,0.4683967,SelectionEnd
139.7635,24,2,3,0,0.7075089,0.838022,0.326859,321.4265,122.6733,85.6124,0.7651577,0.8539637,0.3315161,-0.1924011,0.3437791,0.4683967,GotSelection
139.8049,24,2,3,0,0.7108531,0.8397501,0.3270611,322.4596,122.1602,86.34898,0.766044,0.8460821,0.3180926,-0.2824976,0.2046744,0.4559312,SelectionStart
139.805,24,2,3,0,0.7108531,0.8397501,0.3270611,322.4596,122.1602,86.34898,0.766044,0.8460821,0.3180926,-0.2824976,0.2046744,0.4559312,SelectionEnd
139.8083,24,2,3,0,0.7108531,0.8397501,0.3270611,322.4596,122.1602,86.34898,0.766044,0.8460821,0.3180926,-0.2824976,0.2046744,0.4559312,GotSelection
139.8188,24,2,3,0,0.7130327,0.8403859,0.3272455,323.0695,121.7791,86.82523,0.766917,0.8431107,0.3130883,-0.3130287,0.1496234,0.4510553,SelectionStart
139.8188,24,2,3,0,0.7130327,0.8403859,0.3272455,323.0695,121.7791,86.82523,0.766917,0.8431107,0.3130883,-0.3130287,0.1496234,0.4510553,SelectionEnd
139.8224,24,2,3,0,0.7130327,0.8403859,0.3272455,323.0695,121.7791,86.82523,0.766917,0.8431107,0.3130883,-0.3130287,0.1496234,0.4510553,GotSelection
139.8339,24,2,3,0,0.7155708,0.8410874,0.3272111,323.773,121.2672,87.36798,0.7683126,0.8408141,0.3084835,-0.3376303,0.1005668,0.4493505,SelectionStart
139.8339,24,2,3,0,0.7155708,0.8410874,0.3272111,323.773,121.2672,87.36798,0.7683126,0.8408141,0.3084835,-0.3376303,0.1005668,0.4493505,SelectionEnd
139.8373,24,2,3,0,0.7155708,0.8410874,0.3272111,323.773,121.2672,87.36798,0.7683126,0.8408141,0.3084835,-0.3376303,0.1005668,0.4493505,GotSelection
139.8475,24,2,3,0,0.7175743,0.8418655,0.3272502,324.4088,120.5696,88.01186,0.7694722,0.8391307,0.3053375,-0.3566218,0.06445975,0.4469245,SelectionStart
139.8475,24,2,3,0,0.7175743,0.8418655,0.3272502,324.4088,120.5696,88.01186,0.7694722,0.8391307,0.3053375,-0.3566218,0.06445975,0.4469245,SelectionEnd
139.8508,24,2,3,0,0.7175743,0.8418655,0.3272502,324.4088,120.5696,88.01186,0.7694722,0.8391307,0.3053375,-0.3566218,0.06445975,0.4469245,GotSelection
139.8642,24,2,3,0,0.7197936,0.8424395,0.3275217,325.0889,119.7898,88.74338,0.7720848,0.8379105,0.3022611,-0.3769398,0.0331285,0.4582058,SelectionStart
139.8642,24,2,3,0,0.7197936,0.8424395,0.3275217,325.0889,119.7898,88.74338,0.7720848,0.8379105,0.3022611,-0.3769398,0.0331285,0.4582058,SelectionEnd
139.8684,24,2,3,0,0.7197936,0.8424395,0.3275217,325.0889,119.7898,88.74338,0.7720848,0.8379105,0.3022611,-0.3769398,0.0331285,0.4582058,GotSelection
139.881,24,2,3,0,0.722423,0.8430555,0.3280627,325.8945,118.8739,89.6305,0.7750585,0.8372827,0.299874,-0.3903326,0.004955004,0.4713103,SelectionStart
139.8811,24,2,3,0,0.722423,0.8430555,0.3280627,325.8945,118.8739,89.6305,0.7750585,0.8372827,0.299874,-0.3903326,0.004955004,0.4713103,SelectionEnd
139.8844,24,2,3,0,0.722423,0.8430555,0.3280627,325.8945,118.8739,89.6305,0.7750585,0.8372827,0.299874,-0.3903326,0.004955004,0.4713103,GotSelection
139.8951,24,2,3,0,0.7238468,0.8436035,0.3285884,326.4834,118.3256,90.18486,0.7783023,0.8370451,0.2985764,-0.4060493,-0.004611858,0.4918912,SelectionStart
139.8952,24,2,3,0,0.7238468,0.8436035,0.3285884,326.4834,118.3256,90.18486,0.7783023,0.8370451,0.2985764,-0.4060493,-0.004611858,0.4918912,SelectionEnd
139.8984,24,2,3,0,0.7238468,0.8436035,0.3285884,326.4834,118.3256,90.18486,0.7783023,0.8370451,0.2985764,-0.4060493,-0.004611858,0.4918912,GotSelection
139.9089,24,2,3,0,0.7265703,0.8448858,0.3286528,327.467,117.6636,90.82136,0.7819742,0.8381873,0.2992566,-0.4017187,0.002565522,0.502693,SelectionStart
139.9089,24,2,3,0,0.7265703,0.8448858,0.3286528,327.467,117.6636,90.82136,0.7819742,0.8381873,0.2992566,-0.4017187,0.002565522,0.502693,SelectionEnd
139.9123,24,2,3,0,0.7265703,0.8448858,0.3286528,327.467,117.6636,90.82136,0.7819742,0.8381873,0.2992566,-0.4017187,0.002565522,0.502693,GotSelection
139.9331,24,2,3,0,0.7310688,0.8468091,0.3283498,328.9883,116.8612,91.56789,0.7889856,0.8415627,0.302326,-0.3782822,0.04048827,0.5269985,Nothing
139.942,24,2,3,0,0.732406,0.8474498,0.3282515,329.4648,116.5864,91.82416,0.7911767,0.8427944,0.303691,-0.3686955,0.05603246,0.5342722,Nothing
139.9495,24,2,3,0,0.7338532,0.8478079,0.3285052,329.9232,116.2627,92.14361,0.7936845,0.8442466,0.3049878,-0.3566653,0.06832283,0.5473407,Nothing
139.9583,24,2,3,0,0.7352333,0.8482461,0.3286649,330.384,115.957,92.44128,0.7963612,0.8456569,0.306284,-0.3462468,0.08248433,0.5612847,Nothing
139.9669,24,2,3,0,0.7372643,0.8486732,0.3291948,331.028,115.4711,92.91416,0.8001043,0.8475237,0.3079898,-0.3311503,0.09736029,0.582055,Nothing
139.9753,24,2,3,0,0.738525,0.8489878,0.3294809,331.4515,115.1552,93.21764,0.8031033,0.8489884,0.3091075,-0.3215332,0.1101307,0.6014405,Nothing
139.9831,24,2,3,0,0.7399216,0.849506,0.3295301,331.9451,114.8072,93.49326,0.8061264,0.8502275,0.3097923,-0.3148575,0.1200064,0.6190689,Nothing
139.9918,24,2,3,0,0.7411414,0.8498957,0.3296578,332.3883,114.4846,93.76356,0.8089838,0.8514301,0.3105855,-0.3075522,0.13024,0.6368527,Nothing
139.9998,24,2,3,0,0.7423923,0.8502795,0.3298068,332.8245,114.1987,94.01582,0.8118313,0.8526537,0.3113879,-0.2996518,0.1403112,0.6544148,Nothing
140.0082,24,2,3,0,0.7435837,0.8505104,0.3299241,333.2148,113.9348,94.245,0.8145102,0.8535008,0.3115621,-0.2951609,0.1445816,0.6719894,Nothing
140.0164,24,2,3,0,0.7446354,0.8507879,0.3301015,333.5573,113.7001,94.46105,0.8172235,0.8544345,0.3121115,-0.2904961,0.1526619,0.6897572,Nothing
140.0256,24,2,3,0,0.7462857,0.8511305,0.3303622,334.0782,113.3453,94.78866,0.8211094,0.8556582,0.3128368,-0.2832185,0.1625456,0.7142516,Nothing
140.0337,24,2,3,0,0.7473311,0.8513546,0.3305995,334.3601,113.1629,94.99804,0.823804,0.8566625,0.3133093,-0.277865,0.1695553,0.7326305,Nothing
140.0416,24,2,3,0,0.7485231,0.8517176,0.3307229,334.7274,112.9495,95.21593,0.8264122,0.8576974,0.3135208,-0.2717749,0.1736586,0.7496081,Nothing
140.0496,24,2,3,0,0.7500382,0.8522155,0.3308452,335.1513,112.7634,95.43938,0.8290147,0.8590064,0.3137445,-0.2621521,0.1765236,0.764536,Nothing
140.058,24,2,3,0,0.7515392,0.8527232,0.3308175,335.6082,112.5459,95.64725,0.8317101,0.8602123,0.3140301,-0.2528859,0.18119,0.7793174,Nothing
140.0666,24,2,3,0,0.7529951,0.8531872,0.3306878,336.092,112.3098,95.8291,0.8343119,0.8616697,0.3142334,-0.2402067,0.1849741,0.7949597,Nothing
140.0747,24,2,3,0,0.7543905,0.8537787,0.330398,336.5665,112.0985,95.95535,0.8369669,0.8629583,0.3144607,-0.2302158,0.1911955,0.8095322,Nothing
140.0835,24,2,3,0,0.7557323,0.8544425,0.3300458,337.0143,111.9264,96.02511,0.8397202,0.864407,0.314614,-0.2201839,0.1981138,0.8255617,Nothing
140.0923,24,2,3,0,0.7574493,0.8554065,0.3293618,337.5935,111.7313,96.05073,0.8435217,0.8663799,0.3148076,-0.2073761,0.2102219,0.8476084,Nothing
140.1013,24,2,3,0,0.7585794,0.8560871,0.3288298,337.9619,111.6101,96.06057,0.8460604,0.8676358,0.3148646,-0.1998581,0.2185509,0.8619593,Nothing
140.1152,24,2,3,0,0.7602585,0.8570898,0.3281305,338.5189,111.3693,96.10387,0.8497646,0.8695184,0.3151068,-0.187716,0.2302573,0.8827682,Nothing
140.1282,24,2,3,0,0.7626473,0.858389,0.3270516,339.3115,111.0468,96.17963,0.8543127,0.8720935,0.3149892,-0.1682442,0.2405024,0.9072285,Nothing
140.142,24,2,3,0,0.7648231,0.8595184,0.3262018,339.9529,110.9206,96.19953,0.8574857,0.8737792,0.3145507,-0.1550479,0.2447005,0.9192537,Nothing
140.1493,24,2,3,0,0.7670394,0.8606237,0.3254836,340.5183,111.0197,96.17028,0.8594317,0.8747237,0.3142288,-0.1457473,0.2480127,0.9162799,Nothing
140.1583,24,2,3,0,0.7699463,0.8620667,0.324196,341.3227,111.1016,96.10352,0.8623781,0.8760295,0.3136747,-0.1328063,0.2549196,0.9156392,Nothing
140.1666,24,2,3,0,0.7723154,0.8630852,0.3231452,341.9089,111.2495,95.99456,0.8640206,0.8765479,0.3133295,-0.1249889,0.2602213,0.9059994,Nothing
140.1756,24,2,3,0,0.7743075,0.8642164,0.3219715,342.4391,111.4002,95.84625,0.8652721,0.8766965,0.3129672,-0.1228636,0.2669881,0.8941315,Nothing
140.1916,24,2,3,0,0.7776359,0.8660744,0.3200368,343.3416,111.5447,95.59193,0.867543,0.876823,0.3121676,-0.1217127,0.275326,0.877008,Nothing
140.2003,24,2,3,0,0.7791041,0.8669246,0.3191677,343.7303,111.5725,95.48655,0.8677695,0.8766041,0.3119086,-0.1226075,0.2767052,0.8613095,Nothing
140.2079,24,2,3,0,0.7805864,0.8676046,0.3185076,344.1051,111.5796,95.4313,0.8683237,0.8764024,0.3113405,-0.123607,0.2741445,0.8509664,Nothing
140.2159,24,2,3,0,0.7821107,0.8682798,0.3179002,344.4648,111.6326,95.36341,0.8689883,0.8763038,0.3107831,-0.1240777,0.2720386,0.8415011,Nothing
140.2249,24,2,3,0,0.784256,0.8691931,0.3171014,344.9668,111.7078,95.30576,0.8691859,0.8757772,0.3095877,-0.1275846,0.2621787,0.8222516,Nothing
140.2333,24,2,3,0,0.7856426,0.8698931,0.3163962,345.3062,111.7839,95.2154,0.8689947,0.8754126,0.3087094,-0.1305051,0.2556709,0.8062326,Nothing
140.2414,24,2,3,0,0.7870985,0.8704684,0.3158165,345.6476,111.8463,95.16361,0.8687418,0.875129,0.3077194,-0.1315795,0.2461104,0.7905353,Nothing
140.2502,24,2,3,0,0.7884147,0.8708705,0.3153608,345.9372,111.9318,95.10006,0.8682581,0.8747565,0.30672,-0.1327615,0.2351974,0.7745284,Nothing
140.2581,24,2,3,0,0.7897755,0.8715415,0.3146606,346.2747,111.9875,94.9967,0.8676749,0.8744674,0.3055876,-0.1350453,0.2243315,0.7566219,Nothing
140.2665,24,2,3,0,0.7908337,0.8720259,0.3141297,346.5859,111.9761,94.9286,0.8670799,0.8739031,0.304563,-0.1393716,0.2133441,0.7416255,Nothing
140.2746,24,2,3,0,0.7919087,0.8724593,0.3135503,346.88,111.9428,94.86633,0.8663712,0.8733072,0.3036393,-0.1433934,0.2029784,0.724993,Nothing
140.2828,24,2,3,0,0.7934246,0.8729578,0.3127187,347.2329,111.9542,94.77463,0.8656626,0.8726563,0.3028074,-0.1467111,0.1946306,0.7028098,Nothing
140.2914,24,2,3,0,0.7943786,0.8732145,0.3123466,347.4637,111.9689,94.74976,0.8645884,0.8716165,0.3016358,-0.1545926,0.1800426,0.6847894,Nothing
140.2993,24,2,3,0,0.7953143,0.8735099,0.3119285,347.6627,112.0277,94.72719,0.8638944,0.8708777,0.3008941,-0.160215,0.1718403,0.669103,Nothing
140.3085,24,2,3,0,0.7960627,0.873536,0.3119071,347.7773,112.0784,94.75555,0.8630221,0.8702108,0.3002512,-0.1638744,0.1607114,0.6551708,Nothing
140.3158,24,2,3,0,0.7965474,0.8735577,0.3117078,347.8462,112.1158,94.77283,0.8622152,0.8695766,0.2994948,-0.1682416,0.1513118,0.6440371,Nothing
140.3253,24,2,3,0,0.7964335,0.8734812,0.3119478,347.7763,112.1294,94.82088,0.8613293,0.8691975,0.2987068,-0.172243,0.1392337,0.6398622,Nothing
140.3326,24,2,3,0,0.796831,0.8735102,0.3119209,347.817,112.1474,94.84805,0.8604001,0.8688329,0.297881,-0.174689,0.127042,0.6298572,Nothing
140.3416,24,2,3,0,0.7973854,0.8734241,0.3117808,347.8072,112.1975,94.92065,0.8590994,0.8683273,0.2966477,-0.1774326,0.110545,0.6158164,Nothing
140.3501,24,2,3,0,0.7973583,0.873255,0.3118686,347.735,112.195,94.97201,0.8582118,0.8681278,0.295904,-0.178338,0.09955173,0.6107076,Nothing
140.3581,24,2,3,0,0.7977278,0.8733524,0.3118349,347.7655,112.2102,94.994,0.857348,0.868059,0.295168,-0.1787108,0.08839189,0.6016892,Nothing
140.3659,24,2,3,0,0.7980339,0.8732215,0.3117714,347.7894,112.221,95.0137,0.856682,0.8679976,0.2948351,-0.1765609,0.08206773,0.5939461,Nothing
140.3746,24,2,3,0,0.7983624,0.8733655,0.3115238,347.8452,112.2744,94.98875,0.8561989,0.8682013,0.2947336,-0.1737919,0.08055961,0.5861484,Nothing
140.3828,24,2,3,0,0.7987069,0.8733953,0.3114392,347.9055,112.3427,94.99674,0.855644,0.8682655,0.2945405,-0.1714544,0.07658187,0.5784488,Nothing
140.3909,24,2,3,0,0.7992301,0.8735056,0.3111123,348.0294,112.3809,94.98032,0.8554863,0.8686749,0.2950062,-0.1648291,0.08120752,0.5701275,Nothing
140.3997,24,2,3,0,0.7996905,0.8736357,0.3106904,348.1586,112.405,94.95516,0.8552437,0.869113,0.2951586,-0.1584482,0.08352271,0.5624557,Nothing
140.4088,24,2,3,0,0.800249,0.8738154,0.3102572,348.2891,112.4191,94.93429,0.8553076,0.870007,0.2960981,-0.1471059,0.09368985,0.5544952,Nothing
140.4175,24,2,3,0,0.8005732,0.8739087,0.3100133,348.3718,112.4194,94.91101,0.8555331,0.8707731,0.2970541,-0.1375869,0.1037837,0.5506158,Nothing
140.4345,24,2,3,0,0.8008689,0.8737903,0.3098062,348.5027,112.3687,94.90262,0.8570437,0.8726781,0.2990269,-0.1146879,0.1266688,0.5580809,Nothing
140.4504,24,2,3,0,0.801514,0.8739594,0.3095376,348.682,112.427,94.90069,0.8581555,0.8746476,0.3011114,-0.09195455,0.1493936,0.5572923,Nothing
140.4579,24,2,3,0,0.8020014,0.8740264,0.3093171,348.8023,112.4707,94.89222,0.8591493,0.8753644,0.3019172,-0.08342944,0.1607751,0.5594495,Nothing
140.4663,24,2,3,0,0.8025847,0.8740718,0.309068,348.9607,112.5245,94.88158,0.8601369,0.8764923,0.3031905,-0.06927991,0.1760675,0.5595881,Nothing
140.4743,24,2,3,0,0.8028449,0.8741502,0.3087803,349.0433,112.5705,94.8537,0.86062,0.8771564,0.3037051,-0.0617411,0.1843032,0.5596877,SelectionStart
140.4743,24,2,3,0,0.8028449,0.8741502,0.3087803,349.0433,112.5705,94.8537,0.86062,0.8771564,0.3037051,-0.0617411,0.1843032,0.5596877,SelectionEnd
140.4779,24,2,3,0,0.8028449,0.8741502,0.3087803,349.0433,112.5705,94.8537,0.86062,0.8771564,0.3037051,-0.0617411,0.1843032,0.5596877,GotSelection
140.4882,24,2,3,0,0.8033837,0.8742915,0.3085582,349.1206,112.6264,94.85963,0.8611634,0.8777117,0.3043146,-0.05548747,0.1922098,0.5572548,SelectionStart
140.4882,24,2,3,0,0.8033837,0.8742915,0.3085582,349.1206,112.6264,94.85963,0.8611634,0.8777117,0.3043146,-0.05548747,0.1922098,0.5572548,SelectionEnd
140.4917,24,2,3,0,0.8033837,0.8742915,0.3085582,349.1206,112.6264,94.85963,0.8611634,0.8777117,0.3043146,-0.05548747,0.1922098,0.5572548,GotSelection
140.5022,24,2,3,0,0.8034688,0.8740017,0.3085158,349.1563,112.6604,94.86593,0.8609837,0.8775904,0.3033959,-0.05435538,0.1831294,0.558448,SelectionStart
140.5022,24,2,3,0,0.8034688,0.8740017,0.3085158,349.1563,112.6604,94.86593,0.8609837,0.8775904,0.3033959,-0.05435538,0.1831294,0.558448,SelectionEnd
140.5056,24,2,3,0,0.8034688,0.8740017,0.3085158,349.1563,112.6604,94.86593,0.8609837,0.8775904,0.3033959,-0.05435538,0.1831294,0.558448,GotSelection
140.5488,24,2,3,0,0.8029402,0.8735147,0.3090246,349.0575,112.4777,95.025,0.8543788,0.8727624,0.2948165,-0.1038341,0.07608275,0.5290395,SelectionStart
140.5488,24,2,3,0,0.8029402,0.8735147,0.3090246,349.0575,112.4777,95.025,0.8543788,0.8727624,0.2948165,-0.1038341,0.07608275,0.5290395,SelectionEnd
140.5521,24,2,3,0,0.8029402,0.8735147,0.3090246,349.0575,112.4777,95.025,0.8543788,0.8727624,0.2948165,-0.1038341,0.07608275,0.5290395,GotSelection
140.5625,24,2,3,0,0.8029331,0.8734946,0.3089322,349.1071,112.4919,95.02731,0.851662,0.8694996,0.2917363,-0.1365036,0.04020775,0.5092356,SelectionStart
140.5625,24,2,3,0,0.8029331,0.8734946,0.3089322,349.1071,112.4919,95.02731,0.851662,0.8694996,0.2917363,-0.1365036,0.04020775,0.5092356,SelectionEnd
140.5658,24,2,3,0,0.8029331,0.8734946,0.3089322,349.1071,112.4919,95.02731,0.851662,0.8694996,0.2917363,-0.1365036,0.04020775,0.5092356,GotSelection
140.5758,24,2,3,0,0.8032176,0.873391,0.3087445,349.1938,112.5725,95.00582,0.8497204,0.8662372,0.288485,-0.1688157,0.006006524,0.4945505,SelectionStart
140.5758,24,2,3,0,0.8032176,0.873391,0.3087445,349.1938,112.5725,95.00582,0.8497204,0.8662372,0.288485,-0.1688157,0.006006524,0.4945505,SelectionEnd
140.5793,24,2,3,0,0.8032176,0.873391,0.3087445,349.1938,112.5725,95.00582,0.8497204,0.8662372,0.288485,-0.1688157,0.006006524,0.4945505,GotSelection
140.5897,24,2,3,0,0.8039215,0.873121,0.3085958,349.3409,112.6559,94.99432,0.8469438,0.8625568,0.2838587,-0.203616,-0.04627504,0.4736481,SelectionStart
140.5897,24,2,3,0,0.8039215,0.873121,0.3085958,349.3409,112.6559,94.99432,0.8469438,0.8625568,0.2838587,-0.203616,-0.04627504,0.4736481,SelectionEnd
140.5932,24,2,3,0,0.8039215,0.873121,0.3085958,349.3409,112.6559,94.99432,0.8469438,0.8625568,0.2838587,-0.203616,-0.04627504,0.4736481,GotSelection
140.6031,24,2,3,0,0.803705,0.8730781,0.3088756,349.3312,112.6498,95.01071,0.8453338,0.8592133,0.2807102,-0.2400369,-0.08097585,0.4677163,SelectionStart
140.6031,24,2,3,0,0.803705,0.8730781,0.3088756,349.3312,112.6498,95.01071,0.8453338,0.8592133,0.2807102,-0.2400369,-0.08097585,0.4677163,SelectionEnd
140.6064,24,2,3,0,0.803705,0.8730781,0.3088756,349.3312,112.6498,95.01071,0.8453338,0.8592133,0.2807102,-0.2400369,-0.08097585,0.4677163,GotSelection
140.6169,24,2,3,0,0.8033006,0.8728026,0.309166,349.2592,112.5763,95.05453,0.8435788,0.8553377,0.2769395,-0.2810877,-0.1215289,0.4635794,SelectionStart
140.6169,24,2,3,0,0.8033006,0.8728026,0.309166,349.2592,112.5763,95.05453,0.8435788,0.8553377,0.2769395,-0.2810877,-0.1215289,0.4635794,SelectionEnd
140.6203,24,2,3,0,0.8033006,0.8728026,0.309166,349.2592,112.5763,95.05453,0.8435788,0.8553377,0.2769395,-0.2810877,-0.1215289,0.4635794,GotSelection
140.6302,24,2,3,0,0.8026153,0.8725408,0.3097623,349.1082,112.4358,95.1512,0.8424749,0.8531545,0.2743578,-0.3061455,-0.1517853,0.4670857,SelectionStart
140.6302,24,2,3,0,0.8026153,0.8725408,0.3097623,349.1082,112.4358,95.1512,0.8424749,0.8531545,0.2743578,-0.3061455,-0.1517853,0.4670857,SelectionEnd
140.6348,24,2,3,0,0.8026153,0.8725408,0.3097623,349.1082,112.4358,95.1512,0.8424749,0.8531545,0.2743578,-0.3061455,-0.1517853,0.4670857,GotSelection
140.6459,24,2,3,0,0.8021359,0.8722649,0.3101542,349.0035,112.3758,95.20042,0.8416398,0.8503236,0.2720564,-0.336398,-0.1762201,0.4683704,SelectionStart
140.6459,24,2,3,0,0.8021359,0.8722649,0.3101542,349.0035,112.3758,95.20042,0.8416398,0.8503236,0.2720564,-0.336398,-0.1762201,0.4683704,SelectionEnd
140.6496,24,2,3,0,0.8021359,0.8722649,0.3101542,349.0035,112.3758,95.20042,0.8416398,0.8503236,0.2720564,-0.336398,-0.1762201,0.4683704,GotSelection
140.6592,24,2,3,0,0.8020198,0.8720757,0.3102953,348.964,112.4126,95.20267,0.8410097,0.848251,0.2706106,-0.3572942,-0.1910049,0.4659019,SelectionStart
140.6593,24,2,3,0,0.8020198,0.8720757,0.3102953,348.964,112.4126,95.20267,0.8410097,0.848251,0.2706106,-0.3572942,-0.1910049,0.4659019,SelectionEnd
140.6627,24,2,3,0,0.8020198,0.8720757,0.3102953,348.964,112.4126,95.20267,0.8410097,0.848251,0.2706106,-0.3572942,-0.1910049,0.4659019,GotSelection
140.6751,24,2,3,0,0.8021882,0.872009,0.310214,348.9598,112.4519,95.15989,0.8407641,0.8471431,0.2702738,-0.3673737,-0.1940272,0.4611394,SelectionStart
140.6751,24,2,3,0,0.8021882,0.872009,0.310214,348.9598,112.4519,95.15989,0.8407641,0.8471431,0.2702738,-0.3673737,-0.1940272,0.4611394,SelectionEnd
140.6786,24,2,3,0,0.8021882,0.872009,0.310214,348.9598,112.4519,95.15989,0.8407641,0.8471431,0.2702738,-0.3673737,-0.1940272,0.4611394,GotSelection
140.6886,24,2,3,0,0.8020717,0.872112,0.310083,348.9306,112.4639,95.12294,0.8408078,0.846983,0.2706462,-0.3695386,-0.1885577,0.4600492,SelectionStart
140.6887,24,2,3,0,0.8020717,0.872112,0.310083,348.9306,112.4639,95.12294,0.8408078,0.846983,0.2706462,-0.3695386,-0.1885577,0.4600492,SelectionEnd
140.6919,24,2,3,0,0.8020717,0.872112,0.310083,348.9306,112.4639,95.12294,0.8408078,0.846983,0.2706462,-0.3695386,-0.1885577,0.4600492,GotSelection
140.702,24,2,3,0,0.8020088,0.8721161,0.310061,348.8764,112.4964,95.09515,0.8409061,0.8475877,0.2718739,-0.3621422,-0.1766361,0.4577269,SelectionStart
140.702,24,2,3,0,0.8020088,0.8721161,0.310061,348.8764,112.4964,95.09515,0.8409061,0.8475877,0.2718739,-0.3621422,-0.1766361,0.4577269,SelectionEnd
140.7052,24,2,3,0,0.8020088,0.8721161,0.310061,348.8764,112.4964,95.09515,0.8409061,0.8475877,0.2718739,-0.3621422,-0.1766361,0.4577269,GotSelection
140.7477,24,2,3,0,0.8019282,0.8728421,0.3099654,348.8381,112.6511,95.0457,0.8452049,0.8579929,0.2840568,-0.2527457,-0.0518694,0.4702839,SelectionStart
140.7477,24,2,3,0,0.8019282,0.8728421,0.3099654,348.8381,112.6511,95.0457,0.8452049,0.8579929,0.2840568,-0.2527457,-0.0518694,0.4702839,SelectionEnd
140.7512,24,2,3,0,0.8019282,0.8728421,0.3099654,348.8381,112.6511,95.0457,0.8452049,0.8579929,0.2840568,-0.2527457,-0.0518694,0.4702839,GotSelection
140.7603,24,2,3,0,0.8021432,0.8729138,0.3098712,348.8381,112.7001,95.01494,0.8494086,0.8640209,0.2899301,-0.1897304,0.01504801,0.4958887,SelectionStart
140.7603,24,2,3,0,0.8021432,0.8729138,0.3098712,348.8381,112.7001,95.01494,0.8494086,0.8640209,0.2899301,-0.1897304,0.01504801,0.4958887,SelectionEnd
140.7635,24,2,3,0,0.8021432,0.8729138,0.3098712,348.8381,112.7001,95.01494,0.8494086,0.8640209,0.2899301,-0.1897304,0.01504801,0.4958887,GotSelection
140.7751,24,2,3,0,0.8021375,0.8729631,0.3097961,348.83,112.7172,94.98061,0.852657,0.8690488,0.2960334,-0.135206,0.08156967,0.5118639,SelectionStart
140.7751,24,2,3,0,0.8021375,0.8729631,0.3097961,348.83,112.7172,94.98061,0.852657,0.8690488,0.2960334,-0.135206,0.08156967,0.5118639,SelectionEnd
140.7785,24,2,3,0,0.8021375,0.8729631,0.3097961,348.83,112.7172,94.98061,0.852657,0.8690488,0.2960334,-0.135206,0.08156967,0.5118639,GotSelection
140.7887,24,2,3,0,0.8020083,0.8730795,0.3097867,348.8301,112.6935,94.97876,0.8552442,0.8721572,0.3002882,-0.1026836,0.1295305,0.5264217,SelectionStart
140.7888,24,2,3,0,0.8020083,0.8730795,0.3097867,348.8301,112.6935,94.97876,0.8552442,0.8721572,0.3002882,-0.1026836,0.1295305,0.5264217,SelectionEnd
140.7928,24,2,3,0,0.8020083,0.8730795,0.3097867,348.8301,112.6935,94.97876,0.8552442,0.8721572,0.3002882,-0.1026836,0.1295305,0.5264217,GotSelection
140.8021,24,2,3,0,0.8020401,0.8729159,0.3099173,348.8524,112.6663,95.00097,0.8572183,0.8762866,0.3035454,-0.05757835,0.1625825,0.5408691,SelectionStart
140.8022,24,2,3,0,0.8020401,0.8729159,0.3099173,348.8524,112.6663,95.00097,0.8572183,0.8762866,0.3035454,-0.05757835,0.1625825,0.5408691,SelectionEnd
140.8055,24,2,3,0,0.8020401,0.8729159,0.3099173,348.8524,112.6663,95.00097,0.8572183,0.8762866,0.3035454,-0.05757835,0.1625825,0.5408691,GotSelection
140.8176,24,2,3,0,0.8020527,0.8729068,0.3097465,348.8992,112.6729,94.98226,0.8598697,0.8811128,0.3072853,-0.006676855,0.2055543,0.5596915,SelectionStart
140.8177,24,2,3,0,0.8020527,0.8729068,0.3097465,348.8992,112.6729,94.98226,0.8598697,0.8811128,0.3072853,-0.006676855,0.2055543,0.5596915,SelectionEnd
140.8213,24,2,3,0,0.8020527,0.8729068,0.3097465,348.8992,112.6729,94.98226,0.8598697,0.8811128,0.3072853,-0.006676855,0.2055543,0.5596915,GotSelection
140.8335,24,2,3,0,0.8021763,0.8728675,0.3098308,348.9477,112.6678,94.99548,0.8622561,0.8856102,0.3100265,0.03996748,0.2354704,0.5792566,SelectionStart
140.8335,24,2,3,0,0.8021763,0.8728675,0.3098308,348.9477,112.6678,94.99548,0.8622561,0.8856102,0.3100265,0.03996748,0.2354704,0.5792566,SelectionEnd
140.8369,24,2,3,0,0.8021763,0.8728675,0.3098308,348.9477,112.6678,94.99548,0.8622561,0.8856102,0.3100265,0.03996748,0.2354704,0.5792566,GotSelection
140.8468,24,2,3,0,0.802231,0.8726194,0.3101061,348.9631,112.6299,95.05105,0.8645767,0.8894004,0.3122765,0.08039665,0.2590999,0.6006269,SelectionStart
140.8468,24,2,3,0,0.802231,0.8726194,0.3101061,348.9631,112.6299,95.05105,0.8645767,0.8894004,0.3122765,0.08039665,0.2590999,0.6006269,SelectionEnd
140.8504,24,2,3,0,0.802231,0.8726194,0.3101061,348.9631,112.6299,95.05105,0.8645767,0.8894004,0.3122765,0.08039665,0.2590999,0.6006269,GotSelection
140.8599,24,2,3,0,0.8019626,0.872673,0.3102958,348.9549,112.5915,95.1091,0.8649359,0.8908661,0.3125012,0.09373424,0.2602601,0.6092364,SelectionStart
140.8599,24,2,3,0,0.8019626,0.872673,0.3102958,348.9549,112.5915,95.1091,0.8649359,0.8908661,0.3125012,0.09373424,0.2602601,0.6092364,SelectionEnd
140.8632,24,2,3,0,0.8019626,0.872673,0.3102958,348.9549,112.5915,95.1091,0.8649359,0.8908661,0.3125012,0.09373424,0.2602601,0.6092364,GotSelection
140.8748,24,2,3,0,0.8017097,0.8724867,0.3105832,348.946,112.5245,95.16011,0.8655767,0.8922836,0.3127403,0.1083715,0.2612386,0.6211429,SelectionStart
140.8748,24,2,3,0,0.8017097,0.8724867,0.3105832,348.946,112.5245,95.16011,0.8655767,0.8922836,0.3127403,0.1083715,0.2612386,0.6211429,SelectionEnd
140.8784,24,2,3,0,0.8017097,0.8724867,0.3105832,348.946,112.5245,95.16011,0.8655767,0.8922836,0.3127403,0.1083715,0.2612386,0.6211429,GotSelection
140.8894,24,2,3,0,0.8012979,0.872391,0.3109766,348.946,112.4299,95.21664,0.8647062,0.8923013,0.3118539,0.1082017,0.2462753,0.6224434,SelectionStart
140.8894,24,2,3,0,0.8012979,0.872391,0.3109766,348.946,112.4299,95.21664,0.8647062,0.8923013,0.3118539,0.1082017,0.2462753,0.6224434,SelectionEnd
140.8928,24,2,3,0,0.8012979,0.872391,0.3109766,348.946,112.4299,95.21664,0.8647062,0.8923013,0.3118539,0.1082017,0.2462753,0.6224434,GotSelection
140.9343,24,2,3,0,0.8004294,0.8719128,0.3115507,348.8003,112.313,95.2937,0.8624035,0.8901159,0.3088602,0.08605816,0.2075966,0.6200635,SelectionStart
140.9343,24,2,3,0,0.8004294,0.8719128,0.3115507,348.8003,112.313,95.2937,0.8624035,0.8901159,0.3088602,0.08605816,0.2075966,0.6200635,SelectionEnd
140.9376,24,2,3,0,0.8004294,0.8719128,0.3115507,348.8003,112.313,95.2937,0.8624035,0.8901159,0.3088602,0.08605816,0.2075966,0.6200635,GotSelection
140.9475,24,2,3,0,0.799419,0.8716627,0.3124011,348.6703,112.2291,95.39414,0.856541,0.8837671,0.3006957,0.01653502,0.1088476,0.5974839,SelectionStart
140.9475,24,2,3,0,0.799419,0.8716627,0.3124011,348.6703,112.2291,95.39414,0.856541,0.8837671,0.3006957,0.01653502,0.1088476,0.5974839,SelectionEnd
140.9508,24,2,3,0,0.799419,0.8716627,0.3124011,348.6703,112.2291,95.39414,0.856541,0.8837671,0.3006957,0.01653502,0.1088476,0.5974839,GotSelection
140.9608,24,2,3,0,0.7995994,0.8714688,0.3125141,348.6944,112.2142,95.42113,0.8545779,0.8810525,0.2977152,-0.01020569,0.073575,0.5843167,SelectionStart
140.9609,24,2,3,0,0.7995994,0.8714688,0.3125141,348.6944,112.2142,95.42113,0.8545779,0.8810525,0.2977152,-0.01020569,0.073575,0.5843167,SelectionEnd
140.9642,24,2,3,0,0.7995994,0.8714688,0.3125141,348.6944,112.2142,95.42113,0.8545779,0.8810525,0.2977152,-0.01020569,0.073575,0.5843167,GotSelection
140.9758,24,2,3,0,0.7996911,0.8714902,0.3125891,348.7455,112.2168,95.41227,0.8522772,0.877548,0.2940742,-0.04739197,0.03260046,0.5692055,SelectionStart
140.9759,24,2,3,0,0.7996911,0.8714902,0.3125891,348.7455,112.2168,95.41227,0.8522772,0.877548,0.2940742,-0.04739197,0.03260046,0.5692055,SelectionEnd
140.9794,24,2,3,0,0.7996911,0.8714902,0.3125891,348.7455,112.2168,95.41227,0.8522772,0.877548,0.2940742,-0.04739197,0.03260046,0.5692055,GotSelection
140.9896,24,2,3,0,0.7999281,0.8716302,0.3125063,348.7924,112.2414,95.38531,0.8494094,0.8760131,0.292176,-0.06202295,0.004939764,0.5440316,SelectionStart
140.9896,24,2,3,0,0.7999281,0.8716302,0.3125063,348.7924,112.2414,95.38531,0.8494094,0.8760131,0.292176,-0.06202295,0.004939764,0.5440316,SelectionEnd
140.9929,24,2,3,0,0.7999281,0.8716302,0.3125063,348.7924,112.2414,95.38531,0.8494094,0.8760131,0.292176,-0.06202295,0.004939764,0.5440316,GotSelection
141.0026,24,2,3,0,0.800103,0.8718294,0.3125307,348.8267,112.2708,95.3498,0.8473768,0.8750668,0.2908001,-0.0721429,-0.01572012,0.5266699,SelectionStart
141.0026,24,2,3,0,0.800103,0.8718294,0.3125307,348.8267,112.2708,95.3498,0.8473768,0.8750668,0.2908001,-0.0721429,-0.01572012,0.5266699,SelectionEnd
141.006,24,2,3,0,0.800103,0.8718294,0.3125307,348.8267,112.2708,95.3498,0.8473768,0.8750668,0.2908001,-0.0721429,-0.01572012,0.5266699,GotSelection
141.0165,24,2,3,0,0.8007844,0.8717654,0.3124434,348.9297,112.2599,95.34039,0.8464006,0.8756456,0.2906539,-0.06249664,-0.02372715,0.5129154,SelectionStart
141.0165,24,2,3,0,0.8007844,0.8717654,0.3124434,348.9297,112.2599,95.34039,0.8464006,0.8756456,0.2906539,-0.06249664,-0.02372715,0.5129154,SelectionEnd
141.0198,24,2,3,0,0.8007844,0.8717654,0.3124434,348.9297,112.2599,95.34039,0.8464006,0.8756456,0.2906539,-0.06249664,-0.02372715,0.5129154,GotSelection
141.0295,24,2,3,0,0.8014082,0.8718255,0.3123715,349.0551,112.2309,95.3438,0.8453464,0.8771318,0.2903171,-0.04521505,-0.03462012,0.5012385,SelectionStart
141.0295,24,2,3,0,0.8014082,0.8718255,0.3123715,349.0551,112.2309,95.3438,0.8453464,0.8771318,0.2903171,-0.04521505,-0.03462012,0.5012385,SelectionEnd
141.0328,24,2,3,0,0.8014082,0.8718255,0.3123715,349.0551,112.2309,95.3438,0.8453464,0.8771318,0.2903171,-0.04521505,-0.03462012,0.5012385,GotSelection
141.0428,24,2,3,0,0.8016403,0.8719357,0.3122569,349.159,112.2229,95.34661,0.8451432,0.879355,0.2913541,-0.02077804,-0.0277383,0.4969617,SelectionStart
141.0428,24,2,3,0,0.8016403,0.8719357,0.3122569,349.159,112.2229,95.34661,0.8451432,0.879355,0.2913541,-0.02077804,-0.0277383,0.4969617,SelectionEnd
141.046,24,2,3,0,0.8016403,0.8719357,0.3122569,349.159,112.2229,95.34661,0.8451432,0.879355,0.2913541,-0.02077804,-0.0277383,0.4969617,GotSelection
141.0753,24,2,3,0,0.803411,0.8722601,0.31171,349.4563,112.3888,95.27328,0.8440996,0.8847549,0.2936341,0.04091487,-0.01622901,0.4697082,Nothing
141.0848,24,2,3,0,0.8039401,0.8725183,0.3114274,349.5657,112.4521,95.25461,0.8438136,0.8868665,0.294903,0.06389917,-0.006324169,0.4595604,Nothing
141.1011,24,2,3,0,0.8045521,0.8727076,0.3111492,349.6663,112.5206,95.22283,0.8441204,0.8895682,0.2964825,0.09315991,0.007947017,0.4540745,Nothing
141.1116,24,2,3,0,0.8047924,0.8727014,0.3109552,349.7139,112.542,95.22425,0.8441706,0.8909301,0.2974593,0.1092977,0.01696212,0.4502165,Nothing
141.1258,24,2,3,0,0.8056854,0.8727008,0.3105002,349.8721,112.6043,95.18074,0.8434705,0.8933182,0.2993484,0.140128,0.03060646,0.4303549,Nothing
141.1417,24,2,3,0,0.8064758,0.8727885,0.3098287,350.0352,112.6648,95.09476,0.8434003,0.8956844,0.3007815,0.1684312,0.04520737,0.4178137,Nothing
141.1504,24,2,3,0,0.8068949,0.8729829,0.309296,350.1464,112.7336,95.03405,0.8432916,0.8971326,0.3015281,0.1843787,0.05443458,0.4097506,Nothing
141.1579,24,2,3,0,0.8072395,0.8731303,0.3090463,350.2213,112.7781,94.99979,0.843199,0.8980243,0.3021801,0.1942545,0.06074849,0.4031893,Nothing
141.1661,24,2,3,0,0.8075756,0.8733099,0.3087841,350.3041,112.7816,94.97111,0.843053,0.8987271,0.3026047,0.2016597,0.06479476,0.3966679,Nothing
141.1743,24,2,3,0,0.8077673,0.8733743,0.3085466,350.3557,112.8099,94.9508,0.842905,0.8993734,0.3027415,0.2088124,0.06660664,0.3928367,Nothing
141.183,24,2,3,0,0.8072829,0.8736921,0.3086009,350.3676,112.8265,94.93963,0.8427508,0.8996915,0.3029,0.2086451,0.06905796,0.3954258,Nothing
141.1909,24,2,3,0,0.8073034,0.8737643,0.3085233,350.3927,112.8266,94.93451,0.8424798,0.9000294,0.3029617,0.2120353,0.06894129,0.3925438,Nothing
141.1993,24,2,3,0,0.8073813,0.8735693,0.3085009,350.3988,112.8404,94.92387,0.8422391,0.9003996,0.3031746,0.2184727,0.06946453,0.3895912,Nothing
141.2079,24,2,3,0,0.807338,0.873597,0.3083494,350.4185,112.8391,94.91716,0.8417629,0.9001151,0.3028405,0.2157295,0.06627384,0.3856883,Nothing
141.2166,24,2,3,0,0.8074052,0.8737137,0.3082368,350.4663,112.8206,94.91434,0.8412201,0.9000609,0.3025913,0.2148608,0.06253404,0.3801283,SelectionStart
141.2166,24,2,3,0,0.8074052,0.8737137,0.3082368,350.4663,112.8206,94.91434,0.8412201,0.9000609,0.3025913,0.2148608,0.06253404,0.3801283,SelectionEnd
141.2199,24,2,3,0,0.8074052,0.8737137,0.3082368,350.4663,112.8206,94.91434,0.8412201,0.9000609,0.3025913,0.2148608,0.06253404,0.3801283,GotSelection
141.2325,24,2,3,0,0.8073096,0.8737192,0.3082453,350.4896,112.7973,94.9192,0.8405502,0.89956,0.3016187,0.2091919,0.05132662,0.3777207,SelectionStart
141.2325,24,2,3,0,0.8073096,0.8737192,0.3082453,350.4896,112.7973,94.9192,0.8405502,0.89956,0.3016187,0.2091919,0.05132662,0.3777207,SelectionEnd
141.2359,24,2,3,0,0.8073096,0.8737192,0.3082453,350.4896,112.7973,94.9192,0.8405502,0.89956,0.3016187,0.2091919,0.05132662,0.3777207,GotSelection
141.2462,24,2,3,0,0.8074728,0.8735433,0.3081877,350.5404,112.7527,94.92356,0.8396542,0.8981172,0.299487,0.1950537,0.02848476,0.3737113,SelectionStart
141.2462,24,2,3,0,0.8074728,0.8735433,0.3081877,350.5404,112.7527,94.92356,0.8396542,0.8981172,0.299487,0.1950537,0.02848476,0.3737113,SelectionEnd
141.2495,24,2,3,0,0.8074728,0.8735433,0.3081877,350.5404,112.7527,94.92356,0.8396542,0.8981172,0.299487,0.1950537,0.02848476,0.3737113,GotSelection
141.2924,24,2,3,0,0.8063557,0.8736609,0.3084139,350.4915,112.7111,94.90331,0.8358285,0.8868594,0.2900913,0.06996719,-0.06255297,0.3669735,SelectionStart
141.2924,24,2,3,0,0.8063557,0.8736609,0.3084139,350.4915,112.7111,94.90331,0.8358285,0.8868594,0.2900913,0.06996719,-0.06255297,0.3669735,SelectionEnd
141.2958,24,2,3,0,0.8063557,0.8736609,0.3084139,350.4915,112.7111,94.90331,0.8358285,0.8868594,0.2900913,0.06996719,-0.06255297,0.3669735,GotSelection
141.306,24,2,3,0,0.80647,0.8737161,0.3083461,350.5079,112.7017,94.89236,0.8358273,0.8841377,0.2868927,0.03784483,-0.08987762,0.3733569,SelectionStart
141.306,24,2,3,0,0.80647,0.8737161,0.3083461,350.5079,112.7017,94.89236,0.8358273,0.8841377,0.2868927,0.03784483,-0.08987762,0.3733569,SelectionEnd
141.3094,24,2,3,0,0.80647,0.8737161,0.3083461,350.5079,112.7017,94.89236,0.8358273,0.8841377,0.2868927,0.03784483,-0.08987762,0.3733569,GotSelection
141.3195,24,2,3,0,0.8059829,0.8738983,0.3082584,350.4889,112.701,94.83947,0.8342865,0.8814987,0.2825296,0.004633558,-0.1315724,0.3754358,SelectionStart
141.3195,24,2,3,0,0.8059829,0.8738983,0.3082584,350.4889,112.701,94.83947,0.8342865,0.8814987,0.2825296,0.004633558,-0.1315724,0.3754358,SelectionEnd
141.3228,24,2,3,0,0.8059829,0.8738983,0.3082584,350.4889,112.701,94.83947,0.8342865,0.8814987,0.2825296,0.004633558,-0.1315724,0.3754358,GotSelection
141.3329,24,2,3,0,0.8057564,0.8738896,0.3083714,350.4386,112.6895,94.83237,0.8337001,0.8801643,0.2798284,-0.01259148,-0.1581932,0.3807572,SelectionStart
141.3329,24,2,3,0,0.8057564,0.8738896,0.3083714,350.4386,112.6895,94.83237,0.8337001,0.8801643,0.2798284,-0.01259148,-0.1581932,0.3807572,SelectionEnd
141.3366,24,2,3,0,0.8057564,0.8738896,0.3083714,350.4386,112.6895,94.83237,0.8337001,0.8801643,0.2798284,-0.01259148,-0.1581932,0.3807572,GotSelection
141.3464,24,2,3,0,0.805341,0.8738198,0.3084716,350.371,112.6594,94.84518,0.8328221,0.8790941,0.2779053,-0.02546542,-0.1782406,0.382515,SelectionStart
141.3464,24,2,3,0,0.805341,0.8738198,0.3084716,350.371,112.6594,94.84518,0.8328221,0.8790941,0.2779053,-0.02546542,-0.1782406,0.382515,SelectionEnd
141.3497,24,2,3,0,0.805341,0.8738198,0.3084716,350.371,112.6594,94.84518,0.8328221,0.8790941,0.2779053,-0.02546542,-0.1782406,0.382515,GotSelection
141.3591,24,2,3,0,0.8055819,0.8735198,0.3085369,350.3353,112.6649,94.86178,0.8326379,0.878109,0.2771209,-0.03332879,-0.1872377,0.3807002,SelectionStart
141.3591,24,2,3,0,0.8055819,0.8735198,0.3085369,350.3353,112.6649,94.86178,0.8326379,0.878109,0.2771209,-0.03332879,-0.1872377,0.3807002,SelectionEnd
141.3625,24,2,3,0,0.8055819,0.8735198,0.3085369,350.3353,112.6649,94.86178,0.8326379,0.878109,0.2771209,-0.03332879,-0.1872377,0.3807002,GotSelection
141.375,24,2,3,0,0.8057045,0.8735796,0.3084209,350.3289,112.6986,94.82951,0.8323724,0.87798,0.2770479,-0.03461289,-0.1880424,0.3767163,SelectionStart
141.375,24,2,3,0,0.8057045,0.8735796,0.3084209,350.3289,112.6986,94.82951,0.8323724,0.87798,0.2770479,-0.03461289,-0.1880424,0.3767163,SelectionEnd
141.3785,24,2,3,0,0.8057045,0.8735796,0.3084209,350.3289,112.6986,94.82951,0.8323724,0.87798,0.2770479,-0.03461289,-0.1880424,0.3767163,GotSelection
141.3891,24,2,3,0,0.8056563,0.8737906,0.3083573,350.3217,112.7905,94.80349,0.8332908,0.8786459,0.2775441,-0.03040773,-0.178684,0.3845761,SelectionStart
141.3891,24,2,3,0,0.8056563,0.8737906,0.3083573,350.3217,112.7905,94.80349,0.8332908,0.8786459,0.2775441,-0.03040773,-0.178684,0.3845761,SelectionEnd
141.3924,24,2,3,0,0.8056563,0.8737906,0.3083573,350.3217,112.7905,94.80349,0.8332908,0.8786459,0.2775441,-0.03040773,-0.178684,0.3845761,GotSelection
141.4025,24,2,3,0,0.8057586,0.8741462,0.3081277,350.3317,112.8478,94.7687,0.8333143,0.8795966,0.2785946,-0.02231967,-0.1672222,0.3800475,SelectionStart
141.4025,24,2,3,0,0.8057586,0.8741462,0.3081277,350.3317,112.8478,94.7687,0.8333143,0.8795966,0.2785946,-0.02231967,-0.1672222,0.3800475,SelectionEnd
141.4063,24,2,3,0,0.8057586,0.8741462,0.3081277,350.3317,112.8478,94.7687,0.8333143,0.8795966,0.2785946,-0.02231967,-0.1672222,0.3800475,GotSelection
141.4175,24,2,3,0,0.8060605,0.8742101,0.3079554,350.324,112.9351,94.71662,0.8328948,0.8817521,0.2813337,0.003836824,-0.1442438,0.3657942,SelectionStart
141.4175,24,2,3,0,0.8060605,0.8742101,0.3079554,350.324,112.9351,94.71662,0.8328948,0.8817521,0.2813337,0.003836824,-0.1442438,0.3657942,SelectionEnd
141.4209,24,2,3,0,0.8060605,0.8742101,0.3079554,350.324,112.9351,94.71662,0.8328948,0.8817521,0.2813337,0.003836824,-0.1442438,0.3657942,GotSelection
141.434,24,2,3,0,0.8062907,0.8743811,0.3075247,350.346,113.0064,94.63946,0.8331616,0.8848251,0.2846226,0.03852634,-0.1114011,0.3566468,SelectionStart
141.434,24,2,3,0,0.8062907,0.8743811,0.3075247,350.346,113.0064,94.63946,0.8331616,0.8848251,0.2846226,0.03852634,-0.1114011,0.3566468,SelectionEnd
141.4375,24,2,3,0,0.8062907,0.8743811,0.3075247,350.346,113.0064,94.63946,0.8331616,0.8848251,0.2846226,0.03852634,-0.1114011,0.3566468,GotSelection
141.4504,24,2,3,0,0.8064094,0.8744527,0.3073021,350.3732,113.0525,94.57999,0.8340123,0.8885503,0.289456,0.08169444,-0.06398548,0.3498044,SelectionStart
141.4504,24,2,3,0,0.8064094,0.8744527,0.3073021,350.3732,113.0525,94.57999,0.8340123,0.8885503,0.289456,0.08169444,-0.06398548,0.3498044,SelectionEnd
141.4537,24,2,3,0,0.8064094,0.8744527,0.3073021,350.3732,113.0525,94.57999,0.8340123,0.8885503,0.289456,0.08169444,-0.06398548,0.3498044,GotSelection
141.4945,24,2,3,0,0.8069668,0.8750668,0.3064824,350.5295,113.1292,94.48118,0.8392246,0.8971063,0.3013218,0.174384,0.0674334,0.3559075,SelectionStart
141.4945,24,2,3,0,0.8069668,0.8750668,0.3064824,350.5295,113.1292,94.48118,0.8392246,0.8971063,0.3013218,0.174384,0.0674334,0.3559075,SelectionEnd
141.4978,24,2,3,0,0.8069668,0.8750668,0.3064824,350.5295,113.1292,94.48118,0.8392246,0.8971063,0.3013218,0.174384,0.0674334,0.3559075,GotSelection
141.509,24,2,3,0,0.8074292,0.8749986,0.3061875,350.642,113.144,94.46618,0.8395953,0.8988688,0.3037366,0.1972955,0.09090053,0.3470229,SelectionStart
141.509,24,2,3,0,0.8074292,0.8749986,0.3061875,350.642,113.144,94.46618,0.8395953,0.8988688,0.3037366,0.1972955,0.09090053,0.3470229,SelectionEnd
141.5123,24,2,3,0,0.8074292,0.8749986,0.3061875,350.642,113.144,94.46618,0.8395953,0.8988688,0.3037366,0.1972955,0.09090053,0.3470229,GotSelection
141.5218,24,2,3,0,0.8079622,0.8750751,0.3059013,350.8136,113.1483,94.44907,0.8403435,0.9018618,0.3068204,0.2319385,0.1208577,0.3398464,SelectionStart
141.5219,24,2,3,0,0.8079622,0.8750751,0.3059013,350.8136,113.1483,94.44907,0.8403435,0.9018618,0.3068204,0.2319385,0.1208577,0.3398464,SelectionEnd
141.5254,24,2,3,0,0.8079622,0.8750751,0.3059013,350.8136,113.1483,94.44907,0.8403435,0.9018618,0.3068204,0.2319385,0.1208577,0.3398464,GotSelection
141.5351,24,2,3,0,0.8084324,0.8751771,0.3055422,350.9657,113.1597,94.42427,0.8406211,0.9042122,0.308594,0.2584863,0.1382495,0.3325948,SelectionStart
141.5351,24,2,3,0,0.8084324,0.8751771,0.3055422,350.9657,113.1597,94.42427,0.8406211,0.9042122,0.308594,0.2584863,0.1382495,0.3325948,SelectionEnd
141.5383,24,2,3,0,0.8084324,0.8751771,0.3055422,350.9657,113.1597,94.42427,0.8406211,0.9042122,0.308594,0.2584863,0.1382495,0.3325948,GotSelection
141.5509,24,2,3,0,0.80878,0.8752164,0.3052284,351.127,113.1667,94.397,0.8409293,0.9076428,0.3108207,0.2968811,0.1591902,0.3267769,SelectionStart
141.5509,24,2,3,0,0.80878,0.8752164,0.3052284,351.127,113.1667,94.397,0.8409293,0.9076428,0.3108207,0.2968811,0.1591902,0.3267769,SelectionEnd
141.5542,24,2,3,0,0.80878,0.8752164,0.3052284,351.127,113.1667,94.397,0.8409293,0.9076428,0.3108207,0.2968811,0.1591902,0.3267769,GotSelection
141.5663,24,2,3,0,0.8094128,0.8755443,0.3050262,351.2334,113.1253,94.41856,0.8410877,0.9111002,0.3128608,0.3324862,0.1753229,0.3179666,SelectionStart
141.5663,24,2,3,0,0.8094128,0.8755443,0.3050262,351.2334,113.1253,94.41856,0.8410877,0.9111002,0.3128608,0.3324862,0.1753229,0.3179666,SelectionEnd
141.5696,24,2,3,0,0.8094128,0.8755443,0.3050262,351.2334,113.1253,94.41856,0.8410877,0.9111002,0.3128608,0.3324862,0.1753229,0.3179666,GotSelection
141.5794,24,2,3,0,0.8095628,0.8754312,0.3050424,351.2828,113.1108,94.43615,0.8406471,0.9139142,0.3136581,0.3639233,0.1776979,0.3136983,SelectionStart
141.5794,24,2,3,0,0.8095628,0.8754312,0.3050424,351.2828,113.1108,94.43615,0.8406471,0.9139142,0.3136581,0.3639233,0.1776979,0.3136983,SelectionEnd
141.5827,24,2,3,0,0.8095628,0.8754312,0.3050424,351.2828,113.1108,94.43615,0.8406471,0.9139142,0.3136581,0.3639233,0.1776979,0.3136983,GotSelection
141.5923,24,2,3,0,0.8098722,0.8753582,0.3050193,351.3374,113.1311,94.46068,0.8403698,0.9175458,0.314877,0.4038607,0.1838531,0.3086248,SelectionStart
141.5924,24,2,3,0,0.8098722,0.8753582,0.3050193,351.3374,113.1311,94.46068,0.8403698,0.9175458,0.314877,0.4038607,0.1838531,0.3086248,SelectionEnd
141.5956,24,2,3,0,0.8098722,0.8753582,0.3050193,351.3374,113.1311,94.46068,0.8403698,0.9175458,0.314877,0.4038607,0.1838531,0.3086248,GotSelection
141.6086,24,2,3,0,0.8102176,0.8753783,0.304979,351.423,113.1611,94.48479,0.8395234,0.9209463,0.3152695,0.4402854,0.1802369,0.3003054,SelectionStart
141.6086,24,2,3,0,0.8102176,0.8753783,0.304979,351.423,113.1611,94.48479,0.8395234,0.9209463,0.3152695,0.4402854,0.1802369,0.3003054,SelectionEnd
141.612,24,2,3,0,0.8102176,0.8753783,0.304979,351.423,113.1611,94.48479,0.8395234,0.9209463,0.3152695,0.4402854,0.1802369,0.3003054,GotSelection
141.6229,24,2,3,0,0.8106441,0.8754487,0.3049721,351.5115,113.139,94.52759,0.8386584,0.9231742,0.3153791,0.464093,0.1738463,0.2905342,SelectionStart
141.6229,24,2,3,0,0.8106441,0.8754487,0.3049721,351.5115,113.139,94.52759,0.8386584,0.9231742,0.3153791,0.464093,0.1738463,0.2905342,SelectionEnd
141.6262,24,2,3,0,0.8106441,0.8754487,0.3049721,351.5115,113.139,94.52759,0.8386584,0.9231742,0.3153791,0.464093,0.1738463,0.2905342,GotSelection
141.6361,24,2,3,0,0.8111218,0.8753104,0.3049114,351.6294,113.1185,94.56924,0.8377306,0.9263781,0.3155842,0.5002422,0.167404,0.2805474,SelectionStart
141.6361,24,2,3,0,0.8111218,0.8753104,0.3049114,351.6294,113.1185,94.56924,0.8377306,0.9263781,0.3155842,0.5002422,0.167404,0.2805474,SelectionEnd
141.6398,24,2,3,0,0.8111218,0.8753104,0.3049114,351.6294,113.1185,94.56924,0.8377306,0.9263781,0.3155842,0.5002422,0.167404,0.2805474,GotSelection
141.6796,24,2,3,0,0.8120333,0.8751034,0.3047942,351.8915,113.1984,94.62051,0.8335897,0.9344027,0.3158793,0.5901656,0.1434983,0.2413412,SelectionStart
141.6796,24,2,3,0,0.8120333,0.8751034,0.3047942,351.8915,113.1984,94.62051,0.8335897,0.9344027,0.3158793,0.5901656,0.1434983,0.2413412,SelectionEnd
141.683,24,2,3,0,0.8120333,0.8751034,0.3047942,351.8915,113.1984,94.62051,0.8335897,0.9344027,0.3158793,0.5901656,0.1434983,0.2413412,GotSelection
141.6928,24,2,3,0,0.8123462,0.8750278,0.3047404,351.9582,113.2063,94.63822,0.8327003,0.9362043,0.3157077,0.610422,0.1357402,0.232628,SelectionStart
141.6928,24,2,3,0,0.8123462,0.8750278,0.3047404,351.9582,113.2063,94.63822,0.8327003,0.9362043,0.3157077,0.610422,0.1357402,0.232628,SelectionEnd
141.6965,24,2,3,0,0.8123462,0.8750278,0.3047404,351.9582,113.2063,94.63822,0.8327003,0.9362043,0.3157077,0.610422,0.1357402,0.232628,GotSelection
141.7086,24,2,3,0,0.8127943,0.8749087,0.3048498,352.0069,113.195,94.66722,0.831338,0.9383262,0.3151094,0.6340716,0.1195211,0.2213403,SelectionStart
141.7087,24,2,3,0,0.8127943,0.8749087,0.3048498,352.0069,113.195,94.66722,0.831338,0.9383262,0.3151094,0.6340716,0.1195211,0.2213403,SelectionEnd
141.7125,24,2,3,0,0.8127943,0.8749087,0.3048498,352.0069,113.195,94.66722,0.831338,0.9383262,0.3151094,0.6340716,0.1195211,0.2213403,GotSelection
141.7237,24,2,3,0,0.8128401,0.87513,0.3048863,352.0181,113.1807,94.70413,0.8297466,0.9397826,0.3141162,0.6468404,0.1017485,0.2119005,SelectionStart
141.7238,24,2,3,0,0.8128401,0.87513,0.3048863,352.0181,113.1807,94.70413,0.8297466,0.9397826,0.3141162,0.6468404,0.1017485,0.2119005,SelectionEnd
141.7271,24,2,3,0,0.8128401,0.87513,0.3048863,352.0181,113.1807,94.70413,0.8297466,0.9397826,0.3141162,0.6468404,0.1017485,0.2119005,GotSelection
141.7374,24,2,3,0,0.8128929,0.8748778,0.3048981,352.0688,113.1868,94.68939,0.8265693,0.9408202,0.3131751,0.6618413,0.07871022,0.1869264,SelectionStart
141.7374,24,2,3,0,0.8128929,0.8748778,0.3048981,352.0688,113.1868,94.68939,0.8265693,0.9408202,0.3131751,0.6618413,0.07871022,0.1869264,SelectionEnd
141.7411,24,2,3,0,0.8128929,0.8748778,0.3048981,352.0688,113.1868,94.68939,0.8265693,0.9408202,0.3131751,0.6618413,0.07871022,0.1869264,GotSelection
141.7508,24,2,3,0,0.8129344,0.8749081,0.3048467,352.0735,113.2106,94.67711,0.8248426,0.9409741,0.3119623,0.6632649,0.06071607,0.1751956,SelectionStart
141.7508,24,2,3,0,0.8129344,0.8749081,0.3048467,352.0735,113.2106,94.67711,0.8248426,0.9409741,0.3119623,0.6632649,0.06071607,0.1751956,SelectionEnd
141.7541,24,2,3,0,0.8129344,0.8749081,0.3048467,352.0735,113.2106,94.67711,0.8248426,0.9409741,0.3119623,0.6632649,0.06071607,0.1751956,GotSelection
141.766,24,2,3,0,0.8129275,0.8750653,0.3048179,352.0613,113.2575,94.66822,0.8227703,0.9412209,0.3105175,0.6642606,0.0391404,0.1618453,SelectionStart
141.766,24,2,3,0,0.8129275,0.8750653,0.3048179,352.0613,113.2575,94.66822,0.8227703,0.9412209,0.3105175,0.6642606,0.0391404,0.1618453,SelectionEnd
141.7693,24,2,3,0,0.8129275,0.8750653,0.3048179,352.0613,113.2575,94.66822,0.8227703,0.9412209,0.3105175,0.6642606,0.0391404,0.1618453,GotSelection
141.7793,24,2,3,0,0.8134784,0.8748877,0.3046097,352.0965,113.2859,94.6572,0.8207469,0.9413164,0.3091405,0.6680404,0.01758858,0.1425528,SelectionStart
141.7793,24,2,3,0,0.8134784,0.8748877,0.3046097,352.0965,113.2859,94.6572,0.8207469,0.9413164,0.3091405,0.6680404,0.01758858,0.1425528,SelectionEnd
141.7827,24,2,3,0,0.8134784,0.8748877,0.3046097,352.0965,113.2859,94.6572,0.8207469,0.9413164,0.3091405,0.6680404,0.01758858,0.1425528,GotSelection
141.7937,24,2,3,0,0.8135507,0.8749331,0.3045234,352.1058,113.2883,94.64024,0.8190182,0.9410332,0.3081498,0.6652861,0.002220836,0.1288792,SelectionStart
141.7937,24,2,3,0,0.8135507,0.8749331,0.3045234,352.1058,113.2883,94.64024,0.8190182,0.9410332,0.3081498,0.6652861,0.002220836,0.1288792,SelectionEnd
141.7972,24,2,3,0,0.8135507,0.8749331,0.3045234,352.1058,113.2883,94.64024,0.8190182,0.9410332,0.3081498,0.6652861,0.002220836,0.1288792,GotSelection
141.8089,24,2,3,0,0.8134698,0.8749592,0.3043562,352.1297,113.2762,94.61476,0.8172075,0.9402007,0.3065954,0.6565301,-0.01682374,0.1168949,SelectionStart
141.809,24,2,3,0,0.8134698,0.8749592,0.3043562,352.1297,113.2762,94.61476,0.8172075,0.9402007,0.3065954,0.6565301,-0.01682374,0.1168949,SelectionEnd
141.8125,24,2,3,0,0.8134698,0.8749592,0.3043562,352.1297,113.2762,94.61476,0.8172075,0.9402007,0.3065954,0.6565301,-0.01682374,0.1168949,GotSelection
141.8253,24,2,3,0,0.813277,0.874842,0.3044273,352.1277,113.2961,94.59894,0.8156285,0.9391974,0.3050321,0.6468033,-0.03682497,0.1093332,SelectionStart
141.8253,24,2,3,0,0.813277,0.874842,0.3044273,352.1277,113.2961,94.59894,0.8156285,0.9391974,0.3050321,0.6468033,-0.03682497,0.1093332,SelectionEnd
141.8287,24,2,3,0,0.813277,0.874842,0.3044273,352.1277,113.2961,94.59894,0.8156285,0.9391974,0.3050321,0.6468033,-0.03682497,0.1093332,GotSelection
141.8402,24,2,3,0,0.8130887,0.8749589,0.3042665,352.1099,113.2942,94.5729,0.8143097,0.9379423,0.303295,0.6320048,-0.05474002,0.1034196,SelectionStart
141.8402,24,2,3,0,0.8130887,0.8749589,0.3042665,352.1099,113.2942,94.5729,0.8143097,0.9379423,0.303295,0.6320048,-0.05474002,0.1034196,SelectionEnd
141.8437,24,2,3,0,0.8130887,0.8749589,0.3042665,352.1099,113.2942,94.5729,0.8143097,0.9379423,0.303295,0.6320048,-0.05474002,0.1034196,GotSelection
141.8922,24,2,3,0,0.811819,0.8753788,0.3040493,352.0031,113.2754,94.47005,0.8122458,0.9309169,0.297285,0.5502325,-0.104875,0.1097889,SelectionStart
141.8922,24,2,3,0,0.811819,0.8753788,0.3040493,352.0031,113.2754,94.47005,0.8122458,0.9309169,0.297285,0.5502325,-0.104875,0.1097889,SelectionEnd
141.896,24,2,3,0,0.811819,0.8753788,0.3040493,352.0031,113.2754,94.47005,0.8122458,0.9309169,0.297285,0.5502325,-0.104875,0.1097889,GotSelection
141.9068,24,2,3,0,0.8114915,0.8754442,0.303964,351.9678,113.2937,94.43929,0.8123692,0.927217,0.2949629,0.5089698,-0.1205591,0.1179031,SelectionStart
141.9068,24,2,3,0,0.8114915,0.8754442,0.303964,351.9678,113.2937,94.43929,0.8123692,0.927217,0.2949629,0.5089698,-0.1205591,0.1179031,SelectionEnd
141.9103,24,2,3,0,0.8114915,0.8754442,0.303964,351.9678,113.2937,94.43929,0.8123692,0.927217,0.2949629,0.5089698,-0.1205591,0.1179031,GotSelection
141.9208,24,2,3,0,0.8124964,0.8749452,0.3035117,352.0001,113.2826,94.41354,0.8120537,0.9237447,0.2925403,0.4779266,-0.1417983,0.1089896,SelectionStart
141.9208,24,2,3,0,0.8124964,0.8749452,0.3035117,352.0001,113.2826,94.41354,0.8120537,0.9237447,0.2925403,0.4779266,-0.1417983,0.1089896,SelectionEnd
141.9244,24,2,3,0,0.8124964,0.8749452,0.3035117,352.0001,113.2826,94.41354,0.8120537,0.9237447,0.2925403,0.4779266,-0.1417983,0.1089896,GotSelection
141.936,24,2,3,0,0.8124892,0.875038,0.3034104,351.9882,113.2843,94.37812,0.8118416,0.9223722,0.2908168,0.4613656,-0.1563014,0.111587,SelectionStart
141.936,24,2,3,0,0.8124892,0.875038,0.3034104,351.9882,113.2843,94.37812,0.8118416,0.9223722,0.2908168,0.4613656,-0.1563014,0.111587,SelectionEnd
141.9394,24,2,3,0,0.8124892,0.875038,0.3034104,351.9882,113.2843,94.37812,0.8118416,0.9223722,0.2908168,0.4613656,-0.1563014,0.111587,GotSelection
141.951,24,2,3,0,0.8113824,0.8758536,0.3036727,351.9305,113.2886,94.41901,0.8118709,0.9222726,0.2900729,0.4494917,-0.1605797,0.1253196,SelectionStart
141.951,24,2,3,0,0.8113824,0.8758536,0.3036727,351.9305,113.2886,94.41901,0.8118709,0.9222726,0.2900729,0.4494917,-0.1605797,0.1253196,SelectionEnd
141.9545,24,2,3,0,0.8113824,0.8758536,0.3036727,351.9305,113.2886,94.41901,0.8118709,0.9222726,0.2900729,0.4494917,-0.1605797,0.1253196,GotSelection
141.9661,24,2,3,0,0.8119638,0.8753428,0.3036304,351.9532,113.2913,94.42513,0.8115857,0.9245883,0.2917555,0.4810727,-0.1503647,0.1142483,SelectionStart
141.9662,24,2,3,0,0.8119638,0.8753428,0.3036304,351.9532,113.2913,94.42513,0.8115857,0.9245883,0.2917555,0.4810727,-0.1503647,0.1142483,SelectionEnd
141.9696,24,2,3,0,0.8119638,0.8753428,0.3036304,351.9532,113.2913,94.42513,0.8115857,0.9245883,0.2917555,0.4810727,-0.1503647,0.1142483,GotSelection
141.9802,24,2,3,0,0.812227,0.8754621,0.3034024,351.9755,113.2917,94.42361,0.8115621,0.9278359,0.295168,0.5175887,-0.1201215,0.1013099,SelectionStart
141.9802,24,2,3,0,0.812227,0.8754621,0.3034024,351.9755,113.2917,94.42361,0.8115621,0.9278359,0.295168,0.5175887,-0.1201215,0.1013099,SelectionEnd
141.9836,24,2,3,0,0.812227,0.8754621,0.3034024,351.9755,113.2917,94.42361,0.8115621,0.9278359,0.295168,0.5175887,-0.1201215,0.1013099,GotSelection
141.9934,24,2,3,0,0.8124969,0.8753279,0.3033222,352.0107,113.3331,94.40646,0.8121611,0.9323574,0.2994277,0.5698053,-0.08185912,0.09333278,SelectionStart
141.9934,24,2,3,0,0.8124969,0.8753279,0.3033222,352.0107,113.3331,94.40646,0.8121611,0.9323574,0.2994277,0.5698053,-0.08185912,0.09333278,SelectionEnd
141.9967,24,2,3,0,0.8124969,0.8753279,0.3033222,352.0107,113.3331,94.40646,0.8121611,0.9323574,0.2994277,0.5698053,-0.08185912,0.09333278,GotSelection
142.0087,24,2,3,0,0.8124735,0.8751512,0.3033363,352.0352,113.3939,94.38555,0.8126852,0.9366953,0.303946,0.6205565,-0.04100649,0.08651713,SelectionStart
142.0087,24,2,3,0,0.8124735,0.8751512,0.3033363,352.0352,113.3939,94.38555,0.8126852,0.9366953,0.303946,0.6205565,-0.04100649,0.08651713,SelectionEnd
142.0122,24,2,3,0,0.8124735,0.8751512,0.3033363,352.0352,113.3939,94.38555,0.8126852,0.9366953,0.303946,0.6205565,-0.04100649,0.08651713,GotSelection
142.0226,24,2,3,0,0.8124961,0.8749384,0.303378,352.0602,113.446,94.36887,0.8152053,0.9404912,0.3078018,0.663398,0.001870991,0.09970786,SelectionStart
142.0226,24,2,3,0,0.8124961,0.8749384,0.303378,352.0602,113.446,94.36887,0.8152053,0.9404912,0.3078018,0.663398,0.001870991,0.09970786,SelectionEnd
142.0259,24,2,3,0,0.8124961,0.8749384,0.303378,352.0602,113.446,94.36887,0.8152053,0.9404912,0.3078018,0.663398,0.001870991,0.09970786,GotSelection
142.0361,24,2,3,0,0.8125098,0.8751178,0.3031728,352.0651,113.4552,94.33548,0.8158381,0.9426535,0.3109402,0.6870118,0.03437234,0.09472495,SelectionStart
142.0361,24,2,3,0,0.8125098,0.8751178,0.3031728,352.0651,113.4552,94.33548,0.8158381,0.9426535,0.3109402,0.6870118,0.03437234,0.09472495,SelectionEnd
142.0399,24,2,3,0,0.8125098,0.8751178,0.3031728,352.0651,113.4552,94.33548,0.8158381,0.9426535,0.3109402,0.6870118,0.03437234,0.09472495,GotSelection
142.0818,24,2,3,0,0.812092,0.8758042,0.3029096,351.9367,113.4805,94.21227,0.8190053,0.9498214,0.3207966,0.761108,0.1399446,0.09797817,SelectionStart
142.0818,24,2,3,0,0.812092,0.8758042,0.3029096,351.9367,113.4805,94.21227,0.8190053,0.9498214,0.3207966,0.761108,0.1399446,0.09797817,SelectionEnd
142.0856,24,2,3,0,0.812092,0.8758042,0.3029096,351.9367,113.4805,94.21227,0.8190053,0.9498214,0.3207966,0.761108,0.1399446,0.09797817,GotSelection
142.0975,24,2,3,0,0.8115082,0.8758426,0.3031353,351.7921,113.4675,94.20717,0.8203079,0.9513331,0.3236628,0.7770665,0.171301,0.1089111,SelectionStart
142.0975,24,2,3,0,0.8115082,0.8758426,0.3031353,351.7921,113.4675,94.20717,0.8203079,0.9513331,0.3236628,0.7770665,0.171301,0.1089111,SelectionEnd
142.1034,24,2,3,0,0.8115082,0.8758426,0.3031353,351.7921,113.4675,94.20717,0.8203079,0.9513331,0.3236628,0.7770665,0.171301,0.1089111,GotSelection
142.1255,24,2,3,0,0.8101045,0.8757554,0.3037359,351.5085,113.3456,94.23232,0.8217029,0.9518933,0.3260088,0.7822567,0.1983214,0.1330862,SelectionStart
142.1256,24,2,3,0,0.8101045,0.8757554,0.3037359,351.5085,113.3456,94.23232,0.8217029,0.9518933,0.3260088,0.7822567,0.1983214,0.1330862,SelectionEnd
142.1293,24,2,3,0,0.8101045,0.8757554,0.3037359,351.5085,113.3456,94.23232,0.8217029,0.9518933,0.3260088,0.7822567,0.1983214,0.1330862,GotSelection
142.1401,24,2,3,0,0.8089463,0.8755579,0.304148,351.2244,113.3145,94.21931,0.8214405,0.9510407,0.3270132,0.7746986,0.2082343,0.1419289,SelectionStart
142.1401,24,2,3,0,0.8089463,0.8755579,0.304148,351.2244,113.3145,94.21931,0.8214405,0.9510407,0.3270132,0.7746986,0.2082343,0.1419289,SelectionEnd
142.1435,24,2,3,0,0.8089463,0.8755579,0.304148,351.2244,113.3145,94.21931,0.8214405,0.9510407,0.3270132,0.7746986,0.2082343,0.1419289,GotSelection
142.1533,24,2,3,0,0.8076516,0.8756093,0.3047382,350.9814,113.3237,94.25476,0.8218691,0.9499691,0.3271712,0.760361,0.2117554,0.1609712,SelectionStart
142.1533,24,2,3,0,0.8076516,0.8756093,0.3047382,350.9814,113.3237,94.25476,0.8218691,0.9499691,0.3271712,0.760361,0.2117554,0.1609712,SelectionEnd
142.1567,24,2,3,0,0.8076516,0.8756093,0.3047382,350.9814,113.3237,94.25476,0.8218691,0.9499691,0.3271712,0.760361,0.2117554,0.1609712,GotSelection
142.1672,24,2,3,0,0.8061506,0.8754678,0.3053996,350.6278,113.311,94.28309,0.8225764,0.9489129,0.3273427,0.7469106,0.2167223,0.1864539,SelectionStart
142.1673,24,2,3,0,0.8061506,0.8754678,0.3053996,350.6278,113.311,94.28309,0.8225764,0.9489129,0.3273427,0.7469106,0.2167223,0.1864539,SelectionEnd
142.1707,24,2,3,0,0.8061506,0.8754678,0.3053996,350.6278,113.311,94.28309,0.8225764,0.9489129,0.3273427,0.7469106,0.2167223,0.1864539,GotSelection
142.182,24,2,3,0,0.8046545,0.8751163,0.3062564,350.2432,113.2895,94.3147,0.8233321,0.9471478,0.3273886,0.7275686,0.2192424,0.2130163,SelectionStart
142.182,24,2,3,0,0.8046545,0.8751163,0.3062564,350.2432,113.2895,94.3147,0.8233321,0.9471478,0.3273886,0.7275686,0.2192424,0.2130163,SelectionEnd
142.1855,24,2,3,0,0.8046545,0.8751163,0.3062564,350.2432,113.2895,94.3147,0.8233321,0.9471478,0.3273886,0.7275686,0.2192424,0.2130163,GotSelection
142.1959,24,2,3,0,0.8032679,0.875062,0.3069237,349.9531,113.2998,94.35939,0.82411,0.9456416,0.3275705,0.7085722,0.2243505,0.2358706,SelectionStart
142.1959,24,2,3,0,0.8032679,0.875062,0.3069237,349.9531,113.2998,94.35939,0.82411,0.9456416,0.3275705,0.7085722,0.2243505,0.2358706,SelectionEnd
142.1993,24,2,3,0,0.8032679,0.875062,0.3069237,349.9531,113.2998,94.35939,0.82411,0.9456416,0.3275705,0.7085722,0.2243505,0.2358706,GotSelection
142.2085,24,2,3,0,0.8019454,0.8748592,0.3075805,349.64,113.3098,94.42598,0.8250592,0.9432125,0.32783,0.6815878,0.2311193,0.2580163,SelectionStart
142.2086,24,2,3,0,0.8019454,0.8748592,0.3075805,349.64,113.3098,94.42598,0.8250592,0.9432125,0.32783,0.6815878,0.2311193,0.2580163,SelectionEnd
142.2119,24,2,3,0,0.8019454,0.8748592,0.3075805,349.64,113.3098,94.42598,0.8250592,0.9432125,0.32783,0.6815878,0.2311193,0.2580163,GotSelection
142.2242,24,2,3,0,0.8011613,0.87479,0.3081736,349.3977,113.3251,94.51637,0.825851,0.9408396,0.3279809,0.6549856,0.2344399,0.2726813,SelectionStart
142.2242,24,2,3,0,0.8011613,0.87479,0.3081736,349.3977,113.3251,94.51637,0.825851,0.9408396,0.3279809,0.6549856,0.2344399,0.2726813,SelectionEnd
142.2276,24,2,3,0,0.8011613,0.87479,0.3081736,349.3977,113.3251,94.51637,0.825851,0.9408396,0.3279809,0.6549856,0.2344399,0.2726813,GotSelection
142.2375,24,2,3,0,0.7999226,0.8744621,0.3090686,349.0616,113.3217,94.61207,0.8264078,0.9375718,0.3283618,0.6210356,0.2385508,0.2892776,SelectionStart
142.2375,24,2,3,0,0.7999226,0.8744621,0.3090686,349.0616,113.3217,94.61207,0.8264078,0.9375718,0.3283618,0.6210356,0.2385508,0.2892776,SelectionEnd
142.2409,24,2,3,0,0.7999226,0.8744621,0.3090686,349.0616,113.3217,94.61207,0.8264078,0.9375718,0.3283618,0.6210356,0.2385508,0.2892776,GotSelection
142.251,24,2,3,0,0.7991387,0.8741767,0.3096145,348.8325,113.3123,94.67159,0.8269861,0.9348068,0.3287961,0.5931908,0.2446419,0.2997852,SelectionStart
142.251,24,2,3,0,0.7991387,0.8741767,0.3096145,348.8325,113.3123,94.67159,0.8269861,0.9348068,0.3287961,0.5931908,0.2446419,0.2997852,SelectionEnd
142.2543,24,2,3,0,0.7991387,0.8741767,0.3096145,348.8325,113.3123,94.67159,0.8269861,0.9348068,0.3287961,0.5931908,0.2446419,0.2997852,GotSelection
142.3053,24,2,3,0,0.7983842,0.8733855,0.3105788,348.5732,113.2905,94.81215,0.8295535,0.9230265,0.3296128,0.4776494,0.2649523,0.3113602,SelectionStart
142.3053,24,2,3,0,0.7983842,0.8733855,0.3105788,348.5732,113.2905,94.81215,0.8295535,0.9230265,0.3296128,0.4776494,0.2649523,0.3113602,SelectionEnd
142.3086,24,2,3,0,0.7983842,0.8733855,0.3105788,348.5732,113.2905,94.81215,0.8295535,0.9230265,0.3296128,0.4776494,0.2649523,0.3113602,GotSelection
142.3549,24,2,3,0,0.7972577,0.8729153,0.3112665,348.201,113.1962,94.88618,0.8304311,0.9074519,0.325453,0.3145627,0.2404117,0.3207438,SelectionStart
142.3549,24,2,3,0,0.7972577,0.8729153,0.3112665,348.201,113.1962,94.88618,0.8304311,0.9074519,0.325453,0.3145627,0.2404117,0.3207438,SelectionEnd
142.3583,24,2,3,0,0.7972577,0.8729153,0.3112665,348.201,113.1962,94.88618,0.8304311,0.9074519,0.325453,0.3145627,0.2404117,0.3207438,GotSelection
142.4118,24,2,3,0,0.7924299,0.8723342,0.3138597,346.9232,113.0121,95.05431,0.8323898,0.8867598,0.3178448,0.07914583,0.1905549,0.3833105,SelectionStart
142.4119,24,2,3,0,0.7924299,0.8723342,0.3138597,346.9232,113.0121,95.05431,0.8323898,0.8867598,0.3178448,0.07914583,0.1905549,0.3833105,SelectionEnd
142.4155,24,2,3,0,0.7924299,0.8723342,0.3138597,346.9232,113.0121,95.05431,0.8323898,0.8867598,0.3178448,0.07914583,0.1905549,0.3833105,GotSelection
142.4252,24,2,3,0,0.791871,0.872285,0.3142633,346.8116,112.9282,95.09042,0.8332872,0.8809034,0.3150795,0.01285554,0.1718115,0.3957787,SelectionStart
142.4252,24,2,3,0,0.791871,0.872285,0.3142633,346.8116,112.9282,95.09042,0.8332872,0.8809034,0.3150795,0.01285554,0.1718115,0.3957787,SelectionEnd
142.4284,24,2,3,0,0.791871,0.872285,0.3142633,346.8116,112.9282,95.09042,0.8332872,0.8809034,0.3150795,0.01285554,0.1718115,0.3957787,GotSelection
142.4371,24,2,3,0,0.7915432,0.8722055,0.3144206,346.7888,112.8934,95.07987,0.8338906,0.876277,0.3126103,-0.03858167,0.1550759,0.4039458,SelectionStart
142.4371,24,2,3,0,0.7915432,0.8722055,0.3144206,346.7888,112.8934,95.07987,0.8338906,0.876277,0.3126103,-0.03858167,0.1550759,0.4039458,SelectionEnd
142.4405,24,2,3,0,0.7915432,0.8722055,0.3144206,346.7888,112.8934,95.07987,0.8338906,0.876277,0.3126103,-0.03858167,0.1550759,0.4039458,GotSelection
142.4495,24,2,3,0,0.7921685,0.8724685,0.3141231,347.0289,112.905,95.02602,0.8345785,0.8715764,0.3099746,-0.09029343,0.1378488,0.4023852,SelectionStart
142.4495,24,2,3,0,0.7921685,0.8724685,0.3141231,347.0289,112.905,95.02602,0.8345785,0.8715764,0.3099746,-0.09029343,0.1378488,0.4023852,SelectionEnd
142.4528,24,2,3,0,0.7921685,0.8724685,0.3141231,347.0289,112.905,95.02602,0.8345785,0.8715764,0.3099746,-0.09029343,0.1378488,0.4023852,GotSelection
142.4621,24,2,3,0,0.7925821,0.8727452,0.3139606,347.1674,112.9116,94.98495,0.8354257,0.8671585,0.3072482,-0.1410347,0.1197931,0.4058815,SelectionStart
142.4621,24,2,3,0,0.7925821,0.8727452,0.3139606,347.1674,112.9116,94.98495,0.8354257,0.8671585,0.3072482,-0.1410347,0.1197931,0.4058815,SelectionEnd
142.4654,24,2,3,0,0.7925821,0.8727452,0.3139606,347.1674,112.9116,94.98495,0.8354257,0.8671585,0.3072482,-0.1410347,0.1197931,0.4058815,GotSelection
142.4755,24,2,3,0,0.7930802,0.8729603,0.3138467,347.3364,112.9187,94.95398,0.8365734,0.8617391,0.3038593,-0.2023848,0.09678383,0.4123595,SelectionStart
142.4755,24,2,3,0,0.7930802,0.8729603,0.3138467,347.3364,112.9187,94.95398,0.8365734,0.8617391,0.3038593,-0.2023848,0.09678383,0.4123595,SelectionEnd
142.479,24,2,3,0,0.7930802,0.8729603,0.3138467,347.3364,112.9187,94.95398,0.8365734,0.8617391,0.3038593,-0.2023848,0.09678383,0.4123595,GotSelection
142.4886,24,2,3,0,0.7931712,0.8730917,0.3138614,347.3648,112.9019,94.94857,0.8376734,0.8579443,0.301429,-0.2469621,0.08144893,0.4224486,SelectionStart
142.4886,24,2,3,0,0.7931712,0.8730917,0.3138614,347.3648,112.9019,94.94857,0.8376734,0.8579443,0.301429,-0.2469621,0.08144893,0.4224486,SelectionEnd
142.4922,24,2,3,0,0.7931712,0.8730917,0.3138614,347.3648,112.9019,94.94857,0.8376734,0.8579443,0.301429,-0.2469621,0.08144893,0.4224486,GotSelection
142.5035,24,2,3,0,0.7929752,0.8731568,0.3140125,347.3133,112.8713,94.95571,0.8389584,0.8537613,0.298975,-0.2963966,0.06683133,0.4363922,SelectionStart
142.5035,24,2,3,0,0.7929752,0.8731568,0.3140125,347.3133,112.8713,94.95571,0.8389584,0.8537613,0.298975,-0.2963966,0.06683133,0.4363922,SelectionEnd
142.5069,24,2,3,0,0.7929752,0.8731568,0.3140125,347.3133,112.8713,94.95571,0.8389584,0.8537613,0.298975,-0.2963966,0.06683133,0.4363922,GotSelection
142.5167,24,2,3,0,0.7929674,0.87311,0.3141232,347.2606,112.8685,94.95826,0.8400922,0.8511211,0.2975628,-0.3270341,0.05965262,0.4466398,SelectionStart
142.5168,24,2,3,0,0.7929674,0.87311,0.3141232,347.2606,112.8685,94.95826,0.8400922,0.8511211,0.2975628,-0.3270341,0.05965262,0.4466398,SelectionEnd
142.5201,24,2,3,0,0.7929674,0.87311,0.3141232,347.2606,112.8685,94.95826,0.8400922,0.8511211,0.2975628,-0.3270341,0.05965262,0.4466398,GotSelection
142.5302,24,2,3,0,0.7929487,0.873166,0.3141943,347.2014,112.8863,94.95396,0.8415786,0.8483543,0.296319,-0.360284,0.05625768,0.4587905,SelectionStart
142.5302,24,2,3,0,0.7929487,0.873166,0.3141943,347.2014,112.8863,94.95396,0.8415786,0.8483543,0.296319,-0.360284,0.05625768,0.4587905,SelectionEnd
142.5336,24,2,3,0,0.7929487,0.873166,0.3141943,347.2014,112.8863,94.95396,0.8415786,0.8483543,0.296319,-0.360284,0.05625768,0.4587905,GotSelection
142.5432,24,2,3,0,0.7930406,0.8731227,0.3141939,347.1954,112.8888,94.95433,0.8424057,0.847579,0.2967151,-0.3681903,0.0636374,0.4623003,SelectionStart
142.5432,24,2,3,0,0.7930406,0.8731227,0.3141939,347.1954,112.8888,94.95433,0.8424057,0.847579,0.2967151,-0.3681903,0.0636374,0.4623003,SelectionEnd
142.5465,24,2,3,0,0.7930406,0.8731227,0.3141939,347.1954,112.8888,94.95433,0.8424057,0.847579,0.2967151,-0.3681903,0.0636374,0.4623003,GotSelection
142.5888,24,2,3,0,0.7947559,0.8738511,0.3130176,347.5739,112.9948,94.82567,0.8446125,0.8506897,0.3031882,-0.3297792,0.1346044,0.4446567,SelectionStart
142.5889,24,2,3,0,0.7947559,0.8738511,0.3130176,347.5739,112.9948,94.82567,0.8446125,0.8506897,0.3031882,-0.3297792,0.1346044,0.4446567,SelectionEnd
142.5921,24,2,3,0,0.7947559,0.8738511,0.3130176,347.5739,112.9948,94.82567,0.8446125,0.8506897,0.3031882,-0.3297792,0.1346044,0.4446567,GotSelection
142.6017,24,2,3,0,0.795276,0.8739147,0.3127435,347.6678,113.0481,94.78542,0.8446567,0.8541764,0.3072726,-0.2871791,0.1704243,0.4312042,SelectionStart
142.6017,24,2,3,0,0.795276,0.8739147,0.3127435,347.6678,113.0481,94.78542,0.8446567,0.8541764,0.3072726,-0.2871791,0.1704243,0.4312042,SelectionEnd
142.605,24,2,3,0,0.795276,0.8739147,0.3127435,347.6678,113.0481,94.78542,0.8446567,0.8541764,0.3072726,-0.2871791,0.1704243,0.4312042,GotSelection
142.6168,24,2,3,0,0.7960295,0.8741897,0.312219,347.8054,113.1122,94.73814,0.8451421,0.8580461,0.3118689,-0.2417587,0.2140913,0.417008,SelectionStart
142.6168,24,2,3,0,0.7960295,0.8741897,0.312219,347.8054,113.1122,94.73814,0.8451421,0.8580461,0.3118689,-0.2417587,0.2140913,0.417008,SelectionEnd
142.6201,24,2,3,0,0.7960295,0.8741897,0.312219,347.8054,113.1122,94.73814,0.8451421,0.8580461,0.3118689,-0.2417587,0.2140913,0.417008,GotSelection
142.63,24,2,3,0,0.7967856,0.8743825,0.3118999,347.9594,113.1384,94.72243,0.8455972,0.8614779,0.316021,-0.2007883,0.2517249,0.4042175,SelectionStart
142.63,24,2,3,0,0.7967856,0.8743825,0.3118999,347.9594,113.1384,94.72243,0.8455972,0.8614779,0.316021,-0.2007883,0.2517249,0.4042175,SelectionEnd
142.6334,24,2,3,0,0.7967856,0.8743825,0.3118999,347.9594,113.1384,94.72243,0.8455972,0.8614779,0.316021,-0.2007883,0.2517249,0.4042175,GotSelection
142.643,24,2,3,0,0.7977831,0.8745885,0.3113994,348.1863,113.1775,94.69917,0.8462431,0.8651866,0.3208493,-0.1553594,0.2969306,0.3880763,SelectionStart
142.6431,24,2,3,0,0.7977831,0.8745885,0.3113994,348.1863,113.1775,94.69917,0.8462431,0.8651866,0.3208493,-0.1553594,0.2969306,0.3880763,SelectionEnd
142.6467,24,2,3,0,0.7977831,0.8745885,0.3113994,348.1863,113.1775,94.69917,0.8462431,0.8651866,0.3208493,-0.1553594,0.2969306,0.3880763,GotSelection
142.6588,24,2,3,0,0.7992975,0.8750829,0.3104448,348.5432,113.2675,94.60301,0.8467596,0.8684595,0.3250011,-0.1161669,0.3381087,0.3650438,SelectionStart
142.6588,24,2,3,0,0.7992975,0.8750829,0.3104448,348.5432,113.2675,94.60301,0.8467596,0.8684595,0.3250011,-0.1161669,0.3381087,0.3650438,SelectionEnd
142.6622,24,2,3,0,0.7992975,0.8750829,0.3104448,348.5432,113.2675,94.60301,0.8467596,0.8684595,0.3250011,-0.1161669,0.3381087,0.3650438,GotSelection
142.6728,24,2,3,0,0.8004657,0.8755341,0.3095234,348.8685,113.3714,94.48376,0.8468821,0.8700271,0.3272701,-0.0971185,0.362743,0.3451881,SelectionStart
142.6729,24,2,3,0,0.8004657,0.8755341,0.3095234,348.8685,113.3714,94.48376,0.8468821,0.8700271,0.3272701,-0.0971185,0.362743,0.3451881,SelectionEnd
142.6762,24,2,3,0,0.8004657,0.8755341,0.3095234,348.8685,113.3714,94.48376,0.8468821,0.8700271,0.3272701,-0.0971185,0.362743,0.3451881,GotSelection
142.6856,24,2,3,0,0.8019072,0.8761303,0.3082735,349.3062,113.4781,94.31349,0.8470459,0.8724135,0.3302256,-0.0695508,0.3952251,0.3203309,SelectionStart
142.6856,24,2,3,0,0.8019072,0.8761303,0.3082735,349.3062,113.4781,94.31349,0.8470459,0.8724135,0.3302256,-0.0695508,0.3952251,0.3203309,SelectionEnd
142.6891,24,2,3,0,0.8019072,0.8761303,0.3082735,349.3062,113.4781,94.31349,0.8470459,0.8724135,0.3302256,-0.0695508,0.3952251,0.3203309,GotSelection
142.6995,24,2,3,0,0.8025918,0.8765823,0.3075961,349.5896,113.4936,94.237,0.8471777,0.8740044,0.3317485,-0.05317464,0.412358,0.3089247,SelectionStart
142.6996,24,2,3,0,0.8025918,0.8765823,0.3075961,349.5896,113.4936,94.237,0.8471777,0.8740044,0.3317485,-0.05317464,0.412358,0.3089247,SelectionEnd
142.7029,24,2,3,0,0.8025918,0.8765823,0.3075961,349.5896,113.4936,94.237,0.8471777,0.8740044,0.3317485,-0.05317464,0.412358,0.3089247,GotSelection
142.713,24,2,3,0,0.8035041,0.876946,0.3068969,349.9057,113.5089,94.16811,0.8471773,0.875989,0.3338707,-0.0305602,0.4334353,0.2924621,SelectionStart
142.713,24,2,3,0,0.8035041,0.876946,0.3068969,349.9057,113.5089,94.16811,0.8471773,0.875989,0.3338707,-0.0305602,0.4334353,0.2924621,SelectionEnd
142.7163,24,2,3,0,0.8035041,0.876946,0.3068969,349.9057,113.5089,94.16811,0.8471773,0.875989,0.3338707,-0.0305602,0.4334353,0.2924621,GotSelection
142.7265,24,2,3,0,0.8037621,0.8770648,0.3067232,350.0093,113.5002,94.15655,0.84724,0.8766997,0.3350781,-0.02203433,0.4449154,0.2863538,SelectionStart
142.7265,24,2,3,0,0.8037621,0.8770648,0.3067232,350.0093,113.5002,94.15655,0.84724,0.8766997,0.3350781,-0.02203433,0.4449154,0.2863538,SelectionEnd
142.7305,24,2,3,0,0.8037621,0.8770648,0.3067232,350.0093,113.5002,94.15655,0.84724,0.8766997,0.3350781,-0.02203433,0.4449154,0.2863538,GotSelection
142.7416,24,2,3,0,0.8043174,0.8772374,0.3062923,350.2058,113.5098,94.11063,0.8475352,0.877569,0.3368883,-0.01102234,0.4640887,0.2762892,SelectionStart
142.7417,24,2,3,0,0.8043174,0.8772374,0.3062923,350.2058,113.5098,94.11063,0.8475352,0.877569,0.3368883,-0.01102234,0.4640887,0.2762892,SelectionEnd
142.7451,24,2,3,0,0.8043174,0.8772374,0.3062923,350.2058,113.5098,94.11063,0.8475352,0.877569,0.3368883,-0.01102234,0.4640887,0.2762892,GotSelection
142.7851,24,2,3,0,0.803921,0.8774599,0.3058836,350.3082,113.3864,94.03579,0.847452,0.8755392,0.3378876,-0.03245726,0.4794258,0.2707495,SelectionStart
142.7851,24,2,3,0,0.803921,0.8774599,0.3058836,350.3082,113.3864,94.03579,0.847452,0.8755392,0.3378876,-0.03245726,0.4794258,0.2707495,SelectionEnd
142.7885,24,2,3,0,0.803921,0.8774599,0.3058836,350.3082,113.3864,94.03579,0.847452,0.8755392,0.3378876,-0.03245726,0.4794258,0.2707495,GotSelection
142.8007,24,2,3,0,0.8036963,0.8773894,0.3061023,350.2994,113.3492,94.05308,0.8478127,0.874054,0.337867,-0.047684,0.48047,0.2749707,SelectionStart
142.8007,24,2,3,0,0.8036963,0.8773894,0.3061023,350.2994,113.3492,94.05308,0.8478127,0.874054,0.337867,-0.047684,0.48047,0.2749707,SelectionEnd
142.8044,24,2,3,0,0.8036963,0.8773894,0.3061023,350.2994,113.3492,94.05308,0.8478127,0.874054,0.337867,-0.047684,0.48047,0.2749707,GotSelection
142.8163,24,2,3,0,0.8035331,0.8774112,0.3063055,350.3148,113.2916,94.07761,0.8484617,0.8720581,0.3376348,-0.06937522,0.4809593,0.2812335,SelectionStart
142.8163,24,2,3,0,0.8035331,0.8774112,0.3063055,350.3148,113.2916,94.07761,0.8484617,0.8720581,0.3376348,-0.06937522,0.4809593,0.2812335,SelectionEnd
142.8197,24,2,3,0,0.8035331,0.8774112,0.3063055,350.3148,113.2916,94.07761,0.8484617,0.8720581,0.3376348,-0.06937522,0.4809593,0.2812335,GotSelection
142.8303,24,2,3,0,0.8034799,0.8774811,0.3062458,350.3939,113.2251,94.06023,0.8490292,0.8698212,0.3372957,-0.09355866,0.4821789,0.2848396,SelectionStart
142.8303,24,2,3,0,0.8034799,0.8774811,0.3062458,350.3939,113.2251,94.06023,0.8490292,0.8698212,0.3372957,-0.09355866,0.4821789,0.2848396,SelectionEnd
142.8336,24,2,3,0,0.8034799,0.8774811,0.3062458,350.3939,113.2251,94.06023,0.8490292,0.8698212,0.3372957,-0.09355866,0.4821789,0.2848396,GotSelection
142.8433,24,2,3,0,0.8034098,0.8776628,0.3060357,350.5049,113.1634,94.00016,0.8492851,0.8680499,0.3370423,-0.1136926,0.4840308,0.2854895,SelectionStart
142.8433,24,2,3,0,0.8034098,0.8776628,0.3060357,350.5049,113.1634,94.00016,0.8492851,0.8680499,0.3370423,-0.1136926,0.4840308,0.2854895,SelectionEnd
142.8466,24,2,3,0,0.8034098,0.8776628,0.3060357,350.5049,113.1634,94.00016,0.8492851,0.8680499,0.3370423,-0.1136926,0.4840308,0.2854895,GotSelection
142.8589,24,2,3,0,0.8033334,0.8777888,0.3056939,350.6151,113.0937,93.92921,0.849986,0.8656463,0.3364482,-0.1405647,0.4860651,0.2903274,SelectionStart
142.8589,24,2,3,0,0.8033334,0.8777888,0.3056939,350.6151,113.0937,93.92921,0.849986,0.8656463,0.3364482,-0.1405647,0.4860651,0.2903274,SelectionEnd
142.8627,24,2,3,0,0.8033334,0.8777888,0.3056939,350.6151,113.0937,93.92921,0.849986,0.8656463,0.3364482,-0.1405647,0.4860651,0.2903274,GotSelection
142.8742,24,2,3,0,0.803176,0.8779109,0.3054989,350.6746,113.0494,93.86292,0.8505632,0.8627914,0.3354715,-0.1727195,0.4833778,0.2958329,SelectionStart
142.8742,24,2,3,0,0.803176,0.8779109,0.3054989,350.6746,113.0494,93.86292,0.8505632,0.8627914,0.3354715,-0.1727195,0.4833778,0.2958329,SelectionEnd
142.8779,24,2,3,0,0.803176,0.8779109,0.3054989,350.6746,113.0494,93.86292,0.8505632,0.8627914,0.3354715,-0.1727195,0.4833778,0.2958329,GotSelection
142.8893,24,2,3,0,0.8032669,0.8778855,0.3054333,350.7362,113.0438,93.83092,0.8508741,0.8603663,0.334876,-0.1977339,0.480801,0.2962844,SelectionStart
142.8893,24,2,3,0,0.8032669,0.8778855,0.3054333,350.7362,113.0438,93.83092,0.8508741,0.8603663,0.334876,-0.1977339,0.480801,0.2962844,SelectionEnd
142.8926,24,2,3,0,0.8032669,0.8778855,0.3054333,350.7362,113.0438,93.83092,0.8508741,0.8603663,0.334876,-0.1977339,0.480801,0.2962844,GotSelection
142.9023,24,2,3,0,0.8033531,0.8779518,0.305463,350.7521,113.0701,93.81638,0.8510303,0.8591471,0.3349593,-0.2106647,0.4825414,0.2944679,SelectionStart
142.9023,24,2,3,0,0.8033531,0.8779518,0.305463,350.7521,113.0701,93.81638,0.8510303,0.8591471,0.3349593,-0.2106647,0.4825414,0.2944679,SelectionEnd
142.9058,24,2,3,0,0.8033531,0.8779518,0.305463,350.7521,113.0701,93.81638,0.8510303,0.8591471,0.3349593,-0.2106647,0.4825414,0.2944679,GotSelection
142.9165,24,2,3,0,0.8036543,0.8778495,0.3054541,350.7806,113.1315,93.8267,0.8513293,0.8586457,0.3360739,-0.2129119,0.4936441,0.2889751,SelectionStart
142.9166,24,2,3,0,0.8036543,0.8778495,0.3054541,350.7806,113.1315,93.8267,0.8513293,0.8586457,0.3360739,-0.2129119,0.4936441,0.2889751,SelectionEnd
142.9199,24,2,3,0,0.8036543,0.8778495,0.3054541,350.7806,113.1315,93.8267,0.8513293,0.8586457,0.3360739,-0.2129119,0.4936441,0.2889751,GotSelection
142.9305,24,2,3,0,0.8040137,0.8778708,0.3052938,350.8206,113.1848,93.80369,0.8516172,0.8597613,0.338574,-0.1983782,0.5175972,0.2792774,SelectionStart
142.9305,24,2,3,0,0.8040137,0.8778708,0.3052938,350.8206,113.1848,93.80369,0.8516172,0.8597613,0.338574,-0.1983782,0.5175972,0.2792774,SelectionEnd
142.9345,24,2,3,0,0.8040137,0.8778708,0.3052938,350.8206,113.1848,93.80369,0.8516172,0.8597613,0.338574,-0.1983782,0.5175972,0.2792774,GotSelection
142.976,24,2,3,0,0.8056806,0.8778101,0.3042898,351.1869,113.2727,93.71066,0.8542417,0.8669739,0.3495421,-0.1105943,0.628311,0.2525417,SelectionStart
142.976,24,2,3,0,0.8056806,0.8778101,0.3042898,351.1869,113.2727,93.71066,0.8542417,0.8669739,0.3495421,-0.1105943,0.628311,0.2525417,SelectionEnd
142.9793,24,2,3,0,0.8056806,0.8778101,0.3042898,351.1869,113.2727,93.71066,0.8542417,0.8669739,0.3495421,-0.1105943,0.628311,0.2525417,GotSelection
142.9913,24,2,3,0,0.8061078,0.8778667,0.3039523,351.2822,113.3055,93.67553,0.8551397,0.8685104,0.3520162,-0.09274429,0.6555309,0.2478736,SelectionStart
142.9913,24,2,3,0,0.8061078,0.8778667,0.3039523,351.2822,113.3055,93.67553,0.8551397,0.8685104,0.3520162,-0.09274429,0.6555309,0.2478736,SelectionEnd
142.9947,24,2,3,0,0.8061078,0.8778667,0.3039523,351.2822,113.3055,93.67553,0.8551397,0.8685104,0.3520162,-0.09274429,0.6555309,0.2478736,GotSelection
143.0037,24,2,3,0,0.80651,0.8779745,0.3036305,351.38,113.3254,93.61861,0.855565,0.8693428,0.3530958,-0.08398888,0.6681837,0.2436053,SelectionStart
143.0037,24,2,3,0,0.80651,0.8779745,0.3036305,351.38,113.3254,93.61861,0.855565,0.8693428,0.3530958,-0.08398888,0.6681837,0.2436053,SelectionEnd
143.007,24,2,3,0,0.80651,0.8779745,0.3036305,351.38,113.3254,93.61861,0.855565,0.8693428,0.3530958,-0.08398888,0.6681837,0.2436053,GotSelection
143.0168,24,2,3,0,0.806791,0.8781463,0.3031978,351.479,113.3295,93.54944,0.8560755,0.8698573,0.3536425,-0.08002374,0.6779256,0.2425079,SelectionStart
143.0168,24,2,3,0,0.806791,0.8781463,0.3031978,351.479,113.3295,93.54944,0.8560755,0.8698573,0.3536425,-0.08002374,0.6779256,0.2425079,SelectionEnd
143.02,24,2,3,0,0.806791,0.8781463,0.3031978,351.479,113.3295,93.54944,0.8560755,0.8698573,0.3536425,-0.08002374,0.6779256,0.2425079,GotSelection
143.0308,24,2,3,0,0.807191,0.8784193,0.3025141,351.6523,113.3328,93.43424,0.8563933,0.8704299,0.3544775,-0.07579608,0.6913622,0.2364464,SelectionStart
143.0309,24,2,3,0,0.807191,0.8784193,0.3025141,351.6523,113.3328,93.43424,0.8563933,0.8704299,0.3544775,-0.07579608,0.6913622,0.2364464,SelectionEnd
143.0341,24,2,3,0,0.807191,0.8784193,0.3025141,351.6523,113.3328,93.43424,0.8563933,0.8704299,0.3544775,-0.07579608,0.6913622,0.2364464,GotSelection
143.0445,24,2,3,0,0.8081175,0.8787882,0.30152,351.9081,113.3118,93.30582,0.8565618,0.8709899,0.3548952,-0.07201809,0.7009748,0.2248166,SelectionStart
143.0445,24,2,3,0,0.8081175,0.8787882,0.30152,351.9081,113.3118,93.30582,0.8565618,0.8709899,0.3548952,-0.07201809,0.7009748,0.2248166,SelectionEnd
143.0478,24,2,3,0,0.8081175,0.8787882,0.30152,351.9081,113.3118,93.30582,0.8565618,0.8709899,0.3548952,-0.07201809,0.7009748,0.2248166,GotSelection
143.0589,24,2,3,0,0.8083044,0.879328,0.3009937,352.1869,113.2031,93.19988,0.8566471,0.8723741,0.3549925,-0.06313132,0.7052644,0.2244116,SelectionStart
143.059,24,2,3,0,0.8083044,0.879328,0.3009937,352.1869,113.2031,93.19988,0.8566471,0.8723741,0.3549925,-0.06313132,0.7052644,0.2244116,SelectionEnd
143.0623,24,2,3,0,0.8083044,0.879328,0.3009937,352.1869,113.2031,93.19988,0.8566471,0.8723741,0.3549925,-0.06313132,0.7052644,0.2244116,GotSelection
143.0826,24,2,3,0,0.8096663,0.8801585,0.2991405,353.1244,112.6545,92.92072,0.8571105,0.8756579,0.3551674,-0.03623069,0.7166868,0.219391,Nothing
143.0935,24,2,3,0,0.8105404,0.8807252,0.2980774,353.6739,112.3532,92.74062,0.8573152,0.8777113,0.3549039,-0.02051839,0.7194598,0.2161182,Nothing
143.1111,24,2,3,0,0.8118563,0.8815032,0.2966568,354.414,112.0418,92.46239,0.8575421,0.8807685,0.3547335,0.003267662,0.7246268,0.2079371,Nothing
143.125,24,2,3,0,0.8124236,0.8824239,0.2956974,354.9396,111.7911,92.20353,0.8590267,0.8831236,0.354643,0.01612548,0.7348013,0.2180067,Nothing
143.1324,24,2,3,0,0.8129087,0.8825896,0.295261,355.1361,111.647,92.08909,0.8596016,0.8843713,0.3545991,0.02642117,0.7379146,0.2202002,Nothing
143.1403,24,2,3,0,0.8131027,0.8829337,0.2950457,355.3049,111.5142,92.00585,0.8605725,0.8860494,0.3543848,0.03889392,0.7398845,0.2303662,Nothing
143.1485,24,2,3,0,0.813215,0.8832532,0.2949772,355.4479,111.3733,91.94133,0.8613656,0.8872534,0.3542478,0.04699337,0.7409418,0.2395648,Nothing
143.1573,24,2,3,0,0.8134097,0.8836539,0.2947923,355.6301,111.2258,91.85403,0.8623221,0.888557,0.3539833,0.05513205,0.7421573,0.2496164,Nothing
143.1664,24,2,3,0,0.8136837,0.8840225,0.294699,355.8163,111.1151,91.78857,0.8631484,0.8898314,0.3536612,0.06373818,0.7412995,0.2577023,Nothing
143.1741,24,2,3,0,0.8141616,0.884728,0.2944089,356.1667,110.9421,91.66162,0.8643402,0.8917416,0.353108,0.07523923,0.7403831,0.2682521,Nothing
143.1833,24,2,3,0,0.8149425,0.8852143,0.2940763,356.5262,110.8579,91.5656,0.8651202,0.8930677,0.3526525,0.08409347,0.7386675,0.2699546,Nothing
143.1909,24,2,3,0,0.8156158,0.8857603,0.2937493,356.8616,110.7583,91.44547,0.8659364,0.8944103,0.352183,0.09202798,0.7372968,0.2731811,Nothing
143.1986,24,2,3,0,0.8158649,0.8864951,0.2934307,357.1726,110.6282,91.32198,0.8671889,0.8957785,0.3515735,0.09777007,0.7375412,0.285387,Nothing
143.2069,24,2,3,0,0.8166851,0.8872307,0.2928431,357.602,110.5087,91.11961,0.868116,0.8971288,0.3511063,0.1034956,0.7386645,0.2871661,Nothing
143.2152,24,2,3,0,0.8176155,0.8877789,0.2923183,357.9739,110.4276,90.9371,0.8690896,0.8984919,0.3505907,0.1112572,0.7386646,0.2883046,Nothing
143.2239,24,2,3,0,0.8184758,0.8885995,0.2914752,358.4386,110.3095,90.66375,0.8701369,0.899805,0.3501526,0.1150834,0.7430509,0.2895068,Nothing
143.2322,24,2,3,0,0.8197914,0.8895578,0.2905802,359.0401,110.149,90.35732,0.8717694,0.9018034,0.3495269,0.1246982,0.7464591,0.2927237,Nothing
143.2409,24,2,3,0,0.82086,0.8903359,0.2897202,359.5544,110.0197,90.09049,0.8730076,0.9030719,0.3492236,0.1288438,0.75229,0.29304,Nothing
143.2488,24,2,3,0,0.8221626,0.8910944,0.2888756,0.1323504,109.8754,89.8382,0.8742079,0.9043262,0.3488455,0.1335261,0.7562547,0.291021,Nothing
143.2571,24,2,3,0,0.8235372,0.8919286,0.2881034,0.7347692,109.6992,89.60033,0.8756906,0.9055367,0.3484043,0.1372866,0.7595029,0.2917522,Nothing
143.2662,24,2,3,0,0.8253948,0.8926388,0.287174,1.503439,109.4444,89.33682,0.8769677,0.9067996,0.3479321,0.1432173,0.7613488,0.2859003,Nothing
143.2744,24,2,3,0,0.8270891,0.8933252,0.286234,2.213616,109.2081,89.06032,0.8782167,0.9081188,0.3474205,0.1493994,0.7636237,0.2811484,Nothing
143.2819,24,2,3,0,0.8288776,0.8939766,0.2853035,2.961924,108.9604,88.77593,0.879456,0.909435,0.3469187,0.1558369,0.7656419,0.2752323,Nothing
143.2911,24,2,3,0,0.8314121,0.8948911,0.2839725,4.018725,108.6035,88.35532,0.8814507,0.9115121,0.3461315,0.1668767,0.7689633,0.2689361,Nothing
143.299,24,2,3,0,0.8336168,0.8952492,0.2828906,4.830705,108.311,88.02999,0.8827502,0.9129184,0.3456204,0.1763414,0.7715554,0.2586553,Nothing
143.3074,24,2,3,0,0.8355199,0.895782,0.282092,5.62619,108.047,87.73099,0.8841588,0.9145501,0.3451687,0.1867771,0.7735664,0.252358,Nothing
143.3153,24,2,3,0,0.8373427,0.896168,0.2811693,6.379248,107.8018,87.41374,0.8855202,0.9162078,0.3446392,0.1983414,0.7765131,0.2456184,Nothing
143.3243,24,2,3,0,0.8390908,0.8965942,0.2804296,7.110693,107.5849,87.11364,0.8869936,0.9178098,0.344269,0.2090726,0.7800088,0.2402357,Nothing
143.3328,24,2,3,0,0.8409926,0.8970799,0.2796929,7.877918,107.3445,86.81307,0.8885167,0.9194034,0.3439199,0.2190395,0.7833669,0.2337136,Nothing
143.3407,24,2,3,0,0.8428282,0.8974013,0.2790696,8.623402,107.138,86.54183,0.8899954,0.9209988,0.3436599,0.2308073,0.7868338,0.2265546,Nothing
143.3486,24,2,3,0,0.8445815,0.8976909,0.2785635,9.340003,106.9273,86.28558,0.8915328,0.9224833,0.3433817,0.2420645,0.7894192,0.2211345,Nothing
143.3571,24,2,3,0,0.8470765,0.8982282,0.2778959,10.36484,106.5658,85.88228,0.8938681,0.9247023,0.3428959,0.257759,0.7922548,0.2155069,Nothing
143.3657,24,2,3,0,0.8483576,0.8983699,0.2779917,10.94335,106.3402,85.72552,0.8953552,0.9260235,0.342675,0.2709201,0.7905202,0.2158961,Nothing
143.3741,24,2,3,0,0.8498647,0.8984023,0.2774779,11.61177,106.0977,85.49023,0.8968364,0.9273044,0.342424,0.2829443,0.7941694,0.2116821,Nothing
143.3822,24,2,3,0,0.8512399,0.8984179,0.277633,12.2088,105.8849,85.35399,0.8982146,0.9284014,0.3422154,0.2951764,0.7913789,0.2095622,Nothing
143.3904,24,2,3,0,0.8526834,0.8983234,0.2778679,12.83266,105.6792,85.24356,0.8996581,0.9296124,0.3419492,0.3102505,0.7873729,0.2067135,Nothing
143.3995,24,2,3,0,0.8546635,0.8978188,0.277833,13.53011,105.4865,85.11355,0.9010872,0.9306155,0.3416522,0.3257706,0.7844964,0.1964476,Nothing
143.407,24,2,3,0,0.8566891,0.8973179,0.2781935,14.31664,105.31,85.06861,0.9025314,0.9317423,0.34139,0.3441457,0.7777914,0.1852807,Nothing
143.4168,24,2,3,0,0.8594685,0.8968419,0.2785248,15.5069,104.9574,84.9286,0.9047177,0.9333417,0.3410077,0.3673909,0.7704831,0.1716623,Nothing
143.424,24,2,3,0,0.8616288,0.8961713,0.2787941,16.37653,104.6745,84.83559,0.9062743,0.9344401,0.3408249,0.3862708,0.7654469,0.1588481,Nothing
143.4327,24,2,3,0,0.8635356,0.8955425,0.2790369,17.20737,104.3495,84.69639,0.9079463,0.9355751,0.3406465,0.4052036,0.7619271,0.1496702,Nothing
143.4406,24,2,3,0,0.8653139,0.8948471,0.2791893,18.02436,104,84.52644,0.9096528,0.9367274,0.3404996,0.4246885,0.7603075,0.1412706,Nothing
143.4489,24,2,3,0,0.8668821,0.8942102,0.2794283,18.80351,103.6585,84.36603,0.9113778,0.9379035,0.3403563,0.4445142,0.758495,0.1349398,Nothing
143.4576,24,2,3,0,0.8685424,0.8934835,0.2798988,19.54988,103.3505,84.26202,0.9131334,0.9391177,0.3401845,0.466273,0.7538429,0.1274863,Nothing
143.4655,24,2,3,0,0.8697577,0.8927745,0.2805346,20.22181,103.0364,84.18866,0.9149873,0.9403332,0.3400346,0.4900251,0.7489165,0.1256337,Nothing
143.4742,24,2,3,0,0.8709979,0.8920602,0.2812042,20.8867,102.7215,84.10295,0.9165909,0.9415969,0.3398688,0.5133206,0.7428949,0.1205925,Nothing
143.4831,24,2,3,0,0.8726168,0.8910247,0.2822694,21.81785,102.2628,83.98495,0.9193645,0.9434133,0.3395203,0.5494238,0.7336477,0.1188468,Nothing
143.491,24,2,3,0,0.8737622,0.8902036,0.2830831,22.36927,101.9365,83.92651,0.9212112,0.9446433,0.3392317,0.5752145,0.7254852,0.1170368,Nothing
143.4999,24,2,3,0,0.8744817,0.8894054,0.2842457,22.87554,101.6208,83.91003,0.9231015,0.9458544,0.3389163,0.6034108,0.7142701,0.1202578,Nothing
143.5083,24,2,3,0,0.8744401,0.8890502,0.2854461,23.34068,101.2903,83.90083,0.9248428,0.9472402,0.3386777,0.6314669,0.7043025,0.1301649,Nothing
143.5158,24,2,3,0,0.8750126,0.888362,0.2866596,23.82332,100.9322,83.89529,0.9268514,0.948541,0.3381422,0.6614786,0.6902419,0.1359126,Nothing
143.5247,24,2,3,0,0.875559,0.8876128,0.28778,24.34435,100.5785,83.86511,0.928764,0.9497866,0.3377343,0.6907348,0.6783155,0.1394165,Nothing
143.5324,24,2,3,0,0.8758858,0.8865618,0.2885867,24.95716,100.3103,83.87006,0.9306375,0.9509204,0.3372109,0.7223795,0.6689836,0.1407056,Nothing
143.5413,24,2,3,0,0.8769466,0.8852427,0.2899685,25.8427,99.77953,83.75725,0.9334639,0.9527584,0.3365475,0.7658927,0.6533832,0.1384936,Nothing
143.5488,24,2,3,0,0.8777751,0.8842668,0.2906849,26.49127,99.4211,83.62677,0.9353341,0.9540136,0.3360516,0.7947661,0.6449113,0.1332666,Nothing
143.5586,24,2,3,0,0.8785446,0.883323,0.2912936,27.1663,99.07702,83.47199,0.9372008,0.9552287,0.3354096,0.8229952,0.6365266,0.1276221,Nothing
143.5659,24,2,3,0,0.8803476,0.8825301,0.2922151,27.93172,98.7272,83.23961,0.9389211,0.9564672,0.3348153,0.8446212,0.6240031,0.1102472,Nothing
143.5743,24,2,3,0,0.8815077,0.8816457,0.2928571,28.60766,98.35865,83.0343,0.9407029,0.9576709,0.3341796,0.8695026,0.6148642,0.09937881,Nothing
143.5832,24,2,3,0,0.883164,0.8801157,0.2932166,29.54556,97.8674,82.70811,0.9424502,0.9588339,0.3335361,0.8962836,0.608937,0.07623747,Nothing
143.5912,24,2,3,0,0.8847343,0.8788613,0.2935273,30.34463,97.44618,82.40768,0.9442241,0.9598835,0.332815,0.9195307,0.6028568,0.05693181,Nothing
143.5992,24,2,3,0,0.8875817,0.8761306,0.2940765,31.88539,96.6433,81.85709,0.9468492,0.9615211,0.3318251,0.9588908,0.5942817,0.01196965,Nothing
143.608,24,2,3,0,0.8896962,0.8740795,0.2943959,32.97766,96.12222,81.46851,0.948382,0.9624171,0.3312237,0.9816186,0.5895717,-0.02477358,Nothing
143.6163,24,2,3,0,0.8919349,0.8715426,0.2945012,34.124,95.58289,81.02374,0.9498854,0.9631681,0.3306475,1.00426,0.5884224,-0.06698897,Nothing
143.6241,24,2,3,0,0.8941547,0.8692359,0.2948341,35.27723,95.05392,80.60619,0.9513577,0.9639555,0.3300911,1.024588,0.5847725,-0.1093866,Nothing
143.6338,24,2,3,0,0.8960976,0.8672225,0.2951101,36.32846,94.55214,80.18246,0.9529776,0.9646453,0.3295759,1.042745,0.5828973,-0.1452579,Nothing
143.6415,24,2,3,0,0.8978474,0.8650905,0.2956583,37.34512,94.06094,79.79724,0.9544463,0.9652601,0.3292,1.061266,0.5793661,-0.1812848,Nothing
143.6524,24,2,3,0,0.90008,0.8618537,0.2963954,38.80624,93.2982,79.17562,0.9564286,0.9662637,0.3286884,1.088908,0.5767344,-0.2350746,Nothing
143.6667,24,2,3,0,0.902684,0.8578357,0.2979434,40.60631,92.1668,78.34048,0.9589526,0.9670672,0.3281835,1.120095,0.5680763,-0.2986463,Nothing
143.6742,24,2,3,0,0.903913,0.8557034,0.2986342,41.48059,91.60364,77.89906,0.960191,0.9675457,0.327777,1.136458,0.5640357,-0.3320272,Nothing
143.6827,24,2,3,0,0.9050335,0.8536742,0.2994215,42.33913,91.01303,77.43481,0.9613602,0.9675464,0.3276991,1.147521,0.5616954,-0.3615132,Nothing
143.6906,24,2,3,0,0.9069768,0.8509562,0.3001207,43.30072,90.42971,76.94218,0.9622119,0.9673292,0.3278301,1.151899,0.5616828,-0.405688,Nothing
143.6992,24,2,3,0,0.9083476,0.8486409,0.3008258,44.22647,89.82819,76.41994,0.9628326,0.9672629,0.3279946,1.155682,0.5625923,-0.4451781,Nothing
143.7079,24,2,3,0,0.9098845,0.8464691,0.3016666,45.14153,89.13718,75.86079,0.9635993,0.966922,0.3282272,1.155787,0.5620463,-0.481703,Nothing
143.7155,24,2,3,0,0.9110893,0.844206,0.3026271,46.01866,88.43096,75.30859,0.9645574,0.9664149,0.3284886,1.158932,0.5610645,-0.5134597,Nothing
143.7244,24,2,3,0,0.91189,0.8422837,0.303974,46.77036,87.60961,74.76646,0.9652297,0.9658376,0.3288642,1.161967,0.555852,-0.538763,Nothing
143.7326,24,2,3,0,0.913597,0.8393564,0.3060156,47.90588,86.38455,73.9419,0.9655218,0.9652368,0.3295859,1.15795,0.548273,-0.5883818,Nothing
143.741,24,2,3,0,0.9141306,0.8376342,0.3075135,48.55892,85.51781,73.38017,0.9660708,0.964268,0.3302085,1.157609,0.543205,-0.6068476,Nothing
143.75,24,2,3,0,0.9147016,0.8358267,0.3089791,49.20681,84.63252,72.79622,0.9667186,0.9632903,0.3308135,1.157813,0.5386835,-0.6256757,Nothing
143.7577,24,2,3,0,0.9150605,0.8342838,0.3104163,49.78807,83.77161,72.21535,0.9673949,0.962477,0.3313606,1.159614,0.5342068,-0.6410921,Nothing
143.7655,24,2,3,0,0.9152875,0.8328687,0.3117485,50.31914,82.93129,71.62324,0.9681405,0.9613556,0.3322062,1.15948,0.5335169,-0.6507466,Nothing
143.7746,24,2,3,0,0.9155927,0.8313441,0.3128858,50.84786,82.05924,70.97154,0.9692799,0.9603199,0.3328543,1.162567,0.5343356,-0.6600945,Nothing
143.7821,24,2,3,0,0.9156914,0.8302022,0.3139228,51.29211,81.19763,70.31149,0.9701435,0.9593424,0.3335581,1.163525,0.5363017,-0.6656122,Nothing
143.791,24,2,3,0,0.9163002,0.8282475,0.3155296,52.04086,79.8133,69.26955,0.9714104,0.9577781,0.3346873,1.160847,0.5387158,-0.680264,Nothing
143.799,24,2,3,0,0.9165203,0.8270113,0.3165688,52.50621,78.89709,68.56123,0.9723113,0.9568151,0.3353612,1.161305,0.5403772,-0.6882493,Nothing
143.808,24,2,3,0,0.9169561,0.8254927,0.3178101,53.02135,77.94759,67.83531,0.9732223,0.9559166,0.3359369,1.162087,0.5392611,-0.7020372,Nothing
143.8167,24,2,3,0,0.9174233,0.8241786,0.3185438,53.49807,77.0235,67.05609,0.9740557,0.9548998,0.3365334,1.158653,0.5438049,-0.7125805,Nothing
143.8245,24,2,3,0,0.917819,0.8227786,0.3192837,53.99371,76.08896,66.24545,0.9749637,0.9538537,0.3372007,1.156027,0.5494911,-0.7232372,Nothing
143.8329,24,2,3,0,0.9186007,0.8212367,0.3199092,54.50399,75.07028,65.33923,0.9755996,0.9528561,0.3377546,1.148099,0.5558318,-0.7397392,Nothing
143.841,24,2,3,0,0.9191004,0.8197711,0.3204636,54.99761,74.00765,64.37697,0.976406,0.9515753,0.3385127,1.141108,0.5649686,-0.7499724,Nothing
143.8491,24,2,3,0,0.9189658,0.8190776,0.3208221,55.4058,72.86678,63.34896,0.9772058,0.9503449,0.3392669,1.135926,0.5754507,-0.7485555,Nothing
143.8577,24,2,3,0,0.9195312,0.8170912,0.3215612,56.05939,71.17229,61.8028,0.9783822,0.9483216,0.3404008,1.125229,0.5898326,-0.7587737,Nothing
143.8663,24,2,3,0,0.9199511,0.815726,0.322185,56.45707,70.00268,60.74544,0.9790971,0.9467187,0.3413662,1.116202,0.5994745,-0.763536,Nothing
143.8741,24,2,3,0,0.9203805,0.8146,0.3226408,56.8244,68.76627,59.62528,0.9797697,0.9454311,0.3422233,1.10697,0.6102961,-0.7685315,Nothing
143.8829,24,2,3,0,0.9205751,0.8137262,0.3231189,57.11977,67.50876,58.52476,0.98056,0.9439122,0.3431641,1.099519,0.6201866,-0.7659591,Nothing
143.8911,24,2,3,0,0.9209231,0.8128213,0.3236148,57.36909,66.21686,57.41245,0.9814499,0.9422634,0.3441575,1.091719,0.6299134,-0.7618563,Nothing
143.8997,24,2,3,0,0.9208722,0.8122417,0.3241303,57.54336,64.96198,56.33549,0.9823224,0.9408321,0.3450265,1.088226,0.6380684,-0.7537068,Nothing
143.9075,24,2,3,0,0.9205012,0.811794,0.3246231,57.6949,63.70141,55.24665,0.983071,0.9394637,0.3458383,1.086503,0.6457753,-0.7437869,Nothing
143.9156,24,2,3,0,0.920444,0.8108004,0.3253967,57.94226,61.77592,53.56834,0.9843564,0.9373177,0.3471296,1.081536,0.6578495,-0.7333116,Nothing
143.9247,24,2,3,0,0.9202847,0.8103824,0.3257431,58.02727,60.52611,52.4741,0.9851767,0.9358501,0.3479782,1.078486,0.6666154,-0.7215468,Nothing
143.933,24,2,3,0,0.9202603,0.8099239,0.3258934,58.17342,59.23948,51.31067,0.9858353,0.9342985,0.3488868,1.070976,0.6775826,-0.7116534,Nothing
143.9413,24,2,3,0,0.920378,0.8090624,0.3262426,58.3404,57.87251,50.07646,0.9864128,0.9326291,0.349772,1.062636,0.6871573,-0.7065579,Nothing
143.9487,24,2,3,0,0.920655,0.8079545,0.3267006,58.48919,56.45572,48.79335,0.986874,0.9309451,0.3506008,1.052985,0.6959661,-0.7050089,Nothing
143.9578,24,2,3,0,0.9208605,0.8068931,0.3270065,58.64537,54.99291,47.44795,0.9872265,0.929096,0.3514897,1.041196,0.7062823,-0.7015165,Nothing
143.966,24,2,3,0,0.9212117,0.8056235,0.3273371,58.80486,53.44481,46.00503,0.9876033,0.927263,0.3523738,1.028523,0.7175064,-0.7009147,Nothing
143.9743,24,2,3,0,0.9217706,0.8038684,0.3276689,58.96952,51.09612,43.79808,0.9879763,0.9239731,0.3535995,1.004993,0.7326445,-0.6933523,Nothing
143.9835,24,2,3,0,0.9220524,0.8027301,0.327815,59.00061,49.42416,42.20961,0.9877692,0.9216598,0.3544833,0.9849405,0.7443647,-0.6866031,Nothing
143.9991,24,2,3,0,0.9222129,0.8011594,0.3283295,58.89329,46.39138,39.4078,0.9868293,0.9167861,0.3562515,0.9450619,0.7589048,-0.6618887,Nothing
144.0074,24,2,3,0,0.922415,0.8006297,0.3286298,58.79135,45.01729,38.14981,0.9861488,0.9141006,0.3571255,0.921819,0.7623473,-0.6453086,Nothing
144.0157,24,2,3,0,0.9224255,0.7999299,0.3289437,58.69926,43.63805,36.89029,0.9848694,0.9115346,0.3579438,0.8958349,0.765651,-0.6332215,Nothing
144.0242,24,2,3,0,0.9222909,0.7995779,0.3294815,58.57946,42.47356,35.9113,0.9839168,0.9088259,0.3586661,0.8759428,0.7617216,-0.6153045,Nothing
144.0327,24,2,3,0,0.9224896,0.799234,0.3297656,58.44333,41.32074,34.93104,0.9831045,0.9062112,0.3593327,0.8542593,0.7598791,-0.5977396,Nothing
144.041,24,2,3,0,0.9222646,0.7987992,0.3305242,58.21346,39.64077,33.53086,0.9816481,0.9024097,0.3601941,0.8263962,0.752122,-0.5721143,Nothing
144.0498,24,2,3,0,0.9216371,0.7987331,0.3309553,58.01255,38.65912,32.70359,0.9808429,0.8998654,0.3606452,0.8142608,0.745406,-0.5499135,Nothing
144.0578,24,2,3,0,0.921402,0.7985622,0.331319,57.82401,37.66361,31.86543,0.9800588,0.8975979,0.3611428,0.7994766,0.7409921,-0.5322032,Nothing
144.0666,24,2,3,0,0.9214843,0.7977375,0.3317463,57.69959,36.49773,30.84019,0.9793582,0.8954671,0.3616409,0.7832944,0.7399043,-0.5240807,Nothing
144.0742,24,2,3,0,0.9214569,0.7971069,0.3321285,57.5494,35.3274,29.80418,0.9787922,0.8934245,0.3620773,0.7692685,0.7383185,-0.5139482,Nothing
144.0824,24,2,3,0,0.9218133,0.7957305,0.3324103,57.44459,33.80795,28.36444,0.9782782,0.8916367,0.3624699,0.7515405,0.7436735,-0.5150915,Nothing
144.0916,24,2,3,0,0.9217867,0.7945596,0.3329725,57.16465,31.85224,26.57571,0.9773806,0.8891569,0.3630871,0.7305667,0.746024,-0.5070893,Nothing
144.114,24,2,3,0,0.9225758,0.7917327,0.3332177,56.53741,28.20286,23.06826,0.9762722,0.8859918,0.3638122,0.6907519,0.7662977,-0.5078076,Nothing
144.1272,24,2,3,0,0.9230705,0.7905641,0.333234,55.83327,25.64545,20.71926,0.9756511,0.8840986,0.3641693,0.6653834,0.7783269,-0.4993693,Nothing
144.1413,24,2,3,0,0.9228575,0.7900078,0.3337157,55.30074,24.02895,19.36788,0.9754687,0.8832426,0.364271,0.6595137,0.7806935,-0.4955126,Nothing
144.1487,24,2,3,0,0.9227395,0.7896057,0.3341817,54.98064,23.07711,18.60129,0.975342,0.8826311,0.3642911,0.6562872,0.7796891,-0.4943429,Nothing
144.1571,24,2,3,0,0.9223633,0.7898433,0.3345636,54.69902,22.45352,18.18268,0.9752533,0.8819412,0.3643081,0.656992,0.7736378,-0.4856583,Nothing
144.1659,24,2,3,0,0.9221038,0.7895213,0.3351669,54.23291,21.23594,17.22252,0.9753969,0.8812646,0.3641081,0.6573014,0.770059,-0.4834724,Nothing
144.174,24,2,3,0,0.9215049,0.7900403,0.3353833,53.9548,20.79543,16.96921,0.9754564,0.8808857,0.3637466,0.6630009,0.76173,-0.4752033,Nothing
144.1821,24,2,3,0,0.9210241,0.7905956,0.3356886,53.68962,20.42379,16.79187,0.9754874,0.8805157,0.3635295,0.6676446,0.7531859,-0.4667892,Nothing
144.191,24,2,3,0,0.9204779,0.7910187,0.3361218,53.42698,20.07918,16.63229,0.9754633,0.8802937,0.3631761,0.6732121,0.7439659,-0.462226,Nothing
144.1993,24,2,3,0,0.9199622,0.791593,0.3364587,53.19348,19.78353,16.5252,0.9754265,0.8799726,0.3629407,0.6779451,0.7345796,-0.4548604,Nothing
144.2074,24,2,3,0,0.9197448,0.7916983,0.3367922,52.94592,19.32896,16.24715,0.97537,0.8795903,0.3627231,0.6788889,0.7285826,-0.4519954,Nothing
144.2153,24,2,3,0,0.9193935,0.7917904,0.3371797,52.71059,18.84254,15.92598,0.9751235,0.8792924,0.3625151,0.6790406,0.7229496,-0.4507598,Nothing
144.2235,24,2,3,0,0.9191113,0.7917926,0.337662,52.46615,18.3237,15.58289,0.9749717,0.8790761,0.3622207,0.6797897,0.7169106,-0.4520739,Nothing
144.2324,24,2,3,0,0.9184546,0.7919782,0.3382362,52.07682,17.53944,15.03396,0.9749067,0.8785581,0.3618106,0.6835993,0.7075716,-0.4491465,Nothing
144.2406,24,2,3,0,0.9183624,0.7914678,0.3385208,51.8448,16.87839,14.45746,0.9745998,0.8783811,0.3615405,0.6791816,0.7083485,-0.455485,Nothing
144.2489,24,2,3,0,0.9182232,0.7912677,0.3387132,51.62845,16.34899,14.01016,0.9742614,0.8783307,0.3611656,0.6754432,0.7073668,-0.4600202,Nothing
144.2569,24,2,3,0,0.9182929,0.7905778,0.3386713,51.49816,15.85018,13.4534,0.9748937,0.878276,0.3606247,0.6782701,0.7107078,-0.4678624,Nothing
144.2659,24,2,3,0,0.9183687,0.7904224,0.3384285,51.33917,15.41931,12.98525,0.9746024,0.8782663,0.3602079,0.6714739,0.7135749,-0.4706852,Nothing
144.2736,24,2,3,0,0.9183586,0.7899524,0.3383957,51.18837,14.98549,12.52571,0.9742797,0.8781158,0.3599112,0.6655971,0.7165976,-0.4754939,Nothing
144.2827,24,2,3,0,0.9183147,0.7895786,0.3384112,51.05512,14.59583,12.12638,0.9739196,0.8780044,0.3597025,0.6600183,0.7191027,-0.4796337,Nothing
144.2909,24,2,3,0,0.9182473,0.7892268,0.3386668,50.89669,14.08385,11.64557,0.9733928,0.8778726,0.3593207,0.6528214,0.7182358,-0.4865364,Nothing
144.2986,24,2,3,0,0.9181277,0.7890409,0.3388659,50.8474,13.82145,11.41331,0.9728881,0.8778438,0.3591411,0.6478115,0.7172533,-0.4914547,Nothing
144.3074,24,2,3,0,0.9179903,0.7889368,0.3390684,50.82099,13.62385,11.24537,0.9722776,0.8777576,0.3587192,0.6424069,0.713016,-0.4969182,Nothing
144.3152,24,2,3,0,0.9179154,0.7891211,0.3391246,50.83305,13.59877,11.21556,0.9715207,0.8778032,0.3585157,0.6352921,0.7101721,-0.4987892,Nothing
144.3237,24,2,3,0,0.9177661,0.7891198,0.3392359,50.79609,13.44944,11.08398,0.9706416,0.8778365,0.3583695,0.6272487,0.7090555,-0.5020424,Nothing
144.332,24,2,3,0,0.9176784,0.7890817,0.339119,50.84977,13.47154,11.0708,0.9696685,0.8778817,0.358362,0.6179798,0.7103891,-0.5039933,SelectionStart
144.3321,24,2,3,0,0.9176784,0.7890817,0.339119,50.84977,13.47154,11.0708,0.9696685,0.8778817,0.358362,0.6179798,0.7103891,-0.5039933,SelectionEnd
144.3354,24,2,3,0,0.9176784,0.7890817,0.339119,50.84977,13.47154,11.0708,0.9696685,0.8778817,0.358362,0.6179798,0.7103891,-0.5039933,GotSelection
144.3466,24,2,3,0,0.9172955,0.7897272,0.3392633,51.05926,13.78998,11.38855,0.9677512,0.877919,0.3581882,0.6042527,0.701253,-0.5048339,SelectionStart
144.3466,24,2,3,0,0.9172955,0.7897272,0.3392633,51.05926,13.78998,11.38855,0.9677512,0.877919,0.3581882,0.6042527,0.701253,-0.5048339,SelectionEnd
144.3499,24,2,3,0,0.9172955,0.7897272,0.3392633,51.05926,13.78998,11.38855,0.9677512,0.877919,0.3581882,0.6042527,0.701253,-0.5048339,GotSelection
144.3596,24,2,3,0,0.9169424,0.7904387,0.3390607,51.27411,14.24864,11.77609,0.9657593,0.8777134,0.3583373,0.5887014,0.6958386,-0.4986886,SelectionStart
144.3597,24,2,3,0,0.9169424,0.7904387,0.3390607,51.27411,14.24864,11.77609,0.9657593,0.8777134,0.3583373,0.5887014,0.6958386,-0.4986886,SelectionEnd
144.363,24,2,3,0,0.9169424,0.7904387,0.3390607,51.27411,14.24864,11.77609,0.9657593,0.8777134,0.3583373,0.5887014,0.6958386,-0.4986886,GotSelection
144.3748,24,2,3,0,0.9170895,0.7909382,0.3388978,51.49913,14.70914,12.1652,0.9638531,0.8776565,0.3583325,0.569528,0.6911258,-0.4975623,SelectionStart
144.3749,24,2,3,0,0.9170895,0.7909382,0.3388978,51.49913,14.70914,12.1652,0.9638531,0.8776565,0.3583325,0.569528,0.6911258,-0.4975623,SelectionEnd
144.3783,24,2,3,0,0.9170895,0.7909382,0.3388978,51.49913,14.70914,12.1652,0.9638531,0.8776565,0.3583325,0.569528,0.6911258,-0.4975623,GotSelection
144.4225,24,2,3,0,0.9168131,0.794061,0.33818,51.82284,16.30413,13.70509,0.9506476,0.8768784,0.3599244,0.4427879,0.6802309,-0.4726766,SelectionStart
144.4225,24,2,3,0,0.9168131,0.794061,0.33818,51.82284,16.30413,13.70509,0.9506476,0.8768784,0.3599244,0.4427879,0.6802309,-0.4726766,SelectionEnd
144.4259,24,2,3,0,0.9168131,0.794061,0.33818,51.82284,16.30413,13.70509,0.9506476,0.8768784,0.3599244,0.4427879,0.6802309,-0.4726766,GotSelection
144.4364,24,2,3,0,0.9164857,0.7949582,0.337837,51.8806,16.65285,14.01555,0.945826,0.8755549,0.3608348,0.3950977,0.6763404,-0.4551667,SelectionStart
144.4365,24,2,3,0,0.9164857,0.7949582,0.337837,51.8806,16.65285,14.01555,0.945826,0.8755549,0.3608348,0.3950977,0.6763404,-0.4551667,SelectionEnd
144.4399,24,2,3,0,0.9164857,0.7949582,0.337837,51.8806,16.65285,14.01555,0.945826,0.8755549,0.3608348,0.3950977,0.6763404,-0.4551667,GotSelection
144.4499,24,2,3,0,0.9165377,0.7955303,0.3374993,51.92048,16.89531,14.23126,0.9421119,0.8741419,0.3613597,0.3547515,0.6710372,-0.4408709,SelectionStart
144.4499,24,2,3,0,0.9165377,0.7955303,0.3374993,51.92048,16.89531,14.23126,0.9421119,0.8741419,0.3613597,0.3547515,0.6710372,-0.4408709,SelectionEnd
144.4532,24,2,3,0,0.9165377,0.7955303,0.3374993,51.92048,16.89531,14.23126,0.9421119,0.8741419,0.3613597,0.3547515,0.6710372,-0.4408709,GotSelection
144.4624,24,2,3,0,0.9165494,0.7964925,0.3370301,51.95109,17.21627,14.51873,0.9376274,0.8726053,0.3617314,0.3067001,0.6625217,-0.4238925,SelectionStart
144.4624,24,2,3,0,0.9165494,0.7964925,0.3370301,51.95109,17.21627,14.51873,0.9376274,0.8726053,0.3617314,0.3067001,0.6625217,-0.4238925,SelectionEnd
144.4659,24,2,3,0,0.9165494,0.7964925,0.3370301,51.95109,17.21627,14.51873,0.9376274,0.8726053,0.3617314,0.3067001,0.6625217,-0.4238925,GotSelection
144.4752,24,2,3,0,0.9166361,0.7972622,0.3369065,51.9174,17.49559,14.84066,0.9320408,0.8700758,0.3624476,0.2461458,0.6496007,-0.4022774,SelectionStart
144.4752,24,2,3,0,0.9166361,0.7972622,0.3369065,51.9174,17.49559,14.84066,0.9320408,0.8700758,0.3624476,0.2461458,0.6496007,-0.4022774,SelectionEnd
144.4787,24,2,3,0,0.9166361,0.7972622,0.3369065,51.9174,17.49559,14.84066,0.9320408,0.8700758,0.3624476,0.2461458,0.6496007,-0.4022774,GotSelection
144.4906,24,2,3,0,0.9164008,0.7981182,0.3368722,51.8787,17.76983,15.16449,0.9268455,0.8674922,0.3630858,0.1925569,0.6345692,-0.3794967,SelectionStart
144.4906,24,2,3,0,0.9164008,0.7981182,0.3368722,51.8787,17.76983,15.16449,0.9268455,0.8674922,0.3630858,0.1925569,0.6345692,-0.3794967,SelectionEnd
144.494,24,2,3,0,0.9164008,0.7981182,0.3368722,51.8787,17.76983,15.16449,0.9268455,0.8674922,0.3630858,0.1925569,0.6345692,-0.3794967,GotSelection
144.5051,24,2,3,0,0.916492,0.7983796,0.3366793,51.85716,17.88327,15.28881,0.9238339,0.8656364,0.3634638,0.1582628,0.6268443,-0.3648162,SelectionStart
144.5051,24,2,3,0,0.916492,0.7983796,0.3366793,51.85716,17.88327,15.28881,0.9238339,0.8656364,0.3634638,0.1582628,0.6268443,-0.3648162,SelectionEnd
144.5089,24,2,3,0,0.916492,0.7983796,0.3366793,51.85716,17.88327,15.28881,0.9238339,0.8656364,0.3634638,0.1582628,0.6268443,-0.3648162,GotSelection
144.5196,24,2,3,0,0.9167914,0.7986621,0.3364766,51.87317,17.95312,15.34437,0.9200406,0.8635871,0.3637919,0.1131,0.6176055,-0.3510594,SelectionStart
144.5197,24,2,3,0,0.9167914,0.7986621,0.3364766,51.87317,17.95312,15.34437,0.9200406,0.8635871,0.3637919,0.1131,0.6176055,-0.3510594,SelectionEnd
144.5231,24,2,3,0,0.9167914,0.7986621,0.3364766,51.87317,17.95312,15.34437,0.9200406,0.8635871,0.3637919,0.1131,0.6176055,-0.3510594,GotSelection
144.5326,24,2,3,0,0.9168478,0.7985178,0.3364511,51.92125,17.96566,15.32395,0.9184269,0.8625912,0.3641185,0.09424397,0.6153812,-0.3458858,SelectionStart
144.5327,24,2,3,0,0.9168478,0.7985178,0.3364511,51.92125,17.96566,15.32395,0.9184269,0.8625912,0.3641185,0.09424397,0.6153812,-0.3458858,SelectionEnd
144.536,24,2,3,0,0.9168478,0.7985178,0.3364511,51.92125,17.96566,15.32395,0.9184269,0.8625912,0.3641185,0.09424397,0.6153812,-0.3458858,GotSelection
144.5461,24,2,3,0,0.9170055,0.7984284,0.3363775,51.98737,18.02066,15.3326,0.9166484,0.8619167,0.3645068,0.07313057,0.6155672,-0.3429427,SelectionStart
144.5462,24,2,3,0,0.9170055,0.7984284,0.3363775,51.98737,18.02066,15.3326,0.9166484,0.8619167,0.3645068,0.07313057,0.6155672,-0.3429427,SelectionEnd
144.5495,24,2,3,0,0.9170055,0.7984284,0.3363775,51.98737,18.02066,15.3326,0.9166484,0.8619167,0.3645068,0.07313057,0.6155672,-0.3429427,GotSelection
144.5593,24,2,3,0,0.9169582,0.798215,0.3364212,52.00576,17.98482,15.28313,0.9164227,0.8623162,0.3648088,0.07170948,0.6213844,-0.3468338,SelectionStart
144.5593,24,2,3,0,0.9169582,0.798215,0.3364212,52.00576,17.98482,15.28313,0.9164227,0.8623162,0.3648088,0.07170948,0.6213844,-0.3468338,SelectionEnd
144.5627,24,2,3,0,0.9169582,0.798215,0.3364212,52.00576,17.98482,15.28313,0.9164227,0.8623162,0.3648088,0.07170948,0.6213844,-0.3468338,GotSelection
144.6039,24,2,3,0,0.9162288,0.7977846,0.3373856,51.97322,17.67318,15.25283,0.9222192,0.8693303,0.3659121,0.1505385,0.6665575,-0.3927112,SelectionStart
144.6039,24,2,3,0,0.9162288,0.7977846,0.3373856,51.97322,17.67318,15.25283,0.9222192,0.8693303,0.3659121,0.1505385,0.6665575,-0.3927112,SelectionEnd
144.6073,24,2,3,0,0.9162288,0.7977846,0.3373856,51.97322,17.67318,15.25283,0.9222192,0.8693303,0.3659121,0.1505385,0.6665575,-0.3927112,GotSelection
144.6164,24,2,3,0,0.9159862,0.7976606,0.337427,52.01661,17.69464,15.30629,0.926065,0.8718332,0.3661629,0.196088,0.6829248,-0.4053035,SelectionStart
144.6164,24,2,3,0,0.9159862,0.7976606,0.337427,52.01661,17.69464,15.30629,0.926065,0.8718332,0.3661629,0.196088,0.6829248,-0.4053035,SelectionEnd
144.6198,24,2,3,0,0.9159862,0.7976606,0.337427,52.01661,17.69464,15.30629,0.926065,0.8718332,0.3661629,0.196088,0.6829248,-0.4053035,GotSelection
144.6288,24,2,3,0,0.9157753,0.7975526,0.3375477,52.0367,17.69043,15.33016,0.9289765,0.8742279,0.3662629,0.231814,0.697014,-0.4198523,SelectionStart
144.6288,24,2,3,0,0.9157753,0.7975526,0.3375477,52.0367,17.69043,15.33016,0.9289765,0.8742279,0.3662629,0.231814,0.697014,-0.4198523,SelectionEnd
144.6322,24,2,3,0,0.9157753,0.7975526,0.3375477,52.0367,17.69043,15.33016,0.9289765,0.8742279,0.3662629,0.231814,0.697014,-0.4198523,GotSelection
144.6413,24,2,3,0,0.9155295,0.7975131,0.3376014,52.0773,17.75837,15.41448,0.932122,0.8762955,0.366536,0.2696809,0.7103271,-0.4295056,SelectionStart
144.6413,24,2,3,0,0.9155295,0.7975131,0.3376014,52.0773,17.75837,15.41448,0.932122,0.8762955,0.366536,0.2696809,0.7103271,-0.4295056,SelectionEnd
144.6448,24,2,3,0,0.9155295,0.7975131,0.3376014,52.0773,17.75837,15.41448,0.932122,0.8762955,0.366536,0.2696809,0.7103271,-0.4295056,GotSelection
144.6545,24,2,3,0,0.9154633,0.7971929,0.3378212,52.14959,17.75462,15.44745,0.9359894,0.8791543,0.3665321,0.3148918,0.7261142,-0.4498953,SelectionStart
144.6545,24,2,3,0,0.9154633,0.7971929,0.3378212,52.14959,17.75462,15.44745,0.9359894,0.8791543,0.3665321,0.3148918,0.7261142,-0.4498953,SelectionEnd
144.658,24,2,3,0,0.9154633,0.7971929,0.3378212,52.14959,17.75462,15.44745,0.9359894,0.8791543,0.3665321,0.3148918,0.7261142,-0.4498953,GotSelection
144.6703,24,2,3,0,0.9152704,0.7971931,0.3379717,52.21414,17.84334,15.54483,0.9407111,0.8830198,0.3658506,0.3720177,0.7406983,-0.477376,SelectionStart
144.6703,24,2,3,0,0.9152704,0.7971931,0.3379717,52.21414,17.84334,15.54483,0.9407111,0.8830198,0.3658506,0.3720177,0.7406983,-0.477376,SelectionEnd
144.6739,24,2,3,0,0.9152704,0.7971931,0.3379717,52.21414,17.84334,15.54483,0.9407111,0.8830198,0.3658506,0.3720177,0.7406983,-0.477376,GotSelection
144.6834,24,2,3,0,0.9152195,0.7970247,0.3378999,52.25336,17.92221,15.5845,0.9456216,0.885815,0.3647677,0.427667,0.7488466,-0.4981781,SelectionStart
144.6834,24,2,3,0,0.9152195,0.7970247,0.3378999,52.25336,17.92221,15.5845,0.9456216,0.885815,0.3647677,0.427667,0.7488466,-0.4981781,SelectionEnd
144.6867,24,2,3,0,0.9152195,0.7970247,0.3378999,52.25336,17.92221,15.5845,0.9456216,0.885815,0.3647677,0.427667,0.7488466,-0.4981781,GotSelection
144.6998,24,2,3,0,0.9155746,0.7965265,0.3379976,52.36011,17.91434,15.57724,0.9507327,0.8891864,0.3636831,0.4826176,0.7604287,-0.5289083,SelectionStart
144.6999,24,2,3,0,0.9155746,0.7965265,0.3379976,52.36011,17.91434,15.57724,0.9507327,0.8891864,0.3636831,0.4826176,0.7604287,-0.5289083,SelectionEnd
144.7033,24,2,3,0,0.9155746,0.7965265,0.3379976,52.36011,17.91434,15.57724,0.9507327,0.8891864,0.3636831,0.4826176,0.7604287,-0.5289083,GotSelection
144.7138,24,2,3,0,0.9156578,0.7961859,0.3381703,52.46291,17.92728,15.61329,0.9554189,0.8920718,0.3622476,0.5358183,0.7643221,-0.5572191,SelectionStart
144.7139,24,2,3,0,0.9156578,0.7961859,0.3381703,52.46291,17.92728,15.61329,0.9554189,0.8920718,0.3622476,0.5358183,0.7643221,-0.5572191,SelectionEnd
144.7171,24,2,3,0,0.9156578,0.7961859,0.3381703,52.46291,17.92728,15.61329,0.9554189,0.8920718,0.3622476,0.5358183,0.7643221,-0.5572191,GotSelection
144.7278,24,2,3,0,0.9154615,0.7962888,0.3382776,52.51253,17.99098,15.72037,0.9585686,0.8940403,0.3612936,0.5744665,0.7648602,-0.5727249,SelectionStart
144.7278,24,2,3,0,0.9154615,0.7962888,0.3382776,52.51253,17.99098,15.72037,0.9585686,0.8940403,0.3612936,0.5744665,0.7648602,-0.5727249,SelectionEnd
144.7314,24,2,3,0,0.9154615,0.7962888,0.3382776,52.51253,17.99098,15.72037,0.9585686,0.8940403,0.3612936,0.5744665,0.7648602,-0.5727249,GotSelection
144.7415,24,2,3,0,0.9152625,0.7966676,0.3382795,52.52675,18.22209,15.99603,0.9623441,0.896021,0.3600343,0.6207398,0.7615974,-0.5847901,SelectionStart
144.7415,24,2,3,0,0.9152625,0.7966676,0.3382795,52.52675,18.22209,15.99603,0.9623441,0.896021,0.3600343,0.6207398,0.7615974,-0.5847901,SelectionEnd
144.7449,24,2,3,0,0.9152625,0.7966676,0.3382795,52.52675,18.22209,15.99603,0.9623441,0.896021,0.3600343,0.6207398,0.7615974,-0.5847901,GotSelection
144.7565,24,2,3,0,0.9151405,0.7974746,0.3380383,52.52867,18.63739,16.45071,0.9652001,0.8976894,0.3590606,0.6568722,0.7577993,-0.5884957,SelectionStart
144.7565,24,2,3,0,0.9151405,0.7974746,0.3380383,52.52867,18.63739,16.45071,0.9652001,0.8976894,0.3590606,0.6568722,0.7577993,-0.5884957,SelectionEnd
144.7598,24,2,3,0,0.9151405,0.7974746,0.3380383,52.52867,18.63739,16.45071,0.9652001,0.8976894,0.3590606,0.6568722,0.7577993,-0.5884957,GotSelection
144.7997,24,2,3,0,0.9156484,0.7984833,0.3377749,52.89606,19.77735,17.54423,0.9678085,0.9005178,0.3581262,0.6900185,0.754477,-0.6037135,SelectionStart
144.7997,24,2,3,0,0.9156484,0.7984833,0.3377749,52.89606,19.77735,17.54423,0.9678085,0.9005178,0.3581262,0.6900185,0.754477,-0.6037135,SelectionEnd
144.8035,24,2,3,0,0.9156484,0.7984833,0.3377749,52.89606,19.77735,17.54423,0.9678085,0.9005178,0.3581262,0.6900185,0.754477,-0.6037135,GotSelection
144.8144,24,2,3,0,0.9163531,0.7984067,0.3374771,53.13686,20.20472,17.84246,0.967123,0.9012613,0.3583483,0.6784075,0.7612289,-0.612332,SelectionStart
144.8145,24,2,3,0,0.9163531,0.7984067,0.3374771,53.13686,20.20472,17.84246,0.967123,0.9012613,0.3583483,0.6784075,0.7612289,-0.612332,SelectionEnd
144.8177,24,2,3,0,0.9163531,0.7984067,0.3374771,53.13686,20.20472,17.84246,0.967123,0.9012613,0.3583483,0.6784075,0.7612289,-0.612332,GotSelection
144.8274,24,2,3,0,0.9166923,0.7986724,0.3372157,53.31015,20.6074,18.16027,0.9658067,0.9020798,0.3581903,0.6646625,0.7631936,-0.620906,SelectionStart
144.8274,24,2,3,0,0.9166923,0.7986724,0.3372157,53.31015,20.6074,18.16027,0.9658067,0.9020798,0.3581903,0.6646625,0.7631936,-0.620906,SelectionEnd
144.8307,24,2,3,0,0.9166923,0.7986724,0.3372157,53.31015,20.6074,18.16027,0.9658067,0.9020798,0.3581903,0.6646625,0.7631936,-0.620906,GotSelection
144.8411,24,2,3,0,0.9170056,0.7991312,0.3367795,53.52168,21.26816,18.68803,0.9634683,0.9033404,0.3579398,0.6429037,0.7664753,-0.633022,SelectionStart
144.8411,24,2,3,0,0.9170056,0.7991312,0.3367795,53.52168,21.26816,18.68803,0.9634683,0.9033404,0.3579398,0.6429037,0.7664753,-0.633022,SelectionEnd
144.8444,24,2,3,0,0.9170056,0.7991312,0.3367795,53.52168,21.26816,18.68803,0.9634683,0.9033404,0.3579398,0.6429037,0.7664753,-0.633022,GotSelection
144.8544,24,2,3,0,0.9175499,0.7999228,0.3362321,53.80025,22.19608,19.47865,0.9603989,0.9049416,0.3575983,0.6136913,0.7682195,-0.6478404,SelectionStart
144.8544,24,2,3,0,0.9175499,0.7999228,0.3362321,53.80025,22.19608,19.47865,0.9603989,0.9049416,0.3575983,0.6136913,0.7682195,-0.6478404,SelectionEnd
144.8577,24,2,3,0,0.9175499,0.7999228,0.3362321,53.80025,22.19608,19.47865,0.9603989,0.9049416,0.3575983,0.6136913,0.7682195,-0.6478404,GotSelection
144.8679,24,2,3,0,0.9175671,0.801259,0.3358415,54.0526,23.18222,20.41552,0.9587473,0.9058026,0.3569598,0.6034825,0.7573842,-0.6500747,SelectionStart
144.868,24,2,3,0,0.9175671,0.801259,0.3358415,54.0526,23.18222,20.41552,0.9587473,0.9058026,0.3569598,0.6034825,0.7573842,-0.6500747,SelectionEnd
144.8712,24,2,3,0,0.9175671,0.801259,0.3358415,54.0526,23.18222,20.41552,0.9587473,0.9058026,0.3569598,0.6034825,0.7573842,-0.6500747,GotSelection
144.9001,24,2,3,0,0.9171232,0.8051903,0.3350971,54.60986,26.26222,23.41,0.9569876,0.9079885,0.3546723,0.6112036,0.716182,-0.6470202,Nothing
144.9076,24,2,3,0,0.9171356,0.8058048,0.335072,54.76565,26.96949,24.0795,0.956776,0.9085773,0.3541308,0.6142224,0.7071665,-0.6506048,Nothing
144.916,24,2,3,0,0.9171841,0.8067104,0.3348586,55.04175,28.00802,25.03083,0.956906,0.9094402,0.3531468,0.6219739,0.6934326,-0.6555192,Nothing
144.9242,24,2,3,0,0.9172447,0.8070344,0.3347994,55.26487,28.7194,25.6679,0.9571565,0.9098039,0.3526565,0.6282247,0.6849386,-0.6590896,Nothing
144.933,24,2,3,0,0.9173757,0.8074157,0.3346727,55.51399,29.4516,26.30252,0.9575562,0.9101809,0.3520219,0.6349111,0.6753615,-0.6627728,Nothing
144.9406,24,2,3,0,0.9174976,0.8079655,0.3344077,55.7493,30.21641,26.97114,0.9580448,0.9105265,0.3512689,0.6422719,0.6648393,-0.6640392,Nothing
144.9489,24,2,3,0,0.9176604,0.8086397,0.3342884,55.92406,31.00169,27.66797,0.9593111,0.9110413,0.3504516,0.6576839,0.652949,-0.6634943,Nothing
144.9572,24,2,3,0,0.9176859,0.8092653,0.334124,56.08968,31.81037,28.39304,0.9600693,0.9113524,0.3499492,0.6687601,0.6434432,-0.6606413,Nothing
144.9655,24,2,3,0,0.9176159,0.8100913,0.3340364,56.23818,32.61684,29.13194,0.9605225,0.911612,0.3495783,0.677151,0.6332116,-0.6556919,Nothing
144.9747,24,2,3,0,0.9175585,0.8108042,0.3339437,56.39193,33.47702,29.92224,0.9611663,0.9118118,0.3489478,0.6879422,0.6206528,-0.6517161,Nothing
144.9819,24,2,3,0,0.9175534,0.8118109,0.3337488,56.64017,34.74387,31.07653,0.962035,0.912153,0.3482194,0.7016781,0.6048605,-0.646089,Nothing
144.9906,24,2,3,0,0.917556,0.8123753,0.3337032,56.83243,35.66967,31.91178,0.9626966,0.9122225,0.3476353,0.7117254,0.5919574,-0.6425837,Nothing
145.0003,24,2,3,0,0.9175225,0.8129168,0.3337356,57.04003,36.61426,32.77218,0.9632713,0.9123101,0.3471873,0.7212479,0.5794781,-0.6394215,Nothing
145.0079,24,2,3,0,0.9175147,0.8134087,0.3339526,57.27328,37.5402,33.64624,0.9636919,0.9122005,0.3467089,0.7287449,0.5638614,-0.636897,Nothing
145.0154,24,2,3,0,0.9174162,0.8139586,0.3341755,57.476,38.50597,34.56973,0.9642865,0.9121571,0.3463532,0.7389852,0.549288,-0.6323597,Nothing
145.0238,24,2,3,0,0.9172724,0.814541,0.3345408,57.6724,39.52068,35.56239,0.9652385,0.9120492,0.3457784,0.7536007,0.5304775,-0.6267672,Nothing
145.0322,24,2,3,0,0.9165692,0.8155085,0.3351308,57.84899,40.72724,36.78093,0.9659586,0.9120761,0.3452464,0.7721049,0.5075427,-0.6175287,Nothing
145.0408,24,2,3,0,0.9162371,0.8164203,0.3356441,58.10867,42.39898,38.41458,0.967116,0.9120962,0.3444045,0.7929875,0.4800665,-0.6089619,Nothing
145.0497,24,2,3,0,0.9158876,0.8170779,0.3361393,58.30601,43.6671,39.66961,0.9681123,0.9121964,0.343669,0.8112776,0.4575947,-0.603201,Nothing
145.0572,24,2,3,0,0.9155657,0.8176156,0.3366983,58.52773,44.96821,40.94825,0.9690306,0.9122482,0.3428752,0.8285543,0.4340144,-0.5988827,Nothing
145.0671,24,2,3,0,0.9156075,0.8176805,0.33747,58.79811,46.15029,42.11697,0.9696745,0.9124977,0.3421098,0.8411938,0.4115331,-0.6043273,Nothing
145.0738,24,2,3,0,0.9157033,0.817288,0.3380105,59.15121,47.1434,43.03754,0.9705834,0.9124781,0.3412929,0.8540657,0.392657,-0.6115927,Nothing
145.0821,24,2,3,0,0.9157203,0.8171635,0.3385398,59.42692,48.19094,44.02942,0.9714251,0.9124564,0.3405533,0.8667295,0.373542,-0.6145976,Nothing
145.0911,24,2,3,0,0.9156969,0.816788,0.3390798,59.7452,49.04876,44.79574,0.9723128,0.9123992,0.3397973,0.8794018,0.3562562,-0.620343,Nothing
145.1,24,2,3,0,0.9159817,0.8160795,0.3394435,60.09733,49.83619,45.47343,0.97313,0.9123006,0.3390836,0.8884342,0.3424856,-0.6300166,Nothing
145.1095,24,2,3,0,0.9163308,0.8150089,0.3400014,60.62627,51.0527,46.50108,0.9745777,0.9121481,0.3378569,0.9048776,0.3202626,-0.6436585,Nothing
145.1246,24,2,3,0,0.9169643,0.8140608,0.3402297,61.31279,52.687,47.88344,0.9764973,0.9118937,0.3359661,0.9226669,0.29123,-0.6563483,Nothing
145.1328,24,2,3,0,0.9170798,0.8136684,0.3406294,61.61412,53.70542,48.80906,0.9776145,0.9117391,0.3348695,0.9363733,0.2707524,-0.6601121,Nothing
145.1405,24,2,3,0,0.9170921,0.8133913,0.3412117,61.88952,54.80834,49.86927,0.9786667,0.9115525,0.3339575,0.950523,0.2486853,-0.6615134,Nothing
145.1495,24,2,3,0,0.9172174,0.8131254,0.3419027,62.1261,55.75581,50.82716,0.9795568,0.9113022,0.3330926,0.9616341,0.2260588,-0.6632339,Nothing
145.1576,24,2,3,0,0.9170935,0.8130143,0.3427181,62.30138,56.65616,51.7994,0.9804528,0.9109566,0.3326599,0.974187,0.2054337,-0.6599143,Nothing
145.1659,24,2,3,0,0.9171694,0.8126088,0.3440292,62.56133,58.08136,53.31187,0.9819033,0.9103701,0.3316042,0.9926717,0.1699995,-0.6577314,Nothing
145.1747,24,2,3,0,0.9167082,0.8129454,0.3450448,62.59806,59.12276,54.4885,0.9825549,0.9098702,0.3312831,1.005265,0.1458007,-0.6456835,Nothing
145.1822,24,2,3,0,0.9162966,0.8128897,0.3460333,62.715,60.13234,55.58387,0.9831379,0.9093266,0.3310594,1.01664,0.1243021,-0.6381691,Nothing
145.1908,24,2,3,0,0.9158723,0.8131168,0.3469844,62.74335,61.12204,56.69254,0.9836215,0.9086415,0.3307208,1.02619,0.1010241,-0.6258422,Nothing
145.1986,24,2,3,0,0.9154001,0.8133193,0.3479163,62.75785,62.04176,57.7392,0.9840932,0.9080627,0.3305661,1.035967,0.08050006,-0.613984,Nothing
145.2076,24,2,3,0,0.9148622,0.8133671,0.348783,62.77378,62.99068,58.79242,0.984529,0.9074724,0.3303581,1.046339,0.06069836,-0.6030381,Nothing
145.2156,24,2,3,0,0.9144223,0.8133582,0.3494074,62.79852,63.84242,59.69713,0.9850045,0.9067891,0.3302394,1.055022,0.04560502,-0.5917113,Nothing
145.2236,24,2,3,0,0.9139894,0.8134702,0.3499795,62.85433,64.71075,60.63169,0.9854311,0.9061779,0.3301489,1.062485,0.03074476,-0.5803771,Nothing
145.2329,24,2,3,0,0.9136537,0.8129142,0.3508618,63.02121,65.87362,61.83844,0.9859993,0.905191,0.3300725,1.071363,0.01179049,-0.5726965,Nothing
145.2416,24,2,3,0,0.9138706,0.8117106,0.3512419,63.33371,66.43209,62.34169,0.9863864,0.9045706,0.330325,1.073868,0.008013867,-0.5805519,Nothing
145.249,24,2,3,0,0.9141999,0.8105341,0.3518847,63.6178,67.04549,62.96856,0.986623,0.9038785,0.3306468,1.074036,0.0005232516,-0.5883382,Nothing
145.2575,24,2,3,0,0.9143698,0.8093613,0.3524834,63.92604,67.64877,63.58535,0.9867306,0.9031758,0.3313832,1.073592,-0.00247526,-0.5955669,Nothing
145.2657,24,2,3,0,0.9143661,0.8084564,0.3532603,64.17124,68.30289,64.26856,0.9868551,0.9025289,0.3318834,1.075121,-0.01028736,-0.5995967,Nothing
145.274,24,2,3,0,0.9144357,0.8073046,0.3541858,64.48651,68.82687,64.89417,0.9869155,0.9018762,0.3324827,1.075354,-0.01907653,-0.6081781,Nothing
145.2822,24,2,3,0,0.9144078,0.8064369,0.355022,64.72404,69.45091,65.61596,0.9870367,0.9011812,0.333113,1.076473,-0.02739303,-0.6112894,Nothing
145.2908,24,2,3,0,0.9140272,0.8057046,0.3564757,64.96056,70.4456,66.80515,0.9871857,0.9002358,0.3338805,1.080572,-0.04507283,-0.608743,Nothing
145.2996,24,2,3,0,0.9136719,0.8053969,0.357384,65.03963,71.13204,67.63947,0.9873478,0.8996584,0.3344098,1.084917,-0.05635311,-0.6036726,Nothing
145.3074,24,2,3,0,0.9131461,0.8053141,0.3584327,65.05929,71.90773,68.58015,0.9876139,0.899159,0.3346761,1.092168,-0.07245043,-0.5953324,Nothing
145.3158,24,2,3,0,0.9125112,0.8053482,0.3595656,65.03979,72.76438,69.61568,0.9879462,0.8986934,0.3348648,1.101136,-0.09085225,-0.584691,Nothing
145.3237,24,2,3,0,0.9118083,0.8055008,0.360712,64.97579,73.70538,70.72437,0.9883908,0.8982424,0.3351238,1.111628,-0.108915,-0.5710952,Nothing
145.332,24,2,3,0,0.9109812,0.805833,0.3616302,64.82539,74.87057,72.02984,0.9888363,0.8979742,0.3351151,1.124156,-0.1278418,-0.5546043,Nothing
145.3402,24,2,3,0,0.9100409,0.8063749,0.3626534,64.59734,76.29036,73.5674,0.9892696,0.8975746,0.3351718,1.136849,-0.148401,-0.5320998,Nothing
145.3488,24,2,3,0,0.9091977,0.8065726,0.3640305,64.47749,77.83716,75.27123,0.9896046,0.8973747,0.3352042,1.148829,-0.1739451,-0.5171449,Nothing
145.3572,24,2,3,0,0.9084161,0.8064685,0.3655825,64.39938,79.55368,77.203,0.9901776,0.8968624,0.3354042,1.161435,-0.2017673,-0.5013286,Nothing
145.3666,24,2,3,0,0.9079136,0.8063139,0.3663246,64.37396,80.44379,78.22445,0.9904134,0.8965855,0.3355501,1.168195,-0.2154587,-0.4939336,Nothing
145.3827,24,2,3,0,0.9074582,0.8060866,0.3671523,64.30492,82.20446,80.06841,0.9907113,0.8962501,0.3360113,1.175668,-0.230649,-0.4827074,Nothing
145.3909,24,2,3,0,0.9072564,0.8060743,0.3672451,64.24538,82.98891,80.8056,0.9909738,0.8962951,0.336109,1.181034,-0.2338143,-0.4775013,Nothing
145.3988,24,2,3,0,0.907198,0.8063436,0.3673868,64.12513,83.76437,81.5154,0.9910544,0.8960156,0.3364511,1.18116,-0.2349561,-0.4669359,Nothing
145.4074,24,2,3,0,0.9066128,0.8068057,0.3673529,63.89624,84.59298,82.24391,0.9909372,0.8961623,0.3366048,1.186263,-0.2354156,-0.4547935,Nothing
145.416,24,2,3,0,0.9055557,0.8079382,0.3676817,63.39159,85.88625,83.45223,0.9908769,0.8961062,0.336937,1.194226,-0.2406771,-0.4254349,Nothing
145.4242,24,2,3,0,0.904807,0.809449,0.3684008,62.93273,86.85027,84.46235,0.9905708,0.8956611,0.3374202,1.192361,-0.24976,-0.3935613,Nothing
145.4324,24,2,3,0,0.9041938,0.81015,0.3694626,62.64061,87.5796,85.37782,0.9904217,0.895732,0.3376761,1.194973,-0.2657105,-0.3778102,Nothing
145.4419,24,2,3,0,0.9042163,0.8100666,0.370321,62.59051,88.0981,86.03839,0.9903222,0.8957528,0.3379174,1.194113,-0.2777137,-0.3769107,Nothing
145.4576,24,2,3,0,0.9039792,0.8099952,0.3715263,62.49992,89.17838,87.34536,0.9896761,0.8958266,0.3386892,1.190304,-0.2926856,-0.375268,Nothing
145.4667,24,2,3,0,0.9038499,0.8101908,0.3717739,62.40013,89.90591,88.06172,0.9894624,0.8960193,0.339191,1.189815,-0.293765,-0.3715795,Nothing
145.4742,24,2,3,0,0.9038426,0.8103287,0.3719852,62.27417,90.87069,88.96419,0.9891471,0.8961823,0.3397934,1.187667,-0.2937318,-0.3681449,Nothing
145.4821,24,2,3,0,0.9041018,0.8102734,0.3724086,62.11209,92.4442,90.46029,0.9887253,0.8963753,0.3406202,1.183106,-0.2967032,-0.3664736,Nothing
145.4906,24,2,3,0,0.9045656,0.8097218,0.3726195,62.1168,93.78563,91.68075,0.9882642,0.8968282,0.3414212,1.179098,-0.2959211,-0.3771863,Nothing
145.499,24,2,3,0,0.9052494,0.8089315,0.3727601,62.19865,95.04243,92.8035,0.9878064,0.8971133,0.3426186,1.172849,-0.2899946,-0.391865,Nothing
145.5072,24,2,3,0,0.9063246,0.8076622,0.3726106,62.36704,96.29373,93.87642,0.9870274,0.8975487,0.3437061,1.162556,-0.2820852,-0.4178605,Nothing
145.516,24,2,3,0,0.907447,0.8062773,0.3721782,62.66296,97.44238,94.80569,0.9861147,0.897845,0.3450266,1.149377,-0.2679419,-0.4479087,Nothing
145.5242,24,2,3,0,0.9086546,0.8049626,0.3715496,63.00013,98.45131,95.58363,0.9850489,0.8980327,0.346531,1.132477,-0.2492934,-0.4789909,Nothing
145.5332,24,2,3,0,0.9100646,0.8033428,0.370723,63.4854,99.16418,96.04206,0.9834946,0.8982834,0.3482833,1.109304,-0.2247094,-0.5202618,Nothing
145.5408,24,2,3,0,0.9117798,0.8017343,0.3701366,63.96474,100.4246,97.05501,0.9818068,0.8986326,0.3503379,1.081214,-0.2037236,-0.5637937,Nothing
145.5489,24,2,3,0,0.9126132,0.8005651,0.3697756,64.25661,101.3297,97.79125,0.9795849,0.8990569,0.3521955,1.056058,-0.1865148,-0.5987932,Nothing
145.5571,24,2,3,0,0.9135163,0.7993832,0.3696492,64.57287,102.0717,98.44667,0.978025,0.8992379,0.3540328,1.034659,-0.172005,-0.6293998,Nothing
145.5661,24,2,3,0,0.9143161,0.7984822,0.3696321,64.79355,102.8127,99.11698,0.9763418,0.8994505,0.3557756,1.012759,-0.1600071,-0.655852,Nothing
145.5736,24,2,3,0,0.9150192,0.797689,0.3695792,64.97327,103.5623,99.80106,0.9745764,0.8995802,0.3576065,0.9903266,-0.146983,-0.6798972,Nothing
145.5825,24,2,3,0,0.9156816,0.7970062,0.3694255,65.12928,104.2805,100.4734,0.973066,0.8995322,0.3594775,0.9694242,-0.1323719,-0.6998184,Nothing
145.5909,24,2,3,0,0.9161621,0.7967675,0.369487,65.16318,104.8374,101.0169,0.9712248,0.8996317,0.3612773,0.9474933,-0.120396,-0.7152525,Nothing
145.5989,24,2,3,0,0.9167923,0.7962446,0.3693294,65.27374,105.497,101.6278,0.969596,0.8998378,0.3630314,0.9266331,-0.1069437,-0.7356325,Nothing
145.6075,24,2,3,0,0.9171993,0.7959048,0.3692936,65.29009,106.4101,102.4612,0.9667632,0.9003208,0.3654086,0.8976114,-0.09099858,-0.760259,Nothing
145.6166,24,2,3,0,0.9174834,0.7960173,0.3692076,65.2141,106.9429,102.9323,0.9654628,0.9006518,0.3668791,0.8834425,-0.07982103,-0.7699329,Nothing
145.6241,24,2,3,0,0.9178635,0.7961349,0.3688857,65.15378,107.4097,103.3204,0.9644778,0.9009755,0.3684182,0.8710073,-0.06468063,-0.7793027,Nothing
145.632,24,2,3,0,0.9183477,0.7958944,0.3687987,65.15266,107.921,103.7457,0.9634781,0.9012998,0.3699443,0.8581902,-0.05263262,-0.7932194,Nothing
145.6404,24,2,3,0,0.9188816,0.7956834,0.3685378,65.17591,108.4415,104.1809,0.9625061,0.9016035,0.3715152,0.8444446,-0.03844691,-0.80752,Nothing
145.6491,24,2,3,0,0.9195733,0.7955652,0.3679512,65.20432,108.9799,104.5485,0.9616901,0.9019606,0.3730511,0.8302332,-0.02025935,-0.8220606,Nothing
145.6575,24,2,3,0,0.9202512,0.7953378,0.3675728,65.23255,109.5549,104.9873,0.9608903,0.9023081,0.3746529,0.8165916,-0.00449408,-0.8373718,Nothing
145.667,24,2,3,0,0.9211311,0.7950051,0.367051,65.26549,110.42,105.6673,0.9598936,0.9027631,0.377055,0.7989281,0.01855461,-0.8583107,Nothing
145.6746,24,2,3,0,0.9218642,0.7946556,0.3665328,65.31557,111.0255,106.1202,0.9594712,0.9030234,0.3787192,0.7876525,0.03643538,-0.8736006,Nothing
145.6836,24,2,3,0,0.9225785,0.7944058,0.3661864,65.34725,111.5728,106.5387,0.959056,0.9032798,0.3802694,0.7766061,0.05149749,-0.8871615,Nothing
145.6913,24,2,3,0,0.9231446,0.7943997,0.3655778,65.35218,112.0626,106.8783,0.9590244,0.9033769,0.3820771,0.7689492,0.07339546,-0.8953671,Nothing
145.6988,24,2,3,0,0.9238201,0.7944616,0.365021,65.37654,112.3303,106.9975,0.9595281,0.9033734,0.3838332,0.764634,0.09663258,-0.9000481,Nothing
145.707,24,2,3,0,0.9243751,0.7945229,0.3643928,65.3927,112.6243,107.1383,0.9598922,0.9033266,0.3856422,0.7598448,0.1209504,-0.904652,Nothing
145.7156,24,2,3,0,0.9249203,0.7946994,0.3637346,65.41574,112.7929,107.1624,0.9603062,0.9032363,0.3873836,0.7550099,0.1459883,-0.9073293,Nothing
145.724,24,2,3,0,0.9254571,0.7950121,0.3630778,65.41654,112.8805,107.1108,0.9606566,0.9030398,0.3892492,0.7489653,0.1729043,-0.9077366,Nothing
145.733,24,2,3,0,0.9261909,0.7957587,0.3621426,65.36331,112.9852,107.021,0.9611507,0.9027285,0.3919959,0.7398447,0.2123849,-0.9046547,Nothing
145.75,24,2,3,0,0.9266689,0.7969641,0.361265,65.19542,112.9213,106.7801,0.9617391,0.9017876,0.395919,0.7304962,0.2653707,-0.890255,Nothing
145.767,24,2,3,0,0.9270924,0.7981446,0.3602617,65.01796,112.7694,106.4698,0.9621571,0.900355,0.4000613,0.7178326,0.3225583,-0.8722394,Nothing
145.7823,24,2,3,0,0.9273233,0.7995643,0.3594734,64.81792,112.519,106.0869,0.9623679,0.8982301,0.4045511,0.7011992,0.3824153,-0.8453281,Nothing
145.7913,24,2,3,0,0.9276065,0.8003991,0.3588961,64.75066,112.4287,105.9149,0.9624721,0.8965433,0.4079428,0.6863205,0.4263745,-0.8283255,Nothing
145.7994,24,2,3,0,0.9280218,0.8006006,0.3586139,64.78908,112.4159,105.8616,0.9626862,0.8950855,0.4103166,0.6745487,0.455438,-0.8185269,Nothing
145.8081,24,2,3,0,0.9283415,0.8006761,0.3584034,64.85072,112.417,105.8344,0.9629273,0.8937651,0.4125023,0.6649721,0.4815885,-0.810481,Nothing
145.8153,24,2,3,0,0.9287972,0.8006144,0.3580635,64.95453,112.4548,105.8348,0.9631833,0.8924056,0.4146466,0.6539199,0.5083356,-0.8044817,Nothing
145.8243,24,2,3,0,0.9291458,0.8007382,0.3577525,64.99975,112.4683,105.7998,0.9634706,0.8910242,0.4167305,0.6440584,0.5346794,-0.7952078,Nothing
145.8321,24,2,3,0,0.9294536,0.8007619,0.3574289,65.06596,112.4612,105.7385,0.9638796,0.8895506,0.4187542,0.635431,0.5610266,-0.7853222,Nothing
145.8409,24,2,3,0,0.9298514,0.8009437,0.3571024,65.0972,112.3982,105.6317,0.9641656,0.8880212,0.4207057,0.6245689,0.5867198,-0.7735817,Nothing
145.849,24,2,3,0,0.9301068,0.8011286,0.3568074,65.11994,112.3399,105.524,0.9644303,0.8863934,0.4226221,0.6144797,0.6120023,-0.7602376,Nothing
145.8582,24,2,3,0,0.9305327,0.8016005,0.3562482,65.14167,112.2376,105.3243,0.9648771,0.8838447,0.4254803,0.5978931,0.6515152,-0.7373371,Nothing
145.8739,24,2,3,0,0.9310305,0.802305,0.3554318,65.09548,112.1277,105.0603,0.9650804,0.8802979,0.4288811,0.5725451,0.7002605,-0.705034,Nothing
145.8824,24,2,3,0,0.9311098,0.8025447,0.3550196,65.05334,112.1319,104.97,0.9650086,0.8785802,0.4302666,0.5606866,0.7210248,-0.6901972,Nothing
145.8908,24,2,3,0,0.9312862,0.8027559,0.3546408,65.03807,112.1368,104.8965,0.9650413,0.8769133,0.4317688,0.5489653,0.74244,-0.6763871,Nothing
145.8996,24,2,3,0,0.9313611,0.8029022,0.3542578,65.02704,112.1546,104.8509,0.9652032,0.8753889,0.4328551,0.5407243,0.75962,-0.6630236,Nothing
145.9068,24,2,3,0,0.9315177,0.8028921,0.3539287,65.04568,112.2102,104.8473,0.9652123,0.873987,0.4339614,0.5311966,0.7756208,-0.6535356,Nothing
145.9167,24,2,3,0,0.9318638,0.8028005,0.3534076,65.08832,112.3613,104.8867,0.9653696,0.871898,0.4355718,0.5170873,0.7992215,-0.6405075,Nothing
145.9328,24,2,3,0,0.9322065,0.8026022,0.3527395,65.1172,112.6617,105.0489,0.9656082,0.8698035,0.4369517,0.5039989,0.8213956,-0.6289037,Nothing
145.9408,24,2,3,0,0.9323317,0.8024594,0.3525229,65.11725,112.8197,105.1628,0.965902,0.8690426,0.4374472,0.5016736,0.829042,-0.6247754,Nothing
145.9491,24,2,3,0,0.9323878,0.8023018,0.3524159,65.12198,112.9221,105.2459,0.9661322,0.868439,0.4377896,0.5006713,0.8339674,-0.6214324,Nothing
145.9573,24,2,3,0,0.9325398,0.8022344,0.3523962,65.11553,112.9736,105.2918,0.9665192,0.8680103,0.4380222,0.5010948,0.8370404,-0.617906,Nothing
145.9656,24,2,3,0,0.9324887,0.8021849,0.3524257,65.08621,113.0011,105.3277,0.9667676,0.8676442,0.4381967,0.5028448,0.8390286,-0.6140906,Nothing
145.9738,24,2,3,0,0.9324994,0.8021631,0.352397,65.05579,112.9986,105.3278,0.967401,0.8673077,0.4382518,0.5075764,0.8411222,-0.6086979,Nothing
145.9828,24,2,3,0,0.9321712,0.8022013,0.352459,65.01426,113.0205,105.3477,0.9677579,0.8667694,0.4384768,0.5117639,0.8442922,-0.6008844,Nothing
145.9908,24,2,3,0,0.9320711,0.8021597,0.352469,64.99503,112.9975,105.3202,0.967908,0.8665049,0.438592,0.5131713,0.8461031,-0.5977554,Nothing
146.0001,24,2,3,0,0.9320019,0.8020183,0.352416,64.98375,113.0038,105.3183,0.9684698,0.8662577,0.4386697,0.5184385,0.8485491,-0.5944821,Nothing
146.008,24,2,3,0,0.9317081,0.8019058,0.3525745,64.97742,113.0688,105.3848,0.9686839,0.8660414,0.4387395,0.5228994,0.8482304,-0.5917836,Nothing
146.0155,24,2,3,0,0.9316684,0.8017555,0.3525811,64.96399,113.126,105.4419,0.9690425,0.8659715,0.4385548,0.5272584,0.8465341,-0.5909602,Nothing
146.0246,24,2,3,0,0.9315997,0.8015523,0.3526627,64.95582,113.2126,105.5387,0.9693726,0.8658075,0.438567,0.5314328,0.8458772,-0.5901937,Nothing
146.0324,24,2,3,0,0.931574,0.8013536,0.3528202,64.95306,113.256,105.6027,0.9697772,0.8658116,0.4384063,0.536921,0.8427231,-0.5901104,Nothing
146.0411,24,2,3,0,0.9314513,0.8010775,0.3529914,64.93879,113.3216,105.6881,0.970359,0.8658291,0.4382062,0.5454831,0.839227,-0.5897834,Nothing
146.0492,24,2,3,0,0.9313754,0.8008575,0.3531331,64.93525,113.3512,105.7335,0.9706155,0.8658034,0.438192,0.5497953,0.8376572,-0.5901836,Nothing
146.0572,24,2,3,0,0.9314231,0.8008133,0.3532259,64.92583,113.3376,105.718,0.9710286,0.8657084,0.4381532,0.5531601,0.8370431,-0.5878935,Nothing
146.0652,24,2,3,0,0.9312819,0.800683,0.3532657,64.91891,113.347,105.7069,0.9713099,0.865582,0.438319,0.556735,0.8391048,-0.5864977,Nothing
146.0738,24,2,3,0,0.9313311,0.8005088,0.3532063,64.92571,113.3426,105.6696,0.9716206,0.8653949,0.4384529,0.5583631,0.8418323,-0.5856762,Nothing
146.0836,24,2,3,0,0.9315395,0.8003047,0.3530068,64.94095,113.364,105.6523,0.9718093,0.8652472,0.4386516,0.5573002,0.84603,-0.587194,Nothing
146.1019,24,2,3,0,0.9317614,0.7998868,0.3526911,64.99921,113.3975,105.6048,0.971957,0.8649622,0.4391899,0.554531,0.8550782,-0.5907294,Nothing
146.1217,24,2,3,0,0.9319018,0.7997975,0.352513,64.96457,113.347,105.5177,0.9722721,0.8644851,0.4397298,0.553587,0.8635101,-0.5871338,Nothing
146.1325,24,2,3,0,0.9316813,0.8002765,0.3526084,64.80455,113.2564,105.4668,0.9726163,0.8644708,0.4399036,0.558818,0.8654216,-0.5789542,Nothing
146.1407,24,2,3,0,0.9316725,0.8003942,0.352608,64.71291,113.2767,105.4962,0.9728808,0.8643897,0.4400174,0.56143,0.8667988,-0.5758788,Nothing
146.149,24,2,3,0,0.9315964,0.8005601,0.3526161,64.61781,113.2926,105.521,0.9731258,0.8643316,0.4401785,0.5643572,0.8686885,-0.5723925,Nothing
146.1566,24,2,3,0,0.9316593,0.8005625,0.3525167,64.55392,113.3258,105.5493,0.9733294,0.8643727,0.4403187,0.5661319,0.8709773,-0.5724965,Nothing
146.1671,24,2,3,0,0.9317152,0.8006257,0.3522801,64.47564,113.4192,105.5929,0.9735259,0.8643408,0.4406846,0.5664439,0.8771504,-0.5723763,Nothing
146.1817,24,2,3,0,0.931879,0.8007144,0.3517842,64.39082,113.5213,105.5777,0.9735427,0.8643906,0.4412074,0.5629359,0.8875443,-0.5747134,Nothing
146.1902,24,2,3,0,0.9319584,0.800758,0.3514643,64.36672,113.5544,105.5391,0.9734684,0.8643309,0.4415233,0.5595568,0.8942324,-0.5756312,Nothing
146.1983,24,2,3,0,0.9321628,0.8008723,0.3511961,64.35893,113.5667,105.5025,0.9733095,0.8642601,0.4418195,0.5541482,0.8998766,-0.5764469,SelectionStart
146.1983,24,2,3,0,0.9321628,0.8008723,0.3511961,64.35893,113.5667,105.5025,0.9733095,0.8642601,0.4418195,0.5541482,0.8998766,-0.5764469,SelectionEnd
146.2016,24,2,3,0,0.9321628,0.8008723,0.3511961,64.35893,113.5667,105.5025,0.9733095,0.8642601,0.4418195,0.5541482,0.8998766,-0.5764469,GotSelection
146.2115,24,2,3,0,0.9320384,0.8010615,0.3509651,64.32045,113.6234,105.5105,0.9728932,0.864135,0.4422868,0.549017,0.9068069,-0.5762165,SelectionStart
146.2115,24,2,3,0,0.9320384,0.8010615,0.3509651,64.32045,113.6234,105.5105,0.9728932,0.864135,0.4422868,0.549017,0.9068069,-0.5762165,SelectionEnd
146.2148,24,2,3,0,0.9320384,0.8010615,0.3509651,64.32045,113.6234,105.5105,0.9728932,0.864135,0.4422868,0.549017,0.9068069,-0.5762165,GotSelection
146.2253,24,2,3,0,0.9323796,0.8011069,0.3507266,64.29883,113.6457,105.5007,0.9726073,0.8637025,0.44261,0.5403214,0.9120576,-0.5754247,SelectionStart
146.2253,24,2,3,0,0.9323796,0.8011069,0.3507266,64.29883,113.6457,105.5007,0.9726073,0.8637025,0.44261,0.5403214,0.9120576,-0.5754247,SelectionEnd
146.2287,24,2,3,0,0.9323796,0.8011069,0.3507266,64.29883,113.6457,105.5007,0.9726073,0.8637025,0.44261,0.5403214,0.9120576,-0.5754247,GotSelection
146.2381,24,2,3,0,0.9325076,0.8011422,0.3507428,64.29601,113.5878,105.4495,0.9714521,0.8632991,0.4433578,0.5259744,0.9179406,-0.5774294,SelectionStart
146.2381,24,2,3,0,0.9325076,0.8011422,0.3507428,64.29601,113.5878,105.4495,0.9714521,0.8632991,0.4433578,0.5259744,0.9179406,-0.5774294,SelectionEnd
146.2415,24,2,3,0,0.9325076,0.8011422,0.3507428,64.29601,113.5878,105.4495,0.9714521,0.8632991,0.4433578,0.5259744,0.9179406,-0.5774294,GotSelection
146.2891,24,2,3,0,0.9327983,0.8011568,0.3505604,64.30472,113.5808,105.4071,0.970068,0.8625582,0.4439711,0.5058332,0.9243228,-0.5786674,SelectionStart
146.2892,24,2,3,0,0.9327983,0.8011568,0.3505604,64.30472,113.5808,105.4071,0.970068,0.8625582,0.4439711,0.5058332,0.9243228,-0.5786674,SelectionEnd
146.2925,24,2,3,0,0.9327983,0.8011568,0.3505604,64.30472,113.5808,105.4071,0.970068,0.8625582,0.4439711,0.5058332,0.9243228,-0.5786674,GotSelection
146.302,24,2,3,0,0.9329584,0.8011892,0.3505212,64.24454,113.7334,105.5197,0.9678947,0.8605106,0.4454412,0.4738758,0.9372969,-0.5726492,SelectionStart
146.302,24,2,3,0,0.9329584,0.8011892,0.3505212,64.24454,113.7334,105.5197,0.9678947,0.8605106,0.4454412,0.4738758,0.9372969,-0.5726492,SelectionEnd
146.3053,24,2,3,0,0.9329584,0.8011892,0.3505212,64.24454,113.7334,105.5197,0.9678947,0.8605106,0.4454412,0.4738758,0.9372969,-0.5726492,GotSelection
146.3166,24,2,3,0,0.9329123,0.8012574,0.3504651,64.2257,113.7126,105.4771,0.9674377,0.860005,0.4454634,0.4673716,0.9382889,-0.5689569,SelectionStart
146.3166,24,2,3,0,0.9329123,0.8012574,0.3504651,64.2257,113.7126,105.4771,0.9674377,0.860005,0.4454634,0.4673716,0.9382889,-0.5689569,SelectionEnd
146.3201,24,2,3,0,0.9329123,0.8012574,0.3504651,64.2257,113.7126,105.4771,0.9674377,0.860005,0.4454634,0.4673716,0.9382889,-0.5689569,GotSelection
146.3319,24,2,3,0,0.9328992,0.8012086,0.3505027,64.24289,113.6845,105.436,0.9675652,0.860238,0.4450356,0.4699783,0.9338407,-0.569987,SelectionStart
146.3319,24,2,3,0,0.9328992,0.8012086,0.3505027,64.24289,113.6845,105.436,0.9675652,0.860238,0.4450356,0.4699783,0.9338407,-0.569987,SelectionEnd
146.3352,24,2,3,0,0.9328992,0.8012086,0.3505027,64.24289,113.6845,105.436,0.9675652,0.860238,0.4450356,0.4699783,0.9338407,-0.569987,GotSelection
146.345,24,2,3,0,0.9326079,0.8012615,0.3505878,64.25182,113.6647,105.4161,0.9680629,0.8604759,0.4445649,0.4785283,0.9295426,-0.567372,SelectionStart
146.345,24,2,3,0,0.9326079,0.8012615,0.3505878,64.25182,113.6647,105.4161,0.9680629,0.8604759,0.4445649,0.4785283,0.9295426,-0.567372,SelectionEnd
146.3484,24,2,3,0,0.9326079,0.8012615,0.3505878,64.25182,113.6647,105.4161,0.9680629,0.8604759,0.4445649,0.4785283,0.9295426,-0.567372,GotSelection
146.3585,24,2,3,0,0.9323413,0.8012872,0.3506221,64.24834,113.6446,105.4053,0.9693555,0.8616285,0.4433986,0.4991502,0.9189002,-0.5690945,SelectionStart
146.3586,24,2,3,0,0.9323413,0.8012872,0.3506221,64.24834,113.6446,105.4053,0.9693555,0.8616285,0.4433986,0.4991502,0.9189002,-0.5690945,SelectionEnd
146.362,24,2,3,0,0.9323413,0.8012872,0.3506221,64.24834,113.6446,105.4053,0.9693555,0.8616285,0.4433986,0.4991502,0.9189002,-0.5690945,GotSelection
146.3732,24,2,3,0,0.9321012,0.8012075,0.3508298,64.26527,113.6433,105.4379,0.9713552,0.8629247,0.442003,0.5277287,0.9048316,-0.5698614,SelectionStart
146.3732,24,2,3,0,0.9321012,0.8012075,0.3508298,64.26527,113.6433,105.4379,0.9713552,0.8629247,0.442003,0.5277287,0.9048316,-0.5698614,SelectionEnd
146.3767,24,2,3,0,0.9321012,0.8012075,0.3508298,64.26527,113.6433,105.4379,0.9713552,0.8629247,0.442003,0.5277287,0.9048316,-0.5698614,GotSelection
146.386,24,2,3,0,0.9318966,0.8009738,0.3511286,64.27913,113.6708,105.5301,0.9734262,0.8641737,0.4405555,0.5577441,0.8887811,-0.5714335,SelectionStart
146.386,24,2,3,0,0.9318966,0.8009738,0.3511286,64.27913,113.6708,105.5301,0.9734262,0.8641737,0.4405555,0.5577441,0.8887811,-0.5714335,SelectionEnd
146.3894,24,2,3,0,0.9318966,0.8009738,0.3511286,64.27913,113.6708,105.5301,0.9734262,0.8641737,0.4405555,0.5577441,0.8887811,-0.5714335,GotSelection
146.3997,24,2,3,0,0.9317224,0.8008943,0.3515718,64.28566,113.6479,105.5913,0.9762878,0.8658422,0.4385668,0.5969165,0.8668125,-0.5707316,SelectionStart
146.3998,24,2,3,0,0.9317224,0.8008943,0.3515718,64.28566,113.6479,105.5913,0.9762878,0.8658422,0.4385668,0.5969165,0.8668125,-0.5707316,SelectionEnd
146.4032,24,2,3,0,0.9317224,0.8008943,0.3515718,64.28566,113.6479,105.5913,0.9762878,0.8658422,0.4385668,0.5969165,0.8668125,-0.5707316,GotSelection
146.4131,24,2,3,0,0.9310919,0.8009485,0.3520254,64.26527,113.5935,105.6344,0.9798625,0.8678547,0.4358803,0.6488643,0.8392943,-0.5655591,SelectionStart
146.4131,24,2,3,0,0.9310919,0.8009485,0.3520254,64.26527,113.5935,105.6344,0.9798625,0.8678547,0.4358803,0.6488643,0.8392943,-0.5655591,SelectionEnd
146.4164,24,2,3,0,0.9310919,0.8009485,0.3520254,64.26527,113.5935,105.6344,0.9798625,0.8678547,0.4358803,0.6488643,0.8392943,-0.5655591,GotSelection
146.4266,24,2,3,0,0.9308849,0.8007854,0.3521791,64.25974,113.6043,105.6816,0.9815873,0.8693373,0.4339306,0.6764067,0.8190159,-0.5691486,SelectionStart
146.4266,24,2,3,0,0.9308849,0.8007854,0.3521791,64.25974,113.6043,105.6816,0.9815873,0.8693373,0.4339306,0.6764067,0.8190159,-0.5691486,SelectionEnd
146.43,24,2,3,0,0.9308849,0.8007854,0.3521791,64.25974,113.6043,105.6816,0.9815873,0.8693373,0.4339306,0.6764067,0.8190159,-0.5691486,GotSelection
146.4411,24,2,3,0,0.9305426,0.8005394,0.3524799,64.27824,113.6078,105.7357,0.9839817,0.8716262,0.4305913,0.7166411,0.7835304,-0.5750548,SelectionStart
146.4411,24,2,3,0,0.9305426,0.8005394,0.3524799,64.27824,113.6078,105.7357,0.9839817,0.8716262,0.4305913,0.7166411,0.7835304,-0.5750548,SelectionEnd
146.4444,24,2,3,0,0.9305426,0.8005394,0.3524799,64.27824,113.6078,105.7357,0.9839817,0.8716262,0.4305913,0.7166411,0.7835304,-0.5750548,GotSelection
146.4989,24,2,3,0,0.928543,0.8002393,0.3544521,64.30233,113.5133,106.0436,0.990375,0.8761232,0.4199449,0.8315613,0.6602333,-0.5623604,Nothing
146.5057,24,2,3,0,0.9282995,0.8001695,0.3546472,64.29794,113.5662,106.1255,0.9908472,0.8764992,0.4188475,0.8416402,0.6471593,-0.5615684,Nothing
146.5145,24,2,3,0,0.9281168,0.8001084,0.3547157,64.299,113.6041,106.1726,0.990649,0.8769606,0.4175764,0.8450572,0.6327491,-0.5643187,Nothing
146.5229,24,2,3,0,0.9276767,0.8000865,0.3547528,64.30903,113.6613,106.2141,0.9909036,0.8771579,0.4161899,0.8534548,0.6192759,-0.5614685,Nothing
146.5318,24,2,3,0,0.9275073,0.8001685,0.3548503,64.29486,113.6598,106.2116,0.9907005,0.8774269,0.4150647,0.8552018,0.6067465,-0.5609838,Nothing
146.5396,24,2,3,0,0.9272522,0.8002334,0.3549816,64.27917,113.6378,106.2021,0.9909014,0.8775287,0.4137093,0.8612328,0.5924428,-0.5565193,Nothing
146.5493,24,2,3,0,0.9272555,0.8000602,0.3551663,64.26488,113.6604,106.265,0.989679,0.8777431,0.41166,0.85418,0.5669174,-0.5610558,Nothing
146.5573,24,2,3,0,0.9271206,0.8001846,0.355439,64.24444,113.6701,106.307,0.9894691,0.87766,0.4105371,0.8543955,0.5525041,-0.5567915,Nothing
146.5648,24,2,3,0,0.9268382,0.8002737,0.3556828,64.22301,113.7023,106.3876,0.9890714,0.8774747,0.4096156,0.8538796,0.5400513,-0.5525999,Nothing
146.5727,24,2,3,0,0.9266646,0.8002515,0.3559918,64.20808,113.7332,106.4713,0.9882687,0.8771328,0.4089969,0.848174,0.5291978,-0.5505666,Nothing
146.5807,24,2,3,0,0.9264516,0.8002802,0.356247,64.19183,113.7472,106.5299,0.9873978,0.8769087,0.4080865,0.8426192,0.516058,-0.5487273,Nothing
146.5894,24,2,3,0,0.927035,0.8010483,0.3565206,64.15051,113.8361,106.7316,0.9862263,0.8764383,0.4077313,0.8230585,0.5064073,-0.5433853,Nothing
146.5977,24,2,3,0,0.9268144,0.8009182,0.3566146,64.14347,113.6868,106.5951,0.983541,0.8760574,0.4071655,0.8000385,0.4969629,-0.5490485,Nothing
146.6072,24,2,3,0,0.92624,0.8010505,0.3571422,64.13928,113.5833,106.5254,0.9816841,0.8753251,0.4064811,0.7859277,0.4840535,-0.5435816,Nothing
146.6143,24,2,3,0,0.9261019,0.801105,0.3569884,64.1442,113.4484,106.3643,0.9805149,0.874827,0.4066176,0.7735816,0.487175,-0.5425782,Nothing
146.6228,24,2,3,0,0.9257599,0.8013591,0.3570795,64.14136,113.2376,106.132,0.9777865,0.8737145,0.4063679,0.7459377,0.4832217,-0.5380633,Nothing
146.6323,24,2,3,0,0.9256151,0.8015729,0.3569854,64.15358,113.0276,105.8959,0.9751459,0.8727374,0.4066204,0.7172565,0.4858105,-0.5369993,Nothing
146.6399,24,2,3,0,0.9254992,0.8017827,0.3570389,64.17271,112.8374,105.7072,0.9725506,0.8716134,0.4069347,0.6883509,0.4872738,-0.5345843,Nothing
146.6483,24,2,3,0,0.9253027,0.8017079,0.3569261,64.25784,112.6314,105.4979,0.9697634,0.8703884,0.4072796,0.6583966,0.4905959,-0.5351549,Nothing
146.6563,24,2,3,0,0.9252362,0.8018066,0.357143,64.30421,112.4238,105.346,0.9662854,0.8689519,0.4080077,0.620032,0.4929085,-0.5352435,Nothing
146.6649,24,2,3,0,0.9253344,0.8021336,0.3570615,64.33881,112.2461,105.2059,0.9635831,0.8677376,0.4082099,0.5874238,0.4939128,-0.5324192,Nothing
146.6738,24,2,3,0,0.9253536,0.8024536,0.3572624,64.37566,111.9404,104.9429,0.9586343,0.8655488,0.4088127,0.5306354,0.4945769,-0.5291631,Nothing
146.6829,24,2,3,0,0.9251928,0.8027208,0.3574202,64.37531,111.7225,104.7521,0.9552785,0.8642201,0.4089461,0.4946471,0.4921993,-0.526526,Nothing
146.6901,24,2,3,0,0.9251943,0.8029688,0.3574732,64.38823,111.5359,104.5922,0.9520631,0.8629029,0.4089707,0.4584634,0.4896044,-0.524509,Nothing
146.6995,24,2,3,0,0.925172,0.8031912,0.3576288,64.36736,111.439,104.5253,0.9479882,0.8616564,0.4089102,0.4154531,0.4832949,-0.5267502,Nothing
146.7066,24,2,3,0,0.9252623,0.8033153,0.3577275,64.34847,111.3887,104.5023,0.9443582,0.8603986,0.4086044,0.3759953,0.475328,-0.5283788,Nothing
146.7155,24,2,3,0,0.9253942,0.8034627,0.3576698,64.3288,111.3667,104.4756,0.9404695,0.8591622,0.4082196,0.3334273,0.4677946,-0.5314987,Nothing
146.7231,24,2,3,0,0.9255487,0.8036252,0.3575164,64.32552,111.3294,104.4162,0.9365929,0.8579074,0.4077509,0.2903303,0.4605856,-0.5343948,Nothing
146.7319,24,2,3,0,0.9257522,0.8038883,0.3574335,64.31517,111.2442,104.3033,0.9309387,0.8559188,0.4069501,0.2272124,0.4477509,-0.5363196,Nothing
146.7399,24,2,3,0,0.9259397,0.8039863,0.3571608,64.30698,111.2758,104.2622,0.9269515,0.854507,0.4064049,0.1820136,0.4406274,-0.5393106,Nothing
146.749,24,2,3,0,0.9263178,0.8040176,0.3568223,64.3175,111.3568,104.2405,0.9229137,0.8530028,0.4058818,0.1340103,0.4338486,-0.5433811,Nothing
146.7572,24,2,3,0,0.9266001,0.803975,0.3565339,64.33338,111.4697,104.2753,0.919019,0.8514223,0.4053917,0.08835701,0.4269426,-0.5464815,Nothing
146.7656,24,2,3,0,0.9270039,0.8039285,0.3563005,64.36224,111.5636,104.3152,0.9149131,0.8497021,0.4048749,0.03920799,0.4188412,-0.5494405,Nothing
146.7735,24,2,3,0,0.9273057,0.8038318,0.3560529,64.38667,111.6863,104.3731,0.9110416,0.8479791,0.4042834,-0.006618175,0.4103902,-0.551378,Nothing
146.7834,24,2,3,0,0.9278509,0.803759,0.355637,64.40697,111.8186,104.4176,0.9049158,0.8451978,0.4032512,-0.07993861,0.3963808,-0.5530974,Nothing
146.7989,24,2,3,0,0.9284583,0.8036728,0.3552561,64.45952,111.9067,104.4236,0.8968502,0.8414811,0.401843,-0.1754574,0.3762074,-0.553466,Nothing
146.8072,24,2,3,0,0.9287133,0.8036519,0.355128,64.48947,111.8925,104.3938,0.8928382,0.8395115,0.4009254,-0.2227039,0.3638409,-0.5514538,Nothing
146.816,24,2,3,0,0.9288652,0.8037064,0.355078,64.50945,111.838,104.3477,0.8892718,0.8372283,0.3996649,-0.2658713,0.3487355,-0.5428753,Nothing
146.8235,24,2,3,0,0.9290698,0.8037135,0.3549519,64.52524,111.8351,104.3269,0.8853609,0.8351995,0.3984796,-0.3116997,0.3338695,-0.5390581,Nothing
146.8317,24,2,3,0,0.929199,0.8038296,0.3547548,64.53484,111.7941,104.2688,0.8802884,0.8331589,0.3972162,-0.3679643,0.3174534,-0.538502,Nothing
146.8413,24,2,3,0,0.9292032,0.8042191,0.3545257,64.52343,111.6622,104.1036,0.8745259,0.8298793,0.3951205,-0.434923,0.2938254,-0.5250766,Nothing
146.8581,24,2,3,0,0.9294288,0.8043922,0.3541113,64.61744,111.42,103.8324,0.8673003,0.8253027,0.3922062,-0.5221897,0.2627876,-0.5065035,Nothing
146.8742,24,2,3,0,0.9296148,0.8045012,0.3537075,64.77673,111.1929,103.5744,0.8612143,0.8204377,0.3893355,-0.6000131,0.2339883,-0.4803344,Nothing
146.883,24,2,3,0,0.9298984,0.8041511,0.3534926,64.94432,111.1522,103.5298,0.8582937,0.8182423,0.3879808,-0.6375778,0.2198008,-0.4725197,Nothing
146.8903,24,2,3,0,0.9301818,0.8038432,0.3532611,65.10111,111.1329,103.4887,0.8556065,0.816276,0.3866396,-0.6721783,0.2057912,-0.4655083,Nothing
146.8985,24,2,3,0,0.9304308,0.8034814,0.3530535,65.26385,111.1337,103.4733,0.8534527,0.814841,0.3855594,-0.6993284,0.1944635,-0.4617934,Nothing
146.9069,24,2,3,0,0.9305459,0.8033614,0.3528317,65.40897,111.1078,103.4271,0.851455,0.813266,0.3842557,-0.7249916,0.1818165,-0.4531668,Nothing
146.9154,24,2,3,0,0.9307464,0.8030856,0.3525854,65.55371,111.1055,103.3916,0.8496435,0.8121429,0.3832915,-0.7476041,0.1721403,-0.4502409,Nothing
146.9234,24,2,3,0,0.9310206,0.8028001,0.3521993,65.72932,111.0931,103.317,0.8470427,0.8104867,0.3819124,-0.7803676,0.1585056,-0.4448907,Nothing
146.9323,24,2,3,0,0.931233,0.8027171,0.3519473,65.82095,111.0775,103.2464,0.8459873,0.8103146,0.3815938,-0.7932774,0.1553603,-0.4476334,Nothing
146.9401,24,2,3,0,0.9312406,0.8028286,0.3517306,65.84892,111.0244,103.1422,0.8449301,0.8097889,0.3812066,-0.805902,0.1520057,-0.4452124,Nothing
146.9497,24,2,3,0,0.9315433,0.8028325,0.3515152,65.89703,110.9476,103.0424,0.8439268,0.8096049,0.3808754,-0.819066,0.1488467,-0.4477021,Nothing
146.9656,24,2,3,0,0.9315486,0.8030881,0.3513353,65.94056,110.7468,102.8216,0.842239,0.8088325,0.38039,-0.8389235,0.1442019,-0.4436835,Nothing
146.9737,24,2,3,0,0.931504,0.8032907,0.3513196,65.93999,110.5917,102.6912,0.8417068,0.8089795,0.380493,-0.8436711,0.1453125,-0.4452954,Nothing
146.9823,24,2,3,0,0.9314207,0.8034918,0.3512159,65.97063,110.4188,102.5134,0.8406771,0.8086742,0.380293,-0.8545799,0.1435962,-0.4437167,Nothing
146.9904,24,2,3,0,0.9313762,0.8035944,0.3510692,65.96936,110.3207,102.4013,0.8400959,0.8085201,0.3801693,-0.8606156,0.1431711,-0.4434983,Nothing
146.9989,24,2,3,0,0.9313558,0.8036758,0.3509809,65.9788,110.277,102.3452,0.839462,0.8083345,0.3800371,-0.8674339,0.1419021,-0.4432083,Nothing
147.0076,24,2,3,0,0.9313633,0.803719,0.3508585,65.99751,110.2217,102.2849,0.8387542,0.808126,0.3798785,-0.8751923,0.1406791,-0.4433262,Nothing
147.0165,24,2,3,0,0.9313678,0.8036842,0.3507467,66.03194,110.1657,102.2163,0.8379605,0.8079016,0.3796561,-0.8835225,0.138432,-0.4439932,Nothing
147.0324,24,2,3,0,0.9314916,0.8037027,0.3505039,66.09753,110.0696,102.0852,0.8363994,0.8073998,0.3790152,-0.9013854,0.1319427,-0.4441302,Nothing
147.0406,24,2,3,0,0.9315071,0.8036534,0.3503029,66.12465,110.0856,102.0651,0.8356237,0.8072108,0.378793,-0.909578,0.1300381,-0.4454283,Nothing
147.0491,24,2,3,0,0.9316047,0.8035575,0.3500096,66.15119,110.1656,102.08,0.8346176,0.8068429,0.3782428,-0.921035,0.1247932,-0.4463382,Nothing
147.057,24,2,3,0,0.9317186,0.8034999,0.3498077,66.15537,110.211,102.0884,0.8339194,0.8067521,0.3780276,-0.9288395,0.1227127,-0.4490609,Nothing
147.0651,24,2,3,0,0.9317248,0.803477,0.3496541,66.15453,110.2661,102.1076,0.8332232,0.8066646,0.3778327,-0.9356823,0.1205382,-0.4511033,Nothing
147.0735,24,2,3,0,0.9316493,0.8034514,0.3496713,66.11786,110.359,102.2011,0.8327078,0.8065299,0.3774607,-0.9395264,0.1158049,-0.4517777,Nothing
147.0832,24,2,3,0,0.9315836,0.8034553,0.3496507,66.09187,110.3917,102.2378,0.8322429,0.8066368,0.3775164,-0.9427178,0.1158002,-0.4548034,Nothing
147.0996,24,2,3,0,0.9314679,0.803561,0.3497137,66.03811,110.3546,102.2132,0.8318275,0.8067678,0.3776922,-0.945068,0.1166041,-0.4572763,Nothing
147.1119,24,2,3,0,0.9313501,0.8035471,0.3496818,66.011,110.3408,102.1936,0.8312755,0.8071812,0.3781223,-0.9476929,0.1200446,-0.4640705,Nothing
147.1244,24,2,3,0,0.931138,0.8035492,0.3497033,66.00505,110.2955,102.1505,0.8312733,0.8077776,0.3789613,-0.9441943,0.128175,-0.4700946,Nothing
147.1319,24,2,3,0,0.9311533,0.803546,0.3496548,66.03535,110.2725,102.1403,0.8311521,0.808094,0.3793738,-0.9448979,0.1326078,-0.4737762,Nothing
147.1402,24,2,3,0,0.931043,0.803476,0.3497111,66.04671,110.2406,102.1193,0.831315,0.8086215,0.3800523,-0.9407026,0.1390329,-0.4790026,Nothing
147.1482,24,2,3,0,0.9310257,0.8034038,0.3496895,66.0556,110.2321,102.1008,0.8314419,0.8090614,0.380714,-0.9381646,0.1455468,-0.4840531,Nothing
147.1569,24,2,3,0,0.9310156,0.8033563,0.3496005,66.06248,110.1855,102.0432,0.8314955,0.8095385,0.3813083,-0.9362964,0.1519764,-0.4895768,Nothing
147.1653,24,2,3,0,0.9310505,0.8032832,0.3495479,66.08388,110.1596,102.0079,0.8318118,0.8101134,0.3818288,-0.931909,0.1575621,-0.4949993,Nothing
147.1733,24,2,3,0,0.931035,0.8031423,0.349478,66.11708,110.1045,101.947,0.8318429,0.8108118,0.3826457,-0.9293769,0.1658965,-0.503375,Nothing
147.1835,24,2,3,0,0.9310406,0.8030524,0.3494102,66.14105,110.0709,101.9067,0.8321648,0.8111056,0.3831196,-0.9257221,0.1715217,-0.5061073,Nothing
147.1979,24,2,3,0,0.9310783,0.802978,0.349251,66.1643,110.1268,101.945,0.8318706,0.8118688,0.383907,-0.9268072,0.1794102,-0.5161598,Nothing
147.2065,24,2,3,0,0.9310945,0.8029275,0.3491523,66.16831,110.1443,101.9542,0.8316453,0.8121976,0.3840569,-0.9278815,0.1810247,-0.5209192,Nothing
147.2149,24,2,3,0,0.9311324,0.802861,0.3490743,66.16756,110.1914,101.9863,0.8314871,0.8125226,0.3844334,-0.9287187,0.1845841,-0.5259868,Nothing
147.2231,24,2,3,0,0.9311107,0.8028734,0.3489787,66.1542,110.2282,101.9986,0.8308544,0.812784,0.3846693,-0.9337593,0.1861943,-0.5313641,Nothing
147.2314,24,2,3,0,0.9312475,0.8030072,0.348877,66.1236,110.2679,101.9984,0.8305548,0.8129602,0.3849486,-0.9379609,0.1884672,-0.5344993,Nothing
147.2406,24,2,3,0,0.931353,0.8031352,0.3487062,66.08628,110.3178,102.014,0.830078,0.8132165,0.3853698,-0.9433466,0.1925903,-0.5394242,SelectionStart
147.2406,24,2,3,0,0.931353,0.8031352,0.3487062,66.08628,110.3178,102.014,0.830078,0.8132165,0.3853698,-0.9433466,0.1925903,-0.5394242,SelectionEnd
147.2441,24,2,3,0,0.931353,0.8031352,0.3487062,66.08628,110.3178,102.014,0.830078,0.8132165,0.3853698,-0.9433466,0.1925903,-0.5394242,GotSelection
147.2549,24,2,3,0,0.9313627,0.8033039,0.348569,66.01401,110.3771,102.0363,0.8297972,0.8133394,0.3855228,-0.9460607,0.1941707,-0.5417563,SelectionStart
147.2549,24,2,3,0,0.9313627,0.8033039,0.348569,66.01401,110.3771,102.0363,0.8297972,0.8133394,0.3855228,-0.9460607,0.1941707,-0.5417563,SelectionEnd
147.2583,24,2,3,0,0.9313627,0.8033039,0.348569,66.01401,110.3771,102.0363,0.8297972,0.8133394,0.3855228,-0.9460607,0.1941707,-0.5417563,GotSelection
147.2673,24,2,3,0,0.9315296,0.8033849,0.3484042,65.94255,110.4075,102.0211,0.8289707,0.8133286,0.3853536,-0.9551563,0.1915902,-0.5459684,SelectionStart
147.2673,24,2,3,0,0.9315296,0.8033849,0.3484042,65.94255,110.4075,102.0211,0.8289707,0.8133286,0.3853536,-0.9551563,0.1915902,-0.5459684,SelectionEnd
147.2706,24,2,3,0,0.9315296,0.8033849,0.3484042,65.94255,110.4075,102.0211,0.8289707,0.8133286,0.3853536,-0.9551563,0.1915902,-0.5459684,GotSelection
147.2823,24,2,3,0,0.9315686,0.8036182,0.3481539,65.91125,110.3291,101.8926,0.8292987,0.8133922,0.3854371,-0.9534001,0.194854,-0.5442797,SelectionStart
147.2823,24,2,3,0,0.9315686,0.8036182,0.3481539,65.91125,110.3291,101.8926,0.8292987,0.8133922,0.3854371,-0.9534001,0.194854,-0.5442797,SelectionEnd
147.2856,24,2,3,0,0.9315686,0.8036182,0.3481539,65.91125,110.3291,101.8926,0.8292987,0.8133922,0.3854371,-0.9534001,0.194854,-0.5442797,GotSelection
147.2959,24,2,3,0,0.9316584,0.8036329,0.3479016,65.90555,110.3236,101.8335,0.8282016,0.8128877,0.3849719,-0.9663943,0.1902816,-0.5438697,SelectionStart
147.296,24,2,3,0,0.9316584,0.8036329,0.3479016,65.90555,110.3236,101.8335,0.8282016,0.8128877,0.3849719,-0.9663943,0.1902816,-0.5438697,SelectionEnd
147.2993,24,2,3,0,0.9316584,0.8036329,0.3479016,65.90555,110.3236,101.8335,0.8282016,0.8128877,0.3849719,-0.9663943,0.1902816,-0.5438697,GotSelection
147.3088,24,2,3,0,0.931811,0.8035288,0.3476648,65.93037,110.3949,101.8456,0.8270062,0.8131313,0.3841927,-0.9772851,0.1811557,-0.5511464,SelectionStart
147.3088,24,2,3,0,0.931811,0.8035288,0.3476648,65.93037,110.3949,101.8456,0.8270062,0.8131313,0.3841927,-0.9772851,0.1811557,-0.5511464,SelectionEnd
147.3124,24,2,3,0,0.931811,0.8035288,0.3476648,65.93037,110.3949,101.8456,0.8270062,0.8131313,0.3841927,-0.9772851,0.1811557,-0.5511464,GotSelection
147.3238,24,2,3,0,0.9320556,0.8033776,0.3475509,65.93676,110.5375,101.9485,0.8260933,0.8132722,0.3831885,-0.9860073,0.1690201,-0.556941,SelectionStart
147.3238,24,2,3,0,0.9320556,0.8033776,0.3475509,65.93676,110.5375,101.9485,0.8260933,0.8132722,0.3831885,-0.9860073,0.1690201,-0.556941,SelectionEnd
147.3274,24,2,3,0,0.9320556,0.8033776,0.3475509,65.93676,110.5375,101.9485,0.8260933,0.8132722,0.3831885,-0.9860073,0.1690201,-0.556941,GotSelection
147.3379,24,2,3,0,0.9321719,0.8031958,0.3474988,65.94358,110.5885,101.9905,0.824744,0.8132464,0.3820101,-0.9977137,0.1548442,-0.5623192,SelectionStart
147.338,24,2,3,0,0.9321719,0.8031958,0.3474988,65.94358,110.5885,101.9905,0.824744,0.8132464,0.3820101,-0.9977137,0.1548442,-0.5623192,SelectionEnd
147.3415,24,2,3,0,0.9321719,0.8031958,0.3474988,65.94358,110.5885,101.9905,0.824744,0.8132464,0.3820101,-0.9977137,0.1548442,-0.5623192,GotSelection
147.351,24,2,3,0,0.9321336,0.8031368,0.3474962,65.94593,110.5819,101.9854,0.8233804,0.813139,0.3809935,-1.008981,0.1425209,-0.5655072,SelectionStart
147.351,24,2,3,0,0.9321336,0.8031368,0.3474962,65.94593,110.5819,101.9854,0.8233804,0.813139,0.3809935,-1.008981,0.1425209,-0.5655072,SelectionEnd
147.3544,24,2,3,0,0.9321336,0.8031368,0.3474962,65.94593,110.5819,101.9854,0.8233804,0.813139,0.3809935,-1.008981,0.1425209,-0.5655072,GotSelection
147.365,24,2,3,0,0.9319264,0.8032845,0.3475562,65.90362,110.6322,102.0313,0.8220695,0.8133382,0.3793476,-1.016559,0.1232202,-0.5685104,SelectionStart
147.365,24,2,3,0,0.9319264,0.8032845,0.3475562,65.90362,110.6322,102.0313,0.8220695,0.8133382,0.3793476,-1.016559,0.1232202,-0.5685104,SelectionEnd
147.3684,24,2,3,0,0.9319264,0.8032845,0.3475562,65.90362,110.6322,102.0313,0.8220695,0.8133382,0.3793476,-1.016559,0.1232202,-0.5685104,GotSelection
147.378,24,2,3,0,0.9317806,0.8032857,0.34766,65.85629,110.6772,102.0875,0.8209459,0.813235,0.3782125,-1.024091,0.1092247,-0.5703436,SelectionStart
147.378,24,2,3,0,0.9317806,0.8032857,0.34766,65.85629,110.6772,102.0875,0.8209459,0.813235,0.3782125,-1.024091,0.1092247,-0.5703436,SelectionEnd
147.3813,24,2,3,0,0.9317806,0.8032857,0.34766,65.85629,110.6772,102.0875,0.8209459,0.813235,0.3782125,-1.024091,0.1092247,-0.5703436,GotSelection
147.4278,24,2,3,0,0.9308132,0.8035462,0.3485859,65.68767,110.5011,102.1133,0.8213735,0.8129134,0.374892,-1.006396,0.07316891,-0.5563424,SelectionStart
147.4278,24,2,3,0,0.9308132,0.8035462,0.3485859,65.68767,110.5011,102.1133,0.8213735,0.8129134,0.374892,-1.006396,0.07316891,-0.5563424,SelectionEnd
147.4312,24,2,3,0,0.9308132,0.8035462,0.3485859,65.68767,110.5011,102.1133,0.8213735,0.8129134,0.374892,-1.006396,0.07316891,-0.5563424,GotSelection
147.4422,24,2,3,0,0.9302524,0.8035664,0.3489768,65.6545,110.4612,102.1503,0.8215578,0.8132287,0.3738573,-0.9961771,0.06121952,-0.5546722,SelectionStart
147.4422,24,2,3,0,0.9302524,0.8035664,0.3489768,65.6545,110.4612,102.1503,0.8215578,0.8132287,0.3738573,-0.9961771,0.06121952,-0.5546722,SelectionEnd
147.4455,24,2,3,0,0.9302524,0.8035664,0.3489768,65.6545,110.4612,102.1503,0.8215578,0.8132287,0.3738573,-0.9961771,0.06121952,-0.5546722,GotSelection
147.458,24,2,3,0,0.9298819,0.8035784,0.3490997,65.65776,110.4575,102.1892,0.8218079,0.814059,0.3722383,-0.9850304,0.04480334,-0.5572196,SelectionStart
147.458,24,2,3,0,0.9298819,0.8035784,0.3490997,65.65776,110.4575,102.1892,0.8218079,0.814059,0.3722383,-0.9850304,0.04480334,-0.5572196,SelectionEnd
147.4617,24,2,3,0,0.9298819,0.8035784,0.3490997,65.65776,110.4575,102.1892,0.8218079,0.814059,0.3722383,-0.9850304,0.04480334,-0.5572196,GotSelection
147.4731,24,2,3,0,0.9294991,0.8034514,0.3492507,65.66212,110.4739,102.2326,0.8224006,0.8147525,0.3703454,-0.9702978,0.02560824,-0.5579061,SelectionStart
147.4731,24,2,3,0,0.9294991,0.8034514,0.3492507,65.66212,110.4739,102.2326,0.8224006,0.8147525,0.3703454,-0.9702978,0.02560824,-0.5579061,SelectionEnd
147.4765,24,2,3,0,0.9294991,0.8034514,0.3492507,65.66212,110.4739,102.2326,0.8224006,0.8147525,0.3703454,-0.9702978,0.02560824,-0.5579061,GotSelection
147.4888,24,2,3,0,0.9292164,0.8034909,0.3493261,65.61099,110.5263,102.2927,0.8229624,0.8153555,0.368168,-0.9571177,0.00379498,-0.5572644,SelectionStart
147.4888,24,2,3,0,0.9292164,0.8034909,0.3493261,65.61099,110.5263,102.2927,0.8229624,0.8153555,0.368168,-0.9571177,0.00379498,-0.5572644,SelectionEnd
147.4923,24,2,3,0,0.9292164,0.8034909,0.3493261,65.61099,110.5263,102.2927,0.8229624,0.8153555,0.368168,-0.9571177,0.00379498,-0.5572644,GotSelection
147.5022,24,2,3,0,0.92888,0.8035718,0.3494698,65.54459,110.5277,102.3205,0.8231503,0.8159482,0.3658337,-0.9466868,-0.02035995,-0.5573559,SelectionStart
147.5022,24,2,3,0,0.92888,0.8035718,0.3494698,65.54459,110.5277,102.3205,0.8231503,0.8159482,0.3658337,-0.9466868,-0.02035995,-0.5573559,SelectionEnd
147.5055,24,2,3,0,0.92888,0.8035718,0.3494698,65.54459,110.5277,102.3205,0.8231503,0.8159482,0.3658337,-0.9466868,-0.02035995,-0.5573559,GotSelection
147.5159,24,2,3,0,0.9283206,0.8039014,0.3496405,65.41808,110.4893,102.304,0.8219926,0.8163183,0.3638,-0.9483187,-0.04329002,-0.5589283,SelectionStart
147.5159,24,2,3,0,0.9283206,0.8039014,0.3496405,65.41808,110.4893,102.304,0.8219926,0.8163183,0.3638,-0.9483187,-0.04329002,-0.5589283,SelectionEnd
147.5192,24,2,3,0,0.9283206,0.8039014,0.3496405,65.41808,110.4893,102.304,0.8219926,0.8163183,0.3638,-0.9483187,-0.04329002,-0.5589283,GotSelection
147.5296,24,2,3,0,0.9275227,0.8043596,0.3499469,65.25391,110.4089,102.268,0.8223429,0.8167213,0.361086,-0.932928,-0.07106945,-0.5520929,SelectionStart
147.5297,24,2,3,0,0.9275227,0.8043596,0.3499469,65.25391,110.4089,102.268,0.8223429,0.8167213,0.361086,-0.932928,-0.07106945,-0.5520929,SelectionEnd
147.533,24,2,3,0,0.9275227,0.8043596,0.3499469,65.25391,110.4089,102.268,0.8223429,0.8167213,0.361086,-0.932928,-0.07106945,-0.5520929,GotSelection
147.5441,24,2,3,0,0.9266534,0.8049782,0.3502844,65.05799,110.2212,102.1665,0.8228309,0.8167369,0.3586956,-0.9179886,-0.09422743,-0.5404088,SelectionStart
147.5442,24,2,3,0,0.9266534,0.8049782,0.3502844,65.05799,110.2212,102.1665,0.8228309,0.8167369,0.3586956,-0.9179886,-0.09422743,-0.5404088,SelectionEnd
147.5478,24,2,3,0,0.9266534,0.8049782,0.3502844,65.05799,110.2212,102.1665,0.8228309,0.8167369,0.3586956,-0.9179886,-0.09422743,-0.5404088,GotSelection
147.5598,24,2,3,0,0.9254062,0.805766,0.3509691,64.8109,110.0046,102.0979,0.8232054,0.8168868,0.3557041,-0.8995264,-0.1255542,-0.5266784,SelectionStart
147.5598,24,2,3,0,0.9254062,0.805766,0.3509691,64.8109,110.0046,102.0979,0.8232054,0.8168868,0.3557041,-0.8995264,-0.1255542,-0.5266784,SelectionEnd
147.5637,24,2,3,0,0.9254062,0.805766,0.3509691,64.8109,110.0046,102.0979,0.8232054,0.8168868,0.3557041,-0.8995264,-0.1255542,-0.5266784,GotSelection
147.5751,24,2,3,0,0.9240974,0.8065519,0.3518835,64.52607,109.7947,102.0898,0.8238315,0.8170462,0.3520834,-0.8773526,-0.1643769,-0.5109033,SelectionStart
147.5751,24,2,3,0,0.9240974,0.8065519,0.3518835,64.52607,109.7947,102.0898,0.8238315,0.8170462,0.3520834,-0.8773526,-0.1643769,-0.5109033,SelectionEnd
147.5786,24,2,3,0,0.9240974,0.8065519,0.3518835,64.52607,109.7947,102.0898,0.8238315,0.8170462,0.3520834,-0.8773526,-0.1643769,-0.5109033,GotSelection
147.6267,24,2,3,0,0.920338,0.8082066,0.3542318,63.83946,109.5909,102.3515,0.8280234,0.817422,0.3401585,-0.791722,-0.2883622,-0.4543433,Nothing
147.6404,24,2,3,0,0.919475,0.8086773,0.3548467,63.69602,109.5185,102.4258,0.829097,0.8173097,0.3357551,-0.7715114,-0.3334372,-0.4352117,Nothing
147.6483,24,2,3,0,0.9190506,0.8087226,0.3553356,63.67043,109.4769,102.5001,0.8294349,0.8171539,0.3337187,-0.7635919,-0.3559109,-0.4267727,Nothing
147.6568,24,2,3,0,0.9185809,0.8088352,0.3557593,63.61896,109.442,102.5619,0.8296428,0.8167239,0.3318481,-0.7579588,-0.3761931,-0.4161946,Nothing
147.6652,24,2,3,0,0.9181921,0.8089542,0.3562354,63.56371,109.382,102.608,0.8304837,0.8162759,0.3298589,-0.7473266,-0.3972425,-0.4029132,Nothing
147.6733,24,2,3,0,0.9177808,0.8090475,0.3566723,63.51773,109.3489,102.6653,0.8308101,0.8157075,0.3281873,-0.7420056,-0.4155778,-0.391184,Nothing
147.6821,24,2,3,0,0.917259,0.8092874,0.3572001,63.44938,109.253,102.6907,0.8315539,0.8149431,0.325594,-0.7326257,-0.4425806,-0.373056,Nothing
147.6898,24,2,3,0,0.9169388,0.8094388,0.3574853,63.41167,109.1519,102.6446,0.8319526,0.8143678,0.3240624,-0.7278571,-0.4583349,-0.3614789,Nothing
147.6986,24,2,3,0,0.9164919,0.8096446,0.3577553,63.36322,109.0953,102.6388,0.8322579,0.8133978,0.322877,-0.7250873,-0.4701102,-0.3461112,Nothing
147.7066,24,2,3,0,0.9161734,0.8098421,0.3579854,63.30954,109.0433,102.6295,0.8336365,0.812505,0.3215553,-0.7131855,-0.4817772,-0.3273203,Nothing
147.7156,24,2,3,0,0.915862,0.8100497,0.3582375,63.24824,109.003,102.6389,0.8339931,0.8117315,0.320308,-0.7103224,-0.49438,-0.3140697,Nothing
147.7231,24,2,3,0,0.9155478,0.8102504,0.358478,63.19638,108.9473,102.6388,0.8343408,0.8109643,0.3192555,-0.7077461,-0.5048373,-0.3012542,Nothing
147.7321,24,2,3,0,0.915157,0.8105881,0.3587602,63.12149,108.8477,102.6082,0.8353455,0.8098405,0.3174718,-0.7000946,-0.5214276,-0.2800513,Nothing
147.7401,24,2,3,0,0.9150584,0.8108932,0.3588693,63.08353,108.7619,102.551,0.8360307,0.8091962,0.3163998,-0.6962848,-0.5309381,-0.2670584,Nothing
147.7483,24,2,3,0,0.9148815,0.8111358,0.3589633,63.05455,108.6721,102.4861,0.8364583,0.808533,0.3154206,-0.6940209,-0.5396936,-0.2553446,Nothing
147.7563,24,2,3,0,0.9147448,0.8113689,0.3589594,63.0171,108.5907,102.4171,0.8334503,0.8083767,0.3152959,-0.7216964,-0.544154,-0.2650265,Nothing
147.7649,24,2,3,0,0.9145891,0.8117468,0.3589606,62.95689,108.4807,102.3071,0.8338513,0.8079687,0.3145302,-0.7191739,-0.5503457,-0.2555254,Nothing
147.7729,24,2,3,0,0.9143838,0.8121467,0.3590365,62.87994,108.3576,102.2086,0.8342754,0.8075374,0.3139091,-0.7164189,-0.5554045,-0.2456409,Nothing
147.7817,24,2,3,0,0.9142268,0.8127063,0.3590935,62.79452,108.234,102.102,0.834721,0.8070614,0.3131921,-0.7147068,-0.5611926,-0.2339975,Nothing
147.7901,24,2,3,0,0.9139922,0.8131921,0.3592167,62.69133,108.1411,102.0427,0.8352247,0.8069225,0.3126612,-0.7101519,-0.5658309,-0.2256636,Nothing
147.7991,24,2,3,0,0.9136423,0.8138583,0.3594191,62.55425,107.9995,101.9558,0.8358155,0.8065342,0.3115887,-0.7053375,-0.5757998,-0.2122342,Nothing
147.8074,24,2,3,0,0.9132581,0.8143908,0.3595421,62.43689,107.9388,101.9378,0.8362643,0.8065168,0.3108146,-0.6995909,-0.582767,-0.2037322,Nothing
147.8153,24,2,3,0,0.9128319,0.8149783,0.3597119,62.31768,107.8861,101.9266,0.8366451,0.8063994,0.3098575,-0.6946779,-0.5919552,-0.193562,Nothing
147.8237,24,2,3,0,0.9125767,0.8155888,0.3597906,62.20768,107.7789,101.8549,0.836996,0.8062776,0.3089381,-0.6917418,-0.6001465,-0.1844567,Nothing
147.8315,24,2,3,0,0.9122947,0.8161318,0.3598426,62.10652,107.6813,101.7769,0.8371345,0.8061158,0.3079149,-0.6902183,-0.6095773,-0.1761903,Nothing
147.8402,24,2,3,0,0.9122203,0.8161117,0.3598456,62.08429,107.5622,101.6482,0.8374854,0.8058708,0.3069561,-0.6864006,-0.6186345,-0.1717715,Nothing
147.8483,24,2,3,0,0.9120026,0.8165199,0.3597864,62.03374,107.4584,101.5309,0.837529,0.8058152,0.3057164,-0.6849286,-0.6299459,-0.1658197,Nothing
147.8576,24,2,3,0,0.9117655,0.8170773,0.3597861,61.93279,107.3085,101.3959,0.8375766,0.8055804,0.3040381,-0.6845534,-0.6456292,-0.156875,Nothing
147.8738,24,2,3,0,0.9115489,0.8178011,0.3595843,61.99377,107.0774,101.1991,0.837782,0.8055584,0.301758,-0.6829777,-0.6649393,-0.1461761,Nothing
147.8821,24,2,3,0,0.9115878,0.8181533,0.3597575,62.01924,106.9929,101.1509,0.8376236,0.8057824,0.3005761,-0.684769,-0.6783025,-0.1443306,Nothing
147.8897,24,2,3,0,0.9114977,0.8179949,0.3601365,62.16185,106.8101,101.0934,0.8377483,0.8059949,0.2994207,-0.6815887,-0.6923282,-0.1444241,Nothing
147.8987,24,2,3,0,0.9113486,0.8180723,0.3604681,62.25425,106.5702,100.9596,0.8379198,0.8062901,0.2982906,-0.6778171,-0.7056272,-0.1436654,Nothing
147.9068,24,2,3,0,0.9112123,0.8182737,0.3607638,62.33833,106.2927,100.7824,0.8382011,0.8067622,0.2971603,-0.6728252,-0.7185959,-0.1433826,Nothing
147.9159,24,2,3,0,0.9107418,0.8187296,0.3611829,62.45195,105.7374,100.3646,0.8387499,0.8073367,0.2953573,-0.6626943,-0.7383981,-0.1396551,Nothing
147.9321,24,2,3,0,0.9097548,0.8198022,0.3617383,62.68237,104.0153,98.95132,0.8393465,0.8086944,0.2927446,-0.6467386,-0.7655628,-0.1409181,Nothing
147.94,24,2,3,0,0.9091116,0.8206544,0.3622499,62.83413,102.7387,97.91716,0.8399501,0.8097305,0.2912562,-0.6348552,-0.7820324,-0.1421476,Nothing
147.9491,24,2,3,0,0.908231,0.8216741,0.3630916,63.04567,100.8611,96.43263,0.8403791,0.8106326,0.2898524,-0.6250075,-0.7992349,-0.1439229,Nothing
147.9567,24,2,3,0,0.9074501,0.8225468,0.3638612,63.19265,99.42146,95.30433,0.8409116,0.8117335,0.2884246,-0.6131697,-0.8171466,-0.1467357,Nothing
147.9658,24,2,3,0,0.9067162,0.8233587,0.3646173,63.46766,97.44518,93.73609,0.8415064,0.8128433,0.2869403,-0.6018891,-0.8345268,-0.1528217,Nothing
147.9733,24,2,3,0,0.9062155,0.8237773,0.3655196,63.94339,94.78572,91.57826,0.8422295,0.8139784,0.2854047,-0.5907549,-0.8529857,-0.165979,Nothing
147.9822,24,2,3,0,0.9052495,0.8246156,0.3664829,64.46436,90.96581,88.38252,0.843452,0.8158426,0.2831423,-0.5699031,-0.877171,-0.184795,Nothing
147.99,24,2,3,0,0.9045696,0.8254843,0.36692,64.80563,87.57642,85.41611,0.8442571,0.8169736,0.2816751,-0.5571406,-0.8902334,-0.1987832,Nothing
147.9985,24,2,3,0,0.9028446,0.8276545,0.3671967,64.92934,83.83197,82.08437,0.845476,0.8181149,0.2803928,-0.5356559,-0.8998937,-0.1987288,Nothing
148.0072,24,2,3,0,0.9017652,0.8296077,0.3669143,64.86998,79.98231,78.52482,0.8465151,0.819081,0.2792595,-0.5195041,-0.9039813,-0.2045528,Nothing
148.015,24,2,3,0,0.9008636,0.8319407,0.3659756,64.55041,76.01715,74.7757,0.8475356,0.8200158,0.2780836,-0.5052174,-0.9029934,-0.2101107,Nothing
148.0241,24,2,3,0,0.8994993,0.8350766,0.3640102,63.96489,71.90584,70.74475,0.8487023,0.8207207,0.2772259,-0.4873331,-0.8911945,-0.2053088,Nothing
148.0318,24,2,3,0,0.8979363,0.8384119,0.3624324,63.17,68.14642,67.08926,0.8498805,0.8213925,0.2762951,-0.4685928,-0.8853865,-0.1980737,Nothing
148.0408,24,2,3,0,0.896078,0.8427955,0.3602564,61.9217,63.22712,62.40184,0.8515982,0.8224156,0.2747895,-0.4446732,-0.8801984,-0.1921087,Nothing
148.0493,24,2,3,0,0.8941788,0.8463374,0.3596187,60.94732,60.81706,60.22885,0.8528295,0.8229146,0.2738817,-0.4267567,-0.8869237,-0.1770705,Nothing
148.0575,24,2,3,0,0.8931196,0.8488991,0.3589012,60.10669,58.25242,57.95501,0.8541406,0.8232117,0.2731021,-0.4137414,-0.8902785,-0.1708812,Nothing
148.0655,24,2,3,0,0.8917201,0.8513929,0.3582754,59.33946,55.9202,55.95858,0.8554114,0.8234632,0.2723601,-0.3989723,-0.8951423,-0.161809,Nothing
148.0737,24,2,3,0,0.8909031,0.8526531,0.3589247,58.93089,53.72541,54.19497,0.8567649,0.8235371,0.2717062,-0.3859613,-0.9088419,-0.1621604,Nothing
148.0816,24,2,3,0,0.8902345,0.8536081,0.358515,58.37487,51.36811,52.11934,0.8581008,0.8235697,0.2710579,-0.371017,-0.9123741,-0.1654258,Nothing
148.091,24,2,3,0,0.889756,0.8543713,0.3582775,57.92168,49.1237,50.11601,0.8594661,0.8233402,0.2705308,-0.3574727,-0.9172737,-0.1669683,Nothing
148.1176,24,2,3,0,0.8889463,0.8553734,0.3576168,56.36162,41.90248,43.48847,0.863358,0.8223864,0.2690554,-0.3166651,-0.9282962,-0.1889055,Nothing
148.1268,24,2,3,0,0.8888601,0.8557482,0.3578358,55.81184,39.75277,41.58652,0.8651891,0.8211184,0.2689312,-0.304462,-0.9371982,-0.1863603,Nothing
148.1411,24,2,3,0,0.8881654,0.8570157,0.3575346,54.26789,35.59189,37.90223,0.8677041,0.8194543,0.2687164,-0.2833176,-0.9460484,-0.1901962,Nothing
148.1487,24,2,3,0,0.8875969,0.8584078,0.3566766,53.12371,33.58721,36.08713,0.8689688,0.8184347,0.2687392,-0.2726747,-0.9479159,-0.1853496,Nothing
148.1562,24,2,3,0,0.8871168,0.8594294,0.3558462,52.09011,31.77305,34.45624,0.870251,0.81738,0.2686719,-0.2615475,-0.9503254,-0.1817514,Nothing
148.1646,24,2,3,0,0.8865501,0.861148,0.354414,50.71826,29.86878,32.71783,0.8715534,0.8163245,0.2686268,-0.2507979,-0.9513254,-0.1747935,Nothing
148.1731,24,2,3,0,0.8860509,0.8623066,0.3530641,49.46006,28.15965,31.14471,0.8728467,0.8152694,0.2685509,-0.2384747,-0.9517241,-0.1707177,Nothing
148.1812,24,2,3,0,0.8854982,0.8640431,0.3511138,47.65934,25.76825,28.99174,0.8748134,0.8136324,0.2684215,-0.222117,-0.9549837,-0.1634874,Nothing
148.19,24,2,3,0,0.8853729,0.864265,0.3502146,46.748,24.22526,27.57594,0.8761005,0.8124676,0.2683698,-0.210217,-0.956269,-0.1634617,Nothing
148.1984,24,2,3,0,0.8859949,0.8639802,0.3502539,46.06157,22.65169,26.29087,0.876659,0.8111075,0.2684276,-0.2137556,-0.9600759,-0.1715987,Nothing
148.2063,24,2,3,0,0.8861132,0.8637014,0.3512365,45.55021,21.08942,25.14655,0.877843,0.8098322,0.2684269,-0.2079376,-0.9730762,-0.1809265,Nothing
148.2154,24,2,3,0,0.8861322,0.8635724,0.3525203,45.07358,19.57164,24.13869,0.8789604,0.8086217,0.2683227,-0.2036622,-0.9895121,-0.1919531,Nothing
148.2234,24,2,3,0,0.8858548,0.8638448,0.3537731,44.48428,18.18969,23.28458,0.880126,0.8073281,0.2682937,-0.1980906,-1.008492,-0.2000687,Nothing
148.2313,24,2,3,0,0.88544,0.8645375,0.3544505,43.75784,17.01978,22.57476,0.8811973,0.8059822,0.2683027,-0.1928001,-1.026043,-0.2029776,Nothing
148.2395,24,2,3,0,0.8851433,0.865293,0.354476,42.89151,15.9239,21.84211,0.8821142,0.8049318,0.2683604,-0.1877792,-1.036472,-0.2060506,Nothing
148.2482,24,2,3,0,0.8842772,0.8671165,0.3537161,41.40638,14.68895,21.00872,0.8836415,0.8030171,0.2683103,-0.1756836,-1.056227,-0.2008727,Nothing
148.2566,24,2,3,0,0.882763,0.868116,0.3531962,40.41114,13.90349,20.38843,0.8845709,0.8019021,0.2681827,-0.1561961,-1.069841,-0.1997391,Nothing
148.2648,24,2,3,0,0.8823259,0.8689307,0.3526621,39.49329,13.1048,19.78772,0.8854377,0.8007079,0.2681794,-0.1480408,-1.080051,-0.1995897,Nothing
148.2735,24,2,3,0,0.8821162,0.8692358,0.3522746,38.71609,12.28583,19.08028,0.886223,0.7995626,0.2682525,-0.1396513,-1.086947,-0.201971,Nothing
148.2825,24,2,3,0,0.8820422,0.8690296,0.3528165,38.00947,11.2116,18.29085,0.8870254,0.7984363,0.2682861,-0.1331066,-1.09585,-0.2152287,Nothing
148.2898,24,2,3,0,0.8823119,0.8684247,0.3536608,37.3331,9.946252,17.37902,0.8877909,0.797346,0.2683205,-0.1297479,-1.102341,-0.2344202,Nothing
148.2983,24,2,3,0,0.8823165,0.8682058,0.3542794,36.59573,8.839159,16.56389,0.8884137,0.7963194,0.2683824,-0.1254197,-1.109614,-0.2503128,Nothing
148.3063,24,2,3,0,0.882148,0.8678862,0.3549107,35.42575,7.297186,15.40797,0.8893315,0.7946954,0.2684291,-0.1168868,-1.119498,-0.2727153,Nothing
148.3146,24,2,3,0,0.8820804,0.8678905,0.3550615,34.60962,6.356126,14.69617,0.8899403,0.7936035,0.2684512,-0.1117942,-1.125964,-0.284997,Nothing
148.3228,24,2,3,0,0.8819771,0.8676272,0.3552025,33.75715,5.425652,13.94548,0.8899477,0.7924969,0.2686015,-0.1106888,-1.128284,-0.2989451,Nothing
148.3316,24,2,3,0,0.8817312,0.8676644,0.3550623,32.70659,4.505415,13.23371,0.890274,0.7914689,0.2685575,-0.1056547,-1.131633,-0.3145083,Nothing
148.3397,24,2,3,0,0.8817455,0.8680936,0.3546275,31.64318,3.673174,12.63578,0.8905635,0.7903892,0.2685452,-0.1050472,-1.136173,-0.3253091,Nothing
148.3484,24,2,3,0,0.8813036,0.8683953,0.3542485,30.59517,2.904361,12.07936,0.8908671,0.7893766,0.2684662,-0.09913413,-1.140755,-0.3377843,Nothing
148.3567,24,2,3,0,0.8808935,0.8684559,0.3542639,29.69142,2.127798,11.51977,0.8909267,0.788519,0.2685038,-0.09553431,-1.143581,-0.3522733,Nothing
148.3659,24,2,3,0,0.8803008,0.8686649,0.3545716,28.569,1.064821,10.78603,0.8913406,0.7870287,0.2683358,-0.08873827,-1.154879,-0.3723966,Nothing
148.3735,24,2,3,0,0.879912,0.8687784,0.3548725,27.83905,0.3674191,10.32699,0.8915659,0.7859759,0.268372,-0.08518618,-1.162267,-0.385158,Nothing
148.3815,24,2,3,0,0.8793802,0.8689381,0.3552782,27.29389,359.7834,9.960365,0.8932596,0.7849262,0.2679993,-0.06625959,-1.176472,-0.3987271,Nothing
148.3895,24,2,3,0,0.8787178,0.8694054,0.355873,26.82497,359.2432,9.697986,0.8936069,0.7840141,0.2678744,-0.06132518,-1.190077,-0.4097422,Nothing
148.398,24,2,3,0,0.8782141,0.8696829,0.3560658,26.1839,358.7262,9.38653,0.8938444,0.7831354,0.2677853,-0.05674817,-1.197996,-0.4215836,Nothing
148.4065,24,2,3,0,0.8775451,0.8702826,0.3562067,25.5642,358.257,9.158573,0.89406,0.7823994,0.2675465,-0.05208603,-1.208256,-0.4333051,Nothing
148.4147,24,2,3,0,0.8766624,0.8708076,0.3562311,24.93847,357.8488,8.925185,0.8942679,0.7816466,0.2673515,-0.04399205,-1.21761,-0.4441967,Nothing
148.4237,24,2,3,0,0.8756876,0.87156,0.3564033,24.00357,357.1609,8.567283,0.8945476,0.7805253,0.2670989,-0.03670377,-1.230713,-0.4621677,Nothing
148.432,24,2,3,0,0.8749945,0.8720561,0.3566975,23.45087,356.7034,8.359606,0.8944689,0.7799302,0.2670297,-0.03466246,-1.238336,-0.4742842,Nothing
148.4412,24,2,3,0,0.8744681,0.8723884,0.3570945,22.95766,356.2234,8.118731,0.894431,0.7793493,0.2669996,-0.03344143,-1.244708,-0.4866224,Nothing
148.4574,24,2,3,0,0.8735299,0.8728346,0.3578078,22.11567,355.3936,7.614267,0.8943198,0.7783977,0.2671147,-0.02922517,-1.253347,-0.5074655,Nothing
148.4652,24,2,3,0,0.8730046,0.8730339,0.3582627,21.79441,355.034,7.399135,0.8939086,0.7779949,0.266827,-0.0306388,-1.258695,-0.5200477,Nothing
148.4732,24,2,3,0,0.8724976,0.873212,0.3587084,21.49338,354.693,7.196269,0.8937604,0.7779227,0.2668224,-0.02880058,-1.260185,-0.5309682,Nothing
148.4814,24,2,3,0,0.8720512,0.8734683,0.3590335,21.19668,354.403,7.016135,0.8935221,0.7780216,0.2666593,-0.02811634,-1.260703,-0.5422869,Nothing
148.4897,24,2,3,0,0.8713444,0.8738235,0.359378,20.72564,354.0199,6.783426,0.8930631,0.7782745,0.2665281,-0.02720467,-1.258863,-0.5577438,Nothing
148.4984,24,2,3,0,0.8706044,0.8742329,0.359632,20.52412,353.8652,6.732096,0.8926733,0.7785811,0.2664907,-0.02548746,-1.259255,-0.56521,Nothing
148.507,24,2,3,0,0.870059,0.8746929,0.3599526,20.32785,353.6777,6.688832,0.8921821,0.7788977,0.2664127,-0.02770132,-1.259901,-0.5732107,Nothing
148.516,24,2,3,0,0.8693323,0.8754717,0.3598916,20.19301,353.5653,6.687019,0.8916243,0.7792561,0.2663696,-0.02815738,-1.262619,-0.57491,Nothing
148.532,24,2,3,0,0.8681313,0.8764212,0.3611389,20.06498,353.1678,6.695169,0.8901931,0.7802646,0.2662404,-0.0393854,-1.26445,-0.5915123,Nothing
148.54,24,2,3,0,0.8674327,0.8769634,0.3619685,20.08221,352.9671,6.715566,0.8895012,0.7807044,0.2661781,-0.0448271,-1.26827,-0.5996148,Nothing
148.5488,24,2,3,0,0.8665468,0.8779213,0.3629071,20.12417,352.779,6.853805,0.8882982,0.7814113,0.2661695,-0.05626034,-1.273312,-0.6067408,Nothing
148.5569,24,2,3,0,0.8659974,0.8783152,0.3634228,20.15247,352.6985,6.949473,0.8873597,0.7819511,0.2662264,-0.06433441,-1.272868,-0.6106377,Nothing
148.565,24,2,3,0,0.8654238,0.8791025,0.3637074,20.18371,352.7009,7.122862,0.8863859,0.7825739,0.2662776,-0.07277849,-1.274655,-0.6110913,Nothing
148.5728,24,2,3,0,0.8648957,0.8798294,0.3638835,20.18736,352.7132,7.286779,0.8854206,0.7832911,0.2663348,-0.08079327,-1.274232,-0.6115568,Nothing
148.5818,24,2,3,0,0.8645183,0.880603,0.3640597,20.20109,352.6892,7.426785,0.8842059,0.7842722,0.2664302,-0.09258574,-1.270961,-0.6117618,Nothing
148.5899,24,2,3,0,0.864139,0.8811286,0.3643432,20.19964,352.6355,7.553113,0.8832586,0.7850763,0.2664562,-0.1020956,-1.267832,-0.6145874,Nothing
148.5988,24,2,3,0,0.8637221,0.8815486,0.3647231,20.19381,352.5495,7.635874,0.8822402,0.7860232,0.2665341,-0.1112925,-1.262364,-0.618783,Nothing
148.6071,24,2,3,0,0.8633086,0.8820011,0.3651389,20.15226,352.4287,7.725792,0.8806725,0.7875736,0.2666638,-0.1259408,-1.249912,-0.6249306,Nothing
148.6152,24,2,3,0,0.8629038,0.8824337,0.3651892,20.17683,352.4157,7.803614,0.8795667,0.7886292,0.2668025,-0.1339144,-1.242491,-0.624868,Nothing
148.6237,24,2,3,0,0.8627727,0.882593,0.3651856,20.1268,352.3888,7.831026,0.8784403,0.7898083,0.2668913,-0.1433182,-1.230019,-0.6274142,Nothing
148.6319,24,2,3,0,0.8626789,0.8827223,0.3650501,20.04487,352.3817,7.854221,0.877331,0.7909499,0.2669567,-0.1522349,-1.216922,-0.6295282,Nothing
148.6398,24,2,3,0,0.8626754,0.8832853,0.3646563,19.9433,352.3734,7.900682,0.8761438,0.7923159,0.2669679,-0.1631999,-1.204548,-0.629142,Nothing
148.6481,24,2,3,0,0.8625995,0.8834267,0.3645748,19.83973,352.3253,7.924057,0.8749225,0.7939159,0.2669048,-0.1738042,-1.187194,-0.6347483,Nothing
148.6573,24,2,3,0,0.8625207,0.8835226,0.364704,19.75763,352.2542,7.964685,0.8725616,0.7951536,0.2668129,-0.1973419,-1.171595,-0.6395438,Nothing
148.6665,24,2,3,0,0.8623571,0.8837683,0.3648004,19.65043,352.1527,8.0282,0.8709604,0.7976585,0.2665627,-0.2121337,-1.14683,-0.6508713,Nothing
148.6821,24,2,3,0,0.8618564,0.8842458,0.364912,19.57957,352.0722,8.167934,0.8684331,0.8004368,0.2667447,-0.2330682,-1.119318,-0.656754,Nothing
148.6903,24,2,3,0,0.8618287,0.8844065,0.3648728,19.5156,352.0453,8.231598,0.8671556,0.8016315,0.2670449,-0.2450214,-1.104958,-0.656625,Nothing
148.6982,24,2,3,0,0.8614169,0.8844749,0.3648337,19.43506,352.0339,8.274791,0.8658223,0.8028194,0.2671691,-0.2532105,-1.090887,-0.65921,Nothing
148.7069,24,2,3,0,0.8615347,0.8844301,0.3645504,19.32894,352.0402,8.271442,0.8644311,0.8037866,0.2675993,-0.2651083,-1.074961,-0.6558888,Nothing
148.7149,24,2,3,0,0.8616773,0.8842649,0.3643888,19.27707,352.0543,8.260362,0.862918,0.8046882,0.2674697,-0.2794851,-1.061037,-0.657995,Nothing
148.7231,24,2,3,0,0.8618656,0.884037,0.3642184,19.2275,352.0511,8.210191,0.8613279,0.8055362,0.2677764,-0.2938214,-1.04559,-0.6556259,Nothing
148.7319,24,2,3,0,0.8620502,0.8837696,0.3642154,19.20284,352.0118,8.152838,0.8598177,0.8065097,0.2680123,-0.3080844,-1.029695,-0.6556138,Nothing
148.7396,24,2,3,0,0.8623772,0.8834845,0.3642635,19.17719,351.9601,8.088232,0.8574094,0.8077945,0.2682045,-0.3325191,-1.009003,-0.6561527,Nothing
148.75,24,2,3,0,0.8625535,0.8832785,0.364382,19.15884,351.8859,8.035892,0.855648,0.8085712,0.268385,-0.3505999,-0.9956342,-0.6563212,Nothing
148.7571,24,2,3,0,0.8628139,0.8833873,0.3642205,19.12586,351.8851,8.016936,0.8540402,0.809449,0.2685184,-0.3672021,-0.9836231,-0.6541278,Nothing
148.7655,24,2,3,0,0.8630129,0.8833094,0.364185,19.09029,351.8639,7.993469,0.8524845,0.8103144,0.2686651,-0.3829119,-0.9704443,-0.6536991,Nothing
148.7732,24,2,3,0,0.8632516,0.8831499,0.3641755,19.04758,351.8432,7.959545,0.8509716,0.8110527,0.2686399,-0.3988413,-0.9583156,-0.6551144,Nothing
148.7817,24,2,3,0,0.8634072,0.883054,0.3640208,18.99185,351.8566,7.930698,0.8495957,0.8118056,0.2687305,-0.4116812,-0.9462292,-0.6545325,Nothing
148.7903,24,2,3,0,0.8635619,0.8829948,0.3639256,18.92976,351.8275,7.889806,0.8482027,0.8124641,0.2688816,-0.4253414,-0.9352309,-0.6533745,Nothing
148.7984,24,2,3,0,0.8638534,0.8830225,0.3637539,18.84254,351.7828,7.85261,0.8461107,0.8133146,0.2691841,-0.4470186,-0.9206412,-0.6495475,Nothing
148.807,24,2,3,0,0.8639433,0.8830597,0.3637654,18.78305,351.7283,7.834595,0.844775,0.8136529,0.2695126,-0.4606674,-0.9134274,-0.6462496,Nothing
148.8158,24,2,3,0,0.8639501,0.8830567,0.3638186,18.74096,351.6954,7.83462,0.8434465,0.8138782,0.2698652,-0.4735164,-0.9072739,-0.6428019,Nothing
148.8323,24,2,3,0,0.8640283,0.8832304,0.3638228,18.6153,351.6015,7.812651,0.8408601,0.8144082,0.2703934,-0.4994415,-0.8957815,-0.6367618,Nothing
148.8405,24,2,3,0,0.8639248,0.8832536,0.3637252,18.55174,351.5852,7.793942,0.8396657,0.8150452,0.2699511,-0.5099971,-0.8883151,-0.6414661,Nothing
148.8484,24,2,3,0,0.8639786,0.8833473,0.3635516,18.51505,351.6088,7.773933,0.8386251,0.8153534,0.2699983,-0.5194389,-0.8834667,-0.6392617,SelectionStart
148.8484,24,2,3,0,0.8639786,0.8833473,0.3635516,18.51505,351.6088,7.773933,0.8386251,0.8153534,0.2699983,-0.5194389,-0.8834667,-0.6392617,SelectionEnd
148.8519,24,2,3,0,0.8639786,0.8833473,0.3635516,18.51505,351.6088,7.773933,0.8386251,0.8153534,0.2699983,-0.5194389,-0.8834667,-0.6392617,GotSelection
148.8622,24,2,3,0,0.8640234,0.8837749,0.363082,18.50603,351.7042,7.798461,0.8369535,0.8161944,0.2704075,-0.5331891,-0.8738337,-0.6305627,SelectionStart
148.8622,24,2,3,0,0.8640234,0.8837749,0.363082,18.50603,351.7042,7.798461,0.8369535,0.8161944,0.2704075,-0.5331891,-0.8738337,-0.6305627,SelectionEnd
148.8654,24,2,3,0,0.8640234,0.8837749,0.363082,18.50603,351.7042,7.798461,0.8369535,0.8161944,0.2704075,-0.5331891,-0.8738337,-0.6305627,GotSelection
148.8749,24,2,3,0,0.8639787,0.8840731,0.3630763,18.45864,351.7272,7.851484,0.83643,0.8167889,0.2704751,-0.5378046,-0.8689855,-0.6310828,SelectionStart
148.8749,24,2,3,0,0.8639787,0.8840731,0.3630763,18.45864,351.7272,7.851484,0.83643,0.8167889,0.2704751,-0.5378046,-0.8689855,-0.6310828,SelectionEnd
148.8782,24,2,3,0,0.8639787,0.8840731,0.3630763,18.45864,351.7272,7.851484,0.83643,0.8167889,0.2704751,-0.5378046,-0.8689855,-0.6310828,GotSelection
148.8907,24,2,3,0,0.8635895,0.8849595,0.3628353,18.3658,351.7692,8.018382,0.8360351,0.8170299,0.2705156,-0.5399508,-0.8719345,-0.628104,SelectionStart
148.8907,24,2,3,0,0.8635895,0.8849595,0.3628353,18.3658,351.7692,8.018382,0.8360351,0.8170299,0.2705156,-0.5399508,-0.8719345,-0.628104,SelectionEnd
148.894,24,2,3,0,0.8635895,0.8849595,0.3628353,18.3658,351.7692,8.018382,0.8360351,0.8170299,0.2705156,-0.5399508,-0.8719345,-0.628104,GotSelection
148.9054,24,2,3,0,0.8632417,0.885716,0.3627468,18.25007,351.7266,8.132233,0.8358672,0.8176315,0.2699012,-0.5415707,-0.8727744,-0.6345052,SelectionStart
148.9054,24,2,3,0,0.8632417,0.885716,0.3627468,18.25007,351.7266,8.132233,0.8358672,0.8176315,0.2699012,-0.5415707,-0.8727744,-0.6345052,SelectionEnd
148.9088,24,2,3,0,0.8632417,0.885716,0.3627468,18.25007,351.7266,8.132233,0.8358672,0.8176315,0.2699012,-0.5415707,-0.8727744,-0.6345052,GotSelection
148.919,24,2,3,0,0.8628069,0.8860285,0.3630393,18.1886,351.5822,8.149506,0.8356588,0.817696,0.2695469,-0.5432664,-0.8759825,-0.6402559,SelectionStart
148.919,24,2,3,0,0.8628069,0.8860285,0.3630393,18.1886,351.5822,8.149506,0.8356588,0.817696,0.2695469,-0.5432664,-0.8759825,-0.6402559,SelectionEnd
148.9225,24,2,3,0,0.8628069,0.8860285,0.3630393,18.1886,351.5822,8.149506,0.8356588,0.817696,0.2695469,-0.5432664,-0.8759825,-0.6402559,GotSelection
148.9323,24,2,3,0,0.8623465,0.8864974,0.3631863,18.08938,351.4496,8.154274,0.8352058,0.8165809,0.2694766,-0.5477358,-0.890094,-0.6380545,SelectionStart
148.9323,24,2,3,0,0.8623465,0.8864974,0.3631863,18.08938,351.4496,8.154274,0.8352058,0.8165809,0.2694766,-0.5477358,-0.890094,-0.6380545,SelectionEnd
148.9355,24,2,3,0,0.8623465,0.8864974,0.3631863,18.08938,351.4496,8.154274,0.8352058,0.8165809,0.2694766,-0.5477358,-0.890094,-0.6380545,GotSelection
148.9458,24,2,3,0,0.8620549,0.8866408,0.3632878,17.98075,351.3391,8.108569,0.8356385,0.81607,0.2689387,-0.5435106,-0.8983278,-0.6442387,SelectionStart
148.9458,24,2,3,0,0.8620549,0.8866408,0.3632878,17.98075,351.3391,8.108569,0.8356385,0.81607,0.2689387,-0.5435106,-0.8983278,-0.6442387,SelectionEnd
148.9492,24,2,3,0,0.8620549,0.8866408,0.3632878,17.98075,351.3391,8.108569,0.8356385,0.81607,0.2689387,-0.5435106,-0.8983278,-0.6442387,GotSelection
148.9586,24,2,3,0,0.8615701,0.886803,0.3632805,17.82041,351.2303,8.035676,0.8364595,0.8148187,0.268662,-0.5332944,-0.9135643,-0.6463006,SelectionStart
148.9586,24,2,3,0,0.8615701,0.886803,0.3632805,17.82041,351.2303,8.035676,0.8364595,0.8148187,0.268662,-0.5332944,-0.9135643,-0.6463006,SelectionEnd
148.962,24,2,3,0,0.8615701,0.886803,0.3632805,17.82041,351.2303,8.035676,0.8364595,0.8148187,0.268662,-0.5332944,-0.9135643,-0.6463006,GotSelection
148.9735,24,2,3,0,0.8614171,0.8870593,0.3631432,17.76231,351.1931,8.023965,0.8374746,0.813952,0.2685374,-0.5235067,-0.9258253,-0.6451666,SelectionStart
148.9735,24,2,3,0,0.8614171,0.8870593,0.3631432,17.76231,351.1931,8.023965,0.8374746,0.813952,0.2685374,-0.5235067,-0.9258253,-0.6451666,SelectionEnd
148.9769,24,2,3,0,0.8614171,0.8870593,0.3631432,17.76231,351.1931,8.023965,0.8374746,0.813952,0.2685374,-0.5235067,-0.9258253,-0.6451666,GotSelection
148.9884,24,2,3,0,0.8608875,0.8873832,0.3632439,17.75755,351.138,8.043068,0.8399369,0.8128076,0.2682898,-0.4976918,-0.9461103,-0.6481448,SelectionStart
148.9884,24,2,3,0,0.8608875,0.8873832,0.3632439,17.75755,351.138,8.043068,0.8399369,0.8128076,0.2682898,-0.4976918,-0.9461103,-0.6481448,SelectionEnd
148.9919,24,2,3,0,0.8608875,0.8873832,0.3632439,17.75755,351.138,8.043068,0.8399369,0.8128076,0.2682898,-0.4976918,-0.9461103,-0.6481448,GotSelection
149.0357,24,2,3,0,0.8599064,0.8880588,0.36343,17.64456,350.9903,8.072941,0.8465928,0.8101541,0.2697558,-0.4266246,-0.9868981,-0.638283,SelectionStart
149.0357,24,2,3,0,0.8599064,0.8880588,0.36343,17.64456,350.9903,8.072941,0.8465928,0.8101541,0.2697558,-0.4266246,-0.9868981,-0.638283,SelectionEnd
149.0393,24,2,3,0,0.8599064,0.8880588,0.36343,17.64456,350.9903,8.072941,0.8465928,0.8101541,0.2697558,-0.4266246,-0.9868981,-0.638283,GotSelection
149.0496,24,2,3,0,0.8583579,0.8883911,0.3635058,17.46573,350.8551,8.101249,0.856806,0.8072942,0.2713511,-0.313772,-1.033119,-0.6346925,SelectionStart
149.0497,24,2,3,0,0.8583579,0.8883911,0.3635058,17.46573,350.8551,8.101249,0.856806,0.8072942,0.2713511,-0.313772,-1.033119,-0.6346925,SelectionEnd
149.0531,24,2,3,0,0.8583579,0.8883911,0.3635058,17.46573,350.8551,8.101249,0.856806,0.8072942,0.2713511,-0.313772,-1.033119,-0.6346925,GotSelection
149.0654,24,2,3,0,0.8578956,0.8884439,0.3636697,17.44224,350.7768,8.121285,0.8619856,0.8062836,0.2723646,-0.2592102,-1.051174,-0.6323014,SelectionStart
149.0655,24,2,3,0,0.8578956,0.8884439,0.3636697,17.44224,350.7768,8.121285,0.8619856,0.8062836,0.2723646,-0.2592102,-1.051174,-0.6323014,SelectionEnd
149.0688,24,2,3,0,0.8578956,0.8884439,0.3636697,17.44224,350.7768,8.121285,0.8619856,0.8062836,0.2723646,-0.2592102,-1.051174,-0.6323014,GotSelection
149.0777,24,2,3,0,0.8578734,0.8884299,0.3636026,17.42516,350.7263,8.121109,0.8659011,0.8057589,0.2731686,-0.2199229,-1.060887,-0.6287798,SelectionStart
149.0777,24,2,3,0,0.8578734,0.8884299,0.3636026,17.42516,350.7263,8.121109,0.8659011,0.8057589,0.2731686,-0.2199229,-1.060887,-0.6287798,SelectionEnd
149.0809,24,2,3,0,0.8578734,0.8884299,0.3636026,17.42516,350.7263,8.121109,0.8659011,0.8057589,0.2731686,-0.2199229,-1.060887,-0.6287798,GotSelection
149.0922,24,2,3,0,0.8576576,0.8886289,0.363534,17.42743,350.6901,8.143206,0.8706965,0.8052403,0.2740471,-0.1703582,-1.074638,-0.625297,SelectionStart
149.0922,24,2,3,0,0.8576576,0.8886289,0.363534,17.42743,350.6901,8.143206,0.8706965,0.8052403,0.2740471,-0.1703582,-1.074638,-0.625297,SelectionEnd
149.0958,24,2,3,0,0.8576576,0.8886289,0.363534,17.42743,350.6901,8.143206,0.8706965,0.8052403,0.2740471,-0.1703582,-1.074638,-0.625297,GotSelection
149.11,24,2,3,0,0.8575855,0.8883394,0.3638785,17.45135,350.6105,8.11986,0.8748879,0.8052045,0.2747562,-0.127937,-1.079498,-0.6288646,SelectionStart
149.11,24,2,3,0,0.8575855,0.8883394,0.3638785,17.45135,350.6105,8.11986,0.8748879,0.8052045,0.2747562,-0.127937,-1.079498,-0.6288646,SelectionEnd
149.1134,24,2,3,0,0.8575855,0.8883394,0.3638785,17.45135,350.6105,8.11986,0.8748879,0.8052045,0.2747562,-0.127937,-1.079498,-0.6288646,GotSelection
149.1253,24,2,3,0,0.857736,0.8880237,0.3638858,17.4439,350.563,8.06658,0.8787273,0.8051476,0.275514,-0.08927079,-1.081915,-0.6284985,SelectionStart
149.1253,24,2,3,0,0.857736,0.8880237,0.3638858,17.4439,350.563,8.06658,0.8787273,0.8051476,0.275514,-0.08927079,-1.081915,-0.6284985,SelectionEnd
149.1288,24,2,3,0,0.857736,0.8880237,0.3638858,17.4439,350.563,8.06658,0.8787273,0.8051476,0.275514,-0.08927079,-1.081915,-0.6284985,GotSelection
149.1404,24,2,3,0,0.8582957,0.8876659,0.3635852,17.35574,350.5733,8.032316,0.8815894,0.8054669,0.2761658,-0.06264349,-1.076267,-0.6267392,SelectionStart
149.1404,24,2,3,0,0.8582957,0.8876659,0.3635852,17.35574,350.5733,8.032316,0.8815894,0.8054669,0.2761658,-0.06264349,-1.076267,-0.6267392,SelectionEnd
149.1438,24,2,3,0,0.8582957,0.8876659,0.3635852,17.35574,350.5733,8.032316,0.8815894,0.8054669,0.2761658,-0.06264349,-1.076267,-0.6267392,GotSelection
149.1532,24,2,3,0,0.8586918,0.8874843,0.3632654,17.2834,350.58,8.012165,0.8833023,0.8058438,0.2766432,-0.04660709,-1.070447,-0.6242164,SelectionStart
149.1533,24,2,3,0,0.8586918,0.8874843,0.3632654,17.2834,350.58,8.012165,0.8833023,0.8058438,0.2766432,-0.04660709,-1.070447,-0.6242164,SelectionEnd
149.1566,24,2,3,0,0.8586918,0.8874843,0.3632654,17.2834,350.58,8.012165,0.8833023,0.8058438,0.2766432,-0.04660709,-1.070447,-0.6242164,GotSelection
149.1662,24,2,3,0,0.8591082,0.8872371,0.3629715,17.18165,350.566,7.979059,0.8847827,0.8065262,0.2772251,-0.03245497,-1.06001,-0.6222137,SelectionStart
149.1662,24,2,3,0,0.8591082,0.8872371,0.3629715,17.18165,350.566,7.979059,0.8847827,0.8065262,0.2772251,-0.03245497,-1.06001,-0.6222137,SelectionEnd
149.1696,24,2,3,0,0.8591082,0.8872371,0.3629715,17.18165,350.566,7.979059,0.8847827,0.8065262,0.2772251,-0.03245497,-1.06001,-0.6222137,GotSelection
149.1818,24,2,3,0,0.8592811,0.8870421,0.3628881,17.10119,350.5053,7.932435,0.8841667,0.8077101,0.278065,-0.03646419,-1.041783,-0.6177983,SelectionStart
149.1819,24,2,3,0,0.8592811,0.8870421,0.3628881,17.10119,350.5053,7.932435,0.8841667,0.8077101,0.278065,-0.03646419,-1.041783,-0.6177983,SelectionEnd
149.1852,24,2,3,0,0.8592811,0.8870421,0.3628881,17.10119,350.5053,7.932435,0.8841667,0.8077101,0.278065,-0.03646419,-1.041783,-0.6177983,GotSelection
149.1955,24,2,3,0,0.859567,0.8869417,0.3628533,17.05465,350.4459,7.925529,0.8836753,0.8084448,0.2783504,-0.04309544,-1.030805,-0.616907,SelectionStart
149.1955,24,2,3,0,0.859567,0.8869417,0.3628533,17.05465,350.4459,7.925529,0.8836753,0.8084448,0.2783504,-0.04309544,-1.030805,-0.616907,SelectionEnd
149.1988,24,2,3,0,0.859567,0.8869417,0.3628533,17.05465,350.4459,7.925529,0.8836753,0.8084448,0.2783504,-0.04309544,-1.030805,-0.616907,GotSelection
149.2405,24,2,3,0,0.860736,0.8869457,0.361948,17.03846,350.6007,7.99394,0.8767766,0.8111197,0.2791675,-0.1146008,-0.9852136,-0.5954941,SelectionStart
149.2405,24,2,3,0,0.860736,0.8869457,0.361948,17.03846,350.6007,7.99394,0.8767766,0.8111197,0.2791675,-0.1146008,-0.9852136,-0.5954941,SelectionEnd
149.244,24,2,3,0,0.860736,0.8869457,0.361948,17.03846,350.6007,7.99394,0.8767766,0.8111197,0.2791675,-0.1146008,-0.9852136,-0.5954941,GotSelection
149.2528,24,2,3,0,0.8614292,0.8867925,0.3616156,17.01022,350.6223,7.973403,0.8733907,0.8122139,0.2791252,-0.1519868,-0.9645158,-0.590421,SelectionStart
149.2528,24,2,3,0,0.8614292,0.8867925,0.3616156,17.01022,350.6223,7.973403,0.8733907,0.8122139,0.2791252,-0.1519868,-0.9645158,-0.590421,SelectionEnd
149.2562,24,2,3,0,0.8614292,0.8867925,0.3616156,17.01022,350.6223,7.973403,0.8733907,0.8122139,0.2791252,-0.1519868,-0.9645158,-0.590421,GotSelection
149.2655,24,2,3,0,0.8618528,0.8866617,0.36137,16.96878,350.6363,7.93063,0.8702025,0.8132893,0.2789651,-0.1849697,-0.9455996,-0.5881657,SelectionStart
149.2655,24,2,3,0,0.8618528,0.8866617,0.36137,16.96878,350.6363,7.93063,0.8702025,0.8132893,0.2789651,-0.1849697,-0.9455996,-0.5881657,SelectionEnd
149.2688,24,2,3,0,0.8618528,0.8866617,0.36137,16.96878,350.6363,7.93063,0.8702025,0.8132893,0.2789651,-0.1849697,-0.9455996,-0.5881657,GotSelection
149.2782,24,2,3,0,0.8620509,0.886701,0.3612005,16.92227,350.643,7.881145,0.8672088,0.8143162,0.2788357,-0.2142002,-0.9297144,-0.5864323,SelectionStart
149.2782,24,2,3,0,0.8620509,0.886701,0.3612005,16.92227,350.643,7.881145,0.8672088,0.8143162,0.2788357,-0.2142002,-0.9297144,-0.5864323,SelectionEnd
149.2815,24,2,3,0,0.8620509,0.886701,0.3612005,16.92227,350.643,7.881145,0.8672088,0.8143162,0.2788357,-0.2142002,-0.9297144,-0.5864323,GotSelection
149.2914,24,2,3,0,0.8623782,0.88662,0.3611369,16.8402,350.5863,7.812902,0.863085,0.81582,0.2784962,-0.2563494,-0.9061806,-0.5879468,SelectionStart
149.2914,24,2,3,0,0.8623782,0.88662,0.3611369,16.8402,350.5863,7.812902,0.863085,0.81582,0.2784962,-0.2563494,-0.9061806,-0.5879468,SelectionEnd
149.2949,24,2,3,0,0.8623782,0.88662,0.3611369,16.8402,350.5863,7.812902,0.863085,0.81582,0.2784962,-0.2563494,-0.9061806,-0.5879468,GotSelection
149.3076,24,2,3,0,0.8626566,0.8866303,0.3611231,16.75803,350.5117,7.761804,0.8583469,0.8173912,0.2778169,-0.3054909,-0.882803,-0.5920447,SelectionStart
149.3076,24,2,3,0,0.8626566,0.8866303,0.3611231,16.75803,350.5117,7.761804,0.8583469,0.8173912,0.2778169,-0.3054909,-0.882803,-0.5920447,SelectionEnd
149.311,24,2,3,0,0.8626566,0.8866303,0.3611231,16.75803,350.5117,7.761804,0.8583469,0.8173912,0.2778169,-0.3054909,-0.882803,-0.5920447,GotSelection
149.3204,24,2,3,0,0.8628858,0.8866732,0.3609397,16.71573,350.5053,7.755715,0.8550492,0.8184652,0.2772573,-0.3397771,-0.8669137,-0.5936673,SelectionStart
149.3204,24,2,3,0,0.8628858,0.8866732,0.3609397,16.71573,350.5053,7.755715,0.8550492,0.8184652,0.2772573,-0.3397771,-0.8669137,-0.5936673,SelectionEnd
149.3238,24,2,3,0,0.8628858,0.8866732,0.3609397,16.71573,350.5053,7.755715,0.8550492,0.8184652,0.2772573,-0.3397771,-0.8669137,-0.5936673,GotSelection
149.3334,24,2,3,0,0.8629757,0.8867856,0.3607181,16.70236,350.5735,7.774872,0.8514803,0.8193446,0.2766044,-0.3751956,-0.8538616,-0.5946791,SelectionStart
149.3334,24,2,3,0,0.8629757,0.8867856,0.3607181,16.70236,350.5735,7.774872,0.8514803,0.8193446,0.2766044,-0.3751956,-0.8538616,-0.5946791,SelectionEnd
149.3368,24,2,3,0,0.8629757,0.8867856,0.3607181,16.70236,350.5735,7.774872,0.8514803,0.8193446,0.2766044,-0.3751956,-0.8538616,-0.5946791,GotSelection
149.3482,24,2,3,0,0.8631058,0.8870447,0.3604344,16.70648,350.6549,7.799393,0.8467928,0.8204439,0.2758023,-0.422093,-0.8383885,-0.5947812,SelectionStart
149.3482,24,2,3,0,0.8631058,0.8870447,0.3604344,16.70648,350.6549,7.799393,0.8467928,0.8204439,0.2758023,-0.422093,-0.8383885,-0.5947812,SelectionEnd
149.3517,24,2,3,0,0.8631058,0.8870447,0.3604344,16.70648,350.6549,7.799393,0.8467928,0.8204439,0.2758023,-0.422093,-0.8383885,-0.5947812,GotSelection
149.3616,24,2,3,0,0.8630146,0.8874211,0.3603536,16.7098,350.7029,7.859677,0.8428546,0.8211001,0.2754142,-0.4606721,-0.8291466,-0.592685,SelectionStart
149.3616,24,2,3,0,0.8630146,0.8874211,0.3603536,16.7098,350.7029,7.859677,0.8428546,0.8211001,0.2754142,-0.4606721,-0.8291466,-0.592685,SelectionEnd
149.3651,24,2,3,0,0.8630146,0.8874211,0.3603536,16.7098,350.7029,7.859677,0.8428546,0.8211001,0.2754142,-0.4606721,-0.8291466,-0.592685,GotSelection
149.3751,24,2,3,0,0.8629209,0.8876834,0.360273,16.68978,350.7084,7.900749,0.8403235,0.8214203,0.2750873,-0.4857318,-0.8242046,-0.5917248,SelectionStart
149.3751,24,2,3,0,0.8629209,0.8876834,0.360273,16.68978,350.7084,7.900749,0.8403235,0.8214203,0.2750873,-0.4857318,-0.8242046,-0.5917248,SelectionEnd
149.3788,24,2,3,0,0.8629209,0.8876834,0.360273,16.68978,350.7084,7.900749,0.8403235,0.8214203,0.2750873,-0.4857318,-0.8242046,-0.5917248,GotSelection
149.4201,24,2,3,0,0.8625928,0.887983,0.3605077,16.56591,350.5733,7.903902,0.8356583,0.8214939,0.2750236,-0.5313477,-0.8173176,-0.5880738,SelectionStart
149.4201,24,2,3,0,0.8625928,0.887983,0.3605077,16.56591,350.5733,7.903902,0.8356583,0.8214939,0.2750236,-0.5313477,-0.8173176,-0.5880738,SelectionEnd
149.4234,24,2,3,0,0.8625928,0.887983,0.3605077,16.56591,350.5733,7.903902,0.8356583,0.8214939,0.2750236,-0.5313477,-0.8173176,-0.5880738,GotSelection
149.4328,24,2,3,0,0.8618585,0.8883367,0.3605531,16.5429,350.518,7.858085,0.8340483,0.8203172,0.2761824,-0.5398532,-0.8275895,-0.5714499,SelectionStart
149.4328,24,2,3,0,0.8618585,0.8883367,0.3605531,16.5429,350.518,7.858085,0.8340483,0.8203172,0.2761824,-0.5398532,-0.8275895,-0.5714499,SelectionEnd
149.436,24,2,3,0,0.8618585,0.8883367,0.3605531,16.5429,350.518,7.858085,0.8340483,0.8203172,0.2761824,-0.5398532,-0.8275895,-0.5714499,GotSelection
149.4494,24,2,3,0,0.8613598,0.8887714,0.3604455,16.51449,350.5339,7.925174,0.8344235,0.8193266,0.2771001,-0.531728,-0.8395047,-0.5593836,SelectionStart
149.4494,24,2,3,0,0.8613598,0.8887714,0.3604455,16.51449,350.5339,7.925174,0.8344235,0.8193266,0.2771001,-0.531728,-0.8395047,-0.5593836,SelectionEnd
149.4527,24,2,3,0,0.8613598,0.8887714,0.3604455,16.51449,350.5339,7.925174,0.8344235,0.8193266,0.2771001,-0.531728,-0.8395047,-0.5593836,GotSelection
149.4655,24,2,3,0,0.8608001,0.8892985,0.3602296,16.4676,350.5514,8.041032,0.8356686,0.8180101,0.2780388,-0.5154092,-0.856301,-0.5466697,SelectionStart
149.4655,24,2,3,0,0.8608001,0.8892985,0.3602296,16.4676,350.5514,8.041032,0.8356686,0.8180101,0.2780388,-0.5154092,-0.856301,-0.5466697,SelectionEnd
149.469,24,2,3,0,0.8608001,0.8892985,0.3602296,16.4676,350.5514,8.041032,0.8356686,0.8180101,0.2780388,-0.5154092,-0.856301,-0.5466697,GotSelection
149.4792,24,2,3,0,0.860516,0.8896542,0.3602153,16.44634,350.5143,8.113925,0.8371769,0.816556,0.2787873,-0.500151,-0.8742512,-0.5370693,SelectionStart
149.4792,24,2,3,0,0.860516,0.8896542,0.3602153,16.44634,350.5143,8.113925,0.8371769,0.816556,0.2787873,-0.500151,-0.8742512,-0.5370693,SelectionEnd
149.4825,24,2,3,0,0.860516,0.8896542,0.3602153,16.44634,350.5143,8.113925,0.8371769,0.816556,0.2787873,-0.500151,-0.8742512,-0.5370693,GotSelection
149.4917,24,2,3,0,0.8598296,0.889862,0.3603376,16.43016,350.4797,8.140777,0.8389132,0.8156126,0.2794053,-0.4775978,-0.8882076,-0.5329342,SelectionStart
149.4917,24,2,3,0,0.8598296,0.889862,0.3603376,16.43016,350.4797,8.140777,0.8389132,0.8156126,0.2794053,-0.4775978,-0.8882076,-0.5329342,SelectionEnd
149.495,24,2,3,0,0.8598296,0.889862,0.3603376,16.43016,350.4797,8.140777,0.8389132,0.8156126,0.2794053,-0.4775978,-0.8882076,-0.5329342,GotSelection
149.5074,24,2,3,0,0.8592669,0.8900113,0.3604989,16.40751,350.3882,8.141855,0.8424251,0.8142869,0.2803469,-0.4389125,-0.9076862,-0.5276544,SelectionStart
149.5074,24,2,3,0,0.8592669,0.8900113,0.3604989,16.40751,350.3882,8.141855,0.8424251,0.8142869,0.2803469,-0.4389125,-0.9076862,-0.5276544,SelectionEnd
149.5107,24,2,3,0,0.8592669,0.8900113,0.3604989,16.40751,350.3882,8.141855,0.8424251,0.8142869,0.2803469,-0.4389125,-0.9076862,-0.5276544,GotSelection
149.5216,24,2,3,0,0.85905,0.8900964,0.3604411,16.36596,350.3468,8.14107,0.8451566,0.8136851,0.2811145,-0.4094635,-0.9173183,-0.523038,SelectionStart
149.5216,24,2,3,0,0.85905,0.8900964,0.3604411,16.36596,350.3468,8.14107,0.8451566,0.8136851,0.2811145,-0.4094635,-0.9173183,-0.523038,SelectionEnd
149.5251,24,2,3,0,0.85905,0.8900964,0.3604411,16.36596,350.3468,8.14107,0.8451566,0.8136851,0.2811145,-0.4094635,-0.9173183,-0.523038,GotSelection
149.536,24,2,3,0,0.8585681,0.8903108,0.3602901,16.27305,350.2939,8.154529,0.8493478,0.8127764,0.2825691,-0.3622429,-0.9319044,-0.5133654,SelectionStart
149.536,24,2,3,0,0.8585681,0.8903108,0.3602901,16.27305,350.2939,8.154529,0.8493478,0.8127764,0.2825691,-0.3622429,-0.9319044,-0.5133654,SelectionEnd
149.5394,24,2,3,0,0.8585681,0.8903108,0.3602901,16.27305,350.2939,8.154529,0.8493478,0.8127764,0.2825691,-0.3622429,-0.9319044,-0.5133654,GotSelection
149.549,24,2,3,0,0.858169,0.8905079,0.3600807,16.17723,350.2744,8.168987,0.8538811,0.8118098,0.2842641,-0.3114676,-0.9467669,-0.5013851,SelectionStart
149.549,24,2,3,0,0.858169,0.8905079,0.3600807,16.17723,350.2744,8.168987,0.8538811,0.8118098,0.2842641,-0.3114676,-0.9467669,-0.5013851,SelectionEnd
149.5523,24,2,3,0,0.858169,0.8905079,0.3600807,16.17723,350.2744,8.168987,0.8538811,0.8118098,0.2842641,-0.3114676,-0.9467669,-0.5013851,GotSelection
149.5622,24,2,3,0,0.8577775,0.8906106,0.3599973,16.11137,350.287,8.20075,0.8576639,0.8112006,0.285738,-0.2682078,-0.9570054,-0.492392,SelectionStart
149.5622,24,2,3,0,0.8577775,0.8906106,0.3599973,16.11137,350.287,8.20075,0.8576639,0.8112006,0.285738,-0.2682078,-0.9570054,-0.492392,SelectionEnd
149.5654,24,2,3,0,0.8577775,0.8906106,0.3599973,16.11137,350.287,8.20075,0.8576639,0.8112006,0.285738,-0.2682078,-0.9570054,-0.492392,GotSelection
149.5746,24,2,3,0,0.8575467,0.8907153,0.3598967,16.02919,350.2725,8.246655,0.8612664,0.8109098,0.2870332,-0.2287947,-0.963736,-0.4855215,SelectionStart
149.5746,24,2,3,0,0.8575467,0.8907153,0.3598967,16.02919,350.2725,8.246655,0.8612664,0.8109098,0.2870332,-0.2287947,-0.963736,-0.4855215,SelectionEnd
149.5783,24,2,3,0,0.8575467,0.8907153,0.3598967,16.02919,350.2725,8.246655,0.8612664,0.8109098,0.2870332,-0.2287947,-0.963736,-0.4855215,GotSelection
149.6192,24,2,3,0,0.8570037,0.8913046,0.3596417,15.80471,350.2192,8.402616,0.8732513,0.8113889,0.2929051,-0.09528226,-0.9713785,-0.4506198,SelectionStart
149.6192,24,2,3,0,0.8570037,0.8913046,0.3596417,15.80471,350.2192,8.402616,0.8732513,0.8113889,0.2929051,-0.09528226,-0.9713785,-0.4506198,SelectionEnd
149.6225,24,2,3,0,0.8570037,0.8913046,0.3596417,15.80471,350.2192,8.402616,0.8732513,0.8113889,0.2929051,-0.09528226,-0.9713785,-0.4506198,GotSelection
149.6318,24,2,3,0,0.8568169,0.8913694,0.3596272,15.75944,350.1925,8.462603,0.8769479,0.8123294,0.2950061,-0.05247399,-0.964765,-0.4398654,SelectionStart
149.6319,24,2,3,0,0.8568169,0.8913694,0.3596272,15.75944,350.1925,8.462603,0.8769479,0.8123294,0.2950061,-0.05247399,-0.964765,-0.4398654,SelectionEnd
149.6351,24,2,3,0,0.8568169,0.8913694,0.3596272,15.75944,350.1925,8.462603,0.8769479,0.8123294,0.2950061,-0.05247399,-0.964765,-0.4398654,GotSelection
149.6437,24,2,3,0,0.8569571,0.8914177,0.3595588,15.75677,350.2205,8.513154,0.8793595,0.8131314,0.2964939,-0.02617292,-0.9580518,-0.4306861,SelectionStart
149.6438,24,2,3,0,0.8569571,0.8914177,0.3595588,15.75677,350.2205,8.513154,0.8793595,0.8131314,0.2964939,-0.02617292,-0.9580518,-0.4306861,SelectionEnd
149.647,24,2,3,0,0.8569571,0.8914177,0.3595588,15.75677,350.2205,8.513154,0.8793595,0.8131314,0.2964939,-0.02617292,-0.9580518,-0.4306861,GotSelection
149.6569,24,2,3,0,0.8572547,0.8914586,0.3594013,15.73538,350.257,8.557436,0.8809565,0.8141201,0.2980729,-0.008579533,-0.9470218,-0.418945,SelectionStart
149.6569,24,2,3,0,0.8572547,0.8914586,0.3594013,15.73538,350.257,8.557436,0.8809565,0.8141201,0.2980729,-0.008579533,-0.9470218,-0.418945,SelectionEnd
149.6602,24,2,3,0,0.8572547,0.8914586,0.3594013,15.73538,350.257,8.557436,0.8809565,0.8141201,0.2980729,-0.008579533,-0.9470218,-0.418945,GotSelection
149.671,24,2,3,0,0.8576364,0.8914523,0.359121,15.73034,350.3083,8.579982,0.8832145,0.815156,0.3000455,0.01643773,-0.9351023,-0.4030904,SelectionStart
149.6711,24,2,3,0,0.8576364,0.8914523,0.359121,15.73034,350.3083,8.579982,0.8832145,0.815156,0.3000455,0.01643773,-0.9351023,-0.4030904,SelectionEnd
149.6744,24,2,3,0,0.8576364,0.8914523,0.359121,15.73034,350.3083,8.579982,0.8832145,0.815156,0.3000455,0.01643773,-0.9351023,-0.4030904,GotSelection
149.6859,24,2,3,0,0.8580747,0.8912092,0.359039,15.78816,350.3601,8.556145,0.8844743,0.8154832,0.3014927,0.0294947,-0.9278659,-0.3901578,SelectionStart
149.6859,24,2,3,0,0.8580747,0.8912092,0.359039,15.78816,350.3601,8.556145,0.8844743,0.8154832,0.3014927,0.0294947,-0.9278659,-0.3901578,SelectionEnd
149.6892,24,2,3,0,0.8580747,0.8912092,0.359039,15.78816,350.3601,8.556145,0.8844743,0.8154832,0.3014927,0.0294947,-0.9278659,-0.3901578,GotSelection
149.699,24,2,3,0,0.8583781,0.8908657,0.3592964,15.82783,350.3657,8.526624,0.88552,0.815843,0.3034784,0.04197019,-0.9184923,-0.3759622,SelectionStart
149.6991,24,2,3,0,0.8583781,0.8908657,0.3592964,15.82783,350.3657,8.526624,0.88552,0.815843,0.3034784,0.04197019,-0.9184923,-0.3759622,SelectionEnd
149.7024,24,2,3,0,0.8583781,0.8908657,0.3592964,15.82783,350.3657,8.526624,0.88552,0.815843,0.3034784,0.04197019,-0.9184923,-0.3759622,GotSelection
149.7148,24,2,3,0,0.8592178,0.8906353,0.3591707,15.82448,350.355,8.515796,0.8855018,0.8158539,0.3052167,0.03781823,-0.9098551,-0.3572699,SelectionStart
149.7148,24,2,3,0,0.8592178,0.8906353,0.3591707,15.82448,350.355,8.515796,0.8855018,0.8158539,0.3052167,0.03781823,-0.9098551,-0.3572699,SelectionEnd
149.7182,24,2,3,0,0.8592178,0.8906353,0.3591707,15.82448,350.355,8.515796,0.8855018,0.8158539,0.3052167,0.03781823,-0.9098551,-0.3572699,GotSelection
149.7282,24,2,3,0,0.8597013,0.8908699,0.3590333,15.79823,350.3762,8.546028,0.8851216,0.8154228,0.3068857,0.03186012,-0.9100692,-0.3368686,SelectionStart
149.7283,24,2,3,0,0.8597013,0.8908699,0.3590333,15.79823,350.3762,8.546028,0.8851216,0.8154228,0.3068857,0.03186012,-0.9100692,-0.3368686,SelectionEnd
149.7316,24,2,3,0,0.8597013,0.8908699,0.3590333,15.79823,350.3762,8.546028,0.8851216,0.8154228,0.3068857,0.03186012,-0.9100692,-0.3368686,GotSelection
149.7411,24,2,3,0,0.8601806,0.8908505,0.3589506,15.75707,350.3815,8.563426,0.8842115,0.8154288,0.3084498,0.02143021,-0.9028495,-0.3193462,SelectionStart
149.7411,24,2,3,0,0.8601806,0.8908505,0.3589506,15.75707,350.3815,8.563426,0.8842115,0.8154288,0.3084498,0.02143021,-0.9028495,-0.3193462,SelectionEnd
149.7447,24,2,3,0,0.8601806,0.8908505,0.3589506,15.75707,350.3815,8.563426,0.8842115,0.8154288,0.3084498,0.02143021,-0.9028495,-0.3193462,GotSelection
149.7561,24,2,3,0,0.860213,0.8906842,0.3589676,15.74407,350.4146,8.563903,0.881382,0.8147647,0.3088155,-0.006521794,-0.9011897,-0.3100276,SelectionStart
149.7562,24,2,3,0,0.860213,0.8906842,0.3589676,15.74407,350.4146,8.563903,0.881382,0.8147647,0.3088155,-0.006521794,-0.9011897,-0.3100276,SelectionEnd
149.7596,24,2,3,0,0.860213,0.8906842,0.3589676,15.74407,350.4146,8.563903,0.881382,0.8147647,0.3088155,-0.006521794,-0.9011897,-0.3100276,GotSelection
149.8011,24,2,3,0,0.8606229,0.8904645,0.358855,15.76874,350.4811,8.543742,0.8772636,0.8139504,0.3094544,-0.0496522,-0.8964855,-0.2932238,SelectionStart
149.8011,24,2,3,0,0.8606229,0.8904645,0.358855,15.76874,350.4811,8.543742,0.8772636,0.8139504,0.3094544,-0.0496522,-0.8964855,-0.2932238,SelectionEnd
149.8046,24,2,3,0,0.8606229,0.8904645,0.358855,15.76874,350.4811,8.543742,0.8772636,0.8139504,0.3094544,-0.0496522,-0.8964855,-0.2932238,GotSelection
149.814,24,2,3,0,0.8611752,0.8901577,0.3588003,15.7656,350.5305,8.49234,0.8704345,0.8131208,0.3097869,-0.1213196,-0.8863873,-0.2760805,SelectionStart
149.8141,24,2,3,0,0.8611752,0.8901577,0.3588003,15.7656,350.5305,8.49234,0.8704345,0.8131208,0.3097869,-0.1213196,-0.8863873,-0.2760805,SelectionEnd
149.8174,24,2,3,0,0.8611752,0.8901577,0.3588003,15.7656,350.5305,8.49234,0.8704345,0.8131208,0.3097869,-0.1213196,-0.8863873,-0.2760805,GotSelection
149.8271,24,2,3,0,0.86137,0.8900803,0.3587554,15.74538,350.5292,8.461443,0.8668748,0.8125902,0.3098018,-0.1584891,-0.8833585,-0.2684951,SelectionStart
149.8271,24,2,3,0,0.86137,0.8900803,0.3587554,15.74538,350.5292,8.461443,0.8668748,0.8125902,0.3098018,-0.1584891,-0.8833585,-0.2684951,SelectionEnd
149.8304,24,2,3,0,0.86137,0.8900803,0.3587554,15.74538,350.5292,8.461443,0.8668748,0.8125902,0.3098018,-0.1584891,-0.8833585,-0.2684951,GotSelection
149.8407,24,2,3,0,0.8616756,0.8901344,0.3585627,15.72519,350.5492,8.453048,0.864076,0.8123475,0.3095133,-0.1894926,-0.8804473,-0.263923,SelectionStart
149.8407,24,2,3,0,0.8616756,0.8901344,0.3585627,15.72519,350.5492,8.453048,0.864076,0.8123475,0.3095133,-0.1894926,-0.8804473,-0.263923,SelectionEnd
149.8442,24,2,3,0,0.8616756,0.8901344,0.3585627,15.72519,350.5492,8.453048,0.864076,0.8123475,0.3095133,-0.1894926,-0.8804473,-0.263923,GotSelection
149.854,24,2,3,0,0.8619072,0.8901431,0.3585044,15.71137,350.5667,8.443789,0.860795,0.812049,0.309319,-0.2246472,-0.8769955,-0.2589707,SelectionStart
149.8541,24,2,3,0,0.8619072,0.8901431,0.3585044,15.71137,350.5667,8.443789,0.860795,0.812049,0.309319,-0.2246472,-0.8769955,-0.2589707,SelectionEnd
149.8573,24,2,3,0,0.8619072,0.8901431,0.3585044,15.71137,350.5667,8.443789,0.860795,0.812049,0.309319,-0.2246472,-0.8769955,-0.2589707,GotSelection
149.8672,24,2,3,0,0.8619521,0.8902569,0.3582915,15.69425,350.6046,8.444612,0.8587887,0.8121501,0.3090681,-0.2447103,-0.8732509,-0.2563444,SelectionStart
149.8672,24,2,3,0,0.8619521,0.8902569,0.3582915,15.69425,350.6046,8.444612,0.8587887,0.8121501,0.3090681,-0.2447103,-0.8732509,-0.2563444,SelectionEnd
149.8707,24,2,3,0,0.8619521,0.8902569,0.3582915,15.69425,350.6046,8.444612,0.8587887,0.8121501,0.3090681,-0.2447103,-0.8732509,-0.2563444,GotSelection
149.8816,24,2,3,0,0.8620932,0.8903546,0.3581495,15.67032,350.6308,8.426547,0.8569559,0.8122436,0.30892,-0.2637424,-0.8695377,-0.2536621,SelectionStart
149.8816,24,2,3,0,0.8620932,0.8903546,0.3581495,15.67032,350.6308,8.426547,0.8569559,0.8122436,0.30892,-0.2637424,-0.8695377,-0.2536621,SelectionEnd
149.885,24,2,3,0,0.8620932,0.8903546,0.3581495,15.67032,350.6308,8.426547,0.8569559,0.8122436,0.30892,-0.2637424,-0.8695377,-0.2536621,GotSelection
149.8961,24,2,3,0,0.8619027,0.8904075,0.3582689,15.66517,350.5875,8.404489,0.8563954,0.8123087,0.3093407,-0.2667896,-0.8679718,-0.2501645,SelectionStart
149.8961,24,2,3,0,0.8619027,0.8904075,0.3582689,15.66517,350.5875,8.404489,0.8563954,0.8123087,0.3093407,-0.2667896,-0.8679718,-0.2501645,SelectionEnd
149.8997,24,2,3,0,0.8619027,0.8904075,0.3582689,15.66517,350.5875,8.404489,0.8563954,0.8123087,0.3093407,-0.2667896,-0.8679718,-0.2501645,GotSelection
149.91,24,2,3,0,0.8617868,0.8902441,0.358627,15.63582,350.4675,8.342997,0.8566708,0.8124455,0.3099625,-0.261987,-0.8650939,-0.2492541,SelectionStart
149.91,24,2,3,0,0.8617868,0.8902441,0.358627,15.63582,350.4675,8.342997,0.8566708,0.8124455,0.3099625,-0.261987,-0.8650939,-0.2492541,SelectionEnd
149.9142,24,2,3,0,0.8617868,0.8902441,0.358627,15.63582,350.4675,8.342997,0.8566708,0.8124455,0.3099625,-0.261987,-0.8650939,-0.2492541,GotSelection
149.9255,24,2,3,0,0.8615978,0.890227,0.3586531,15.63886,350.4166,8.282808,0.857906,0.8128528,0.3105668,-0.2456165,-0.8624609,-0.2469877,SelectionStart
149.9255,24,2,3,0,0.8615978,0.890227,0.3586531,15.63886,350.4166,8.282808,0.857906,0.8128528,0.3105668,-0.2456165,-0.8624609,-0.2469877,SelectionEnd
149.929,24,2,3,0,0.8615978,0.890227,0.3586531,15.63886,350.4166,8.282808,0.857906,0.8128528,0.3105668,-0.2456165,-0.8624609,-0.2469877,GotSelection
149.9398,24,2,3,0,0.8610848,0.8901459,0.3587684,15.6361,350.3736,8.245368,0.8601567,0.8133886,0.3112447,-0.2160354,-0.8604078,-0.2477317,SelectionStart
149.9398,24,2,3,0,0.8610848,0.8901459,0.3587684,15.6361,350.3736,8.245368,0.8601567,0.8133886,0.3112447,-0.2160354,-0.8604078,-0.2477317,SelectionEnd
149.9433,24,2,3,0,0.8610848,0.8901459,0.3587684,15.6361,350.3736,8.245368,0.8601567,0.8133886,0.3112447,-0.2160354,-0.8604078,-0.2477317,GotSelection
149.953,24,2,3,0,0.8607598,0.8901948,0.3588132,15.63809,350.3479,8.272445,0.8623825,0.8137298,0.3118435,-0.1898678,-0.8609367,-0.2473015,SelectionStart
149.953,24,2,3,0,0.8607598,0.8901948,0.3588132,15.63809,350.3479,8.272445,0.8623825,0.8137298,0.3118435,-0.1898678,-0.8609367,-0.2473015,SelectionEnd
149.9563,24,2,3,0,0.8607598,0.8901948,0.3588132,15.63809,350.3479,8.272445,0.8623825,0.8137298,0.3118435,-0.1898678,-0.8609367,-0.2473015,GotSelection
149.9961,24,2,3,0,0.8588696,0.8906002,0.35914,15.66944,350.259,8.45925,0.8743508,0.8147729,0.3135512,-0.05271129,-0.8776459,-0.2581457,SelectionStart
149.9961,24,2,3,0,0.8588696,0.8906002,0.35914,15.66944,350.259,8.45925,0.8743508,0.8147729,0.3135512,-0.05271129,-0.8776459,-0.2581457,SelectionEnd
149.9996,24,2,3,0,0.8588696,0.8906002,0.35914,15.66944,350.259,8.45925,0.8743508,0.8147729,0.3135512,-0.05271129,-0.8776459,-0.2581457,GotSelection
150.0232,24,2,3,0,0.8576027,0.8899491,0.3601161,15.71196,350.0505,8.397668,0.8829961,0.8155602,0.3141811,0.04561136,-0.883803,-0.2819034,Nothing
150.0312,24,2,3,0,0.8572534,0.8898236,0.3602881,15.72488,350.0184,8.386753,0.8854246,0.8158729,0.3142404,0.07328776,-0.8852468,-0.2888321,Nothing
150.0397,24,2,3,0,0.8569055,0.8897365,0.3604891,15.76924,350.0056,8.411506,0.8880957,0.8163645,0.3140863,0.1026192,-0.886616,-0.298386,Nothing
150.0477,24,2,3,0,0.8564866,0.8897293,0.3606051,15.803,349.9771,8.434033,0.8907066,0.816778,0.3139421,0.1319213,-0.8892869,-0.3068505,Nothing
150.0574,24,2,3,0,0.8561926,0.8896663,0.3609031,15.85484,349.9445,8.468827,0.894798,0.8176301,0.3136928,0.1744314,-0.8906949,-0.3215671,Nothing
150.0736,24,2,3,0,0.8556911,0.8896044,0.3611441,15.93065,349.9386,8.542215,0.9002337,0.8187613,0.3130082,0.231444,-0.8937727,-0.3429227,Nothing
150.0812,24,2,3,0,0.8554391,0.8895747,0.3612418,15.97062,349.945,8.581148,0.9031808,0.8195453,0.312604,0.262508,-0.8938565,-0.3548995,Nothing
150.0911,24,2,3,0,0.8552362,0.8894926,0.3614572,16.01132,349.9313,8.613727,0.9061167,0.8202116,0.3121573,0.2924209,-0.8948895,-0.3682691,Nothing
150.1106,24,2,3,0,0.854564,0.889438,0.3616493,16.03006,349.8909,8.659466,0.9132044,0.8219692,0.3112524,0.3680119,-0.8959349,-0.3973309,Nothing
150.1252,24,2,3,0,0.8542418,0.8892274,0.3618666,16.04986,349.8311,8.668941,0.9179172,0.8232411,0.3107334,0.417366,-0.8937275,-0.4175457,Nothing
150.14,24,2,3,0,0.8540925,0.8889216,0.3620427,16.09406,349.775,8.660408,0.9219657,0.8249599,0.3097169,0.4585213,-0.8858049,-0.4419626,Nothing
150.1483,24,2,3,0,0.8538396,0.8889398,0.3620999,16.09274,349.7466,8.657743,0.9238194,0.8257397,0.308989,0.4783658,-0.8846013,-0.4556616,Nothing
150.1557,24,2,3,0,0.8537214,0.8888587,0.3621251,16.08656,349.7262,8.658768,0.9258438,0.826399,0.3084812,0.4991284,-0.8830366,-0.4669354,Nothing
150.1651,24,2,3,0,0.8536358,0.8887428,0.3622254,16.06493,349.6994,8.66675,0.9270437,0.8274456,0.3074699,0.5106159,-0.8770302,-0.4837753,Nothing
150.1744,24,2,3,0,0.8534448,0.8886411,0.3622008,16.05557,349.6682,8.684842,0.9295639,0.8283281,0.3067386,0.5365425,-0.8748218,-0.498599,Nothing
150.1895,24,2,3,0,0.8532076,0.8884491,0.3624278,16.07261,349.5878,8.703985,0.9313552,0.8283172,0.3061285,0.5535754,-0.8796676,-0.5114336,Nothing
150.198,24,2,3,0,0.8531416,0.8884555,0.3625372,16.09733,349.5683,8.730966,0.9323994,0.8287222,0.305821,0.5634582,-0.8795941,-0.518434,Nothing
150.2065,24,2,3,0,0.8531449,0.8884551,0.3625515,16.1225,349.566,8.747153,0.933216,0.8294684,0.3058762,0.5723526,-0.8743017,-0.5212818,Nothing
150.2148,24,2,3,0,0.8531154,0.8883838,0.3625042,16.13044,349.591,8.760863,0.9342182,0.8298854,0.3055807,0.5827754,-0.872458,-0.526484,Nothing
150.2229,24,2,3,0,0.8531339,0.88831,0.3625194,16.14197,349.604,8.766759,0.9346904,0.8303547,0.30533,0.5875165,-0.8689242,-0.5310777,Nothing
150.2321,24,2,3,0,0.853148,0.8882548,0.3625049,16.14789,349.6104,8.771905,0.9352875,0.8309066,0.3050192,0.5934933,-0.8650644,-0.536531,Nothing
150.2394,24,2,3,0,0.8532342,0.8881162,0.3625012,16.14648,349.6077,8.745228,0.9358706,0.8314024,0.3047137,0.5990205,-0.8603919,-0.5421699,Nothing
150.2487,24,2,3,0,0.8532041,0.8883978,0.3623249,16.13311,349.5971,8.730387,0.9364079,0.8321818,0.304244,0.6047875,-0.8571837,-0.5477186,Nothing
150.2575,24,2,3,0,0.8532336,0.8883793,0.3623409,16.12567,349.5781,8.723676,0.936502,0.8326308,0.3039465,0.6052733,-0.8534498,-0.552509,Nothing
150.2646,24,2,3,0,0.8532716,0.888212,0.3624649,16.13033,349.5646,8.723962,0.9364998,0.8330258,0.3036769,0.6046391,-0.8489633,-0.557928,Nothing
150.2735,24,2,3,0,0.8532452,0.8883504,0.3624797,16.11415,349.5569,8.734763,0.9365339,0.8337333,0.3038655,0.6062329,-0.8431133,-0.5582776,Nothing
150.281,24,2,3,0,0.8532072,0.8882288,0.3624876,16.12971,349.5503,8.745448,0.9367198,0.8338476,0.3036883,0.6081015,-0.842013,-0.5610082,Nothing
150.2894,24,2,3,0,0.853143,0.8882816,0.3625715,16.138,349.5449,8.767195,0.936652,0.8341374,0.3035396,0.607491,-0.8406055,-0.5638743,Nothing
150.2979,24,2,3,0,0.8531482,0.8883371,0.3625615,16.14289,349.5469,8.780688,0.9366511,0.8344444,0.3033699,0.6072688,-0.8387404,-0.5660275,Nothing
150.306,24,2,3,0,0.853177,0.8882825,0.3626161,16.15159,349.5371,8.782713,0.9367138,0.8349303,0.3030882,0.6074789,-0.8345292,-0.5708698,Nothing
150.3151,24,2,3,0,0.8533279,0.8882456,0.3626773,16.16206,349.5198,8.789504,0.9369169,0.8353021,0.3028552,0.6075889,-0.8316072,-0.5750356,Nothing
150.3225,24,2,3,0,0.8532819,0.8882478,0.3626858,16.15931,349.4889,8.78497,0.9369387,0.835593,0.302575,0.607685,-0.8296353,-0.57917,Nothing
150.3322,24,2,3,0,0.8532634,0.8882883,0.3627491,16.16464,349.4725,8.797642,0.9367481,0.8359836,0.3020722,0.6048176,-0.827504,-0.5854433,Nothing
150.3404,24,2,3,0,0.8532574,0.8883461,0.3627664,16.16565,349.456,8.801723,0.9369766,0.8359354,0.3016205,0.6056114,-0.8302485,-0.5902668,SelectionStart
150.3404,24,2,3,0,0.8532574,0.8883461,0.3627664,16.16565,349.456,8.801723,0.9369766,0.8359354,0.3016205,0.6056114,-0.8302485,-0.5902668,SelectionEnd
150.3437,24,2,3,0,0.8532574,0.8883461,0.3627664,16.16565,349.456,8.801723,0.9369766,0.8359354,0.3016205,0.6056114,-0.8302485,-0.5902668,GotSelection
150.3535,24,2,3,0,0.8530913,0.8885424,0.3628015,16.15149,349.4393,8.795685,0.9365985,0.8360677,0.300857,0.6014935,-0.8322225,-0.5977806,SelectionStart
150.3535,24,2,3,0,0.8530913,0.8885424,0.3628015,16.15149,349.4393,8.795685,0.9365985,0.8360677,0.300857,0.6014935,-0.8322225,-0.5977806,SelectionEnd
150.3567,24,2,3,0,0.8530913,0.8885424,0.3628015,16.15149,349.4393,8.795685,0.9365985,0.8360677,0.300857,0.6014935,-0.8322225,-0.5977806,GotSelection
150.3655,24,2,3,0,0.8530418,0.8885362,0.3627856,16.13062,349.408,8.772752,0.9360057,0.8357372,0.3002945,0.5943519,-0.8351898,-0.6017923,SelectionStart
150.3656,24,2,3,0,0.8530418,0.8885362,0.3627856,16.13062,349.408,8.772752,0.9360057,0.8357372,0.3002945,0.5943519,-0.8351898,-0.6017923,SelectionEnd
150.369,24,2,3,0,0.8530418,0.8885362,0.3627856,16.13062,349.408,8.772752,0.9360057,0.8357372,0.3002945,0.5943519,-0.8351898,-0.6017923,GotSelection
150.3814,24,2,3,0,0.8529354,0.888641,0.3628006,16.08089,349.3639,8.725604,0.9346405,0.8351596,0.2995104,0.5792859,-0.8402569,-0.6064514,SelectionStart
150.3814,24,2,3,0,0.8529354,0.888641,0.3628006,16.08089,349.3639,8.725604,0.9346405,0.8351596,0.2995104,0.5792859,-0.8402569,-0.6064514,SelectionEnd
150.3847,24,2,3,0,0.8529354,0.888641,0.3628006,16.08089,349.3639,8.725604,0.9346405,0.8351596,0.2995104,0.5792859,-0.8402569,-0.6064514,GotSelection
150.3945,24,2,3,0,0.8528173,0.8887171,0.3628276,16.07421,349.3527,8.703459,0.9329528,0.8343998,0.2987289,0.5609447,-0.8468739,-0.6092553,SelectionStart
150.3946,24,2,3,0,0.8528173,0.8887171,0.3628276,16.07421,349.3527,8.703459,0.9329528,0.8343998,0.2987289,0.5609447,-0.8468739,-0.6092553,SelectionEnd
150.3986,24,2,3,0,0.8528173,0.8887171,0.3628276,16.07421,349.3527,8.703459,0.9329528,0.8343998,0.2987289,0.5609447,-0.8468739,-0.6092553,GotSelection
150.409,24,2,3,0,0.8529077,0.8885909,0.3629649,16.09234,349.3219,8.673862,0.9307714,0.8336701,0.2974094,0.5343562,-0.851633,-0.617569,SelectionStart
150.409,24,2,3,0,0.8529077,0.8885909,0.3629649,16.09234,349.3219,8.673862,0.9307714,0.8336701,0.2974094,0.5343562,-0.851633,-0.617569,SelectionEnd
150.4128,24,2,3,0,0.8529077,0.8885909,0.3629649,16.09234,349.3219,8.673862,0.9307714,0.8336701,0.2974094,0.5343562,-0.851633,-0.617569,GotSelection
150.424,24,2,3,0,0.8528149,0.8886648,0.3631551,16.11605,349.2891,8.654818,0.9286281,0.8326689,0.2961447,0.5090495,-0.8615868,-0.6248463,SelectionStart
150.424,24,2,3,0,0.8528149,0.8886648,0.3631551,16.11605,349.2891,8.654818,0.9286281,0.8326689,0.2961447,0.5090495,-0.8615868,-0.6248463,SelectionEnd
150.4273,24,2,3,0,0.8528149,0.8886648,0.3631551,16.11605,349.2891,8.654818,0.9286281,0.8326689,0.2961447,0.5090495,-0.8615868,-0.6248463,GotSelection
150.4367,24,2,3,0,0.8528083,0.8887104,0.363218,16.12341,349.2742,8.635134,0.9268732,0.8320313,0.2948779,0.4878722,-0.8678626,-0.6325849,SelectionStart
150.4367,24,2,3,0,0.8528083,0.8887104,0.363218,16.12341,349.2742,8.635134,0.9268732,0.8320313,0.2948779,0.4878722,-0.8678626,-0.6325849,SelectionEnd
150.4405,24,2,3,0,0.8528083,0.8887104,0.363218,16.12341,349.2742,8.635134,0.9268732,0.8320313,0.2948779,0.4878722,-0.8678626,-0.6325849,GotSelection
150.4506,24,2,3,0,0.8528911,0.8887463,0.3632642,16.11191,349.2701,8.625644,0.9249961,0.8308718,0.2936646,0.4640594,-0.8783804,-0.6379526,SelectionStart
150.4506,24,2,3,0,0.8528911,0.8887463,0.3632642,16.11191,349.2701,8.625644,0.9249961,0.8308718,0.2936646,0.4640594,-0.8783804,-0.6379526,SelectionEnd
150.4539,24,2,3,0,0.8528911,0.8887463,0.3632642,16.11191,349.2701,8.625644,0.9249961,0.8308718,0.2936646,0.4640594,-0.8783804,-0.6379526,GotSelection
150.4649,24,2,3,0,0.8528498,0.8887786,0.36335,16.07838,349.2372,8.597157,0.9219844,0.8294573,0.2920564,0.428847,-0.8899916,-0.6455348,SelectionStart
150.4649,24,2,3,0,0.8528498,0.8887786,0.36335,16.07838,349.2372,8.597157,0.9219844,0.8294573,0.2920564,0.428847,-0.8899916,-0.6455348,SelectionEnd
150.4682,24,2,3,0,0.8528498,0.8887786,0.36335,16.07838,349.2372,8.597157,0.9219844,0.8294573,0.2920564,0.428847,-0.8899916,-0.6455348,GotSelection
150.5134,24,2,3,0,0.8527919,0.8886474,0.3639276,16.01312,349.0308,8.476171,0.9137824,0.8249618,0.288754,0.3323637,-0.9239375,-0.6582596,SelectionStart
150.5135,24,2,3,0,0.8527919,0.8886474,0.3639276,16.01312,349.0308,8.476171,0.9137824,0.8249618,0.288754,0.3323637,-0.9239375,-0.6582596,SelectionEnd
150.5169,24,2,3,0,0.8527919,0.8886474,0.3639276,16.01312,349.0308,8.476171,0.9137824,0.8249618,0.288754,0.3323637,-0.9239375,-0.6582596,GotSelection
150.5263,24,2,3,0,0.8524373,0.8888678,0.3641647,16.05098,349.1014,8.591209,0.9048904,0.8206583,0.285213,0.2322463,-0.9608718,-0.6649244,SelectionStart
150.5263,24,2,3,0,0.8524373,0.8888678,0.3641647,16.05098,349.1014,8.591209,0.9048904,0.8206583,0.285213,0.2322463,-0.9608718,-0.6649244,SelectionEnd
150.5296,24,2,3,0,0.8524373,0.8888678,0.3641647,16.05098,349.1014,8.591209,0.9048904,0.8206583,0.285213,0.2322463,-0.9608718,-0.6649244,GotSelection
150.5403,24,2,3,0,0.8523265,0.889155,0.3641026,16.08197,349.1653,8.68053,0.9020797,0.81927,0.2840854,0.2002232,-0.9749748,-0.664577,SelectionStart
150.5403,24,2,3,0,0.8523265,0.889155,0.3641026,16.08197,349.1653,8.68053,0.9020797,0.81927,0.2840854,0.2002232,-0.9749748,-0.664577,SelectionEnd
150.5437,24,2,3,0,0.8523265,0.889155,0.3641026,16.08197,349.1653,8.68053,0.9020797,0.81927,0.2840854,0.2002232,-0.9749748,-0.664577,GotSelection
150.5536,24,2,3,0,0.8521943,0.8894216,0.3641438,16.12215,349.2114,8.779858,0.8990461,0.8173983,0.2825339,0.1638042,-0.9944839,-0.6676073,SelectionStart
150.5536,24,2,3,0,0.8521943,0.8894216,0.3641438,16.12215,349.2114,8.779858,0.8990461,0.8173983,0.2825339,0.1638042,-0.9944839,-0.6676073,SelectionEnd
150.5569,24,2,3,0,0.8521943,0.8894216,0.3641438,16.12215,349.2114,8.779858,0.8990461,0.8173983,0.2825339,0.1638042,-0.9944839,-0.6676073,GotSelection
150.5679,24,2,3,0,0.8521419,0.8897285,0.3642121,16.15078,349.2295,8.851838,0.8977931,0.8168973,0.2820058,0.1484016,-1.001844,-0.6682841,SelectionStart
150.5679,24,2,3,0,0.8521419,0.8897285,0.3642121,16.15078,349.2295,8.851838,0.8977931,0.8168973,0.2820058,0.1484016,-1.001844,-0.6682841,SelectionEnd
150.5714,24,2,3,0,0.8521419,0.8897285,0.3642121,16.15078,349.2295,8.851838,0.8977931,0.8168973,0.2820058,0.1484016,-1.001844,-0.6682841,GotSelection
150.5817,24,2,3,0,0.8519979,0.8898329,0.3644047,16.16253,349.1683,8.906875,0.8957171,0.8159985,0.2814507,0.1242178,-1.009594,-0.6691826,SelectionStart
150.5817,24,2,3,0,0.8519979,0.8898329,0.3644047,16.16253,349.1683,8.906875,0.8957171,0.8159985,0.2814507,0.1242178,-1.009594,-0.6691826,SelectionEnd
150.5851,24,2,3,0,0.8519979,0.8898329,0.3644047,16.16253,349.1683,8.906875,0.8957171,0.8159985,0.2814507,0.1242178,-1.009594,-0.6691826,GotSelection
150.5948,24,2,3,0,0.8518553,0.8902128,0.364344,16.13264,349.1486,8.964175,0.895328,0.815394,0.2811143,0.1183818,-1.01904,-0.6691936,SelectionStart
150.5948,24,2,3,0,0.8518553,0.8902128,0.364344,16.13264,349.1486,8.964175,0.895328,0.815394,0.2811143,0.1183818,-1.01904,-0.6691936,SelectionEnd
150.5981,24,2,3,0,0.8518553,0.8902128,0.364344,16.13264,349.1486,8.964175,0.895328,0.815394,0.2811143,0.1183818,-1.01904,-0.6691936,GotSelection
150.6076,24,2,3,0,0.8517226,0.890354,0.3642794,16.12227,349.1739,9.054743,0.8945822,0.8150506,0.2812288,0.1108491,-1.022099,-0.6650299,SelectionStart
150.6077,24,2,3,0,0.8517226,0.890354,0.3642794,16.12227,349.1739,9.054743,0.8945822,0.8150506,0.2812288,0.1108491,-1.022099,-0.6650299,SelectionEnd
150.6109,24,2,3,0,0.8517226,0.890354,0.3642794,16.12227,349.1739,9.054743,0.8945822,0.8150506,0.2812288,0.1108491,-1.022099,-0.6650299,GotSelection
150.6229,24,2,3,0,0.8516255,0.8906278,0.3639538,16.10646,349.2195,9.123967,0.8941784,0.8148422,0.2815826,0.1081912,-1.024467,-0.6566283,SelectionStart
150.6229,24,2,3,0,0.8516255,0.8906278,0.3639538,16.10646,349.2195,9.123967,0.8941784,0.8148422,0.2815826,0.1081912,-1.024467,-0.6566283,SelectionEnd
150.6261,24,2,3,0,0.8516255,0.8906278,0.3639538,16.10646,349.2195,9.123967,0.8941784,0.8148422,0.2815826,0.1081912,-1.024467,-0.6566283,GotSelection
150.6369,24,2,3,0,0.8515841,0.8906425,0.3637412,16.09896,349.2552,9.144941,0.8942357,0.8146334,0.2821326,0.1107845,-1.024975,-0.6488018,SelectionStart
150.6369,24,2,3,0,0.8515841,0.8906425,0.3637412,16.09896,349.2552,9.144941,0.8942357,0.8146334,0.2821326,0.1107845,-1.024975,-0.6488018,SelectionEnd
150.6402,24,2,3,0,0.8515841,0.8906425,0.3637412,16.09896,349.2552,9.144941,0.8942357,0.8146334,0.2821326,0.1107845,-1.024975,-0.6488018,GotSelection
150.6504,24,2,3,0,0.8515767,0.8905976,0.3636183,16.09416,349.2351,9.147534,0.8947153,0.8143933,0.2830492,0.1173207,-1.025285,-0.6393062,SelectionStart
150.6504,24,2,3,0,0.8515767,0.8905976,0.3636183,16.09416,349.2351,9.147534,0.8947153,0.8143933,0.2830492,0.1173207,-1.025285,-0.6393062,SelectionEnd
150.6538,24,2,3,0,0.8515767,0.8905976,0.3636183,16.09416,349.2351,9.147534,0.8947153,0.8143933,0.2830492,0.1173207,-1.025285,-0.6393062,GotSelection
150.6656,24,2,3,0,0.8517161,0.8906109,0.363541,16.10776,349.2033,9.129827,0.8953187,0.8139632,0.2840253,0.1234342,-1.028061,-0.6286742,SelectionStart
150.6656,24,2,3,0,0.8517161,0.8906109,0.363541,16.10776,349.2033,9.129827,0.8953187,0.8139632,0.2840253,0.1234342,-1.028061,-0.6286742,SelectionEnd
150.6689,24,2,3,0,0.8517161,0.8906109,0.363541,16.10776,349.2033,9.129827,0.8953187,0.8139632,0.2840253,0.1234342,-1.028061,-0.6286742,GotSelection
150.7119,24,2,3,0,0.8516293,0.8908295,0.3629478,16.06606,349.2547,9.166604,0.9013821,0.8146806,0.2898147,0.1995617,-1.020389,-0.580328,SelectionStart
150.7119,24,2,3,0,0.8516293,0.8908295,0.3629478,16.06606,349.2547,9.166604,0.9013821,0.8146806,0.2898147,0.1995617,-1.020389,-0.580328,SelectionEnd
150.7151,24,2,3,0,0.8516293,0.8908295,0.3629478,16.06606,349.2547,9.166604,0.9013821,0.8146806,0.2898147,0.1995617,-1.020389,-0.580328,GotSelection
150.7241,24,2,3,0,0.8515875,0.8908982,0.3627668,16.05696,349.2853,9.195247,0.9034714,0.8156745,0.291718,0.2266964,-1.010906,-0.5667141,SelectionStart
150.7241,24,2,3,0,0.8515875,0.8908982,0.3627668,16.05696,349.2853,9.195247,0.9034714,0.8156745,0.291718,0.2266964,-1.010906,-0.5667141,SelectionEnd
150.7277,24,2,3,0,0.8515875,0.8908982,0.3627668,16.05696,349.2853,9.195247,0.9034714,0.8156745,0.291718,0.2266964,-1.010906,-0.5667141,GotSelection
150.7383,24,2,3,0,0.8515625,0.8908765,0.3626368,16.03508,349.2872,9.200182,0.9065906,0.8168188,0.293905,0.26471,-1.000461,-0.5537641,SelectionStart
150.7383,24,2,3,0,0.8515625,0.8908765,0.3626368,16.03508,349.2872,9.200182,0.9065906,0.8168188,0.293905,0.26471,-1.000461,-0.5537641,SelectionEnd
150.742,24,2,3,0,0.8515625,0.8908765,0.3626368,16.03508,349.2872,9.200182,0.9065906,0.8168188,0.293905,0.26471,-1.000461,-0.5537641,GotSelection
150.751,24,2,3,0,0.8513987,0.8908252,0.3626528,16.02175,349.2536,9.157545,0.9091955,0.8181956,0.2953932,0.297812,-0.9885831,-0.5491225,SelectionStart
150.751,24,2,3,0,0.8513987,0.8908252,0.3626528,16.02175,349.2536,9.157545,0.9091955,0.8181956,0.2953932,0.297812,-0.9885831,-0.5491225,SelectionEnd
150.7544,24,2,3,0,0.8513987,0.8908252,0.3626528,16.02175,349.2536,9.157545,0.9091955,0.8181956,0.2953932,0.297812,-0.9885831,-0.5491225,GotSelection
150.7648,24,2,3,0,0.8513831,0.8906419,0.3626941,16.0233,349.2228,9.103634,0.9127132,0.8207995,0.2974586,0.342005,-0.9638513,-0.54416,SelectionStart
150.7648,24,2,3,0,0.8513831,0.8906419,0.3626941,16.0233,349.2228,9.103634,0.9127132,0.8207995,0.2974586,0.342005,-0.9638513,-0.54416,SelectionEnd
150.7681,24,2,3,0,0.8513831,0.8906419,0.3626941,16.0233,349.2228,9.103634,0.9127132,0.8207995,0.2974586,0.342005,-0.9638513,-0.54416,GotSelection
150.7777,24,2,3,0,0.851497,0.8906724,0.3624494,15.98738,349.2422,9.100498,0.9155531,0.8224873,0.2991736,0.3762395,-0.948425,-0.5353283,SelectionStart
150.7777,24,2,3,0,0.851497,0.8906724,0.3624494,15.98738,349.2422,9.100498,0.9155531,0.8224873,0.2991736,0.3762395,-0.948425,-0.5353283,SelectionEnd
150.7811,24,2,3,0,0.851497,0.8906724,0.3624494,15.98738,349.2422,9.100498,0.9155531,0.8224873,0.2991736,0.3762395,-0.948425,-0.5353283,GotSelection
150.7918,24,2,3,0,0.8514279,0.8909032,0.3621894,15.94427,349.2607,9.127054,0.9196073,0.8252488,0.3011299,0.4256421,-0.927009,-0.5290956,SelectionStart
150.7919,24,2,3,0,0.8514279,0.8909032,0.3621894,15.94427,349.2607,9.127054,0.9196073,0.8252488,0.3011299,0.4256421,-0.927009,-0.5290956,SelectionEnd
150.7953,24,2,3,0,0.8514279,0.8909032,0.3621894,15.94427,349.2607,9.127054,0.9196073,0.8252488,0.3011299,0.4256421,-0.927009,-0.5290956,GotSelection
150.8071,24,2,3,0,0.8512255,0.8908011,0.3623471,15.96224,349.2544,9.138675,0.9234129,0.8282343,0.3030559,0.4735789,-0.9015345,-0.527841,SelectionStart
150.8071,24,2,3,0,0.8512255,0.8908011,0.3623471,15.96224,349.2544,9.138675,0.9234129,0.8282343,0.3030559,0.4735789,-0.9015345,-0.527841,SelectionEnd
150.8104,24,2,3,0,0.8512255,0.8908011,0.3623471,15.96224,349.2544,9.138675,0.9234129,0.8282343,0.3030559,0.4735789,-0.9015345,-0.527841,GotSelection
150.8204,24,2,3,0,0.8511766,0.8906465,0.3624176,15.985,349.2458,9.131878,0.9261065,0.8306518,0.3043108,0.5071988,-0.8796996,-0.5284383,SelectionStart
150.8204,24,2,3,0,0.8511766,0.8906465,0.3624176,15.985,349.2458,9.131878,0.9261065,0.8306518,0.3043108,0.5071988,-0.8796996,-0.5284383,SelectionEnd
150.8237,24,2,3,0,0.8511766,0.8906465,0.3624176,15.985,349.2458,9.131878,0.9261065,0.8306518,0.3043108,0.5071988,-0.8796996,-0.5284383,GotSelection
150.833,24,2,3,0,0.8511535,0.8905379,0.3624183,15.98085,349.2397,9.120151,0.9287891,0.8332028,0.3055026,0.5407513,-0.8566228,-0.5295101,SelectionStart
150.8331,24,2,3,0,0.8511535,0.8905379,0.3624183,15.98085,349.2397,9.120151,0.9287891,0.8332028,0.3055026,0.5407513,-0.8566228,-0.5295101,SelectionEnd
150.8365,24,2,3,0,0.8511535,0.8905379,0.3624183,15.98085,349.2397,9.120151,0.9287891,0.8332028,0.3055026,0.5407513,-0.8566228,-0.5295101,GotSelection
150.8489,24,2,3,0,0.8510829,0.8902738,0.3624155,15.94837,349.2224,9.076804,0.9322795,0.8372603,0.3063335,0.5847911,-0.8195348,-0.540748,SelectionStart
150.8489,24,2,3,0,0.8510829,0.8902738,0.3624155,15.94837,349.2224,9.076804,0.9322795,0.8372603,0.3063335,0.5847911,-0.8195348,-0.540748,SelectionEnd
150.8522,24,2,3,0,0.8510829,0.8902738,0.3624155,15.94837,349.2224,9.076804,0.9322795,0.8372603,0.3063335,0.5847911,-0.8195348,-0.540748,GotSelection
150.8618,24,2,3,0,0.8511248,0.8899177,0.362417,15.93564,349.2043,9.015327,0.9356478,0.8413445,0.3075563,0.6277631,-0.7797872,-0.5479021,SelectionStart
150.8619,24,2,3,0,0.8511248,0.8899177,0.362417,15.93564,349.2043,9.015327,0.9356478,0.8413445,0.3075563,0.6277631,-0.7797872,-0.5479021,SelectionEnd
150.8653,24,2,3,0,0.8511248,0.8899177,0.362417,15.93564,349.2043,9.015327,0.9356478,0.8413445,0.3075563,0.6277631,-0.7797872,-0.5479021,GotSelection
150.9153,24,2,3,0,0.8511276,0.8890357,0.3626905,16.08867,349.2551,8.968031,0.9431289,0.8569387,0.3088313,0.7297443,-0.6342255,-0.5960761,Nothing
150.9222,24,2,3,0,0.8511384,0.888851,0.3628255,16.11006,349.2368,8.956953,0.9442303,0.8591304,0.3093288,0.7447693,-0.6127171,-0.6013681,Nothing
150.9319,24,2,3,0,0.8511614,0.8886411,0.3630378,16.13472,349.2102,8.96223,0.9455314,0.8629962,0.3100559,0.7642895,-0.5750425,-0.6104729,Nothing
150.9392,24,2,3,0,0.8511174,0.8884706,0.3630999,16.14669,349.1931,8.961017,0.9465508,0.8652041,0.3105738,0.7791899,-0.5532668,-0.6149355,Nothing
150.9494,24,2,3,0,0.8512957,0.8883724,0.3631387,16.15359,349.1824,8.97999,0.9477053,0.8674242,0.3109555,0.7927811,-0.5323801,-0.6201141,Nothing
150.9656,24,2,3,0,0.8514113,0.8882732,0.3630887,16.17093,349.2206,9.019058,0.9493766,0.8717335,0.3117905,0.8169737,-0.4914454,-0.6262947,Nothing
150.973,24,2,3,0,0.8515308,0.8883216,0.3630727,16.18263,349.2438,9.058793,0.9502125,0.873898,0.3121978,0.828187,-0.472075,-0.6291301,Nothing
150.9817,24,2,3,0,0.851619,0.8883176,0.3630328,16.19221,349.2671,9.077497,0.9513205,0.875882,0.3129706,0.8432771,-0.4533083,-0.6284189,Nothing
150.9896,24,2,3,0,0.8515173,0.8882272,0.3630674,16.18444,349.2903,9.07671,0.9520664,0.8778832,0.313522,0.8563371,-0.4334306,-0.6306246,Nothing
150.9977,24,2,3,0,0.8515722,0.888098,0.3629932,16.19069,349.3061,9.087893,0.9533409,0.8810303,0.3144245,0.8757381,-0.4020939,-0.6324862,Nothing
151.0059,24,2,3,0,0.8518086,0.8879748,0.3630594,16.18902,349.2756,9.075023,0.9539717,0.8830397,0.3150284,0.8838621,-0.3808331,-0.634577,Nothing
151.0145,24,2,3,0,0.8519315,0.8878611,0.3630589,16.18006,349.2692,9.063845,0.954749,0.8847618,0.3153836,0.893955,-0.3633174,-0.637702,Nothing
151.0228,24,2,3,0,0.8520523,0.8877547,0.3629649,16.14838,349.2491,9.025272,0.9556738,0.8866638,0.315962,0.9065428,-0.3430181,-0.6388352,Nothing
151.032,24,2,3,0,0.8522444,0.8875641,0.362898,16.12476,349.2408,9.000909,0.9565945,0.8885223,0.3165442,0.918425,-0.3224913,-0.6399372,Nothing
151.0408,24,2,3,0,0.8524579,0.8875472,0.3628831,16.11718,349.2431,8.974227,0.9574854,0.8902755,0.3170445,0.9291661,-0.3049865,-0.6412144,Nothing
151.0562,24,2,3,0,0.8527193,0.8874221,0.3627933,16.07029,349.2422,8.933244,0.9598973,0.8946186,0.3187011,0.9614103,-0.2607315,-0.6410916,Nothing
151.0649,24,2,3,0,0.8528785,0.8874512,0.3626804,16.07985,349.2724,8.933667,0.9607936,0.8960369,0.3194965,0.9732007,-0.2466096,-0.6370931,Nothing
151.0735,24,2,3,0,0.8532303,0.8873161,0.3624808,16.08236,349.3089,8.929358,0.9614652,0.897347,0.3202864,0.9812599,-0.230696,-0.6316106,Nothing
151.081,24,2,3,0,0.8533286,0.887425,0.3623491,16.07609,349.3449,8.937015,0.9622394,0.8984982,0.3212687,0.9924391,-0.2192273,-0.6244503,Nothing
151.0897,24,2,3,0,0.85348,0.8874152,0.3622145,16.07056,349.376,8.93213,0.962734,0.8996333,0.322129,1.000214,-0.2061696,-0.6181943,Nothing
151.0974,24,2,3,0,0.8536204,0.887356,0.3621027,16.05729,349.3889,8.911908,0.963249,0.9006121,0.323052,1.008074,-0.1938208,-0.6116191,Nothing
151.1106,24,2,3,0,0.8539741,0.8873845,0.3620252,16.05714,349.3691,8.881124,0.9636697,0.9020109,0.3241269,1.013329,-0.1773844,-0.6048428,SelectionStart
151.1106,24,2,3,0,0.8539741,0.8873845,0.3620252,16.05714,349.3691,8.881124,0.9636697,0.9020109,0.3241269,1.013329,-0.1773844,-0.6048428,SelectionEnd
151.1147,24,2,3,0,0.8539741,0.8873845,0.3620252,16.05714,349.3691,8.881124,0.9636697,0.9020109,0.3241269,1.013329,-0.1773844,-0.6048428,GotSelection
151.1268,24,2,3,0,0.8539064,0.8872852,0.3621265,16.03931,349.3707,8.861657,0.9646806,0.9036536,0.3256426,1.029899,-0.1587307,-0.5980529,SelectionStart
151.1268,24,2,3,0,0.8539064,0.8872852,0.3621265,16.03931,349.3707,8.861657,0.9646806,0.9036536,0.3256426,1.029899,-0.1587307,-0.5980529,SelectionEnd
151.1301,24,2,3,0,0.8539064,0.8872852,0.3621265,16.03931,349.3707,8.861657,0.9646806,0.9036536,0.3256426,1.029899,-0.1587307,-0.5980529,GotSelection
151.14,24,2,3,0,0.854194,0.8872418,0.3619483,16.02872,349.3934,8.838077,0.9652206,0.9051591,0.3266847,1.037821,-0.1406446,-0.5907128,SelectionStart
151.14,24,2,3,0,0.854194,0.8872418,0.3619483,16.02872,349.3934,8.838077,0.9652206,0.9051591,0.3266847,1.037821,-0.1406446,-0.5907128,SelectionEnd
151.1434,24,2,3,0,0.854194,0.8872418,0.3619483,16.02872,349.3934,8.838077,0.9652206,0.9051591,0.3266847,1.037821,-0.1406446,-0.5907128,GotSelection
151.1532,24,2,3,0,0.8543487,0.887219,0.3618178,16.02922,349.424,8.814468,0.9654465,0.9064142,0.3270975,1.042054,-0.126549,-0.5886663,SelectionStart
151.1532,24,2,3,0,0.8543487,0.887219,0.3618178,16.02922,349.424,8.814468,0.9654465,0.9064142,0.3270975,1.042054,-0.126549,-0.5886663,SelectionEnd
151.1565,24,2,3,0,0.8543487,0.887219,0.3618178,16.02922,349.424,8.814468,0.9654465,0.9064142,0.3270975,1.042054,-0.126549,-0.5886663,GotSelection
151.166,24,2,3,0,0.854546,0.8871221,0.3617115,16.02321,349.4461,8.763016,0.9657107,0.9075677,0.3276878,1.046512,-0.1117846,-0.585201,SelectionStart
151.1661,24,2,3,0,0.854546,0.8871221,0.3617115,16.02321,349.4461,8.763016,0.9657107,0.9075677,0.3276878,1.046512,-0.1117846,-0.585201,SelectionEnd
151.1694,24,2,3,0,0.854546,0.8871221,0.3617115,16.02321,349.4461,8.763016,0.9657107,0.9075677,0.3276878,1.046512,-0.1117846,-0.585201,GotSelection
151.1824,24,2,3,0,0.854593,0.8870332,0.3616656,15.99226,349.4244,8.711813,0.9653947,0.908461,0.3283393,1.045909,-0.09864976,-0.5809416,SelectionStart
151.1824,24,2,3,0,0.854593,0.8870332,0.3616656,15.99226,349.4244,8.711813,0.9653947,0.908461,0.3283393,1.045909,-0.09864976,-0.5809416,SelectionEnd
151.1858,24,2,3,0,0.854593,0.8870332,0.3616656,15.99226,349.4244,8.711813,0.9653947,0.908461,0.3283393,1.045909,-0.09864976,-0.5809416,GotSelection
151.1984,24,2,3,0,0.8544626,0.8870437,0.3617657,15.94496,349.3796,8.667058,0.9646363,0.9092755,0.32926,1.042483,-0.08644851,-0.5748851,SelectionStart
151.1985,24,2,3,0,0.8544626,0.8870437,0.3617657,15.94496,349.3796,8.667058,0.9646363,0.9092755,0.32926,1.042483,-0.08644851,-0.5748851,SelectionEnd
151.202,24,2,3,0,0.8544626,0.8870437,0.3617657,15.94496,349.3796,8.667058,0.9646363,0.9092755,0.32926,1.042483,-0.08644851,-0.5748851,GotSelection
151.2116,24,2,3,0,0.8544177,0.8870429,0.3618734,15.92307,349.3441,8.642803,0.9640256,0.9097279,0.3300911,1.03895,-0.07861643,-0.5687471,SelectionStart
151.2116,24,2,3,0,0.8544177,0.8870429,0.3618734,15.92307,349.3441,8.642803,0.9640256,0.9097279,0.3300911,1.03895,-0.07861643,-0.5687471,SelectionEnd
151.215,24,2,3,0,0.8544177,0.8870429,0.3618734,15.92307,349.3441,8.642803,0.9640256,0.9097279,0.3300911,1.03895,-0.07861643,-0.5687471,GotSelection
151.2246,24,2,3,0,0.854627,0.8869076,0.3617906,15.91244,349.3412,8.603723,0.9638554,0.9105312,0.3305838,1.037947,-0.06654374,-0.5651702,SelectionStart
151.2247,24,2,3,0,0.854627,0.8869076,0.3617906,15.91244,349.3412,8.603723,0.9638554,0.9105312,0.3305838,1.037947,-0.06654374,-0.5651702,SelectionEnd
151.2283,24,2,3,0,0.854627,0.8869076,0.3617906,15.91244,349.3412,8.603723,0.9638554,0.9105312,0.3305838,1.037947,-0.06654374,-0.5651702,GotSelection
151.2395,24,2,3,0,0.8545544,0.8870385,0.3618775,15.90562,349.3439,8.622818,0.9641396,0.911209,0.3296691,1.039994,-0.06466406,-0.5769477,SelectionStart
151.2396,24,2,3,0,0.8545544,0.8870385,0.3618775,15.90562,349.3439,8.622818,0.9641396,0.911209,0.3296691,1.039994,-0.06466406,-0.5769477,SelectionEnd
151.243,24,2,3,0,0.8545544,0.8870385,0.3618775,15.90562,349.3439,8.622818,0.9641396,0.911209,0.3296691,1.039994,-0.06466406,-0.5769477,GotSelection
151.2524,24,2,3,0,0.8541789,0.8872445,0.3620902,15.88106,349.3086,8.651384,0.964211,0.9116558,0.3297362,1.044068,-0.06398264,-0.5804124,SelectionStart
151.2524,24,2,3,0,0.8541789,0.8872445,0.3620902,15.88106,349.3086,8.651384,0.964211,0.9116558,0.3297362,1.044068,-0.06398264,-0.5804124,SelectionEnd
151.2558,24,2,3,0,0.8541789,0.8872445,0.3620902,15.88106,349.3086,8.651384,0.964211,0.9116558,0.3297362,1.044068,-0.06398264,-0.5804124,GotSelection
151.3074,24,2,3,0,0.8532653,0.8880963,0.3626812,15.94584,349.2783,8.87512,0.9664476,0.9100693,0.3285804,1.066643,-0.1031817,-0.5967985,SelectionStart
151.3074,24,2,3,0,0.8532653,0.8880963,0.3626812,15.94584,349.2783,8.87512,0.9664476,0.9100693,0.3285804,1.066643,-0.1031817,-0.5967985,SelectionEnd
151.3107,24,2,3,0,0.8532653,0.8880963,0.3626812,15.94584,349.2783,8.87512,0.9664476,0.9100693,0.3285804,1.066643,-0.1031817,-0.5967985,GotSelection
151.3582,24,2,3,0,0.8523433,0.8892635,0.3631928,15.9052,349.1598,9.09571,0.9674996,0.9020179,0.3272782,1.065915,-0.2051133,-0.5942276,SelectionStart
151.3582,24,2,3,0,0.8523433,0.8892635,0.3631928,15.9052,349.1598,9.09571,0.9674996,0.9020179,0.3272782,1.065915,-0.2051133,-0.5942276,SelectionEnd
151.3616,24,2,3,0,0.8523433,0.8892635,0.3631928,15.9052,349.1598,9.09571,0.9674996,0.9020179,0.3272782,1.065915,-0.2051133,-0.5942276,GotSelection
151.417,24,2,3,0,0.8510396,0.8906509,0.364013,15.90607,349.051,9.304748,0.9653129,0.8855778,0.3243802,1.018283,-0.3890117,-0.5805344,SelectionStart
151.417,24,2,3,0,0.8510396,0.8906509,0.364013,15.90607,349.051,9.304748,0.9653129,0.8855778,0.3243802,1.018283,-0.3890117,-0.5805344,SelectionEnd
151.4203,24,2,3,0,0.8510396,0.8906509,0.364013,15.90607,349.051,9.304748,0.9653129,0.8855778,0.3243802,1.018283,-0.3890117,-0.5805344,GotSelection
151.4299,24,2,3,0,0.8505987,0.8909376,0.3643123,15.91471,349.006,9.359232,0.9649634,0.8822201,0.3238128,1.010412,-0.4277632,-0.5796307,SelectionStart
151.43,24,2,3,0,0.8505987,0.8909376,0.3643123,15.91471,349.006,9.359232,0.9649634,0.8822201,0.3238128,1.010412,-0.4277632,-0.5796307,SelectionEnd
151.4333,24,2,3,0,0.8505987,0.8909376,0.3643123,15.91471,349.006,9.359232,0.9649634,0.8822201,0.3238128,1.010412,-0.4277632,-0.5796307,GotSelection
151.4434,24,2,3,0,0.8503224,0.8911568,0.3644413,15.93667,348.9875,9.403228,0.9645529,0.8787725,0.3232827,1.001078,-0.4655935,-0.5756858,SelectionStart
151.4434,24,2,3,0,0.8503224,0.8911568,0.3644413,15.93667,348.9875,9.403228,0.9645529,0.8787725,0.3232827,1.001078,-0.4655935,-0.5756858,SelectionEnd
151.4471,24,2,3,0,0.8503224,0.8911568,0.3644413,15.93667,348.9875,9.403228,0.9645529,0.8787725,0.3232827,1.001078,-0.4655935,-0.5756858,GotSelection
151.457,24,2,3,0,0.8500221,0.8914142,0.3644809,15.93747,348.9759,9.431049,0.9638584,0.8743077,0.3224539,0.9872008,-0.5130453,-0.5702825,SelectionStart
151.457,24,2,3,0,0.8500221,0.8914142,0.3644809,15.93747,348.9759,9.431049,0.9638584,0.8743077,0.3224539,0.9872008,-0.5130453,-0.5702825,SelectionEnd
151.4604,24,2,3,0,0.8500221,0.8914142,0.3644809,15.93747,348.9759,9.431049,0.9638584,0.8743077,0.3224539,0.9872008,-0.5130453,-0.5702825,GotSelection
151.4702,24,2,3,0,0.8497314,0.8916242,0.36457,15.91589,348.9539,9.452742,0.9631166,0.8709552,0.32184,0.9749513,-0.5484506,-0.5667579,SelectionStart
151.4702,24,2,3,0,0.8497314,0.8916242,0.36457,15.91589,348.9539,9.452742,0.9631166,0.8709552,0.32184,0.9749513,-0.5484506,-0.5667579,SelectionEnd
151.4739,24,2,3,0,0.8497314,0.8916242,0.36457,15.91589,348.9539,9.452742,0.9631166,0.8709552,0.32184,0.9749513,-0.5484506,-0.5667579,GotSelection
151.4833,24,2,3,0,0.8495898,0.8921585,0.3643839,15.91442,348.9608,9.495859,0.9620407,0.8666359,0.3210179,0.95611,-0.5955942,-0.5574373,SelectionStart
151.4833,24,2,3,0,0.8495898,0.8921585,0.3643839,15.91442,348.9608,9.495859,0.9620407,0.8666359,0.3210179,0.95611,-0.5955942,-0.5574373,SelectionEnd
151.4866,24,2,3,0,0.8495898,0.8921585,0.3643839,15.91442,348.9608,9.495859,0.9620407,0.8666359,0.3210179,0.95611,-0.5955942,-0.5574373,GotSelection
151.4961,24,2,3,0,0.8494891,0.8922628,0.3645015,15.92114,348.9294,9.494813,0.9611122,0.8635352,0.3204123,0.9407181,-0.6266681,-0.5543694,SelectionStart
151.4962,24,2,3,0,0.8494891,0.8922628,0.3645015,15.92114,348.9294,9.494813,0.9611122,0.8635352,0.3204123,0.9407181,-0.6266681,-0.5543694,SelectionEnd
151.4994,24,2,3,0,0.8494891,0.8922628,0.3645015,15.92114,348.9294,9.494813,0.9611122,0.8635352,0.3204123,0.9407181,-0.6266681,-0.5543694,GotSelection
151.5092,24,2,3,0,0.8494134,0.8922922,0.3646652,15.92588,348.879,9.49158,0.9600955,0.8603526,0.3198573,0.9240074,-0.6575489,-0.5513518,SelectionStart
151.5093,24,2,3,0,0.8494134,0.8922922,0.3646652,15.92588,348.879,9.49158,0.9600955,0.8603526,0.3198573,0.9240074,-0.6575489,-0.5513518,SelectionEnd
151.5126,24,2,3,0,0.8494134,0.8922922,0.3646652,15.92588,348.879,9.49158,0.9600955,0.8603526,0.3198573,0.9240074,-0.6575489,-0.5513518,GotSelection
151.5226,24,2,3,0,0.8492227,0.8924553,0.3648074,15.92337,348.8251,9.489213,0.9586539,0.8561714,0.3192699,0.9023607,-0.6986839,-0.5447786,SelectionStart
151.5226,24,2,3,0,0.8492227,0.8924553,0.3648074,15.92337,348.8251,9.489213,0.9586539,0.8561714,0.3192699,0.9023607,-0.6986839,-0.5447786,SelectionEnd
151.526,24,2,3,0,0.8492227,0.8924553,0.3648074,15.92337,348.8251,9.489213,0.9586539,0.8561714,0.3192699,0.9023607,-0.6986839,-0.5447786,GotSelection
151.5356,24,2,3,0,0.8491106,0.8926707,0.3647259,15.8871,348.8073,9.493433,0.957634,0.8532304,0.3189028,0.887472,-0.7277016,-0.5376254,SelectionStart
151.5356,24,2,3,0,0.8491106,0.8926707,0.3647259,15.8871,348.8073,9.493433,0.957634,0.8532304,0.3189028,0.887472,-0.7277016,-0.5376254,SelectionEnd
151.539,24,2,3,0,0.8491106,0.8926707,0.3647259,15.8871,348.8073,9.493433,0.957634,0.8532304,0.3189028,0.887472,-0.7277016,-0.5376254,GotSelection
151.5488,24,2,3,0,0.8486536,0.8929099,0.3647559,15.86144,348.8131,9.52106,0.9568571,0.8506137,0.3185197,0.8784745,-0.7557957,-0.5331898,SelectionStart
151.5488,24,2,3,0,0.8486536,0.8929099,0.3647559,15.86144,348.8131,9.52106,0.9568571,0.8506137,0.3185197,0.8784745,-0.7557957,-0.5331898,SelectionEnd
151.553,24,2,3,0,0.8486536,0.8929099,0.3647559,15.86144,348.8131,9.52106,0.9568571,0.8506137,0.3185197,0.8784745,-0.7557957,-0.5331898,GotSelection
151.5924,24,2,3,0,0.8480958,0.8938621,0.364531,15.85009,348.7857,9.673386,0.9534568,0.841042,0.3173138,0.828634,-0.8559276,-0.5084592,SelectionStart
151.5924,24,2,3,0,0.8480958,0.8938621,0.364531,15.85009,348.7857,9.673386,0.9534568,0.841042,0.3173138,0.828634,-0.8559276,-0.5084592,SelectionEnd
151.5958,24,2,3,0,0.8480958,0.8938621,0.364531,15.85009,348.7857,9.673386,0.9534568,0.841042,0.3173138,0.828634,-0.8559276,-0.5084592,GotSelection
151.6056,24,2,3,0,0.8479881,0.893949,0.3642052,15.79299,348.8248,9.709487,0.9526036,0.8393158,0.3169033,0.8181759,-0.8719409,-0.5028951,SelectionStart
151.6056,24,2,3,0,0.8479881,0.893949,0.3642052,15.79299,348.8248,9.709487,0.9526036,0.8393158,0.3169033,0.8181759,-0.8719409,-0.5028951,SelectionEnd
151.6089,24,2,3,0,0.8479881,0.893949,0.3642052,15.79299,348.8248,9.709487,0.9526036,0.8393158,0.3169033,0.8181759,-0.8719409,-0.5028951,GotSelection
151.6195,24,2,3,0,0.8477218,0.8941721,0.3640268,15.75115,348.7935,9.729836,0.9517113,0.8370207,0.3162419,0.8060752,-0.8960566,-0.5004061,SelectionStart
151.6195,24,2,3,0,0.8477218,0.8941721,0.3640268,15.75115,348.7935,9.729836,0.9517113,0.8370207,0.3162419,0.8060752,-0.8960566,-0.5004061,SelectionEnd
151.6228,24,2,3,0,0.8477218,0.8941721,0.3640268,15.75115,348.7935,9.729836,0.9517113,0.8370207,0.3162419,0.8060752,-0.8960566,-0.5004061,GotSelection
151.6342,24,2,3,0,0.8474573,0.8943392,0.3641691,15.74158,348.7234,9.738734,0.9515236,0.8358461,0.3161342,0.8029864,-0.9100069,-0.5004857,SelectionStart
151.6342,24,2,3,0,0.8474573,0.8943392,0.3641691,15.74158,348.7234,9.738734,0.9515236,0.8358461,0.3161342,0.8029864,-0.9100069,-0.5004857,SelectionEnd
151.6381,24,2,3,0,0.8474573,0.8943392,0.3641691,15.74158,348.7234,9.738734,0.9515236,0.8358461,0.3161342,0.8029864,-0.9100069,-0.5004857,GotSelection
151.6484,24,2,3,0,0.8473364,0.8944253,0.3642043,15.75842,348.6852,9.764265,0.9503117,0.833685,0.3157695,0.7867051,-0.9308445,-0.4963888,SelectionStart
151.6484,24,2,3,0,0.8473364,0.8944253,0.3642043,15.75842,348.6852,9.764265,0.9503117,0.833685,0.3157695,0.7867051,-0.9308445,-0.4963888,SelectionEnd
151.6517,24,2,3,0,0.8473364,0.8944253,0.3642043,15.75842,348.6852,9.764265,0.9503117,0.833685,0.3157695,0.7867051,-0.9308445,-0.4963888,GotSelection
151.6612,24,2,3,0,0.8471579,0.8945706,0.3641148,15.77361,348.6929,9.787962,0.9490606,0.8326676,0.3152367,0.7729008,-0.9411691,-0.4950405,SelectionStart
151.6612,24,2,3,0,0.8471579,0.8945706,0.3641148,15.77361,348.6929,9.787962,0.9490606,0.8326676,0.3152367,0.7729008,-0.9411691,-0.4950405,SelectionEnd
151.6646,24,2,3,0,0.8471579,0.8945706,0.3641148,15.77361,348.6929,9.787962,0.9490606,0.8326676,0.3152367,0.7729008,-0.9411691,-0.4950405,GotSelection
151.6738,24,2,3,0,0.8470336,0.8948589,0.3639185,15.77563,348.7191,9.809557,0.9473084,0.8310055,0.3142015,0.7516747,-0.958605,-0.4941478,SelectionStart
151.6738,24,2,3,0,0.8470336,0.8948589,0.3639185,15.77563,348.7191,9.809557,0.9473084,0.8310055,0.3142015,0.7516747,-0.958605,-0.4941478,SelectionEnd
151.6774,24,2,3,0,0.8470336,0.8948589,0.3639185,15.77563,348.7191,9.809557,0.9473084,0.8310055,0.3142015,0.7516747,-0.958605,-0.4941478,GotSelection
151.6869,24,2,3,0,0.8469907,0.8949436,0.3638588,15.76169,348.7263,9.824583,0.9456994,0.8302141,0.3134522,0.7330993,-0.9652461,-0.4954418,SelectionStart
151.6869,24,2,3,0,0.8469907,0.8949436,0.3638588,15.76169,348.7263,9.824583,0.9456994,0.8302141,0.3134522,0.7330993,-0.9652461,-0.4954418,SelectionEnd
151.6902,24,2,3,0,0.8469907,0.8949436,0.3638588,15.76169,348.7263,9.824583,0.9456994,0.8302141,0.3134522,0.7330993,-0.9652461,-0.4954418,GotSelection
151.7004,24,2,3,0,0.846983,0.8952094,0.3635895,15.7443,348.7558,9.845905,0.9436403,0.8304164,0.3119011,0.7098945,-0.9643157,-0.5034948,SelectionStart
151.7005,24,2,3,0,0.846983,0.8952094,0.3635895,15.7443,348.7558,9.845905,0.9436403,0.8304164,0.3119011,0.7098945,-0.9643157,-0.5034948,SelectionEnd
151.7044,24,2,3,0,0.846983,0.8952094,0.3635895,15.7443,348.7558,9.845905,0.9436403,0.8304164,0.3119011,0.7098945,-0.9643157,-0.5034948,GotSelection
151.7151,24,2,3,0,0.8469594,0.8951685,0.363613,15.7333,348.7426,9.848642,0.9409752,0.8296404,0.3107363,0.6797809,-0.9682383,-0.5081913,SelectionStart
151.7151,24,2,3,0,0.8469594,0.8951685,0.363613,15.7333,348.7426,9.848642,0.9409752,0.8296404,0.3107363,0.6797809,-0.9682383,-0.5081913,SelectionEnd
151.7186,24,2,3,0,0.8469594,0.8951685,0.363613,15.7333,348.7426,9.848642,0.9409752,0.8296404,0.3107363,0.6797809,-0.9682383,-0.5081913,GotSelection
151.7285,24,2,3,0,0.8467839,0.8950439,0.3639044,15.74935,348.6991,9.838767,0.9390767,0.8294272,0.3098296,0.6594684,-0.9681246,-0.5165434,SelectionStart
151.7285,24,2,3,0,0.8467839,0.8950439,0.3639044,15.74935,348.6991,9.838767,0.9390767,0.8294272,0.3098296,0.6594684,-0.9681246,-0.5165434,SelectionEnd
151.732,24,2,3,0,0.8467839,0.8950439,0.3639044,15.74935,348.6991,9.838767,0.9390767,0.8294272,0.3098296,0.6594684,-0.9681246,-0.5165434,GotSelection
151.7442,24,2,3,0,0.8466555,0.8950438,0.363976,15.77311,348.6817,9.843321,0.9364709,0.8297662,0.3090275,0.6333775,-0.9616132,-0.5210111,SelectionStart
151.7443,24,2,3,0,0.8466555,0.8950438,0.363976,15.77311,348.6817,9.843321,0.9364709,0.8297662,0.3090275,0.6333775,-0.9616132,-0.5210111,SelectionEnd
151.7475,24,2,3,0,0.8466555,0.8950438,0.363976,15.77311,348.6817,9.843321,0.9364709,0.8297662,0.3090275,0.6333775,-0.9616132,-0.5210111,GotSelection
151.7981,24,2,3,0,0.8473212,0.8944252,0.3643262,16.09047,348.8656,9.767762,0.9283866,0.8369694,0.3063015,0.5566617,-0.8755671,-0.5490589,Nothing
151.8071,24,2,3,0,0.8476635,0.8942165,0.364252,16.15075,348.9514,9.742271,0.9267163,0.8391997,0.3060872,0.542128,-0.8480838,-0.5517356,Nothing
151.8143,24,2,3,0,0.8477437,0.8939589,0.3642191,16.17583,349.0251,9.739029,0.9261871,0.8416985,0.3059141,0.541384,-0.8205749,-0.5586174,Nothing
151.8226,24,2,3,0,0.8479545,0.8938594,0.3640938,16.18161,349.0804,9.740252,0.9257377,0.8441709,0.3058596,0.5400621,-0.7941076,-0.5633265,Nothing
151.8311,24,2,3,0,0.8482598,0.893602,0.3641191,16.18821,349.0957,9.719222,0.9255869,0.8476414,0.3061499,0.5428765,-0.7563019,-0.5702838,Nothing
151.8391,24,2,3,0,0.8484192,0.8934833,0.3642686,16.19055,349.0496,9.715258,0.9253484,0.8504912,0.3062694,0.5432651,-0.7268569,-0.578762,Nothing
151.848,24,2,3,0,0.8485893,0.8933565,0.364351,16.2107,349.0394,9.708566,0.9252034,0.8533776,0.306415,0.5452283,-0.6970544,-0.586042,Nothing
151.856,24,2,3,0,0.8487264,0.8932692,0.3643258,16.25007,349.0307,9.697506,0.924848,0.8561617,0.306478,0.5453122,-0.6683247,-0.5921594,Nothing
151.8649,24,2,3,0,0.8490531,0.8931996,0.3642337,16.29083,349.0728,9.70981,0.9244539,0.8594238,0.3063396,0.5439866,-0.6351674,-0.5999392,Nothing
151.8726,24,2,3,0,0.8493857,0.8930933,0.3639261,16.32456,349.1422,9.716447,0.9240777,0.864449,0.3062842,0.5468996,-0.583797,-0.6098584,Nothing
151.8819,24,2,3,0,0.8496476,0.8930047,0.363748,16.35396,349.2052,9.72546,0.9235314,0.8676821,0.3063541,0.5457385,-0.5496741,-0.6146116,Nothing
151.8898,24,2,3,0,0.8499513,0.8928862,0.3636577,16.40269,349.2454,9.726313,0.9229226,0.8709256,0.3064474,0.5432174,-0.5152476,-0.6200594,Nothing
151.8976,24,2,3,0,0.8502319,0.892725,0.3635144,16.45275,349.3032,9.719286,0.9222212,0.8743479,0.3062421,0.540087,-0.4790747,-0.6282594,Nothing
151.906,24,2,3,0,0.8503942,0.8926009,0.3635021,16.49675,349.3444,9.710829,0.9220762,0.8780223,0.306053,0.5434448,-0.4425676,-0.6396927,Nothing
151.9147,24,2,3,0,0.8507116,0.8923895,0.3633564,16.52763,349.3921,9.689506,0.9213517,0.8813197,0.3062082,0.5404333,-0.4057765,-0.6444333,Nothing
151.9222,24,2,3,0,0.8509798,0.8922071,0.3632153,16.55828,349.4428,9.679676,0.9205759,0.884623,0.3063961,0.5373515,-0.369246,-0.6488596,Nothing
151.9315,24,2,3,0,0.8511699,0.8919652,0.3631061,16.60993,349.5117,9.647824,0.919284,0.8892794,0.3066188,0.5325921,-0.3181516,-0.6563861,Nothing
151.9395,24,2,3,0,0.8514054,0.8917388,0.3630981,16.67643,349.5456,9.629147,0.9182397,0.892531,0.3069021,0.5268011,-0.2816361,-0.6609107,Nothing
151.948,24,2,3,0,0.8517054,0.891484,0.3631881,16.74602,349.5529,9.612966,0.9171332,0.8957826,0.3071394,0.5191086,-0.2450287,-0.6670107,Nothing
151.9556,24,2,3,0,0.8519043,0.8913445,0.363146,16.81317,349.5851,9.605239,0.9160937,0.8988003,0.3074584,0.5132394,-0.2116583,-0.6701939,Nothing
151.9648,24,2,3,0,0.8520783,0.8911935,0.3631419,16.87941,349.6235,9.607987,0.9150321,0.9019027,0.3076734,0.5072539,-0.1778203,-0.6750646,Nothing
151.9739,24,2,3,0,0.8524022,0.8910472,0.3630617,16.94626,349.6959,9.619552,0.9137875,0.9048241,0.3079722,0.4984432,-0.1447014,-0.6770632,Nothing
151.9901,24,2,3,0,0.8527717,0.8907615,0.3628377,17.10741,349.8618,9.644226,0.9105537,0.9115544,0.3089837,0.478936,-0.06807394,-0.6784757,Nothing
151.9981,24,2,3,0,0.8528963,0.8906924,0.362801,17.21531,349.9382,9.673283,0.9089331,0.9140303,0.3094785,0.4678055,-0.03983333,-0.677496,Nothing
152.0063,24,2,3,0,0.8529866,0.8906062,0.3627949,17.32537,350.0109,9.704331,0.9074313,0.9165812,0.309872,0.4579902,-0.01143302,-0.678492,Nothing
152.0146,24,2,3,0,0.8530542,0.8906112,0.3627738,17.45018,350.0937,9.753129,0.9059177,0.9190666,0.3102731,0.4481723,0.01519261,-0.6789028,Nothing
152.0231,24,2,3,0,0.8531371,0.8906471,0.3628184,17.61534,350.1745,9.825492,0.9044962,0.9215373,0.3106205,0.4387022,0.04024036,-0.68069,Nothing
152.0314,24,2,3,0,0.8532354,0.8907462,0.3628384,17.78419,350.2985,9.906391,0.9031352,0.9238718,0.3107707,0.4294714,0.06271965,-0.6834762,Nothing
152.0403,24,2,3,0,0.8532584,0.8908587,0.3628413,17.97765,350.4283,10.00327,0.9018797,0.9262875,0.3111003,0.4226377,0.08557068,-0.6851045,Nothing
152.0479,24,2,3,0,0.8533757,0.8909408,0.3629335,18.17889,350.5432,10.09761,0.9007618,0.9285712,0.3114324,0.4157371,0.1070347,-0.6876339,Nothing
152.057,24,2,3,0,0.8533508,0.8912902,0.3630323,18.64181,350.8357,10.33189,0.8991622,0.9321072,0.3118702,0.4090911,0.1348733,-0.6918873,Nothing
152.0651,24,2,3,0,0.8532835,0.8917103,0.3631044,19.06194,351.1215,10.55945,0.8979264,0.9344386,0.3123036,0.4043788,0.150258,-0.6927761,Nothing
152.0732,24,2,3,0,0.853107,0.8922397,0.3630747,19.58149,351.5049,10.86458,0.8974451,0.936807,0.3124294,0.4086327,0.1605726,-0.6967907,Nothing
152.0811,24,2,3,0,0.8528959,0.8930163,0.363096,20.21331,351.9771,11.26603,0.8968762,0.9389034,0.3127423,0.4126739,0.164458,-0.697859,Nothing
152.0902,24,2,3,0,0.8526285,0.8938004,0.3633108,20.92911,352.4935,11.71443,0.8965546,0.9409174,0.3130062,0.4193947,0.1645806,-0.701619,Nothing
152.1001,24,2,3,0,0.8520809,0.895544,0.3634827,22.26255,353.5121,12.61115,0.8961809,0.943756,0.3135453,0.433367,0.1532369,-0.7018444,Nothing
152.1208,24,2,3,0,0.8503613,0.898379,0.3639742,24.27287,355.2266,14.14862,0.8967388,0.9471385,0.314335,0.4725076,0.1179005,-0.7004238,Nothing
152.1325,24,2,3,0,0.8493388,0.9021837,0.3638799,26.50947,357.4534,16.14975,0.8969275,0.9504517,0.3149107,0.5024809,0.07130758,-0.6857054,Nothing
152.1393,24,2,3,0,0.8484928,0.9043261,0.3638618,27.84072,358.9402,17.43528,0.8972222,0.951924,0.3151044,0.5232077,0.03779326,-0.6746718,Nothing
152.1473,24,2,3,0,0.8474649,0.9064646,0.3643126,29.27817,0.5649996,18.86716,0.8975823,0.9533348,0.3151638,0.5448534,-0.001952768,-0.6667849,Nothing
152.1553,24,2,3,0,0.8462052,0.9088753,0.3648907,30.78416,2.400384,20.55485,0.8979228,0.9548033,0.3150662,0.5675679,-0.04844113,-0.657123,Nothing
152.1642,24,2,3,0,0.8451033,0.9111489,0.365904,32.02747,4.06165,22.22335,0.8978888,0.9561684,0.3150613,0.5824087,-0.09188196,-0.6498702,Nothing
152.1719,24,2,3,0,0.8434159,0.9135896,0.3666064,33.1255,5.767749,23.99513,0.8982554,0.9573615,0.3147062,0.6046482,-0.1412723,-0.6381255,Nothing
152.1813,24,2,3,0,0.841265,0.9170206,0.3675754,34.56726,8.349417,26.70757,0.8987386,0.9592229,0.3144874,0.632895,-0.2078057,-0.6154236,Nothing
152.1886,24,2,3,0,0.8398663,0.9183803,0.3677545,34.92895,9.174881,27.69533,0.8995062,0.9596699,0.3138726,0.6513624,-0.2400445,-0.6065511,Nothing
152.1974,24,2,3,0,0.8373455,0.9213525,0.3690132,36.0742,11.57118,30.30528,0.900202,0.9611928,0.313354,0.6794066,-0.3082674,-0.5849883,Nothing
152.2065,24,2,3,0,0.8355485,0.9236583,0.3700438,36.79414,13.09676,31.95152,0.9006148,0.9618419,0.3128771,0.6934219,-0.3596332,-0.5677438,Nothing
152.215,24,2,3,0,0.8342711,0.924297,0.3706114,37.50581,14.4957,33.30212,0.9011464,0.9625061,0.312347,0.7109115,-0.3918528,-0.5583825,Nothing
152.2219,24,2,3,0,0.8326421,0.9256526,0.3716612,38.2197,16.1194,34.8814,0.9015744,0.9630724,0.311827,0.7263576,-0.4357715,-0.5435052,Nothing
152.2311,24,2,3,0,0.8317094,0.9265962,0.3720449,38.89864,17.70051,36.30308,0.9021459,0.9634019,0.3113263,0.7383152,-0.4693742,-0.5250153,Nothing
152.2391,24,2,3,0,0.8310962,0.9273266,0.3724294,39.50298,19.33253,37.68998,0.9028364,0.9636926,0.3106527,0.7495685,-0.5006638,-0.5079175,Nothing
152.2478,24,2,3,0,0.8302196,0.9286367,0.3727952,40.02972,21.09829,39.19344,0.9037442,0.9637869,0.3099196,0.761337,-0.5390669,-0.4821351,Nothing
152.2576,24,2,3,0,0.8289524,0.9302575,0.3731039,40.69758,23.89487,41.60234,0.9050611,0.9638103,0.3088164,0.7783592,-0.5926979,-0.4393787,Nothing
152.2653,24,2,3,0,0.828016,0.9313342,0.373776,41.08563,25.78692,43.33143,0.9059851,0.9637725,0.308108,0.7881469,-0.632983,-0.411335,Nothing
152.274,24,2,3,0,0.8261411,0.933288,0.374289,41.2364,27.84276,45.39594,0.9068863,0.9635571,0.3074237,0.7980081,-0.6834777,-0.3678244,Nothing
152.2813,24,2,3,0,0.8239141,0.9352744,0.3751028,41.3321,29.9486,47.60971,0.9078105,0.9632567,0.3067535,0.8066969,-0.7390797,-0.3213648,Nothing
152.2895,24,2,3,0,0.8217213,0.9370124,0.3759682,41.37405,32.05737,49.78693,0.9089307,0.9629049,0.3061358,0.815926,-0.792743,-0.2733255,Nothing
152.2982,24,2,3,0,0.8171586,0.9405178,0.3771636,40.98189,34.612,52.82484,0.9098411,0.962472,0.3056895,0.8222759,-0.8728843,-0.1944768,Nothing
152.3061,24,2,3,0,0.8139626,0.9427598,0.3782787,40.74622,36.88256,55.32498,0.910767,0.9620902,0.3050896,0.8248128,-0.9348521,-0.1321334,Nothing
152.3147,24,2,3,0,0.8085066,0.9457343,0.3800457,40.19252,40.31163,59.17125,0.912205,0.9611558,0.3039793,0.8252503,-1.031584,-0.03074377,Nothing
152.3223,24,2,3,0,0.8044916,0.9480639,0.3814058,39.66301,42.62675,61.79352,0.9128392,0.9607695,0.3035965,0.8189509,-1.093666,0.04390053,Nothing
152.3312,24,2,3,0,0.8008014,0.9494079,0.3830518,39.16519,44.66959,64.15987,0.9139922,0.9600296,0.3030108,0.8151261,-1.155551,0.1107375,Nothing
152.3387,24,2,3,0,0.7975734,0.9508279,0.3845366,38.67867,46.45247,66.22681,0.9154046,0.9591074,0.3025126,0.8072843,-1.212128,0.1773268,Nothing
152.3482,24,2,3,0,0.7947962,0.9519774,0.3853698,38.15075,48.11606,68.0383,0.916456,0.9583904,0.3020304,0.7985311,-1.253967,0.2398657,Nothing
152.3572,24,2,3,0,0.7926662,0.9529427,0.3859631,37.63775,49.66622,69.6085,0.9175935,0.9574062,0.3017029,0.7871733,-1.286515,0.3009483,Nothing
152.3641,24,2,3,0,0.7907143,0.9542599,0.3862216,37.05214,51.16452,71.03645,0.9183708,0.9567642,0.3015319,0.7727175,-1.309657,0.361827,Nothing
152.3723,24,2,3,0,0.7890769,0.9551754,0.3861972,36.4657,52.47443,72.22823,0.9197389,0.9560242,0.3010764,0.7636349,-1.331092,0.419659,Nothing
152.3815,24,2,3,0,0.7863141,0.9567255,0.3859497,35.43313,54.20348,73.84261,0.9218592,0.9547146,0.3008073,0.7467273,-1.359241,0.5118021,Nothing
152.3889,24,2,3,0,0.7841817,0.9579694,0.38621,34.69071,55.40997,75.05369,0.9230331,0.9539268,0.300469,0.7285576,-1.383161,0.5740175,Nothing
152.3975,24,2,3,0,0.782243,0.9590733,0.3860685,33.95189,56.15798,75.90664,0.924366,0.9530946,0.3003035,0.7128953,-1.402824,0.6288193,Nothing
152.4057,24,2,3,0,0.7800419,0.9602482,0.3863583,33.18777,57.03489,76.96602,0.9254663,0.952381,0.3000582,0.6915414,-1.42674,0.6847176,Nothing
152.4147,24,2,3,0,0.7775987,0.9612515,0.386757,32.38665,57.90567,78.05426,0.926598,0.9516677,0.2997502,0.6697297,-1.452446,0.7415738,Nothing
152.4228,24,2,3,0,0.7752649,0.962141,0.3872219,31.57282,58.8112,79.171,0.9277228,0.9509319,0.2994547,0.6453396,-1.476478,0.7984234,Nothing
152.4323,24,2,3,0,0.7716014,0.963748,0.3874052,30.28263,60.17886,80.77348,0.9294595,0.9498219,0.2990049,0.6049766,-1.505773,0.8908994,Nothing
152.448,24,2,3,0,0.7658855,0.9656253,0.3879149,28.25862,62.17361,82.98055,0.931048,0.9485109,0.2986352,0.5423476,-1.537274,1.020703,Nothing
152.4569,24,2,3,0,0.762618,0.966785,0.3880578,27.00957,63.37595,84.18754,0.9316858,0.9478011,0.2985237,0.5010204,-1.54672,1.09701,Nothing
152.4648,24,2,3,0,0.7591936,0.9674519,0.3884472,25.77872,64.45326,85.29123,0.9324826,0.9471043,0.2983403,0.4638873,-1.558956,1.169598,Nothing
152.4726,24,2,3,0,0.7559407,0.968221,0.3888673,24.53439,65.5296,86.42699,0.933053,0.9463788,0.2982097,0.4195798,-1.567148,1.240102,Nothing
152.4818,24,2,3,0,0.7525532,0.9687878,0.3894068,23.12602,66.77263,87.68954,0.9335878,0.9456955,0.2981071,0.3692761,-1.5707,1.315522,Nothing
152.4899,24,2,3,0,0.7477114,0.9692577,0.3906423,21.18148,68.36208,89.36639,0.9344816,0.9446495,0.2980009,0.2974083,-1.577922,1.417233,Nothing
152.4991,24,2,3,0,0.7445446,0.9695406,0.3914595,19.83831,69.48601,90.48209,0.9348491,0.9440747,0.29786,0.2458852,-1.57682,1.483834,Nothing
152.5153,24,2,3,0,0.7385725,0.9697039,0.3927311,17.15696,71.51638,92.3585,0.9357705,0.9430441,0.2974385,0.1476801,-1.567222,1.608841,Nothing
152.5235,24,2,3,0,0.7356601,0.96973,0.3933418,15.79135,72.48029,93.23192,0.9362804,0.9425147,0.2972366,0.09591451,-1.558986,1.669648,Nothing
152.5321,24,2,3,0,0.7328117,0.9701773,0.39318,14.38964,73.39005,93.87081,0.9365912,0.9421604,0.2968812,0.04442941,-1.542223,1.728696,Nothing
152.5398,24,2,3,0,0.7303837,0.9701476,0.3931871,12.9841,74.30193,94.51768,0.936915,0.9417686,0.2966255,-0.006213042,-1.522694,1.781879,Nothing
152.5482,24,2,3,0,0.7277292,0.9705754,0.3929749,11.53192,75.2068,95.08867,0.9371901,0.9415068,0.2963075,-0.06112421,-1.499604,1.836919,Nothing
152.5558,24,2,3,0,0.7250734,0.970634,0.3928996,10.05043,76.14394,95.62635,0.9373592,0.9411687,0.2960276,-0.1154054,-1.473956,1.88984,Nothing
152.565,24,2,3,0,0.7208511,0.9704208,0.3931602,7.82918,77.51258,96.45523,0.9376655,0.9406471,0.2956646,-0.1987541,-1.436138,1.967772,Nothing
152.5727,24,2,3,0,0.7182814,0.9704819,0.3927659,6.288093,78.64357,96.78569,0.9376513,0.9403583,0.2953618,-0.2531531,-1.394792,2.020129,Nothing
152.5814,24,2,3,0,0.7162799,0.969902,0.3928579,4.765258,79.79077,97.2505,0.9375396,0.9400737,0.2950788,-0.3067201,-1.353936,2.062928,Nothing
152.5896,24,2,3,0,0.7142023,0.9699013,0.3930009,3.24264,81.03621,97.68515,0.9373913,0.9397555,0.2948529,-0.3666703,-1.306536,2.10717,Nothing
152.5977,24,2,3,0,0.7123729,0.9692612,0.3934495,1.742969,82.23672,98.11868,0.937139,0.9395034,0.2945753,-0.4209836,-1.262399,2.144008,Nothing
152.606,24,2,3,0,0.7102394,0.9685812,0.3939082,0.2472861,83.44609,98.49735,0.9367963,0.939279,0.2942805,-0.4745313,-1.216792,2.18146,Nothing
152.6145,24,2,3,0,0.7089915,0.9676504,0.3945596,358.8903,84.61277,98.86977,0.9364856,0.9390864,0.2939566,-0.5213848,-1.173343,2.208195,Nothing
152.6226,24,2,3,0,0.7064286,0.9662381,0.3951982,356.7131,86.25011,99.30898,0.936001,0.9388065,0.2934453,-0.5964399,-1.107121,2.249383,Nothing
152.6313,24,2,3,0,0.7051274,0.965186,0.3958122,355.3596,87.29246,99.59111,0.9357048,0.9386362,0.2931012,-0.6425914,-1.065623,2.270743,Nothing
152.6389,24,2,3,0,0.7037402,0.9641036,0.3963051,353.9731,88.31995,99.80402,0.9353049,0.9385769,0.2926936,-0.6880106,-1.023632,2.290163,Nothing
152.6481,24,2,3,0,0.7021853,0.9629934,0.3961237,352.5069,89.37497,99.79866,0.935021,0.9384918,0.292322,-0.7325758,-0.9743595,2.310884,Nothing
152.6559,24,2,3,0,0.7004235,0.9620252,0.3960591,350.9985,90.41949,99.76547,0.9346668,0.938421,0.2919505,-0.7812374,-0.925476,2.330228,Nothing
152.6648,24,2,3,0,0.698674,0.9609234,0.3959365,349.4767,91.50481,99.72759,0.934096,0.9381853,0.2916859,-0.8309881,-0.8722451,2.345628,Nothing
152.6732,24,2,3,0,0.696375,0.9599313,0.3953419,347.8305,92.58815,99.43876,0.9337654,0.938072,0.29138,-0.8839281,-0.8162552,2.364793,Nothing
152.6811,24,2,3,0,0.6934268,0.9584883,0.3950924,345.503,94.26221,99.10834,0.9332621,0.9378895,0.2909113,-0.9625146,-0.7349549,2.386184,Nothing
152.6894,24,2,3,0,0.6917602,0.9573219,0.3949039,344.0308,95.39312,98.82119,0.9332904,0.9378815,0.2905279,-1.009612,-0.6817614,2.40014,Nothing
152.6977,24,2,3,0,0.6904799,0.9560495,0.3949483,342.6805,96.50277,98.58146,0.9330294,0.9377702,0.2902654,-1.051867,-0.6309643,2.407015,Nothing
152.7064,24,2,3,0,0.6895325,0.954784,0.3952288,341.5077,97.56644,98.39644,0.932735,0.9376701,0.2900396,-1.087514,-0.5845433,2.411153,Nothing
152.7143,24,2,3,0,0.6893119,0.9534914,0.3956941,340.536,98.51623,98.30853,0.9324548,0.9375492,0.2897741,-1.114692,-0.5459827,2.40965,Nothing
152.7234,24,2,3,0,0.6889749,0.9521295,0.3960893,339.6517,99.40227,98.19953,0.9322225,0.9373496,0.289561,-1.138746,-0.5095838,2.409493,Nothing
152.7317,24,2,3,0,0.68955,0.9511343,0.3962224,339.096,100.1224,98.0976,0.9319358,0.9372178,0.2893171,-1.148938,-0.4820278,2.40248,Nothing
152.7395,24,2,3,0,0.6894251,0.9500242,0.396241,338.2402,101.0038,97.86053,0.9316552,0.9370885,0.2890859,-1.171112,-0.4454195,2.397788,Nothing
152.7477,24,2,3,0,0.6890495,0.9484216,0.3960991,337.1484,102.2203,97.42448,0.9313086,0.9368833,0.28877,-1.197682,-0.3955542,2.393776,Nothing
152.756,24,2,3,0,0.6894298,0.9480889,0.3950886,336.753,102.8914,96.93844,0.931082,0.9367715,0.2885547,-1.203427,-0.3667396,2.385278,Nothing
152.7646,24,2,3,0,0.6894571,0.9476574,0.3941801,336.237,103.6081,96.50158,0.9308603,0.9366204,0.2883026,-1.215717,-0.3348837,2.377917,Nothing
152.7724,24,2,3,0,0.6898047,0.9472412,0.393396,335.8521,104.2553,96.09142,0.9306765,0.936511,0.288049,-1.222128,-0.3085953,2.369967,Nothing
152.7814,24,2,3,0,0.6904047,0.9471641,0.3924876,335.5573,104.8665,95.70948,0.9304852,0.9363961,0.287807,-1.227177,-0.283103,2.359104,Nothing
152.789,24,2,3,0,0.6910319,0.9468309,0.3917742,335.3062,105.4582,95.36275,0.9301642,0.9363209,0.2875925,-1.227809,-0.26055,2.348908,Nothing
152.7985,24,2,3,0,0.692109,0.9465506,0.3906327,335.1823,105.9563,94.97565,0.9299996,0.936196,0.2874292,-1.222204,-0.2400306,2.336294,Nothing
152.8062,24,2,3,0,0.6930112,0.9462682,0.3899333,335.0523,106.5019,94.67845,0.929862,0.9360628,0.2872823,-1.218996,-0.2190521,2.326414,Nothing
152.8162,24,2,3,0,0.6947678,0.9460523,0.3886358,334.9797,107.2704,94.21697,0.9297496,0.9358558,0.2871595,-1.20956,-0.1884362,2.30886,Nothing
152.8311,24,2,3,0,0.6965809,0.9455379,0.3874404,334.8458,108.2008,93.72169,0.9295092,0.9356812,0.2867822,-1.199522,-0.155757,2.290925,Nothing
152.839,24,2,3,0,0.6971595,0.9452877,0.3867216,334.7064,108.6489,93.4362,0.929477,0.9356509,0.2865478,-1.198452,-0.1388456,2.283801,Nothing
152.8477,24,2,3,0,0.697449,0.9451718,0.3859332,334.4737,109.0584,93.13319,0.9294869,0.9357042,0.2863818,-1.202681,-0.1214153,2.276695,Nothing
152.856,24,2,3,0,0.6975327,0.9446766,0.3854713,334.1751,109.4729,92.88339,0.9294695,0.9357554,0.2860738,-1.207877,-0.1066179,2.27268,Nothing
152.8644,24,2,3,0,0.6978004,0.9441957,0.3849392,333.9185,109.8562,92.68037,0.9295202,0.9358642,0.2857378,-1.210647,-0.09241076,2.268395,Nothing
152.8732,24,2,3,0,0.6981802,0.9433311,0.3847043,333.5056,110.4321,92.46928,0.9297176,0.9359019,0.285309,-1.217506,-0.07322589,2.264039,Nothing
152.8808,24,2,3,0,0.6984982,0.942582,0.3849676,333.2271,110.7339,92.48011,0.9298819,0.9360761,0.2850047,-1.220316,-0.06531493,2.263439,Nothing
152.8902,24,2,3,0,0.6989897,0.9419308,0.38531,333.0349,110.9834,92.56072,0.9301065,0.9362798,0.2847784,-1.220015,-0.05881716,2.263323,Nothing
152.9059,24,2,3,0,0.7012949,0.9411418,0.3852229,333.0518,111.3858,92.66933,0.9303904,0.9365768,0.2843367,-1.201491,-0.05020601,2.253416,Nothing
152.914,24,2,3,0,0.7031111,0.9412848,0.3847594,333.3296,111.5893,92.67444,0.93017,0.9367558,0.2841987,-1.180985,-0.04655084,2.241327,Nothing
152.9226,24,2,3,0,0.705546,0.9414704,0.3843483,333.8724,111.6798,92.74732,0.9300174,0.9369172,0.2840052,-1.149098,-0.05027305,2.229655,Nothing
152.9308,24,2,3,0,0.7088613,0.9424376,0.383351,334.7008,111.7524,92.8144,0.9295706,0.9369612,0.2838491,-1.108978,-0.05398612,2.206972,Nothing
152.9392,24,2,3,0,0.7139354,0.9438949,0.3817935,335.9958,111.8188,92.92764,0.9286894,0.9371119,0.2836237,-1.046593,-0.06210108,2.169934,Nothing
152.9475,24,2,3,0,0.7177122,0.945214,0.3805863,337.0492,111.7289,93.05374,0.9278374,0.9372766,0.2834216,-0.9995419,-0.07406396,2.140072,Nothing
152.956,24,2,3,0,0.7213269,0.9464061,0.3792251,338.1451,111.5106,93.15865,0.9268394,0.9374173,0.2831751,-0.9514172,-0.09058181,2.109732,Nothing
152.9647,24,2,3,0,0.7241812,0.9472675,0.3782026,338.9081,111.4202,93.26942,0.9257882,0.9374967,0.2827867,-0.9173286,-0.1028919,2.082233,Nothing
152.973,24,2,3,0,0.7268133,0.9478416,0.3776718,339.676,111.1078,93.52312,0.9245726,0.9376004,0.2824597,-0.8825812,-0.1256144,2.05671,Nothing
152.9811,24,2,3,0,0.7298954,0.9483272,0.3769675,340.5297,110.7913,93.82372,0.9231119,0.9376215,0.2820903,-0.8435685,-0.1492739,2.02495,Nothing
152.9888,24,2,3,0,0.7326766,0.9486696,0.3766257,341.2592,110.5556,94.11439,0.9214892,0.9375929,0.2817332,-0.8101558,-0.1724286,1.993558,Nothing
152.9982,24,2,3,0,0.73664,0.9487713,0.3769746,342.3009,110.0104,94.81006,0.9192927,0.937528,0.2812377,-0.7640574,-0.2167905,1.951554,Nothing
153.0057,24,2,3,0,0.7399962,0.9485206,0.3773431,343.0299,109.5255,95.30023,0.9177245,0.9374645,0.2809769,-0.7291733,-0.2543018,1.915836,Nothing
153.0142,24,2,3,0,0.7422149,0.9483796,0.3776812,343.6167,109.141,95.72767,0.91569,0.9369916,0.280841,-0.706286,-0.2839639,1.882061,Nothing
153.0224,24,2,3,0,0.7445763,0.9486655,0.3775592,344.2993,108.6892,96.12719,0.9136733,0.9365745,0.2806885,-0.6838881,-0.3121553,1.844647,Nothing
153.0312,24,2,3,0,0.7464579,0.9485743,0.3777875,344.9036,108.1389,96.52419,0.9115427,0.9358082,0.2807413,-0.6661481,-0.3430648,1.808911,Nothing
153.0393,24,2,3,0,0.7487266,0.9485592,0.3779306,345.5785,107.687,96.89821,0.9096081,0.9351108,0.2806689,-0.6467288,-0.3717101,1.772229,Nothing
153.048,24,2,3,0,0.7510403,0.9482557,0.3783468,346.3646,107.1073,97.30402,0.9075963,0.9342743,0.2806794,-0.6243076,-0.4064063,1.734689,Nothing
153.0567,24,2,3,0,0.7542613,0.9481193,0.3787305,347.4563,106.2541,97.87296,0.9046244,0.932975,0.2806334,-0.5992707,-0.4536029,1.677392,Nothing
153.0643,24,2,3,0,0.756203,0.9481133,0.3790615,348.1898,105.5304,98.29138,0.9026352,0.9320391,0.2806401,-0.5866269,-0.4879385,1.638456,Nothing
153.0729,24,2,3,0,0.7573082,0.9477499,0.3796754,348.8154,104.6686,98.71708,0.9006786,0.9309387,0.2806573,-0.5786156,-0.5252371,1.605777,Nothing
153.0811,24,2,3,0,0.7587221,0.9475736,0.3800246,349.4509,103.992,99.08539,0.8988357,0.9297579,0.2807105,-0.5721394,-0.5541205,1.571127,Nothing
153.0904,24,2,3,0,0.7598173,0.9472143,0.3802435,350.0414,103.2468,99.39416,0.8969809,0.9285808,0.2807302,-0.5657715,-0.5830286,1.537824,Nothing
153.0977,24,2,3,0,0.7609468,0.947099,0.3802471,350.6349,102.6482,99.59611,0.8953507,0.9273497,0.2807747,-0.561341,-0.6048267,1.506523,Nothing
153.1122,24,2,3,0,0.7645659,0.9475375,0.3793713,352.0828,101.7715,99.74749,0.8919827,0.9248374,0.2809149,-0.5482188,-0.6344669,1.431485,Nothing
153.1229,24,2,3,0,0.7679737,0.9483073,0.3782367,353.4076,101.1753,99.69493,0.889729,0.9228988,0.2811169,-0.5366042,-0.6501963,1.371522,Nothing
153.1313,24,2,3,0,0.7706688,0.9489187,0.3770725,354.4319,100.7907,99.56091,0.8884984,0.9214275,0.281418,-0.5275614,-0.6550148,1.329881,Nothing
153.1399,24,2,3,0,0.7735971,0.9496799,0.3758302,355.5741,100.312,99.41687,0.8872773,0.9199879,0.2816522,-0.5185927,-0.6617327,1.285717,Nothing
153.1474,24,2,3,0,0.7765932,0.9502777,0.3746318,356.7547,99.80734,99.25643,0.885949,0.9185432,0.2818644,-0.5088937,-0.6693963,1.240186,Nothing
153.1559,24,2,3,0,0.7793556,0.9507401,0.3735991,357.9056,99.22374,99.11039,0.8849252,0.9169222,0.2822497,-0.5024945,-0.6762175,1.199043,Nothing
153.1654,24,2,3,0,0.781834,0.9510437,0.3727318,359.0067,98.55869,98.9657,0.8838055,0.9152733,0.2826294,-0.4979006,-0.6849309,1.159013,Nothing
153.1725,24,2,3,0,0.783848,0.9512897,0.3721123,0.06166808,97.77814,98.85489,0.8828586,0.9135267,0.2830996,-0.4969227,-0.6948261,1.124112,Nothing
153.1818,24,2,3,0,0.7874863,0.9514942,0.3709806,1.612271,96.82294,98.65303,0.8812042,0.9110435,0.283673,-0.4944334,-0.7044376,1.066337,Nothing
153.1893,24,2,3,0,0.7891765,0.9516007,0.3704882,2.504851,96.16453,98.51752,0.8802948,0.909273,0.2841651,-0.4975133,-0.7098846,1.036668,Nothing
153.1982,24,2,3,0,0.7905438,0.9517159,0.370001,3.266636,95.59307,98.3689,0.8794293,0.907479,0.2846878,-0.5033182,-0.7121595,1.01142,Nothing
153.2062,24,2,3,0,0.7916651,0.9517874,0.3694048,3.914046,95.16709,98.1674,0.8788103,0.9057804,0.285211,-0.5086138,-0.7103234,0.9925795,Nothing
153.2141,24,2,3,0,0.7924232,0.9519715,0.3687857,4.265744,95.08805,97.97222,0.8780133,0.9040755,0.2856928,-0.5193272,-0.7016779,0.9786451,Nothing
153.2221,24,2,3,0,0.7936215,0.9519576,0.3682094,4.716085,94.94975,97.81882,0.8772031,0.9024699,0.2860717,-0.5269574,-0.6960449,0.9601983,Nothing
153.2309,24,2,3,0,0.7943278,0.951953,0.3679743,4.946034,94.99197,97.75932,0.87647,0.9009066,0.2864935,-0.5385417,-0.6887812,0.9486789,Nothing
153.2388,24,2,3,0,0.7954487,0.9520828,0.3676657,5.374306,94.80524,97.67746,0.8758077,0.8992692,0.2869681,-0.5498135,-0.6843795,0.9324657,Nothing
153.2478,24,2,3,0,0.7966839,0.9519791,0.3674033,5.84132,94.68998,97.61017,0.8746215,0.8968645,0.2876434,-0.5665631,-0.6768942,0.9117419,Nothing
153.2555,24,2,3,0,0.7973225,0.951816,0.3674095,6.078568,94.63615,97.62293,0.8738056,0.895469,0.2881402,-0.5766325,-0.6724318,0.899215,Nothing
153.2647,24,2,3,0,0.797819,0.9516034,0.3674514,6.354421,94.52734,97.63648,0.8730018,0.8940234,0.2886529,-0.5862487,-0.6688662,0.8879935,Nothing
153.2723,24,2,3,0,0.7981763,0.951356,0.367661,6.574674,94.34779,97.69891,0.8722871,0.8925235,0.2891653,-0.5977433,-0.667116,0.8779668,Nothing
153.2821,24,2,3,0,0.7987034,0.9511102,0.3676042,6.822334,94.18735,97.6896,0.8714271,0.8911932,0.2897272,-0.6063182,-0.6630296,0.8649119,Nothing
153.2905,24,2,3,0,0.7984445,0.9508976,0.3678626,6.894716,93.95058,97.75429,0.87055,0.8899119,0.2903248,-0.6178855,-0.6611475,0.8573486,Nothing
153.2975,24,2,3,0,0.7982468,0.950826,0.3678808,6.953572,93.80489,97.78342,0.869993,0.8886731,0.2908757,-0.6293365,-0.6561066,0.8534728,Nothing
153.3062,24,2,3,0,0.7982119,0.95071,0.3679249,7.033248,93.6741,97.79818,0.8691002,0.8877293,0.2915448,-0.6374006,-0.6508082,0.8445068,Nothing
153.3139,24,2,3,0,0.7983413,0.9505674,0.3678908,7.177505,93.52296,97.79889,0.8678012,0.8862571,0.2924799,-0.6498075,-0.6420968,0.8306169,Nothing
153.3224,24,2,3,0,0.7982473,0.9505621,0.3679251,7.186387,93.51866,97.80207,0.8669623,0.8853385,0.2931372,-0.6590793,-0.6349209,0.8239024,Nothing
153.3306,24,2,3,0,0.7983381,0.9506277,0.3675822,7.158638,93.61565,97.73943,0.8661728,0.8850198,0.2938278,-0.6621616,-0.6238031,0.8157696,Nothing
153.3398,24,2,3,0,0.7983092,0.9507183,0.3673652,7.19101,93.61623,97.7053,0.8653116,0.8844528,0.2944827,-0.6679291,-0.6149404,0.8079754,Nothing
153.348,24,2,3,0,0.798186,0.9507809,0.3670926,7.068136,93.73888,97.66992,0.8639397,0.8845785,0.2953287,-0.6684741,-0.6030011,0.7947807,Nothing
153.357,24,2,3,0,0.7980265,0.9507477,0.3671383,6.97338,93.81562,97.65948,0.86321,0.8843962,0.2963683,-0.6704062,-0.5920603,0.7884825,Nothing
153.3721,24,2,3,0,0.7976331,0.9505178,0.3673612,6.764108,93.87647,97.77528,0.862164,0.8849345,0.297678,-0.6659806,-0.5799979,0.7787886,Nothing
153.3803,24,2,3,0,0.7971729,0.9499346,0.3676456,6.527363,93.94334,97.91829,0.8613138,0.8858103,0.2990205,-0.654846,-0.5686563,0.770777,Nothing
153.3888,24,2,3,0,0.7970051,0.9496167,0.3679233,6.401824,94.00324,98.04655,0.8608434,0.8867751,0.3000391,-0.6441075,-0.5607494,0.7651598,Nothing
153.3979,24,2,3,0,0.7967662,0.9495746,0.3681383,6.237539,94.10133,98.16866,0.8609199,0.8882874,0.3010952,-0.6300492,-0.5514772,0.7655079,Nothing
153.4052,24,2,3,0,0.7967426,0.9493381,0.3682795,6.140145,94.18279,98.26266,0.8605126,0.8893287,0.3021196,-0.6184068,-0.5424644,0.7595474,Nothing
153.4145,24,2,3,0,0.7969571,0.9490973,0.3682971,6.048233,94.34153,98.34367,0.8602815,0.8911842,0.3032004,-0.5979147,-0.5321663,0.7528332,Nothing
153.4222,24,2,3,0,0.7970193,0.9487739,0.3682806,5.890059,94.48096,98.41144,0.8601266,0.8928169,0.30435,-0.57917,-0.520799,0.7477253,Nothing
153.4322,24,2,3,0,0.7970641,0.9485528,0.368084,5.656562,94.7484,98.46025,0.8598249,0.8956771,0.3059205,-0.5488212,-0.5037418,0.7403837,Nothing
153.4395,24,2,3,0,0.7966137,0.9483542,0.3681413,5.474957,94.93325,98.47679,0.8594559,0.8976067,0.3068724,-0.5280502,-0.4951797,0.7387223,Nothing
153.4476,24,2,3,0,0.7965677,0.9482017,0.3680618,5.312855,95.08665,98.51261,0.8592612,0.9000031,0.3078075,-0.5031187,-0.4864614,0.7341325,Nothing
153.4558,24,2,3,0,0.7963806,0.9480725,0.3679776,5.12041,95.22833,98.56199,0.8590109,0.9020882,0.3087276,-0.4819781,-0.4772846,0.7304797,Nothing
153.4642,24,2,3,0,0.7963344,0.9478985,0.3679737,4.979412,95.34492,98.61374,0.8586474,0.9042167,0.3094479,-0.4600219,-0.4716806,0.7246439,Nothing
153.4725,24,2,3,0,0.7960868,0.9477577,0.3680225,4.836838,95.37436,98.70953,0.8583634,0.9065641,0.3103154,-0.436354,-0.4659227,0.7206708,Nothing
153.4809,24,2,3,0,0.7960767,0.9474068,0.3681403,4.664972,95.46748,98.79462,0.8578848,0.9088452,0.3110198,-0.4120806,-0.4624377,0.7129437,Nothing
153.4892,24,2,3,0,0.7957975,0.9471087,0.3683784,4.503374,95.49474,98.89762,0.8575408,0.9111059,0.3118528,-0.3882881,-0.459171,0.7089536,Nothing
153.4979,24,2,3,0,0.7955515,0.9467936,0.3684704,4.282901,95.6008,99.00307,0.8567065,0.9146036,0.3130722,-0.352069,-0.4520518,0.6987122,Nothing
153.5058,24,2,3,0,0.7957178,0.9466004,0.3685857,4.222384,95.68495,99.06723,0.8562039,0.9168589,0.3138779,-0.3280394,-0.4481534,0.689846,Nothing
153.5151,24,2,3,0,0.7960041,0.9465017,0.3684422,4.206953,95.7729,99.09743,0.8556002,0.9191006,0.3145824,-0.3042298,-0.4429976,0.6789047,Nothing
153.5234,24,2,3,0,0.7962653,0.946459,0.368376,4.218195,95.85571,99.08958,0.8552099,0.9214642,0.3154755,-0.2787832,-0.4369619,0.6702541,Nothing
153.5316,24,2,3,0,0.7968813,0.9463964,0.3681395,4.292711,95.95095,99.06452,0.854558,0.9234595,0.3162632,-0.2564321,-0.4303533,0.6558278,Nothing
153.5395,24,2,3,0,0.797462,0.9464189,0.3678151,4.371076,96.03716,99.01595,0.8534074,0.9252912,0.3168247,-0.2370771,-0.4253879,0.6369109,Nothing
153.5474,24,2,3,0,0.7982646,0.946597,0.3673985,4.463355,96.10643,98.94083,0.8527722,0.9272533,0.317596,-0.2170124,-0.4173877,0.6204881,Nothing
153.5559,24,2,3,0,0.7986975,0.9465498,0.3672258,4.497946,96.17984,98.91875,0.8520676,0.9290071,0.318354,-0.1979256,-0.4113619,0.6071852,Nothing
153.5643,24,2,3,0,0.7995697,0.946543,0.3669726,4.56394,96.27831,98.86667,0.8508691,0.9313713,0.3195842,-0.1726373,-0.4015061,0.5835786,Nothing
153.5729,24,2,3,0,0.7998842,0.9466082,0.3668948,4.590996,96.31857,98.85464,0.8500089,0.9325983,0.320327,-0.1604585,-0.3959335,0.5701863,Nothing
153.5809,24,2,3,0,0.8002045,0.946588,0.3667927,4.593286,96.37454,98.83861,0.8491645,0.9338001,0.3211272,-0.1477432,-0.389461,0.556807,Nothing
153.5902,24,2,3,0,0.8002217,0.9466265,0.3668786,4.549421,96.38781,98.86074,0.8483548,0.9348314,0.321883,-0.1381264,-0.3848744,0.546916,Nothing
153.5976,24,2,3,0,0.8003919,0.9467059,0.3667488,4.538409,96.42345,98.84769,0.847627,0.93607,0.3226497,-0.1259732,-0.378283,0.5361202,Nothing
153.606,24,2,3,0,0.8002571,0.9468202,0.3668171,4.487416,96.44067,98.86292,0.8470237,0.9372644,0.323447,-0.115034,-0.3728735,0.5297484,Nothing
153.6154,24,2,3,0,0.8004013,0.9469339,0.3667839,4.447693,96.4977,98.86194,0.8460783,0.9387957,0.3247012,-0.1001776,-0.3627289,0.5164796,Nothing
153.6222,24,2,3,0,0.8005146,0.9470357,0.3666474,4.44344,96.53631,98.84962,0.8459045,0.939075,0.3252599,-0.09753367,-0.3560073,0.5128796,Nothing
153.6311,24,2,3,0,0.8007579,0.9472265,0.3665062,4.428863,96.61927,98.82478,0.8452801,0.9401971,0.3267694,-0.08640385,-0.3411123,0.5019614,SelectionStart
153.6311,24,2,3,0,0.8007579,0.9472265,0.3665062,4.428863,96.61927,98.82478,0.8452801,0.9401971,0.3267694,-0.08640385,-0.3411123,0.5019614,SelectionEnd
153.6343,24,2,3,0,0.8007579,0.9472265,0.3665062,4.428863,96.61927,98.82478,0.8452801,0.9401971,0.3267694,-0.08640385,-0.3411123,0.5019614,GotSelection
153.6434,24,2,3,0,0.801214,0.9474285,0.3662835,4.455219,96.69186,98.76383,0.8446806,0.9413267,0.328404,-0.07467251,-0.3245475,0.4888196,SelectionStart
153.6434,24,2,3,0,0.801214,0.9474285,0.3662835,4.455219,96.69186,98.76383,0.8446806,0.9413267,0.328404,-0.07467251,-0.3245475,0.4888196,SelectionEnd
153.6469,24,2,3,0,0.801214,0.9474285,0.3662835,4.455219,96.69186,98.76383,0.8446806,0.9413267,0.328404,-0.07467251,-0.3245475,0.4888196,GotSelection
153.6565,24,2,3,0,0.8016149,0.9476882,0.3659945,4.520708,96.7347,98.67737,0.8443878,0.9420604,0.3298323,-0.06699855,-0.3086279,0.4796604,SelectionStart
153.6566,24,2,3,0,0.8016149,0.9476882,0.3659945,4.520708,96.7347,98.67737,0.8443878,0.9420604,0.3298323,-0.06699855,-0.3086279,0.4796604,SelectionEnd
153.6598,24,2,3,0,0.8016149,0.9476882,0.3659945,4.520708,96.7347,98.67737,0.8443878,0.9420604,0.3298323,-0.06699855,-0.3086279,0.4796604,GotSelection
153.671,24,2,3,0,0.8022577,0.9481257,0.3655809,4.60673,96.76834,98.56619,0.8440396,0.9430391,0.3316319,-0.05803502,-0.2882647,0.46677,SelectionStart
153.671,24,2,3,0,0.8022577,0.9481257,0.3655809,4.60673,96.76834,98.56619,0.8440396,0.9430391,0.3316319,-0.05803502,-0.2882647,0.46677,SelectionEnd
153.6743,24,2,3,0,0.8022577,0.9481257,0.3655809,4.60673,96.76834,98.56619,0.8440396,0.9430391,0.3316319,-0.05803502,-0.2882647,0.46677,GotSelection
153.6841,24,2,3,0,0.8023342,0.9482611,0.3655826,4.615184,96.76892,98.51672,0.8434034,0.9436048,0.3328011,-0.05245301,-0.2780156,0.4578254,SelectionStart
153.6841,24,2,3,0,0.8023342,0.9482611,0.3655826,4.615184,96.76892,98.51672,0.8434034,0.9436048,0.3328011,-0.05245301,-0.2780156,0.4578254,SelectionEnd
153.6874,24,2,3,0,0.8023342,0.9482611,0.3655826,4.615184,96.76892,98.51672,0.8434034,0.9436048,0.3328011,-0.05245301,-0.2780156,0.4578254,GotSelection
153.6978,24,2,3,0,0.8022553,0.9485694,0.3654162,4.585125,96.7575,98.49406,0.8425622,0.9436765,0.3338119,-0.05407293,-0.2667357,0.4488498,SelectionStart
153.6979,24,2,3,0,0.8022553,0.9485694,0.3654162,4.585125,96.7575,98.49406,0.8425622,0.9436765,0.3338119,-0.05407293,-0.2667357,0.4488498,SelectionEnd
153.7013,24,2,3,0,0.8022553,0.9485694,0.3654162,4.585125,96.7575,98.49406,0.8425622,0.9436765,0.3338119,-0.05407293,-0.2667357,0.4488498,GotSelection
153.7112,24,2,3,0,0.8022256,0.9486994,0.3654615,4.553519,96.77457,98.49966,0.8421797,0.9429569,0.3341715,-0.06276556,-0.262511,0.4456705,SelectionStart
153.7112,24,2,3,0,0.8022256,0.9486994,0.3654615,4.553519,96.77457,98.49966,0.8421797,0.9429569,0.3341715,-0.06276556,-0.262511,0.4456705,SelectionEnd
153.715,24,2,3,0,0.8022256,0.9486994,0.3654615,4.553519,96.77457,98.49966,0.8421797,0.9429569,0.3341715,-0.06276556,-0.262511,0.4456705,GotSelection
153.7251,24,2,3,0,0.8022303,0.9488145,0.3654594,4.512458,96.81654,98.49531,0.8410757,0.9419648,0.3345574,-0.07466292,-0.257792,0.4350749,SelectionStart
153.7251,24,2,3,0,0.8022303,0.9488145,0.3654594,4.512458,96.81654,98.49531,0.8410757,0.9419648,0.3345574,-0.07466292,-0.257792,0.4350749,SelectionEnd
153.7289,24,2,3,0,0.8022303,0.9488145,0.3654594,4.512458,96.81654,98.49531,0.8410757,0.9419648,0.3345574,-0.07466292,-0.257792,0.4350749,GotSelection
153.7398,24,2,3,0,0.8020911,0.9490995,0.365314,4.42995,96.85181,98.47369,0.8399247,0.9396604,0.3349265,-0.1014293,-0.2495258,0.4263844,SelectionStart
153.7399,24,2,3,0,0.8020911,0.9490995,0.365314,4.42995,96.85181,98.47369,0.8399247,0.9396604,0.3349265,-0.1014293,-0.2495258,0.4263844,SelectionEnd
153.7433,24,2,3,0,0.8020911,0.9490995,0.365314,4.42995,96.85181,98.47369,0.8399247,0.9396604,0.3349265,-0.1014293,-0.2495258,0.4263844,GotSelection
153.7544,24,2,3,0,0.8018645,0.9492903,0.3652418,4.348705,96.88432,98.44668,0.8384342,0.9363765,0.33552,-0.1370829,-0.2387659,0.4155536,SelectionStart
153.7544,24,2,3,0,0.8018645,0.9492903,0.3652418,4.348705,96.88432,98.44668,0.8384342,0.9363765,0.33552,-0.1370829,-0.2387659,0.4155536,SelectionEnd
153.7578,24,2,3,0,0.8018645,0.9492903,0.3652418,4.348705,96.88432,98.44668,0.8384342,0.9363765,0.33552,-0.1370829,-0.2387659,0.4155536,GotSelection
153.803,24,2,3,0,0.8017363,0.9493995,0.3657005,4.300444,96.85889,98.51646,0.8330507,0.9219329,0.3343646,-0.2913418,-0.2387311,0.3753686,SelectionStart
153.803,24,2,3,0,0.8017363,0.9493995,0.3657005,4.300444,96.85889,98.51646,0.8330507,0.9219329,0.3343646,-0.2913418,-0.2387311,0.3753686,SelectionEnd
153.8065,24,2,3,0,0.8017363,0.9493995,0.3657005,4.300444,96.85889,98.51646,0.8330507,0.9219329,0.3343646,-0.2913418,-0.2387311,0.3753686,GotSelection
153.8154,24,2,3,0,0.8018693,0.9494014,0.3656804,4.355227,96.86844,98.51526,0.8321376,0.9184498,0.333659,-0.3279798,-0.2415025,0.3686258,SelectionStart
153.8154,24,2,3,0,0.8018693,0.9494014,0.3656804,4.355227,96.86844,98.51526,0.8321376,0.9184498,0.333659,-0.3279798,-0.2415025,0.3686258,SelectionEnd
153.8188,24,2,3,0,0.8018693,0.9494014,0.3656804,4.355227,96.86844,98.51526,0.8321376,0.9184498,0.333659,-0.3279798,-0.2415025,0.3686258,GotSelection
153.8315,24,2,3,0,0.802112,0.9495149,0.3655933,4.415696,96.91255,98.47969,0.8310479,0.9138558,0.3331634,-0.3765876,-0.2400036,0.3598935,SelectionStart
153.8315,24,2,3,0,0.802112,0.9495149,0.3655933,4.415696,96.91255,98.47969,0.8310479,0.9138558,0.3331634,-0.3765876,-0.2400036,0.3598935,SelectionEnd
153.835,24,2,3,0,0.802112,0.9495149,0.3655933,4.415696,96.91255,98.47969,0.8310479,0.9138558,0.3331634,-0.3765876,-0.2400036,0.3598935,GotSelection
153.8448,24,2,3,0,0.802075,0.9496437,0.3655491,4.416975,96.95049,98.44042,0.8303093,0.9108082,0.3325733,-0.4097562,-0.2415583,0.356178,SelectionStart
153.8448,24,2,3,0,0.802075,0.9496437,0.3655491,4.416975,96.95049,98.44042,0.8303093,0.9108082,0.3325733,-0.4097562,-0.2415583,0.356178,SelectionEnd
153.8481,24,2,3,0,0.802075,0.9496437,0.3655491,4.416975,96.95049,98.44042,0.8303093,0.9108082,0.3325733,-0.4097562,-0.2415583,0.356178,GotSelection
153.8573,24,2,3,0,0.8019403,0.949812,0.3653547,4.372806,96.96681,98.39677,0.8297063,0.9076038,0.3320271,-0.4446932,-0.2407786,0.3543063,SelectionStart
153.8573,24,2,3,0,0.8019403,0.949812,0.3653547,4.372806,96.96681,98.39677,0.8297063,0.9076038,0.3320271,-0.4446932,-0.2407786,0.3543063,SelectionEnd
153.8607,24,2,3,0,0.8019403,0.949812,0.3653547,4.372806,96.96681,98.39677,0.8297063,0.9076038,0.3320271,-0.4446932,-0.2407786,0.3543063,GotSelection
153.8725,24,2,3,0,0.801563,0.9498701,0.3654276,4.286701,96.95528,98.40375,0.8300223,0.9047379,0.3309665,-0.47562,-0.2469626,0.3642644,SelectionStart
153.8725,24,2,3,0,0.801563,0.9498701,0.3654276,4.286701,96.95528,98.40375,0.8300223,0.9047379,0.3309665,-0.47562,-0.2469626,0.3642644,SelectionEnd
153.8759,24,2,3,0,0.801563,0.9498701,0.3654276,4.286701,96.95528,98.40375,0.8300223,0.9047379,0.3309665,-0.47562,-0.2469626,0.3642644,GotSelection
153.8858,24,2,3,0,0.801248,0.9498404,0.3656089,4.20422,96.91359,98.44539,0.8296239,0.9022934,0.3305347,-0.5016057,-0.2494097,0.3651258,SelectionStart
153.8858,24,2,3,0,0.801248,0.9498404,0.3656089,4.20422,96.91359,98.44539,0.8296239,0.9022934,0.3305347,-0.5016057,-0.2494097,0.3651258,SelectionEnd
153.8891,24,2,3,0,0.801248,0.9498404,0.3656089,4.20422,96.91359,98.44539,0.8296239,0.9022934,0.3305347,-0.5016057,-0.2494097,0.3651258,GotSelection
153.8994,24,2,3,0,0.8010281,0.9498376,0.3657568,4.142808,96.89376,98.4748,0.829621,0.9011288,0.3302431,-0.5142586,-0.2516326,0.3681082,SelectionStart
153.8994,24,2,3,0,0.8010281,0.9498376,0.3657568,4.142808,96.89376,98.4748,0.829621,0.9011288,0.3302431,-0.5142586,-0.2516326,0.3681082,SelectionEnd
153.9027,24,2,3,0,0.8010281,0.9498376,0.3657568,4.142808,96.89376,98.4748,0.829621,0.9011288,0.3302431,-0.5142586,-0.2516326,0.3681082,GotSelection
153.9164,24,2,3,0,0.8009986,0.9497727,0.3658027,4.128437,96.88818,98.50296,0.8294652,0.9001703,0.330073,-0.5238928,-0.2523597,0.3676023,SelectionStart
153.9164,24,2,3,0,0.8009986,0.9497727,0.3658027,4.128437,96.88818,98.50296,0.8294652,0.9001703,0.330073,-0.5238928,-0.2523597,0.3676023,SelectionEnd
153.9197,24,2,3,0,0.8009986,0.9497727,0.3658027,4.128437,96.88818,98.50296,0.8294652,0.9001703,0.330073,-0.5238928,-0.2523597,0.3676023,GotSelection
153.932,24,2,3,0,0.801481,0.9497315,0.3655423,4.251181,96.92764,98.46606,0.8295319,0.90027,0.3300458,-0.5215383,-0.2509211,0.3642644,SelectionStart
153.932,24,2,3,0,0.801481,0.9497315,0.3655423,4.251181,96.92764,98.46606,0.8295319,0.90027,0.3300458,-0.5215383,-0.2509211,0.3642644,SelectionEnd
153.9357,24,2,3,0,0.801481,0.9497315,0.3655423,4.251181,96.92764,98.46606,0.8295319,0.90027,0.3300458,-0.5215383,-0.2509211,0.3642644,GotSelection
153.9476,24,2,3,0,0.8022112,0.9497448,0.3650208,4.394096,96.99545,98.37755,0.8293765,0.900814,0.330503,-0.5143122,-0.2434361,0.3552729,SelectionStart
153.9476,24,2,3,0,0.8022112,0.9497448,0.3650208,4.394096,96.99545,98.37755,0.8293765,0.900814,0.330503,-0.5143122,-0.2434361,0.3552729,SelectionEnd
153.9508,24,2,3,0,0.8022112,0.9497448,0.3650208,4.394096,96.99545,98.37755,0.8293765,0.900814,0.330503,-0.5143122,-0.2434361,0.3552729,GotSelection
153.9603,24,2,3,0,0.8027165,0.9498452,0.3648625,4.463186,97.03249,98.35049,0.8295676,0.9015675,0.3308714,-0.5067347,-0.2395734,0.3517013,SelectionStart
153.9603,24,2,3,0,0.8027165,0.9498452,0.3648625,4.463186,97.03249,98.35049,0.8295676,0.9015675,0.3308714,-0.5067347,-0.2395734,0.3517013,SelectionEnd
153.9636,24,2,3,0,0.8027165,0.9498452,0.3648625,4.463186,97.03249,98.35049,0.8295676,0.9015675,0.3308714,-0.5067347,-0.2395734,0.3517013,GotSelection
154.006,24,2,3,0,0.802665,0.9497076,0.3641641,4.28718,97.20112,98.38118,0.8335797,0.9103969,0.3344785,-0.4077326,-0.203669,0.3798617,SelectionStart
154.0061,24,2,3,0,0.802665,0.9497076,0.3641641,4.28718,97.20112,98.38118,0.8335797,0.9103969,0.3344785,-0.4077326,-0.203669,0.3798617,SelectionEnd
154.0095,24,2,3,0,0.802665,0.9497076,0.3641641,4.28718,97.20112,98.38118,0.8335797,0.9103969,0.3344785,-0.4077326,-0.203669,0.3798617,GotSelection
154.0194,24,2,3,0,0.8021973,0.9494141,0.3644088,4.14001,97.20689,98.47392,0.8350881,0.9135287,0.3354177,-0.3717721,-0.1987159,0.395466,SelectionStart
154.0194,24,2,3,0,0.8021973,0.9494141,0.3644088,4.14001,97.20689,98.47392,0.8350881,0.9135287,0.3354177,-0.3717721,-0.1987159,0.395466,SelectionEnd
154.0228,24,2,3,0,0.8021973,0.9494141,0.3644088,4.14001,97.20689,98.47392,0.8350881,0.9135287,0.3354177,-0.3717721,-0.1987159,0.395466,GotSelection
154.0324,24,2,3,0,0.802224,0.9491893,0.3644917,4.110008,97.22092,98.54726,0.8363271,0.9169629,0.33619,-0.3333192,-0.1953384,0.4040299,SelectionStart
154.0324,24,2,3,0,0.802224,0.9491893,0.3644917,4.110008,97.22092,98.54726,0.8363271,0.9169629,0.33619,-0.3333192,-0.1953384,0.4040299,SelectionEnd
154.0357,24,2,3,0,0.802224,0.9491893,0.3644917,4.110008,97.22092,98.54726,0.8363271,0.9169629,0.33619,-0.3333192,-0.1953384,0.4040299,GotSelection
154.0479,24,2,3,0,0.8025649,0.9489667,0.364373,4.173601,97.25145,98.58425,0.837815,0.9214188,0.3372437,-0.2831749,-0.1890133,0.4110915,SelectionStart
154.0479,24,2,3,0,0.8025649,0.9489667,0.364373,4.173601,97.25145,98.58425,0.837815,0.9214188,0.3372437,-0.2831749,-0.1890133,0.4110915,SelectionEnd
154.0515,24,2,3,0,0.8025649,0.9489667,0.364373,4.173601,97.25145,98.58425,0.837815,0.9214188,0.3372437,-0.2831749,-0.1890133,0.4110915,GotSelection
154.0621,24,2,3,0,0.803087,0.9487983,0.3639756,4.272042,97.29694,98.53967,0.8391219,0.9259085,0.3377303,-0.2334245,-0.1862934,0.4149414,SelectionStart
154.0621,24,2,3,0,0.803087,0.9487983,0.3639756,4.272042,97.29694,98.53967,0.8391219,0.9259085,0.3377303,-0.2334245,-0.1862934,0.4149414,SelectionEnd
154.0656,24,2,3,0,0.803087,0.9487983,0.3639756,4.272042,97.29694,98.53967,0.8391219,0.9259085,0.3377303,-0.2334245,-0.1862934,0.4149414,GotSelection
154.0773,24,2,3,0,0.803525,0.94886,0.3635949,4.416665,97.36131,98.45863,0.840428,0.9302512,0.3379146,-0.1873482,-0.1860569,0.4203553,SelectionStart
154.0773,24,2,3,0,0.803525,0.94886,0.3635949,4.416665,97.36131,98.45863,0.840428,0.9302512,0.3379146,-0.1873482,-0.1860569,0.4203553,SelectionEnd
154.0806,24,2,3,0,0.803525,0.94886,0.3635949,4.416665,97.36131,98.45863,0.840428,0.9302512,0.3379146,-0.1873482,-0.1860569,0.4203553,GotSelection
154.0923,24,2,3,0,0.8039561,0.9487563,0.3634162,4.519115,97.41625,98.39876,0.8417411,0.9344091,0.3381754,-0.1419923,-0.1868576,0.4257318,SelectionStart
154.0924,24,2,3,0,0.8039561,0.9487563,0.3634162,4.519115,97.41625,98.39876,0.8417411,0.9344091,0.3381754,-0.1419923,-0.1868576,0.4257318,SelectionEnd
154.0958,24,2,3,0,0.8039561,0.9487563,0.3634162,4.519115,97.41625,98.39876,0.8417411,0.9344091,0.3381754,-0.1419923,-0.1868576,0.4257318,GotSelection
154.1122,24,2,3,0,0.8039643,0.9485443,0.3636283,4.457685,97.43911,98.45794,0.8431373,0.9379789,0.3386086,-0.1029024,-0.1882693,0.4364008,SelectionStart
154.1123,24,2,3,0,0.8039643,0.9485443,0.3636283,4.457685,97.43911,98.45794,0.8431373,0.9379789,0.3386086,-0.1029024,-0.1882693,0.4364008,SelectionEnd
154.1187,24,2,3,0,0.8039643,0.9485443,0.3636283,4.457685,97.43911,98.45794,0.8431373,0.9379789,0.3386086,-0.1029024,-0.1882693,0.4364008,GotSelection
154.1361,24,2,3,0,0.8030595,0.9484093,0.3643289,4.15717,97.43769,98.65937,0.8458357,0.9429041,0.3392099,-0.05174064,-0.1920129,0.4687438,SelectionStart
154.1361,24,2,3,0,0.8030595,0.9484093,0.3643289,4.15717,97.43769,98.65937,0.8458357,0.9429041,0.3392099,-0.05174064,-0.1920129,0.4687438,SelectionEnd
154.1397,24,2,3,0,0.8030595,0.9484093,0.3643289,4.15717,97.43769,98.65937,0.8458357,0.9429041,0.3392099,-0.05174064,-0.1920129,0.4687438,GotSelection
154.1511,24,2,3,0,0.8023024,0.9482537,0.3649207,3.943707,97.3884,98.78265,0.8470363,0.9449172,0.3393946,-0.0309924,-0.1971447,0.4872585,SelectionStart
154.1512,24,2,3,0,0.8023024,0.9482537,0.3649207,3.943707,97.3884,98.78265,0.8470363,0.9449172,0.3393946,-0.0309924,-0.1971447,0.4872585,SelectionEnd
154.1546,24,2,3,0,0.8023024,0.9482537,0.3649207,3.943707,97.3884,98.78265,0.8470363,0.9449172,0.3393946,-0.0309924,-0.1971447,0.4872585,GotSelection
154.1646,24,2,3,0,0.8020564,0.948155,0.3651083,3.871886,97.37563,98.84446,0.8478926,0.9453121,0.3389982,-0.02675531,-0.2024308,0.4987627,SelectionStart
154.1646,24,2,3,0,0.8020564,0.948155,0.3651083,3.871886,97.37563,98.84446,0.8478926,0.9453121,0.3389982,-0.02675531,-0.2024308,0.4987627,SelectionEnd
154.1681,24,2,3,0,0.8020564,0.948155,0.3651083,3.871886,97.37563,98.84446,0.8478926,0.9453121,0.3389982,-0.02675531,-0.2024308,0.4987627,GotSelection
154.2067,24,2,3,0,0.8026882,0.9486454,0.3650316,3.97691,97.47227,98.67924,0.8454142,0.9426377,0.3358502,-0.06414514,-0.231462,0.4740155,SelectionStart
154.2067,24,2,3,0,0.8026882,0.9486454,0.3650316,3.97691,97.47227,98.67924,0.8454142,0.9426377,0.3358502,-0.06414514,-0.231462,0.4740155,SelectionEnd
154.2101,24,2,3,0,0.8026882,0.9486454,0.3650316,3.97691,97.47227,98.67924,0.8454142,0.9426377,0.3358502,-0.06414514,-0.231462,0.4740155,GotSelection
154.2201,24,2,3,0,0.8029801,0.949003,0.3648764,4.01606,97.50997,98.63425,0.844025,0.9409825,0.3344843,-0.08707806,-0.2423428,0.460278,SelectionStart
154.2201,24,2,3,0,0.8029801,0.949003,0.3648764,4.01606,97.50997,98.63425,0.844025,0.9409825,0.3344843,-0.08707806,-0.2423428,0.460278,SelectionEnd
154.2236,24,2,3,0,0.8029801,0.949003,0.3648764,4.01606,97.50997,98.63425,0.844025,0.9409825,0.3344843,-0.08707806,-0.2423428,0.460278,GotSelection
154.2331,24,2,3,0,0.8029504,0.9492291,0.3649368,3.982786,97.53848,98.62865,0.8415133,0.9379804,0.3322715,-0.1252219,-0.2629426,0.440656,SelectionStart
154.2331,24,2,3,0,0.8029504,0.9492291,0.3649368,3.982786,97.53848,98.62865,0.8415133,0.9379804,0.3322715,-0.1252219,-0.2629426,0.440656,SelectionEnd
154.2364,24,2,3,0,0.8029504,0.9492291,0.3649368,3.982786,97.53848,98.62865,0.8415133,0.9379804,0.3322715,-0.1252219,-0.2629426,0.440656,GotSelection
154.2483,24,2,3,0,0.8023309,0.94942,0.3650543,3.760574,97.54635,98.67085,0.8373538,0.9335555,0.3294381,-0.1808225,-0.2893271,0.4116723,SelectionStart
154.2483,24,2,3,0,0.8023309,0.94942,0.3650543,3.760574,97.54635,98.67085,0.8373538,0.9335555,0.3294381,-0.1808225,-0.2893271,0.4116723,SelectionEnd
154.2516,24,2,3,0,0.8023309,0.94942,0.3650543,3.760574,97.54635,98.67085,0.8373538,0.9335555,0.3294381,-0.1808225,-0.2893271,0.4116723,GotSelection
154.264,24,2,3,0,0.8012286,0.9494088,0.3655687,3.45254,97.57368,98.74336,0.8337124,0.9295832,0.3260134,-0.2309919,-0.3250024,0.3931779,SelectionStart
154.264,24,2,3,0,0.8012286,0.9494088,0.3655687,3.45254,97.57368,98.74336,0.8337124,0.9295832,0.3260134,-0.2309919,-0.3250024,0.3931779,SelectionEnd
154.2673,24,2,3,0,0.8012286,0.9494088,0.3655687,3.45254,97.57368,98.74336,0.8337124,0.9295832,0.3260134,-0.2309919,-0.3250024,0.3931779,GotSelection
154.2769,24,2,3,0,0.800624,0.9494032,0.3658319,3.252957,97.61743,98.78352,0.8311916,0.9270294,0.3232419,-0.2641002,-0.3531381,0.3790517,SelectionStart
154.2769,24,2,3,0,0.800624,0.9494032,0.3658319,3.252957,97.61743,98.78352,0.8311916,0.9270294,0.3232419,-0.2641002,-0.3531381,0.3790517,SelectionEnd
154.2802,24,2,3,0,0.800624,0.9494032,0.3658319,3.252957,97.61743,98.78352,0.8311916,0.9270294,0.3232419,-0.2641002,-0.3531381,0.3790517,GotSelection
154.2904,24,2,3,0,0.800107,0.9493762,0.3661658,3.078414,97.65373,98.84644,0.8287488,0.924575,0.3204546,-0.2960775,-0.3822833,0.364787,SelectionStart
154.2904,24,2,3,0,0.800107,0.9493762,0.3661658,3.078414,97.65373,98.84644,0.8287488,0.924575,0.3204546,-0.2960775,-0.3822833,0.364787,SelectionEnd
154.2937,24,2,3,0,0.800107,0.9493762,0.3661658,3.078414,97.65373,98.84644,0.8287488,0.924575,0.3204546,-0.2960775,-0.3822833,0.364787,GotSelection
154.3065,24,2,3,0,0.799275,0.9492834,0.3666659,2.793624,97.67603,98.95525,0.8262558,0.9225444,0.3169024,-0.3253401,-0.4208515,0.3534906,SelectionStart
154.3065,24,2,3,0,0.799275,0.9492834,0.3666659,2.793624,97.67603,98.95525,0.8262558,0.9225444,0.3169024,-0.3253401,-0.4208515,0.3534906,SelectionEnd
154.31,24,2,3,0,0.799275,0.9492834,0.3666659,2.793624,97.67603,98.95525,0.8262558,0.9225444,0.3169024,-0.3253401,-0.4208515,0.3534906,GotSelection
154.3195,24,2,3,0,0.7979826,0.9492502,0.3672462,2.378089,97.6934,99.07769,0.8240228,0.9208862,0.3135545,-0.3517365,-0.4574954,0.3483139,SelectionStart
154.3196,24,2,3,0,0.7979826,0.9492502,0.3672462,2.378089,97.6934,99.07769,0.8240228,0.9208862,0.3135545,-0.3517365,-0.4574954,0.3483139,SelectionEnd
154.3228,24,2,3,0,0.7979826,0.9492502,0.3672462,2.378089,97.6934,99.07769,0.8240228,0.9208862,0.3135545,-0.3517365,-0.4574954,0.3483139,GotSelection
154.3328,24,2,3,0,0.7963169,0.9491943,0.367737,1.883041,97.70335,99.17915,0.8231651,0.9209545,0.3112067,-0.358254,-0.4838412,0.3580146,SelectionStart
154.3328,24,2,3,0,0.7963169,0.9491943,0.367737,1.883041,97.70335,99.17915,0.8231651,0.9209545,0.3112067,-0.358254,-0.4838412,0.3580146,SelectionEnd
154.3361,24,2,3,0,0.7963169,0.9491943,0.367737,1.883041,97.70335,99.17915,0.8231651,0.9209545,0.3112067,-0.358254,-0.4838412,0.3580146,GotSelection
154.3479,24,2,3,0,0.7936497,0.9491822,0.3685729,1.012237,97.76623,99.31053,0.822902,0.9227638,0.3082208,-0.351493,-0.5197101,0.3835937,SelectionStart
154.3479,24,2,3,0,0.7936497,0.9491822,0.3685729,1.012237,97.76623,99.31053,0.822902,0.9227638,0.3082208,-0.351493,-0.5197101,0.3835937,SelectionEnd
154.3513,24,2,3,0,0.7936497,0.9491822,0.3685729,1.012237,97.76623,99.31053,0.822902,0.9227638,0.3082208,-0.351493,-0.5197101,0.3835937,GotSelection
154.3622,24,2,3,0,0.7905108,0.9490979,0.3694064,0.02578738,97.83707,99.4717,0.8223228,0.9241995,0.3050921,-0.3500453,-0.5557169,0.4110924,SelectionStart
154.3623,24,2,3,0,0.7905108,0.9490979,0.3694064,0.02578738,97.83707,99.4717,0.8223228,0.9241995,0.3050921,-0.3500453,-0.5557169,0.4110924,SelectionEnd
154.3656,24,2,3,0,0.7905108,0.9490979,0.3694064,0.02578738,97.83707,99.4717,0.8223228,0.9241995,0.3050921,-0.3500453,-0.5557169,0.4110924,GotSelection
154.4145,24,2,3,0,0.7700487,0.9453885,0.3757925,353.4006,98.33642,100.7626,0.8276987,0.9313621,0.2972616,-0.3505673,-0.6534558,0.6770088,Nothing
154.4224,24,2,3,0,0.7667998,0.9441844,0.377256,352.1894,98.53156,101.0752,0.8285936,0.9323897,0.2963376,-0.3553315,-0.6670235,0.7226328,Nothing
154.4311,24,2,3,0,0.7635506,0.9428698,0.3787599,350.9776,98.73492,101.4016,0.8294876,0.9333341,0.2954063,-0.3622031,-0.6801645,0.7689366,Nothing
154.4401,24,2,3,0,0.7589658,0.9405243,0.381176,349.1456,99.00278,101.9364,0.8308129,0.9345818,0.2937558,-0.3758082,-0.7036524,0.8366375,Nothing
154.4478,24,2,3,0,0.7559099,0.9387792,0.3828871,347.8873,99.17576,102.3258,0.8318032,0.9353825,0.2926856,-0.3874433,-0.7188457,0.883532,Nothing
154.4561,24,2,3,0,0.7528127,0.936802,0.3847362,346.5666,99.35075,102.7225,0.8329379,0.9359925,0.2921331,-0.4014361,-0.7288439,0.9318763,Nothing
154.4644,24,2,3,0,0.7496677,0.9348277,0.3863824,345.2374,99.49792,103.0836,0.8338695,0.9364434,0.29109,-0.4195417,-0.7413577,0.9785945,Nothing
154.4724,24,2,3,0,0.7463835,0.932813,0.387962,343.8768,99.64262,103.4226,0.8348982,0.9367431,0.2901047,-0.4415359,-0.7509848,1.02702,Nothing
154.4813,24,2,3,0,0.7429302,0.9308493,0.3896074,342.4626,99.77017,103.7755,0.8357455,0.9370736,0.2892938,-0.4670068,-0.7584739,1.07451,Nothing
154.4887,24,2,3,0,0.7393888,0.928434,0.3913242,340.9539,99.89854,104.1319,0.8365613,0.9373188,0.2885346,-0.4936143,-0.7652607,1.123099,Nothing
154.4981,24,2,3,0,0.7345146,0.9241896,0.3938877,338.5585,100.1289,104.7041,0.8382702,0.937461,0.2871274,-0.5391576,-0.774542,1.197668,Nothing
154.5052,24,2,3,0,0.7322716,0.9224585,0.3948222,337.5141,100.2253,104.8986,0.838578,0.9373743,0.2868715,-0.5600141,-0.7732946,1.224992,Nothing
154.5155,24,2,3,0,0.7259287,0.9176261,0.397538,334.6592,100.451,105.4513,0.8400836,0.9373686,0.2857575,-0.624841,-0.7716206,1.308229,Nothing
154.5311,24,2,3,0,0.718043,0.9106013,0.4004897,330.7476,100.7531,106.0671,0.84184,0.9375149,0.2844856,-0.7126901,-0.7594571,1.409371,Nothing
154.541,24,2,3,0,0.7125527,0.904638,0.4020996,327.6358,101.0605,106.3602,0.8431152,0.9374028,0.2837331,-0.7813559,-0.7394459,1.478786,Nothing
154.5558,24,2,3,0,0.7065685,0.8995634,0.4030439,324.6419,101.4727,106.3108,0.8449847,0.9373603,0.2830931,-0.8598967,-0.7052879,1.550278,Nothing
154.5642,24,2,3,0,0.7021492,0.8947043,0.4034919,321.9616,101.9308,106.1825,0.8461114,0.9372097,0.2825899,-0.9249604,-0.6720006,1.599773,Nothing
154.572,24,2,3,0,0.6996911,0.8921373,0.4031619,320.3911,102.3753,105.8462,0.8468072,0.9370919,0.2824382,-0.9617526,-0.6431633,1.625158,Nothing
154.5805,24,2,3,0,0.6975032,0.889968,0.4023103,318.964,102.8995,105.3529,0.8473749,0.936827,0.2823111,-0.9944468,-0.6104838,1.644193,Nothing
154.5884,24,2,3,0,0.6961198,0.8887166,0.4009471,317.8145,103.6195,104.591,0.8477661,0.9364141,0.2822398,-1.018255,-0.5747067,1.652181,Nothing
154.5977,24,2,3,0,0.6948047,0.8881693,0.3995352,316.8068,104.4878,103.6724,0.8481463,0.9361267,0.2821462,-1.041563,-0.5371673,1.65754,Nothing
154.6065,24,2,3,0,0.6950399,0.8891423,0.3971753,316.3447,105.7094,102.3797,0.8482974,0.9355928,0.282083,-1.045887,-0.4942263,1.646097,Nothing
154.6141,24,2,3,0,0.6947395,0.8890379,0.3951526,315.6883,106.7657,101.2639,0.8485808,0.9351493,0.2819489,-1.055217,-0.4557367,1.64229,Nothing
154.6228,24,2,3,0,0.6945959,0.8891073,0.3925566,314.7451,108.4177,99.63039,0.8480999,0.9342018,0.2818725,-1.067402,-0.4036914,1.623832,Nothing
154.6309,24,2,3,0,0.6945837,0.8893545,0.3908087,314.1938,109.5175,98.5162,0.8481188,0.9336331,0.2816994,-1.076997,-0.3704433,1.612257,Nothing
154.6388,24,2,3,0,0.6950161,0.8895705,0.389217,313.7706,110.5563,97.5444,0.8473511,0.9329223,0.2813528,-1.078621,-0.3460411,1.593294,Nothing
154.6475,24,2,3,0,0.6951236,0.8894777,0.3877276,313.2792,111.6122,96.59637,0.8469947,0.932193,0.2810141,-1.085669,-0.3188686,1.579654,Nothing
154.6556,24,2,3,0,0.6953129,0.8896655,0.386024,312.8949,112.4489,95.73529,0.8464092,0.9314112,0.2806643,-1.089695,-0.297383,1.561074,Nothing
154.6647,24,2,3,0,0.6961475,0.8895479,0.3850078,312.5663,113.3651,95.00996,0.8459339,0.9306598,0.2802046,-1.090464,-0.2813295,1.544638,Nothing
154.6722,24,2,3,0,0.6966673,0.8885653,0.3844974,312.0429,114.285,94.34586,0.8454593,0.9299195,0.2797076,-1.094986,-0.2679502,1.534361,Nothing
154.6817,24,2,3,0,0.6990016,0.8874989,0.383516,311.4521,115.6353,93.49033,0.8448789,0.9288194,0.2789588,-1.089829,-0.2519349,1.509672,Nothing
154.6895,24,2,3,0,0.70049,0.886669,0.3836288,311.1078,116.3603,93.23096,0.8444899,0.9281144,0.278322,-1.089016,-0.2493503,1.497659,Nothing
154.6975,24,2,3,0,0.7021583,0.8854837,0.3841633,310.857,116.7874,93.3361,0.8441525,0.9275724,0.2776071,-1.084396,-0.2548808,1.491201,Nothing
154.7058,24,2,3,0,0.7044732,0.8843868,0.3842015,310.6192,117.2482,93.33592,0.8440705,0.9270552,0.2770481,-1.074383,-0.2577335,1.480533,Nothing
154.7146,24,2,3,0,0.7058569,0.8834225,0.3842327,310.3627,117.7426,93.24455,0.8437591,0.9264504,0.2765536,-1.070372,-0.257189,1.472028,Nothing
154.7235,24,2,3,0,0.7078557,0.8825223,0.3846095,310.2608,117.9736,93.47436,0.8437995,0.9259842,0.2760961,-1.062311,-0.263266,1.465524,Nothing
154.7389,24,2,3,0,0.712079,0.8809345,0.3850728,310.3419,118.1537,94.05855,0.8442204,0.9252524,0.2751755,-1.038854,-0.2796038,1.456489,Nothing
154.7482,24,2,3,0,0.7152256,0.8807375,0.3849911,310.6872,118.0895,94.58895,0.8443688,0.9245259,0.2747394,-1.018295,-0.2914088,1.441751,Nothing
154.7554,24,2,3,0,0.7172818,0.88058,0.3849347,310.891,118.1173,94.8587,0.8447247,0.9240839,0.2744907,-1.00651,-0.2968448,1.433782,Nothing
154.7649,24,2,3,0,0.7196273,0.8813156,0.3846827,311.4593,117.7507,95.37963,0.8450757,0.9236398,0.2743052,-0.9892147,-0.3092463,1.420624,Nothing
154.7733,24,2,3,0,0.7217294,0.8817731,0.3845192,311.9394,117.49,95.81415,0.8454627,0.9231783,0.2742152,-0.9742993,-0.3185138,1.409774,Nothing
154.7894,24,2,3,0,0.7257451,0.8823424,0.3848964,313.0018,116.4224,97.25287,0.8464823,0.9221767,0.274049,-0.9490412,-0.3475775,1.392723,Nothing
154.7976,24,2,3,0,0.7279032,0.8829918,0.3850885,313.6932,115.7019,98.15492,0.8470828,0.9216472,0.2739897,-0.9363595,-0.3648413,1.38151,Nothing
154.8056,24,2,3,0,0.7299317,0.8829268,0.3859744,314.2551,114.757,99.33838,0.8477082,0.9211108,0.2739648,-0.9278267,-0.3891152,1.374392,Nothing
154.814,24,2,3,0,0.7328548,0.8826963,0.3870247,315.0316,113.5825,100.852,0.8485506,0.9203044,0.2739976,-0.9144684,-0.419921,1.362853,Nothing
154.8228,24,2,3,0,0.734522,0.882171,0.3880277,315.5449,112.535,102.1053,0.8492993,0.9197506,0.2740598,-0.9092698,-0.4443465,1.358568,Nothing
154.8313,24,2,3,0,0.7365128,0.8817933,0.3887909,316.0557,111.4379,103.3665,0.8501474,0.919237,0.2741356,-0.9033497,-0.4689279,1.34986,Nothing
154.8403,24,2,3,0,0.7376331,0.880916,0.3898358,316.51,110.192,104.7154,0.8512583,0.9187579,0.2742704,-0.9036244,-0.4930453,1.350234,Nothing
154.8563,24,2,3,0,0.739384,0.8784309,0.3921192,317.5437,107.186,107.7583,0.8533843,0.9178225,0.2744974,-0.9046791,-0.5531718,1.352615,Nothing
154.864,24,2,3,0,0.7401112,0.8772873,0.3931546,318.114,105.7019,109.233,0.8549268,0.9173481,0.2748104,-0.9079742,-0.5784659,1.355604,Nothing
154.8734,24,2,3,0,0.74064,0.8750285,0.3949946,319.2006,102.8102,111.9499,0.856971,0.9165668,0.2751477,-0.9153963,-0.6327895,1.358156,Nothing
154.8897,24,2,3,0,0.7415866,0.8721441,0.3973017,321.1937,98.74482,115.6699,0.8603079,0.915428,0.2759684,-0.9225277,-0.7097172,1.356246,Nothing
154.8975,24,2,3,0,0.7418199,0.87095,0.3981631,322.5217,96.51363,117.5252,0.8623006,0.9146479,0.2764247,-0.9270428,-0.7511066,1.352179,Nothing
154.9059,24,2,3,0,0.7419415,0.8697498,0.3990199,323.6945,94.66953,119.1168,0.8642664,0.9141409,0.2771017,-0.9306912,-0.7843205,1.352084,Nothing
154.9144,24,2,3,0,0.7420194,0.8686267,0.3998384,325.046,92.77505,120.6878,0.866338,0.9134926,0.2777309,-0.9349178,-0.8206379,1.349947,Nothing
154.9229,24,2,3,0,0.7419657,0.8684914,0.3999596,326.4872,91.06243,121.8347,0.8689938,0.9128306,0.2783874,-0.9395629,-0.8479898,1.349229,Nothing
154.9311,24,2,3,0,0.7415036,0.869062,0.4000568,328.1278,89.48569,122.7882,0.8711451,0.9121611,0.2790645,-0.94309,-0.8748336,1.34589,Nothing
154.9389,24,2,3,0,0.7412162,0.8693937,0.399874,329.5085,88.10432,123.5716,0.8736913,0.9114084,0.2799947,-0.9468559,-0.8922742,1.346579,Nothing
154.9479,24,2,3,0,0.7408526,0.8697718,0.3997075,331.5758,86.14077,124.6737,0.8773171,0.910259,0.2812184,-0.9526059,-0.9214814,1.346641,Nothing
154.9554,24,2,3,0,0.7408948,0.8709878,0.3990819,332.9983,85.12161,124.9538,0.8796483,0.9094457,0.28227,-0.9498514,-0.9316293,1.344505,Nothing
154.9644,24,2,3,0,0.7405714,0.8722884,0.3983144,334.1607,84.22128,125.1712,0.8823804,0.9084756,0.2833017,-0.9554598,-0.9330176,1.350033,Nothing
154.972,24,2,3,0,0.7403193,0.8735849,0.3974623,335.2713,83.38291,125.3642,0.8849584,0.9075401,0.2841989,-0.9607432,-0.9341474,1.355315,Nothing
154.9829,24,2,3,0,0.7397893,0.8757275,0.39617,336.7426,82.26828,125.5029,0.8888634,0.9058189,0.2857212,-0.9733417,-0.9285052,1.366494,Nothing
154.9983,24,2,3,0,0.7388676,0.8783,0.3943597,338.678,80.6726,125.7132,0.8941378,0.9033898,0.2877579,-0.9921326,-0.9246359,1.384982,Nothing
155.006,24,2,3,0,0.7383901,0.8795501,0.3935208,339.6674,79.85459,125.838,0.896697,0.9020327,0.2887332,-1.003103,-0.9245168,1.393841,Nothing
155.0139,24,2,3,0,0.7378361,0.8814113,0.3925995,340.5898,79.05892,125.8906,0.8991572,0.9004856,0.2896397,-1.020386,-0.9201722,1.40066,Nothing
155.0221,24,2,3,0,0.7367939,0.8821349,0.3919314,341.4365,78.30669,125.9173,0.9016042,0.8990287,0.2905372,-1.032245,-0.9238319,1.416943,Nothing
155.0306,24,2,3,0,0.7363331,0.8839062,0.390788,342.3479,77.61079,125.9095,0.9040546,0.8974426,0.291384,-1.046681,-0.9182329,1.42708,Nothing
155.0387,24,2,3,0,0.7364089,0.8855213,0.38972,343.1675,77.07467,125.8115,0.9062762,0.8958552,0.292207,-1.056703,-0.9112082,1.434229,Nothing
155.0471,24,2,3,0,0.7369916,0.8876742,0.3886331,343.9848,76.81559,125.53,0.9085281,0.8942357,0.2929908,-1.064264,-0.8978539,1.44229,Nothing
155.0565,24,2,3,0,0.7382425,0.8895612,0.3875625,344.8332,76.49445,125.2783,0.9106939,0.8926581,0.293764,-1.067432,-0.8878927,1.443662,Nothing
155.0645,24,2,3,0,0.7393849,0.8925841,0.3859974,346.0233,76.09268,124.8619,0.9139088,0.8902883,0.2948963,-1.077174,-0.8706328,1.454682,Nothing
155.0734,24,2,3,0,0.7405042,0.8949892,0.3848151,346.6752,76.0057,124.4713,0.9159556,0.8887334,0.2955801,-1.084323,-0.8520936,1.461119,Nothing
155.081,24,2,3,0,0.7415617,0.897211,0.3836497,347.136,76.03733,124.0392,0.9177511,0.887202,0.2962566,-1.09171,-0.8300708,1.468109,Nothing
155.0899,24,2,3,0,0.7422056,0.8994244,0.3824581,347.575,75.97691,123.645,0.9181393,0.8858008,0.2970699,-1.096314,-0.80802,1.464533,Nothing
155.0976,24,2,3,0,0.7419325,0.9008297,0.381691,347.9526,75.92488,123.3256,0.9195371,0.8844369,0.2975876,-1.106099,-0.7961199,1.47982,Nothing
155.1088,24,2,3,0,0.7426643,0.9039339,0.3799908,348.5779,75.76418,122.7964,0.9213334,0.8826103,0.2981695,-1.12023,-0.773922,1.487506,Nothing
155.1228,24,2,3,0,0.7438752,0.9071169,0.377856,349.3908,75.50392,122.21,0.92327,0.8806352,0.2986463,-1.130387,-0.7539907,1.493053,Nothing
155.1306,24,2,3,0,0.7443778,0.9087954,0.3768428,349.8246,75.35642,121.8801,0.924316,0.8796461,0.2989163,-1.136165,-0.7456703,1.497789,Nothing
155.1395,24,2,3,0,0.7449607,0.9101604,0.3758947,350.1638,75.21641,121.6135,0.9252931,0.8794304,0.2988172,-1.137269,-0.7440141,1.501422,Nothing
155.1475,24,2,3,0,0.7452755,0.9114944,0.3749453,350.4449,75.11387,121.3033,0.9258692,0.8787352,0.2986828,-1.142368,-0.7392988,1.503281,Nothing
155.1569,24,2,3,0,0.746196,0.9124709,0.3740472,350.6994,75.02003,121.0416,0.9259848,0.8780065,0.2988057,-1.142009,-0.7314845,1.49593,Nothing
155.1725,24,2,3,0,0.7469531,0.9143644,0.3729184,351.1632,74.87093,120.563,0.9268557,0.8773522,0.2987755,-1.144381,-0.7285019,1.497622,Nothing
155.1811,24,2,3,0,0.7471923,0.9148649,0.3725843,351.2801,74.81719,120.4394,0.9270588,0.8773083,0.2986658,-1.144366,-0.7290907,1.497151,Nothing
155.1885,24,2,3,0,0.7473802,0.915671,0.3718587,351.4502,74.7236,120.2442,0.9273918,0.8772475,0.2986206,-1.143871,-0.7274957,1.498929,Nothing
155.1974,24,2,3,0,0.7474393,0.9165686,0.3711536,351.6801,74.53536,120.0153,0.9278873,0.8771783,0.2984235,-1.145088,-0.7312412,1.501673,Nothing
155.2052,24,2,3,0,0.7478542,0.9168204,0.3708539,351.9501,74.43503,119.9382,0.9281016,0.8771436,0.2983145,-1.140207,-0.7354127,1.500667,Nothing
155.215,24,2,3,0,0.7484044,0.9172063,0.3706327,352.3078,74.27598,119.8642,0.9285068,0.8778544,0.2979877,-1.130172,-0.7478637,1.499933,Nothing
155.2223,24,2,3,0,0.7488794,0.9174863,0.3704434,352.6609,74.11626,119.8138,0.9285043,0.8780835,0.2977911,-1.122578,-0.7564086,1.495561,Nothing
155.2311,24,2,3,0,0.7489717,0.9176916,0.37017,352.8948,73.99082,119.7701,0.9284669,0.8782324,0.2976795,-1.117544,-0.7614968,1.494466,Nothing
155.2393,24,2,3,0,0.7488054,0.9177107,0.3700962,353.0224,73.87803,119.7434,0.9283124,0.8785117,0.2974608,-1.113965,-0.76906,1.493431,Nothing
155.2473,24,2,3,0,0.7485648,0.9178568,0.369753,353.0685,73.78671,119.7215,0.9281459,0.8786393,0.2972382,-1.113445,-0.7713462,1.493008,Nothing
155.2556,24,2,3,0,0.7484789,0.9180998,0.3694446,353.1888,73.67205,119.6549,0.9277657,0.8790642,0.296905,-1.108902,-0.7775968,1.489089,Nothing
155.264,24,2,3,0,0.7484906,0.9182441,0.3692603,353.2144,73.63496,119.6291,0.9274346,0.8793755,0.2966705,-1.106312,-0.7799537,1.485288,Nothing
155.2726,24,2,3,0,0.7486191,0.9183776,0.3690522,353.2791,73.5925,119.5916,0.9271549,0.8795897,0.296472,-1.103073,-0.7820791,1.481192,Nothing
155.2802,24,2,3,0,0.7489809,0.9183888,0.3690583,353.3433,73.64722,119.5698,0.9262503,0.8796625,0.2962861,-1.098009,-0.7814929,1.470206,Nothing
155.2905,24,2,3,0,0.7495023,0.9185667,0.3690107,353.4704,73.70358,119.541,0.9258115,0.8799203,0.2960593,-1.091979,-0.7823707,1.462899,Nothing
155.2976,24,2,3,0,0.7503282,0.9187741,0.3689737,353.6755,73.77601,119.4924,0.9255881,0.8800621,0.2958377,-1.084919,-0.7833498,1.455627,Nothing
155.3072,24,2,3,0,0.7516187,0.9193097,0.3688622,354.034,73.86954,119.3959,0.9249597,0.8804584,0.2955049,-1.072489,-0.7848552,1.441592,Nothing
155.3224,24,2,3,0,0.7528999,0.9199502,0.3684888,354.3899,73.96221,119.2216,0.9241818,0.8807779,0.295145,-1.05949,-0.784481,1.426547,Nothing
155.3309,24,2,3,0,0.7534046,0.9203681,0.3681027,354.5291,73.9593,119.1004,0.9236571,0.8809164,0.2949145,-1.054351,-0.7836726,1.417915,Nothing
155.3388,24,2,3,0,0.7537274,0.9207687,0.3676908,354.6407,73.91356,118.9925,0.9232196,0.8811621,0.2946306,-1.050092,-0.7846422,1.410804,Nothing
155.3471,24,2,3,0,0.7537702,0.9210365,0.3672471,354.6906,73.86755,118.9205,0.9225847,0.8811928,0.2943447,-1.048445,-0.7836993,1.403926,Nothing
155.3559,24,2,3,0,0.7537114,0.9212243,0.3668598,354.6893,73.80594,118.8734,0.9218208,0.8812079,0.2940815,-1.047924,-0.782589,1.395946,Nothing
155.3637,24,2,3,0,0.7534861,0.9213372,0.3664826,354.6202,73.76041,118.8643,0.9211377,0.8812012,0.2937633,-1.049548,-0.7809471,1.38994,Nothing
155.3723,24,2,3,0,0.7534006,0.9214147,0.3663396,354.6386,73.74013,118.8434,0.9201664,0.8812307,0.2934375,-1.0484,-0.7815408,1.380492,Nothing
155.3808,24,2,3,0,0.753665,0.9217287,0.3660165,354.7098,73.7446,118.797,0.9188108,0.8812188,0.2929046,-1.046547,-0.7799976,1.364554,Nothing
155.391,24,2,3,0,0.7541085,0.9219064,0.36587,354.8005,73.77834,118.7632,0.9177199,0.8812631,0.2924776,-1.043,-0.7795088,1.350217,Nothing
155.4056,24,2,3,0,0.7547022,0.9223584,0.3655248,354.9565,73.84418,118.6717,0.9152119,0.8813605,0.2914015,-1.037733,-0.7796737,1.320375,Nothing
155.4146,24,2,3,0,0.7550672,0.922556,0.3652964,355.0251,73.86245,118.6209,0.9135417,0.8812969,0.2908787,-1.034841,-0.778012,1.300459,Nothing
155.4224,24,2,3,0,0.7553028,0.9227735,0.3650014,355.0819,73.86281,118.5676,0.9120159,0.8814259,0.290186,-1.031861,-0.7789441,1.282599,Nothing
155.4305,24,2,3,0,0.7557224,0.9230064,0.3647517,355.1935,73.85404,118.5043,0.9104069,0.8815283,0.2895366,-1.027626,-0.7800536,1.262405,Nothing
155.4386,24,2,3,0,0.7560897,0.9231462,0.3645943,355.3272,73.83959,118.4429,0.9085974,0.8814104,0.2889291,-1.024176,-0.7809295,1.240597,Nothing
155.4477,24,2,3,0,0.756669,0.9235487,0.3642418,355.4961,73.83167,118.3514,0.9059523,0.8816735,0.2878215,-1.017859,-0.7835011,1.208243,Nothing
155.455,24,2,3,0,0.7570424,0.9237654,0.3640003,355.5808,73.83352,118.2916,0.9040175,0.8817385,0.287124,-1.014197,-0.7836753,1.185093,Nothing
155.4645,24,2,3,0,0.757364,0.9239737,0.3637289,355.621,73.85253,118.2293,0.9020219,0.8818101,0.2864116,-1.010995,-0.7830216,1.161849,Nothing
155.4728,24,2,3,0,0.7575039,0.9241439,0.3634657,355.5922,73.89243,118.1922,0.8999585,0.8820944,0.2855045,-1.008089,-0.7840994,1.139141,Nothing
155.4805,24,2,3,0,0.7576293,0.9242028,0.3633115,355.5323,73.94265,118.1882,0.8978771,0.8822182,0.2847463,-1.006338,-0.7835631,1.1164,Nothing
155.4892,24,2,3,0,0.7577041,0.9241486,0.3632335,355.4341,74.00964,118.2206,0.8957942,0.8824219,0.2838956,-1.004691,-0.7843024,1.093823,Nothing
155.4975,24,2,3,0,0.7576464,0.923951,0.3633041,355.3199,74.0777,118.2918,0.8936383,0.8826342,0.2830334,-1.003266,-0.7865425,1.071398,Nothing
155.5054,24,2,3,0,0.7577757,0.9239106,0.3632085,355.2154,74.16498,118.3479,0.8905492,0.8828989,0.2817214,-1.001199,-0.7885532,1.037645,Nothing
155.5139,24,2,3,0,0.7578732,0.9237796,0.3632088,355.1537,74.21857,118.3906,0.8884716,0.8831003,0.2808588,-0.9987904,-0.7910507,1.014811,Nothing
155.522,24,2,3,0,0.758048,0.9237235,0.3631409,355.1029,74.26963,118.418,0.8864273,0.8832889,0.2800497,-0.9961574,-0.7924313,0.9918629,Nothing
155.5305,24,2,3,0,0.7582299,0.9237114,0.3629524,355.0842,74.31491,118.421,0.8844126,0.8834146,0.2791959,-0.9933969,-0.7935088,0.9694194,Nothing
155.5394,24,2,3,0,0.7587961,0.9238799,0.3627817,355.2015,74.33933,118.3751,0.8824809,0.8835575,0.2784643,-0.9885036,-0.7945597,0.9449177,Nothing
155.547,24,2,3,0,0.7591552,0.9240985,0.3626574,355.2922,74.36539,118.3383,0.8806251,0.8836718,0.2777736,-0.9855027,-0.7954333,0.9228997,Nothing
155.556,24,2,3,0,0.7596172,0.9242136,0.3624724,355.3726,74.39044,118.2863,0.8788331,0.8837675,0.2771467,-0.9811164,-0.795727,0.9007945,Nothing
155.5639,24,2,3,0,0.75985,0.9244447,0.3621552,355.3963,74.41412,118.2185,0.8770962,0.8837736,0.2764818,-0.979338,-0.794646,0.8810494,Nothing
155.5722,24,2,3,0,0.7601663,0.9246784,0.3618366,355.4345,74.44667,118.1133,0.8745782,0.8838392,0.275629,-0.9754305,-0.7943221,0.8526704,Nothing
155.5804,24,2,3,0,0.7603047,0.9249445,0.3615163,355.436,74.45461,118.0224,0.8730341,0.8838297,0.2752201,-0.9736475,-0.7917808,0.8358935,Nothing
155.5886,24,2,3,0,0.7604322,0.9252468,0.3612925,355.4287,74.50056,117.9743,0.8716028,0.8837999,0.2747941,-0.973616,-0.7889087,0.820661,Nothing
155.5973,24,2,3,0,0.7604453,0.9253563,0.3612259,355.421,74.52898,117.9644,0.8703204,0.883674,0.2744684,-0.9741272,-0.7871432,0.8075736,Nothing
155.6056,24,2,3,0,0.7604662,0.9253156,0.3612378,355.3953,74.56697,117.9986,0.8690563,0.8835582,0.2740705,-0.9746623,-0.7865074,0.7943479,Nothing
155.614,24,2,3,0,0.7603663,0.925087,0.3613911,355.3389,74.58944,118.0882,0.8677941,0.8834097,0.2737394,-0.9755855,-0.786604,0.7816786,Nothing
155.6221,24,2,3,0,0.7601907,0.9249128,0.3614516,355.2984,74.60201,118.1474,0.8667111,0.8831792,0.2733639,-0.9774544,-0.7869018,0.771465,Nothing
155.6306,24,2,3,0,0.7600118,0.9246815,0.3615903,355.2304,74.6276,118.2421,0.8650693,0.8828964,0.2729926,-0.979238,-0.785819,0.7556376,Nothing
155.6394,24,2,3,0,0.7597651,0.9244563,0.3617482,355.142,74.65508,118.3274,0.8639811,0.8827193,0.2727343,-0.981025,-0.7856646,0.7461029,Nothing
155.6474,24,2,3,0,0.759504,0.924282,0.3618906,355.0594,74.68917,118.3961,0.8631304,0.8824235,0.2725159,-0.9842489,-0.7849532,0.7392268,Nothing
155.6552,24,2,3,0,0.7589344,0.92401,0.3620344,354.7872,74.7823,118.4826,0.8625191,0.8822287,0.2724533,-0.9882086,-0.782702,0.7378656,Nothing
155.6642,24,2,3,0,0.7583576,0.9237502,0.3621424,354.4855,74.88999,118.5587,0.8619735,0.8821066,0.2721883,-0.9926472,-0.782145,0.7368668,Nothing
155.6722,24,2,3,0,0.7575717,0.9234048,0.3623082,354.1122,75.02412,118.644,0.8614755,0.8819679,0.2721272,-0.9971776,-0.7801509,0.7387548,Nothing
155.6813,24,2,3,0,0.7563507,0.9229173,0.3625261,353.4445,75.27035,118.7702,0.8607649,0.8817815,0.2720262,-1.005175,-0.7757379,0.7423517,Nothing
155.6887,24,2,3,0,0.7555723,0.9226234,0.362716,353.0716,75.41364,118.8345,0.8610027,0.8818424,0.2720293,-1.009624,-0.7754496,0.7518383,Nothing
155.6979,24,2,3,0,0.7539598,0.921838,0.3630635,352.0835,75.77817,119.0147,0.8605996,0.8817594,0.2719465,-1.020355,-0.7700964,0.7620217,Nothing
155.7054,24,2,3,0,0.7522264,0.9209777,0.3634179,351.0169,76.12412,119.1663,0.8606586,0.881875,0.2717846,-1.031506,-0.7674446,0.7770284,Nothing
155.7143,24,2,3,0,0.7502815,0.919746,0.3636436,349.6877,76.49092,119.345,0.8606718,0.881951,0.2717247,-1.043132,-0.7613674,0.7927976,Nothing
155.7229,24,2,3,0,0.7475317,0.9184871,0.3638291,348.0894,76.89976,119.5319,0.861072,0.8821013,0.271484,-1.061958,-0.754719,0.818345,Nothing
155.7315,24,2,3,0,0.7449002,0.9165132,0.3643156,346.3575,77.33024,119.7886,0.8612034,0.8822812,0.2713624,-1.07785,-0.7489272,0.840464,Nothing
155.7473,24,2,3,0,0.7396108,0.9115698,0.3662289,342.5717,78.39084,120.5022,0.8618683,0.8828827,0.2707523,-1.116963,-0.7406678,0.890985,Nothing
155.7559,24,2,3,0,0.7365424,0.9073889,0.3681194,339.9407,79.18961,121.117,0.862186,0.8833444,0.2703387,-1.142644,-0.7355937,0.9227903,Nothing
155.7642,24,2,3,0,0.7350073,0.9036918,0.3700839,338.0672,79.90318,121.6923,0.862439,0.8837584,0.2699664,-1.158398,-0.7344232,0.9452121,Nothing
155.7727,24,2,3,0,0.7340303,0.9003463,0.3718336,336.4224,80.51792,122.2093,0.8629656,0.884276,0.2693032,-1.173323,-0.7363233,0.9655915,Nothing
155.7804,24,2,3,0,0.7325785,0.8973156,0.373206,334.7968,81.07841,122.6283,0.8631693,0.8847032,0.268885,-1.189164,-0.7324053,0.9867294,Nothing
155.7901,24,2,3,0,0.7322304,0.8940143,0.3748341,333.3727,81.63258,123.1308,0.8633869,0.8852651,0.2683328,-1.198262,-0.73409,1.002052,Nothing
155.7975,24,2,3,0,0.7326468,0.8907775,0.3760418,332.0569,82.13925,123.5606,0.8635695,0.8858845,0.2677062,-1.200603,-0.736584,1.011924,Nothing
155.8056,24,2,3,0,0.7329966,0.8884846,0.3768443,331.0497,82.70164,123.7632,0.8640996,0.8866674,0.2665712,-1.204429,-0.741466,1.02685,Nothing
155.8145,24,2,3,0,0.7337182,0.8852036,0.3778426,329.3441,83.58186,123.9725,0.8642946,0.8876733,0.2654717,-1.207386,-0.7396988,1.04138,Nothing
155.8224,24,2,3,0,0.7344805,0.8841572,0.3780064,328.4793,84.29416,123.7997,0.8641768,0.8883978,0.2645812,-1.205061,-0.7371944,1.046875,Nothing
155.8309,24,2,3,0,0.735387,0.8835934,0.3777159,327.6398,85.07656,123.4275,0.8640914,0.8891429,0.2636662,-1.200522,-0.7315871,1.050972,Nothing
155.8388,24,2,3,0,0.736576,0.8837541,0.3772767,326.9426,85.9797,122.8272,0.8639193,0.8898202,0.262546,-1.195158,-0.7268345,1.05114,Nothing
155.8477,24,2,3,0,0.7379888,0.8843592,0.37642,326.3471,86.97817,122.0539,0.8636425,0.8905784,0.2614267,-1.18504,-0.7199239,1.049264,Nothing
155.8559,24,2,3,0,0.7383944,0.8849324,0.3757387,325.6625,88.01159,121.2316,0.8631291,0.891359,0.2600458,-1.181853,-0.7144793,1.053297,Nothing
155.8642,24,2,3,0,0.7395509,0.8859019,0.3744588,325.0218,89.16356,120.2636,0.862691,0.8921549,0.2586407,-1.172929,-0.7046783,1.05167,Nothing
155.8732,24,2,3,0,0.7402896,0.8871597,0.3733305,323.9791,90.96628,118.8845,0.8618775,0.8932229,0.2564663,-1.170892,-0.691588,1.055753,Nothing
155.8807,24,2,3,0,0.7415042,0.888194,0.372086,323.1107,92.57742,117.5905,0.8611401,0.8938818,0.2547202,-1.16475,-0.6790178,1.053067,Nothing
155.889,24,2,3,0,0.7426671,0.8887413,0.3712169,322.2892,94.03047,116.5303,0.860459,0.894581,0.2531114,-1.159334,-0.6701837,1.05176,Nothing
155.8974,24,2,3,0,0.7437164,0.8891137,0.3705426,321.2423,95.7551,115.3338,0.859493,0.8952114,0.2512343,-1.157672,-0.660781,1.050531,Nothing
155.9058,24,2,3,0,0.7448387,0.8890269,0.3700837,320.0334,97.67274,114.1211,0.8584292,0.8957229,0.2492551,-1.158005,-0.6504789,1.05022,Nothing
155.9144,24,2,3,0,0.7459614,0.8886657,0.3695946,318.6784,99.81786,112.7693,0.8573122,0.8961951,0.2472184,-1.159048,-0.6375861,1.051247,Nothing
155.9219,24,2,3,0,0.7467051,0.8883221,0.3690354,317.1042,102.4052,111.0283,0.8559648,0.8964441,0.2449127,-1.165662,-0.6203004,1.053208,Nothing
155.9315,24,2,3,0,0.7482808,0.8880125,0.3682725,314.806,106.7717,108.0399,0.8542742,0.8969,0.2416407,-1.175611,-0.5898332,1.05664,Nothing
155.9482,24,2,3,0,0.7516754,0.8888329,0.3658959,311.4741,115.0565,101.8982,0.8515147,0.8968587,0.2366516,-1.190151,-0.529068,1.042257,Nothing
155.9565,24,2,3,0,0.7521148,0.8891734,0.3645141,310.2229,119.0701,98.68225,0.8501328,0.8966091,0.233973,-1.20203,-0.5024366,1.040173,Nothing
155.9724,24,2,3,0,0.7522061,0.8910424,0.3590093,308.4337,127.0593,91.47961,0.8469667,0.8957803,0.2282458,-1.216058,-0.4507299,1.017152,Nothing
155.9812,24,2,3,0,0.7515069,0.8923908,0.3556317,308.028,130.9428,87.61687,0.8453485,0.8951395,0.2252177,-1.222361,-0.4288216,1.004693,Nothing
155.9889,24,2,3,0,0.7509104,0.8942818,0.3518762,307.9726,134.6065,83.96677,0.8440714,0.894509,0.2220894,-1.22901,-0.4066787,0.9902518,Nothing
155.9971,24,2,3,0,0.750538,0.8962037,0.348009,308.1513,138.0288,80.60996,0.842661,0.8938835,0.218969,-1.231783,-0.3878086,0.9742615,Nothing
156.0058,24,2,3,0,0.7497069,0.8984388,0.3424892,308.6165,143.0571,75.66367,0.8410487,0.8928174,0.2140506,-1.240841,-0.3612488,0.9583212,Nothing
156.0142,24,2,3,0,0.7496138,0.8999286,0.3388348,309.1245,145.9221,72.86263,0.8393647,0.8921638,0.2110443,-1.236834,-0.3521835,0.9436582,Nothing
156.0228,24,2,3,0,0.7493269,0.9011328,0.3356594,309.6335,148.5873,70.28832,0.8383986,0.8913923,0.2078128,-1.242354,-0.3434256,0.9356024,Nothing
156.0309,24,2,3,0,0.7491363,0.9015387,0.3330819,309.9878,150.981,68.05202,0.8375648,0.8906449,0.204842,-1.247903,-0.3365845,0.931268,Nothing
156.0384,24,2,3,0,0.7480246,0.9011456,0.3309797,310.1398,153.1301,65.96255,0.8368623,0.8898993,0.2020629,-1.259824,-0.3275355,0.9326605,Nothing
156.0475,24,2,3,0,0.7484766,0.8997683,0.3304314,310.0169,154.8811,64.62648,0.836443,0.8894299,0.1997074,-1.26605,-0.32771,0.9406268,Nothing
156.0557,24,2,3,0,0.7480817,0.8991884,0.329879,310.0871,156.8193,63.2198,0.8359769,0.8886479,0.197356,-1.283382,-0.3205104,0.9453481,Nothing
156.0639,24,2,3,0,0.7490252,0.8979957,0.3295538,309.9853,158.3401,62.26827,0.8362402,0.8884577,0.195188,-1.291453,-0.3163084,0.9551306,Nothing
156.0723,24,2,3,0,0.7500007,0.8967406,0.3284031,310.1122,160.9498,60.37159,0.8354897,0.8873502,0.1920504,-1.300094,-0.3133544,0.9572921,Nothing
156.0818,24,2,3,0,0.7529345,0.8954486,0.3286699,310.1304,161.8185,60.32721,0.8352478,0.8867145,0.190938,-1.288723,-0.3206382,0.9611816,Nothing
156.0981,24,2,3,0,0.754198,0.889675,0.3301684,309.1545,163.6261,59.12202,0.8342205,0.885364,0.1879754,-1.295402,-0.3384617,0.9900125,Nothing
156.1206,24,2,3,0,0.7576808,0.890942,0.327302,310.5337,165.1769,58.47009,0.8335964,0.8839356,0.1857442,-1.270691,-0.3346668,0.9817591,Nothing
156.1323,24,2,3,0,0.760007,0.8930815,0.3221242,312.3088,166.1564,57.71636,0.8328537,0.8827737,0.1841848,-1.230841,-0.3223678,0.9616628,Nothing
156.148,24,2,3,0,0.7613288,0.8954423,0.3170637,313.7238,166.6046,57.22754,0.8320979,0.8813188,0.1830491,-1.202273,-0.3154019,0.9307563,Nothing
156.1559,24,2,3,0,0.7617671,0.8959354,0.3152611,314.2811,166.6951,57.08712,0.8314968,0.8807553,0.1823916,-1.18864,-0.3163003,0.9244177,Nothing
156.1638,24,2,3,0,0.7627897,0.896564,0.3139256,314.7288,166.9352,57.04039,0.8311956,0.8800371,0.1820868,-1.179036,-0.3166536,0.9132813,Nothing
156.1733,24,2,3,0,0.7639542,0.8964469,0.313037,315.0731,167.193,57.02697,0.8308679,0.8793517,0.1821097,-1.166038,-0.3159148,0.9061331,Nothing
156.1886,24,2,3,0,0.7662162,0.895578,0.3118565,315.7057,168.0024,56.84184,0.8302922,0.877781,0.1821996,-1.143995,-0.3120707,0.8965576,Nothing
156.1967,24,2,3,0,0.7672984,0.8952734,0.3112353,316.0105,168.4409,56.71214,0.8300765,0.8770653,0.1822652,-1.13429,-0.3095171,0.8907483,Nothing
156.2048,24,2,3,0,0.7689336,0.8951628,0.3105304,316.3604,168.8613,56.75293,0.8298135,0.8760214,0.1826503,-1.122145,-0.3083287,0.878426,Nothing
156.2139,24,2,3,0,0.7696409,0.8937842,0.3111636,316.1504,168.9088,56.87481,0.829539,0.8755052,0.1832968,-1.114084,-0.3105755,0.8787565,Nothing
156.2216,24,2,3,0,0.7704253,0.8932,0.3111459,316.1618,169.0821,56.91342,0.8292761,0.8746415,0.1836037,-1.109114,-0.3131791,0.8724301,Nothing
156.2309,24,2,3,0,0.7712722,0.8919692,0.3115225,316.0382,169.1389,57.01887,0.8289904,0.8740938,0.1842807,-1.098726,-0.3152186,0.8709144,Nothing
156.238,24,2,3,0,0.7721898,0.8915775,0.3116721,316.1535,169.2597,57.18986,0.8287989,0.8736378,0.1850043,-1.089748,-0.3139976,0.8664783,Nothing
156.2474,24,2,3,0,0.773257,0.8913942,0.3114333,316.3482,169.3581,57.34909,0.8286647,0.8730863,0.1858475,-1.078348,-0.3121853,0.8576761,Nothing
156.256,24,2,3,0,0.7749536,0.8914492,0.3109272,316.6894,169.424,57.66653,0.8285264,0.8724886,0.187163,-1.059853,-0.3092989,0.8434428,Nothing
156.2635,24,2,3,0,0.7761142,0.8921118,0.3100788,317.0748,169.1633,58.07092,0.8284182,0.8720436,0.1882085,-1.044584,-0.3088492,0.8281928,Nothing
156.2716,24,2,3,0,0.7773356,0.8920281,0.3095731,317.2872,169.0394,58.34282,0.8283037,0.8716215,0.1893296,-1.028167,-0.3082387,0.8163226,Nothing
156.28,24,2,3,0,0.7779946,0.8919711,0.3093123,317.4298,168.7707,58.69489,0.8281806,0.8712212,0.1904057,-1.016757,-0.3070422,0.8064826,Nothing
156.2883,24,2,3,0,0.7784993,0.8916346,0.3092407,317.4839,168.6261,58.89256,0.8280755,0.8708592,0.1916067,-1.006123,-0.304417,0.7974821,Nothing
156.2971,24,2,3,0,0.7790519,0.891156,0.3094828,317.4366,168.6312,59.01991,0.8280192,0.8707039,0.1930121,-0.9959351,-0.2999007,0.7893843,Nothing
156.305,24,2,3,0,0.7796603,0.89057,0.310098,317.3091,168.6648,59.14871,0.8278648,0.8704053,0.1944195,-0.9879551,-0.2986684,0.7820664,Nothing
156.3133,24,2,3,0,0.7798271,0.8901212,0.3107942,317.1384,168.658,59.34377,0.8278479,0.8700481,0.1956617,-0.9865293,-0.2948916,0.7754642,Nothing
156.3226,24,2,3,0,0.7805055,0.8886462,0.3121931,316.794,168.553,59.6688,0.8276073,0.8693812,0.1977567,-0.976979,-0.294398,0.7689912,Nothing
156.3306,24,2,3,0,0.7807981,0.8876938,0.313292,316.403,168.3964,59.88758,0.8274223,0.8691533,0.1991603,-0.9721894,-0.295953,0.7648575,Nothing
156.3384,24,2,3,0,0.7812924,0.8869912,0.3140691,316.1622,168.2887,60.11514,0.8271903,0.8691087,0.2004028,-0.964211,-0.2967707,0.7612157,Nothing
156.3466,24,2,3,0,0.7817035,0.8867534,0.3145422,315.9804,168.0789,60.36687,0.8268672,0.8690087,0.2017598,-0.9560165,-0.2986079,0.7521907,Nothing
156.3552,24,2,3,0,0.7821892,0.886673,0.3147808,315.906,167.905,60.61142,0.8262886,0.868833,0.2030341,-0.9455436,-0.301812,0.7416508,Nothing
156.3631,24,2,3,0,0.7826235,0.8869501,0.3146756,315.9421,167.7748,60.77906,0.8258948,0.8687059,0.2043021,-0.9355582,-0.3021745,0.7285953,Nothing
156.3763,24,2,3,0,0.7832769,0.8875519,0.3144206,316.0066,167.5039,61.07835,0.8253928,0.8684968,0.2059495,-0.9228253,-0.3041855,0.7091144,Nothing
156.389,24,2,3,0,0.7853547,0.8884363,0.3138023,316.0673,166.7548,61.77008,0.8246747,0.8680601,0.2082102,-0.8970125,-0.3185329,0.6771019,Nothing
156.3969,24,2,3,0,0.7858748,0.8886906,0.3138318,316.0195,166.3761,62.12912,0.824276,0.8678386,0.2092022,-0.8892287,-0.3239633,0.6651549,Nothing
156.4055,24,2,3,0,0.7868479,0.8890799,0.3142035,315.8631,165.6892,62.78457,0.8239135,0.8674729,0.2101568,-0.8830956,-0.3371713,0.6517322,Nothing
156.414,24,2,3,0,0.7877032,0.8893206,0.3145283,315.7297,165.1635,63.31076,0.8235392,0.8669625,0.2109404,-0.8786187,-0.3490159,0.6393034,Nothing
156.422,24,2,3,0,0.7885896,0.8891562,0.3153913,315.4228,164.5514,63.9441,0.8231661,0.866533,0.211748,-0.8751781,-0.3629614,0.6308867,Nothing
156.4307,24,2,3,0,0.7895308,0.8886607,0.3167836,314.9713,164.0854,64.53671,0.822776,0.8660139,0.2124349,-0.875466,-0.3789432,0.6258139,Nothing
156.439,24,2,3,0,0.7902574,0.8883113,0.3176864,314.6866,163.5728,65.10985,0.8224215,0.8654385,0.2131906,-0.8737422,-0.3907745,0.618433,Nothing
156.4475,24,2,3,0,0.7914294,0.8875484,0.319304,314.0938,162.8171,65.95913,0.8218068,0.8645902,0.214084,-0.8729615,-0.4124581,0.6090901,Nothing
156.4556,24,2,3,0,0.7914698,0.8864786,0.3206577,313.5216,162.3999,66.32333,0.8213471,0.8638409,0.21441,-0.8780286,-0.4256319,0.6074854,Nothing
156.4645,24,2,3,0,0.791778,0.8857982,0.3216186,313.1122,162.0293,66.6887,0.8209041,0.8632327,0.2149295,-0.87902,-0.4366666,0.6021715,Nothing
156.472,24,2,3,0,0.7916321,0.8851277,0.3223361,312.7087,161.8242,66.82338,0.8202653,0.8624936,0.2152294,-0.8819064,-0.4464273,0.5962886,Nothing
156.4806,24,2,3,0,0.790893,0.8849182,0.3226267,312.3789,161.6512,66.81598,0.8197292,0.8617545,0.2156239,-0.8875265,-0.4501795,0.5862378,Nothing
156.4893,24,2,3,0,0.7902862,0.8844386,0.3225457,312.0692,161.3558,66.78925,0.81914,0.8610586,0.2160152,-0.8866419,-0.4547753,0.5759703,Nothing
156.4976,24,2,3,0,0.7899986,0.8840827,0.323042,311.6138,160.8965,67.06173,0.818306,0.8600406,0.2166698,-0.8890462,-0.4655851,0.5603869,Nothing
156.5052,24,2,3,0,0.7898425,0.8842475,0.322971,311.5092,160.5914,67.23936,0.817901,0.8597396,0.216816,-0.8890429,-0.4704883,0.5527562,Nothing
156.5144,24,2,3,0,0.7896875,0.8839397,0.323661,310.9828,159.76,67.82664,0.8170033,0.8587945,0.2174691,-0.8910081,-0.4855069,0.5362006,Nothing
156.5222,24,2,3,0,0.7897161,0.8837665,0.3241144,310.624,158.9099,68.47304,0.8161986,0.8581875,0.218019,-0.889298,-0.4984931,0.5227503,Nothing
156.5305,24,2,3,0,0.7896181,0.8828295,0.3252113,309.9891,157.7636,69.38184,0.8154784,0.8576284,0.2186086,-0.889173,-0.513349,0.5141063,Nothing
156.5384,24,2,3,0,0.7888985,0.8820943,0.3259388,309.4216,156.8231,70.02752,0.8147579,0.8571423,0.2192672,-0.8901932,-0.5211891,0.5045803,Nothing
156.5477,24,2,3,0,0.7885258,0.8806219,0.3271427,308.6733,155.5616,71.01307,0.8140768,0.8565872,0.2199509,-0.8894936,-0.5335353,0.4980742,Nothing
156.5554,24,2,3,0,0.7882509,0.87888,0.3287378,307.8675,154.4375,71.91279,0.8133733,0.8560619,0.2206768,-0.8892238,-0.5476148,0.4945853,Nothing
156.5636,24,2,3,0,0.7878857,0.8769996,0.3300865,306.9887,153.1569,72.94656,0.8127154,0.8556653,0.2214701,-0.8870806,-0.5590717,0.4898225,Nothing
156.573,24,2,3,0,0.7871363,0.8746932,0.3314986,305.9334,151.0899,74.55465,0.8116634,0.8549854,0.2225603,-0.8826707,-0.5740426,0.4791186,Nothing
156.5803,24,2,3,0,0.7862982,0.8733473,0.3320971,305.2304,149.2776,75.87775,0.8109816,0.8548363,0.2235801,-0.8762667,-0.5804511,0.4689589,Nothing
156.5885,24,2,3,0,0.7853105,0.8719471,0.332464,304.5352,147.0378,77.52248,0.8102225,0.8545442,0.2243189,-0.8704194,-0.589013,0.456921,Nothing
156.5972,24,2,3,0,0.7840314,0.8703607,0.3329205,303.7979,144.3093,79.56808,0.8095281,0.8540943,0.2252839,-0.8659409,-0.5960249,0.4426153,Nothing
156.6058,24,2,3,0,0.7826526,0.868768,0.3331919,303.1484,141.2773,81.87926,0.8087163,0.8539672,0.225954,-0.8597018,-0.6044243,0.4312541,Nothing
156.6137,24,2,3,0,0.7805112,0.8666412,0.3340474,302.5338,138.1349,84.30291,0.8079209,0.8537461,0.2266341,-0.8596432,-0.6114358,0.428336,Nothing
156.6237,24,2,3,0,0.7790633,0.8656147,0.3338607,302.2203,133.222,88.26819,0.8066614,0.8535467,0.2275482,-0.8491341,-0.6234758,0.4012534,Nothing
156.6391,24,2,3,0,0.77545,0.8634337,0.3330044,301.5412,127.3263,92.75089,0.805395,0.8535373,0.2284869,-0.8417434,-0.6229779,0.3792438,Nothing
156.647,24,2,3,0,0.7737645,0.8626214,0.3323381,301.1974,125.0859,94.42069,0.8045564,0.8536367,0.2288743,-0.8366572,-0.6205175,0.3690182,Nothing
156.6552,24,2,3,0,0.7720067,0.8611891,0.3317097,300.8624,122.507,96.41343,0.8039661,0.8543202,0.2288275,-0.8307279,-0.6210212,0.3702436,Nothing
156.6638,24,2,3,0,0.7689226,0.8572479,0.3323542,299.7553,119.1914,99.11178,0.8028974,0.8529792,0.2290587,-0.8402084,-0.6257589,0.3674479,Nothing
156.672,24,2,3,0,0.7677823,0.8569891,0.3316139,299.5511,117.2629,100.7716,0.8026904,0.8540139,0.2291015,-0.8378974,-0.6208491,0.3659994,Nothing
156.6804,24,2,3,0,0.766715,0.8562143,0.3313662,299.3001,115.5091,102.2775,0.8022243,0.8541483,0.2289547,-0.8394229,-0.6226695,0.361816,Nothing
156.689,24,2,3,0,0.7648159,0.8552448,0.3305863,299.0401,112.6911,104.6068,0.8004969,0.8525677,0.2289298,-0.8413034,-0.6244085,0.3333476,Nothing
156.6973,24,2,3,0,0.7636118,0.8560942,0.3295881,299.207,110.9545,105.9433,0.7999134,0.8528031,0.2287269,-0.8424405,-0.6209552,0.3190232,Nothing
156.7053,24,2,3,0,0.7619589,0.8579307,0.3279305,299.6511,109.295,106.8988,0.8000495,0.8537959,0.2289914,-0.8418787,-0.6056982,0.309788,Nothing
156.7143,24,2,3,0,0.7597732,0.8589433,0.3262048,300.0531,107.0089,108.3316,0.7998194,0.8550915,0.2285121,-0.8413764,-0.5993345,0.3076414,Nothing
156.7224,24,2,3,0,0.7582227,0.8601093,0.3240824,300.4961,104.5248,109.8913,0.799389,0.8558967,0.2281317,-0.8354058,-0.5934306,0.2938714,Nothing
156.7313,24,2,3,0,0.7559889,0.8610499,0.3225279,301.0655,102.0307,111.5147,0.7995087,0.8570344,0.2282606,-0.8364509,-0.5818164,0.2924185,Nothing
156.739,24,2,3,0,0.7537958,0.8623019,0.3210612,301.738,99.59623,113.1057,0.7992962,0.8579119,0.2278924,-0.8410576,-0.5759602,0.2860255,Nothing
156.7472,24,2,3,0,0.7516454,0.8630537,0.3197671,302.4179,97.09447,114.8096,0.7991572,0.8587662,0.2275334,-0.8455849,-0.5718545,0.2832355,Nothing
156.7551,24,2,3,0,0.7492093,0.8634189,0.3184159,303.101,94.47068,116.6068,0.7990847,0.8595884,0.2271842,-0.8511782,-0.5670798,0.2839141,Nothing
156.7646,24,2,3,0,0.7456691,0.8635687,0.3167529,304.1439,90.66327,119.2973,0.7989607,0.8609553,0.2268143,-0.8589779,-0.5628443,0.2890252,Nothing
156.7719,24,2,3,0,0.7434604,0.8638069,0.3155795,304.903,88.30453,120.9498,0.799016,0.8616577,0.2264257,-0.8664774,-0.5600253,0.290778,Nothing
156.7806,24,2,3,0,0.7415532,0.8636261,0.3148797,305.7385,85.98444,122.728,0.7990752,0.8622804,0.2259999,-0.8743565,-0.5621262,0.2936882,Nothing
156.7903,24,2,3,0,0.7404227,0.8635374,0.3148274,306.7419,84.04288,124.364,0.799256,0.8628638,0.2255161,-0.8824008,-0.5699106,0.2950383,Nothing
156.7972,24,2,3,0,0.7391492,0.8638803,0.3142756,307.7598,82.18952,125.8028,0.799399,0.863354,0.224953,-0.8907245,-0.5736644,0.2928211,Nothing
156.8056,24,2,3,0,0.7387446,0.8644259,0.3142806,308.9777,80.69505,127.125,0.7995811,0.8638389,0.2245308,-0.8967943,-0.5802597,0.2874825,Nothing
156.8139,24,2,3,0,0.7383469,0.8650314,0.3143714,310.2345,79.36777,128.3072,0.7995493,0.8643203,0.224183,-0.901554,-0.5870295,0.2811848,Nothing
156.8225,24,2,3,0,0.7385101,0.8660669,0.3147057,312.0712,77.90643,129.6961,0.7998164,0.8649695,0.223806,-0.9069635,-0.5958979,0.2712837,Nothing
156.8305,24,2,3,0,0.73924,0.8667051,0.3144039,313.238,76.93578,130.5034,0.8003449,0.8654317,0.2237899,-0.903787,-0.5976225,0.263375,Nothing
156.8392,24,2,3,0,0.7397839,0.8676994,0.3147569,314.3203,76.57823,130.8794,0.800585,0.8657581,0.223722,-0.9056733,-0.6012561,0.2567541,Nothing
156.8471,24,2,3,0,0.7401394,0.8688962,0.3147591,315.4645,76.11548,131.2061,0.8007405,0.8660765,0.2236914,-0.9063653,-0.6023636,0.2487257,Nothing
156.856,24,2,3,0,0.7405818,0.8706026,0.3145063,316.7435,75.74844,131.3252,0.8009481,0.8662508,0.2235682,-0.9077949,-0.6010192,0.237956,Nothing
156.8638,24,2,3,0,0.7410411,0.8727319,0.3140011,318.1225,75.44658,131.2491,0.8011978,0.8663179,0.2234591,-0.9094322,-0.5967341,0.2257883,Nothing
156.8728,24,2,3,0,0.7418334,0.8760458,0.3133669,320.2882,74.9533,131.1196,0.801668,0.8662935,0.223211,-0.9148091,-0.5908164,0.2062312,Nothing
156.8809,24,2,3,0,0.7425162,0.8786505,0.3126744,321.8087,74.73811,130.7992,0.8018785,0.8659073,0.2230038,-0.9189211,-0.5832545,0.1895485,Nothing
156.8884,24,2,3,0,0.7432398,0.8813522,0.3123198,323.347,74.61983,130.5054,0.8021562,0.865563,0.222647,-0.9276394,-0.5773195,0.1741229,Nothing
156.897,24,2,3,0,0.7442307,0.8833093,0.3120932,324.7149,74.48446,130.2696,0.8023775,0.865338,0.2223478,-0.9309866,-0.5754979,0.160753,Nothing
156.9056,24,2,3,0,0.7450982,0.8846131,0.3120973,325.928,74.31488,130.1672,0.8025842,0.8648564,0.2218933,-0.9365377,-0.576375,0.1487004,Nothing
156.9139,24,2,3,0,0.7460029,0.8857493,0.3126584,327.0074,74.29667,130.0726,0.8027294,0.864531,0.2214396,-0.9436814,-0.5815229,0.138147,Nothing
156.9221,24,2,3,0,0.7468525,0.8860102,0.3133344,327.9264,74.20345,130.1217,0.8029016,0.8639275,0.2208457,-0.9504778,-0.5898975,0.1289506,Nothing
156.931,24,2,3,0,0.7480087,0.8861382,0.3139286,328.8588,74.11208,130.1705,0.803058,0.8635288,0.220334,-0.952588,-0.5988865,0.1193032,Nothing
156.9387,24,2,3,0,0.748633,0.8858703,0.314651,329.8039,73.86102,130.3048,0.8032035,0.8629348,0.219752,-0.9577982,-0.6099916,0.1119329,Nothing
156.948,24,2,3,0,0.7493095,0.8854438,0.3153082,331.3665,73.27647,130.4713,0.8033979,0.8620166,0.2189438,-0.963271,-0.6244937,0.1010108,Nothing
156.9564,24,2,3,0,0.7493059,0.884958,0.315578,332.4667,72.73618,130.6139,0.8035201,0.8615301,0.2183834,-0.9662024,-0.6350536,0.09692343,Nothing
156.9723,24,2,3,0,0.7498088,0.884187,0.3159663,334.7536,71.69537,130.7738,0.8035769,0.8602147,0.2172555,-0.9704677,-0.6530735,0.08065729,Nothing
156.981,24,2,3,0,0.7498084,0.883647,0.3162174,335.8946,71.25869,130.7818,0.8038796,0.8596263,0.2167401,-0.9735884,-0.6634313,0.07910714,Nothing
156.989,24,2,3,0,0.7504011,0.8833507,0.316598,336.905,71.00528,130.7475,0.8038946,0.8590808,0.2162876,-0.9744476,-0.6721391,0.07115256,Nothing
156.9976,24,2,3,0,0.7511891,0.8827769,0.3173265,338.3302,70.74445,130.6545,0.8039323,0.8584896,0.2157506,-0.9742211,-0.6867979,0.06299504,Nothing
157.0056,24,2,3,0,0.7524062,0.8827841,0.3178856,339.2358,70.76422,130.4925,0.8040805,0.8575715,0.2148956,-0.9807274,-0.695442,0.05055147,Nothing
157.0143,24,2,3,0,0.7537233,0.8830798,0.3183203,340.1609,70.80832,130.3212,0.8041173,0.8570665,0.2143892,-0.9830877,-0.7007077,0.03879549,Nothing
157.0219,24,2,3,0,0.7549806,0.8831117,0.3188545,341.1142,70.79122,130.1859,0.8041685,0.8564849,0.2138027,-0.9859205,-0.7081217,0.02680616,Nothing
157.0305,24,2,3,0,0.7564213,0.8831119,0.3193584,341.8395,70.94693,130.0373,0.8041196,0.8559518,0.2132482,-0.9874138,-0.7142913,0.01490165,Nothing
157.0405,24,2,3,0,0.7574445,0.8831153,0.3198694,342.4794,70.99904,129.9227,0.8041754,0.8554913,0.2126186,-0.9914568,-0.7217124,0.005300849,Nothing
157.056,24,2,3,0,0.7586271,0.882751,0.3203615,343.5634,70.91248,129.8141,0.8042264,0.854537,0.2114014,-0.998629,-0.7331934,-0.008437774,Nothing
157.0636,24,2,3,0,0.7591491,0.8825403,0.320557,344.1012,70.81638,129.7676,0.8042458,0.8540996,0.2108037,-1.001681,-0.7388838,-0.01543265,Nothing
157.0723,24,2,3,0,0.7603987,0.8822029,0.3209143,345.0038,70.7046,129.6678,0.8042175,0.8534566,0.2099479,-1.003922,-0.7474449,-0.02966884,Nothing
157.0802,24,2,3,0,0.7606787,0.8821709,0.3208947,345.408,70.66804,129.5203,0.8042456,0.8530729,0.2093632,-1.006776,-0.7520716,-0.03343102,Nothing
157.0907,24,2,3,0,0.761296,0.8826977,0.3207343,345.7685,70.7033,129.2316,0.8042689,0.8527104,0.2088064,-1.009874,-0.753808,-0.03989672,Nothing
157.1108,24,2,3,0,0.7628183,0.8842844,0.3202787,346.8337,70.65443,128.4355,0.8045542,0.8519068,0.207489,-1.018189,-0.7580715,-0.05521011,Nothing
157.1226,24,2,3,0,0.7640881,0.8855208,0.3201343,347.5905,70.69329,127.9055,0.8048357,0.8515365,0.2065727,-1.024914,-0.7619038,-0.06544134,Nothing
157.1308,24,2,3,0,0.7654452,0.8864869,0.3201,348.4026,70.68512,127.4634,0.8049827,0.8511851,0.2059567,-1.028887,-0.764129,-0.07681666,Nothing
157.1385,24,2,3,0,0.7663518,0.8870597,0.3203117,348.9321,70.75378,127.1807,0.8051725,0.8506644,0.2050765,-1.037891,-0.7696776,-0.08463351,Nothing
157.1471,24,2,3,0,0.7670034,0.887359,0.3207176,349.4332,70.81122,127.0041,0.8054203,0.8503367,0.2043684,-1.045834,-0.7768554,-0.08891302,Nothing
157.1548,24,2,3,0,0.7678021,0.8875579,0.3211296,349.9262,70.81709,126.8404,0.8056797,0.8500675,0.2037271,-1.051771,-0.784151,-0.09504716,Nothing
157.1635,24,2,3,0,0.768448,0.8877102,0.3215241,350.3935,70.78708,126.6657,0.8059382,0.8498047,0.2030671,-1.057556,-0.7922892,-0.1005413,Nothing
157.1718,24,2,3,0,0.7688807,0.8878142,0.3216283,350.7848,70.72928,126.4467,0.8061792,0.849592,0.2023834,-1.060989,-0.8001316,-0.1041969,Nothing
157.1814,24,2,3,0,0.7689958,0.8879417,0.3217649,351.2798,70.50803,126.1221,0.8066577,0.8492895,0.2014619,-1.066667,-0.8125796,-0.1065587,Nothing
157.1971,24,2,3,0,0.768636,0.8877887,0.3218631,351.6495,70.21729,125.9038,0.8072673,0.8490424,0.2005992,-1.072043,-0.8257028,-0.1047541,Nothing
157.2056,24,2,3,0,0.7683469,0.8868984,0.3224904,352.0276,69.96707,125.907,0.8078499,0.8488263,0.1998183,-1.076446,-0.8426399,-0.1034741,Nothing
157.2141,24,2,3,0,0.7683617,0.8860715,0.32326,352.3352,69.87502,125.9712,0.8083016,0.8488105,0.1994017,-1.0785,-0.8564605,-0.1024118,Nothing
157.2221,24,2,3,0,0.7685514,0.8852634,0.3239979,352.6862,69.77463,126.0456,0.8087371,0.8487357,0.1989664,-1.080752,-0.8690761,-0.1032685,Nothing
157.2302,24,2,3,0,0.7688084,0.8844761,0.3245993,353.0822,69.6797,126.065,0.8091538,0.8486695,0.1986272,-1.080896,-0.8805331,-0.1038666,Nothing
157.2384,24,2,3,0,0.7694243,0.8839661,0.3250489,353.4755,69.66203,126.0086,0.8096027,0.8486102,0.1982989,-1.080482,-0.8897104,-0.1056434,Nothing
157.2467,24,2,3,0,0.7703612,0.8838091,0.3252303,353.852,69.69498,125.8299,0.8098675,0.8486795,0.1980596,-1.076762,-0.8958313,-0.1101876,Nothing
157.2555,24,2,3,0,0.7710831,0.8837172,0.325597,354.2104,69.69881,125.7137,0.8104283,0.8486466,0.1977374,-1.078209,-0.9030867,-0.1118145,Nothing
157.2639,24,2,3,0,0.7725959,0.8835195,0.3261262,354.7057,69.87916,125.5207,0.8110983,0.8485636,0.1973081,-1.078203,-0.9124759,-0.115808,Nothing
157.2728,24,2,3,0,0.7734101,0.8832211,0.326515,354.948,69.99678,125.4627,0.8115708,0.8485106,0.1971484,-1.07793,-0.9182995,-0.1164877,Nothing
157.2803,24,2,3,0,0.7741061,0.8829163,0.3266559,355.172,70.04227,125.3613,0.8120474,0.8484398,0.1969662,-1.075976,-0.9233829,-0.1170663,Nothing
157.2888,24,2,3,0,0.7747468,0.8826835,0.3268827,355.4697,70.0603,125.249,0.8125608,0.8483598,0.1966554,-1.075953,-0.9300317,-0.1178089,Nothing
157.297,24,2,3,0,0.7756086,0.882513,0.3270878,355.8732,70.01984,125.1185,0.813069,0.8482298,0.19641,-1.075556,-0.9349623,-0.1212877,Nothing
157.3059,24,2,3,0,0.7772001,0.8828813,0.3272343,356.6054,69.95789,124.7877,0.8135135,0.8481587,0.1961047,-1.074502,-0.9383881,-0.131218,Nothing
157.3141,24,2,3,0,0.7785921,0.8831702,0.3273866,357.2006,69.96741,124.4673,0.8140944,0.8479851,0.1958082,-1.074706,-0.9424306,-0.1369391,Nothing
157.3214,24,2,3,0,0.7811942,0.8848135,0.3269944,358.2362,69.90451,123.6303,0.8146442,0.8479114,0.1954142,-1.072827,-0.9412672,-0.152261,Nothing
157.3314,24,2,3,0,0.7845668,0.886868,0.3265304,359.5379,69.86311,122.5286,0.8155106,0.8477939,0.1947969,-1.071873,-0.9418409,-0.169488,Nothing
157.3472,24,2,3,0,0.7897062,0.890958,0.3246712,1.466991,69.62704,120.3253,0.816718,0.8478541,0.193818,-1.064311,-0.9383925,-0.1950768,Nothing
157.3568,24,2,3,0,0.7921739,0.8932886,0.3235621,2.358533,69.43193,119.0644,0.8173584,0.8479837,0.1932863,-1.060132,-0.9376741,-0.2071606,Nothing
157.3721,24,2,3,0,0.7970554,0.8974126,0.3214554,4.292023,68.78519,116.5001,0.8187237,0.8484439,0.1923368,-1.047571,-0.9392298,-0.2324436,Nothing
157.3805,24,2,3,0,0.7994673,0.8992658,0.3205579,5.396422,68.28306,115.1723,0.8195052,0.8488311,0.191956,-1.039361,-0.9418623,-0.2458463,Nothing
157.3887,24,2,3,0,0.803702,0.9016005,0.3191079,7.11005,67.43184,113.1058,0.8205186,0.8492532,0.191351,-1.024481,-0.9430028,-0.273054,Nothing
157.3973,24,2,3,0,0.8058101,0.9034031,0.3177333,8.239582,66.58598,111.5361,0.8214836,0.8498147,0.1910507,-1.01087,-0.9443715,-0.2846954,Nothing
157.4052,24,2,3,0,0.808168,0.9052757,0.3161882,9.425503,65.63554,109.8243,0.8224096,0.8502139,0.1906432,-0.9983276,-0.9440401,-0.2986877,Nothing
157.4144,24,2,3,0,0.8105636,0.9074205,0.3143789,10.64229,64.643,108.0048,0.8234322,0.8506559,0.1903805,-0.9863063,-0.9405566,-0.3088909,Nothing
157.4213,24,2,3,0,0.8132936,0.9091644,0.3128385,11.86545,63.61239,106.1384,0.8246731,0.8510581,0.1899873,-0.9731568,-0.9409033,-0.3214611,Nothing
157.4306,24,2,3,0,0.8162281,0.9107012,0.3113227,13.07891,62.60002,104.2697,0.825618,0.8514859,0.1896195,-0.9595093,-0.9388575,-0.3370143,Nothing
157.4389,24,2,3,0,0.8192647,0.9119743,0.3101524,14.298,61.54346,102.3773,0.8268944,0.8517989,0.1892673,-0.9466599,-0.9402792,-0.3515079,Nothing
157.4479,24,2,3,0,0.8234563,0.9138659,0.3081748,16.08006,59.72071,99.42692,0.8288549,0.8522069,0.1886983,-0.9281479,-0.9410594,-0.3706026,Nothing
157.4552,24,2,3,0,0.8265259,0.9144822,0.307097,17.18083,58.52157,97.52978,0.8302582,0.8524246,0.1883941,-0.9132485,-0.9411015,-0.3860998,Nothing
157.4635,24,2,3,0,0.8287696,0.9150128,0.3065049,18.27107,57.1661,95.6402,0.831642,0.8525421,0.1881131,-0.9001992,-0.9468634,-0.3986801,Nothing
157.4717,24,2,3,0,0.8318986,0.9151433,0.3051977,19.30568,55.74161,93.59928,0.8331743,0.8524241,0.1878581,-0.8840512,-0.9430865,-0.4142839,Nothing
157.4805,24,2,3,0,0.8337234,0.9153211,0.3047221,20.26115,54.26422,91.75605,0.8346328,0.8522786,0.1876986,-0.8716794,-0.9482282,-0.4243384,Nothing
157.489,24,2,3,0,0.8359483,0.9155774,0.3041612,21.1431,52.81059,89.88896,0.8360238,0.8522446,0.1874612,-0.8601279,-0.9505818,-0.4375663,Nothing
157.4969,24,2,3,0,0.8375884,0.9152404,0.3037461,21.93954,51.47246,88.18425,0.8374505,0.8520131,0.1872252,-0.8455085,-0.9563479,-0.4468418,Nothing
157.506,24,2,3,0,0.8404208,0.9149318,0.3035905,23.07159,49.36074,85.60954,0.8395371,0.8516993,0.1869276,-0.8286135,-0.9635265,-0.4666524,Nothing
157.5137,24,2,3,0,0.8409235,0.9143642,0.3039592,23.64444,48.18399,84.31904,0.8405077,0.851234,0.186669,-0.8187422,-0.9748048,-0.4754288,Nothing
157.522,24,2,3,0,0.8408954,0.9140342,0.3046497,24.10511,47.05312,83.16301,0.8418072,0.8506962,0.1865003,-0.8100883,-0.9921252,-0.4794946,Nothing
157.5303,24,2,3,0,0.8409221,0.9134833,0.3049831,24.44321,45.81516,81.97414,0.8431897,0.850318,0.1864346,-0.7961471,-1.004386,-0.4856318,Nothing
157.5387,24,2,3,0,0.8402311,0.9132851,0.305297,24.66082,44.65552,80.88734,0.8443834,0.8496036,0.1863451,-0.7864808,-1.020495,-0.4863762,Nothing
157.5468,24,2,3,0,0.8394471,0.9135551,0.3057528,24.86546,43.47459,79.78423,0.8455963,0.849259,0.186167,-0.7772598,-1.03925,-0.488279,Nothing
157.5555,24,2,3,0,0.8389089,0.9129428,0.3063277,25.06741,42.37358,78.78632,0.846785,0.8486652,0.1860517,-0.7645109,-1.055156,-0.4942279,Nothing
157.5634,24,2,3,0,0.8385298,0.9127589,0.3067437,25.28594,41.33382,77.74634,0.8479457,0.8480291,0.1859726,-0.755155,-1.070521,-0.4970754,Nothing
157.5719,24,2,3,0,0.8386903,0.9122601,0.3074673,25.68083,39.60938,75.99448,0.8496782,0.8470647,0.1859085,-0.7410217,-1.088707,-0.5083914,Nothing
157.5803,24,2,3,0,0.838955,0.9119886,0.3080003,25.98177,38.63737,74.92502,0.8507053,0.8463135,0.1859208,-0.7348161,-1.100251,-0.5137038,Nothing
157.5889,24,2,3,0,0.8393321,0.9113907,0.3088292,26.21842,37.62788,73.84373,0.8518234,0.8456495,0.1860017,-0.7250715,-1.111624,-0.5242162,Nothing
157.5974,24,2,3,0,0.8396611,0.9114871,0.3087297,26.37318,36.74445,72.89049,0.8526719,0.8447901,0.1861076,-0.7230387,-1.1169,-0.5246854,Nothing
157.6051,24,2,3,0,0.839939,0.911134,0.3089748,26.52756,35.71722,71.79156,0.8536135,0.8438756,0.1863208,-0.7160019,-1.123759,-0.5296554,Nothing
157.6135,24,2,3,0,0.8405311,0.9104633,0.3093994,26.69108,34.73265,70.71554,0.8545055,0.8430878,0.1864074,-0.7076184,-1.129104,-0.539978,Nothing
157.6221,24,2,3,0,0.8407589,0.9103603,0.3097961,26.8761,33.72261,69.60317,0.855188,0.8422588,0.1866602,-0.7032182,-1.136174,-0.5450088,Nothing
157.6302,24,2,3,0,0.8418223,0.9100175,0.3099101,27.058,32.7539,68.53511,0.8559249,0.8414618,0.1868201,-0.7008882,-1.13564,-0.5530244,Nothing
157.6385,24,2,3,0,0.8432463,0.9091402,0.3103738,27.35069,31.22049,66.80361,0.8568804,0.8402742,0.1871143,-0.6936703,-1.135784,-0.5683346,Nothing
157.6476,24,2,3,0,0.8443286,0.9086032,0.3105736,27.52122,30.24852,65.66726,0.8572258,0.8395942,0.1873857,-0.6903837,-1.131747,-0.5786951,Nothing
157.6558,24,2,3,0,0.8453342,0.9082443,0.310321,27.57393,29.39169,64.5994,0.8577253,0.8388546,0.1876317,-0.6861653,-1.127776,-0.5840034,Nothing
157.6646,24,2,3,0,0.8462952,0.9078434,0.3099762,27.57974,28.52279,63.49852,0.8580517,0.8381848,0.1879611,-0.68088,-1.121434,-0.5896386,Nothing
157.6725,24,2,3,0,0.8476177,0.9071746,0.3099253,27.57977,27.67246,62.41676,0.8580542,0.8374871,0.1883081,-0.678678,-1.11104,-0.6009622,Nothing
157.6803,24,2,3,0,0.8486981,0.9067321,0.3095499,27.55668,26.84583,61.35045,0.8582174,0.8368972,0.1886698,-0.6746391,-1.101917,-0.6069934,Nothing
157.6885,24,2,3,0,0.849871,0.9060794,0.3094799,27.57772,26.01971,60.32365,0.8582017,0.8365084,0.1890388,-0.6710547,-1.09069,-0.6171021,Nothing
157.6973,24,2,3,0,0.8502015,0.9059255,0.3091602,27.60262,24.926,58.92394,0.8583513,0.8356666,0.1895472,-0.6648924,-1.089201,-0.6174998,Nothing
157.7053,24,2,3,0,0.8513911,0.9050477,0.309247,27.65098,24.16408,57.98816,0.8584229,0.8351133,0.1898858,-0.6625897,-1.079272,-0.6270017,Nothing
157.7136,24,2,3,0,0.8524331,0.9044532,0.3093234,27.70133,23.4339,57.09587,0.8582948,0.8346444,0.1902152,-0.662931,-1.069867,-0.6349927,Nothing
157.7225,24,2,3,0,0.8534327,0.9039127,0.3092794,27.71539,22.75931,56.23772,0.8581287,0.834192,0.1904411,-0.6633649,-1.060758,-0.6424981,Nothing
157.7306,24,2,3,0,0.8537232,0.9040172,0.3091974,27.65943,22.1727,55.50449,0.8579906,0.8336686,0.1906674,-0.6647553,-1.059436,-0.6441237,Nothing
157.7409,24,2,3,0,0.8551114,0.9034378,0.3086837,27.54893,21.33094,54.29338,0.8577973,0.8328689,0.1909945,-0.6648044,-1.047109,-0.6497786,Nothing
157.7559,24,2,3,0,0.8574715,0.9024854,0.3079793,27.3689,20.151,52.65604,0.8570875,0.8320413,0.1913146,-0.6697624,-1.022149,-0.6630898,Nothing
157.7646,24,2,3,0,0.8585399,0.9019776,0.3076065,27.2621,19.55349,51.83147,0.8570899,0.8316491,0.1913571,-0.6689959,-1.01299,-0.669177,Nothing
157.7726,24,2,3,0,0.8597974,0.9014627,0.3069578,27.10323,18.95824,50.93006,0.8568274,0.8312009,0.1913973,-0.6699241,-1.00027,-0.6747339,Nothing
157.7803,24,2,3,0,0.861039,0.9008964,0.3063577,26.94317,18.36187,50.02806,0.8565564,0.8307807,0.1914064,-0.6707277,-0.9876677,-0.6809309,Nothing
157.789,24,2,3,0,0.8625932,0.9001376,0.3054441,26.72011,17.77041,49.05609,0.8561926,0.8302756,0.1914721,-0.6718892,-0.9703935,-0.6863484,Nothing
157.7986,24,2,3,0,0.8646767,0.8990997,0.3045081,26.43654,16.84323,47.63934,0.8559241,0.829931,0.1914806,-0.6709254,-0.9483006,-0.697225,Nothing
157.8145,24,2,3,0,0.8669499,0.8978268,0.3036157,26.20182,15.89275,46.07061,0.8554018,0.8292434,0.1914522,-0.6735656,-0.9266065,-0.7074654,Nothing
157.8231,24,2,3,0,0.8694064,0.896351,0.3028119,25.95705,14.9559,44.52321,0.8550413,0.8289238,0.1915591,-0.6739444,-0.9010655,-0.7188431,Nothing
157.8304,24,2,3,0,0.8712472,0.8954147,0.302059,25.7448,14.3469,43.46082,0.854801,0.828682,0.1915656,-0.6757652,-0.8828455,-0.7254152,Nothing
157.8386,24,2,3,0,0.872866,0.8944227,0.3013548,25.47607,13.67035,42.38897,0.8546116,0.8286011,0.1915472,-0.6751966,-0.8640224,-0.7335635,Nothing
157.8468,24,2,3,0,0.8745384,0.8934183,0.3005742,25.2163,13.03977,41.36143,0.8544399,0.828715,0.191532,-0.6742982,-0.8434235,-0.7411038,Nothing
157.8555,24,2,3,0,0.8760415,0.8923421,0.3000854,24.97986,12.39001,40.34855,0.8542913,0.8286462,0.1915352,-0.6741864,-0.8258704,-0.749183,Nothing
157.8635,24,2,3,0,0.8775164,0.891223,0.2996548,24.74593,11.75503,39.35458,0.8542991,0.8284515,0.1915999,-0.6737266,-0.8100047,-0.7558998,Nothing
157.8726,24,2,3,0,0.8783631,0.890512,0.2993966,24.55624,11.13191,38.43188,0.8542297,0.8284054,0.1916214,-0.6721256,-0.7999158,-0.7611643,Nothing
157.8804,24,2,3,0,0.8795787,0.8895035,0.2991781,24.32279,10.49702,37.51511,0.8541516,0.8284018,0.1917581,-0.6719841,-0.7842796,-0.7682215,Nothing
157.8893,24,2,3,0,0.8814532,0.8879004,0.2986898,23.92667,9.62324,36.19018,0.8540565,0.8283176,0.1918376,-0.6719671,-0.7603861,-0.7785759,Nothing
157.897,24,2,3,0,0.8823187,0.8872249,0.2981702,23.62602,9.152186,35.44516,0.8541198,0.828324,0.1919743,-0.6694869,-0.7478831,-0.7810541,Nothing
157.9052,24,2,3,0,0.8834763,0.8861768,0.2977054,23.33203,8.646622,34.63124,0.8541163,0.8283321,0.1920971,-0.6681953,-0.7314245,-0.7856783,Nothing
157.9136,24,2,3,0,0.8844246,0.8853394,0.2972388,23.0285,8.17424,33.87174,0.8541339,0.8283303,0.1922166,-0.6666017,-0.7175702,-0.7889451,Nothing
157.9217,24,2,3,0,0.8849533,0.8849571,0.2966224,22.70498,7.82376,33.3185,0.8542374,0.8283868,0.1924297,-0.6632597,-0.7072613,-0.7880471,Nothing
157.9305,24,2,3,0,0.8857114,0.8841652,0.2962747,22.43399,7.42637,32.72469,0.8542466,0.828457,0.1926044,-0.6616926,-0.6937814,-0.7908537,Nothing
157.9386,24,2,3,0,0.8861907,0.8836676,0.2961629,22.25677,7.060743,32.22831,0.854376,0.8285484,0.1928631,-0.6597485,-0.685426,-0.7918786,Nothing
157.9479,24,2,3,0,0.8873883,0.8827643,0.2960345,21.9335,6.44235,31.40103,0.854426,0.8286695,0.193164,-0.6617304,-0.6687102,-0.7962223,Nothing
157.9551,24,2,3,0,0.8878974,0.8821976,0.2962597,21.84213,6.05932,30.936,0.8545778,0.8287815,0.1934695,-0.6613355,-0.661231,-0.7984933,Nothing
157.9637,24,2,3,0,0.8885129,0.8815356,0.2962165,21.66581,5.681548,30.40227,0.854754,0.8288774,0.1937333,-0.6597252,-0.651696,-0.8002361,Nothing
157.9724,24,2,3,0,0.8891101,0.8808291,0.2960619,21.52347,5.401481,29.94107,0.8549234,0.8289676,0.1939884,-0.6574417,-0.6421546,-0.8008532,Nothing
157.9812,24,2,3,0,0.8895446,0.8803313,0.2959148,21.42569,5.220479,29.56353,0.8550627,0.8290064,0.1942491,-0.6550428,-0.6360366,-0.8000218,Nothing
157.9969,24,2,3,0,0.8903494,0.8792831,0.2961499,21.32894,4.829534,28.84123,0.8554202,0.8290197,0.1947417,-0.651288,-0.6271441,-0.8017085,Nothing
158.0049,24,2,3,0,0.8909627,0.878444,0.2964537,21.37621,4.63506,28.43936,0.8556172,0.8289813,0.1949491,-0.6504531,-0.6220285,-0.8043531,Nothing
158.0139,24,2,3,0,0.8919115,0.8772626,0.2968778,21.38848,4.299642,27.79913,0.8559194,0.8288829,0.1951902,-0.6500548,-0.6146443,-0.8088731,Nothing
158.0215,24,2,3,0,0.8928401,0.8757203,0.2983397,21.83107,4.113397,27.36996,0.8560993,0.8287324,0.1952993,-0.653471,-0.6131005,-0.8199993,Nothing
158.0308,24,2,3,0,0.8937019,0.8742146,0.2998328,22.30696,3.92446,26.92826,0.8562243,0.8285805,0.1954291,-0.6573097,-0.6127385,-0.8305925,Nothing
158.0403,24,2,3,0,0.8939344,0.8735135,0.3012582,22.8559,3.878563,26.61814,0.8563662,0.8283951,0.1954123,-0.6585968,-0.623707,-0.8378695,Nothing
158.056,24,2,3,0,0.8950248,0.8709021,0.303655,23.89802,3.905851,26.04989,0.8566271,0.8281119,0.1954438,-0.6595194,-0.6305327,-0.8545159,Nothing
158.0635,24,2,3,0,0.8956737,0.870025,0.3036046,24.24361,4.103379,25.87499,0.8566794,0.8279831,0.1953929,-0.6590304,-0.6305159,-0.8538601,Nothing
158.0718,24,2,3,0,0.8959049,0.868642,0.3034631,24.53926,4.288468,25.54694,0.8568514,0.8278371,0.1953583,-0.6496739,-0.6291567,-0.8546582,Nothing
158.0801,24,2,3,0,0.8957194,0.8676771,0.3040237,24.53836,4.072748,25.31142,0.8569344,0.8278239,0.1952579,-0.6451879,-0.6253854,-0.8635602,Nothing
158.0891,24,2,3,0,0.8955165,0.8666974,0.3052004,24.73012,3.682655,24.99411,0.8570307,0.8278075,0.1952945,-0.6443536,-0.6253164,-0.8732383,Nothing
158.0973,24,2,3,0,0.895767,0.8651815,0.307135,25.01246,3.111643,24.56425,0.8571519,0.8277436,0.1952758,-0.6493569,-0.6234289,-0.8905146,Nothing
158.1111,24,2,3,0,0.8968958,0.8608275,0.3119365,26.08499,1.976979,23.55147,0.857481,0.827801,0.1952124,-0.663177,-0.6185375,-0.9331843,Nothing
158.1259,24,2,3,0,0.8987195,0.8543634,0.3172347,28.20805,1.238111,21.9091,0.8577296,0.8278278,0.1951887,-0.6730797,-0.6252277,-0.9769727,Nothing
158.1406,24,2,3,0,0.9013156,0.8471575,0.3221254,30.50406,0.6497511,20.22113,0.8582021,0.8276796,0.1951073,-0.686301,-0.6332716,-1.019832,Nothing
158.1549,24,2,3,0,0.9031837,0.8418965,0.3263161,32.43673,0.173402,18.927,0.8587523,0.8274521,0.195081,-0.6984486,-0.6519114,-1.052076,Nothing
158.1629,24,2,3,0,0.9037567,0.8391967,0.3284029,33.27261,359.9297,18.4066,0.8590576,0.8272759,0.1951339,-0.7017996,-0.6594115,-1.069526,Nothing
158.1717,24,2,3,0,0.9034888,0.8381572,0.3298163,33.90543,359.8394,18.1743,0.8594173,0.8271059,0.1951709,-0.6988032,-0.674815,-1.076119,Nothing
158.1798,24,2,3,0,0.9028207,0.8373567,0.3315166,34.48048,359.6795,18.13108,0.8598028,0.8269144,0.1952424,-0.6962735,-0.6911096,-1.083659,Nothing
158.1884,24,2,3,0,0.9016095,0.8374692,0.3318809,34.86892,359.8886,18.45983,0.8602619,0.8266672,0.1953449,-0.683318,-0.7062532,-1.079163,Nothing
158.1966,24,2,3,0,0.9006557,0.8375899,0.3323619,35.25599,0.09677844,18.71392,0.8607562,0.8264292,0.1954187,-0.6719908,-0.7223946,-1.075662,Nothing
158.2062,24,2,3,0,0.9000361,0.8376089,0.333288,35.95584,0.4258524,19.12679,0.8614646,0.8261057,0.1956477,-0.663739,-0.7448111,-1.070078,Nothing
158.2131,24,2,3,0,0.8989019,0.8383082,0.3339978,36.3988,0.775933,19.57166,0.8620098,0.825804,0.1958242,-0.6521951,-0.7679999,-1.062919,Nothing
158.2216,24,2,3,0,0.8977847,0.8385187,0.3354603,37.1824,1.09223,20.00458,0.8624924,0.8255507,0.1959464,-0.6444556,-0.7972091,-1.059274,Nothing
158.23,24,2,3,0,0.8967227,0.8381278,0.3379039,38.29656,1.402252,20.49003,0.8630518,0.8252825,0.1960659,-0.6401424,-0.8331817,-1.060679,Nothing
158.2379,24,2,3,0,0.8958223,0.8374692,0.3403143,39.65363,1.874352,20.94258,0.8636128,0.8250728,0.196222,-0.6341957,-0.8727801,-1.05875,Nothing
158.2468,24,2,3,0,0.8956577,0.8367679,0.3425844,41.07683,2.483705,21.36525,0.8639942,0.8247184,0.1964836,-0.633962,-0.9120259,-1.052307,Nothing
158.2546,24,2,3,0,0.895818,0.8354354,0.3438786,42.62311,3.451635,21.76158,0.8645559,0.8245194,0.1966888,-0.6232118,-0.9463408,-1.041633,Nothing
158.263,24,2,3,0,0.8960857,0.8351833,0.345376,44.29099,4.854684,22.57066,0.8653674,0.8242549,0.1969618,-0.61212,-0.9929401,-1.02104,Nothing
158.2715,24,2,3,0,0.8958183,0.8358837,0.3451076,45.12635,6.263395,23.44207,0.8659937,0.8243535,0.1973059,-0.5914932,-1.017362,-0.9975695,Nothing
158.2799,24,2,3,0,0.8956033,0.8378504,0.3446599,45.65427,7.764813,24.5866,0.8665512,0.8242404,0.1975518,-0.5774093,-1.043473,-0.9680997,Nothing
158.2887,24,2,3,0,0.8948822,0.8391899,0.3444451,46.19795,9.123002,25.62883,0.8671718,0.8242615,0.1977116,-0.5586594,-1.067931,-0.9441453,Nothing
158.2971,24,2,3,0,0.8931838,0.8420695,0.343775,46.06297,10.34625,26.88673,0.8677049,0.8242404,0.1979586,-0.5386159,-1.087624,-0.9168257,Nothing
158.3048,24,2,3,0,0.8912988,0.8438452,0.3436862,46.3288,11.31768,27.84521,0.8682148,0.8242354,0.1981331,-0.5185717,-1.11119,-0.8926303,Nothing
158.313,24,2,3,0,0.8903424,0.8450225,0.3436564,46.60517,12.17248,28.63378,0.8687322,0.8243608,0.1984342,-0.5048386,-1.126815,-0.8737353,Nothing
158.3216,24,2,3,0,0.8894168,0.8442543,0.3444579,47.18771,12.32367,28.86817,0.869226,0.8243883,0.1986321,-0.4949892,-1.138713,-0.8689408,Nothing
158.3298,24,2,3,0,0.8887597,0.8429284,0.3466424,48.43116,12.73443,29.30214,0.8698488,0.824533,0.1990736,-0.4889087,-1.164714,-0.8621556,Nothing
158.3379,24,2,3,0,0.8888024,0.8403543,0.3497351,49.76202,12.43509,29.12946,0.8703103,0.8246044,0.199262,-0.494853,-1.188609,-0.8719444,Nothing
158.3473,24,2,3,0,0.8886486,0.8373774,0.3526497,51.14972,12.00845,28.75823,0.8706963,0.8247138,0.1994273,-0.4980768,-1.211202,-0.8823785,Nothing
158.3546,24,2,3,0,0.8892324,0.8332172,0.3557869,52.64931,11.30885,28.05539,0.8710102,0.8245688,0.1996289,-0.5080446,-1.229912,-0.8997365,Nothing
158.3632,24,2,3,0,0.8903702,0.8288612,0.3583383,54.10341,10.56476,27.13255,0.8714177,0.8246558,0.1996229,-0.5175689,-1.244187,-0.9193095,Nothing
158.3722,24,2,3,0,0.8915864,0.8253385,0.3599477,55.44699,10.1048,26.286,0.8718035,0.8247672,0.1997209,-0.5223402,-1.256462,-0.9280034,Nothing
158.3799,24,2,3,0,0.8922169,0.8222739,0.3614231,56.64291,9.800002,25.74518,0.8721236,0.8248481,0.1998212,-0.524992,-1.269644,-0.934406,Nothing
158.388,24,2,3,0,0.893343,0.8187639,0.3631786,58.25298,9.730599,25.22724,0.8723931,0.8247835,0.1999957,-0.5300446,-1.290939,-0.9345792,Nothing
158.3965,24,2,3,0,0.8937774,0.8180713,0.362868,58.84612,10.27122,25.35671,0.872586,0.8248782,0.2000394,-0.5223554,-1.297135,-0.924978,Nothing
158.405,24,2,3,0,0.8948375,0.8168052,0.3629839,59.42442,10.53522,25.33973,0.8730785,0.8250774,0.1999528,-0.5215098,-1.301906,-0.9250795,Nothing
158.4136,24,2,3,0,0.8950296,0.8164612,0.3626483,59.79122,10.95504,25.49594,0.8732945,0.825169,0.1999659,-0.5143776,-1.305591,-0.9178201,Nothing
158.4224,24,2,3,0,0.8952478,0.8157549,0.3625695,60.27474,11.2775,25.57769,0.8735005,0.8252373,0.1999771,-0.5091139,-1.311055,-0.9121171,Nothing
158.4305,24,2,3,0,0.8951647,0.815805,0.3618905,60.39735,11.74561,25.89182,0.8735038,0.8251423,0.2000262,-0.5025952,-1.309773,-0.9036863,Nothing
158.4403,24,2,3,0,0.8950066,0.8160924,0.3616333,60.87437,12.48981,26.44986,0.8737088,0.825184,0.2000079,-0.4952218,-1.319773,-0.8874547,Nothing
158.4556,24,2,3,0,0.8947079,0.8161166,0.36184,61.70601,13.79052,27.55595,0.8739267,0.8251408,0.2000641,-0.4870604,-1.338753,-0.8647578,Nothing
158.4634,24,2,3,0,0.8948534,0.8160025,0.3617843,62.14502,14.40591,28.02332,0.8741098,0.8252481,0.2000415,-0.4835903,-1.346114,-0.8547266,Nothing
158.4718,24,2,3,0,0.8947662,0.816155,0.36208,62.58724,15.18335,28.71249,0.8741826,0.8252231,0.2000504,-0.4813808,-1.358132,-0.8419186,Nothing
158.4805,24,2,3,0,0.8948672,0.8160325,0.3625113,63.00587,15.83373,29.22964,0.8742372,0.8251867,0.2000521,-0.480137,-1.369485,-0.8330238,Nothing
158.4884,24,2,3,0,0.8948981,0.8159581,0.3629135,63.46057,16.51565,29.81548,0.8743492,0.8252561,0.1999901,-0.4786949,-1.381406,-0.8235081,Nothing
158.4969,24,2,3,0,0.8950045,0.8156507,0.3640031,64.02855,17.23771,30.51108,0.874395,0.8252263,0.2000024,-0.481936,-1.398836,-0.8148937,Nothing
158.5054,24,2,3,0,0.8950592,0.8154616,0.3646998,64.55303,18.00483,31.21806,0.8742851,0.825119,0.2001473,-0.4845296,-1.411756,-0.8031034,Nothing
158.5135,24,2,3,0,0.8951726,0.8152601,0.3660885,65.42843,19.35482,32.51782,0.8742688,0.8250738,0.2001594,-0.4895712,-1.437288,-0.7845708,Nothing
158.5236,24,2,3,0,0.8952464,0.814924,0.3674741,66.2024,20.68597,33.86355,0.8742643,0.825041,0.200164,-0.4950956,-1.460473,-0.7692811,Nothing
158.539,24,2,3,0,0.8953746,0.8145623,0.3699117,67.58325,23.75122,36.9352,0.8742809,0.824987,0.2001553,-0.5042326,-1.503708,-0.7358484,Nothing
158.5471,24,2,3,0,0.8954796,0.8143491,0.371005,68.22124,25.50601,38.69267,0.8741562,0.8249663,0.2001191,-0.5099921,-1.523517,-0.7191259,Nothing
158.5551,24,2,3,0,0.8956316,0.8141848,0.3720886,68.82138,27.43712,40.6046,0.8740931,0.8249236,0.2000565,-0.5150707,-1.543736,-0.7014716,Nothing
158.5641,24,2,3,0,0.8960149,0.8138094,0.3735923,69.65688,30.19487,43.32322,0.8739964,0.82495,0.1998939,-0.5237604,-1.571343,-0.6782942,Nothing
158.5714,24,2,3,0,0.8961291,0.8138937,0.3740396,69.87152,31.37555,44.4751,0.8739936,0.8249457,0.1998533,-0.5255631,-1.580672,-0.6684254,Nothing
158.5808,24,2,3,0,0.8963116,0.8140121,0.375413,70.5135,34.86938,47.9273,0.8739092,0.8248919,0.1997439,-0.53199,-1.607913,-0.6387213,Nothing
158.5884,24,2,3,0,0.8966408,0.8149201,0.3760481,70.75228,37.8201,50.85129,0.8740253,0.8249678,0.1996161,-0.5366567,-1.625057,-0.6121268,Nothing
158.5973,24,2,3,0,0.8962722,0.8170651,0.3762996,70.59864,41.83488,54.77256,0.8739758,0.8249332,0.1995236,-0.5343184,-1.642373,-0.5724615,Nothing
158.6068,24,2,3,0,0.8958853,0.8191394,0.3769019,70.37931,45.80462,58.70749,0.8738371,0.8248061,0.1994892,-0.5362184,-1.661014,-0.5322831,Nothing
158.622,24,2,3,0,0.8944314,0.8238884,0.3784256,69.48494,54.25246,67.1398,0.8738123,0.8247921,0.1993359,-0.5372196,-1.702351,-0.442536,Nothing
158.6303,24,2,3,0,0.8929904,0.8271059,0.3796389,68.66697,58.91879,71.91238,0.8738099,0.8247915,0.1992629,-0.5397886,-1.727951,-0.3845677,Nothing
158.6384,24,2,3,0,0.8915352,0.830406,0.3811656,67.58715,64.52902,77.55853,0.8737941,0.8248244,0.1991006,-0.5453139,-1.757796,-0.3142173,Nothing
158.647,24,2,3,0,0.8899294,0.8333352,0.3820817,66.46367,68.51724,81.62302,0.8738383,0.8248428,0.1990699,-0.5486173,-1.77611,-0.2546137,Nothing
158.6566,24,2,3,0,0.8880941,0.8365595,0.3831795,65.10876,72.27227,85.44331,0.8738846,0.8248508,0.1990089,-0.5536264,-1.79518,-0.1905615,Nothing
158.6726,24,2,3,0,0.8847655,0.8419896,0.385078,62.47338,77.83291,91.04922,0.8741012,0.8249401,0.1989451,-0.5630943,-1.823313,-0.07987005,Nothing
158.681,24,2,3,0,0.8830383,0.8450125,0.3857611,61.10745,79.99557,93.15761,0.8742705,0.8249596,0.1988882,-0.5677934,-1.833431,-0.02347244,Nothing
158.6882,24,2,3,0,0.8815116,0.8476145,0.386554,59.76841,81.8843,95.00547,0.8743606,0.8249307,0.1988378,-0.5754473,-1.842394,0.02745748,Nothing
158.6969,24,2,3,0,0.8800131,0.8501633,0.3873839,58.41222,83.61883,96.68085,0.8745009,0.8249678,0.19877,-0.5836931,-1.850703,0.07766258,Nothing
158.7049,24,2,3,0,0.8777677,0.8548368,0.3890257,56.16605,86.16428,99.20519,0.8748664,0.8252214,0.198571,-0.6066582,-1.863613,0.1621546,Nothing
158.714,24,2,3,0,0.8758628,0.8576969,0.3900159,54.59645,87.66516,100.6453,0.8751084,0.8253166,0.198469,-0.6186413,-1.870105,0.2186812,Nothing
158.7222,24,2,3,0,0.8735758,0.8606059,0.3913622,52.84615,89.15575,102.0975,0.8754339,0.8253788,0.1984085,-0.6326238,-1.877669,0.2803631,Nothing
158.732,24,2,3,0,0.8705564,0.8639663,0.3928327,50.81415,90.67902,103.6197,0.8757309,0.8255007,0.1983336,-0.6505595,-1.883254,0.3523753,Nothing
158.7471,24,2,3,0,0.8644755,0.8698233,0.396091,47.02431,93.21986,106.2435,0.8763961,0.8258431,0.1982279,-0.6905524,-1.890874,0.488333,Nothing
158.7552,24,2,3,0,0.8617769,0.8719683,0.3979772,45.29279,94.26635,107.4341,0.8767484,0.8260661,0.1981647,-0.7138388,-1.894612,0.5466489,Nothing
158.764,24,2,3,0,0.8577406,0.8744361,0.4007465,42.83997,95.61281,108.9658,0.8772389,0.8262897,0.1981976,-0.7453882,-1.897786,0.6273344,Nothing
158.7724,24,2,3,0,0.8554542,0.8757614,0.4026001,41.40911,96.37267,109.8995,0.8776394,0.8265458,0.1982103,-0.7670419,-1.899489,0.6743811,Nothing
158.7802,24,2,3,0,0.8535582,0.8767087,0.4042114,40.27576,96.94551,110.6207,0.8780218,0.8268462,0.198182,-0.7837334,-1.90213,0.7117832,Nothing
158.7885,24,2,3,0,0.8521239,0.8776492,0.4056553,39.12744,97.49883,111.3314,0.8784547,0.8271715,0.1983523,-0.8033047,-1.899664,0.7456784,Nothing
158.797,24,2,3,0,0.8507414,0.8782481,0.4070775,38.21001,97.97818,111.945,0.8788581,0.8274247,0.1984086,-0.8183816,-1.900238,0.7760826,Nothing
158.805,24,2,3,0,0.8501121,0.8786747,0.4086027,37.45795,98.42599,112.5425,0.8793519,0.8277103,0.1984499,-0.835267,-1.902222,0.7998241,Nothing
158.8144,24,2,3,0,0.8488318,0.8791357,0.4106191,36.36882,99.07349,113.3999,0.8800017,0.828051,0.1986337,-0.8568636,-1.901528,0.8365058,Nothing
158.8236,24,2,3,0,0.8475595,0.8799,0.412193,35.72338,99.41661,113.924,0.8804873,0.82832,0.1988302,-0.8720789,-1.902184,0.8654109,Nothing
158.8387,24,2,3,0,0.8450638,0.8807939,0.4149241,34.32311,99.99449,114.9566,0.8813332,0.8286753,0.1991435,-0.9041583,-1.899619,0.9162828,Nothing
158.8466,24,2,3,0,0.8435104,0.8810637,0.4165486,33.50468,100.2881,115.5059,0.8817607,0.8288275,0.1992621,-0.9216984,-1.899646,0.9444395,Nothing
158.8555,24,2,3,0,0.8416453,0.8816144,0.418233,32.62669,100.5244,116.0506,0.8821526,0.8289843,0.1993873,-0.9427703,-1.898429,0.9751261,Nothing
158.8636,24,2,3,0,0.8400819,0.8821482,0.4196964,31.78884,100.6186,116.5202,0.8824158,0.8291536,0.1995254,-0.9662353,-1.896194,0.9974311,Nothing
158.8716,24,2,3,0,0.8376974,0.8825788,0.4218276,30.84624,100.697,117.1108,0.8827489,0.8292974,0.1996248,-0.9934639,-1.897982,1.027696,Nothing
158.8802,24,2,3,0,0.8356705,0.8829584,0.4236486,29.97363,100.8171,117.6553,0.8830532,0.8294411,0.1996748,-1.018654,-1.897612,1.055544,Nothing
158.8888,24,2,3,0,0.8325634,0.8830159,0.4262751,28.74925,100.921,118.457,0.8835163,0.8296497,0.1998254,-1.052691,-1.897554,1.093076,Nothing
158.897,24,2,3,0,0.8308993,0.8830605,0.4279277,28.16582,100.9084,118.918,0.8837681,0.8297873,0.1998918,-1.073931,-1.89987,1.111554,Nothing
158.9067,24,2,3,0,0.829583,0.8830655,0.4293804,27.63077,100.9584,119.3426,0.8840927,0.8299166,0.1999107,-1.092575,-1.901128,1.129429,Nothing
158.9218,24,2,3,0,0.8277286,0.8830113,0.4319153,26.94901,100.9088,119.9974,0.8844959,0.8301648,0.2000834,-1.123643,-1.906364,1.150237,Nothing
158.9303,24,2,3,0,0.8269926,0.8829321,0.4330038,26.70577,100.8632,120.2924,0.8847022,0.8303392,0.2001682,-1.136502,-1.90925,1.157562,Nothing
158.9386,24,2,3,0,0.8261298,0.8829366,0.4340693,26.45585,100.7656,120.5544,0.8848513,0.8304619,0.200285,-1.150249,-1.911895,1.164241,Nothing
158.9472,24,2,3,0,0.824365,0.8829621,0.435672,25.995,100.6578,120.9676,0.8850442,0.8306279,0.2004901,-1.170452,-1.91398,1.179663,Nothing
158.955,24,2,3,0,0.8232629,0.8831185,0.4366305,25.63374,100.5842,121.2155,0.8851306,0.8307366,0.200625,-1.185367,-1.913502,1.18927,Nothing
158.964,24,2,3,0,0.8222902,0.8832095,0.4375635,25.18708,100.5715,121.4677,0.8851825,0.8309041,0.2007732,-1.200229,-1.911573,1.198908,Nothing
158.9715,24,2,3,0,0.8212771,0.8833203,0.4384826,24.79802,100.5213,121.7145,0.8851742,0.8309704,0.2009066,-1.215971,-1.909907,1.207575,Nothing
158.9821,24,2,3,0,0.820384,0.8837118,0.438977,24.41968,100.4662,121.8869,0.8852146,0.8310673,0.2010204,-1.229688,-1.904962,1.21578,Nothing
158.9978,24,2,3,0,0.8194115,0.8844514,0.4397231,23.72632,100.4225,122.1037,0.8851184,0.8312207,0.2012229,-1.253717,-1.89525,1.225023,Nothing
159.0142,24,2,3,0,0.8175188,0.8849121,0.441595,22.85382,100.3064,122.4871,0.8852065,0.8316539,0.2013694,-1.284837,-1.89394,1.241133,Nothing
159.0231,24,2,3,0,0.8168445,0.8850857,0.4419429,22.52988,100.2623,122.6391,0.885044,0.8316192,0.2014759,-1.297453,-1.888453,1.245078,Nothing
159.0387,24,2,3,0,0.8159744,0.885139,0.4428011,22.06585,100.2143,122.9359,0.8849028,0.8316778,0.2015911,-1.317362,-1.883571,1.250667,Nothing
159.0464,24,2,3,0,0.8160186,0.8848631,0.4432663,22.07482,100.1654,123.112,0.884802,0.831628,0.2016482,-1.324942,-1.884695,1.247327,Nothing
159.0556,24,2,3,0,0.8157465,0.8847171,0.4437781,21.96805,100.0979,123.2838,0.8847057,0.8316209,0.2016788,-1.334664,-1.885028,1.246565,Nothing
159.0629,24,2,3,0,0.8157884,0.8840929,0.4438245,22.09111,100.1006,123.4562,0.8846228,0.8317287,0.201569,-1.333554,-1.887566,1.243125,Nothing
159.0723,24,2,3,0,0.8153748,0.883709,0.444511,22.11658,99.87303,123.6838,0.8844688,0.8316703,0.2015665,-1.345762,-1.89223,1.236933,Nothing
159.08,24,2,3,0,0.8158829,0.8833215,0.4445453,22.12607,99.70612,123.7569,0.8844098,0.8315583,0.2016508,-1.35184,-1.892541,1.224255,Nothing
159.089,24,2,3,0,0.8153692,0.8830288,0.4450767,22.00812,99.5785,123.951,0.8841866,0.8315836,0.2017052,-1.362068,-1.893531,1.221546,Nothing
159.0966,24,2,3,0,0.8152751,0.8830141,0.445274,21.86767,99.41851,124.1062,0.8840829,0.8314807,0.2017132,-1.375108,-1.89051,1.215858,Nothing
159.1082,24,2,3,0,0.8143519,0.8827606,0.4459411,21.57388,99.22496,124.3606,0.8838345,0.8313029,0.2017525,-1.393096,-1.88862,1.215084,Nothing
159.1221,24,2,3,0,0.8133498,0.88287,0.4462793,21.253,98.98239,124.5448,0.8839134,0.8309368,0.2018092,-1.411328,-1.882733,1.217658,Nothing
159.13,24,2,3,0,0.812955,0.882738,0.4465438,21.1581,98.83224,124.6738,0.883826,0.8307853,0.2018545,-1.420802,-1.881524,1.215033,Nothing
159.1382,24,2,3,0,0.812481,0.8823923,0.4470584,21.11227,98.61687,124.8571,0.8836968,0.8306342,0.2018553,-1.432463,-1.883717,1.209948,Nothing
159.1472,24,2,3,0,0.8123674,0.8822705,0.4471967,21.15401,98.45699,124.9544,0.8836135,0.8305194,0.2019166,-1.438871,-1.88364,1.20423,Nothing
159.1566,24,2,3,0,0.8122097,0.8822243,0.4472404,21.19436,98.29026,125.0327,0.8835466,0.830416,0.2020512,-1.444212,-1.882298,1.198811,Nothing
159.1714,24,2,3,0,0.8125107,0.8825611,0.4471339,21.31658,97.97294,125.1316,0.8834612,0.8303739,0.2023831,-1.454753,-1.877198,1.183972,Nothing
159.1798,24,2,3,0,0.8124953,0.8825657,0.4471507,21.3775,97.81268,125.1944,0.8834767,0.8303233,0.2026591,-1.458376,-1.874866,1.178067,Nothing
159.188,24,2,3,0,0.8122142,0.8826972,0.4472361,21.52367,97.64223,125.1964,0.8834074,0.8303276,0.2028822,-1.459341,-1.875959,1.174069,Nothing
159.1967,24,2,3,0,0.8122538,0.8827541,0.4471575,21.60744,97.49359,125.2319,0.8833175,0.8304245,0.20307,-1.461259,-1.874763,1.166803,Nothing
159.2047,24,2,3,0,0.8123048,0.8829524,0.4468828,21.74057,97.26546,125.279,0.8833067,0.8306034,0.2034891,-1.462436,-1.870381,1.156933,Nothing
159.2131,24,2,3,0,0.8121935,0.8831374,0.4467568,21.75683,97.11711,125.3008,0.8832335,0.8308542,0.203882,-1.462789,-1.866849,1.15076,Nothing
159.2213,24,2,3,0,0.8121275,0.8831528,0.4465609,21.71546,96.98164,125.3079,0.8831781,0.8310553,0.2042055,-1.462466,-1.863563,1.14427,Nothing
159.2301,24,2,3,0,0.8119082,0.8834935,0.4463284,21.59101,96.8838,125.2926,0.8831175,0.8313285,0.204637,-1.462502,-1.85723,1.14125,Nothing
159.2387,24,2,3,0,0.8116741,0.8839074,0.4459364,21.48473,96.78973,125.2293,0.883079,0.8317115,0.2051066,-1.459087,-1.850871,1.138408,Nothing
159.2467,24,2,3,0,0.8116447,0.88439,0.4455363,21.32341,96.76979,125.1633,0.8831211,0.8320797,0.2056188,-1.455647,-1.842492,1.137369,Nothing
159.2549,24,2,3,0,0.811705,0.8848641,0.4451226,21.16983,96.77302,125.098,0.8832474,0.832835,0.2065106,-1.446398,-1.832843,1.135265,Nothing
159.263,24,2,3,0,0.8118607,0.8852497,0.4446915,21.07548,96.76129,125.0432,0.8834075,0.8333287,0.2069766,-1.440672,-1.826157,1.133243,Nothing
159.2718,24,2,3,0,0.8119947,0.885746,0.4441989,20.89587,96.75433,124.9955,0.8834954,0.8341816,0.2079882,-1.431386,-1.814407,1.129144,Nothing
159.2799,24,2,3,0,0.812149,0.8860514,0.4440022,20.7756,96.75446,124.9864,0.8835434,0.8349918,0.2087756,-1.424104,-1.807512,1.124932,Nothing
159.2883,24,2,3,0,0.8121268,0.8861994,0.4438627,20.59894,96.7867,125.023,0.8837118,0.8359955,0.2098733,-1.413258,-1.798735,1.123075,Nothing
159.2965,24,2,3,0,0.8120447,0.8864132,0.4436282,20.43475,96.7934,125.0468,0.8839803,0.8371167,0.21091,-1.40118,-1.790753,1.121621,Nothing
159.3068,24,2,3,0,0.8121084,0.8866566,0.4434505,20.213,96.81785,125.082,0.8843358,0.8385547,0.212455,-1.385471,-1.779415,1.118667,Nothing
159.3226,24,2,3,0,0.8121659,0.8868555,0.4433084,19.97899,96.85464,125.1747,0.8849475,0.8404453,0.2147805,-1.36253,-1.763168,1.116118,Nothing
159.3301,24,2,3,0,0.8122733,0.8870038,0.4431756,19.88964,96.87281,125.1836,0.8852705,0.8415647,0.2159026,-1.348572,-1.756723,1.113871,Nothing
159.3382,24,2,3,0,0.8121852,0.8874981,0.4427247,19.78173,96.88388,125.135,0.8855488,0.842921,0.2171553,-1.331161,-1.747182,1.112656,Nothing
159.3465,24,2,3,0,0.8123096,0.8878594,0.4424052,19.69949,96.8912,125.0713,0.8858217,0.8441083,0.2182569,-1.315568,-1.740276,1.109738,Nothing
159.3551,24,2,3,0,0.8124642,0.8882915,0.4419839,19.63908,96.90237,124.9874,0.886223,0.8453493,0.2194387,-1.297751,-1.732458,1.107785,Nothing
159.3634,24,2,3,0,0.8127802,0.8886681,0.4416821,19.65191,96.90598,124.8943,0.8868936,0.846075,0.2206533,-1.282393,-1.723979,1.108362,Nothing
159.3715,24,2,3,0,0.8129733,0.8890178,0.4413709,19.61925,96.90104,124.8251,0.8871533,0.8470663,0.2219653,-1.266796,-1.714907,1.104713,Nothing
159.3809,24,2,3,0,0.8133081,0.8897133,0.4407977,19.58292,96.89269,124.6925,0.8877711,0.8486676,0.2239478,-1.241554,-1.700837,1.101038,Nothing
159.3882,24,2,3,0,0.8134339,0.8900936,0.4404859,19.53224,96.89362,124.616,0.8884841,0.8494264,0.2256934,-1.223881,-1.686911,1.102961,Nothing
159.3966,24,2,3,0,0.8135246,0.8903171,0.4403329,19.44591,96.91206,124.5835,0.8887175,0.8506652,0.2270101,-1.20743,-1.679595,1.099732,Nothing
159.4056,24,2,3,0,0.8135768,0.8904026,0.4403266,19.34495,96.95483,124.6225,0.8891219,0.8515329,0.2287659,-1.192352,-1.666829,1.099784,Nothing
159.4141,24,2,3,0,0.8134863,0.8905866,0.4401331,19.22497,96.96832,124.6296,0.8895699,0.8523518,0.2302705,-1.178092,-1.654671,1.101196,Nothing
159.4217,24,2,3,0,0.8131776,0.8907411,0.4401398,19.04529,96.98672,124.6447,0.8900681,0.8533195,0.2320465,-1.162197,-1.642247,1.104657,Nothing
159.4301,24,2,3,0,0.812883,0.890937,0.4401136,18.81586,97.01979,124.6619,0.8903316,0.8541127,0.2335006,-1.151007,-1.630181,1.107293,Nothing
159.4382,24,2,3,0,0.8125122,0.891219,0.4399317,18.56615,97.04942,124.6542,0.8902657,0.8545008,0.2350111,-1.143122,-1.613685,1.108748,Nothing
159.4471,24,2,3,0,0.8121132,0.891522,0.4397941,18.20165,97.11816,124.6597,0.890334,0.8553693,0.2372681,-1.128688,-1.591948,1.11065,Nothing
159.4552,24,2,3,0,0.811939,0.8917062,0.439675,18.01961,97.15257,124.6599,0.8904906,0.8559244,0.2388062,-1.117884,-1.577748,1.111698,Nothing
159.4632,24,2,3,0,0.8120188,0.8916557,0.4395547,17.94488,97.19767,124.6974,0.890468,0.8562949,0.2402427,-1.107765,-1.564725,1.108913,Nothing
159.4727,24,2,3,0,0.811977,0.8917462,0.4394441,17.8238,97.23248,124.7126,0.8905063,0.8568376,0.2418221,-1.096384,-1.550893,1.107269,Nothing
159.4799,24,2,3,0,0.8119739,0.8917739,0.4392523,17.77277,97.26407,124.6965,0.8907165,0.857229,0.2433238,-1.083355,-1.538037,1.107094,Nothing
159.488,24,2,3,0,0.8121002,0.8919122,0.4389814,17.78063,97.27323,124.6551,0.8903334,0.8580309,0.2450138,-1.067665,-1.52537,1.097994,Nothing
159.4966,24,2,3,0,0.8121744,0.8923323,0.4387084,17.73562,97.27512,124.6333,0.8905657,0.8585998,0.2467626,-1.055082,-1.508911,1.096617,Nothing
159.505,24,2,3,0,0.8120822,0.8924462,0.4385734,17.68712,97.26286,124.6272,0.890741,0.8591093,0.2482421,-1.043109,-1.497175,1.095602,Nothing
159.5131,24,2,3,0,0.8119174,0.8924714,0.4385341,17.59709,97.24601,124.625,0.8910034,0.8595241,0.2495517,-1.032944,-1.487309,1.096342,Nothing
159.5216,24,2,3,0,0.8112769,0.8925192,0.4385722,17.43012,97.20761,124.6386,0.8914198,0.8605391,0.2516033,-1.014524,-1.474469,1.099956,Nothing
159.5301,24,2,3,0,0.8107507,0.8925734,0.4386247,17.24742,97.16794,124.6748,0.8918213,0.8614085,0.2528908,-1.002831,-1.466807,1.103779,Nothing
159.5388,24,2,3,0,0.8102461,0.8926167,0.4386117,17.04884,97.14056,124.7288,0.89239,0.8618639,0.2545395,-0.9920817,-1.452763,1.110133,Nothing
159.5466,24,2,3,0,0.8097112,0.8926097,0.4386924,16.81573,97.13362,124.7955,0.8927392,0.8624685,0.2558507,-0.9831956,-1.442581,1.11524,Nothing
159.5561,24,2,3,0,0.8093346,0.8924833,0.4387789,16.58403,97.16216,124.8761,0.893114,0.8634045,0.2569048,-0.972254,-1.436482,1.119145,Nothing
159.5715,24,2,3,0,0.8084714,0.8923895,0.4389209,16.07423,97.28883,125.0294,0.8938523,0.8645639,0.2597048,-0.9524245,-1.412168,1.131721,Nothing
159.5799,24,2,3,0,0.8079283,0.8925251,0.438852,15.69358,97.38113,125.0799,0.8943878,0.8651441,0.2618264,-0.9392959,-1.390455,1.141054,Nothing
159.5883,24,2,3,0,0.8074874,0.892651,0.4388131,15.41091,97.41982,125.105,0.8947216,0.8654103,0.2632393,-0.932385,-1.375214,1.147613,Nothing
159.5965,24,2,3,0,0.8070064,0.8928662,0.4387849,15.14379,97.44232,125.1342,0.8950624,0.8656739,0.2646964,-0.9260519,-1.359452,1.154362,Nothing
159.605,24,2,3,0,0.8065326,0.8928328,0.4388288,14.87157,97.43766,125.1771,0.8953489,0.8659225,0.2659687,-0.9203487,-1.347176,1.159467,Nothing
159.6142,24,2,3,0,0.8061419,0.8929009,0.4388514,14.64678,97.43657,125.2227,0.8956289,0.8661905,0.267132,-0.915288,-1.33559,1.164113,Nothing
159.6302,24,2,3,0,0.8057858,0.8926813,0.4389719,14.41499,97.40086,125.3399,0.8962175,0.8667129,0.2693639,-0.9020411,-1.3182,1.167902,Nothing
159.6385,24,2,3,0,0.8055909,0.8927175,0.4390033,14.23816,97.38335,125.3875,0.8965793,0.8670087,0.2709509,-0.8940235,-1.304149,1.170337,Nothing
159.6466,24,2,3,0,0.805557,0.8928244,0.4388452,14.17995,97.36198,125.3454,0.8966941,0.867247,0.2719284,-0.886577,-1.295605,1.169483,Nothing
159.6553,24,2,3,0,0.8054444,0.8929281,0.4387211,14.06604,97.35497,125.3252,0.8968938,0.8674564,0.273024,-0.8795998,-1.285083,1.170604,Nothing
159.6628,24,2,3,0,0.8053246,0.8932546,0.4385348,13.97595,97.37069,125.2629,0.8970621,0.8677453,0.2741186,-0.8717987,-1.27385,1.172351,Nothing
159.6715,24,2,3,0,0.8053805,0.8934934,0.4383271,13.91832,97.3731,125.1808,0.897314,0.8682861,0.2752759,-0.8603089,-1.26464,1.171886,Nothing
159.6798,24,2,3,0,0.8053632,0.8936542,0.4382967,13.86063,97.36587,125.1363,0.8977509,0.8688632,0.2764062,-0.8493373,-1.257428,1.173694,Nothing
159.6889,24,2,3,0,0.8053201,0.8936397,0.4383595,13.83051,97.32082,125.12,0.8981761,0.869495,0.2775247,-0.8378461,-1.252797,1.174243,Nothing
159.6966,24,2,3,0,0.8052585,0.893613,0.4383911,13.77356,97.29694,125.1293,0.8986341,0.8702973,0.2787559,-0.8245877,-1.247051,1.175252,Nothing
159.7059,24,2,3,0,0.8048825,0.8932555,0.438741,13.66749,97.22107,125.2343,0.8994022,0.8713425,0.2805696,-0.8072876,-1.241302,1.179452,Nothing
159.7133,24,2,3,0,0.8044707,0.8927972,0.4390786,13.54689,97.15983,125.3353,0.9000732,0.8722311,0.2819876,-0.7926667,-1.238218,1.184132,Nothing
159.7217,24,2,3,0,0.8040164,0.8922351,0.4394122,13.41558,97.09608,125.4394,0.9006742,0.8729702,0.2834533,-0.778501,-1.234352,1.188623,Nothing
159.73,24,2,3,0,0.8034533,0.8918614,0.4397471,13.22984,97.03259,125.5561,0.9011879,0.8736978,0.2851369,-0.7658702,-1.226748,1.19371,Nothing
159.738,24,2,3,0,0.8027843,0.8916267,0.4399288,13.01027,96.96661,125.6447,0.9017696,0.874406,0.2867722,-0.7534952,-1.217453,1.200849,Nothing
159.7467,24,2,3,0,0.8019836,0.8915375,0.4400684,12.70893,96.89074,125.675,0.9020864,0.8751013,0.2883711,-0.7430682,-1.207065,1.207035,Nothing
159.7549,24,2,3,0,0.8013709,0.8914506,0.4401502,12.49103,96.81852,125.7084,0.9022838,0.8757886,0.2899235,-0.7320352,-1.197373,1.210232,Nothing
159.7634,24,2,3,0,0.8002213,0.8913319,0.4403204,12.12137,96.686,125.7287,0.9024183,0.8767806,0.2922022,-0.7168255,-1.18359,1.215606,Nothing
159.7719,24,2,3,0,0.7994885,0.8913664,0.4403134,11.87358,96.57629,125.712,0.9021716,0.8774472,0.2937099,-0.7076014,-1.173431,1.215241,Nothing
159.7798,24,2,3,0,0.7987163,0.8914204,0.4403717,11.65553,96.46363,125.7192,0.9017285,0.8781137,0.2952297,-0.6992242,-1.163691,1.213381,Nothing
159.7891,24,2,3,0,0.7981537,0.8914238,0.4402645,11.52042,96.33138,125.7142,0.9011456,0.8787807,0.296782,-0.6887233,-1.153971,1.207195,Nothing
159.7969,24,2,3,0,0.7976283,0.8914221,0.4403714,11.35858,96.21866,125.7343,0.9008726,0.8793102,0.2984924,-0.6796015,-1.143123,1.204634,Nothing
159.8049,24,2,3,0,0.7972041,0.8913976,0.440301,11.28765,96.13341,125.7649,0.9001595,0.8799565,0.3001298,-0.6681575,-1.132688,1.196804,Nothing
159.8137,24,2,3,0,0.7970456,0.8914241,0.4401355,11.22131,96.08622,125.7735,0.8995627,0.8805296,0.3017904,-0.6562221,-1.120277,1.188498,Nothing
159.8221,24,2,3,0,0.796859,0.8915182,0.439766,11.12969,96.04193,125.7547,0.8984792,0.881534,0.3042466,-0.6364094,-1.101488,1.174014,Nothing
159.8298,24,2,3,0,0.7968674,0.8918297,0.4392672,11.08251,96.0348,125.6956,0.8973708,0.882239,0.3060088,-0.6224294,-1.084781,1.159693,Nothing
159.838,24,2,3,0,0.7968595,0.8920714,0.4388557,11.01661,96.00986,125.6518,0.8966277,0.88304,0.3076758,-0.6081833,-1.070518,1.148717,Nothing
159.8472,24,2,3,0,0.7968811,0.8925647,0.4381784,10.9266,96.02818,125.5264,0.8959978,0.883988,0.3092592,-0.591796,-1.054094,1.139555,Nothing
159.8562,24,2,3,0,0.7966869,0.8928953,0.4375782,10.80356,96.00879,125.4245,0.894792,0.8849379,0.3109244,-0.5763853,-1.038368,1.125793,Nothing
159.872,24,2,3,0,0.7962735,0.8936161,0.4366181,10.56464,95.97408,125.2699,0.8931581,0.8868756,0.3140205,-0.5474353,-1.010428,1.106947,Nothing
159.8799,24,2,3,0,0.7959855,0.89371,0.4362524,10.4579,95.96168,125.2764,0.8926741,0.8879434,0.3153904,-0.5319494,-1.00038,1.101389,Nothing
159.8882,24,2,3,0,0.7954894,0.893784,0.4356662,10.26877,95.94212,125.2693,0.8969737,0.8893649,0.3168912,-0.5021125,-0.9897828,1.144742,Nothing
159.8965,24,2,3,0,0.7949727,0.8938025,0.4353495,10.09402,95.93169,125.2977,0.8966777,0.890341,0.3182718,-0.4876013,-0.9790239,1.143764,Nothing
159.9055,24,2,3,0,0.7943724,0.8938667,0.4349902,9.885665,95.9279,125.3101,0.8964493,0.8913128,0.3196093,-0.4733619,-0.9676681,1.144662,Nothing
159.9133,24,2,3,0,0.793691,0.8939582,0.4345028,9.667848,95.91417,125.2849,0.8937639,0.8922949,0.3211537,-0.4617613,-0.9534463,1.121383,Nothing
159.9231,24,2,3,0,0.7930984,0.8941172,0.4340592,9.466964,95.9105,125.2537,0.8936496,0.8931805,0.3223782,-0.4480555,-0.9417636,1.123759,Nothing
159.9394,24,2,3,0,0.7920534,0.894614,0.4328272,9.110781,95.91791,125.1419,0.8921686,0.8952842,0.3258641,-0.4125164,-0.9081925,1.113108,Nothing
159.9547,24,2,3,0,0.7918757,0.8950462,0.4317811,9.106852,95.91484,125.006,0.891202,0.8968467,0.3286882,-0.3806525,-0.883115,1.099323,Nothing
159.9634,24,2,3,0,0.7921736,0.8952004,0.4312724,9.270535,95.89845,124.9473,0.8912989,0.8975511,0.3299753,-0.363051,-0.873587,1.093721,Nothing
159.9714,24,2,3,0,0.7921231,0.8954952,0.4307292,9.297739,95.87916,124.8961,0.890805,0.8982798,0.3312712,-0.348955,-0.8614636,1.086264,Nothing
159.9801,24,2,3,0,0.7924191,0.8956083,0.4303377,9.462138,95.85442,124.8621,0.8907938,0.8990461,0.3324353,-0.332617,-0.854427,1.079514,Nothing
159.9879,24,2,3,0,0.7925193,0.895741,0.4299314,9.53722,95.84078,124.8288,0.8907732,0.8998064,0.3336191,-0.3172016,-0.8458132,1.075124,Nothing
159.9978,24,2,3,0,0.792338,0.8957937,0.4297098,9.54223,95.84637,124.8133,0.8903435,0.9005173,0.3347436,-0.3042678,-0.8382773,1.070209,Nothing
160.0041,24,2,3,0,0.7921872,0.8959457,0.4294751,9.493826,95.83906,124.8021,0.8902501,0.9011683,0.3358625,-0.2930542,-0.8293846,1.068642,Nothing
160.0134,24,2,3,0,0.7918698,0.8962006,0.4291381,9.350541,95.83133,124.7808,0.8893695,0.9020788,0.3376662,-0.2786184,-0.813744,1.060193,Nothing
160.0233,24,2,3,0,0.7913587,0.8964398,0.4290111,9.084719,95.83479,124.7786,0.8888436,0.9023728,0.3389795,-0.2740168,-0.7990714,1.05961,Nothing
160.039,24,2,3,0,0.7907724,0.8968517,0.4287551,8.711205,95.87724,124.7853,0.8874949,0.9028774,0.3417552,-0.2627453,-0.7694654,1.050766,Nothing
160.0464,24,2,3,0,0.7905746,0.8970629,0.4285859,8.544043,95.90934,124.7868,0.8867415,0.9030803,0.3431094,-0.2573527,-0.7543749,1.0447,Nothing
160.0546,24,2,3,0,0.7905588,0.8972921,0.4283854,8.398128,95.98341,124.8019,0.8860496,0.9032875,0.344427,-0.2516488,-0.738848,1.037883,Nothing
160.063,24,2,3,0,0.7907542,0.8976321,0.4281203,8.277486,96.08154,124.7778,0.8853664,0.9034833,0.3457144,-0.2459539,-0.7224658,1.029335,Nothing
160.0712,24,2,3,0,0.7907271,0.8979319,0.4279082,8.150892,96.13277,124.7482,0.8846855,0.9036836,0.3470063,-0.2403383,-0.7073883,1.022401,Nothing
160.0804,24,2,3,0,0.7909467,0.8985758,0.427428,8.038124,96.22069,124.6679,0.883876,0.904003,0.3487623,-0.2318943,-0.6847441,1.011575,Nothing
160.0893,24,2,3,0,0.7910522,0.8989854,0.4271197,7.966604,96.26541,124.6186,0.8834396,0.9042359,0.3498389,-0.2264617,-0.6709769,1.005641,Nothing
160.0969,24,2,3,0,0.791028,0.8995557,0.4268094,7.982626,96.22971,124.5392,0.882773,0.904429,0.3509385,-0.2220686,-0.6579523,0.9977023,Nothing
160.1106,24,2,3,0,0.7910774,0.9003012,0.4263134,8.019702,96.16814,124.4453,0.8821905,0.9046587,0.352577,-0.2146057,-0.6386028,0.9889385,Nothing
160.1248,24,2,3,0,0.7910572,0.9014347,0.4255585,8.078654,96.10669,124.3074,0.8811604,0.9040785,0.3550864,-0.2107696,-0.6032308,0.9768659,Nothing
160.1388,24,2,3,0,0.7912201,0.902607,0.4248407,8.104486,96.10439,124.1566,0.8790056,0.9032485,0.3580253,-0.2093669,-0.5619173,0.9524438,Nothing
160.146,24,2,3,0,0.7912347,0.9032683,0.4244247,8.091389,96.1151,124.0679,0.8785273,0.9027295,0.3595343,-0.2086287,-0.5390088,0.9472573,Nothing
160.155,24,2,3,0,0.7910964,0.9039937,0.424024,8.014041,96.12764,123.9732,0.8775885,0.9023861,0.3608981,-0.2092664,-0.517539,0.939129,MinusStart
160.1558,24,2,3,0,0.7910964,0.9039937,0.424024,8.014041,96.12764,123.9732,0.8775885,0.9023861,0.3608981,-0.2092664,-0.517539,0.939129,Minusing
160.1689,24,2,3,0,0.7909481,0.9050248,0.4234223,7.927553,96.13562,123.8369,0.8776852,0.9021387,0.3627543,-0.2058524,-0.4890035,0.9409844,Minusing
160.1852,24,2,3,0,0.7905931,0.9065962,0.4224712,7.766476,96.16362,123.6522,0.8776446,0.9011194,0.3659995,-0.2043731,-0.4374977,0.9436937,Minusing
160.1966,24,2,3,0,0.790358,0.9075323,0.421906,7.682743,96.19118,123.5556,0.8791687,0.9001487,0.3682913,-0.2018485,-0.4013884,0.9611951,Minusing
160.2078,24,2,3,0,0.7902114,0.9079788,0.4216172,7.646276,96.19276,123.512,0.878821,0.8992358,0.3695838,-0.2051843,-0.3801275,0.9593396,Minusing
160.2211,24,2,3,0,0.7899262,0.9090623,0.4209349,7.612064,96.17303,123.3863,0.8791404,0.8978693,0.3721868,-0.2067307,-0.3386995,0.9650319,Minusing
160.2339,24,2,3,0,0.7897145,0.909888,0.420319,7.608117,96.1261,123.2527,0.8780838,0.896776,0.3738295,-0.2118524,-0.3099473,0.9563714,Minusing
160.2467,24,2,3,0,0.7896547,0.9106421,0.4197856,7.646046,96.11534,123.1386,0.8779344,0.8960109,0.3753454,-0.2127115,-0.2849079,0.9552602,Minusing
160.2579,24,2,3,0,0.7896176,0.9113376,0.419284,7.696019,96.11338,123.0489,0.8773025,0.8952808,0.3768885,-0.2136346,-0.2604156,0.949034,Minusing
160.2712,24,2,3,0,0.7896792,0.912107,0.4186756,7.746408,96.12054,122.9732,0.8772904,0.8945118,0.3788906,-0.2116048,-0.2301821,0.9476678,Minusing
160.2826,24,2,3,0,0.7893479,0.9125567,0.4183573,7.707496,96.09407,122.9583,0.8777546,0.8941785,0.3801999,-0.2088165,-0.2118144,0.9548121,Minusing
160.2962,24,2,3,0,0.7890018,0.9130381,0.4179907,7.636674,96.07036,122.9241,0.878014,0.8940352,0.3814914,-0.2052242,-0.1938282,0.9597807,Minusing
160.3081,24,2,3,0,0.7889525,0.9135554,0.4175129,7.582696,96.0698,122.8609,0.8783574,0.8937886,0.3828509,-0.2016983,-0.1735107,0.9627276,Minusing
160.3228,24,2,3,0,0.7891938,0.9143707,0.4167019,7.517314,96.1104,122.7175,0.8785562,0.8936709,0.3847966,-0.1950341,-0.1440401,0.9606694,Minusing
160.3396,24,2,3,0,0.7892721,0.9151936,0.4159396,7.463165,96.16071,122.5759,0.8789691,0.893663,0.3868316,-0.1865465,-0.1146315,0.9622142,Minusing
160.3545,24,2,3,0,0.7892668,0.9159073,0.4152792,7.390536,96.20014,122.4722,0.8796684,0.8937221,0.3885963,-0.178485,-0.08912432,0.9675214,Minusing
160.3658,24,2,3,0,0.7890592,0.9163474,0.4149754,7.291675,96.21593,122.4328,0.8800286,0.8936495,0.3902265,-0.1728231,-0.06851373,0.9716467,Minusing
160.3791,24,2,3,0,0.7890993,0.9165009,0.4146732,7.215056,96.21693,122.4421,0.8808239,0.8933895,0.3921261,-0.1644719,-0.04633293,0.9772184,Minusing
160.3903,24,2,3,0,0.7891223,0.916743,0.4143097,7.178615,96.21837,122.4282,0.8815907,0.8932597,0.3938339,-0.1558908,-0.02592893,0.9828357,Minusing
160.4045,24,2,3,0,0.7892262,0.9169017,0.4139134,7.199324,96.21592,122.4402,0.8823732,0.8934209,0.3959277,-0.1412112,-0.004466109,0.9869698,Minusing
160.4162,24,2,3,0,0.7893801,0.9170852,0.4135246,7.215624,96.21799,122.422,0.8824862,0.8935624,0.3974957,-0.1309696,0.01248347,0.9845029,Minusing
160.4302,24,2,3,0,0.7896532,0.9173524,0.4130831,7.198693,96.24613,122.3633,0.8826191,0.8936605,0.3990411,-0.1221005,0.03094975,0.9811153,Minusing
160.4412,24,2,3,0,0.7898085,0.91772,0.412551,7.171205,96.27875,122.2763,0.8824925,0.894,0.4004436,-0.1127127,0.04828151,0.9761369,Minusing
160.4544,24,2,3,0,0.7898624,0.9181961,0.4120179,7.102892,96.32355,122.1928,0.8826335,0.8947692,0.4019545,-0.09991111,0.06550366,0.9742346,Minusing
160.4657,24,2,3,0,0.7902017,0.9177079,0.4120317,7.071226,96.4014,122.1707,0.8827219,0.8951088,0.4026805,-0.0892667,0.06847443,0.9697965,Minusing
160.4797,24,2,3,0,0.7903652,0.9179466,0.4116329,7.002208,96.47192,122.2077,0.8820491,0.8960715,0.4040996,-0.07516809,0.08170082,0.958259,Minusing
160.492,24,2,3,0,0.7904722,0.9179084,0.4114047,6.961218,96.50438,122.2177,0.8816274,0.897082,0.4049578,-0.06160064,0.08609457,0.9503025,Minusing
160.5071,24,2,3,0,0.7904933,0.9181347,0.4109541,6.921092,96.53138,122.2367,0.8812595,0.8985482,0.4060406,-0.04381495,0.09327758,0.9430097,Minusing
160.5215,24,2,3,0,0.7906812,0.9180594,0.4106733,6.907628,96.56672,122.2311,0.8807316,0.900419,0.406986,-0.02173896,0.09372733,0.9319449,Minusing
160.5325,24,2,3,0,0.7908018,0.9180026,0.4105544,6.937531,96.56668,122.2253,0.8800691,0.9016102,0.407304,-0.009635004,0.09024265,0.9220579,Minusing
160.5461,24,2,3,0,0.7910839,0.9179312,0.4104137,7.009303,96.56322,122.2283,0.8791602,0.903896,0.4080892,0.01441572,0.08447154,0.9061455,Minusing
160.5574,24,2,3,0,0.7912934,0.9178129,0.4102736,7.022055,96.58113,122.2243,0.8788064,0.9057099,0.4086293,0.03392911,0.07986884,0.8972623,Minusing
160.572,24,2,3,0,0.7913271,0.9175818,0.4102692,6.979746,96.62106,122.2551,0.8779097,0.9082921,0.4093511,0.0601151,0.07149362,0.8834989,Minusing
160.5836,24,2,3,0,0.7913241,0.9173418,0.4103414,6.895426,96.65114,122.2956,0.8774509,0.9096673,0.4097786,0.07426099,0.06670903,0.8764873,Minusing
160.5977,24,2,3,0,0.7909212,0.9171767,0.4103233,6.725291,96.65621,122.3235,0.8767464,0.9120876,0.4106017,0.09823585,0.06128049,0.869444,Minusing
160.6129,24,2,3,0,0.7908844,0.9170276,0.41039,6.646864,96.6624,122.3505,0.8756325,0.9144418,0.4115368,0.121597,0.05547296,0.8546833,Minusing
160.6251,24,2,3,0,0.7911792,0.9169145,0.4103974,6.704023,96.67975,122.3757,0.8750122,0.9161868,0.41222,0.1404681,0.05059882,0.8423568,Minusing
160.6379,24,2,3,0,0.7912838,0.9169117,0.4104337,6.718424,96.69599,122.3762,0.8745053,0.9183161,0.4131848,0.1629448,0.04691113,0.8325058,Minusing
160.6499,24,2,3,0,0.7913031,0.9170262,0.4104,6.709313,96.6963,122.3483,0.8741053,0.9192867,0.4136992,0.1723612,0.04700029,0.8266369,Minusing
160.663,24,2,3,0,0.7913969,0.9172446,0.4101689,6.675554,96.71369,122.3015,0.8735445,0.9209853,0.414773,0.1905627,0.05062626,0.8167781,Minusing
160.6757,24,2,3,0,0.7913924,0.9176693,0.4098191,6.636727,96.73066,122.2528,0.8727478,0.9215994,0.4157995,0.1977911,0.06185839,0.8069967,Minusing
160.6877,24,2,3,0,0.7914307,0.9178642,0.4095882,6.618416,96.75331,122.2172,0.8716758,0.9219565,0.4167672,0.203618,0.07144497,0.7941848,Minusing
160.699,24,2,3,0,0.7916305,0.9181486,0.4092529,6.595201,96.78867,122.1676,0.87057,0.9219437,0.4176576,0.2053303,0.08389941,0.779877,Minusing
160.7128,24,2,3,0,0.791792,0.91853,0.4088913,6.55596,96.8474,122.1101,0.8688079,0.921533,0.4187974,0.2031869,0.1015471,0.7595311,Minusing
160.7255,24,2,3,0,0.7919587,0.9187852,0.4085763,6.511839,96.88702,122.0784,0.8674048,0.9206851,0.4194901,0.1961838,0.1164182,0.7437435,Minusing
160.7386,24,2,3,0,0.7919321,0.9190468,0.4083455,6.460951,96.90822,122.0563,0.866424,0.9193165,0.4199417,0.1837575,0.1313476,0.7351984,Minusing
160.7504,24,2,3,0,0.7919535,0.9192064,0.4081268,6.413379,96.90975,122.0376,0.8652846,0.9178489,0.4202893,0.170331,0.1448919,0.7247447,Minusing
160.7627,24,2,3,0,0.7917606,0.9193124,0.4080016,6.348799,96.91006,122.0344,0.8641843,0.9161992,0.4205492,0.1551145,0.1577091,0.7171966,Minusing
160.7923,24,2,3,0,0.7924001,0.9192646,0.4076667,6.241124,96.9239,122.0518,0.861434,0.9109536,0.4204178,0.1051245,0.1867103,0.6886245,Minusing
160.8469,24,2,3,0,0.791965,0.9191343,0.4080452,6.449975,96.79873,122.0596,0.8590437,0.8987375,0.4179657,-0.01533863,0.2237758,0.6866845,Minusing
160.8582,24,2,3,0,0.7916541,0.9189525,0.4082558,6.539922,96.7131,122.0821,0.8592759,0.8963882,0.4174028,-0.0366527,0.2275367,0.6960616,Minusing
160.871,24,2,3,0,0.7915293,0.9187185,0.4084926,6.661004,96.64469,122.1256,0.859379,0.8939821,0.4170482,-0.05703047,0.2327582,0.7021436,Minusing
160.8841,24,2,3,0,0.7912701,0.9185016,0.4086993,6.748866,96.60092,122.162,0.8593481,0.8919134,0.4167779,-0.07426083,0.2377165,0.7076058,Minusing
160.8979,24,2,3,0,0.790983,0.9183153,0.4088924,6.794559,96.55892,122.2059,0.8591009,0.8898162,0.4162641,-0.09390496,0.2412596,0.711401,Minusing
160.9125,24,2,3,0,0.7905238,0.9183389,0.4089871,6.730386,96.52572,122.2204,0.8589519,0.8881326,0.4159768,-0.1108697,0.2473943,0.7168594,Minusing
160.9235,24,2,3,0,0.7900814,0.9184513,0.4089228,6.620453,96.52524,122.1975,0.8591231,0.8873624,0.415996,-0.1182766,0.253787,0.723546,Minusing
160.9376,24,2,3,0,0.7898236,0.9186825,0.4086805,6.519681,96.54627,122.1405,0.8592601,0.8870167,0.4162291,-0.1212878,0.2619351,0.72717,Minusing
160.9485,24,2,3,0,0.7897583,0.9187686,0.4084992,6.520915,96.54817,122.122,0.8595637,0.887073,0.4166495,-0.1178406,0.2674123,0.7302239,Minusing
160.9624,24,2,3,0,0.7896751,0.9188122,0.4083933,6.56432,96.53101,122.1221,0.8603556,0.8876867,0.4174644,-0.1063269,0.2721561,0.7375406,Minusing
160.9748,24,2,3,0,0.7896681,0.918805,0.408232,6.633216,96.50988,122.1262,0.8609581,0.8894163,0.4184281,-0.08386726,0.2720625,0.7406839,Minusing
160.9875,24,2,3,0,0.7897009,0.9188058,0.4080544,6.682203,96.49281,122.1427,0.8617058,0.8913,0.4193659,-0.06016587,0.2713193,0.7446066,Minusing
160.9989,24,2,3,0,0.7897311,0.9187348,0.4078862,6.720093,96.48019,122.1504,0.8625541,0.8936903,0.4202957,-0.03155669,0.2674415,0.7488205,Minusing
161.0123,24,2,3,0,0.7897035,0.9186524,0.4077113,6.71922,96.47392,122.1586,0.8631931,0.8966025,0.4212593,0.0012081,0.2613154,0.7506769,Minusing
161.032,24,2,3,0,0.7896423,0.9182836,0.4075782,6.686283,96.47222,122.2107,0.8646744,0.9017876,0.4227194,0.05959671,0.2458382,0.7577168,Minusing
161.046,24,2,3,0,0.7897769,0.917968,0.4074074,6.657736,96.48634,122.2554,0.8657035,0.9065194,0.423691,0.1103038,0.2290403,0.7593454,Minusing
161.0587,24,2,3,0,0.7899297,0.917667,0.4073347,6.627673,96.50882,122.3029,0.8662353,0.910254,0.4244065,0.1496604,0.2145042,0.7573906,Minusing
161.0716,24,2,3,0,0.7898717,0.9172762,0.4073508,6.546381,96.52415,122.3719,0.8668219,0.9154638,0.4250371,0.2013505,0.1902178,0.7566068,Minusing
161.0826,24,2,3,0,0.7898352,0.9170907,0.4073508,6.485017,96.53138,122.3782,0.8668461,0.9179723,0.425277,0.2251695,0.1781818,0.7538761,Minusing
161.0972,24,2,3,0,0.789889,0.916805,0.4074031,6.431227,96.555,122.4002,0.866926,0.9229215,0.4259389,0.27289,0.1555795,0.7474292,Minusing
161.1146,24,2,3,0,0.7903764,0.9163294,0.407462,6.443187,96.60856,122.443,0.8669938,0.9278773,0.4263966,0.3214177,0.1296469,0.736232,Minusing
161.1312,24,2,3,0,0.7909966,0.915723,0.4077189,6.537662,96.65026,122.5449,0.8671139,0.9334956,0.4270759,0.3775811,0.09840794,0.7229335,Minusing
161.1464,24,2,3,0,0.7912552,0.9153909,0.4079337,6.565969,96.6465,122.596,0.8669823,0.937547,0.4274135,0.415401,0.07481601,0.713636,Minusing
161.1578,24,2,3,0,0.7914249,0.9151471,0.4080986,6.57156,96.64391,122.6276,0.8669699,0.9401138,0.4277257,0.4399681,0.06036229,0.7083303,Minusing
161.1708,24,2,3,0,0.79155,0.9149569,0.4082794,6.547756,96.6459,122.6614,0.8670802,0.9418349,0.4280191,0.4566571,0.05079318,0.7059548,Minusing
161.1824,24,2,3,0,0.7916347,0.9146434,0.4085787,6.48873,96.66428,122.7128,0.867022,0.9435896,0.4282673,0.473346,0.03915942,0.7024688,Minusing
161.1961,24,2,3,0,0.7919131,0.9145488,0.4086763,6.447611,96.67293,122.7493,0.8666275,0.9441658,0.4284585,0.4781497,0.036096,0.695042,Minusing
161.2096,24,2,3,0,0.792068,0.9144957,0.40875,6.318412,96.74188,122.7918,0.8661497,0.9452336,0.4287412,0.4869785,0.03273834,0.6876771,Minusing
161.222,24,2,3,0,0.7921982,0.9145111,0.4087572,6.227063,96.79623,122.8112,0.8650604,0.9446222,0.4287944,0.4793959,0.03709196,0.6763849,Minusing
161.2493,24,2,3,0,0.7921682,0.914803,0.4087878,6.127567,96.85489,122.8039,0.8642586,0.9433484,0.4285545,0.4627576,0.04436518,0.6710117,Minusing
161.2741,24,2,3,0,0.7925234,0.9157799,0.4082631,6.052447,96.89008,122.6355,0.8626727,0.9363791,0.4274377,0.3880193,0.08407553,0.6610306,Minusing
161.2899,24,2,3,0,0.7928044,0.9161044,0.4081254,6.122899,96.89967,122.5601,0.8599464,0.9320653,0.426937,0.3423356,0.1050878,0.6358426,Minusing
161.3105,24,2,3,0,0.7928314,0.9161801,0.4082526,6.238168,96.82938,122.5449,0.8594593,0.9255977,0.4258163,0.2795702,0.1285239,0.6392893,Minusing
161.3289,24,2,3,0,0.7929275,0.9161124,0.4084406,6.312382,96.76748,122.5695,0.8585942,0.9184383,0.4247509,0.2111481,0.1548686,0.6391239,Minusing
161.3445,24,2,3,0,0.7924793,0.9161832,0.4086468,6.262246,96.70934,122.5509,0.8579879,0.9124653,0.4239318,0.1529082,0.1787565,0.6458002,Minusing
161.3688,24,2,3,0,0.7914175,0.9165245,0.4088658,6.086537,96.61166,122.5059,0.8574088,0.9036247,0.4222885,0.06278457,0.2132028,0.6632626,Minusing
161.3879,24,2,3,0,0.7907712,0.9164641,0.4091507,6.039939,96.55488,122.5443,0.8568392,0.8966468,0.4207619,-0.006588987,0.2350814,0.6737189,Minusing
161.4009,24,2,3,0,0.7901159,0.9163351,0.4094829,6.032858,96.46661,122.6096,0.8566357,0.8914655,0.4193954,-0.05850795,0.2474504,0.6859127,Minusing
161.4115,24,2,3,0,0.7895678,0.9162301,0.4096242,6.035227,96.35851,122.6403,0.8567162,0.8878447,0.4182978,-0.09473605,0.2552113,0.6977531,Minusing
161.426,24,2,3,0,0.7890955,0.916194,0.4096972,6.085593,96.2614,122.6396,0.8567233,0.8844583,0.4172643,-0.1286525,0.2628891,0.7079006,Minusing
161.4399,24,2,3,0,0.7881055,0.9164588,0.4098451,6.198029,96.14588,122.6065,0.8566667,0.8804786,0.4156688,-0.1725513,0.2693957,0.7246735,Minusing
161.4523,24,2,3,0,0.7878735,0.9166557,0.4097208,6.282727,96.08765,122.5516,0.8566308,0.8778467,0.414374,-0.2024237,0.2734685,0.7316318,Minusing
161.463,24,2,3,0,0.7875317,0.9168661,0.409605,6.318622,96.02924,122.4918,0.8568627,0.8753116,0.4130994,-0.2315013,0.2775473,0.7420548,Minusing
161.4736,24,2,3,0,0.7872348,0.9168673,0.4097007,6.285986,95.99278,122.489,0.8569709,0.8742425,0.4121505,-0.2462379,0.2743307,0.748315,Minusing
161.4846,24,2,3,0,0.7867272,0.9168761,0.4097727,6.223833,95.94448,122.4949,0.8568665,0.8725673,0.410795,-0.2686515,0.2712764,0.7554411,Minusing
161.4967,24,2,3,0,0.7862508,0.9168283,0.4098707,6.164412,95.90325,122.5146,0.8567461,0.8709135,0.4094405,-0.2904796,0.2677003,0.7619825,Minusing
161.5094,24,2,3,0,0.7858043,0.9166402,0.4100473,6.084808,95.87345,122.5634,0.8566204,0.8698845,0.4080921,-0.3062472,0.2597542,0.7672065,Minusing
161.5226,24,2,3,0,0.7855677,0.9163408,0.4102441,6.072537,95.82924,122.611,0.8563853,0.8685855,0.4062119,-0.3261738,0.2472135,0.770396,Minusing
161.5343,24,2,3,0,0.784997,0.9162618,0.4104131,6.071146,95.79327,122.633,0.8559846,0.867934,0.4050395,-0.3381993,0.2386016,0.7741129,Minusing
161.5459,24,2,3,0,0.7847126,0.9160378,0.410515,6.100841,95.76047,122.6513,0.85624,0.8673549,0.4041277,-0.3457126,0.2315143,0.7812034,Minusing
161.5646,24,2,3,0,0.7846992,0.9161278,0.4103591,6.148763,95.73135,122.6248,0.8560528,0.8671013,0.4033979,-0.3517465,0.2275801,0.780758,Minusing
161.6102,24,2,3,0,0.7848785,0.9159228,0.4101438,6.168222,95.7789,122.6492,0.8565354,0.868277,0.4031633,-0.3389655,0.220461,0.7824656,Minusing
161.6224,24,2,3,0,0.7852063,0.9156373,0.4101806,6.034101,95.8548,122.7534,0.857317,0.8718374,0.4048248,-0.297329,0.2158731,0.7802866,Minusing
161.6328,24,2,3,0,0.7855521,0.9154254,0.4099416,5.978403,95.88173,122.7729,0.8576817,0.8737819,0.4058661,-0.2723666,0.2158406,0.776488,Minusing
161.6436,24,2,3,0,0.7857502,0.9153653,0.4097503,5.924285,95.9225,122.7855,0.8585485,0.8758704,0.4068412,-0.2470512,0.2151649,0.7794015,Minusing
161.6583,24,2,3,0,0.786149,0.9153692,0.4094142,5.874203,96.03184,122.7735,0.858968,0.87949,0.4084201,-0.2056883,0.2132709,0.7734191,Minusing
161.671,24,2,3,0,0.7865095,0.9154123,0.4091007,5.837047,96.12299,122.7675,0.8597432,0.8823557,0.4096301,-0.1725905,0.2122455,0.7727313,Minusing
161.6831,24,2,3,0,0.787052,0.9152279,0.4088355,5.783754,96.18916,122.7875,0.8598583,0.8853862,0.410798,-0.1381156,0.207897,0.7632036,Minusing
161.6946,24,2,3,0,0.7873478,0.9152539,0.4085616,5.738427,96.20361,122.7906,0.8597608,0.8887361,0.4118014,-0.1038236,0.2009339,0.7542371,Minusing
161.7063,24,2,3,0,0.7875383,0.9151938,0.4083999,5.74339,96.2134,122.8057,0.8597388,0.8923197,0.4126582,-0.06736857,0.189657,0.7472516,Minusing
161.7176,24,2,3,0,0.7876635,0.91514,0.4083079,5.793434,96.24257,122.8148,0.859541,0.896017,0.4133807,-0.03067042,0.1758654,0.7393077,Minusing
161.7289,24,2,3,0,0.7880065,0.915145,0.4081553,5.852245,96.27454,122.8035,0.8595225,0.8996205,0.4141616,0.005348507,0.1638837,0.7309332,Minusing
161.7408,24,2,3,0,0.7885223,0.9151827,0.4080175,5.867549,96.31215,122.7916,0.8594633,0.903393,0.4148927,0.04142733,0.1508949,0.7201986,Minusing
161.7603,24,2,3,0,0.7888283,0.9152815,0.4079434,5.790441,96.38074,122.7704,0.8593968,0.9099812,0.4159092,0.1017159,0.1257252,0.70829,Minusing
161.7801,24,2,3,0,0.7888036,0.9153712,0.4081059,5.679238,96.42182,122.7721,0.8595482,0.9163154,0.416849,0.1585796,0.09933016,0.7027975,Minusing
161.7925,24,2,3,0,0.7889101,0.915459,0.4081879,5.622807,96.44892,122.7679,0.8596119,0.919886,0.4174435,0.1905996,0.08524646,0.6982976,Minusing
161.8043,24,2,3,0,0.7892012,0.9155295,0.4081359,5.578134,96.49042,122.7631,0.8594108,0.923052,0.4180045,0.2194218,0.0740325,0.6895214,Minusing
161.8175,24,2,3,0,0.7898906,0.9156103,0.4080416,5.55516,96.53832,122.7311,0.8591737,0.9259501,0.4185694,0.2457197,0.06458379,0.6765385,Minusing
161.8315,24,2,3,0,0.7903494,0.9158837,0.4079672,5.576265,96.5806,122.672,0.859037,0.9291496,0.4192349,0.2742433,0.05518632,0.6665688,Minusing
161.845,24,2,3,0,0.7906903,0.9161509,0.4079695,5.61121,96.57806,122.6349,0.8589672,0.9317219,0.419854,0.2969536,0.04761544,0.6592959,Minusing
161.8566,24,2,3,0,0.7907408,0.9162791,0.4079657,5.607534,96.5754,122.6294,0.8590026,0.9327213,0.4200961,0.305644,0.04497714,0.6580124,Minusing
161.8707,24,2,3,0,0.7908627,0.9164473,0.4080577,5.533386,96.61163,122.6389,0.8590235,0.9341412,0.4205585,0.3177002,0.0420351,0.6555019,Minusing
161.8825,24,2,3,0,0.7907553,0.9166607,0.4081067,5.435126,96.64928,122.6361,0.8588511,0.9349663,0.4208912,0.3236414,0.04209538,0.654206,Minusing
161.8957,24,2,3,0,0.7906913,0.9168732,0.4080425,5.291697,96.70041,122.635,0.8585566,0.934812,0.4209445,0.3197351,0.04640536,0.6525232,Minusing
161.9082,24,2,3,0,0.7906867,0.917158,0.4079574,5.156821,96.76141,122.6182,0.8583517,0.9344624,0.4210364,0.3140329,0.05283367,0.6512198,Minusing
161.9209,24,2,3,0,0.7899648,0.917455,0.4081816,4.954535,96.83356,122.6491,0.8580132,0.9335663,0.4209853,0.301403,0.05901661,0.6570334,Minusing
161.9321,24,2,3,0,0.789959,0.9176764,0.4080957,4.930204,96.82715,122.6217,0.8578257,0.9325405,0.4208559,0.2899387,0.06560574,0.6564643,Minusing
161.9455,24,2,3,0,0.7897258,0.9179357,0.4080555,4.894149,96.78721,122.5843,0.85713,0.9306257,0.4204735,0.2682099,0.07432377,0.6543775,Minusing
161.9566,24,2,3,0,0.7899318,0.9180433,0.4078971,4.836809,96.76542,122.5575,0.8565198,0.9288075,0.4201608,0.2490481,0.08334173,0.6482427,Minusing
161.9711,24,2,3,0,0.7897407,0.9185811,0.4078248,4.792657,96.70863,122.4503,0.8557363,0.9261019,0.4197158,0.2175121,0.09767376,0.6457977,Minusing
161.984,24,2,3,0,0.789783,0.9188017,0.4077797,4.825175,96.7008,122.4128,0.8553837,0.9235882,0.41939,0.1922101,0.1098089,0.6444426,Minusing
161.996,24,2,3,0,0.7899556,0.9190095,0.4078176,4.869661,96.69277,122.3968,0.8550483,0.9210635,0.4191534,0.1669425,0.1217582,0.6419526,Minusing
162.0075,24,2,3,0,0.7898868,0.9191424,0.4077868,4.85968,96.69653,122.383,0.8548084,0.9183965,0.4189522,0.1416609,0.135578,0.6428479,Minusing
162.0209,24,2,3,0,0.7898597,0.9192941,0.4077545,4.830874,96.69608,122.3661,0.8545099,0.9157506,0.4188084,0.1163611,0.1499039,0.642669,Minusing
162.0322,24,2,3,0,0.789639,0.9193779,0.4077292,4.781407,96.68187,122.363,0.8542015,0.9129193,0.4186493,0.08993679,0.1647334,0.6444824,Minusing
162.0463,24,2,3,0,0.7893758,0.9195188,0.4075606,4.768505,96.65067,122.3309,0.853667,0.9090585,0.4184484,0.05462947,0.1858928,0.6452729,Minusing
162.0668,24,2,3,0,0.7894162,0.9198268,0.4072104,4.815853,96.64877,122.2635,0.8533336,0.9043613,0.4181713,0.01170886,0.213243,0.645749,Minusing
162.0797,24,2,3,0,0.789615,0.9200571,0.4069295,4.870677,96.66949,122.2143,0.8530441,0.9015423,0.4179511,-0.01439884,0.2299026,0.643421,Minusing
162.1023,24,2,3,0,0.7893952,0.9202352,0.4066138,4.847597,96.6791,122.1988,0.8519332,0.8959877,0.4173006,-0.0669274,0.2578028,0.6396766,Minusing
162.1351,24,2,3,0,0.7888253,0.9202592,0.4063963,4.728022,96.62458,122.2427,0.8501838,0.8882806,0.4155896,-0.1441704,0.2864674,0.6357844,Minusing
162.194,24,2,3,0,0.7881467,0.9200324,0.4063634,4.828397,96.47853,122.2638,0.8468084,0.8779883,0.410124,-0.2630034,0.2909671,0.6243169,Minusing
162.2053,24,2,3,0,0.7879518,0.9199969,0.4064534,4.893941,96.42397,122.2603,0.8456547,0.8760116,0.4086242,-0.2891529,0.286426,0.6186618,Minusing
162.217,24,2,3,0,0.7877403,0.9199576,0.4065675,4.955982,96.3689,122.2615,0.8445019,0.8741388,0.4070975,-0.3146433,0.2809305,0.6131328,Minusing
162.2401,24,2,3,0,0.7871992,0.9198361,0.4070713,4.988566,96.251,122.2679,0.8418583,0.8704987,0.4039297,-0.3675672,0.2662064,0.5994545,Minusing
162.258,24,2,3,0,0.7865847,0.9197962,0.4073738,4.936027,96.17397,122.28,0.8407297,0.8682154,0.4020346,-0.4000599,0.2589243,0.5982541,Minusing
162.2709,24,2,3,0,0.7860273,0.9198169,0.4076412,4.923554,96.11591,122.2867,0.8402829,0.8659455,0.4004886,-0.4296593,0.2554129,0.6032425,Minusing
162.2824,24,2,3,0,0.7858366,0.9198521,0.4077291,4.912447,96.10361,122.2774,0.8404121,0.864937,0.3999365,-0.44183,0.2555924,0.6079798,Minusing
162.2959,24,2,3,0,0.7853026,0.9199585,0.4079379,4.870805,96.03886,122.2544,0.8403402,0.8629246,0.3991035,-0.46582,0.2578277,0.6152062,Minusing
162.3095,24,2,3,0,0.7848873,0.9200841,0.4079731,4.825784,95.98138,122.2269,0.8401052,0.8615658,0.3986518,-0.4817896,0.2613059,0.6183697,Minusing
162.3207,24,2,3,0,0.7849492,0.9201989,0.4078631,4.805736,95.97208,122.2201,0.8400887,0.8603368,0.3984715,-0.4940856,0.2679275,0.618602,Minusing
162.3315,24,2,3,0,0.7849321,0.9203283,0.4077622,4.799531,95.97027,122.2141,0.8403689,0.8593642,0.398461,-0.5027952,0.2747816,0.6223926,Minusing
162.3454,24,2,3,0,0.7850065,0.9204369,0.4075892,4.787011,96.00081,122.216,0.8408111,0.8583655,0.3988916,-0.5085682,0.286504,0.6263061,Minusing
162.3569,24,2,3,0,0.7850575,0.9205096,0.4074592,4.772259,96.02021,122.2106,0.8413376,0.8583689,0.3994865,-0.5047467,0.2935565,0.6302586,Minusing
162.3717,24,2,3,0,0.7851561,0.9206806,0.4071381,4.741294,96.07501,122.1753,0.8423858,0.8584756,0.4007332,-0.4959022,0.3082242,0.6379302,Minusing
162.3825,24,2,3,0,0.7853602,0.9208441,0.4068615,4.711155,96.13297,122.1521,0.8432187,0.8589948,0.4019309,-0.484277,0.3198125,0.6420833,Minusing
162.3964,24,2,3,0,0.7855567,0.9210658,0.4064849,4.669644,96.18322,122.1206,0.8443552,0.8600332,0.4036185,-0.4653563,0.3341114,0.6482139,Minusing
162.408,24,2,3,0,0.7855717,0.9211579,0.4062896,4.628238,96.19006,122.1122,0.8449752,0.8610564,0.4046682,-0.4503538,0.3403731,0.6517816,Minusing
162.4211,24,2,3,0,0.7855142,0.9214612,0.4059507,4.552135,96.21964,122.0949,0.8460082,0.8628429,0.4064854,-0.4254049,0.3521293,0.6584577,Minusing
162.4328,24,2,3,0,0.7857112,0.9216831,0.4056014,4.496596,96.26482,122.0769,0.8466957,0.8646193,0.4078648,-0.4026041,0.35954,0.6596659,Minusing
162.4469,24,2,3,0,0.7861319,0.9218998,0.4051034,4.467638,96.35944,122.0661,0.8475445,0.8672537,0.4096689,-0.368822,0.367573,0.6590582,Minusing
162.4633,24,2,3,0,0.7864485,0.9220662,0.4047084,4.423823,96.45401,122.0732,0.8482717,0.8699803,0.4115586,-0.3339593,0.3748902,0.658002,Minusing
162.4745,24,2,3,0,0.7865478,0.9222132,0.4044717,4.353639,96.50766,122.0736,0.8487714,0.8719636,0.4130433,-0.3088682,0.380992,0.6579196,Minusing
162.4874,24,2,3,0,0.7866041,0.9224354,0.4042241,4.26972,96.54903,122.0496,0.8489228,0.8740212,0.4145621,-0.2842966,0.3871607,0.6546432,Minusing
162.4995,24,2,3,0,0.7868688,0.9226242,0.4040175,4.227306,96.60356,122.0102,0.8489804,0.8761638,0.4160389,-0.2591562,0.3916107,0.6486126,Minusing
162.5126,24,2,3,0,0.7870783,0.9229138,0.4039012,4.241495,96.65891,121.9708,0.849269,0.8781239,0.417695,-0.2350906,0.3982264,0.6459774,Minusing
162.5347,24,2,3,0,0.7874721,0.923589,0.4036527,4.219275,96.73245,121.887,0.8506275,0.8817611,0.4211771,-0.1889916,0.4156402,0.6486193,Minusing
162.5506,24,2,3,0,0.7878228,0.9238156,0.4035759,4.18324,96.75329,121.861,0.8514461,0.8835158,0.4234212,-0.1633799,0.4281287,0.6491014,Minusing
162.5634,24,2,3,0,0.7879941,0.9240444,0.4035752,4.152039,96.781,121.8555,0.8509416,0.8848776,0.4249058,-0.146797,0.4348943,0.6393195,Minusing
162.5836,24,2,3,0,0.7882113,0.9246153,0.4034466,4.078943,96.84145,121.7987,0.8506128,0.8864004,0.4275435,-0.1254899,0.4542184,0.6289986,Minusing
162.5976,24,2,3,0,0.7883157,0.9252125,0.4032615,4.021679,96.88234,121.7118,0.850565,0.8874568,0.429377,-0.1121149,0.469658,0.6240972,Minusing
162.6168,24,2,3,0,0.7889359,0.9256785,0.4031128,4.004771,96.93651,121.6549,0.8501304,0.888359,0.4309549,-0.1009485,0.4820547,0.6105856,Minusing
162.6399,24,2,3,0,0.7888368,0.9258311,0.4034331,4.066875,96.96235,121.702,0.8503395,0.889065,0.431973,-0.09101948,0.4853124,0.6126432,Minusing
162.6552,24,2,3,0,0.7888328,0.9259961,0.4034921,4.075194,96.95238,121.7016,0.8503144,0.8895101,0.43207,-0.08839866,0.4839933,0.6122916,Minusing
162.6683,24,2,3,0,0.7885186,0.9261196,0.4035623,4.085719,96.93155,121.6779,0.8496088,0.8896747,0.431244,-0.09344419,0.475465,0.6096025,Minusing
162.6834,24,2,3,0,0.788175,0.9263924,0.403623,4.141437,96.87943,121.6126,0.848664,0.8899375,0.4298038,-0.1024422,0.4612247,0.6060072,Minusing
162.6963,24,2,3,0,0.7877306,0.9265431,0.4037684,4.216462,96.81241,121.5754,0.8481023,0.8902165,0.4283087,-0.1100098,0.4451551,0.6075323,Minusing
162.7094,24,2,3,0,0.787392,0.9266187,0.4040614,4.292354,96.71027,121.5551,0.8473421,0.890371,0.4262625,-0.1220652,0.4228012,0.6069961,Minusing
162.7222,24,2,3,0,0.7867391,0.9264154,0.4045346,4.359105,96.57688,121.5916,0.8465801,0.8903107,0.4243896,-0.133035,0.4001388,0.6095812,Minusing
162.7377,24,2,3,0,0.786046,0.926084,0.405257,4.429344,96.43224,121.6566,0.845588,0.8901189,0.421852,-0.1489432,0.3694195,0.6112402,Minusing
162.7498,24,2,3,0,0.7856318,0.9258391,0.4057104,4.507618,96.33228,121.6913,0.8449471,0.8899613,0.4198042,-0.1611835,0.345902,0.6125312,Minusing
162.7631,24,2,3,0,0.7852129,0.9256025,0.4061508,4.588455,96.2375,121.7132,0.8442758,0.8896431,0.4176204,-0.175621,0.3222139,0.6137394,Minusing
162.7775,24,2,3,0,0.7851225,0.9251989,0.4066444,4.678144,96.10213,121.7449,0.8433874,0.8892255,0.4147797,-0.1940072,0.2913761,0.6102113,Minusing
162.791,24,2,3,0,0.7844549,0.9248357,0.4072332,4.760563,95.94776,121.7898,0.8421704,0.8889379,0.4117413,-0.2129965,0.2576092,0.60926,Minusing
162.8448,24,2,3,0,0.782693,0.9239896,0.4083227,4.789258,95.62338,121.9149,0.83991,0.8883983,0.4059321,-0.2483875,0.1934888,0.6115795,Minusing
162.8636,24,2,3,0,0.7794616,0.9224777,0.4097385,4.461136,95.21011,122.2347,0.8366191,0.8876792,0.3968469,-0.3020072,0.09819853,0.6184648,Minusing
162.8833,24,2,3,0,0.7782712,0.9220839,0.410203,4.353252,95.05117,122.295,0.8349824,0.8872227,0.3928958,-0.3285424,0.05985165,0.6171471,Minusing
162.8971,24,2,3,0,0.7776589,0.9218581,0.4104431,4.371263,94.9503,122.331,0.8336651,0.8868303,0.3898162,-0.3489939,0.0311283,0.6129231,Minusing
162.9121,24,2,3,0,0.7772304,0.921816,0.4105521,4.445631,94.86913,122.3285,0.8322929,0.8864136,0.3868512,-0.3696034,0.005224155,0.6064865,Minusing
162.9252,24,2,3,0,0.7768151,0.9218006,0.4106485,4.454164,94.78579,122.3289,0.8321503,0.8861956,0.3846768,-0.3836515,-0.01392682,0.6111037,Minusing
162.9382,24,2,3,0,0.7761657,0.9218526,0.4107684,4.410472,94.68409,122.3317,0.8312731,0.8858123,0.3825874,-0.4005132,-0.03127435,0.6103449,Minusing
162.9589,24,2,3,0,0.7755905,0.9216373,0.4111502,4.409247,94.60755,122.3875,0.8294732,0.8848541,0.3783921,-0.4334075,-0.06726778,0.6019216,Minusing
162.9707,24,2,3,0,0.7752562,0.9217679,0.4112852,4.383189,94.57247,122.4052,0.8285598,0.8842432,0.3763442,-0.452642,-0.08220655,0.5980721,Minusing
162.9821,24,2,3,0,0.7749091,0.9218133,0.4114217,4.361861,94.52705,122.4173,0.8276668,0.8836724,0.3743286,-0.4706122,-0.09769303,0.5943695,Minusing
162.9954,24,2,3,0,0.7744269,0.9218547,0.4115891,4.325029,94.48996,122.408,0.8269036,0.8829144,0.3724759,-0.4892048,-0.1109936,0.5933052,Minusing
163.0169,24,2,3,0,0.7746698,0.9220684,0.4115499,4.376553,94.46375,122.3736,0.8258743,0.8819755,0.369519,-0.5158539,-0.1309887,0.5837669,Minusing
163.0355,24,2,3,0,0.7744266,0.9224761,0.4115472,4.384386,94.40405,122.3196,0.8245021,0.8809307,0.3666828,-0.5449632,-0.1488148,0.5753099,Minusing
163.0548,24,2,3,0,0.7739677,0.9229732,0.4114161,4.399845,94.32481,122.2636,0.8223921,0.8798764,0.3638833,-0.5745949,-0.1650431,0.5613505,Minusing
163.0679,24,2,3,0,0.7738169,0.9233131,0.4113214,4.406281,94.28729,122.2368,0.8220078,0.8793592,0.3622904,-0.5903465,-0.173968,0.5605466,Minusing
163.0836,24,2,3,0,0.7736124,0.9237373,0.4111681,4.420349,94.24077,122.1692,0.8198453,0.878176,0.3599609,-0.6178843,-0.1856227,0.5433116,Minusing
163.1104,24,2,3,0,0.7736716,0.924246,0.4109706,4.391018,94.28667,122.0618,0.8181964,0.8770173,0.3585133,-0.6404107,-0.188513,0.5284096,Minusing
163.1241,24,2,3,0,0.7736614,0.9245464,0.4107034,4.323022,94.33901,122.0416,0.8172872,0.8765571,0.3580533,-0.6491489,-0.1858285,0.5199524,Minusing
163.1377,24,2,3,0,0.7736865,0.9246024,0.4105927,4.236064,94.38461,122.0567,0.8168408,0.8764108,0.3580214,-0.6514558,-0.1832778,0.5149732,Minusing
163.1496,24,2,3,0,0.7735178,0.9245386,0.4105177,4.160851,94.40954,122.0464,0.8166142,0.8763884,0.3582326,-0.6500431,-0.180631,0.513751,Minusing
163.1624,24,2,3,0,0.7736434,0.9246882,0.4101626,4.110465,94.44975,122.0302,0.8177257,0.8767461,0.359229,-0.6401314,-0.169452,0.5224819,Minusing
163.1744,24,2,3,0,0.7739055,0.9247839,0.4099105,4.099755,94.49301,122.0219,0.8180739,0.8771999,0.3604886,-0.6287144,-0.1580198,0.5221681,Minusing
163.1871,24,2,3,0,0.7747499,0.924786,0.4094857,4.134313,94.55956,122.0031,0.8194045,0.8778661,0.3618918,-0.6120575,-0.1455463,0.5259449,Minusing
163.1981,24,2,3,0,0.7750665,0.9249313,0.4090849,4.121793,94.61426,121.9734,0.8201428,0.8786996,0.3637218,-0.5935186,-0.1296843,0.5282205,Minusing
163.2118,24,2,3,0,0.7750865,0.925284,0.408673,4.089016,94.67387,121.9374,0.8205839,0.8796645,0.3656644,-0.5751171,-0.1122472,0.5302853,Minusing
163.2245,24,2,3,0,0.7753255,0.9255042,0.4081285,4.022251,94.7593,121.8932,0.8213285,0.8812575,0.368588,-0.5442788,-0.08891701,0.5315958,Minusing
163.2475,24,2,3,0,0.7757093,0.9256558,0.4074934,3.981481,94.84461,121.9016,0.8237108,0.8840557,0.3729539,-0.4926009,-0.0582239,0.5459324,Minusing
163.2624,24,2,3,0,0.7760851,0.9257412,0.4069833,3.960731,94.86273,121.9088,0.8273225,0.8866796,0.3763359,-0.446629,-0.03669526,0.5735571,Minusing
163.314,24,2,3,0,0.7763882,0.9262806,0.4055842,3.971265,94.99187,121.7675,0.8339055,0.8953446,0.3871712,-0.3039391,0.02815829,0.6213185,Minusing
163.3295,24,2,3,0,0.7763697,0.9263904,0.405332,3.935476,95.02003,121.7122,0.8361773,0.8982424,0.3905548,-0.2583308,0.04585171,0.6392452,Minusing
163.3466,24,2,3,0,0.776251,0.9265922,0.4050325,3.861318,95.03181,121.6549,0.8389522,0.9018989,0.3945395,-0.2034062,0.06604273,0.6620905,Minusing
163.3641,24,2,3,0,0.7764668,0.9269771,0.4045801,3.80386,95.06794,121.6212,0.8407791,0.9050109,0.3975083,-0.1604164,0.0824404,0.6733272,Minusing
163.3786,24,2,3,0,0.7764193,0.9271215,0.404382,3.682961,95.14513,121.5997,0.8429754,0.9081823,0.4004345,-0.1161412,0.09585013,0.6908798,Minusing
163.3912,24,2,3,0,0.7760458,0.9273531,0.4041831,3.539481,95.16763,121.563,0.8433799,0.9108764,0.4022,-0.08503051,0.1012022,0.6950327,Minusing
163.404,24,2,3,0,0.7759441,0.9275466,0.40392,3.405134,95.23022,121.5247,0.8448875,0.9144483,0.4048062,-0.04005277,0.110347,0.7063003,Minusing
163.4155,24,2,3,0,0.7761503,0.9275805,0.403839,3.394137,95.27084,121.4761,0.8456966,0.9164818,0.4058689,-0.01602059,0.1104101,0.710066,Minusing
163.4289,24,2,3,0,0.776431,0.9275026,0.4033749,3.401516,95.36472,121.3809,0.8473403,0.9205323,0.4081542,0.03614753,0.1140371,0.7186381,Minusing
163.4423,24,2,3,0,0.7767645,0.9277021,0.4029761,3.403326,95.45012,121.3064,0.8485811,0.9237885,0.4096229,0.07384931,0.1155407,0.7240061,Minusing
163.454,24,2,3,0,0.7766666,0.927896,0.4027956,3.3879,95.54032,121.2467,0.8494321,0.927135,0.4110449,0.1109228,0.1145073,0.7299326,Minusing
163.4652,24,2,3,0,0.7767729,0.9279701,0.4025106,3.334935,95.62261,121.207,0.8501451,0.9304298,0.4122654,0.1473184,0.1122953,0.7324767,Minusing
163.4799,24,2,3,0,0.7767776,0.9279277,0.4022125,3.246748,95.71882,121.1845,0.8503496,0.9346303,0.4138135,0.1937227,0.1078262,0.7299899,Minusing
163.491,24,2,3,0,0.77696,0.9278924,0.4019705,3.201458,95.79625,121.1665,0.8502936,0.9375482,0.4149226,0.2262232,0.1051098,0.724328,Minusing
163.5037,24,2,3,0,0.7771779,0.9278809,0.4015749,3.178696,95.8677,121.1186,0.8501822,0.940308,0.4161428,0.2585734,0.105534,0.7175386,Minusing
163.5148,24,2,3,0,0.7777059,0.9278587,0.401213,3.22902,95.94867,121.0553,0.8500002,0.942864,0.4171829,0.2885392,0.1046306,0.7069197,Minusing
163.5287,24,2,3,0,0.7787089,0.9278653,0.4007493,3.352206,96.10417,120.9829,0.8501914,0.9464052,0.4186781,0.3307961,0.1039615,0.6934031,Minusing
163.541,24,2,3,0,0.7795022,0.9277867,0.4004368,3.43354,96.24199,120.9344,0.8504097,0.948885,0.4198446,0.3617388,0.1043649,0.6834299,Minusing
163.5546,24,2,3,0,0.7803698,0.9276867,0.4001516,3.46037,96.41092,120.8705,0.8501368,0.9513454,0.4209839,0.3913489,0.1047053,0.667758,Minusing
163.5659,24,2,3,0,0.7810065,0.927646,0.3998685,3.473048,96.55727,120.7983,0.849776,0.9537575,0.4221591,0.4200107,0.10592,0.6536496,Minusing
163.5791,24,2,3,0,0.7832752,0.9276384,0.3991628,3.453683,96.69604,120.6982,0.8490652,0.956121,0.4231695,0.446587,0.108754,0.6193822,Minusing
163.5911,24,2,3,0,0.7841189,0.9275867,0.3988266,3.410214,96.88871,120.6161,0.8485598,0.9585536,0.4241599,0.4740548,0.1092317,0.6017802,Minusing
163.6049,24,2,3,0,0.7831809,0.9274359,0.3989871,3.302047,96.99622,120.608,0.8482404,0.9617031,0.4254754,0.5091388,0.1043705,0.6046966,Minusing
163.6165,24,2,3,0,0.7833732,0.927108,0.3989933,3.168567,97.098,120.6395,0.8480624,0.9640718,0.426481,0.5368329,0.1002297,0.5984491,Minusing
163.6291,24,2,3,0,0.7836179,0.9266983,0.3989669,3.076188,97.19178,120.6687,0.8478268,0.9665798,0.4273655,0.5662219,0.09374291,0.5909088,Minusing
163.6405,24,2,3,0,0.7839642,0.9261985,0.3990665,3.078712,97.22423,120.7501,0.8478326,0.9690721,0.4282092,0.5961643,0.08386178,0.5846469,Minusing
163.6545,24,2,3,0,0.7845363,0.9257981,0.3989303,3.150381,97.27719,120.8094,0.847441,0.972375,0.4293465,0.6349746,0.07436238,0.5702537,Minusing
163.6656,24,2,3,0,0.7850525,0.9255821,0.398766,3.273221,97.30083,120.8183,0.847098,0.9748077,0.4300984,0.6630168,0.06732817,0.5575949,Minusing
163.6791,24,2,3,0,0.7857521,0.9255028,0.3985419,3.392421,97.35174,120.8026,0.8465477,0.9771202,0.4308492,0.6886716,0.06239483,0.5407895,Minusing
163.6905,24,2,3,0,0.7863675,0.9252788,0.3984501,3.462098,97.41679,120.8239,0.8458894,0.9793002,0.4315703,0.7132225,0.0558839,0.524237,Minusing
163.705,24,2,3,0,0.7867847,0.9251199,0.3984064,3.46337,97.51018,120.8465,0.8452629,0.9822569,0.4324741,0.7445115,0.0475308,0.5098323,Minusing
163.7168,24,2,3,0,0.7868069,0.9249936,0.3983985,3.376871,97.55607,120.8682,0.8449545,0.9844703,0.4330625,0.7671864,0.04072465,0.5048795,Minusing
163.7294,24,2,3,0,0.7869557,0.9248853,0.3984354,3.334608,97.58384,120.8825,0.8442773,0.9866744,0.4336985,0.7892934,0.03338621,0.4946264,Minusing
163.7404,24,2,3,0,0.7870041,0.924779,0.3984377,3.297646,97.60014,120.9021,0.8439897,0.9888393,0.4342666,0.8114521,0.02617668,0.4894421,Minusing
163.7537,24,2,3,0,0.7874979,0.9246538,0.3983709,3.328302,97.62589,120.9165,0.8436497,0.9908442,0.4347514,0.8322356,0.01899193,0.4784554,Minusing
163.7662,24,2,3,0,0.788098,0.9248983,0.3981829,3.38867,97.63355,120.9207,0.8432309,0.992843,0.4351509,0.8498091,0.01380011,0.4655162,Minusing
163.7802,24,2,3,0,0.7884423,0.9250309,0.3980169,3.465889,97.64659,120.8932,0.842885,0.995195,0.435673,0.8724691,0.007798379,0.4551736,Minusing
163.7955,24,2,3,0,0.788397,0.9251184,0.3978828,3.464155,97.64663,120.8332,0.8424078,0.9972796,0.4362405,0.8929705,0.004049195,0.4486555,Minusing
163.8074,24,2,3,0,0.7881365,0.9250964,0.3979588,3.447323,97.66454,120.8149,0.8421333,0.9988349,0.436648,0.908399,-0.0008104167,0.4471778,Minusing
163.8215,24,2,3,0,0.7880502,0.9252058,0.3979794,3.436686,97.66803,120.7969,0.8417567,0.9998993,0.4369432,0.9177436,-0.003287881,0.4434067,Minusing
163.8325,24,2,3,0,0.7881696,0.9252959,0.3978263,3.43521,97.66954,120.7808,0.8413794,1.000924,0.4371652,0.9272275,-0.005035575,0.437321,Minusing
163.8487,24,2,3,0,0.7882736,0.9253765,0.3977957,3.426826,97.67389,120.7499,0.8413704,1.002161,0.4374354,0.9387117,-0.007965221,0.4351474,Minusing
163.8641,24,2,3,0,0.7882282,0.9255353,0.3977506,3.42608,97.68073,120.7235,0.8415601,1.003323,0.437512,0.948423,-0.01142906,0.4366967,Minusing
163.8789,24,2,3,0,0.78762,0.9258795,0.3976964,3.402873,97.66205,120.6838,0.8422667,1.004129,0.4373792,0.9534391,-0.01277292,0.4502813,Minusing
163.8909,24,2,3,0,0.787214,0.9261898,0.3975307,3.349068,97.61929,120.6236,0.8445686,1.004621,0.437402,0.958708,-0.008842792,0.4783843,Minusing
163.9044,24,2,3,0,0.7867398,0.9265994,0.3974222,3.295753,97.60072,120.5355,0.845952,1.004643,0.437152,0.9563457,-0.004917721,0.4984813,Minusing
163.9174,24,2,3,0,0.7864066,0.9269179,0.3972921,3.250566,97.5832,120.4794,0.8473229,1.004378,0.4371135,0.9532873,0.00136411,0.5167001,Minusing
163.9295,24,2,3,0,0.7861049,0.927315,0.3970978,3.20181,97.57504,120.4172,0.8490866,1.004018,0.4372038,0.9500618,0.01075824,0.5383708,Minusing
163.9432,24,2,3,0,0.7858346,0.9278178,0.3968389,3.178298,97.55802,120.2831,0.850996,1.00352,0.437127,0.9444066,0.02158797,0.5611832,Minusing
163.9542,24,2,3,0,0.7858777,0.928213,0.3964898,3.200768,97.54715,120.1659,0.8514205,1.003054,0.4368701,0.9378242,0.02885413,0.5651778,Minusing
163.9656,24,2,3,0,0.7858396,0.9287855,0.3961439,3.223842,97.55049,120,0.8535841,1.002266,0.4366044,0.9289052,0.04105416,0.5877342,Minusing
163.979,24,2,3,0,0.7857043,0.9296126,0.3954925,3.243181,97.53529,119.7153,0.8563908,1.001383,0.4360453,0.917529,0.05745392,0.6181732,Minusing
163.9915,24,2,3,0,0.7855031,0.9303034,0.3948435,3.226589,97.49859,119.4117,0.8585119,1.000481,0.4352705,0.9047846,0.07092302,0.6432519,MinusEnd
164.0058,24,2,3,0,0.7848915,0.9312054,0.3940214,3.148661,97.39462,119.0253,0.8601325,0.9998174,0.4341975,0.8903077,0.08380561,0.6689464,Nothing
164.0145,24,2,3,0,0.7841008,0.9321012,0.3931615,3.034709,97.27428,118.6494,0.8612589,0.9991402,0.4328231,0.8734655,0.09372892,0.6923571,Nothing
164.0291,24,2,3,0,0.7829677,0.9335478,0.3917958,2.833194,97.16104,118.1512,0.8625378,0.9981954,0.4305487,0.8465653,0.106671,0.7226232,Nothing
164.0385,24,2,3,0,0.7825964,0.9340089,0.391211,2.731599,97.1517,117.8981,0.8626384,0.9977947,0.4292056,0.8340678,0.1086256,0.7300897,Nothing
164.0456,24,2,3,0,0.7826196,0.9341291,0.3909796,2.683815,97.18417,117.7019,0.8632391,0.9974509,0.4277759,0.8241652,0.1041041,0.7379748,Nothing
164.0553,24,2,3,0,0.7828216,0.933858,0.3909081,2.691288,97.32292,117.6457,0.8631154,0.9972956,0.4259879,0.8177086,0.09025475,0.735616,Nothing
164.0625,24,2,3,0,0.7830793,0.9336873,0.3908146,2.693047,97.40353,117.5424,0.8629062,0.997207,0.424203,0.810478,0.07664024,0.7324117,Nothing
164.0707,24,2,3,0,0.7837728,0.9332335,0.3909197,2.768161,97.57449,117.5842,0.8630001,0.9969832,0.4225551,0.8057179,0.06022311,0.7263769,Nothing
164.0792,24,2,3,0,0.7844852,0.9326754,0.3910501,2.845436,97.74304,117.6551,0.8633572,0.9969211,0.4205553,0.8018645,0.03893808,0.7232816,Nothing
164.0899,24,2,3,0,0.7849303,0.9317766,0.39129,2.858819,97.91157,117.7519,0.8634874,0.9966933,0.4176883,0.7943386,0.008114732,0.7227579,Nothing
164.1136,24,2,3,0,0.7848927,0.93018,0.3914044,2.621098,98.0873,117.9109,0.862898,0.996363,0.4124655,0.7786256,-0.04503012,0.7259881,Nothing
164.129,24,2,3,0,0.7845607,0.9287298,0.3914958,2.229826,98.24824,117.9897,0.8623576,0.9961102,0.4071289,0.7602543,-0.09636958,0.7352605,Nothing
164.139,24,2,3,0,0.7844027,0.9279832,0.3915026,1.975325,98.36361,118.0293,0.8618266,0.9961523,0.4036227,0.7482213,-0.129583,0.7390573,Nothing
164.1538,24,2,3,0,0.7846093,0.927217,0.3915145,1.735113,98.53067,118.0623,0.8612743,0.9963681,0.3987821,0.7316929,-0.175501,0.7407646,Nothing
164.1626,24,2,3,0,0.7846926,0.9270787,0.39157,1.626645,98.60574,118.0585,0.8612323,0.9965473,0.3962762,0.72161,-0.1984356,0.7444475,Nothing
164.1709,24,2,3,0,0.7848813,0.9268723,0.39126,1.539749,98.67829,117.9977,0.8607588,0.9966974,0.3938952,0.714116,-0.2172852,0.7417575,Nothing
164.18,24,2,3,0,0.7851061,0.9267687,0.3908753,1.479939,98.75315,117.9095,0.8604471,0.9967759,0.3915556,0.7061973,-0.2339377,0.7399114,Nothing
164.188,24,2,3,0,0.7854868,0.9268711,0.3904421,1.459183,98.84101,117.8077,0.8605967,0.9967963,0.3892518,0.6972203,-0.2481439,0.7406123,Nothing
164.1952,24,2,3,0,0.7859167,0.9275914,0.3894044,1.451716,98.94903,117.6298,0.8612511,0.9966689,0.3871246,0.6860651,-0.2501116,0.7447155,Nothing
164.2041,24,2,3,0,0.7863408,0.9275091,0.3890931,1.415487,99.08392,117.4597,0.8609616,0.9966742,0.3851768,0.6797702,-0.2622691,0.74037,Nothing
164.2119,24,2,3,0,0.7868559,0.9279162,0.388235,1.354307,99.27243,117.2198,0.8607262,0.9965307,0.3832978,0.6709108,-0.2644443,0.7351288,Nothing
164.2206,24,2,3,0,0.7874982,0.9281445,0.3872686,1.255146,99.49874,116.9434,0.8603483,0.9961445,0.3806113,0.6580315,-0.2720245,0.7288516,Nothing
164.2295,24,2,3,0,0.7878045,0.928571,0.3863905,1.125307,99.69764,116.731,0.8600411,0.9960378,0.3789443,0.6497318,-0.2720692,0.7255543,Nothing
164.2381,24,2,3,0,0.7881347,0.9289013,0.3856543,0.9812524,99.8891,116.5158,0.8596688,0.9960198,0.3774269,0.6428952,-0.2730984,0.7215197,Nothing
164.2451,24,2,3,0,0.7883832,0.9292575,0.384938,0.8666628,100.0724,116.3309,0.8595374,0.9959672,0.3757465,0.6351556,-0.2757012,0.7207398,Nothing
164.2548,24,2,3,0,0.7886871,0.9295375,0.3842391,0.7184216,100.2523,116.1439,0.8591083,0.9961069,0.3742201,0.6297874,-0.2787308,0.7165777,Nothing
164.263,24,2,3,0,0.7891907,0.9296564,0.3836191,0.606761,100.4369,115.9389,0.8587223,0.996186,0.3725845,0.6249368,-0.2841952,0.7107813,Nothing
164.2711,24,2,3,0,0.7898613,0.9299823,0.382645,0.4448769,100.7307,115.6804,0.857725,0.9964077,0.3702282,0.6175614,-0.2920159,0.698533,Nothing
164.2791,24,2,3,0,0.7904679,0.930001,0.3820679,0.3691726,100.9356,115.5376,0.8571879,0.9966679,0.3687341,0.6157925,-0.2991256,0.6897169,Nothing
164.2872,24,2,3,0,0.790974,0.9301167,0.3814898,0.3033404,101.1084,115.3939,0.8569098,0.9970025,0.3675454,0.6154246,-0.3032072,0.6838508,Nothing
164.2951,24,2,3,0,0.7916788,0.9300111,0.3811399,0.2772146,101.2811,115.3359,0.8563849,0.9973392,0.3662548,0.6152914,-0.3132121,0.6737448,Nothing
164.3044,24,2,3,0,0.7924567,0.9296933,0.3808581,0.3154744,101.3913,115.334,0.855395,0.9975536,0.3649827,0.6153328,-0.3266635,0.6576064,Nothing
164.3117,24,2,3,0,0.7931662,0.9294589,0.3805884,0.3467486,101.4899,115.3184,0.8548564,0.9979569,0.3639723,0.6178022,-0.3373612,0.6462685,Nothing
164.3207,24,2,3,0,0.7938418,0.9292329,0.3802452,0.3879218,101.5689,115.2795,0.854537,0.9983787,0.3628827,0.6207042,-0.3477123,0.6373565,Nothing
164.3283,24,2,3,0,0.7945693,0.9291475,0.3798245,0.4075489,101.6696,115.2181,0.8537546,0.9986833,0.3619395,0.6217127,-0.3553136,0.6231648,Nothing
164.3371,24,2,3,0,0.7952384,0.9290334,0.3792429,0.4754259,101.7417,115.145,0.8533422,0.9990401,0.3610453,0.6251615,-0.3609832,0.6121948,Nothing
164.346,24,2,3,0,0.7964221,0.9291358,0.3783021,0.5110979,101.9196,115.0116,0.8522509,0.9995684,0.3598276,0.6277215,-0.3665516,0.5897713,Nothing
164.3537,24,2,3,0,0.7972208,0.9292068,0.3776841,0.5482045,102.0753,114.8958,0.8517229,0.9998443,0.3591832,0.6299698,-0.367607,0.5762838,Nothing
164.3622,24,2,3,0,0.7973852,0.9290911,0.3777647,0.5258602,102.1866,114.8274,0.8512892,1.000046,0.3586682,0.6305426,-0.3736309,0.5719871,Nothing
164.3707,24,2,3,0,0.7978917,0.9291633,0.3773631,0.4405157,102.4006,114.7261,0.8506967,1.000276,0.3582206,0.6315235,-0.3734402,0.5624857,Nothing
164.3785,24,2,3,0,0.7984241,0.9292482,0.3769594,0.3871944,102.5751,114.6269,0.8502142,1.000442,0.3578854,0.632452,-0.3722999,0.5531263,Nothing
164.3871,24,2,3,0,0.7986526,0.9292751,0.3765929,0.2715437,102.7145,114.5291,0.8496984,1.000752,0.3575634,0.6347162,-0.3718231,0.5472583,Nothing
164.3959,24,2,3,0,0.7988844,0.9293416,0.376,0.115251,102.8832,114.3982,0.8490157,1.001204,0.3569838,0.6376365,-0.3716689,0.5403378,Nothing
164.405,24,2,3,0,0.799151,0.9293029,0.3757015,0.04144218,102.9575,114.341,0.8485975,1.001649,0.3565657,0.641015,-0.3746471,0.5348414,Nothing
164.4126,24,2,3,0,0.7993566,0.9292601,0.3754305,359.9925,103.0166,114.2958,0.8481895,1.002221,0.3560809,0.6453798,-0.3792503,0.5299457,Nothing
164.4203,24,2,3,0,0.7996607,0.929401,0.3750466,359.9587,103.113,114.2336,0.847922,1.002785,0.3554919,0.6484393,-0.3824489,0.5253158,Nothing
164.4288,24,2,3,0,0.8001956,0.9293084,0.3747689,359.9728,103.1605,114.2202,0.8475364,1.003489,0.3548854,0.6540163,-0.3902158,0.5168231,Nothing
164.4379,24,2,3,0,0.8005259,0.9295307,0.3743947,359.9796,103.2316,114.1666,0.8471334,1.004263,0.3541768,0.6577818,-0.3959431,0.5103416,Nothing
164.4453,24,2,3,0,0.8007306,0.929585,0.3740668,359.9438,103.2891,114.1168,0.8485337,1.004955,0.3532462,0.6626708,-0.4003299,0.5242017,Nothing
164.4542,24,2,3,0,0.8014672,0.9298943,0.3738389,359.987,103.4257,114.0708,0.8481694,1.005625,0.3526458,0.6646473,-0.4060752,0.5138038,Nothing
164.4626,24,2,3,0,0.8021358,0.9297017,0.3736277,0.03512938,103.5784,114.0498,0.8477274,1.006308,0.3520668,0.6713301,-0.414153,0.5032805,Nothing
164.4722,24,2,3,0,0.80316,0.9297556,0.3733122,0.09449229,103.8354,114.0284,0.847024,1.007177,0.3514489,0.677517,-0.422013,0.4865464,Nothing
164.4884,24,2,3,0,0.8041342,0.9297347,0.3727792,0.05966172,104.0699,113.953,0.8462777,1.008325,0.3507311,0.6870204,-0.4295791,0.470891,Nothing
164.497,24,2,3,0,0.8043566,0.9299189,0.3725001,0.02016443,104.1496,113.8786,0.8459088,1.008793,0.3504916,0.689751,-0.4301143,0.4656526,Nothing
164.5133,24,2,3,0,0.8049141,0.9301759,0.3719053,359.8787,104.292,113.7185,0.8452008,1.009888,0.3502353,0.698279,-0.4299673,0.4545757,Nothing
164.5291,24,2,3,0,0.8053977,0.9304808,0.3714413,359.849,104.4,113.6306,0.8446561,1.010475,0.3503246,0.7028772,-0.426566,0.4436508,Nothing
164.5377,24,2,3,0,0.8056713,0.930723,0.3711499,359.876,104.4649,113.6055,0.8442893,1.010683,0.3504713,0.7042329,-0.423283,0.4359468,Nothing
164.5466,24,2,3,0,0.8062952,0.9307286,0.3710078,359.9364,104.5276,113.6096,0.8433514,1.010917,0.3508525,0.707432,-0.4229475,0.418442,Nothing
164.5558,24,2,3,0,0.8066967,0.9308431,0.3708225,359.9749,104.5868,113.5903,0.8430487,1.011051,0.3511683,0.7094414,-0.4196298,0.4097604,Nothing
164.5713,24,2,3,0,0.8075853,0.9313307,0.3702925,0.1211916,104.671,113.51,0.8421535,1.011124,0.351901,0.7104475,-0.4095962,0.3869596,Nothing
164.5794,24,2,3,0,0.8082297,0.9316561,0.3698651,0.21871,104.736,113.4443,0.8395976,1.010643,0.3528268,0.7060238,-0.4006802,0.3506206,Nothing
164.5877,24,2,3,0,0.808457,0.9318873,0.3696268,0.2793234,104.7609,113.3869,0.8388487,1.010481,0.3533271,0.7049821,-0.3940067,0.3382741,Nothing
164.5951,24,2,3,0,0.8088087,0.932119,0.3693666,0.3256925,104.8084,113.3397,0.8382154,1.01042,0.3537375,0.7044716,-0.3883496,0.3262447,Nothing
164.605,24,2,3,0,0.8091863,0.9324194,0.3692142,0.3519209,104.873,113.2993,0.8375219,1.010618,0.3541776,0.7052083,-0.3843398,0.3138604,Nothing
164.6116,24,2,3,0,0.8094778,0.9325107,0.3690087,0.3178752,104.9312,113.2679,0.8377991,1.010229,0.3544059,0.7025391,-0.377747,0.3131564,Nothing
164.6216,24,2,3,0,0.8096815,0.9327615,0.3688031,0.297772,104.9862,113.2325,0.8372661,1.010278,0.354945,0.7029788,-0.3711985,0.3042871,Nothing
164.6288,24,2,3,0,0.8097951,0.9329103,0.3686604,0.2680586,105.0212,113.2189,0.8367649,1.010124,0.3553027,0.7014309,-0.3665284,0.2973717,Nothing
164.6377,24,2,3,0,0.8099495,0.9330543,0.3685179,0.2473885,105.0594,113.2072,0.8361699,1.010093,0.355614,0.7007891,-0.3631576,0.2891188,Nothing
164.6463,24,2,3,0,0.8101385,0.9331827,0.368294,0.1952994,105.0818,113.2342,0.8352079,1.009912,0.3562501,0.6996237,-0.3570411,0.2762471,Nothing
164.6543,24,2,3,0,0.8102136,0.9332676,0.3681613,0.1742247,105.0978,113.2358,0.8347124,1.009871,0.3566416,0.6997809,-0.35308,0.2695397,Nothing
164.6619,24,2,3,0,0.8104022,0.9334921,0.3679592,0.1718564,105.1254,113.2264,0.8341944,1.010059,0.3572669,0.7019873,-0.3469228,0.2604354,Nothing
164.6709,24,2,3,0,0.8108934,0.9334517,0.3677603,0.2348072,105.12,113.205,0.8338767,1.01002,0.3578666,0.7045972,-0.3415376,0.2494803,Nothing
164.679,24,2,3,0,0.8112131,0.9336341,0.3674493,0.3017745,105.1454,113.1754,0.8330815,1.010177,0.3581705,0.7059997,-0.3382201,0.2359649,Nothing
164.6875,24,2,3,0,0.8113878,0.9337605,0.3672415,0.3662663,105.1587,113.1416,0.8329592,1.010133,0.3587827,0.7077008,-0.3304668,0.2299912,Nothing
164.6958,24,2,3,0,0.8116999,0.933983,0.3669344,0.4334104,105.1906,113.1078,0.8326504,1.010072,0.3593462,0.7081882,-0.3225178,0.2206734,Nothing
164.7043,24,2,3,0,0.8118916,0.9341719,0.3666693,0.4842286,105.2028,113.0814,0.8323016,1.009786,0.3599029,0.7066239,-0.3141859,0.2125077,Nothing
164.7125,24,2,3,0,0.8122357,0.9343142,0.3664025,0.5520568,105.248,113.0666,0.8318245,1.009561,0.3608097,0.7071165,-0.3038308,0.2004075,Nothing
164.7213,24,2,3,0,0.8124366,0.9343604,0.3662267,0.5891911,105.2762,113.0644,0.8314422,1.009076,0.3615733,0.7052351,-0.2945418,0.1917003,Nothing
164.7297,24,2,3,0,0.8124275,0.934248,0.3663475,0.5781939,105.299,113.1087,0.8311058,1.008843,0.3621995,0.705433,-0.2907313,0.1872776,Nothing
164.7372,24,2,3,0,0.8124496,0.9342992,0.3664287,0.5522925,105.3132,113.1274,0.8307329,1.008455,0.3628682,0.7029672,-0.2847692,0.1821938,Nothing
164.7456,24,2,3,0,0.8125039,0.9343077,0.3663233,0.5171463,105.329,113.1459,0.8305728,1.00826,0.3634532,0.7032931,-0.2783594,0.1787015,Nothing
164.7538,24,2,3,0,0.8122855,0.9343334,0.3663545,0.4406062,105.3285,113.1505,0.8303823,1.008075,0.3640401,0.7032412,-0.2723761,0.1785045,Nothing
164.7617,24,2,3,0,0.8121317,0.9343409,0.3664106,0.3834463,105.3214,113.1583,0.829789,1.007873,0.3645739,0.7024096,-0.2683339,0.1736615,Nothing
164.7702,24,2,3,0,0.8120526,0.934361,0.3664007,0.3749015,105.3072,113.1571,0.8296773,1.007728,0.3650785,0.702773,-0.2631103,0.1720857,Nothing
164.779,24,2,3,0,0.812125,0.934401,0.3662842,0.4107336,105.3013,113.1518,0.8295704,1.007518,0.3657908,0.7035336,-0.2550347,0.167643,Nothing
164.7885,24,2,3,0,0.8123736,0.9344657,0.3661334,0.5048907,105.3038,113.1384,0.8294785,1.007412,0.3662457,0.7041962,-0.2496348,0.1614473,Nothing
164.7961,24,2,3,0,0.8126543,0.9345702,0.3659389,0.6172442,105.307,113.1115,0.8294483,1.007377,0.3666124,0.7050882,-0.244531,0.1554274,Nothing
164.8046,24,2,3,0,0.8129203,0.9346929,0.3657522,0.7464037,105.3185,113.0649,0.8293986,1.007398,0.3669896,0.7064546,-0.2393146,0.1491261,Nothing
164.8123,24,2,3,0,0.8131133,0.9348577,0.3656034,0.8196865,105.3325,113.0397,0.8293876,1.007375,0.3672609,0.7063394,-0.2349731,0.1450488,Nothing
164.8208,24,2,3,0,0.8131767,0.9349603,0.3654782,0.8590531,105.3343,112.9986,0.8293093,1.007399,0.3675169,0.7071456,-0.2310732,0.1421261,Nothing
164.8289,24,2,3,0,0.8132041,0.9350662,0.3653831,0.8941712,105.3335,112.971,0.8291566,1.00743,0.3675911,0.707063,-0.2293717,0.1394563,Nothing
164.8373,24,2,3,0,0.8131019,0.935211,0.3655384,0.8668012,105.3282,112.9569,0.8289486,1.007428,0.3679409,0.7062937,-0.2270927,0.1382731,Nothing
164.845,24,2,3,0,0.8128929,0.935239,0.3656296,0.8215992,105.3225,112.9584,0.8287156,1.0074,0.3681274,0.7059839,-0.2260504,0.138378,Nothing
164.8545,24,2,3,0,0.812748,0.9351953,0.3657762,0.7862819,105.3226,112.9809,0.8285289,1.007348,0.3683619,0.7060274,-0.2255674,0.1381869,Nothing
164.8626,24,2,3,0,0.8125178,0.9351552,0.3659452,0.737148,105.3098,113.0056,0.8284065,1.007233,0.3686917,0.7058456,-0.2238372,0.1394708,Nothing
164.8715,24,2,3,0,0.8123016,0.9350941,0.3661337,0.6913736,105.2985,113.0368,0.828716,1.00723,0.3689679,0.7071012,-0.2223647,0.1450034,SelectionStart
164.8716,24,2,3,0,0.8123016,0.9350941,0.3661337,0.6913736,105.2985,113.0368,0.828716,1.00723,0.3689679,0.7071012,-0.2223647,0.1450034,SelectionEnd
164.8754,24,2,3,0,0.8123016,0.9350941,0.3661337,0.6913736,105.2985,113.0368,0.828716,1.00723,0.3689679,0.7071012,-0.2223647,0.1450034,GotSelection
164.888,24,2,3,0,0.8119972,0.9349971,0.3663437,0.6148978,105.2545,113.0868,0.8291675,1.007244,0.3694926,0.7097923,-0.218767,0.1526258,SelectionStart
164.8881,24,2,3,0,0.8119972,0.9349971,0.3663437,0.6148978,105.2545,113.0868,0.8291675,1.007244,0.3694926,0.7097923,-0.218767,0.1526258,SelectionEnd
164.8915,24,2,3,0,0.8119972,0.9349971,0.3663437,0.6148978,105.2545,113.0868,0.8291675,1.007244,0.3694926,0.7097923,-0.218767,0.1526258,GotSelection
164.9091,24,2,3,0,0.8117134,0.934882,0.3664771,0.6539519,105.2146,113.116,0.8300795,1.007436,0.3695785,0.7138153,-0.218042,0.1640388,SelectionStart
164.9092,24,2,3,0,0.8117134,0.934882,0.3664771,0.6539519,105.2146,113.116,0.8300795,1.007436,0.3695785,0.7138153,-0.218042,0.1640388,SelectionEnd
164.9126,24,2,3,0,0.8117134,0.934882,0.3664771,0.6539519,105.2146,113.116,0.8300795,1.007436,0.3695785,0.7138153,-0.218042,0.1640388,GotSelection
164.952,24,2,3,0,0.8122501,0.9349364,0.3665133,1.000113,105.1303,113.1339,0.8290065,1.008167,0.3684678,0.7145706,-0.2358361,0.1467513,SelectionStart
164.9521,24,2,3,0,0.8122501,0.9349364,0.3665133,1.000113,105.1303,113.1339,0.8290065,1.008167,0.3684678,0.7145706,-0.2358361,0.1467513,SelectionEnd
164.9554,24,2,3,0,0.8122501,0.9349364,0.3665133,1.000113,105.1303,113.1339,0.8290065,1.008167,0.3684678,0.7145706,-0.2358361,0.1467513,GotSelection
164.9662,24,2,3,0,0.8121607,0.9349015,0.3666011,1.013439,105.122,113.1329,0.8285942,1.008154,0.3683312,0.7135499,-0.23875,0.1440006,SelectionStart
164.9662,24,2,3,0,0.8121607,0.9349015,0.3666011,1.013439,105.122,113.1329,0.8285942,1.008154,0.3683312,0.7135499,-0.23875,0.1440006,SelectionEnd
164.9695,24,2,3,0,0.8121607,0.9349015,0.3666011,1.013439,105.122,113.1329,0.8285942,1.008154,0.3683312,0.7135499,-0.23875,0.1440006,GotSelection
164.9795,24,2,3,0,0.8119519,0.9347829,0.3667376,0.9935692,105.1039,113.1587,0.8282174,1.007802,0.3683527,0.710553,-0.2396064,0.142971,SelectionStart
164.9796,24,2,3,0,0.8119519,0.9347829,0.3667376,0.9935692,105.1039,113.1587,0.8282174,1.007802,0.3683527,0.710553,-0.2396064,0.142971,SelectionEnd
164.9828,24,2,3,0,0.8119519,0.9347829,0.3667376,0.9935692,105.1039,113.1587,0.8282174,1.007802,0.3683527,0.710553,-0.2396064,0.142971,GotSelection
164.9924,24,2,3,0,0.8115441,0.9346505,0.3670182,0.8739822,105.0886,113.2025,0.8269197,1.007642,0.3688518,0.7096035,-0.2400958,0.1352075,SelectionStart
164.9924,24,2,3,0,0.8115441,0.9346505,0.3670182,0.8739822,105.0886,113.2025,0.8269197,1.007642,0.3688518,0.7096035,-0.2400958,0.1352075,SelectionEnd
164.9957,24,2,3,0,0.8115441,0.9346505,0.3670182,0.8739822,105.0886,113.2025,0.8269197,1.007642,0.3688518,0.7096035,-0.2400958,0.1352075,GotSelection
165.005,24,2,3,0,0.8114066,0.9345033,0.3672757,0.7807131,105.0713,113.2428,0.8267647,1.007644,0.3686343,0.7087592,-0.2454973,0.1375082,SelectionStart
165.005,24,2,3,0,0.8114066,0.9345033,0.3672757,0.7807131,105.0713,113.2428,0.8267647,1.007644,0.3686343,0.7087592,-0.2454973,0.1375082,SelectionEnd
165.0083,24,2,3,0,0.8114066,0.9345033,0.3672757,0.7807131,105.0713,113.2428,0.8267647,1.007644,0.3686343,0.7087592,-0.2454973,0.1375082,GotSelection
165.0181,24,2,3,0,0.811172,0.9343723,0.3674033,0.7110239,105.0691,113.2795,0.8271669,1.007618,0.3684959,0.7091365,-0.2472011,0.1453834,SelectionStart
165.0181,24,2,3,0,0.811172,0.9343723,0.3674033,0.7110239,105.0691,113.2795,0.8271669,1.007618,0.3684959,0.7091365,-0.2472011,0.1453834,SelectionEnd
165.0216,24,2,3,0,0.811172,0.9343723,0.3674033,0.7110239,105.0691,113.2795,0.8271669,1.007618,0.3684959,0.7091365,-0.2472011,0.1453834,GotSelection
165.031,24,2,3,0,0.8111172,0.9343193,0.3674986,0.7013891,105.0869,113.2974,0.8270633,1.007791,0.3684017,0.7103858,-0.2501146,0.1454877,SelectionStart
165.0311,24,2,3,0,0.8111172,0.9343193,0.3674986,0.7013891,105.0869,113.2974,0.8270633,1.007791,0.3684017,0.7103858,-0.2501146,0.1454877,SelectionEnd
165.0344,24,2,3,0,0.8111172,0.9343193,0.3674986,0.7013891,105.0869,113.2974,0.8270633,1.007791,0.3684017,0.7103858,-0.2501146,0.1454877,GotSelection
165.0462,24,2,3,0,0.8113186,0.9343134,0.367465,0.7745602,105.0945,113.3117,0.8272378,1.007768,0.3683962,0.7104171,-0.2500866,0.1441837,SelectionStart
165.0462,24,2,3,0,0.8113186,0.9343134,0.367465,0.7745602,105.0945,113.3117,0.8272378,1.007768,0.3683962,0.7104171,-0.2500866,0.1441837,SelectionEnd
165.0496,24,2,3,0,0.8113186,0.9343134,0.367465,0.7745602,105.0945,113.3117,0.8272378,1.007768,0.3683962,0.7104171,-0.2500866,0.1441837,GotSelection
165.059,24,2,3,0,0.8115449,0.9343864,0.3675016,0.8403996,105.072,113.3209,0.827438,1.007681,0.3684744,0.7091414,-0.249363,0.1429973,SelectionStart
165.059,24,2,3,0,0.8115449,0.9343864,0.3675016,0.8403996,105.072,113.3209,0.827438,1.007681,0.3684744,0.7091414,-0.249363,0.1429973,SelectionEnd
165.0622,24,2,3,0,0.8115449,0.9343864,0.3675016,0.8403996,105.072,113.3209,0.827438,1.007681,0.3684744,0.7091414,-0.249363,0.1429973,GotSelection
165.0736,24,2,3,0,0.8115067,0.9343506,0.3675957,0.8487248,105.0417,113.3323,0.827275,1.007583,0.3684666,0.707948,-0.2505534,0.1419657,SelectionStart
165.0736,24,2,3,0,0.8115067,0.9343506,0.3675957,0.8487248,105.0417,113.3323,0.827275,1.007583,0.3684666,0.707948,-0.2505534,0.1419657,SelectionEnd
165.0768,24,2,3,0,0.8115067,0.9343506,0.3675957,0.8487248,105.0417,113.3323,0.827275,1.007583,0.3684666,0.707948,-0.2505534,0.1419657,GotSelection
165.0889,24,2,3,0,0.8113023,0.9344816,0.3677159,0.8002493,104.992,113.3395,0.8271241,1.007441,0.3682363,0.7039058,-0.2526641,0.1441329,SelectionStart
165.089,24,2,3,0,0.8113023,0.9344816,0.3677159,0.8002493,104.992,113.3395,0.8271241,1.007441,0.3682363,0.7039058,-0.2526641,0.1441329,SelectionEnd
165.0931,24,2,3,0,0.8113023,0.9344816,0.3677159,0.8002493,104.992,113.3395,0.8271241,1.007441,0.3682363,0.7039058,-0.2526641,0.1441329,GotSelection
165.154,24,2,3,0,0.810096,0.9345555,0.3685783,0.6618071,104.8913,113.4529,0.8281727,1.005715,0.3654325,0.6744365,-0.2747431,0.1780726,Nothing
165.1612,24,2,3,0,0.8101285,0.9345008,0.3686381,0.6523654,104.8649,113.4744,0.828338,1.005385,0.3652117,0.6707528,-0.2761708,0.180276,Nothing
165.1709,24,2,3,0,0.8096657,0.9344,0.3690322,0.6040885,104.7854,113.5393,0.8290025,1.00457,0.3645618,0.6607118,-0.2810104,0.19482,Nothing
165.1794,24,2,3,0,0.8093914,0.9344023,0.369297,0.5715717,104.7265,113.5801,0.829766,1.00369,0.3643881,0.6515238,-0.2795688,0.2066998,Nothing
165.187,24,2,3,0,0.8089389,0.9344588,0.3695386,0.529453,104.6501,113.6244,0.8304812,1.002683,0.3638117,0.6392075,-0.2806147,0.2209627,Nothing
165.1961,24,2,3,0,0.8086666,0.9344981,0.3696975,0.5158963,104.6089,113.6699,0.8310311,1.001561,0.3634599,0.6269152,-0.2792056,0.230664,Nothing
165.2039,24,2,3,0,0.8084479,0.9345402,0.3698814,0.5073753,104.5763,113.7118,0.832037,1.000378,0.3629633,0.6138639,-0.2780728,0.2447114,Nothing
165.212,24,2,3,0,0.8082114,0.9345776,0.3700597,0.4933968,104.5376,113.7481,0.8327619,0.9994044,0.3624928,0.6026215,-0.2780884,0.2561144,Nothing
165.2204,24,2,3,0,0.8078621,0.9347192,0.3701917,0.4829752,104.4891,113.7674,0.8333918,0.9981565,0.3621317,0.5885521,-0.2749693,0.2672755,Nothing
165.229,24,2,3,0,0.8077326,0.9347908,0.3702037,0.4735236,104.4587,113.7552,0.8342864,0.9962801,0.3616056,0.5693179,-0.2694692,0.2790253,Nothing
165.2365,24,2,3,0,0.8075714,0.9349372,0.3702773,0.4770993,104.4286,113.7574,0.8349183,0.9948511,0.3614024,0.5543294,-0.2638462,0.287651,Nothing
165.2448,24,2,3,0,0.8074481,0.9351151,0.3703054,0.5122181,104.4001,113.7373,0.8354633,0.9931013,0.3613494,0.536939,-0.2551462,0.2942507,Nothing
165.2536,24,2,3,0,0.807417,0.9352826,0.3704621,0.5483018,104.3696,113.7414,0.8360907,0.9913586,0.361348,0.5192916,-0.2474906,0.3009603,Nothing
165.2617,24,2,3,0,0.8073214,0.935325,0.3706258,0.5790272,104.3237,113.7735,0.8368066,0.9896508,0.3612876,0.5028743,-0.2410618,0.309405,Nothing
165.2699,24,2,3,0,0.8071967,0.935288,0.3708566,0.6116739,104.2655,113.8206,0.8375828,0.9879456,0.3612498,0.4870747,-0.235364,0.3188333,Nothing
165.2786,24,2,3,0,0.8070202,0.9351718,0.3710959,0.6330775,104.1985,113.8804,0.8383658,0.9861926,0.3613061,0.471856,-0.2290119,0.3287398,Nothing
165.2882,24,2,3,0,0.8067819,0.9349983,0.3714885,0.6594113,104.0941,113.9611,0.8396824,0.9838021,0.3612871,0.4508436,-0.2213772,0.3451328,Nothing
165.296,24,2,3,0,0.8065461,0.934908,0.3717611,0.6645547,104.0274,114.0389,0.8403164,0.9822479,0.3613207,0.4367761,-0.2165318,0.3544379,Nothing
165.3033,24,2,3,0,0.8063012,0.9348335,0.3719508,0.6617576,103.9696,114.0903,0.8411581,0.9807875,0.3612317,0.4235975,-0.2116081,0.3660471,Nothing
165.3119,24,2,3,0,0.8062566,0.9349182,0.3719103,0.681394,103.9302,114.0938,0.8416027,0.9793091,0.3611535,0.4094302,-0.2046763,0.3709977,Nothing
165.3199,24,2,3,0,0.806061,0.9350138,0.3720094,0.7065685,103.8951,114.1031,0.8423155,0.9779,0.361017,0.395503,-0.1988976,0.3805462,Nothing
165.3284,24,2,3,0,0.8059547,0.9350616,0.3720488,0.7286335,103.8673,114.1123,0.8429852,0.9765163,0.3608234,0.382128,-0.193643,0.3888064,Nothing
165.3366,24,2,3,0,0.8058931,0.9351507,0.3719946,0.7505517,103.8577,114.0978,0.8435458,0.9751958,0.3606305,0.3692969,-0.1876983,0.3953292,Nothing
165.3448,24,2,3,0,0.8057997,0.9351969,0.3720198,0.7722053,103.8363,114.0917,0.8440996,0.9738826,0.3603321,0.3561586,-0.1837192,0.4025517,Nothing
165.3552,24,2,3,0,0.8056505,0.9352748,0.3718972,0.7926141,103.8187,114.0722,0.8450414,0.9718301,0.3598233,0.3361297,-0.1760393,0.414451,Nothing
165.3714,24,2,3,0,0.8054967,0.9352444,0.371935,0.8061785,103.7817,114.1165,0.8461456,0.9692333,0.3591217,0.3105176,-0.1698682,0.4289742,Nothing
165.3795,24,2,3,0,0.8054155,0.9351179,0.3720861,0.8078964,103.7622,114.1867,0.8465671,0.9680213,0.3588105,0.2988612,-0.168953,0.4352129,Nothing
165.3869,24,2,3,0,0.8055503,0.934899,0.3720896,0.8409136,103.7205,114.225,0.8470512,0.9667472,0.3585493,0.2883531,-0.166778,0.4392527,Nothing
165.3953,24,2,3,0,0.8055307,0.9348417,0.3721538,0.8562165,103.6978,114.2672,0.8476528,0.9654466,0.3582854,0.2760775,-0.1636245,0.4462891,Nothing
165.4035,24,2,3,0,0.8055369,0.9347386,0.3722207,0.8858152,103.6706,114.3069,0.8481088,0.9641926,0.358149,0.2650724,-0.1601535,0.4512374,Nothing
165.4115,24,2,3,0,0.8055465,0.9344991,0.3724576,0.9382657,103.6313,114.3833,0.8487481,0.9622849,0.3579739,0.2486546,-0.1563264,0.4584422,Nothing
165.4204,24,2,3,0,0.8056787,0.9342632,0.3726836,0.9973502,103.6058,114.4671,0.8492724,0.9610498,0.3578278,0.2384299,-0.1553885,0.4630814,Nothing
165.4298,24,2,3,0,0.8057436,0.9340389,0.3729209,1.03629,103.5793,114.5488,0.8497534,0.9598534,0.3576483,0.2281661,-0.1548277,0.4681734,Nothing
165.4377,24,2,3,0,0.8057508,0.9339098,0.3732082,1.064386,103.5466,114.6416,0.8504308,0.9586316,0.3574222,0.2165574,-0.1541237,0.4760925,Nothing
165.4463,24,2,3,0,0.8057619,0.9336159,0.3735688,1.09705,103.4994,114.7571,0.851007,0.957473,0.3570994,0.2061671,-0.1563322,0.4833044,Nothing
165.4539,24,2,3,0,0.8057115,0.9333393,0.3738993,1.121657,103.4448,114.883,0.8515814,0.9563432,0.3566832,0.1955685,-0.1590746,0.4912818,Nothing
165.462,24,2,3,0,0.8056221,0.932962,0.374418,1.146879,103.3682,115.0408,0.8521116,0.9551643,0.3561831,0.1841291,-0.1647535,0.4998056,Nothing
165.4707,24,2,3,0,0.8054112,0.9323013,0.3751928,1.191406,103.2344,115.3011,0.8530128,0.9534302,0.3553228,0.1677746,-0.1746009,0.514542,Nothing
165.4798,24,2,3,0,0.8052565,0.9318699,0.37576,1.234179,103.1282,115.4823,0.8536118,0.9522642,0.354802,0.1566833,-0.1812156,0.5243804,Nothing
165.4872,24,2,3,0,0.8051561,0.9314691,0.3762949,1.285917,103.0317,115.6534,0.8542406,0.9510795,0.3543058,0.1454562,-0.1870467,0.5338165,Nothing
165.4958,24,2,3,0,0.8050781,0.9308437,0.3770331,1.361689,102.8996,115.868,0.8549311,0.9498798,0.3537776,0.1350667,-0.1963228,0.5439516,Nothing
165.5047,24,2,3,0,0.8047945,0.9302197,0.3778402,1.473089,102.6885,116.1228,0.855689,0.9485922,0.3532259,0.1235477,-0.2064157,0.5566913,Nothing
165.5119,24,2,3,0,0.8045645,0.9296297,0.3785999,1.583528,102.484,116.3762,0.8565176,0.9473231,0.3526286,0.1118554,-0.2163331,0.5695539,Nothing
165.521,24,2,3,0,0.8029738,0.9295086,0.3796518,1.665061,102.2979,116.6509,0.8573774,0.9460219,0.3519982,0.09553279,-0.2240884,0.5972228,Nothing
165.5296,24,2,3,0,0.8025838,0.9284671,0.3808573,1.883405,101.9714,117.0359,0.8587091,0.9440503,0.3510081,0.07835244,-0.2410886,0.6177326,Nothing
165.5376,24,2,3,0,0.8028063,0.9272675,0.3817655,2.049222,101.7121,117.3289,0.8597527,0.9426472,0.3502463,0.06903561,-0.2573459,0.6281224,Nothing
165.5458,24,2,3,0,0.8024681,0.9264442,0.3827925,2.258042,101.4213,117.6507,0.8608367,0.9411804,0.349407,0.05557762,-0.2728927,0.6446936,Nothing
165.5541,24,2,3,0,0.8021867,0.9255629,0.3840433,2.484975,101.1073,118.0134,0.8620651,0.9396428,0.3485259,0.04058605,-0.2910343,0.6623756,Nothing
165.562,24,2,3,0,0.8016115,0.9245721,0.3852711,2.70741,100.7451,118.3939,0.8633786,0.9379228,0.3474736,0.02411016,-0.310136,0.6837784,Nothing
165.5702,24,2,3,0,0.8008363,0.9235505,0.3865286,2.908068,100.3524,118.779,0.8647021,0.9361452,0.3464955,0.007185512,-0.3287426,0.7068976,Nothing
165.5786,24,2,3,0,0.8000032,0.9225516,0.387833,3.092514,99.95036,119.1753,0.8659384,0.9343021,0.3455035,-0.01144693,-0.3476352,0.7296231,Nothing
165.588,24,2,3,0,0.798662,0.921017,0.3897681,3.378087,99.36217,119.7694,0.8677656,0.9315249,0.3439429,-0.03972638,-0.3765621,0.7639884,Nothing
165.5959,24,2,3,0,0.798025,0.9199706,0.3910353,3.607732,98.99951,120.1882,0.8690346,0.9294327,0.3428521,-0.06077791,-0.3952274,0.7847611,Nothing
165.6046,24,2,3,0,0.7973692,0.9189615,0.3922586,3.870877,98.64246,120.5919,0.8702872,0.9272522,0.34174,-0.08254012,-0.4132607,0.8053344,Nothing
165.6134,24,2,3,0,0.7969121,0.9180208,0.3933688,4.177647,98.32358,120.9734,0.8717969,0.9249172,0.3405773,-0.1050868,-0.4294612,0.8265425,Nothing
165.6291,24,2,3,0,0.7965716,0.9166272,0.3951937,4.859253,97.77476,121.6067,0.874494,0.9200206,0.3383607,-0.1528523,-0.4541979,0.8600357,Nothing
165.6374,24,2,3,0,0.7962056,0.9159359,0.396075,5.167685,97.49986,121.9,0.8759719,0.917424,0.337315,-0.1774265,-0.4645133,0.8800821,Nothing
165.6458,24,2,3,0,0.7958656,0.9154117,0.3968605,5.481141,97.2295,122.1461,0.8776299,0.9145819,0.3363339,-0.2040102,-0.4713071,0.901893,Nothing
165.6534,24,2,3,0,0.795662,0.914945,0.3977695,5.802201,96.92732,122.4024,0.8791873,0.9119315,0.3353391,-0.2307965,-0.4806424,0.9210916,Nothing
165.6629,24,2,3,0,0.7950737,0.9136168,0.3991082,6.393481,96.48371,122.7079,0.8816913,0.9076096,0.3339417,-0.2649667,-0.4963033,0.9539787,Nothing
165.672,24,2,3,0,0.795094,0.9135438,0.3997867,6.854798,96.19622,122.8913,0.8833241,0.9046053,0.3330778,-0.2936355,-0.5001403,0.9722714,Nothing
165.6871,24,2,3,0,0.7953655,0.9126732,0.4010917,7.859198,95.65888,123.2528,0.8869795,0.8987933,0.3312465,-0.3411924,-0.5139928,1.010307,Nothing
165.6957,24,2,3,0,0.79599,0.9126216,0.4016047,8.501953,95.41956,123.3974,0.8886481,0.8957379,0.3303213,-0.3669515,-0.5182904,1.024114,Nothing
165.7041,24,2,3,0,0.7964401,0.9122709,0.4021293,9.11573,95.1627,123.5286,0.8902795,0.8926599,0.3293643,-0.3907174,-0.5246673,1.039064,Nothing
165.7123,24,2,3,0,0.7967889,0.912171,0.4024374,9.679616,94.89101,123.6663,0.891753,0.8895279,0.328281,-0.4174857,-0.5283592,1.053966,Nothing
165.7205,24,2,3,0,0.7974114,0.9118833,0.4030009,10.58496,94.49912,123.7611,0.8941925,0.8849608,0.3267883,-0.4525362,-0.5366784,1.077963,Nothing
165.7284,24,2,3,0,0.7977366,0.9118253,0.4032415,11.13658,94.22668,123.7763,0.8957903,0.8818556,0.3257383,-0.4772293,-0.5407556,1.095057,Nothing
165.738,24,2,3,0,0.7982284,0.9118125,0.4033276,11.67883,93.98617,123.7383,0.897498,0.8787729,0.324746,-0.5001239,-0.5430235,1.112176,Nothing
165.7449,24,2,3,0,0.7986654,0.9119372,0.4033252,12.24287,93.74055,123.6516,0.8992699,0.8756598,0.3238004,-0.5224552,-0.5443161,1.131081,Nothing
165.7554,24,2,3,0,0.7992062,0.9121084,0.4032595,12.85053,93.48786,123.5345,0.9009729,0.8725405,0.3229876,-0.543371,-0.5447338,1.148684,Nothing
165.7633,24,2,3,0,0.8000172,0.9124211,0.4030871,13.81456,93.06422,123.3127,0.9028049,0.8694729,0.3221409,-0.5599111,-0.5517141,1.164326,Nothing
165.7788,24,2,3,0,0.8013872,0.9127635,0.402565,15.10909,92.40142,122.904,0.907783,0.8620162,0.3200512,-0.6067713,-0.5549872,1.215992,Nothing
165.7873,24,2,3,0,0.8018492,0.913075,0.4021974,15.7611,92.04881,122.6563,0.9096368,0.8590536,0.3191666,-0.6238881,-0.5589184,1.236459,Nothing
165.7957,24,2,3,0,0.8029646,0.9137058,0.4012144,16.64305,91.5955,122.1587,0.9114314,0.8560745,0.3183868,-0.6361741,-0.5613717,1.250731,Nothing
165.804,24,2,3,0,0.8039761,0.9143742,0.4003332,17.59107,91.12039,121.6666,0.913095,0.8534918,0.3173231,-0.6464354,-0.5705045,1.264456,Nothing
165.8122,24,2,3,0,0.8052878,0.914916,0.3993914,18.50098,90.65695,121.2086,0.9146895,0.8506619,0.3163032,-0.6587052,-0.5769883,1.275574,Nothing
165.8209,24,2,3,0,0.8067384,0.9160298,0.3979317,19.72359,89.99876,120.3919,0.9162108,0.8481303,0.3151625,-0.6645519,-0.5891827,1.285058,Nothing
165.8282,24,2,3,0,0.8084779,0.9169785,0.3965002,20.83926,89.39175,119.6189,0.9176862,0.8457934,0.3138182,-0.6709669,-0.6023929,1.291169,Nothing
165.8376,24,2,3,0,0.8099053,0.9181182,0.3949955,21.96737,88.71201,118.7154,0.9191429,0.8434812,0.3124801,-0.6763847,-0.617631,1.300545,Nothing
165.8467,24,2,3,0,0.8114293,0.9208339,0.3916653,23.48715,87.25086,116.8829,0.92135,0.8400396,0.3104447,-0.6887832,-0.6390476,1.319355,Nothing
165.8627,24,2,3,0,0.8126256,0.9248912,0.3872052,25.39267,84.89645,113.947,0.9242794,0.8362171,0.3070927,-0.7022945,-0.6896972,1.347199,Nothing
165.8707,24,2,3,0,0.8141886,0.9264158,0.3850333,26.39499,83.87246,112.6005,0.9256833,0.8342087,0.3054332,-0.706282,-0.7121022,1.353596,Nothing
165.879,24,2,3,0,0.8157169,0.9278436,0.3828364,27.47407,82.77368,111.0766,0.9271672,0.8323525,0.3036535,-0.7042956,-0.7406954,1.360042,Nothing
165.8873,24,2,3,0,0.8183533,0.9287924,0.3805929,28.74862,81.76804,109.5385,0.9285682,0.8303305,0.3020136,-0.6967732,-0.7654358,1.358142,Nothing
165.8972,24,2,3,0,0.8232354,0.9294546,0.3774653,30.93053,80.30806,107.122,0.9291781,0.8274317,0.2996961,-0.6793283,-0.7994552,1.334288,Nothing
165.9049,24,2,3,0,0.8271341,0.929551,0.3750828,32.42448,79.26225,105.3937,0.9304571,0.8254405,0.2979785,-0.6620452,-0.8230113,1.319963,Nothing
165.9142,24,2,3,0,0.8307165,0.9293115,0.3731265,33.92388,78.13165,103.6057,0.9316463,0.8234873,0.2962036,-0.6421289,-0.8526205,1.304731,Nothing
165.9299,24,2,3,0,0.8359202,0.9280086,0.3700963,36.95665,75.17294,99.74226,0.9327822,0.8196707,0.2929155,-0.595408,-0.9266564,1.266822,Nothing
165.9377,24,2,3,0,0.838684,0.9264501,0.3694472,38.44115,73.60771,97.95073,0.9340563,0.8176145,0.2911585,-0.569311,-0.9714015,1.24486,Nothing
165.9452,24,2,3,0,0.8418555,0.9241213,0.3691027,39.96461,71.85139,96.13995,0.9356861,0.8154213,0.2895767,-0.5398888,-1.017208,1.215777,Nothing
165.9538,24,2,3,0,0.8436571,0.921156,0.3699612,41.56696,69.99475,94.50409,0.9370474,0.8133507,0.2879236,-0.5048896,-1.076055,1.185323,Nothing
165.9621,24,2,3,0,0.8461783,0.9183627,0.3697814,43.04868,68.08183,92.57356,0.9384043,0.8112863,0.2863052,-0.4702674,-1.121284,1.151242,Nothing
165.9704,24,2,3,0,0.8491372,0.9134787,0.371392,45.28425,65.04536,89.85006,0.9405025,0.8082011,0.2839216,-0.4195435,-1.203406,1.092907,Nothing
165.9791,24,2,3,0,0.8497588,0.9094282,0.3745518,46.89038,62.93803,88.36296,0.9419379,0.8061576,0.282349,-0.3847217,-1.277005,1.048989,Nothing
165.9877,24,2,3,0,0.8502468,0.904874,0.376926,48.37793,60.92764,86.82714,0.9439099,0.804107,0.2807871,-0.3409971,-1.342463,1.006645,Nothing
165.9961,24,2,3,0,0.8506374,0.9008952,0.3797142,49.65636,59.02664,85.45897,0.9454893,0.8020976,0.2793977,-0.3113387,-1.404542,0.9643604,Nothing
166.0033,24,2,3,0,0.85094,0.8970834,0.3822693,50.86548,56.9868,83.89297,0.9470823,0.7997962,0.2783769,-0.2824934,-1.461507,0.9244903,Nothing
166.0125,24,2,3,0,0.850608,0.8934863,0.3850977,51.93597,55.19381,82.65066,0.9486201,0.7978173,0.2771836,-0.2577677,-1.520167,0.887174,Nothing
166.0205,24,2,3,0,0.8497241,0.8903136,0.3879647,52.83036,53.37017,81.33491,0.9504297,0.7957551,0.2760563,-0.2329006,-1.582333,0.8552864,Nothing
166.029,24,2,3,0,0.8490137,0.8852425,0.3921062,54.10933,50.65039,79.263,0.9525994,0.7927349,0.2745619,-0.2007366,-1.663881,0.7978974,Nothing
166.0373,24,2,3,0,0.8482893,0.8821263,0.3944624,54.8772,48.71886,77.67815,0.9539925,0.7908796,0.2737253,-0.175687,-1.714069,0.7600833,Nothing
166.0455,24,2,3,0,0.8478113,0.878804,0.3968068,55.65999,46.62263,75.9321,0.9552188,0.7891022,0.2730876,-0.1512156,-1.759494,0.7159052,Nothing
166.0543,24,2,3,0,0.847783,0.8754928,0.3990739,56.42207,44.46345,74.03432,0.9564301,0.787376,0.272565,-0.1276831,-1.799628,0.6689044,Nothing
166.0619,24,2,3,0,0.8471509,0.8723115,0.4012811,57.1722,42.16634,72.00623,0.9574256,0.7857745,0.2722396,-0.100883,-1.838671,0.6222825,Nothing
166.0715,24,2,3,0,0.8473753,0.868748,0.4038444,57.91677,39.88865,70.05424,0.9582954,0.7839239,0.2721277,-0.08511838,-1.871293,0.5710083,Nothing
166.0796,24,2,3,0,0.8468149,0.8655751,0.4058739,58.5365,37.48459,67.95158,0.9591846,0.7824334,0.2721842,-0.06138523,-1.901789,0.5227276,Nothing
166.089,24,2,3,0,0.8458915,0.8606989,0.4092016,59.4044,33.8363,64.80742,0.9594673,0.7810104,0.2723744,-0.03448337,-1.938797,0.4380292,Nothing
166.11,24,2,3,0,0.8433815,0.8534732,0.4143387,60.57741,27.89298,59.76373,0.9616618,0.7779124,0.273301,0.01668111,-2.003824,0.3240384,Nothing
166.1239,24,2,3,0,0.8413104,0.8481482,0.4181903,61.2536,23.10185,55.70165,0.9625737,0.7768021,0.2741658,0.04958348,-2.041459,0.2216271,Nothing
166.1384,24,2,3,0,0.8396825,0.8455004,0.4200102,61.39204,19.8212,52.89937,0.963272,0.7769068,0.2748103,0.07484337,-2.060354,0.1518091,Nothing
166.1538,24,2,3,0,0.8361204,0.8417868,0.4229606,61.27314,14.26233,48.05159,0.9650406,0.7772029,0.2760297,0.1272299,-2.096048,0.03526825,Nothing
166.1622,24,2,3,0,0.8349928,0.8408877,0.4237147,60.99274,12.1644,46.21239,0.9653211,0.7780232,0.2763571,0.1431659,-2.101989,-0.01587952,Nothing
166.1703,24,2,3,0,0.8342527,0.8402096,0.4241244,60.64412,10.02491,44.32299,0.9655327,0.778877,0.276545,0.1558037,-2.103149,-0.06716319,Nothing
166.1782,24,2,3,0,0.8333803,0.8396245,0.4246354,60.20065,7.806345,42.32468,0.9658316,0.7793515,0.2767936,0.1696124,-2.106225,-0.1178056,Nothing
166.1873,24,2,3,0,0.8325992,0.8386782,0.4254377,59.80873,5.801826,40.5719,0.9661152,0.7802751,0.2768019,0.180214,-2.108747,-0.1744127,Nothing
166.1945,24,2,3,0,0.831627,0.8384552,0.4258367,59.24878,4.00447,38.99713,0.9659635,0.7811245,0.2768519,0.1885983,-2.108287,-0.2236768,Nothing
166.2041,24,2,3,0,0.8301787,0.838609,0.4260224,58.56048,2.404603,37.57082,0.9656002,0.7819411,0.2769056,0.2002254,-2.10821,-0.2693131,Nothing
166.2119,24,2,3,0,0.8294925,0.8390049,0.4259245,57.7988,0.9041156,36.2252,0.965329,0.7826176,0.276952,0.2069998,-2.10269,-0.3113663,Nothing
166.2217,24,2,3,0,0.8287565,0.8392265,0.4256561,56.64668,358.7914,34.2195,0.9651816,0.7827744,0.2771417,0.2207611,-2.09291,-0.3679084,Nothing
166.2369,24,2,3,0,0.8283052,0.8395936,0.424949,55.17885,356.6687,31.96334,0.9641486,0.7837926,0.2771018,0.2379306,-2.066599,-0.4384643,Nothing
166.2454,24,2,3,0,0.8285681,0.8400339,0.4241326,54.43331,356.0289,31.13136,0.963505,0.7842317,0.2768531,0.2448022,-2.049706,-0.464217,Nothing
166.2537,24,2,3,0,0.8290634,0.8407139,0.4229017,53.6864,355.7531,30.5227,0.9627605,0.7846234,0.2767144,0.254481,-2.029132,-0.479502,Nothing
166.2618,24,2,3,0,0.8297536,0.8417266,0.42133,52.91517,355.7883,30.16427,0.9621587,0.7850158,0.2763135,0.264276,-2.010004,-0.4879669,Nothing
166.2699,24,2,3,0,0.8306915,0.8431776,0.4197249,52.20652,355.9031,29.94441,0.9614615,0.7853628,0.2761521,0.2680859,-1.990837,-0.4876261,Nothing
166.2791,24,2,3,0,0.8316477,0.8459733,0.4164966,51.1417,357.1627,30.38674,0.9604926,0.7858641,0.2759128,0.2867825,-1.965989,-0.4620239,Nothing
166.2865,24,2,3,0,0.8321824,0.8468242,0.4150807,50.41819,357.4537,30.31144,0.9599974,0.7861983,0.2759714,0.2972332,-1.947719,-0.4636023,Nothing
166.2953,24,2,3,0,0.8326758,0.8484533,0.4130402,49.71633,358.1542,30.54488,0.9594055,0.7863919,0.2757971,0.307318,-1.933124,-0.4487506,Nothing
166.3044,24,2,3,0,0.8329508,0.850125,0.4112006,48.987,358.7531,30.78052,0.9589977,0.7865759,0.275602,0.3160661,-1.922739,-0.4367529,Nothing
166.3125,24,2,3,0,0.8330586,0.8513353,0.4100934,48.23819,359.0487,30.91737,0.9584857,0.7865716,0.2754748,0.3175427,-1.91551,-0.4358915,Nothing
166.3201,24,2,3,0,0.8332953,0.8523325,0.4088255,47.45171,359.1381,30.81005,0.9580105,0.7865073,0.2753092,0.321313,-1.904997,-0.4391865,Nothing
166.3287,24,2,3,0,0.8335869,0.8529292,0.407053,46.64637,359.1635,30.62193,0.9575169,0.7864428,0.2752095,0.3288463,-1.88774,-0.442746,Nothing
166.3367,24,2,3,0,0.8340006,0.8528879,0.4065043,45.93585,358.6869,30.07715,0.9570466,0.786325,0.2751417,0.3298864,-1.873213,-0.4638314,Nothing
166.3453,24,2,3,0,0.8345563,0.8533825,0.405021,44.8929,358.4546,29.58922,0.9566243,0.7859315,0.2750424,0.3370572,-1.855095,-0.4771744,Nothing
166.3544,24,2,3,0,0.8351856,0.8525565,0.4047366,44.45228,357.7145,28.81484,0.9563151,0.7855766,0.2750692,0.3377653,-1.838384,-0.5001829,Nothing
166.3618,24,2,3,0,0.8355614,0.8525206,0.4041713,43.9742,357.257,28.28317,0.9561387,0.7852268,0.2750377,0.3401082,-1.827986,-0.5126751,Nothing
166.3719,24,2,3,0,0.8361235,0.8522571,0.4038274,43.49355,356.8068,27.75797,0.9560964,0.7849995,0.2749964,0.3422895,-1.816335,-0.5291925,Nothing
166.3786,24,2,3,0,0.8335031,0.8538722,0.403363,42.84753,356.6514,27.53956,0.955749,0.7846514,0.2749808,0.3626962,-1.831695,-0.5317851,Nothing
166.3869,24,2,3,0,0.8339083,0.8544804,0.4022551,42.11591,356.4366,27.20333,0.9554052,0.7839987,0.2752609,0.364764,-1.820319,-0.5341189,Nothing
166.3951,24,2,3,0,0.8344508,0.8552156,0.4008075,41.27851,356.2604,26.84858,0.9552696,0.783493,0.275399,0.37023,-1.807186,-0.5371312,Nothing
166.4036,24,2,3,0,0.8350738,0.8562896,0.3989245,40.31765,356.108,26.437,0.9552158,0.7830064,0.2753564,0.378289,-1.793634,-0.538671,Nothing
166.4148,24,2,3,0,0.836206,0.8570073,0.3966691,39.01979,355.765,25.74805,0.9552343,0.7823621,0.2757957,0.3908452,-1.767646,-0.5456675,Nothing
166.4265,24,2,3,0,0.8378829,0.8581788,0.3941146,37.70024,355.4238,25.10201,0.9554503,0.7815706,0.2758247,0.3962384,-1.745475,-0.5495602,Nothing
166.4353,24,2,3,0,0.8394673,0.8584393,0.3918794,36.25688,354.7848,24.14663,0.9554632,0.7806939,0.2760706,0.4050642,-1.714762,-0.5664235,Nothing
166.4439,24,2,3,0,0.840563,0.8583792,0.390667,35.34063,354.271,23.45511,0.9557329,0.7800859,0.2762788,0.4119378,-1.695068,-0.5808324,Nothing
166.4515,24,2,3,0,0.8416376,0.8581699,0.3896714,34.48481,353.7231,22.75399,0.9558201,0.7794706,0.2764746,0.4161132,-1.675141,-0.5965814,Nothing
166.4609,24,2,3,0,0.8427672,0.8579596,0.3887598,33.66303,353.2598,22.16424,0.9558583,0.7788464,0.276529,0.4171227,-1.656895,-0.6117029,Nothing
166.4691,24,2,3,0,0.8438485,0.8575945,0.3877188,32.87874,352.7752,21.48413,0.9559503,0.778239,0.2766975,0.4221879,-1.636268,-0.6249517,Nothing
166.4772,24,2,3,0,0.8449941,0.8571945,0.3865175,32.13052,352.3728,20.82659,0.9560255,0.7776363,0.2768574,0.4280862,-1.614734,-0.6346543,Nothing
166.4855,24,2,3,0,0.8461462,0.8568015,0.3853232,31.40433,352.0281,20.21311,0.9561347,0.7769261,0.2768477,0.4331418,-1.595595,-0.6436235,Nothing
166.4931,24,2,3,0,0.8472165,0.856374,0.3842043,30.68924,351.6809,19.61112,0.956136,0.7763028,0.2769841,0.4379073,-1.575287,-0.6520906,Nothing
166.502,24,2,3,0,0.8472656,0.856176,0.3829767,29.7392,351.2379,18.79596,0.9559839,0.7753509,0.2771326,0.4537545,-1.558476,-0.6643206,Nothing
166.5099,24,2,3,0,0.8482305,0.8556497,0.3820711,29.15891,350.9088,18.24245,0.9558685,0.7747723,0.2772404,0.4562366,-1.539822,-0.6717085,Nothing
166.5187,24,2,3,0,0.8486296,0.8557189,0.3818102,28.7843,350.6135,17.89855,0.9555741,0.7743263,0.2773212,0.4532558,-1.533361,-0.6778837,Nothing
166.5264,24,2,3,0,0.8490323,0.8558447,0.3814034,28.37719,350.4028,17.65935,0.9554713,0.7737914,0.2774309,0.4513988,-1.528593,-0.6816269,Nothing
166.5352,24,2,3,0,0.8492185,0.8562549,0.3809974,27.9666,350.21,17.51171,0.9554465,0.7734806,0.277492,0.4499582,-1.526369,-0.6857971,Nothing
166.5449,24,2,3,0,0.8495759,0.8566919,0.3803514,27.26513,349.8841,17.2848,0.9554362,0.7724952,0.277677,0.4464622,-1.524314,-0.6917313,Nothing
166.5521,24,2,3,0,0.8492658,0.8575366,0.3800351,27.13906,349.956,17.45125,0.9553705,0.7723519,0.2777031,0.4447453,-1.532297,-0.6863859,Nothing
166.5603,24,2,3,0,0.8490614,0.8588026,0.3786679,26.56865,350.0396,17.44031,0.9552543,0.7718139,0.2779219,0.4496697,-1.535685,-0.6760752,Nothing
166.5682,24,2,3,0,0.849123,0.8595897,0.3771456,26.28284,350.3352,17.53975,0.9551375,0.7714385,0.2780156,0.4544616,-1.536591,-0.6584792,Nothing
166.5767,24,2,3,0,0.8494068,0.8605396,0.375672,26.17426,350.8076,17.68815,0.9550412,0.7711879,0.2781004,0.4587048,-1.539617,-0.6342817,Nothing
166.5851,24,2,3,0,0.8497127,0.8609411,0.3748728,25.99586,350.983,17.67985,0.9549261,0.7708607,0.2781993,0.4598553,-1.53903,-0.6239201,Nothing
166.5937,24,2,3,0,0.8498467,0.8613551,0.3742633,25.85167,351.0899,17.65199,0.9549647,0.7709356,0.2781794,0.4631675,-1.537676,-0.6187432,Nothing
166.6022,24,2,3,0,0.8498836,0.8619507,0.3739243,25.74265,351.1374,17.6262,0.9548313,0.7708521,0.278219,0.4627893,-1.540232,-0.6138979,Nothing
166.6105,24,2,3,0,0.8499994,0.8622873,0.3734917,25.58855,351.1592,17.56303,0.9547144,0.7706768,0.2782935,0.4632547,-1.539898,-0.6099588,Nothing
166.6192,24,2,3,0,0.8503521,0.8624681,0.3734763,25.43924,350.9922,17.41738,0.9543276,0.7705858,0.2781138,0.4560084,-1.537568,-0.615036,Nothing
166.6266,24,2,3,0,0.8503966,0.8623375,0.3738166,25.31333,350.7635,17.27984,0.9541972,0.7705598,0.2781381,0.4530871,-1.534876,-0.6242576,Nothing
166.6348,24,2,3,0,0.8503624,0.8624812,0.3741843,25.16559,350.4931,17.15869,0.9540512,0.7705448,0.2781609,0.4486902,-1.534721,-0.6337513,Nothing
166.6433,24,2,3,0,0.8502083,0.8631349,0.3737625,25.01135,350.4129,17.09854,0.9540433,0.7704053,0.278061,0.4492662,-1.539037,-0.6323273,Nothing
166.6517,24,2,3,0,0.8504107,0.8633494,0.3733872,24.77648,350.316,16.98913,0.9539143,0.770418,0.278052,0.4483286,-1.535013,-0.634439,Nothing
166.6599,24,2,3,0,0.8505953,0.8637605,0.3728375,24.55544,350.3218,16.90779,0.9538398,0.7703719,0.2779887,0.4490586,-1.533445,-0.6327202,Nothing
166.6691,24,2,3,0,0.8508644,0.8639463,0.3721556,24.33521,350.2966,16.78284,0.9536944,0.7704224,0.2779564,0.4501613,-1.527597,-0.6310344,Nothing
166.6764,24,2,3,0,0.8513886,0.8638983,0.3717876,24.14035,350.2405,16.62814,0.9535556,0.7704334,0.277934,0.4486296,-1.520257,-0.6323692,Nothing
166.6855,24,2,3,0,0.8519198,0.8640479,0.3712208,23.83838,350.1363,16.41667,0.9531871,0.7704118,0.2775721,0.4446818,-1.51308,-0.6367711,Nothing
166.6938,24,2,3,0,0.8524115,0.8638741,0.3708608,23.67793,350.0633,16.21792,0.9530507,0.7704741,0.2775085,0.4444525,-1.504521,-0.6387036,Nothing
166.7021,24,2,3,0,0.8531925,0.8634626,0.3706059,23.57117,350.0102,15.99454,0.9530036,0.7705028,0.2773997,0.4432709,-1.494342,-0.6409888,Nothing
166.7102,24,2,3,0,0.8538775,0.8631731,0.3701713,23.4642,350.002,15.79171,0.9528949,0.7705747,0.2773254,0.443123,-1.484435,-0.6404092,Nothing
166.7191,24,2,3,0,0.8543171,0.8629553,0.3696584,23.32618,350.0403,15.63035,0.9527952,0.7706465,0.2772521,0.4453237,-1.475769,-0.6392882,Nothing
166.7273,24,2,3,0,0.8548838,0.8627422,0.3693273,23.21198,350.0186,15.46461,0.9527397,0.7706913,0.2771086,0.4447488,-1.468208,-0.6404614,Nothing
166.7361,24,2,3,0,0.8554827,0.8625489,0.3690091,23.07624,349.9693,15.24218,0.9526489,0.7707799,0.2770132,0.4446091,-1.459442,-0.6421202,Nothing
166.7443,24,2,3,0,0.856098,0.8624441,0.3686259,22.97793,349.9311,15.08012,0.9525969,0.7708349,0.2769516,0.443181,-1.452417,-0.6414015,Nothing
166.7533,24,2,3,0,0.8565962,0.8622678,0.3683676,22.9256,349.9084,14.9516,0.9525688,0.7708758,0.276904,0.4422303,-1.446472,-0.6409176,Nothing
166.7616,24,2,3,0,0.8573548,0.8622425,0.3679569,22.84228,349.9168,14.84324,0.9526685,0.7708842,0.2768229,0.4400699,-1.441193,-0.6386737,Nothing
166.769,24,2,3,0,0.8576922,0.8624291,0.3675608,22.71659,349.9363,14.82459,0.9526748,0.7709134,0.2767828,0.4387127,-1.438874,-0.6367676,Nothing
166.7781,24,2,3,0,0.8580748,0.8623012,0.36716,22.61754,349.9342,14.76549,0.9529059,0.771049,0.2770694,0.4414846,-1.432211,-0.6334147,Nothing
166.7858,24,2,3,0,0.858425,0.8624046,0.3667569,22.54537,349.9758,14.73681,0.9529646,0.77108,0.2770536,0.4413051,-1.429659,-0.6301303,Nothing
166.7949,24,2,3,0,0.8588377,0.8625197,0.3664034,22.49179,350.0197,14.67334,0.9530501,0.7711228,0.2770368,0.4414948,-1.427091,-0.6268171,Nothing
166.8034,24,2,3,0,0.8591518,0.8623247,0.3663746,22.52652,350.0152,14.62378,0.9531643,0.7711473,0.2769506,0.4410074,-1.424627,-0.6271676,Nothing
166.8114,24,2,3,0,0.8593947,0.8621993,0.3665021,22.62014,349.9948,14.57596,0.9532653,0.7711816,0.2769421,0.4402025,-1.423797,-0.6270106,Nothing
166.8199,24,2,3,0,0.8597162,0.8618634,0.3669532,22.79739,349.9251,14.50957,0.9537775,0.77134,0.2775033,0.4433028,-1.420932,-0.6252136,Nothing
166.8283,24,2,3,0,0.8599156,0.8617209,0.3672046,22.94515,349.9018,14.4751,0.9539006,0.7713806,0.2775245,0.4423787,-1.421096,-0.6249775,Nothing
166.8381,24,2,3,0,0.8600899,0.861746,0.3675222,23.12797,349.8847,14.472,0.9540817,0.7714304,0.2775663,0.4410003,-1.423734,-0.6238099,Nothing
166.8452,24,2,3,0,0.860211,0.8617765,0.3676798,23.2378,349.8863,14.48667,0.9541945,0.7714756,0.2775883,0.4399544,-1.4253,-0.6226534,Nothing
166.8543,24,2,3,0,0.8601435,0.8620631,0.3678319,23.33959,349.909,14.58903,0.9543019,0.7715219,0.2776089,0.4383146,-1.430329,-0.6206399,Nothing
166.8619,24,2,3,0,0.8599866,0.8625252,0.3680586,23.44841,349.9244,14.7309,0.9544467,0.7717219,0.2776462,0.4365057,-1.436535,-0.6192018,Nothing
166.8712,24,2,3,0,0.8595645,0.8633325,0.3681941,23.56254,349.9872,14.99364,0.9545182,0.7717977,0.2776586,0.4334147,-1.448333,-0.6148156,Nothing
166.8871,24,2,3,0,0.8585666,0.864776,0.3683139,23.88178,350.1674,15.48034,0.9547302,0.7720911,0.2777265,0.4322075,-1.46976,-0.6030025,Nothing
166.8953,24,2,3,0,0.858116,0.8655723,0.3685073,24.07132,350.2639,15.76813,0.9547881,0.7721881,0.2777349,0.4287157,-1.482428,-0.5970407,Nothing
166.9047,24,2,3,0,0.8572025,0.8670796,0.3686334,24.36186,350.4753,16.27866,0.9548645,0.7723057,0.2776294,0.4239166,-1.505664,-0.5854378,Nothing
166.9133,24,2,3,0,0.8564478,0.8682655,0.3688267,24.5617,350.6112,16.65165,0.9548959,0.7724098,0.277628,0.4202144,-1.523383,-0.5774022,Nothing
166.9215,24,2,3,0,0.8557124,0.869532,0.3689419,24.7809,350.7742,17.06572,0.9549536,0.7725859,0.2777568,0.4163315,-1.540896,-0.566494,Nothing
166.9298,24,2,3,0,0.8548529,0.87086,0.3691616,25.03878,350.935,17.50837,0.9549546,0.7726892,0.2777795,0.4109761,-1.5611,-0.5560059,Nothing
166.937,24,2,3,0,0.8539906,0.8721734,0.3694465,25.29474,351.0949,17.92945,0.9545338,0.7725243,0.2768889,0.3985376,-1.585248,-0.5526215,Nothing
166.9453,24,2,3,0,0.8529518,0.8738171,0.3697172,25.66318,351.3223,18.50109,0.954519,0.7726052,0.2768662,0.3903401,-1.611068,-0.537774,Nothing
166.9536,24,2,3,0,0.8518274,0.875492,0.3702758,26.04034,351.4991,19.05781,0.9544978,0.7726839,0.2768498,0.3809504,-1.63835,-0.5256307,Nothing
166.9621,24,2,3,0,0.850585,0.8771876,0.3707111,26.46173,351.7385,19.67105,0.9544088,0.7726257,0.2766629,0.3704951,-1.667945,-0.5109521,Nothing
166.9704,24,2,3,0,0.8488333,0.8798976,0.3711332,27.09313,352.2127,20.63371,0.9543722,0.7727172,0.2766309,0.3563263,-1.710208,-0.4822758,Nothing
166.9792,24,2,3,0,0.8475468,0.8818937,0.3713253,27.58193,352.6917,21.38019,0.9544346,0.7725748,0.2764932,0.3468058,-1.74346,-0.4571142,Nothing
166.9873,24,2,3,0,0.846298,0.8840098,0.3713748,28.18184,353.2886,22.19013,0.9544248,0.7725934,0.2764868,0.3367632,-1.775527,-0.4242543,Nothing
166.9957,24,2,3,0,0.8448486,0.8860863,0.3718606,28.93185,353.9075,23.01622,0.954416,0.7726043,0.2764761,0.3263112,-1.810434,-0.3905994,Nothing
167.0048,24,2,3,0,0.8435364,0.8876891,0.3728575,29.83804,354.4702,23.81967,0.9544852,0.7725317,0.2764519,0.3137606,-1.844226,-0.359249,Nothing
167.0123,24,2,3,0,0.8420697,0.8890361,0.3743457,30.91304,354.9745,24.60782,0.9544837,0.7725162,0.276453,0.3001416,-1.878114,-0.3290316,Nothing
167.0205,24,2,3,0,0.8404326,0.8897741,0.3770354,32.272,355.2883,25.32786,0.9546831,0.7726483,0.2767428,0.2870008,-1.912523,-0.3051373,Nothing
167.0288,24,2,3,0,0.8381238,0.8907101,0.3804753,34.12662,355.8163,26.39387,0.9546936,0.7726122,0.2767685,0.2651276,-1.960198,-0.2693674,Nothing
167.0374,24,2,3,0,0.8367999,0.8910902,0.3828499,35.39851,356.1736,27.08743,0.9546379,0.772504,0.2766769,0.2482899,-1.990004,-0.2455713,Nothing
167.0453,24,2,3,0,0.835494,0.8901007,0.3864656,37.02836,356.2843,27.5376,0.9546153,0.7724409,0.2766929,0.2348453,-2.015635,-0.2321793,Nothing
167.054,24,2,3,0,0.8347682,0.8886442,0.3903449,38.79003,356.2832,27.79697,0.9545931,0.7723677,0.2767095,0.2203172,-2.03676,-0.2203329,Nothing
167.062,24,2,3,0,0.8338661,0.8886315,0.3924843,40.21115,356.6604,28.34604,0.9545679,0.7723836,0.2767109,0.2079144,-2.05879,-0.1895685,Nothing
167.0709,24,2,3,0,0.8331968,0.8889904,0.3938043,41.24809,357.2284,28.98298,0.9545171,0.7723089,0.2767184,0.1969455,-2.076578,-0.157207,Nothing
167.0789,24,2,3,0,0.8324993,0.8901307,0.3945916,42.11,358.0284,29.81108,0.9545623,0.7722369,0.2767157,0.1854343,-2.096512,-0.1168786,Nothing
167.0882,24,2,3,0,0.831439,0.8913983,0.3957746,43.27737,359.0787,30.93014,0.9544702,0.7721136,0.276716,0.1693453,-2.121026,-0.06463419,Nothing
167.0975,24,2,3,0,0.8313626,0.8921074,0.3963799,43.92348,359.7369,31.55575,0.9543727,0.7720418,0.2766732,0.1574381,-2.130888,-0.03404966,Nothing
167.1132,24,2,3,0,0.8317297,0.8919163,0.3978562,45.29551,0.5455916,32.01841,0.9543582,0.7720988,0.2772144,0.1554384,-2.133021,0.01141941,Nothing
167.1211,24,2,3,0,0.8322014,0.8914012,0.398786,46.06818,0.7918938,32.07595,0.9542167,0.7721377,0.2771943,0.153128,-2.131761,0.0276168,Nothing
167.1284,24,2,3,0,0.8330059,0.8906245,0.3994778,46.75646,0.9785172,31.98337,0.9540336,0.7720997,0.2771463,0.1530967,-2.125809,0.04037915,Nothing
167.1368,24,2,3,0,0.8337939,0.8899975,0.3998931,47.397,1.294833,32.0423,0.9539282,0.7720241,0.2770751,0.1520202,-2.119959,0.05669496,Nothing
167.1461,24,2,3,0,0.8354187,0.8907428,0.3986793,47.39447,1.673195,31.88726,0.9537611,0.7719939,0.2770274,0.1536047,-2.106224,0.07575275,Nothing
167.154,24,2,3,0,0.8365967,0.8921897,0.3972014,47.49594,2.449479,32.10149,0.9535183,0.7719792,0.2769538,0.1534038,-2.09666,0.1104739,Nothing
167.1624,24,2,3,0,0.8366954,0.894056,0.3960649,47.25016,3.008535,32.39474,0.9533429,0.7720003,0.2769077,0.1514667,-2.098535,0.132746,Nothing
167.1702,24,2,3,0,0.8364947,0.8964605,0.394869,46.86903,3.442699,32.76772,0.9531866,0.7720358,0.2768713,0.1439272,-2.105539,0.1537349,Nothing
167.1784,24,2,3,0,0.8363494,0.8980148,0.394361,46.7488,3.677084,32.99155,0.9531858,0.7719987,0.2768015,0.1381886,-2.112901,0.1686699,Nothing
167.1868,24,2,3,0,0.8361735,0.899121,0.394254,46.73557,3.739855,33.10005,0.9530482,0.7720676,0.2767727,0.1323931,-2.118773,0.1774984,Nothing
167.1952,24,2,3,0,0.8359011,0.8994521,0.3944339,46.92766,3.612149,33.04549,0.952895,0.7721479,0.2766943,0.1307112,-2.122288,0.1814028,Nothing
167.2038,24,2,3,0,0.8359449,0.8999493,0.3942934,47.05935,3.606619,33.00093,0.9528554,0.7721477,0.2765512,0.1298266,-2.124335,0.1889034,Nothing
167.2117,24,2,3,0,0.8364183,0.8991748,0.3947891,47.36836,3.196416,32.54521,0.9527304,0.7722439,0.2764794,0.1328431,-2.119232,0.1813289,Nothing
167.221,24,2,3,0,0.8367522,0.8994745,0.3944949,47.58326,2.99031,32.25149,0.9526615,0.7723366,0.2764443,0.135439,-2.11598,0.1879218,Nothing
167.2289,24,2,3,0,0.8375586,0.8981822,0.3949755,47.94403,2.432342,31.56465,0.9526185,0.7724494,0.2764695,0.1430987,-2.105508,0.176655,Nothing
167.2507,24,2,3,0,0.8378497,0.8980759,0.3944322,48.04022,2.240981,31.25405,0.9525391,0.7725887,0.2763927,0.1490372,-2.098613,0.1780291,End
Supposed to be selected_Selected,80547,Not supposed to be selected_Not Selected,61998,Supposed to be selected_Not Selected,153,Not supposed to be selected_Selected,3880
