Time,ParticipantID,DatasetID,TechniqueID,RepetitionID,mapPosx,mapPosy,mapPosz,mapRotaionx,mapRotationy,mapRotationz,markerHandPosx,markerHandPosy,markerHandPosz,reletivePosx,reletivePosy,reletivePosz,Lable
3.051758E-05,13,1,0,2,0.509262,0.8322654,0.3066593,355.7026,66.86327,301.2658,0.6173021,0.7815688,0.1726352,6.293862,5.407283,2.035671,Start
0.0003051758,13,1,0,2,0.509262,0.8322654,0.3066593,355.7026,66.86327,301.2658,0.6173021,0.7815688,0.1726352,6.293862,5.407283,2.035671,Nothing
0.00793457,13,1,0,2,0.5145007,0.827169,0.3040655,357.6143,67.07487,298.4344,0.6151,0.7815267,0.172731,5.611831,5.631668,1.88335,Nothing
0.01397705,13,1,0,2,0.5150309,0.8281626,0.3029575,357.4265,67.25159,298.0041,0.6150725,0.7814119,0.1727063,5.592089,5.58914,1.892528,Nothing
0.0222168,13,1,0,2,0.5153971,0.8302996,0.3012635,356.9779,67.51908,297.6182,0.6150444,0.7812796,0.1724642,5.627755,5.497463,1.912958,Nothing
0.0305481,13,1,0,2,0.5151048,0.8321918,0.3000257,356.5576,67.70526,297.4634,0.6151658,0.781123,0.1724209,5.69119,5.413558,1.953151,Nothing
0.03884888,13,1,0,2,0.5153665,0.832984,0.2995187,356.4366,67.77251,297.3215,0.6152741,0.7809991,0.1723122,5.710148,5.385261,1.954149,Nothing
0.04830933,13,1,0,2,0.5154859,0.8333324,0.2987278,356.3379,67.83768,297.1244,0.6153946,0.7808339,0.1723046,5.700747,5.358687,1.970595,Nothing
0.05566406,13,1,0,2,0.5157247,0.8331962,0.2986865,356.4275,67.82788,297.0712,0.6155776,0.7806394,0.1723357,5.69361,5.360785,1.972119,Nothing
0.06350708,13,1,0,2,0.515922,0.831729,0.2998523,356.8359,67.62075,297.173,0.6157153,0.7804249,0.1724049,5.66022,5.434344,1.945048,Nothing
0.07180786,13,1,0,2,0.5169361,0.831014,0.2985879,357.1063,67.89931,296.8945,0.6159225,0.7802255,0.1724553,5.567356,5.402769,1.98229,Nothing
0.08065796,13,1,0,2,0.517903,0.8301139,0.2978787,357.3448,68.11632,296.614,0.6161609,0.7801424,0.1724483,5.475751,5.404431,2.00261,Nothing
0.08856201,13,1,0,2,0.5187864,0.8290489,0.2970181,357.6038,68.33098,296.2652,0.6164096,0.7799682,0.1724989,5.370865,5.406848,2.030751,Nothing
0.09649658,13,1,0,2,0.5194848,0.8280029,0.2962803,357.9125,68.46516,295.8904,0.616647,0.779843,0.1725389,5.265689,5.422881,2.055463,Nothing
0.1058044,13,1,0,2,0.520329,0.8273376,0.2959168,358.2199,68.56408,295.5422,0.616954,0.7797431,0.1726077,5.184376,5.44215,2.065088,Nothing
0.1152649,13,1,0,2,0.5209584,0.8261591,0.2957543,358.5788,68.57143,295.2426,0.6171212,0.7796229,0.1726542,5.090693,5.480473,2.06497,Nothing
0.1220703,13,1,0,2,0.5212518,0.8252012,0.2958087,358.9167,68.49197,295.0377,0.6174155,0.779659,0.1727268,5.017869,5.525849,2.069676,Nothing
0.1308289,13,1,0,2,0.5221837,0.8235405,0.2960493,359.4912,68.39777,294.6208,0.6177183,0.7796106,0.1727659,4.888998,5.604279,2.049292,Nothing
0.1385803,13,1,0,2,0.5225751,0.8230638,0.2956788,359.7466,68.36433,294.4194,0.6176525,0.779512,0.1724961,4.839797,5.622426,2.036123,Nothing
0.1469421,13,1,0,2,0.5229337,0.8224446,0.2955779,359.9543,68.37856,294.1508,0.6177557,0.7795033,0.1724978,4.776208,5.651275,2.035943,Nothing
0.1548462,13,1,0,2,0.5232875,0.822488,0.2952961,0.0183032,68.39777,293.8848,0.6178128,0.7795408,0.1725007,4.740611,5.657292,2.032465,Nothing
0.164978,13,1,0,2,0.5237218,0.8231049,0.2948429,359.9214,68.44373,293.6037,0.6178156,0.7796254,0.1724463,4.728415,5.644371,2.022534,Nothing
0.1726074,13,1,0,2,0.5239483,0.8234233,0.2945085,359.8941,68.47488,293.3611,0.6178612,0.7797788,0.1724485,4.704975,5.643245,2.023237,Nothing
0.1813354,13,1,0,2,0.5242417,0.8236988,0.2942977,359.8816,68.4771,293.1387,0.6179476,0.7798128,0.1724368,4.689082,5.645278,2.017346,Nothing
0.1886597,13,1,0,2,0.5244757,0.8237004,0.2940151,359.9188,68.47349,292.9173,0.6180133,0.7799572,0.1724482,4.653599,5.651927,2.015949,Nothing
0.1973877,13,1,0,2,0.5248238,0.8236898,0.2937463,359.9924,68.47113,292.6628,0.6180817,0.7801297,0.172468,4.611236,5.660673,2.010998,Nothing
0.2049255,13,1,0,2,0.525175,0.8234508,0.2932631,0.08616458,68.51329,292.4022,0.6182441,0.7803953,0.1724571,4.550385,5.668243,2.019377,Nothing
0.2137451,13,1,0,2,0.5257545,0.8231843,0.2928254,0.2049676,68.58047,292.1021,0.6183439,0.7807289,0.1724592,4.478928,5.676341,2.018075,Nothing
0.2222595,13,1,0,2,0.5262353,0.8229782,0.2923727,0.3361582,68.64407,291.7924,0.6184955,0.7809421,0.1724818,4.414578,5.682648,2.023912,Nothing
0.2301941,13,1,0,2,0.5267599,0.8225675,0.2919031,0.5152474,68.69092,291.4408,0.6185637,0.7812356,0.17248,4.331498,5.695988,2.023325,Nothing
0.2393799,13,1,0,2,0.5274062,0.8222573,0.2915059,0.6770685,68.71293,291.0963,0.6185253,0.7814735,0.1723077,4.259623,5.712211,2.004672,Nothing
0.2470093,13,1,0,2,0.527857,0.8218759,0.2911766,0.8473927,68.72002,290.7634,0.6186224,0.7818084,0.1722308,4.182818,5.734598,1.999385,Nothing
0.2556763,13,1,0,2,0.5287257,0.8209321,0.2908054,1.29503,68.61503,290.0104,0.6186505,0.7823967,0.1721755,4.016232,5.795566,1.968028,Nothing
0.2640381,13,1,0,2,0.52911,0.8199673,0.2908869,1.620508,68.45876,289.5138,0.6186864,0.7826196,0.1720926,3.905143,5.858479,1.939681,Nothing
0.2728271,13,1,0,2,0.5294333,0.8189836,0.2909959,1.988929,68.25154,288.9155,0.6185854,0.7829364,0.1720129,3.777398,5.929765,1.90181,Nothing
0.2798767,13,1,0,2,0.5298058,0.8180488,0.2911496,2.371108,68.0027,288.2329,0.6185143,0.7831974,0.1719595,3.645335,6.004145,1.857501,Nothing
0.2892151,13,1,0,2,0.5301763,0.8169281,0.2912939,2.783805,67.71789,287.4974,0.6183739,0.7834724,0.1719301,3.496805,6.080472,1.806018,Nothing
0.2970276,13,1,0,2,0.5304161,0.8159668,0.2914878,3.127577,67.44306,286.7182,0.6181892,0.7837237,0.1718579,3.354628,6.157942,1.755561,Nothing
0.3056946,13,1,0,2,0.5307537,0.8150726,0.2915936,3.537625,67.14111,285.9338,0.6180449,0.7838709,0.1718702,3.214886,6.223099,1.703821,Nothing
0.3135071,13,1,0,2,0.5310371,0.8140814,0.2916889,3.942529,66.86787,285.1701,0.6177982,0.7841036,0.1718857,3.068028,6.283895,1.65222,Nothing
0.3223267,13,1,0,2,0.5313165,0.8129607,0.2915172,4.370805,66.62105,284.4041,0.6174914,0.7843449,0.172003,2.90856,6.326056,1.607461,Nothing
0.3311157,13,1,0,2,0.531679,0.8119508,0.2913606,4.787266,66.40653,283.6184,0.6171256,0.7846841,0.1720747,2.747954,6.364404,1.558196,Nothing
0.3387756,13,1,0,2,0.5320191,0.8110805,0.290982,5.171871,66.22912,282.7928,0.6168122,0.784985,0.1722128,2.588306,6.387341,1.521449,Nothing
0.3486023,13,1,0,2,0.5324661,0.810088,0.2905581,5.560053,66.05991,281.893,0.616439,0.785471,0.1724674,2.404565,6.402582,1.479638,Nothing
0.355896,13,1,0,2,0.5330906,0.8089835,0.2901064,5.990563,65.88675,280.9483,0.6161961,0.785524,0.1726696,2.230763,6.412563,1.436444,Nothing
0.3641052,13,1,0,2,0.5337553,0.8075489,0.2893834,6.482473,65.7411,279.9122,0.6156636,0.7866014,0.1729498,1.979756,6.410813,1.382126,Nothing
0.3731384,13,1,0,2,0.5349934,0.8046534,0.287906,7.451275,65.48547,277.8983,0.6144276,0.7880069,0.1731046,1.526654,6.392826,1.265937,Nothing
0.3815002,13,1,0,2,0.5360792,0.8028501,0.2865375,8.000763,65.50768,276.8452,0.6138417,0.7899324,0.1732377,1.216099,6.343738,1.207383,Nothing
0.3884888,13,1,0,2,0.5372593,0.8009062,0.2847171,8.60907,65.70992,275.9749,0.6132562,0.7912521,0.1735494,0.9421922,6.248193,1.176861,Nothing
0.3970947,13,1,0,2,0.5381402,0.7993041,0.2836193,9.111548,65.72298,275.1163,0.6126124,0.7924792,0.1738053,0.7038035,6.185361,1.120248,Nothing
0.4054871,13,1,0,2,0.5389378,0.7978092,0.2825259,9.584297,65.7663,274.4192,0.6116182,0.7941868,0.1741374,0.4693675,6.107749,1.051462,Nothing
0.4143982,13,1,0,2,0.5396484,0.7964518,0.2819786,9.978748,65.6822,273.7792,0.6105614,0.7960297,0.174542,0.2508426,6.047942,0.959025,Nothing
0.4233704,13,1,0,2,0.5400968,0.7952639,0.2816416,10.3315,65.54415,273.1512,0.6097046,0.798046,0.1747554,0.03700192,6.011127,0.8714178,Nothing
0.4325867,13,1,0,2,0.5405954,0.7946195,0.2815588,10.51758,65.37749,272.6549,0.6087259,0.7999904,0.1750826,-0.1276381,5.971965,0.7759176,Nothing
0.4399109,13,1,0,2,0.5411081,0.7940361,0.2809647,10.70715,65.34775,272.1444,0.6075692,0.8021041,0.1754171,-0.3016475,5.902164,0.6948208,Nothing
0.4475403,13,1,0,2,0.5416501,0.793422,0.2803455,10.90292,65.3169,271.6289,0.6065412,0.8041886,0.1757999,-0.4756549,5.828482,0.6184977,Nothing
0.4559937,13,1,0,2,0.5421898,0.7934585,0.2795822,10.9038,65.3832,271.3886,0.6054852,0.8062993,0.1763024,-0.5921143,5.741364,0.5632408,Nothing
0.4635315,13,1,0,2,0.542428,0.7932495,0.2793269,10.96207,65.35616,271.106,0.6044195,0.8085706,0.17684,-0.7298112,5.680607,0.4974433,Nothing
0.4723206,13,1,0,2,0.5428305,0.7931204,0.2790786,10.99459,65.29133,270.8524,0.6033316,0.810681,0.1772763,-0.8498394,5.620184,0.4204449,Nothing
0.4804688,13,1,0,2,0.5431066,0.7932004,0.2789636,10.95661,65.2325,270.6787,0.6023508,0.8126972,0.1778608,-0.9489609,5.563854,0.3582442,Nothing
0.4897766,13,1,0,2,0.5439996,0.793431,0.2782043,10.90177,65.20864,270.2773,0.6019138,0.8151724,0.1789789,-1.088811,5.450081,0.3170843,Nothing
0.4979858,13,1,0,2,0.5441883,0.7940112,0.2777756,10.74035,65.39455,270.483,0.6011105,0.8176282,0.1795887,-1.15574,5.388346,0.2989798,Nothing
0.5056458,13,1,0,2,0.5456352,0.7949783,0.2752703,10.4963,66.03136,270.4676,0.6000737,0.822155,0.1813414,-1.330692,5.150088,0.3066955,Nothing
0.5138855,13,1,0,2,0.5468441,0.7953321,0.2732239,10.41028,66.57498,270.5164,0.5998876,0.8248928,0.1825262,-1.447875,4.979286,0.3363947,Nothing
0.5221558,13,1,0,2,0.5479133,0.7958391,0.2713296,10.32359,67.05018,270.5955,0.6003458,0.827543,0.1836072,-1.554869,4.835523,0.3888528,Nothing
0.530426,13,1,0,2,0.5495753,0.795665,0.2689568,10.35793,67.77917,270.6981,0.6008031,0.8308172,0.1851943,-1.724708,4.635327,0.4365366,Nothing
0.5390625,13,1,0,2,0.5506893,0.7956058,0.267048,10.35956,68.2976,270.7324,0.6012194,0.8334215,0.1861163,-1.859432,4.493632,0.4733825,Nothing
0.5478516,13,1,0,2,0.5518895,0.7954609,0.2649164,10.38146,68.91098,270.8596,0.6015716,0.8365989,0.1874042,-2.020202,4.324943,0.5117367,Nothing
0.5553894,13,1,0,2,0.5530512,0.7953547,0.2631716,10.38864,69.44376,270.9676,0.6018808,0.8398625,0.1888779,-2.182738,4.16552,0.5373248,Nothing
0.5638733,13,1,0,2,0.5542082,0.7953922,0.2614719,10.36104,69.92941,271.1553,0.6020697,0.8423731,0.1900774,-2.294736,4.021615,0.5556319,Nothing
0.5722351,13,1,0,2,0.5549692,0.7956444,0.2606074,10.26191,70.23883,271.3456,0.6020615,0.8452798,0.1912813,-2.410923,3.921857,0.557182,Nothing
0.5810547,13,1,0,2,0.5557315,0.7959524,0.2596478,10.16963,70.54465,271.5524,0.6017123,0.8480673,0.1923434,-2.515571,3.819978,0.5431,Nothing
0.5889282,13,1,0,2,0.5564898,0.7961036,0.2586368,10.10074,70.87638,271.7233,0.6016355,0.851267,0.1937031,-2.653801,3.706409,0.5415741,Nothing
0.5975037,13,1,0,2,0.5570415,0.7960995,0.2579961,10.02863,71.14775,272.0273,0.6012546,0.8539293,0.1948971,-2.762533,3.62305,0.5262583,Nothing
0.6054993,13,1,0,2,0.5576115,0.796154,0.2573317,10.00596,71.45515,272.3318,0.6004289,0.8563423,0.1961589,-2.855548,3.528551,0.4931738,Nothing
0.6138611,13,1,0,2,0.5582746,0.7959582,0.2563999,9.988262,71.80054,272.6049,0.599763,0.859244,0.1970621,-2.986451,3.439845,0.4564229,Nothing
0.6220093,13,1,0,2,0.5589303,0.795285,0.2555672,10.0707,72.27195,273.1284,0.5989756,0.8616518,0.1979469,-3.103251,3.367844,0.4130411,Nothing
0.6302185,13,1,0,2,0.5606207,0.7944929,0.2530145,10.11,73.29875,273.9521,0.5974227,0.8668965,0.1996477,-3.349017,3.175428,0.328217,Nothing
0.6387329,13,1,0,2,0.5613558,0.7941548,0.2515805,10.09552,73.91744,274.474,0.5966046,0.8693125,0.2005549,-3.457845,3.078171,0.2977488,Nothing
0.6500244,13,1,0,2,0.5625437,0.7937326,0.2488933,10.07773,74.9324,275.2251,0.5953388,0.8720002,0.2011376,-3.576291,2.939189,0.2504389,Nothing
0.6635437,13,1,0,2,0.5636343,0.7935681,0.2466917,9.977497,75.82011,275.9247,0.5942386,0.8745127,0.2015289,-3.675747,2.83611,0.204833,Nothing
0.6725159,13,1,0,2,0.5654831,0.793962,0.242244,9.636294,77.51098,277.236,0.5922818,0.8798641,0.2025357,-3.871584,2.630223,0.1404495,Nothing
0.684082,13,1,0,2,0.5662279,0.7944605,0.2404495,9.35131,78.23566,277.8993,0.5912597,0.8823177,0.2028116,-3.942488,2.563362,0.111056,Nothing
0.6893921,13,1,0,2,0.5667987,0.7951103,0.2393594,9.064369,78.73509,278.4312,0.5901965,0.8849486,0.2031613,-4.016075,2.523857,0.07256636,Nothing
0.6963806,13,1,0,2,0.5674931,0.7957767,0.2382429,8.811612,79.24929,278.9522,0.5892739,0.8872765,0.2035807,-4.07751,2.47938,0.0352288,Nothing
0.7049561,13,1,0,2,0.567713,0.7972365,0.2381659,8.36046,79.42948,279.3675,0.5882664,0.8897978,0.2039502,-4.107002,2.4824,0.01530186,Nothing
0.713501,13,1,0,2,0.5678942,0.7987077,0.2375775,7.940989,79.70152,279.8318,0.5872548,0.8919891,0.2043545,-4.124881,2.461502,0.004592439,Nothing
0.7217712,13,1,0,2,0.5676969,0.8001095,0.2378697,7.515197,79.85041,280.2736,0.5863784,0.8938273,0.2049306,-4.126363,2.475995,0.0104402,Nothing
0.7297974,13,1,0,2,0.5677906,0.801295,0.2372806,7.139015,80.12566,280.7742,0.5853548,0.8959767,0.2053612,-4.155939,2.460811,-0.001347546,Nothing
0.7384644,13,1,0,2,0.567991,0.8024666,0.2371151,6.756237,80.34518,281.3057,0.584286,0.8979666,0.2057738,-4.172898,2.467025,-0.02391779,Nothing
0.7478638,13,1,0,2,0.5684982,0.8035251,0.2364851,6.397306,80.64729,281.8768,0.5830634,0.8995635,0.2062466,-4.180058,2.445807,-0.06199953,Nothing
0.7553406,13,1,0,2,0.568983,0.8055117,0.2354617,5.7148,81.25397,282.9582,0.5812342,0.9033656,0.2076031,-4.240005,2.411765,-0.09095101,Nothing
0.7630005,13,1,0,2,0.5690518,0.8052325,0.2350463,5.781789,81.33789,282.96,0.5813121,0.90315,0.2076718,-4.248564,2.390008,-0.09080133,Nothing
0.7712402,13,1,0,2,0.5694894,0.8069633,0.2338676,5.139236,81.96252,283.9411,0.5794009,0.9067109,0.2089001,-4.317132,2.352355,-0.1255552,Nothing
0.779541,13,1,0,2,0.56993,0.807528,0.2334217,4.881028,82.25557,284.3053,0.5787911,0.9082891,0.2097317,-4.363235,2.324588,-0.1430977,Nothing
0.7886353,13,1,0,2,0.5700139,0.8080816,0.2330133,4.657446,82.43685,284.5096,0.5781428,0.9098848,0.2105016,-4.416741,2.293074,-0.1517711,Nothing
0.7962036,13,1,0,2,0.5701417,0.8088344,0.2328812,4.411345,82.57745,284.7567,0.5776151,0.911263,0.2115482,-4.449902,2.261119,-0.1541278,Nothing
0.8048401,13,1,0,2,0.5703896,0.8095501,0.2326223,4.160682,82.68833,284.9815,0.5771871,0.9124624,0.2125956,-4.479361,2.220291,-0.1563614,Nothing
0.8136597,13,1,0,2,0.5704203,0.8102728,0.2323868,3.932158,82.80537,285.1804,0.5767623,0.9133419,0.2139649,-4.49939,2.161582,-0.1472305,Nothing
0.8210144,13,1,0,2,0.570497,0.8109621,0.23219,3.741703,82.90111,285.3053,0.5762324,0.9144318,0.2150727,-4.529538,2.112997,-0.1515806,Nothing
0.8309021,13,1,0,2,0.5705478,0.8116472,0.2320211,3.523556,83.01218,285.4876,0.5759035,0.91523,0.2164383,-4.548094,2.056535,-0.1405591,Nothing
0.8381042,13,1,0,2,0.5705096,0.8120171,0.2320017,3.374146,83.07867,285.5743,0.5757574,0.915951,0.2178416,-4.579883,2.002503,-0.1247319,Nothing
0.8466797,13,1,0,2,0.5705334,0.8125534,0.2319589,3.226938,83.13436,285.6703,0.5756806,0.916742,0.2192857,-4.607896,1.945212,-0.1083194,Nothing
0.8548279,13,1,0,2,0.5705501,0.8130788,0.2317746,3.118756,83.2084,285.7446,0.5757553,0.9173588,0.2205151,-4.628445,1.888371,-0.08769512,Nothing
0.8632202,13,1,0,2,0.5706029,0.8134232,0.2316104,3.010907,83.3057,285.8344,0.5754493,0.9182498,0.2216741,-4.667891,1.840219,-0.08836624,Nothing
0.8718262,13,1,0,2,0.570514,0.8139199,0.2313074,2.894056,83.40757,285.9286,0.5753478,0.919024,0.2226199,-4.694365,1.79451,-0.0717452,Nothing
0.8799744,13,1,0,2,0.5706577,0.8143121,0.2309491,2.782988,83.50932,285.9869,0.5752478,0.9197897,0.2235918,-4.727349,1.742102,-0.06649478,Nothing
0.8884277,13,1,0,2,0.5706667,0.8152112,0.2303061,2.543276,83.72704,286.0959,0.5750631,0.9211287,0.2252446,-4.775123,1.651004,-0.04221625,Nothing
0.8979187,13,1,0,2,0.5707609,0.8156396,0.2300311,2.432416,83.83067,286.0682,0.5751824,0.9218011,0.2260899,-4.80218,1.600864,-0.02555974,Nothing
0.9053345,13,1,0,2,0.5705726,0.8157853,0.2297686,2.370783,83.89635,285.9641,0.575478,0.922399,0.2269919,-4.841483,1.547535,0.008009368,Nothing
0.9129639,13,1,0,2,0.5705323,0.8161925,0.229468,2.279518,83.97373,285.9611,0.575828,0.9229498,0.2276397,-4.860903,1.507834,0.03924377,Nothing
0.9212646,13,1,0,2,0.5706278,0.8165373,0.2291086,2.232546,84.0133,285.9464,0.5764487,0.9234225,0.2285222,-4.883757,1.454389,0.07426081,Nothing
0.9300232,13,1,0,2,0.570641,0.816653,0.2290762,2.217519,84.02554,285.9554,0.5769835,0.9237335,0.2294374,-4.905177,1.417309,0.104624,Nothing
0.9380798,13,1,0,2,0.5705646,0.8165494,0.2291925,2.231905,83.99102,285.9629,0.5775531,0.9238747,0.2306047,-4.930302,1.37697,0.1386777,Nothing
0.9469299,13,1,0,2,0.5704587,0.8164566,0.229463,2.278925,83.88726,285.9673,0.5782552,0.923836,0.2318425,-4.945734,1.33906,0.1775462,Nothing
0.954834,13,1,0,2,0.5703069,0.8164944,0.2296351,2.283592,83.81335,285.9359,0.5788952,0.923699,0.2330711,-4.95261,1.290841,0.2204158,Nothing
0.9641113,13,1,0,2,0.5702084,0.8165591,0.2297159,2.277455,83.7674,285.9196,0.5793948,0.9235123,0.2343518,-4.95741,1.235211,0.2560195,Nothing
0.9712524,13,1,0,2,0.5700873,0.8167216,0.229722,2.247481,83.70942,285.8568,0.5801917,0.9230399,0.2358854,-4.949841,1.157551,0.3114218,Nothing
0.9809265,13,1,0,2,0.5699139,0.8168582,0.2296606,2.224805,83.69591,285.7968,0.5807538,0.922397,0.2371702,-4.933075,1.085211,0.3567339,Nothing
0.9892578,13,1,0,2,0.5698696,0.8171266,0.2293833,2.179564,83.72971,285.7686,0.5813427,0.921791,0.2385259,-4.914902,1.000274,0.4005528,Nothing
0.997467,13,1,0,2,0.5698172,0.8172925,0.2291402,2.143351,83.77309,285.7338,0.5817138,0.9211627,0.2397702,-4.898501,0.9211748,0.4325484,Nothing
1.004791,13,1,0,2,0.5698016,0.8175209,0.2287325,2.100714,83.85795,285.7334,0.581867,0.9207337,0.2410146,-4.889866,0.8373953,0.4531294,Nothing
1.013458,13,1,0,2,0.5698024,0.8178983,0.2280974,2.037308,83.98225,285.7362,0.5823047,0.9193115,0.2432194,-4.844325,0.6859654,0.4953443,Nothing
1.022095,13,1,0,2,0.5698937,0.8180029,0.2277705,2.024753,84.04702,285.7549,0.5819804,0.9185439,0.2444066,-4.823849,0.6044157,0.4849441,Nothing
1.029785,13,1,0,2,0.5700166,0.8179135,0.2277844,2.049904,84.04691,285.752,0.5820615,0.9177312,0.2452935,-4.802319,0.55493,0.4863992,Nothing
1.039368,13,1,0,2,0.5700323,0.8179622,0.2276614,2.047596,84.06357,285.7375,0.5822069,0.9170143,0.2462618,-4.781665,0.494629,0.4991744,Nothing
1.047028,13,1,0,2,0.5701222,0.8178913,0.2275522,2.043379,84.04644,285.6937,0.5825333,0.9163467,0.2470148,-4.765885,0.445456,0.5162261,Nothing
1.055298,13,1,0,2,0.5700758,0.8179481,0.2276623,2.030241,83.9939,285.6447,0.5828878,0.9157966,0.24778,-4.746789,0.4064342,0.5413502,Nothing
1.063812,13,1,0,2,0.5700958,0.8179892,0.2280211,2.040353,83.88311,285.5671,0.5834325,0.9155609,0.2481883,-4.735203,0.3983825,0.5677819,Nothing
1.072266,13,1,0,2,0.5700486,0.8180205,0.228291,2.038818,83.79295,285.5158,0.5837386,0.9153741,0.2486638,-4.728013,0.3850273,0.5874413,Nothing
1.08017,13,1,0,2,0.5700247,0.8180491,0.2284495,2.038957,83.73199,285.4711,0.584322,0.9150847,0.2488053,-4.713474,0.3821772,0.6175535,Nothing
1.088531,13,1,0,2,0.5699728,0.8179041,0.2284614,2.06658,83.70095,285.4451,0.5845457,0.9150859,0.2489879,-4.722794,0.3761219,0.6294661,Nothing
1.097321,13,1,0,2,0.5699749,0.8178717,0.228405,2.079675,83.71317,285.445,0.5845478,0.9153497,0.2490155,-4.737632,0.3759135,0.628138,Nothing
1.105194,13,1,0,2,0.5699971,0.8178319,0.2282869,2.092313,83.74545,285.4566,0.5846119,0.9153085,0.2489641,-4.73859,0.37364,0.6289325,Nothing
1.114105,13,1,0,2,0.5701312,0.8178035,0.2282539,2.108725,83.78848,285.4945,0.5846883,0.9152485,0.2488189,-4.735743,0.3806283,0.6236665,Nothing
1.122192,13,1,0,2,0.5701565,0.8177091,0.2281395,2.120513,83.82677,285.5285,0.5845842,0.915206,0.2487487,-4.738666,0.3809068,0.616124,Nothing
1.131866,13,1,0,2,0.5702419,0.8176959,0.2280351,2.14123,83.87291,285.6093,0.5846536,0.9150684,0.2484943,-4.73084,0.3921869,0.612403,Nothing
1.139008,13,1,0,2,0.5703099,0.8176396,0.2279997,2.143021,83.87443,285.6387,0.5844119,0.9150679,0.2483823,-4.732121,0.3971401,0.5971009,Nothing
1.147339,13,1,0,2,0.5702533,0.8176917,0.2280825,2.126159,83.84704,285.6609,0.5844848,0.9150382,0.2481743,-4.724243,0.412176,0.6036892,Nothing
1.155365,13,1,0,2,0.5700622,0.8178142,0.2282237,2.080033,83.76221,285.6359,0.5846414,0.9149171,0.2479935,-4.708449,0.4245203,0.6239375,Nothing
1.163788,13,1,0,2,0.5699685,0.8181176,0.2282816,2.02551,83.70548,285.6289,0.5847368,0.9148247,0.2478417,-4.686941,0.4300598,0.6377258,Nothing
1.171906,13,1,0,2,0.5699042,0.8183616,0.2284706,1.975607,83.63845,285.6027,0.5850327,0.9145994,0.2479611,-4.664033,0.4278293,0.6601854,SelectionStart
1.171906,13,1,0,2,0.5699042,0.8183616,0.2284706,1.975607,83.63845,285.6027,0.5850327,0.9145994,0.2479611,-4.664033,0.4278293,0.6601854,Selecting
1.196198,13,1,0,2,0.5694274,0.8190515,0.2288208,1.815011,83.48979,285.5448,0.5867312,0.9136471,0.2483959,-4.587949,0.4120805,0.7810566,Selecting
1.223328,13,1,0,2,0.5692395,0.819508,0.2281668,1.681802,83.65018,285.6361,0.5876978,0.9118686,0.2491619,-4.501962,0.3293671,0.8544534,Selecting
1.248566,13,1,0,2,0.5693467,0.8199446,0.2278481,1.56003,83.79174,285.7451,0.5896092,0.9100096,0.2502286,-4.412712,0.2519499,0.957102,Selecting
1.278625,13,1,0,2,0.5691717,0.8202795,0.2287407,1.462139,83.57738,285.7464,0.5906773,0.9096488,0.2493647,-4.355128,0.3332103,1.018324,Selecting
1.31311,13,1,0,2,0.568803,0.8204401,0.2296617,1.404385,83.32819,285.8076,0.5934501,0.9090628,0.2484866,-4.293701,0.4321494,1.165803,Selecting
1.379028,13,1,0,2,0.5680597,0.8211012,0.2302095,1.25841,83.17983,285.9219,0.5996468,0.9067482,0.2474174,-4.1279,0.5173782,1.500527,Selecting
1.404755,13,1,0,2,0.567609,0.8220292,0.230701,1.035506,83.0455,285.9723,0.6024651,0.9053687,0.2466662,-3.996416,0.5680724,1.667277,Selecting
1.439178,13,1,0,2,0.567427,0.822899,0.2306672,0.794648,83.09362,286.08,0.6047336,0.9033452,0.2461632,-3.8481,0.5692996,1.79864,Selecting
1.472809,13,1,0,2,0.5674347,0.8231233,0.2308837,0.6540475,83.15076,286.3217,0.605529,0.90154,0.2455399,-3.737155,0.5978601,1.841145,Selecting
1.512207,13,1,0,2,0.5674186,0.8234033,0.2310413,0.5272775,83.18452,286.4516,0.6072984,0.8999624,0.2447477,-3.632498,0.6320001,1.929013,Selecting
1.583282,13,1,0,2,0.5671817,0.823451,0.2314191,0.6582261,82.96416,286.2254,0.6116515,0.8962629,0.243437,-3.438329,0.6792653,2.131315,Selecting
1.621704,13,1,0,2,0.5665986,0.8236397,0.2320107,0.5777396,82.79897,286.221,0.6154827,0.8937458,0.2433092,-3.295203,0.7066919,2.342594,Selecting
1.658569,13,1,0,2,0.5664358,0.823888,0.2315309,0.4244335,82.98376,286.4734,0.6162568,0.8915794,0.2427782,-3.176045,0.6871151,2.395609,Selecting
1.716553,13,1,0,2,0.5660428,0.8247013,0.2324941,0.2047576,82.76292,286.499,0.6176285,0.8902609,0.2417617,-3.037639,0.7659046,2.480761,Selecting
1.853607,13,1,0,2,0.5671995,0.8237228,0.2308819,0.5046875,83.02417,286.2147,0.6194202,0.8894157,0.2412461,-3.076843,0.6991548,2.500024,Selecting
1.93457,13,1,0,2,0.5674779,0.8231942,0.2310271,0.6314945,83.04333,286.2112,0.619265,0.8894295,0.2415305,-3.109545,0.6981214,2.473011,Selecting
1.96698,13,1,0,2,0.5672329,0.8234589,0.2316092,0.5470775,82.9474,286.3334,0.6200067,0.8888206,0.2413896,-3.052624,0.7344982,2.520815,Selecting
2.002502,13,1,0,2,0.5668966,0.8241833,0.2313681,0.3841276,82.95995,286.2733,0.6207266,0.8879973,0.2414968,-2.979141,0.6983159,2.582119,Selecting
2.047638,13,1,0,2,0.5665818,0.8245133,0.2317078,0.3271081,82.86775,286.2723,0.6218662,0.8869119,0.2417352,-2.907453,0.6956394,2.653908,Selecting
2.12439,13,1,0,2,0.5670205,0.8242638,0.2312534,0.3926143,82.96315,286.2138,0.6223151,0.8868787,0.2412123,-2.921282,0.6952878,2.650259,Selecting
2.157898,13,1,0,2,0.5671808,0.8239564,0.2311462,0.469217,82.98615,286.2106,0.6216569,0.8870448,0.2408077,-2.943751,0.7102042,2.605596,Selecting
2.196198,13,1,0,2,0.5671282,0.8241474,0.2312131,0.4596835,82.89526,286.1097,0.6217858,0.8870102,0.2407951,-2.931832,0.7105822,2.614514,Selecting
2.23587,13,1,0,2,0.5671006,0.8238031,0.2312343,0.5210721,82.9112,286.1414,0.6216717,0.8866413,0.2407055,-2.931851,0.7164762,2.606516,Selecting
2.310303,13,1,0,2,0.5662755,0.8249171,0.2319511,0.3164562,82.69722,286.0736,0.6226493,0.8851274,0.2404996,-2.78613,0.737716,2.697959,Selecting
2.348816,13,1,0,2,0.5660132,0.825304,0.2318896,0.169225,82.77799,286.2173,0.6234978,0.8838571,0.2402686,-2.698975,0.7311657,2.756947,Selecting
2.385315,13,1,0,2,0.5659042,0.8258291,0.2321206,0.006107897,82.73089,286.2682,0.6243845,0.8828503,0.2401924,-2.614391,0.7328009,2.810117,Selecting
2.426666,13,1,0,2,0.5662043,0.8253928,0.2321702,0.142886,82.71343,286.2421,0.6247796,0.882349,0.2398517,-2.612629,0.7516869,2.805771,Selecting
2.507843,13,1,0,2,0.566802,0.8248651,0.2315887,0.3167192,82.78448,286.0805,0.6265851,0.8824949,0.2397648,-2.65948,0.7367855,2.857323,Selecting
2.547302,13,1,0,2,0.5667679,0.8246654,0.231237,0.3437808,82.88679,286.1119,0.627026,0.8825505,0.2398713,-2.678846,0.7189959,2.881033,Selecting
2.586761,13,1,0,2,0.5663995,0.8250666,0.2317697,0.2463332,82.74852,286.0786,0.6280885,0.8825034,0.2399182,-2.643645,0.7472765,2.950618,Selecting
2.690948,13,1,0,2,0.5662435,0.8256252,0.2319975,0.08118024,82.73031,286.1514,0.6296512,0.881732,0.2400797,-2.569783,0.744544,3.039385,Selecting
2.754456,13,1,0,2,0.566576,0.8254653,0.2312427,0.1676746,82.84857,286.0277,0.6306313,0.8809751,0.2402183,-2.560905,0.6895306,3.071303,Selecting
2.792084,13,1,0,2,0.5666277,0.8254198,0.2313956,0.1994231,82.77172,285.94,0.6315515,0.8800475,0.2404221,-2.521445,0.6812478,3.111354,Selecting
2.872345,13,1,0,2,0.5664009,0.8256577,0.2315504,0.1405176,82.74844,285.9814,0.6324894,0.8789383,0.2407252,-2.456002,0.6657807,3.170108,Selecting
2.913635,13,1,0,2,0.5661155,0.8262467,0.2315952,359.9887,82.74738,286.0036,0.6323107,0.8789024,0.2405449,-2.415942,0.6671045,3.180526,Selecting
2.9534,13,1,0,2,0.5662501,0.8259463,0.2316121,0.04371492,82.76878,286.0313,0.6323448,0.8791651,0.2403795,-2.442432,0.6830708,3.172246,Selecting
3.037628,13,1,0,2,0.5664279,0.8259155,0.2313821,0.09749417,82.77276,285.9242,0.6320071,0.8793957,0.2404092,-2.46277,0.6677486,3.147049,Selecting
3.078979,13,1,0,2,0.5664493,0.8259403,0.2312275,0.07898092,82.79424,285.9171,0.631725,0.8795204,0.2401768,-2.466243,0.6691181,3.133057,Selecting
3.118134,13,1,0,2,0.5663315,0.8260614,0.2312275,0.03319985,82.76678,285.9064,0.6318359,0.8792766,0.2402427,-2.44732,0.6629812,3.146314,Selecting
3.180481,13,1,0,2,0.5662394,0.8262559,0.2314723,0.02257207,82.72531,285.9059,0.6322204,0.879019,0.2402754,-2.421922,0.6714925,3.168048,Selecting
3.31601,13,1,0,2,0.5661211,0.8269851,0.231221,359.8864,82.76025,285.9234,0.6337135,0.8779847,0.240081,-2.3322,0.6519483,3.25028,Selecting
3.404816,13,1,0,2,0.5660846,0.8272356,0.2312477,359.7665,82.77122,285.8961,0.6341947,0.8777408,0.2399069,-2.299957,0.654004,3.278495,Selecting
3.465149,13,1,0,2,0.5661643,0.8266515,0.2313369,359.9544,82.7162,285.8338,0.6344102,0.8775149,0.2400986,-2.327644,0.6582392,3.277675,Selecting
3.572266,13,1,0,2,0.5658953,0.8276911,0.2311082,359.6449,82.82082,285.964,0.6348943,0.8776177,0.2399179,-2.267028,0.6426964,3.326262,Selecting
3.633514,13,1,0,2,0.566027,0.8271435,0.2312249,359.8092,82.76322,285.9491,0.6353304,0.8775185,0.2399364,-2.294146,0.6599874,3.333358,Selecting
3.753906,13,1,0,2,0.5661402,0.8274984,0.2309123,359.7209,82.86283,285.9655,0.6354356,0.8773059,0.2399819,-2.269286,0.6299302,3.338643,Selecting
3.817291,13,1,0,2,0.565909,0.8271739,0.2312115,359.7869,82.77765,285.9311,0.6355093,0.8775283,0.2399224,-2.291843,0.6595601,3.348301,Selecting
3.929352,13,1,0,2,0.5659731,0.8276378,0.2310142,359.7214,82.76309,285.8156,0.6359236,0.8789558,0.2399661,-2.335842,0.65826,3.369233,Selecting
3.994812,13,1,0,2,0.5659315,0.8279147,0.2309141,359.6316,82.7953,285.801,0.636631,0.8792046,0.240188,-2.332844,0.6436478,3.410323,Selecting
4.113251,13,1,0,2,0.5657092,0.828442,0.231052,359.5291,82.80103,285.8726,0.6375289,0.8787138,0.2401249,-2.274801,0.6467543,3.465955,Selecting
4.185822,13,1,0,2,0.5655315,0.8285499,0.230849,359.5033,82.79485,285.7946,0.6379051,0.8782405,0.2400613,-2.24812,0.6328423,3.493772,Selecting
4.304901,13,1,0,2,0.5656943,0.8285462,0.2307805,359.4784,82.82367,285.8235,0.6374934,0.8787823,0.2399994,-2.273053,0.6354456,3.467923,Selecting
4.378693,13,1,0,2,0.5656521,0.8286769,0.2308213,359.4839,82.79103,285.7754,0.6373353,0.8786288,0.2400738,-2.261019,0.6296595,3.462313,Selecting
4.617126,13,1,0,2,0.5656127,0.8288168,0.23077,359.4388,82.83277,285.8289,0.6367711,0.8786031,0.2400143,-2.251887,0.6239009,3.439236,Selecting
4.698975,13,1,0,2,0.5659226,0.8284546,0.2304344,359.542,82.89427,285.745,0.6362919,0.8787545,0.2398673,-2.287243,0.6124188,3.399026,Selecting
4.813019,13,1,0,2,0.5656297,0.8286813,0.2304916,359.4826,82.83255,285.7486,0.6364774,0.8787287,0.239794,-2.268615,0.620461,3.423227,Selecting
4.881989,13,1,0,2,0.565675,0.8287971,0.2309095,359.451,82.71395,285.6763,0.6367766,0.8787553,0.2397329,-2.254981,0.6459526,3.433609,Selecting
4.994171,13,1,0,2,0.5657654,0.8288199,0.2308114,359.4054,82.83748,285.9081,0.6389522,0.8805583,0.2386877,-2.316653,0.7251411,3.529249,SelectionEnd
5.084106,13,1,0,2,0.5657654,0.8288199,0.2308114,359.4054,82.83748,285.9081,0.6389522,0.8805583,0.2386877,-2.316653,0.7251411,3.529249,GotSelection
5.102173,13,1,0,2,0.5655886,0.8289921,0.2310923,359.1319,83.07422,286.7792,0.6421325,0.8819357,0.2374655,-2.320066,0.8439139,3.691902,Nothing
5.114655,13,1,0,2,0.5653278,0.8297077,0.2311891,358.9084,83.13828,287.0904,0.643336,0.8818779,0.2373866,-2.26154,0.8530546,3.769147,Nothing
5.124054,13,1,0,2,0.5649804,0.8305254,0.2315424,358.6,83.20179,287.5451,0.6450974,0.8818474,0.2373213,-2.186261,0.8782337,3.878552,Nothing
5.130524,13,1,0,2,0.5649287,0.8307356,0.2315623,358.5341,83.20788,287.6463,0.6453089,0.8815443,0.2373106,-2.156113,0.8756451,3.892907,Nothing
5.137756,13,1,0,2,0.5647184,0.8311679,0.2317415,358.365,83.24248,287.9062,0.6461987,0.8815489,0.237262,-2.115929,0.8890877,3.949983,Nothing
5.146362,13,1,0,2,0.5643057,0.8318518,0.2322334,358.013,83.30664,288.4743,0.6479493,0.8811588,0.2370799,-2.019711,0.9225224,4.060895,Nothing
5.158478,13,1,0,2,0.5639776,0.8323057,0.2326537,357.8163,83.33849,288.9149,0.6487517,0.8808017,0.2370113,-1.952225,0.9460531,4.117827,Nothing
5.17099,13,1,0,2,0.5634372,0.8327127,0.2331016,357.5138,83.52261,289.7206,0.6503428,0.8797969,0.2368472,-1.841748,0.9677926,4.224494,Nothing
5.181335,13,1,0,2,0.5632862,0.8327606,0.2333574,357.38,83.62593,290.1583,0.6510839,0.8793016,0.2368013,-1.795045,0.9797153,4.269201,Nothing
5.187469,13,1,0,2,0.5631675,0.8328912,0.2336227,357.2515,83.69975,290.6335,0.6514685,0.8785704,0.2368866,-1.736454,0.9817619,4.294997,Nothing
5.196747,13,1,0,2,0.563004,0.8328919,0.2339845,357.1327,83.77277,291.1234,0.6520472,0.8778024,0.2368822,-1.678321,0.9943351,4.330825,Nothing
5.205139,13,1,0,2,0.5628765,0.8328913,0.2344298,357.0157,83.83502,291.6153,0.6524637,0.876812,0.2365071,-1.603046,1.022109,4.354162,Nothing
5.212799,13,1,0,2,0.5628392,0.8329431,0.2347943,356.8739,83.87823,292.1331,0.6528101,0.8759137,0.2364151,-1.533443,1.033999,4.372396,Nothing
5.221405,13,1,0,2,0.562669,0.8330801,0.2354583,356.6986,83.90595,292.6674,0.653432,0.8750966,0.2363858,-1.45433,1.056932,4.409414,Nothing
5.229492,13,1,0,2,0.5622579,0.8334916,0.2363406,356.4524,83.87048,293.2999,0.6538055,0.8742138,0.2362366,-1.344928,1.091274,4.444656,Nothing
5.238129,13,1,0,2,0.5619531,0.8336742,0.2370394,356.2534,83.86986,293.891,0.654227,0.8732603,0.2360526,-1.249904,1.117812,4.476706,Nothing
5.246002,13,1,0,2,0.5614829,0.8337972,0.2381977,356.036,83.76947,294.6654,0.654652,0.8722041,0.2358808,-1.134779,1.171499,4.51335,Nothing
5.255554,13,1,0,2,0.5610759,0.8339202,0.2394083,355.8186,83.66859,295.3854,0.6549152,0.8711128,0.2356452,-1.016702,1.224875,4.537878,Nothing
5.26358,13,1,0,2,0.5605864,0.8338975,0.2405228,355.584,83.56752,296.059,0.655108,0.8700546,0.2353558,-0.9055493,1.276127,4.563485,Nothing
5.272095,13,1,0,2,0.5595775,0.8344643,0.2426956,355.0914,83.40714,297.3514,0.6557549,0.8677239,0.2349128,-0.648149,1.341561,4.624999,Nothing
5.279449,13,1,0,2,0.5591551,0.8348796,0.2433995,354.7921,83.41833,297.9439,0.6559939,0.8664043,0.2347585,-0.5177729,1.335446,4.650328,Nothing
5.287842,13,1,0,2,0.5586841,0.8355699,0.2439296,354.4562,83.437,298.5306,0.6561247,0.8650622,0.2345077,-0.3749181,1.314544,4.671654,Nothing
5.296082,13,1,0,2,0.5581821,0.836068,0.2443964,354.1571,83.47593,299.1071,0.6562576,0.8636529,0.2342771,-0.242817,1.29022,4.694122,Nothing
5.304565,13,1,0,2,0.5575663,0.8361922,0.2450946,353.9239,83.44794,299.7186,0.6564017,0.8623639,0.2339771,-0.1250121,1.295051,4.720239,Nothing
5.31311,13,1,0,2,0.5571969,0.8362778,0.2461989,353.7757,83.29321,300.351,0.656444,0.8611244,0.2335562,-0.001400398,1.333009,4.723379,Nothing
5.320618,13,1,0,2,0.556715,0.8358155,0.2476939,353.6846,83.09264,300.9875,0.656395,0.8597738,0.2331742,0.1116945,1.399155,4.725419,Nothing
5.329407,13,1,0,2,0.5562634,0.8352782,0.2495986,353.6904,82.7416,301.5794,0.6563618,0.8585641,0.2327719,0.2258647,1.500722,4.719945,Nothing
5.337524,13,1,0,2,0.5557781,0.8349538,0.2510051,353.6227,82.53234,302.1051,0.6562442,0.8572157,0.2323651,0.3411677,1.558551,4.716225,Nothing
5.347595,13,1,0,2,0.5551437,0.8347183,0.2523133,353.5341,82.35022,302.5549,0.6560831,0.8559405,0.2319002,0.4561378,1.61049,4.717739,Nothing
5.35379,13,1,0,2,0.554563,0.8348426,0.2533074,353.3593,82.20976,303.0345,0.6558649,0.8546204,0.2314756,0.5832627,1.628861,4.71521,Nothing
5.363892,13,1,0,2,0.5538298,0.8352893,0.2541361,353.1225,82.11111,303.5478,0.6556274,0.8532662,0.2311689,0.7221121,1.618867,4.719514,Nothing
5.372589,13,1,0,2,0.5532138,0.8354594,0.2550433,352.8628,82.02888,304.0805,0.6553605,0.8520046,0.2308035,0.85009,1.618946,4.717817,Nothing
5.379333,13,1,0,2,0.5523957,0.8357179,0.2559419,352.6284,81.89986,304.6474,0.6551321,0.8506697,0.2304954,0.9860212,1.614241,4.724345,Nothing
5.387817,13,1,0,2,0.5515508,0.8359265,0.2570437,352.3604,81.78783,305.1897,0.6549466,0.8493791,0.2301323,1.126657,1.617532,4.732552,Nothing
5.396515,13,1,0,2,0.5499747,0.8368795,0.259016,351.7422,81.55746,306.3614,0.65455,0.8467876,0.2294779,1.427872,1.583811,4.737089,Nothing
5.403992,13,1,0,2,0.5492637,0.8377111,0.2597477,351.3605,81.47733,307.0177,0.6543764,0.8455831,0.2291866,1.584693,1.536042,4.735955,Nothing
5.412781,13,1,0,2,0.5482823,0.8382565,0.2610777,350.9879,81.28306,307.7509,0.654219,0.844382,0.228937,1.754946,1.520747,4.740328,Nothing
5.420959,13,1,0,2,0.5473215,0.8386738,0.2627657,350.6777,80.99845,308.44,0.6541315,0.8433796,0.2288113,1.919225,1.530847,4.742811,Nothing
5.429657,13,1,0,2,0.5462718,0.839119,0.2644305,350.3268,80.69617,309.0987,0.6539884,0.8423322,0.2285578,2.092654,1.539447,4.742332,Nothing
5.439117,13,1,0,2,0.5451572,0.8396884,0.2658535,349.9546,80.43259,309.6992,0.6539375,0.841497,0.2284359,2.25227,1.531995,4.752017,Nothing
5.446136,13,1,0,2,0.5441676,0.8405312,0.2668045,349.5349,80.26627,310.2934,0.6538036,0.840735,0.2282483,2.403151,1.491366,4.755467,Nothing
5.45459,13,1,0,2,0.5432061,0.8412479,0.2676158,349.1285,80.15339,310.8733,0.6536254,0.8400927,0.2280793,2.53549,1.447229,4.760011,Nothing
5.46283,13,1,0,2,0.5422879,0.8418789,0.2683353,348.7429,80.08366,311.484,0.6534702,0.8396818,0.2279299,2.649947,1.403065,4.768505,Nothing
5.471039,13,1,0,2,0.5415287,0.8430216,0.2688248,348.2806,80.01917,312.2557,0.6532732,0.8391964,0.227796,2.782414,1.317029,4.761772,Nothing
5.479523,13,1,0,2,0.5407074,0.8434761,0.2696796,347.8814,79.95874,313.0019,0.6530616,0.8388908,0.2277714,2.887346,1.268957,4.763748,Nothing
5.487701,13,1,0,2,0.5398072,0.8437911,0.2706149,347.507,79.89619,313.843,0.6528205,0.8386005,0.2277056,2.991442,1.224185,4.768179,Nothing
5.496521,13,1,0,2,0.5391495,0.8438323,0.2718343,347.1684,79.80212,314.7461,0.6524955,0.8384575,0.22764,3.086482,1.201572,4.758309,Nothing
5.504761,13,1,0,2,0.5382355,0.8443385,0.2728169,346.7304,79.71302,315.5428,0.6521934,0.8383704,0.2276172,3.192883,1.15246,4.75639,Nothing
5.51355,13,1,0,2,0.5365222,0.8456072,0.2744512,345.7953,79.57354,316.9985,0.6514753,0.8379986,0.2274207,3.407252,1.027324,4.736102,Nothing
5.523254,13,1,0,2,0.5355132,0.8470934,0.2747033,345.1421,79.60062,317.5547,0.6511536,0.8381848,0.2274424,3.509885,0.9139625,4.732646,Nothing
5.531036,13,1,0,2,0.5344427,0.8487796,0.2748063,344.454,79.64056,318.0371,0.6508442,0.8384627,0.2274731,3.610008,0.7910346,4.729887,Nothing
5.537781,13,1,0,2,0.533244,0.8503714,0.2749213,343.8018,79.65304,318.5169,0.6507499,0.838912,0.2277097,3.698548,0.6719905,4.744974,Nothing
5.546326,13,1,0,2,0.5322158,0.8521977,0.2750264,343.1477,79.65184,319.0329,0.650466,0.8393484,0.2278147,3.792908,0.5466619,4.736555,Nothing
5.554688,13,1,0,2,0.5311294,0.853245,0.2753885,342.6224,79.58154,319.52,0.6499472,0.8396813,0.227848,3.870677,0.4695072,4.72607,Nothing
5.562683,13,1,0,2,0.5302556,0.8541232,0.2759848,342.1895,79.4701,320.0142,0.6495954,0.8402142,0.2279707,3.938436,0.4171179,4.717932,Nothing
5.571198,13,1,0,2,0.5294259,0.854843,0.2766397,341.8477,79.36644,320.542,0.6492795,0.8407835,0.2280536,3.998253,0.3765358,4.714835,Nothing
5.580231,13,1,0,2,0.5288195,0.8549436,0.2773793,341.5924,79.26582,321.0981,0.6488317,0.8413025,0.2281862,4.032536,0.3614561,4.707438,Nothing
5.588165,13,1,0,2,0.5284179,0.8550515,0.2780248,341.4171,79.17622,321.6451,0.6485587,0.8419387,0.228283,4.056486,0.3530478,4.704592,Nothing
5.597382,13,1,0,2,0.5281143,0.8549097,0.2789399,341.254,79.0806,322.1738,0.6482719,0.8425688,0.2284689,4.07804,0.3617108,4.699144,Nothing
5.60556,13,1,0,2,0.5279806,0.8545909,0.2796773,341.1595,78.97254,322.673,0.6479796,0.843235,0.2285294,4.086631,0.3846691,4.691628,Nothing
5.612976,13,1,0,2,0.5278499,0.8541431,0.2805998,341.1189,78.8286,323.1257,0.6476645,0.8439081,0.2285997,4.097139,0.4272384,4.683473,Nothing
5.62149,13,1,0,2,0.5276293,0.8538529,0.2816007,341.0533,78.66578,323.522,0.6474521,0.8444719,0.2288141,4.118292,0.4604579,4.678138,Nothing
5.629822,13,1,0,2,0.5274754,0.8537394,0.2822585,340.9149,78.49854,323.8883,0.6471922,0.8451456,0.2288805,4.136373,0.4835935,4.665471,Nothing
5.637634,13,1,0,2,0.5268627,0.8541244,0.2829985,340.6996,78.34779,324.2486,0.6469617,0.8457959,0.2289463,4.182277,0.4808712,4.66359,Nothing
5.649261,13,1,0,2,0.5257884,0.8546829,0.2844666,340.2598,78.0309,324.9433,0.6465451,0.8471416,0.22909,4.26627,0.485801,4.657675,Nothing
5.656677,13,1,0,2,0.5250044,0.8547907,0.2854715,340.0976,77.79587,325.2993,0.6462082,0.8477748,0.2289107,4.328137,0.5154086,4.654124,Nothing
5.664246,13,1,0,2,0.5244776,0.8548005,0.2865063,339.9671,77.5668,325.6674,0.6459802,0.8483607,0.2289542,4.377837,0.5425709,4.647865,Nothing
5.67157,13,1,0,2,0.5242839,0.853573,0.2879404,340.0855,77.30687,325.8916,0.6457964,0.8487512,0.2290023,4.400189,0.6513622,4.648297,Nothing
5.679718,13,1,0,2,0.5236899,0.8533459,0.2887617,340.0657,77.11893,326.3164,0.6454809,0.8492365,0.2291094,4.430367,0.675284,4.651827,Nothing
5.687927,13,1,0,2,0.5237236,0.8530491,0.2892907,340.0491,77.05339,326.7377,0.6452087,0.8496602,0.2291569,4.434535,0.6889791,4.640445,Nothing
5.696289,13,1,0,2,0.5237892,0.8526071,0.2898373,340.0757,77.04864,327.2003,0.6448947,0.8500302,0.229168,4.43256,0.7037792,4.63223,Nothing
5.704559,13,1,0,2,0.5240474,0.8520502,0.2901142,340.1118,77.1232,327.6426,0.6445684,0.850355,0.2291715,4.410686,0.7124546,4.624434,Nothing
5.713989,13,1,0,2,0.5243405,0.8514225,0.2903032,340.1725,77.22573,328.005,0.6441978,0.8507408,0.229149,4.378734,0.7313948,4.618485,Nothing
5.720764,13,1,0,2,0.5250244,0.8509677,0.2907414,340.2406,77.27715,328.3298,0.6438052,0.8511837,0.2290958,4.355728,0.7640091,4.586517,Nothing
5.730682,13,1,0,2,0.5253893,0.850414,0.291039,340.3364,77.28866,328.461,0.6432388,0.8515479,0.2290871,4.32687,0.810556,4.560973,Nothing
5.737946,13,1,0,2,0.5254977,0.8499543,0.2917079,340.3951,77.24258,328.6978,0.6427869,0.8519478,0.2289897,4.329891,0.8577634,4.541104,Nothing
5.74646,13,1,0,2,0.5255819,0.8497116,0.2920253,340.4251,77.18993,328.7497,0.6421878,0.8522426,0.2290276,4.318922,0.8927749,4.514209,Nothing
5.755157,13,1,0,2,0.5252236,0.849778,0.2923334,340.415,77.0695,328.7212,0.6416846,0.8525472,0.2290552,4.32846,0.9197952,4.500361,Nothing
5.763184,13,1,0,2,0.5253059,0.8496826,0.292674,340.4198,76.96893,328.726,0.6407511,0.8531422,0.2290766,4.312617,0.9691288,4.456965,Nothing
5.771179,13,1,0,2,0.5251206,0.8499995,0.2929204,340.3738,76.8689,328.6251,0.6402078,0.8533562,0.2291428,4.32143,0.9837238,4.429824,Nothing
5.779572,13,1,0,2,0.5250362,0.8500707,0.2928991,340.4012,76.8262,328.4749,0.6397165,0.8536017,0.2291574,4.307621,1.008332,4.412924,Nothing
5.787781,13,1,0,2,0.525094,0.8503435,0.2928571,340.4055,76.81675,328.3138,0.6392555,0.8538475,0.2292024,4.29346,1.021804,4.390179,Nothing
5.795929,13,1,0,2,0.5250969,0.8505965,0.2928659,340.3915,76.79535,328.186,0.6387966,0.8540836,0.2292536,4.283681,1.033463,4.368367,Nothing
5.804565,13,1,0,2,0.5253543,0.8509574,0.2918056,340.495,76.97655,327.6455,0.638391,0.8543082,0.2293281,4.209104,1.037104,4.363631,Nothing
5.814545,13,1,0,2,0.5257016,0.8510914,0.2912521,340.5904,77.09772,327.3096,0.6380671,0.8544824,0.2292808,4.161064,1.052406,4.350439,Nothing
5.829437,13,1,0,2,0.5265812,0.8511174,0.2900202,340.8682,77.38598,326.676,0.6374283,0.8547653,0.2293845,4.040469,1.080194,4.326765,Nothing
5.838989,13,1,0,2,0.5272931,0.8503954,0.2897094,341.204,77.50146,326.4273,0.6372606,0.8548332,0.2294823,3.965942,1.135673,4.31937,Nothing
5.846222,13,1,0,2,0.5281011,0.849816,0.2890725,341.4965,77.59639,326.1723,0.6370225,0.8549592,0.2295201,3.883476,1.179819,4.302932,Nothing
5.854462,13,1,0,2,0.5286804,0.8492857,0.2886949,341.7631,77.68625,325.9453,0.6369513,0.8550102,0.2295467,3.822478,1.220633,4.297977,Nothing
5.863434,13,1,0,2,0.5295775,0.848586,0.2886831,342.0795,77.76649,325.7377,0.6367472,0.8550919,0.2295782,3.760883,1.284023,4.272389,Nothing
5.871521,13,1,0,2,0.5301361,0.8478194,0.2884608,342.3636,77.84021,325.5374,0.636573,0.8551585,0.2296284,3.697272,1.337882,4.264386,Nothing
5.8797,13,1,0,2,0.5306867,0.8472303,0.2881793,342.6279,77.91236,325.3229,0.6364695,0.8551167,0.2297119,3.639296,1.377249,4.255667,Nothing
5.888092,13,1,0,2,0.530887,0.8464484,0.2880881,342.8719,77.96081,325.0723,0.6363566,0.8550965,0.2297803,3.589699,1.430671,4.260931,Nothing
5.896301,13,1,0,2,0.5314431,0.8455415,0.2878782,343.2764,77.99344,324.7178,0.6361241,0.8549626,0.2299085,3.516609,1.498497,4.247733,Nothing
5.904816,13,1,0,2,0.531543,0.8452198,0.2878173,343.369,77.97414,324.5432,0.6359177,0.8548298,0.2300344,3.492391,1.51904,4.238511,Nothing
5.912903,13,1,0,2,0.531361,0.8453658,0.287842,343.3716,77.92267,324.438,0.6359368,0.8547449,0.2302025,3.496182,1.514819,4.24253,Nothing
5.921265,13,1,0,2,0.5312864,0.8456779,0.2876564,343.3444,77.8772,324.3479,0.6358765,0.8545647,0.230359,3.498189,1.492959,4.23651,Nothing
5.929474,13,1,0,2,0.5307814,0.8463833,0.2877474,343.1557,77.8138,324.3754,0.6358182,0.8544294,0.2305096,3.537508,1.44851,4.238708,Nothing
5.937775,13,1,0,2,0.5303938,0.8466291,0.287677,343.1191,77.76032,324.3421,0.6359339,0.8542743,0.2306801,3.550974,1.427015,4.254014,Nothing
5.946503,13,1,0,2,0.5297586,0.8471488,0.2880766,342.9396,77.67836,324.4206,0.6357885,0.8540987,0.2308747,3.598556,1.393958,4.256127,Nothing
5.954285,13,1,0,2,0.5293657,0.8475275,0.2883381,342.8315,77.59868,324.4814,0.6359423,0.8540969,0.2310591,3.630477,1.373683,4.267524,Nothing
5.962952,13,1,0,2,0.5289242,0.8477691,0.2887023,342.7164,77.51582,324.5665,0.6359125,0.8540166,0.2312008,3.664955,1.358736,4.271869,Nothing
5.97113,13,1,0,2,0.5285295,0.847937,0.2889904,342.6242,77.44166,324.6743,0.6358544,0.8539171,0.2313654,3.692297,1.342618,4.275467,Nothing
5.980072,13,1,0,2,0.5280303,0.8482682,0.2891643,342.5314,77.37232,324.7931,0.6357971,0.8538908,0.2311172,3.734531,1.33023,4.279683,Nothing
5.988525,13,1,0,2,0.5277082,0.8483854,0.289528,342.46,77.29504,324.8831,0.6360426,0.8540226,0.2312122,3.762419,1.330019,4.296103,Nothing
5.996185,13,1,0,2,0.5274906,0.8485196,0.2899086,342.3896,77.24198,324.9327,0.6361958,0.8541002,0.2312745,3.788503,1.330866,4.303792,Nothing
6.004303,13,1,0,2,0.5272582,0.8490218,0.2899451,342.2731,77.21124,324.963,0.6363614,0.8542102,0.2313237,3.812228,1.306453,4.311635,Nothing
6.012909,13,1,0,2,0.5270177,0.8492646,0.2900397,342.162,77.20969,325.0033,0.6365401,0.8544681,0.2313771,3.826151,1.296434,4.327688,Nothing
6.021515,13,1,0,2,0.5264793,0.8498101,0.2903319,341.9719,77.14745,325.0979,0.636797,0.8547019,0.2314109,3.87061,1.27362,4.347807,Nothing
6.029846,13,1,0,2,0.5265964,0.8499202,0.2904515,341.9255,77.11691,325.1697,0.6367129,0.8546649,0.231075,3.892693,1.276784,4.329236,Nothing
6.039612,13,1,0,2,0.5265704,0.8498424,0.2906699,341.931,77.08008,325.258,0.6366221,0.8548287,0.2309156,3.902709,1.293776,4.323831,Nothing
6.045776,13,1,0,2,0.5264038,0.8497144,0.2910177,341.9571,77.0424,325.3593,0.6362571,0.8550803,0.2308452,3.907879,1.318268,4.314495,Nothing
6.054901,13,1,0,2,0.5264685,0.8494995,0.2912914,342.0253,77.00677,325.459,0.6358385,0.8551591,0.2306424,3.910697,1.345449,4.291636,Nothing
6.063416,13,1,0,2,0.5265067,0.849539,0.2912925,342.0208,77.00259,325.5167,0.6353828,0.8552762,0.2306823,3.900691,1.346095,4.271013,Nothing
6.071442,13,1,0,2,0.5266142,0.8495136,0.2914644,342.0253,76.99928,325.5603,0.6352087,0.8553326,0.2306424,3.902538,1.354416,4.257504,Nothing
6.079376,13,1,0,2,0.5267813,0.8494709,0.291384,342.0219,77.01669,325.5716,0.6350976,0.8554074,0.2306079,3.892675,1.357046,4.248505,Nothing
6.087738,13,1,0,2,0.5269265,0.8494016,0.2913204,342.0408,77.04073,325.5722,0.6349639,0.8556266,0.2306066,3.876302,1.367274,4.243012,Nothing
6.096039,13,1,0,2,0.5271,0.8492626,0.291199,342.087,77.07092,325.5704,0.6351131,0.8556763,0.2306482,3.861615,1.370861,4.249193,Nothing
6.105072,13,1,0,2,0.5274038,0.8490188,0.2909745,342.1703,77.14086,325.5305,0.6354707,0.8558195,0.2305712,3.839204,1.38429,4.264829,Nothing
6.113159,13,1,0,2,0.5274611,0.8487676,0.2908755,342.2289,77.15984,325.5406,0.6357077,0.8557656,0.2306618,3.827053,1.386922,4.279846,Nothing
6.121216,13,1,0,2,0.527724,0.8485836,0.2907239,342.2992,77.20645,325.4866,0.6359518,0.855664,0.2306494,3.81287,1.391189,4.285905,Nothing
6.130798,13,1,0,2,0.5279108,0.8484684,0.2906473,342.3457,77.22951,325.4572,0.6362966,0.8554558,0.2305004,3.816659,1.392349,4.293157,Nothing
6.138092,13,1,0,2,0.5280167,0.8484595,0.2907841,342.377,77.2102,325.4093,0.6360493,0.8550532,0.2307397,3.815684,1.382935,4.272172,Nothing
6.14679,13,1,0,2,0.5280544,0.8485507,0.2908924,342.4005,77.14697,325.288,0.6356128,0.8544381,0.2309134,3.822928,1.370652,4.237984,Nothing
6.154144,13,1,0,2,0.5278506,0.8486413,0.2908996,342.389,77.09251,325.2359,0.635329,0.854068,0.2310413,3.831134,1.356459,4.225263,Nothing
6.162872,13,1,0,2,0.5280401,0.8486702,0.2908263,342.3862,77.05125,325.19,0.6347084,0.8533027,0.231453,3.821645,1.322535,4.180182,Nothing
6.170776,13,1,0,2,0.5279633,0.848594,0.2909711,342.4098,77.00999,325.1754,0.6346097,0.8528389,0.2315223,3.834804,1.315278,4.170644,Nothing
6.179565,13,1,0,2,0.5280433,0.8483726,0.2910064,342.463,77.00995,325.1411,0.634702,0.8524823,0.2315949,3.834168,1.314553,4.17066,Nothing
6.187592,13,1,0,2,0.5281427,0.8481308,0.2910143,342.5186,77.02283,325.1593,0.6348594,0.8522813,0.2316275,3.830645,1.316379,4.175972,MinusStart
6.187683,13,1,0,2,0.5281427,0.8481308,0.2910143,342.5186,77.02283,325.1593,0.6348594,0.8522813,0.2316275,3.830645,1.316379,4.175972,Minusing
6.210297,13,1,0,2,0.5281878,0.8476951,0.2911473,342.5688,77.07195,325.2242,0.635597,0.851636,0.2315483,3.852251,1.306769,4.20564,Minusing
6.261963,13,1,0,2,0.5277376,0.8472885,0.2920094,342.607,76.91144,325.4205,0.6362349,0.8501445,0.2318672,3.929217,1.274871,4.223039,Minusing
6.274963,13,1,0,2,0.5270724,0.8468697,0.293001,342.6492,76.70835,325.773,0.6362028,0.8495463,0.2318823,3.996551,1.283442,4.225741,Minusing
6.289276,13,1,0,2,0.5268508,0.8471997,0.293061,342.567,76.65533,325.6778,0.6359559,0.8491337,0.2320131,4.016564,1.258524,4.209509,Minusing
6.302216,13,1,0,2,0.5265473,0.8474959,0.293238,342.5397,76.57239,325.5821,0.6358491,0.8492084,0.2320658,4.033372,1.262877,4.207571,Minusing
6.313416,13,1,0,2,0.5263103,0.8477616,0.2932469,342.5108,76.50923,325.4633,0.6355074,0.8491346,0.2318493,4.050294,1.26771,4.19083,Minusing
6.325775,13,1,0,2,0.5264513,0.8476816,0.2930788,342.5707,76.52541,325.4165,0.6354316,0.8492296,0.2317329,4.035878,1.279797,4.186693,Minusing
6.337494,13,1,0,2,0.5266029,0.8474715,0.2929023,342.642,76.59458,325.4387,0.6356198,0.8494586,0.2313446,4.026884,1.300718,4.198514,Minusing
6.349884,13,1,0,2,0.5269872,0.8472994,0.2927597,342.7261,76.67413,325.4178,0.6357623,0.8496282,0.2311335,4.008457,1.318445,4.199084,Minusing
6.363678,13,1,0,2,0.5271598,0.8471279,0.2926821,342.7684,76.71434,325.4429,0.635712,0.849722,0.2310628,3.994395,1.327678,4.196619,Minusing
6.378784,13,1,0,2,0.526989,0.8467119,0.2931601,342.8121,76.57882,325.4509,0.6356598,0.8498588,0.2310302,4.00591,1.372824,4.195998,Minusing
6.390839,13,1,0,2,0.5267897,0.8466797,0.2935494,342.8235,76.45509,325.3934,0.6356972,0.8500283,0.2310083,4.023986,1.403307,4.196727,Minusing
6.404175,13,1,0,2,0.5266986,0.8467267,0.2937324,342.8203,76.36288,325.3143,0.6360034,0.8502782,0.2310509,4.033391,1.423995,4.209242,Minusing
6.416809,13,1,0,2,0.5265889,0.8467316,0.2935675,342.8399,76.3773,325.3138,0.6363455,0.8503259,0.2310285,4.033247,1.419609,4.232727,Minusing
6.429657,13,1,0,2,0.526884,0.846458,0.29345,342.9191,76.45335,325.346,0.6366187,0.8504632,0.2309886,4.01303,1.430767,4.245112,Minusing
6.442505,13,1,0,2,0.5274329,0.8457414,0.2933204,343.0873,76.54725,325.4374,0.6364468,0.8504988,0.2309628,3.968141,1.457623,4.234372,Minusing
6.455627,13,1,0,2,0.5279509,0.844788,0.2934564,343.3105,76.58736,325.5296,0.6362491,0.850538,0.2309002,3.928796,1.50885,4.220902,Minusing
6.467926,13,1,0,2,0.5282823,0.843826,0.2941554,343.5431,76.45396,325.6123,0.6358615,0.8506709,0.2308379,3.915608,1.591622,4.190399,Minusing
6.479858,13,1,0,2,0.52824,0.8438146,0.294677,343.5544,76.33432,325.6143,0.6358515,0.8507426,0.230778,3.94072,1.618933,4.178578,Minusing
6.491852,13,1,0,2,0.5280285,0.8439592,0.2951018,343.5282,76.20766,325.6127,0.6358697,0.8508466,0.2307347,3.969945,1.635861,4.173878,Minusing
6.503906,13,1,0,2,0.5276432,0.8443832,0.2951595,343.4169,76.16447,325.5703,0.6359728,0.8507467,0.2307917,3.997221,1.612805,4.183607,Minusing
6.516113,13,1,0,2,0.5273541,0.8447659,0.2954125,343.3167,76.07768,325.5807,0.6360607,0.8506933,0.2308773,4.029659,1.597947,4.184756,Minusing
6.529358,13,1,0,2,0.5271687,0.8450924,0.2953575,343.2217,76.0863,325.6197,0.6361188,0.8505253,0.2309866,4.045134,1.564512,4.189543,Minusing
6.54306,13,1,0,2,0.5271919,0.8453438,0.2950615,343.1533,76.17028,325.6359,0.6359719,0.8503614,0.2310468,4.039075,1.529107,4.184899,Minusing
6.555878,13,1,0,2,0.5274547,0.8458806,0.2942266,343.0206,76.41029,325.6098,0.6357882,0.8499888,0.2311558,4.013408,1.4493,4.177002,Minusing
6.567566,13,1,0,2,0.5275851,0.8465694,0.2937568,342.9118,76.55415,325.4756,0.6356351,0.8498442,0.231375,3.999005,1.393749,4.167946,Minusing
6.579315,13,1,0,2,0.5274391,0.8469309,0.2936252,342.8354,76.56873,325.4107,0.635747,0.8498495,0.2313582,4.009234,1.374872,4.175061,Minusing
6.591034,13,1,0,2,0.5272995,0.8470854,0.2936784,342.8084,76.54661,325.4163,0.6358959,0.8498693,0.2313618,4.021742,1.369153,4.18336,Minusing
6.603668,13,1,0,2,0.5272172,0.847107,0.2937918,342.8461,76.49992,325.3695,0.635989,0.8498135,0.2313358,4.03142,1.377797,4.186122,Minusing
6.621246,13,1,0,2,0.5270786,0.846937,0.2941481,342.938,76.4128,325.3994,0.6359309,0.8496657,0.2313163,4.047119,1.39781,4.181862,Minusing
6.633636,13,1,0,2,0.5270187,0.8470335,0.2941572,342.9666,76.41158,325.3959,0.6358675,0.8493848,0.2312876,4.056976,1.386822,4.176527,Minusing
6.649597,13,1,0,2,0.5268292,0.8471046,0.2938618,342.9356,76.50323,325.4048,0.6355872,0.8493043,0.2312219,4.047922,1.36691,4.178505,Minusing
6.664764,13,1,0,2,0.5268405,0.8473848,0.2933262,342.823,76.63721,325.4101,0.6354533,0.8491512,0.2312146,4.035529,1.320878,4.178398,Minusing
6.679413,13,1,0,2,0.5263422,0.8480192,0.2934708,342.6439,76.60784,325.422,0.6354156,0.8490747,0.2311239,4.079355,1.288933,4.180412,Minusing
6.691803,13,1,0,2,0.5259026,0.848228,0.2936785,342.5325,76.5343,325.4409,0.6354419,0.8490852,0.2310533,4.111229,1.28362,4.187751,Minusing
6.706909,13,1,0,2,0.5253865,0.8487965,0.2938983,342.3918,76.44078,325.5075,0.6354293,0.8490729,0.2309799,4.157442,1.260236,4.188933,Minusing
6.7211,13,1,0,2,0.5249271,0.8487769,0.2943381,342.3648,76.35773,325.7094,0.6353662,0.8489546,0.2309341,4.194157,1.257286,4.193442,Minusing
6.733063,13,1,0,2,0.5247563,0.8485323,0.2946495,342.3786,76.31596,325.9029,0.6353342,0.8488918,0.2309259,4.209338,1.261791,4.196171,Minusing
6.74588,13,1,0,2,0.5248407,0.8484271,0.2946742,342.4022,76.334,325.9477,0.6352647,0.8489004,0.230912,4.204306,1.265034,4.192407,Minusing
6.758789,13,1,0,2,0.5249049,0.8488277,0.2944951,342.3013,76.40423,325.9193,0.6352348,0.8489698,0.2308449,4.206964,1.241525,4.187241,Minusing
6.77124,13,1,0,2,0.5247676,0.8495271,0.29437,342.1367,76.45152,325.8671,0.6351885,0.8491257,0.2307825,4.223264,1.209809,4.183431,Minusing
6.783508,13,1,0,2,0.5245617,0.8502171,0.2941237,341.9703,76.46418,325.7605,0.635245,0.849218,0.2307537,4.239058,1.176725,4.185353,Minusing
6.795624,13,1,0,2,0.5241219,0.8508171,0.2939399,341.817,76.44247,325.7133,0.6352335,0.8494145,0.2306876,4.258935,1.151422,4.194155,Minusing
6.807526,13,1,0,2,0.5240409,0.8509809,0.2939229,341.7844,76.43463,325.7051,0.6352437,0.8495134,0.2306272,4.265331,1.148859,4.195366,Minusing
6.820313,13,1,0,2,0.5239847,0.8510967,0.2939604,341.7968,76.43475,325.74,0.6351796,0.8497168,0.2305593,4.266968,1.153379,4.195534,Minusing
6.832306,13,1,0,2,0.5241609,0.8507445,0.293975,341.8783,76.45194,325.7659,0.6351171,0.8497763,0.2305473,4.249604,1.172821,4.194091,Minusing
6.845642,13,1,0,2,0.5242759,0.8505384,0.2939001,341.9481,76.49397,325.7634,0.635113,0.8499468,0.2304417,4.233993,1.190263,4.198713,Minusing
6.85849,13,1,0,2,0.5244614,0.8502387,0.294043,342.0199,76.51923,325.779,0.6350721,0.8500094,0.2304567,4.221587,1.21042,4.196218,Minusing
6.91394,13,1,0,2,0.5245485,0.8493703,0.2944928,342.175,76.44062,326.0151,0.6350502,0.8501681,0.2304447,4.213174,1.259727,4.199722,Minusing
6.926971,13,1,0,2,0.5239304,0.8500085,0.2946134,341.976,76.37716,326.0125,0.6348435,0.8502291,0.230325,4.254981,1.234682,4.19776,Minusing
6.937683,13,1,0,2,0.5236277,0.8504566,0.294556,341.8486,76.35989,325.9912,0.634836,0.8502216,0.2302787,4.276865,1.210523,4.199868,Minusing
6.951355,13,1,0,2,0.523357,0.8511143,0.294329,341.7089,76.40625,326.0021,0.6347885,0.8502488,0.2301833,4.295482,1.169625,4.201497,Minusing
6.964661,13,1,0,2,0.5234588,0.8513553,0.2939378,341.647,76.53656,326.0356,0.6346987,0.8501799,0.2301486,4.283509,1.134468,4.199721,Minusing
6.979279,13,1,0,2,0.5236364,0.8516072,0.2932419,341.5996,76.72143,325.9329,0.634641,0.8501124,0.2301248,4.253429,1.097783,4.203145,Minusing
6.991852,13,1,0,2,0.5237969,0.8519533,0.2926366,341.554,76.87031,325.791,0.6344981,0.8500539,0.2300707,4.229887,1.067029,4.198374,Minusing
7.004578,13,1,0,2,0.5238683,0.8520743,0.2923764,341.5717,76.92031,325.6659,0.634402,0.8500029,0.2300455,4.217207,1.061981,4.194667,Minusing
7.018921,13,1,0,2,0.5239667,0.8521297,0.291985,341.6045,76.99143,325.4824,0.634223,0.8499693,0.2300195,4.193027,1.060747,4.190503,Minusing
7.034302,13,1,0,2,0.5239869,0.8522081,0.2911966,341.5744,77.1618,325.2679,0.6339712,0.8500257,0.2299479,4.151515,1.04384,4.196015,Minusing
7.046051,13,1,0,2,0.5239587,0.8529803,0.2894102,341.3819,77.58934,324.9428,0.6338142,0.8501172,0.2297832,4.088542,0.9569185,4.21885,Minusing
7.058563,13,1,0,2,0.5240636,0.8536044,0.2880943,341.2283,77.92561,324.7241,0.633747,0.8501767,0.2297554,4.039252,0.8843571,4.232124,Minusing
7.071106,13,1,0,2,0.5242689,0.8542435,0.2863436,341.0819,78.36494,324.4454,0.6335652,0.8502456,0.2296761,3.966472,0.7994511,4.244797,Minusing
7.084778,13,1,0,2,0.5244894,0.8547238,0.284803,340.957,78.74809,324.28,0.6333468,0.8503358,0.2296115,3.899142,0.723972,4.251945,Minusing
7.096527,13,1,0,2,0.5246646,0.854556,0.2845385,341.0038,78.8209,324.2634,0.6332033,0.8503487,0.2296128,3.873471,0.7242458,4.248681,Minusing
7.113892,13,1,0,2,0.5248762,0.8544088,0.2842891,341.0179,78.8751,324.2933,0.632939,0.850482,0.229532,3.84913,0.7282311,4.237063,Minusing
7.12619,13,1,0,2,0.5246853,0.8539749,0.284575,341.0891,78.8278,324.4019,0.6326501,0.850609,0.2294591,3.84664,0.7600168,4.237538,Minusing
7.137756,13,1,0,2,0.5245806,0.8534278,0.2851574,341.195,78.66518,324.4995,0.6324598,0.8508089,0.2293572,3.855798,0.8182014,4.232539,Minusing
7.150208,13,1,0,2,0.5244917,0.8531235,0.2854663,341.2374,78.59162,324.5565,0.6325443,0.8508723,0.2292992,3.865179,0.8446514,4.239324,Minusing
7.163513,13,1,0,2,0.5243674,0.8528914,0.2858081,341.2815,78.50381,324.672,0.6325229,0.8511178,0.2291784,3.875617,0.8754896,4.242922,Minusing
7.177765,13,1,0,2,0.5241991,0.8528215,0.2861584,341.2667,78.41908,324.7883,0.6323955,0.8512412,0.2290512,3.895452,0.892879,4.237825,Minusing
7.189026,13,1,0,2,0.5241677,0.8530562,0.2861183,341.2253,78.41357,324.8226,0.6321881,0.851334,0.2290433,3.897651,0.8834041,4.226736,Minusing
7.204376,13,1,0,2,0.5237672,0.8535957,0.2860248,341.0911,78.46502,324.7881,0.6319669,0.8514756,0.228957,3.913186,0.8583702,4.228132,Minusing
7.216156,13,1,0,2,0.5236641,0.8540739,0.2856557,340.9885,78.56116,324.7075,0.6318434,0.8516496,0.2289132,3.907101,0.8310605,4.228478,Minusing
7.229248,13,1,0,2,0.523792,0.8539484,0.2854711,341.0188,78.64445,324.6675,0.6318312,0.8517973,0.2288863,3.88573,0.8367592,4.233796,Minusing
7.242493,13,1,0,2,0.5243421,0.8536408,0.2851909,341.0937,78.70341,324.6338,0.6318774,0.8520029,0.2288707,3.847716,0.8544291,4.227384,Minusing
7.256927,13,1,0,2,0.5246685,0.853435,0.2850956,341.2213,78.74352,324.519,0.6319881,0.8522078,0.2288353,3.822013,0.8820882,4.230474,Minusing
7.270874,13,1,0,2,0.5245734,0.8537307,0.2849483,341.2557,78.74507,324.4236,0.6320789,0.8524498,0.2287945,3.819552,0.8840368,4.2398,Minusing
7.2836,13,1,0,2,0.5248792,0.8534751,0.2849632,341.2825,78.69258,324.3959,0.6320304,0.8525298,0.2287717,3.807479,0.9065728,4.226493,Minusing
7.295685,13,1,0,2,0.5248615,0.8534096,0.2851073,341.3016,78.63458,324.4211,0.6320292,0.8527265,0.2287514,3.8094,0.9240079,4.226784,Minusing
7.307831,13,1,0,2,0.5249062,0.8534111,0.2849314,341.2489,78.6869,324.4505,0.6319948,0.8527783,0.2287379,3.800938,0.913224,4.227279,Minusing
7.320953,13,1,0,2,0.5248931,0.8536071,0.2847085,341.178,78.74728,324.4575,0.631893,0.8529501,0.2287822,3.79046,0.8965787,4.227133,Minusing
7.33432,13,1,0,2,0.524619,0.8540503,0.2848929,341.0883,78.77043,324.4926,0.6319071,0.853035,0.2288131,3.813305,0.8768411,4.23205,Minusing
7.348389,13,1,0,2,0.5244166,0.854017,0.2847259,341.035,78.81166,324.5335,0.6320097,0.8532199,0.2288044,3.807604,0.8695394,4.251344,Minusing
7.36264,13,1,0,2,0.524556,0.8540314,0.2846067,340.9864,78.85472,324.5721,0.6322432,0.8532943,0.2288405,3.80236,0.8582981,4.259068,Minusing
7.38092,13,1,0,2,0.5242836,0.8540762,0.284904,340.9704,78.78743,324.6013,0.6322463,0.8533725,0.2288469,3.821213,0.8674526,4.264783,Minusing
7.401642,13,1,0,2,0.5241514,0.8541797,0.2852369,340.8851,78.66896,324.6475,0.631942,0.8535239,0.2289303,3.836763,0.8769411,4.246415,Minusing
7.415466,13,1,0,2,0.5238604,0.8546258,0.2852128,340.797,78.62582,324.6541,0.6319628,0.8536804,0.2289974,3.85226,0.8583496,4.251527,Minusing
7.431915,13,1,0,2,0.5239177,0.8547429,0.2850527,340.7511,78.65923,324.696,0.6319983,0.8537388,0.2290037,3.84823,0.8437484,4.251894,Minusing
7.446198,13,1,0,2,0.5239542,0.8548474,0.2848559,340.7217,78.75631,324.7134,0.6322055,0.8539453,0.2291535,3.832233,0.8270066,4.269063,Minusing
7.459015,13,1,0,2,0.5241075,0.8549434,0.2844657,340.7003,78.88078,324.6785,0.6323032,0.8539227,0.2293818,3.805777,0.7980483,4.276916,Minusing
7.471436,13,1,0,2,0.5240418,0.8550465,0.2845,340.7147,78.90717,324.6168,0.6321173,0.8538285,0.2294575,3.804549,0.7937911,4.270809,Minusing
7.485046,13,1,0,2,0.5242516,0.8550465,0.2843639,340.7198,78.8989,324.571,0.6319577,0.8537841,0.2298392,3.780426,0.7834072,4.257953,Minusing
7.499329,13,1,0,2,0.5242162,0.8550026,0.284621,340.7453,78.80941,324.5372,0.6317652,0.8537974,0.2302107,3.775343,0.792614,4.248394,Minusing
7.512787,13,1,0,2,0.5242062,0.8550802,0.2845886,340.7342,78.77398,324.5594,0.6316607,0.8537307,0.2303484,3.774015,0.7830557,4.241087,Minusing
7.525482,13,1,0,2,0.5242692,0.8548289,0.2845264,340.761,78.82045,324.4991,0.6315311,0.8537861,0.2307096,3.743076,0.7858222,4.244522,Minusing
7.539185,13,1,0,2,0.5243333,0.8550092,0.2841768,340.6954,78.91938,324.5206,0.6314582,0.8538384,0.2312069,3.711361,0.7455674,4.24772,Minusing
7.562408,13,1,0,2,0.5244751,0.8552499,0.2839422,340.6302,79.02177,324.5615,0.6311995,0.8540036,0.2317342,3.677013,0.7102979,4.239448,Minusing
7.614624,13,1,0,2,0.5246561,0.8547434,0.2835505,340.688,79.13462,324.583,0.6304371,0.855671,0.2340127,3.499722,0.7132223,4.262556,Minusing
7.627899,13,1,0,2,0.5245543,0.8548322,0.2835323,340.652,79.12437,324.5768,0.6300598,0.8562945,0.2345559,3.462912,0.7170858,4.262128,Minusing
7.652924,13,1,0,2,0.5242757,0.8556604,0.2833017,340.4586,79.11924,324.6266,0.6296442,0.8573924,0.2356769,3.413708,0.6736602,4.266736,Minusing
7.66806,13,1,0,2,0.5241685,0.8560187,0.2832264,340.3452,79.15968,324.7173,0.6298331,0.8582565,0.2366755,3.370124,0.6435122,4.296205,Minusing
7.68042,13,1,0,2,0.5243312,0.8562065,0.2831228,340.265,79.19724,324.7707,0.6300105,0.8590463,0.2377542,3.313736,0.620306,4.316392,Minusing
7.698944,13,1,0,2,0.5245321,0.8556612,0.2831717,340.3678,79.25453,324.6857,0.6302112,0.8596371,0.2391537,3.226548,0.6298479,4.351243,Minusing
7.71167,13,1,0,2,0.5245727,0.8555219,0.2833076,340.3947,79.22077,324.6617,0.6303825,0.8602942,0.2403838,3.168573,0.63077,4.377872,Minusing
7.728821,13,1,0,2,0.5246935,0.8550932,0.2832744,340.479,79.1599,324.5999,0.6304156,0.8609619,0.2416174,3.091486,0.6464617,4.401114,Minusing
7.740448,13,1,0,2,0.5246488,0.8550502,0.2832451,340.5075,79.15463,324.5727,0.6302531,0.8617744,0.242773,3.022923,0.6472014,4.419898,Minusing
7.753937,13,1,0,2,0.524677,0.8551354,0.2830611,340.4793,79.20725,324.5805,0.6301369,0.8622438,0.2432695,2.984244,0.6369177,4.427214,Minusing
7.765808,13,1,0,2,0.5247,0.8554847,0.2827785,340.4289,79.29023,324.6172,0.6298963,0.8631513,0.2444418,2.910497,0.6063979,4.439377,Minusing
7.782593,13,1,0,2,0.524679,0.8557039,0.2825803,340.3905,79.38918,324.6619,0.6296824,0.8641906,0.2452826,2.844853,0.5967134,4.456185,Minusing
7.799866,13,1,0,2,0.5247949,0.8555876,0.2825482,340.4218,79.40835,324.6812,0.6293918,0.8649731,0.2462855,2.774907,0.6021724,4.46261,Minusing
7.817139,13,1,0,2,0.5244775,0.8555683,0.2829516,340.4305,79.30196,324.7149,0.6291255,0.865849,0.2472959,2.736351,0.6218484,4.479778,Minusing
7.828491,13,1,0,2,0.524195,0.8551831,0.2834772,340.4622,79.22775,324.7023,0.6288797,0.866762,0.2483185,2.687792,0.6614381,4.50366,Minusing
7.840668,13,1,0,2,0.5244651,0.8551123,0.283145,340.4747,79.24173,324.667,0.6287664,0.8672859,0.2487722,2.635713,0.6646019,4.503619,Minusing
7.853455,13,1,0,2,0.5242769,0.8554265,0.2830444,340.4035,79.27914,324.6515,0.628636,0.8684062,0.2496421,2.581322,0.658995,4.527468,Minusing
7.867493,13,1,0,2,0.5243108,0.85573,0.2826551,340.3513,79.36838,324.649,0.6284521,0.869639,0.2504483,2.507372,0.6509747,4.545405,Minusing
7.880798,13,1,0,2,0.5243906,0.8559065,0.2823409,340.3259,79.47497,324.6625,0.6283973,0.8702776,0.2507831,2.464758,0.6413981,4.556022,Minusing
7.892487,13,1,0,2,0.5244828,0.8559728,0.2821785,340.3258,79.52641,324.6749,0.6283469,0.8714226,0.2516028,2.395821,0.6495397,4.577034,Minusing
7.909912,13,1,0,2,0.5244774,0.8560469,0.282302,340.2979,79.51337,324.6489,0.6284043,0.8723845,0.2524843,2.347894,0.6591901,4.599319,Minusing
7.926941,13,1,0,2,0.5244879,0.8559673,0.2824318,340.2985,79.44408,324.6226,0.6278402,0.8729765,0.2533674,2.297341,0.6711145,4.588359,Minusing
7.945557,13,1,0,2,0.5244731,0.8559222,0.2825426,340.3006,79.40264,324.6308,0.6273278,0.8738932,0.254767,2.219693,0.6743069,4.590982,Minusing
7.964935,13,1,0,2,0.5246814,0.8558935,0.2823577,340.2977,79.47131,324.7461,0.6268153,0.874163,0.2560152,2.145457,0.6402075,4.578187,Minusing
8.024445,13,1,0,2,0.5249496,0.856152,0.2818206,340.2343,79.66578,324.8586,0.6256552,0.8740461,0.2582074,2.025073,0.5386631,4.537082,Minusing
8.045105,13,1,0,2,0.5245451,0.8570423,0.2817701,339.9377,79.63535,324.8215,0.6233463,0.8737528,0.2612668,1.925761,0.403431,4.454202,Minusing
8.062836,13,1,0,2,0.5245873,0.8568608,0.2818201,339.9771,79.65575,324.827,0.6224536,0.8734905,0.2619005,1.888411,0.3922104,4.417575,Minusing
8.079529,13,1,0,2,0.5247968,0.8567549,0.2818929,340.0431,79.60236,324.9067,0.6216068,0.8730649,0.2625143,1.860353,0.3775932,4.36958,Minusing
8.09668,13,1,0,2,0.5247552,0.8563926,0.2823443,340.1033,79.50841,325.0102,0.620927,0.8725916,0.2628897,1.858974,0.386211,4.337188,Minusing
8.113403,13,1,0,2,0.5243728,0.8563269,0.2832744,340.1079,79.28961,325.246,0.6202705,0.8720222,0.2631893,1.904169,0.3921882,4.305484,Minusing
8.131897,13,1,0,2,0.5237503,0.8565621,0.2844571,340.0134,78.94194,325.5021,0.6190756,0.8710719,0.2637291,1.973496,0.3752177,4.24401,Minusing
8.147705,13,1,0,2,0.523047,0.8563946,0.2854553,339.9496,78.64191,325.6669,0.6179297,0.870214,0.2640696,2.027935,0.3780302,4.197537,Minusing
8.163879,13,1,0,2,0.5227408,0.8561024,0.2863915,339.9165,78.37251,325.9082,0.6167333,0.8693234,0.2642938,2.071712,0.3865575,4.133485,Minusing
8.1828,13,1,0,2,0.5227324,0.8562931,0.2863643,339.8373,78.3455,325.9224,0.6154763,0.8685614,0.2642132,2.081084,0.3588501,4.060698,Minusing
8.201233,13,1,0,2,0.5225688,0.8578866,0.285389,339.4469,78.50741,325.6192,0.6138407,0.8673048,0.2639608,2.106387,0.2250272,3.954248,Minusing
8.217834,13,1,0,2,0.522425,0.8584623,0.2851728,339.3383,78.57381,325.6253,0.6122655,0.8666093,0.2635086,2.123359,0.1872966,3.868419,Minusing
8.234161,13,1,0,2,0.5227485,0.8580357,0.2856948,339.4881,78.43577,325.7354,0.6106399,0.8660409,0.2632529,2.123837,0.2314773,3.772467,Minusing
8.251587,13,1,0,2,0.5236956,0.8569667,0.2863944,339.8107,78.24725,325.79,0.6089494,0.8654673,0.2629739,2.099883,0.3233627,3.656067,Minusing
8.269501,13,1,0,2,0.524212,0.856464,0.2862864,339.958,78.27431,325.695,0.6071419,0.8650697,0.2628736,2.050332,0.3550108,3.559272,Minusing
8.329681,13,1,0,2,0.5252931,0.85795,0.2830197,339.6005,79.08254,325.0232,0.601563,0.8640827,0.2629488,1.85166,0.1896925,3.273916,Minusing
8.345612,13,1,0,2,0.5253488,0.8576291,0.2835567,339.6981,78.92831,325.1035,0.6004673,0.8641549,0.2631463,1.838366,0.2317737,3.224465,Minusing
8.364441,13,1,0,2,0.5249597,0.8574788,0.2840358,339.7082,78.83844,325.112,0.5998899,0.864501,0.2633193,1.837158,0.2643484,3.219503,Minusing
8.381989,13,1,0,2,0.5244161,0.8578783,0.2842521,339.6025,78.73561,325.1039,0.5987373,0.8649217,0.2638365,1.822969,0.260821,3.191488,Minusing
8.398529,13,1,0,2,0.5239066,0.858387,0.2842189,339.462,78.68835,325.1219,0.5979689,0.8651451,0.264349,1.812459,0.2313915,3.176864,Minusing
8.415833,13,1,0,2,0.5235184,0.858673,0.2842378,339.3658,78.65813,325.1512,0.5975454,0.8653845,0.2649319,1.796917,0.2093333,3.177253,Minusing
8.433411,13,1,0,2,0.523232,0.858655,0.2845391,339.3287,78.60931,325.1766,0.5974216,0.8656401,0.2655487,1.784534,0.2082433,3.189902,Minusing
8.450165,13,1,0,2,0.5230743,0.8589907,0.2845564,339.2893,78.56309,325.1671,0.597326,0.8658198,0.2663315,1.764838,0.1799138,3.194963,Minusing
8.466217,13,1,0,2,0.5228066,0.8592599,0.2847584,339.2387,78.51355,325.1525,0.5968657,0.8657292,0.2672763,1.747288,0.146641,3.185058,Minusing
8.482574,13,1,0,2,0.5225998,0.8594552,0.2849565,339.1976,78.46004,325.1518,0.5963001,0.8656611,0.2680868,1.729063,0.1222423,3.168453,Minusing
8.499817,13,1,0,2,0.5225577,0.8595456,0.284895,339.1808,78.44398,325.1526,0.5954772,0.8656197,0.2690868,1.681531,0.09240732,3.140997,Minusing
8.517548,13,1,0,2,0.5227655,0.8593665,0.2848078,339.2233,78.51529,325.1811,0.594845,0.865504,0.2695991,1.639392,0.0822152,3.113057,Minusing
8.53363,13,1,0,2,0.5229169,0.8590483,0.2848347,339.2598,78.54366,325.2206,0.5944865,0.8654592,0.2699653,1.609084,0.08580678,3.09962,Minusing
8.550476,13,1,0,2,0.522975,0.8591457,0.2848349,339.2283,78.54221,325.2254,0.5938875,0.8654173,0.270289,1.59057,0.07512196,3.070962,Minusing
8.579224,13,1,0,2,0.5228657,0.8596638,0.2845537,339.0935,78.57207,325.184,0.5929835,0.8653777,0.2706804,1.569399,0.03563588,3.031429,Minusing
8.632416,13,1,0,2,0.5222451,0.8601185,0.2845887,339.0536,78.56033,325.1196,0.5952964,0.866707,0.2719795,1.553564,0.006475199,3.184442,Minusing
8.65979,13,1,0,2,0.5218195,0.8599923,0.2849797,339.0775,78.42912,325.1464,0.5973167,0.867263,0.2726068,1.57491,0.009858386,3.302335,Minusing
8.687134,13,1,0,2,0.5210581,0.8604256,0.2855228,338.9471,78.29379,325.2074,0.601254,0.8683246,0.2739403,1.622724,-0.03156868,3.519715,Minusing
8.708588,13,1,0,2,0.520844,0.8604364,0.2856409,338.9039,78.249,325.2389,0.60266,0.8688634,0.274273,1.633575,-0.03315102,3.599485,Minusing
8.727936,13,1,0,2,0.5208142,0.8605671,0.2855972,338.8718,78.2592,325.2551,0.604686,0.8694539,0.2745587,1.646674,-0.04566315,3.699413,Minusing
8.749054,13,1,0,2,0.5210226,0.8605927,0.2853638,338.8737,78.35029,325.2206,0.6063176,0.8699414,0.2748196,1.637328,-0.05818767,3.77567,Minusing
8.764587,13,1,0,2,0.5212491,0.8607075,0.285244,338.8571,78.40382,325.2175,0.60747,0.8701616,0.2750592,1.635669,-0.07590354,3.821815,Minusing
8.780426,13,1,0,2,0.5215238,0.8606648,0.285231,338.8871,78.42783,325.2397,0.6084333,0.8705525,0.2755294,1.616703,-0.08013103,3.864549,Minusing
8.797546,13,1,0,2,0.5217538,0.8604657,0.2852217,338.9083,78.44553,325.2822,0.6097391,0.87065,0.276002,1.608584,-0.09330785,3.92147,Minusing
8.814026,13,1,0,2,0.5218966,0.8603799,0.285007,338.9016,78.50144,325.2613,0.6107189,0.8707611,0.2764856,1.590059,-0.1160631,3.968495,Minusing
8.833649,13,1,0,2,0.5219479,0.8603752,0.2849389,338.8906,78.51837,325.2629,0.6117702,0.8709964,0.2769182,1.582638,-0.1318881,4.020708,Minusing
8.845642,13,1,0,2,0.5219877,0.8604244,0.2849702,338.875,78.49524,325.2672,0.6128294,0.8712178,0.277288,1.585566,-0.1440466,4.070288,Minusing
8.85733,13,1,0,2,0.521916,0.8606408,0.2848914,338.8223,78.49083,325.2485,0.6136383,0.8713526,0.2778234,1.583044,-0.1748572,4.111599,Minusing
8.870178,13,1,0,2,0.5219148,0.860775,0.284723,338.8021,78.52383,325.2437,0.6139221,0.8714128,0.2780555,1.574295,-0.1943988,4.12654,Minusing
8.888123,13,1,0,2,0.5221575,0.8606401,0.2844719,338.8251,78.59574,325.2628,0.6145608,0.8715275,0.2788068,1.533283,-0.2207341,4.158664,Minusing
8.901031,13,1,0,2,0.5222286,0.8605756,0.2844436,338.8586,78.60801,325.2551,0.6145868,0.8713639,0.2790415,1.523371,-0.2300844,4.158156,Minusing
8.915985,13,1,0,2,0.5224149,0.8605105,0.2844608,338.8839,78.61729,325.2242,0.6143873,0.8712072,0.2796242,1.496981,-0.2449181,4.145376,Minusing
8.933197,13,1,0,2,0.5223082,0.8605497,0.2845664,338.8973,78.55318,325.1949,0.6139551,0.8709766,0.2799673,1.492756,-0.254373,4.127779,Minusing
9.000916,13,1,0,2,0.5219362,0.8604639,0.2850807,338.8878,78.44682,325.3376,0.6104576,0.8704223,0.2804945,1.455543,-0.2448413,3.981811,Minusing
9.053711,13,1,0,2,0.5215003,0.8608004,0.2852944,338.8016,78.35995,325.2509,0.6060703,0.8698863,0.2800247,1.441829,-0.2221461,3.78583,Minusing
9.125854,13,1,0,2,0.5217655,0.8608505,0.2850556,338.7654,78.47953,325.2784,0.5998489,0.8689008,0.2786557,1.391033,-0.1796795,3.477324,Minusing
9.168488,13,1,0,2,0.5216199,0.8605837,0.2848815,338.7841,78.51187,325.3306,0.5954354,0.8676514,0.2778337,1.36281,-0.1619396,3.269895,Minusing
9.185425,13,1,0,2,0.5216622,0.8607978,0.2847592,338.774,78.57594,325.2938,0.5934741,0.8673188,0.2774618,1.348475,-0.1595717,3.172032,Minusing
9.206818,13,1,0,2,0.5215624,0.8609436,0.2850659,338.7435,78.52407,325.3088,0.5925907,0.8671697,0.277389,1.359261,-0.1522767,3.128184,Minusing
9.222565,13,1,0,2,0.5215136,0.8610572,0.2849087,338.684,78.53813,325.3066,0.5917146,0.8673071,0.2773969,1.339484,-0.1523266,3.093387,Minusing
9.238037,13,1,0,2,0.5213081,0.8612983,0.2847339,338.6471,78.56875,325.2645,0.5910491,0.8673488,0.2773148,1.333079,-0.1601602,3.070691,Minusing
9.253967,13,1,0,2,0.5213739,0.8611957,0.2846233,338.6629,78.58725,325.2575,0.5903266,0.8674275,0.2771863,1.31418,-0.146086,3.039956,Minusing
9.271545,13,1,0,2,0.5214615,0.8609928,0.2846481,338.7301,78.5759,325.2659,0.5901552,0.8674617,0.2771055,1.30594,-0.1289745,3.03269,Minusing
9.2883,13,1,0,2,0.5214995,0.860842,0.2849355,338.8227,78.51568,325.2236,0.5896839,0.8676454,0.2769873,1.303148,-0.09335994,3.01309,Minusing
9.305084,13,1,0,2,0.5214171,0.8605501,0.2853682,338.936,78.36798,325.1828,0.5899003,0.8676271,0.2768497,1.324826,-0.05788728,3.024825,Minusing
9.321106,13,1,0,2,0.5212438,0.860351,0.285746,339.0107,78.23134,325.1916,0.5899587,0.867876,0.2768273,1.33535,-0.023634,3.037608,Minusing
9.336853,13,1,0,2,0.5211334,0.8605314,0.2858434,338.9633,78.20206,325.1721,0.5903012,0.8679019,0.2765882,1.36205,-0.02358126,3.050445,Minusing
9.349426,13,1,0,2,0.5209172,0.860929,0.2858019,338.8683,78.20386,325.1439,0.5905454,0.8680336,0.2763049,1.388488,-0.03346545,3.062405,Minusing
9.362854,13,1,0,2,0.5202385,0.8619074,0.2857488,338.6452,78.1674,325.0342,0.5912403,0.8678239,0.2757781,1.468535,-0.07977206,3.093229,Minusing
9.381439,13,1,0,2,0.5195336,0.862309,0.28647,338.6153,77.92757,324.9665,0.5926294,0.8677589,0.2752423,1.574181,-0.06693373,3.159232,Minusing
9.396729,13,1,0,2,0.5193595,0.8617196,0.2872427,338.8324,77.67209,324.9769,0.5940039,0.8676903,0.2747934,1.636644,-0.004393092,3.222158,Minusing
9.409424,13,1,0,2,0.5194141,0.8611794,0.2875731,338.9847,77.59554,325.0004,0.5949045,0.867471,0.2745154,1.663908,0.02819414,3.259367,Minusing
9.420715,13,1,0,2,0.5193325,0.8605967,0.288144,339.1535,77.45155,324.9863,0.5965928,0.866879,0.2738983,1.73936,0.06380037,3.324073,Minusing
9.483307,13,1,0,2,0.5182492,0.8605258,0.2900488,339.1473,76.86817,325.095,0.5999498,0.8653434,0.2720175,2.019515,0.1109455,3.439198,Minusing
9.499695,13,1,0,2,0.5158485,0.8603837,0.2931494,339.0577,75.87376,325.5066,0.6055787,0.8617517,0.2685525,2.541516,0.1474686,3.625427,Minusing
9.516754,13,1,0,2,0.5152404,0.8602856,0.2941346,339.037,75.63175,325.6123,0.6081164,0.8601219,0.2671896,2.736295,0.1449287,3.699817,Minusing
9.533905,13,1,0,2,0.5145917,0.8602644,0.2952338,339.0168,75.32018,325.7606,0.6109788,0.8583786,0.2657539,2.953633,0.1400872,3.780447,Minusing
9.549713,13,1,0,2,0.5139996,0.8598265,0.2961933,339.0618,75.01109,325.9449,0.6137081,0.8565854,0.264017,3.162181,0.1564225,3.857493,Minusing
9.566071,13,1,0,2,0.5136601,0.8591648,0.2970414,339.1457,74.79275,326.2262,0.6163518,0.8547951,0.2624203,3.344305,0.1674116,3.930643,Minusing
9.581604,13,1,0,2,0.5132716,0.85876,0.2980783,339.1622,74.56423,326.5132,0.618971,0.8529113,0.2604461,3.559398,0.1771796,3.988685,Minusing
9.598358,13,1,0,2,0.5128114,0.8586623,0.2987438,339.0478,74.3751,326.8772,0.6215594,0.8507935,0.2586118,3.773752,0.1353282,4.041784,Minusing
9.617889,13,1,0,2,0.5122177,0.8586262,0.2996282,338.7748,74.27985,327.6907,0.6245424,0.8476914,0.2561403,4.055854,0.02604694,4.087033,Minusing
9.634583,13,1,0,2,0.5121317,0.8596433,0.2991697,338.3033,74.46758,328.16,0.6257469,0.8458254,0.2547036,4.191531,-0.1378218,4.072362,Minusing
9.65567,13,1,0,2,0.5116839,0.8615024,0.2982132,337.4871,74.87228,328.8504,0.6278867,0.8435215,0.2521419,4.401126,-0.3971459,4.076981,Minusing
9.673096,13,1,0,2,0.51125,0.8628828,0.2981786,336.9099,74.89066,329.3171,0.628884,0.8426383,0.2502796,4.564281,-0.5172257,4.048847,Minusing
9.687378,13,1,0,2,0.5106982,0.8635536,0.2989445,336.4939,74.76048,330.0314,0.6296146,0.841731,0.2486863,4.72798,-0.598837,4.017939,Minusing
9.703888,13,1,0,2,0.5102701,0.8633901,0.2997305,336.2461,74.62493,330.808,0.6301438,0.8408082,0.2475165,4.844944,-0.655242,4.000278,Minusing
9.715668,13,1,0,2,0.5100577,0.8636081,0.2999911,336.1181,74.57278,331.0453,0.6303485,0.8403828,0.2470853,4.897661,-0.6899911,3.987546,Minusing
9.728333,13,1,0,2,0.5095334,0.8646145,0.2996987,335.6715,74.63062,331.1168,0.6308225,0.839501,0.2459759,4.998775,-0.7873728,3.963204,Minusing
9.739807,13,1,0,2,0.5088965,0.865739,0.2990743,335.3476,74.73938,331.0269,0.6309153,0.8392007,0.245692,5.03605,-0.8772086,3.958524,Minusing
9.753265,13,1,0,2,0.5080087,0.8669805,0.2988531,334.9318,74.7396,331.1509,0.631462,0.8387709,0.2447194,5.140241,-0.971976,3.952603,Minusing
9.764465,13,1,0,2,0.5072277,0.8677603,0.2990198,334.7021,74.59895,331.2831,0.6319289,0.8388985,0.2438744,5.231474,-0.9995086,3.9572,Minusing
9.777863,13,1,0,2,0.5068278,0.8681669,0.2990191,334.5924,74.55174,331.2525,0.632219,0.8390319,0.2434981,5.272561,-1.008007,3.966354,Minusing
9.802155,13,1,0,2,0.5056208,0.8694033,0.2989925,334.2369,74.41118,331.1859,0.633033,0.8395827,0.242689,5.379853,-1.041031,3.99617,Minusing
9.842926,13,1,0,2,0.5052161,0.8692756,0.2989606,334.5308,74.30671,330.6947,0.6352571,0.8422957,0.2428357,5.373507,-0.8965142,4.176167,MinusEnd
9.852997,13,1,0,2,0.505473,0.8687771,0.2991455,334.6607,74.32551,330.6489,0.6354668,0.8428316,0.2429291,5.348986,-0.8435155,4.203206,Nothing
9.861328,13,1,0,2,0.5055996,0.8684675,0.299275,334.7396,74.33227,330.7007,0.6357886,0.8434739,0.2429354,5.333541,-0.8067918,4.234275,Nothing
9.870605,13,1,0,2,0.5056113,0.8682596,0.2996055,334.7806,74.30183,330.7863,0.6361595,0.8440849,0.2428253,5.339508,-0.7710278,4.260972,Nothing
9.879028,13,1,0,2,0.5055081,0.8681922,0.2999041,334.7653,74.23788,330.8863,0.6365859,0.8447396,0.2428119,5.350372,-0.7467924,4.288729,Nothing
9.886292,13,1,0,2,0.5053599,0.8679996,0.3001721,334.7711,74.17858,330.941,0.6369622,0.8454641,0.2427708,5.356568,-0.7099521,4.321732,Nothing
9.894348,13,1,0,2,0.5055142,0.8678963,0.3002518,334.7112,74.10487,331.005,0.6372254,0.846123,0.2427497,5.352881,-0.684256,4.332136,Nothing
9.902588,13,1,0,2,0.5052299,0.868148,0.3004496,334.5999,74.0301,331.0719,0.6375964,0.8467676,0.2427151,5.375238,-0.678428,4.353158,Nothing
9.911011,13,1,0,2,0.5049063,0.8684291,0.3005418,334.4577,73.97443,331.1268,0.6379124,0.8474776,0.242697,5.392101,-0.6768192,4.375278,Nothing
9.919678,13,1,0,2,0.5042841,0.8691902,0.3006377,334.1553,73.89704,331.2551,0.6386495,0.8487772,0.2426152,5.431021,-0.6934583,4.418023,Nothing
9.927368,13,1,0,2,0.5038966,0.8697291,0.3005407,333.938,73.89465,331.3565,0.6391089,0.8493321,0.2426839,5.449426,-0.7310279,4.442715,Nothing
9.937164,13,1,0,2,0.5036785,0.8702309,0.3003904,333.7413,73.93432,331.4856,0.6395025,0.8498679,0.2426573,5.460053,-0.7687709,4.461542,Nothing
9.944641,13,1,0,2,0.5034385,0.8703972,0.3002603,333.6157,73.93678,331.587,0.6398417,0.8504449,0.2427221,5.459847,-0.7837857,4.489233,Nothing
9.952759,13,1,0,2,0.5033405,0.8706115,0.3001212,333.5216,73.96472,331.7067,0.6402647,0.8509858,0.24272,5.459129,-0.8013239,4.515645,Nothing
9.960907,13,1,0,2,0.503572,0.8703673,0.3000049,333.5446,74.02561,331.8121,0.6405451,0.8515791,0.2427016,5.433109,-0.7861179,4.542088,Nothing
9.969421,13,1,0,2,0.5037454,0.8703033,0.3000551,333.5062,74.06696,331.8971,0.6406652,0.8520696,0.2426026,5.423883,-0.7745351,4.5506,Nothing
9.97757,13,1,0,2,0.5041505,0.8700212,0.2998944,333.5456,74.11995,331.9391,0.6407253,0.8526533,0.2425711,5.388686,-0.7465323,4.562214,Nothing
9.985962,13,1,0,2,0.5045919,0.8697163,0.2998582,333.627,74.19224,331.9294,0.6406416,0.8531068,0.2427094,5.347951,-0.7152284,4.56823,Nothing
9.994568,13,1,0,2,0.5048094,0.86962,0.2997028,333.658,74.24698,331.9409,0.6403763,0.8537343,0.2428547,5.306887,-0.6932512,4.572637,Nothing
10.00385,13,1,0,2,0.505056,0.8693637,0.2996559,333.715,74.28578,331.9713,0.6401739,0.8543898,0.2429294,5.269445,-0.6584975,4.580553,Nothing
10.01215,13,1,0,2,0.5052819,0.8691148,0.2996325,333.799,74.31241,332.0098,0.6398163,0.8549395,0.2431747,5.225685,-0.6281996,4.582734,Nothing
10.02161,13,1,0,2,0.5057674,0.8685956,0.299734,333.9477,74.33434,332.071,0.6391659,0.8560801,0.2436548,5.146737,-0.5588067,4.584301,Nothing
10.02811,13,1,0,2,0.5057535,0.8686055,0.2997799,333.951,74.3198,332.0574,0.6390155,0.8563793,0.2437445,5.137434,-0.5449117,4.584429,Nothing
10.03622,13,1,0,2,0.5057796,0.8686143,0.2998086,333.9485,74.31796,332.0046,0.6385501,0.8569599,0.2440716,5.105164,-0.5207641,4.579341,Nothing
10.04568,13,1,0,2,0.5059221,0.8685633,0.299652,333.9638,74.35822,331.9785,0.6377201,0.8583313,0.2445101,5.030804,-0.4709418,4.579326,Nothing
10.0535,13,1,0,2,0.5056385,0.8691598,0.2994075,333.8166,74.40955,331.8854,0.6375653,0.8589465,0.2447416,5.017987,-0.4903248,4.58672,Nothing
10.06158,13,1,0,2,0.5054718,0.8695382,0.299149,333.7254,74.45223,331.8557,0.6373287,0.8596494,0.2451428,4.985907,-0.5017747,4.596575,Nothing
10.06985,13,1,0,2,0.5055063,0.8698207,0.2989504,333.6423,74.49384,331.8381,0.6370854,0.8603415,0.2454558,4.953046,-0.504041,4.598296,Nothing
10.07852,13,1,0,2,0.5055237,0.8699917,0.2987882,333.6,74.54453,331.8152,0.6370593,0.8609176,0.2457389,4.92555,-0.5048469,4.611361,Nothing
10.08755,13,1,0,2,0.5056155,0.8700823,0.2986639,333.5808,74.59516,331.8128,0.6366061,0.8616437,0.2457604,4.893244,-0.4830934,4.606386,Nothing
10.09598,13,1,0,2,0.5057319,0.8701121,0.2985468,333.5902,74.64603,331.8021,0.6365386,0.8621792,0.2459428,4.864219,-0.4719457,4.616613,Nothing
10.10342,13,1,0,2,0.5059988,0.8700567,0.2985479,333.616,74.70511,331.7857,0.6362051,0.8628874,0.2461834,4.822507,-0.4434192,4.615732,Nothing
10.11197,13,1,0,2,0.5062165,0.8700172,0.2984037,333.6372,74.74471,331.76,0.636023,0.8634741,0.2463668,4.785938,-0.4229544,4.619679,Nothing
10.12024,13,1,0,2,0.5062979,0.8700945,0.2982741,333.6325,74.78123,331.7215,0.6357614,0.8640833,0.246542,4.75459,-0.406689,4.622301,Nothing
10.12885,13,1,0,2,0.5062448,0.8702192,0.2980466,333.5555,74.82365,331.6499,0.6355281,0.8648017,0.2469938,4.713788,-0.4029171,4.634191,Nothing
10.13696,13,1,0,2,0.506184,0.8705056,0.2978153,333.4825,74.87588,331.6116,0.6354159,0.8653796,0.2470303,4.696283,-0.4042839,4.641169,Nothing
10.14496,13,1,0,2,0.5060628,0.8708276,0.2974606,333.4106,74.92929,331.595,0.6350935,0.8660756,0.2469919,4.671905,-0.4038417,4.644394,Nothing
10.15372,13,1,0,2,0.5059542,0.8712401,0.2972113,333.3254,74.9843,331.5668,0.6349611,0.8665355,0.246967,4.661779,-0.4154713,4.646424,Nothing
10.16162,13,1,0,2,0.5058043,0.8719997,0.296753,333.168,75.09989,331.5297,0.6345931,0.8676849,0.2469294,4.632081,-0.4258935,4.65034,Nothing
10.17065,13,1,0,2,0.5056986,0.8724419,0.2963644,333.0481,75.1907,331.496,0.6344661,0.8683165,0.2468831,4.613672,-0.4400342,4.657311,Nothing
10.17896,13,1,0,2,0.5055501,0.872977,0.2958747,332.9008,75.32645,331.4383,0.6343093,0.8688331,0.2466747,4.600287,-0.4637061,4.66101,Nothing
10.18634,13,1,0,2,0.5053774,0.8736401,0.2953465,332.7177,75.46626,331.3732,0.634135,0.8692527,0.2463703,4.594981,-0.4965694,4.657924,Nothing
10.1951,13,1,0,2,0.5051804,0.8744485,0.2946817,332.5048,75.64389,331.3001,0.6339046,0.8696962,0.2460689,4.584922,-0.5414629,4.652925,Nothing
10.2045,13,1,0,2,0.5049832,0.8752534,0.2940364,332.2756,75.82642,331.2132,0.6336555,0.8700652,0.2458003,4.575902,-0.5894959,4.644876,Nothing
10.21155,13,1,0,2,0.5045625,0.87648,0.2932384,331.9803,76.05546,331.0862,0.63348,0.8705736,0.2452863,4.582168,-0.6541944,4.640719,Nothing
10.22028,13,1,0,2,0.5043209,0.8774161,0.2925006,331.7349,76.25458,330.9727,0.6332733,0.8710363,0.2449133,4.576128,-0.7046328,4.634404,Nothing
10.2291,13,1,0,2,0.5040917,0.8785882,0.2915402,331.4409,76.52125,330.791,0.6330581,0.8714753,0.2445198,4.565615,-0.7726515,4.624097,Nothing
10.23706,13,1,0,2,0.5038472,0.880011,0.2900474,331.0953,76.91472,330.5087,0.6329475,0.8719705,0.2439522,4.543082,-0.8640835,4.620914,Nothing
10.24466,13,1,0,2,0.5036159,0.881029,0.288761,330.7935,77.25954,330.2569,0.6328528,0.8724399,0.2433292,4.524302,-0.9305827,4.622429,Nothing
10.25443,13,1,0,2,0.5038119,0.8822186,0.2867818,330.5806,77.79453,329.751,0.6328946,0.8731488,0.242467,4.469049,-0.9910275,4.631339,Nothing
10.26181,13,1,0,2,0.504207,0.8830807,0.2850495,330.4676,78.2753,329.2612,0.6328225,0.8735873,0.2418588,4.40617,-1.035958,4.630148,Nothing
10.2702,13,1,0,2,0.5047826,0.8838078,0.2832308,330.4462,78.76398,328.7,0.632703,0.8741527,0.2411492,4.331363,-1.057268,4.629886,Nothing
10.27805,13,1,0,2,0.5056536,0.8842021,0.2814334,330.5421,79.26364,328.0445,0.6326231,0.8745878,0.2405147,4.241661,-1.055837,4.630113,Nothing
10.2865,13,1,0,2,0.5072948,0.8850405,0.2777196,330.734,80.25006,326.7065,0.632402,0.8755248,0.2391411,4.064878,-1.054614,4.628061,Nothing
10.29523,13,1,0,2,0.5091608,0.8846604,0.2756978,331.287,80.76537,325.5532,0.6322818,0.8760191,0.2383239,3.92273,-0.9510879,4.626142,Nothing
10.30334,13,1,0,2,0.5104786,0.8848584,0.2738855,331.594,81.24061,324.6634,0.6322618,0.8765,0.2375621,3.821166,-0.9079175,4.619411,Nothing
10.31213,13,1,0,2,0.5123458,0.8845437,0.271467,332.2066,81.78214,323.2941,0.632172,0.8770595,0.2367587,3.661062,-0.8101997,4.619707,Nothing
10.32211,13,1,0,2,0.5138139,0.8845086,0.2692014,332.6223,82.30739,322.2231,0.6323135,0.8775818,0.2359195,3.53259,-0.7619381,4.624625,Nothing
10.32809,13,1,0,2,0.5154723,0.8845895,0.2663593,333.1205,82.92735,321.0375,0.6323692,0.8781096,0.2351102,3.371897,-0.7318648,4.623368,Nothing
10.33673,13,1,0,2,0.5174695,0.8840363,0.2634631,333.7233,83.63319,319.8555,0.6327474,0.87875,0.2342183,3.181177,-0.6816005,4.640881,Nothing
10.34467,13,1,0,2,0.5192419,0.884016,0.260828,334.2923,84.22353,318.8351,0.6331339,0.8791779,0.2334358,3.027061,-0.661801,4.642543,Nothing
10.35342,13,1,0,2,0.5211464,0.8835578,0.2584093,334.8752,84.75363,317.8506,0.6337196,0.8797181,0.2325416,2.87219,-0.6154597,4.652458,Nothing
10.36169,13,1,0,2,0.522819,0.8833248,0.2563013,335.4035,85.20557,316.859,0.6344317,0.8802802,0.2317561,2.743129,-0.5747232,4.665509,Nothing
10.37085,13,1,0,2,0.5241683,0.8832745,0.2541152,335.8563,85.61958,315.7692,0.6353358,0.8807461,0.2308489,2.639133,-0.5481535,4.688995,Nothing
10.37875,13,1,0,2,0.525094,0.8838679,0.2518913,336.1885,85.97638,314.4752,0.6362115,0.881236,0.2299918,2.569674,-0.5452742,4.710385,Nothing
10.38757,13,1,0,2,0.5256324,0.884889,0.2494372,336.3649,86.31858,312.9744,0.6373014,0.8817124,0.2291522,2.52907,-0.5725213,4.74295,Nothing
10.3952,13,1,0,2,0.5253977,0.8867919,0.2464929,336.3261,86.70989,311.3078,0.638314,0.8820994,0.2284981,2.525865,-0.6703041,4.780534,Nothing
10.40509,13,1,0,2,0.5256891,0.8889318,0.2406375,336.573,87.53598,308.4572,0.6402664,0.8829565,0.2270365,2.440636,-0.812782,4.861917,Nothing
10.41263,13,1,0,2,0.525788,0.8895674,0.2380671,336.7415,87.97968,307.1104,0.6412235,0.8832388,0.2263523,2.397304,-0.8718759,4.908908,Nothing
10.4202,13,1,0,2,0.5260459,0.8903728,0.2355285,336.9175,88.3634,305.8587,0.6427299,0.8835801,0.225748,2.366889,-0.9406899,4.969304,Nothing
10.42883,13,1,0,2,0.5266154,0.8900821,0.2338301,337.383,88.54893,305.1702,0.6441088,0.8839557,0.2250286,2.297512,-0.9332064,5.039889,Nothing
10.4375,13,1,0,2,0.5272394,0.8900542,0.2319537,337.7468,88.80838,304.2083,0.6455771,0.8843033,0.224438,2.238281,-0.9473712,5.102559,Nothing
10.44574,13,1,0,2,0.5283967,0.8892878,0.2307087,338.2341,89.02757,303.4395,0.6470793,0.8845734,0.2238253,2.153764,-0.9147013,5.158318,Nothing
10.45364,13,1,0,2,0.5292292,0.8880951,0.2296289,338.7841,89.18977,302.7116,0.64868,0.8848479,0.223203,2.060129,-0.8640391,5.240924,Nothing
10.46353,13,1,0,2,0.5304788,0.8873089,0.2286939,339.3156,89.32804,301.9581,0.6503465,0.8849681,0.2227959,1.981599,-0.8264121,5.296052,Nothing
10.47031,13,1,0,2,0.5312937,0.8863157,0.2276381,339.8106,89.40472,301.172,0.6518664,0.885192,0.2221651,1.902877,-0.7769334,5.366283,Nothing
10.479,13,1,0,2,0.5319865,0.8854344,0.2267448,340.2871,89.43052,300.3939,0.6532574,0.8856006,0.221265,1.833561,-0.7065194,5.435123,Nothing
10.48807,13,1,0,2,0.5327609,0.8847323,0.2260881,340.7307,89.40191,299.6581,0.6549001,0.8857607,0.2206978,1.783553,-0.6504511,5.50243,Nothing
10.49591,13,1,0,2,0.5333977,0.8839812,0.2256391,341.1192,89.30181,299.0062,0.6564374,0.8856892,0.2205019,1.742738,-0.6050146,5.565635,Nothing
10.50394,13,1,0,2,0.5338407,0.8835987,0.2251994,341.474,89.14696,298.4226,0.6578477,0.8856831,0.2201708,1.721569,-0.5596011,5.625379,Nothing
10.51242,13,1,0,2,0.534083,0.8833344,0.2251465,341.7184,88.98952,297.8825,0.6592084,0.8855714,0.2198407,1.728075,-0.5097057,5.684656,Nothing
10.52066,13,1,0,2,0.5341214,0.8837813,0.2245976,341.8092,88.91079,297.3983,0.6607076,0.8855448,0.2196364,1.759379,-0.5168889,5.746289,Nothing
10.52878,13,1,0,2,0.5345435,0.8834185,0.2238285,342.2294,88.78335,296.2848,0.6634462,0.8854644,0.2189963,1.754022,-0.4644574,5.867807,Nothing
10.53925,13,1,0,2,0.5344251,0.8840664,0.2229765,342.1964,88.87346,295.8593,0.6648894,0.8853192,0.2186759,1.79895,-0.5087571,5.927011,Nothing
10.54538,13,1,0,2,0.5342817,0.8850956,0.221646,342.0453,89.11494,295.4918,0.6666938,0.8851359,0.2183449,1.861105,-0.6054111,5.994507,Nothing
10.55573,13,1,0,2,0.5341771,0.8857763,0.2208311,341.9792,89.23224,295.1178,0.6683125,0.8851106,0.2178928,1.911067,-0.6469445,6.060575,Nothing
10.56229,13,1,0,2,0.5343313,0.886342,0.2200697,341.9326,89.32378,294.6649,0.6701298,0.8849239,0.2174502,1.963807,-0.6806087,6.123608,Nothing
10.57068,13,1,0,2,0.5341868,0.887034,0.219395,341.8591,89.36726,294.2495,0.6720307,0.8849029,0.2170381,2.026281,-0.7102122,6.20319,Nothing
10.57874,13,1,0,2,0.5341718,0.8874602,0.2186495,341.8357,89.39799,293.8162,0.6738024,0.8845831,0.2166998,2.080245,-0.7403962,6.272346,Nothing
10.58765,13,1,0,2,0.5341901,0.8875867,0.2182791,341.8728,89.36741,293.4624,0.675585,0.8842447,0.2164428,2.123933,-0.7455416,6.346683,Nothing
10.59583,13,1,0,2,0.5343472,0.8871992,0.2183852,341.9898,89.25024,293.1891,0.6775885,0.8839399,0.2161045,2.151115,-0.7062923,6.435469,Nothing
10.60397,13,1,0,2,0.5346748,0.8867933,0.2184691,342.1657,89.08582,292.9484,0.6793119,0.883317,0.2160833,2.173451,-0.677632,6.50181,Nothing
10.61261,13,1,0,2,0.5348072,0.8865865,0.2188165,342.3343,88.89922,292.7785,0.6808854,0.88295,0.2158899,2.202512,-0.628884,6.570292,Nothing
10.62137,13,1,0,2,0.5353542,0.8857009,0.2191765,342.6386,88.68243,292.5582,0.6825145,0.8823457,0.2159373,2.190895,-0.5687177,6.634078,Nothing
10.63107,13,1,0,2,0.5357088,0.8850972,0.219304,342.8648,88.53794,292.2896,0.684043,0.8817347,0.2160081,2.192839,-0.5346171,6.695315,Nothing
10.64026,13,1,0,2,0.5363913,0.8840019,0.2197065,343.3373,88.2742,291.7756,0.6853505,0.8809649,0.2162296,2.155407,-0.4528828,6.744618,Nothing
10.64731,13,1,0,2,0.5364507,0.883878,0.2194821,343.377,88.33391,291.7543,0.6868183,0.8803152,0.2163701,2.183115,-0.4876129,6.804037,Nothing
10.65964,13,1,0,2,0.5371395,0.8824646,0.2192765,343.8589,88.19889,291.1561,0.6896458,0.8791721,0.2165792,2.149562,-0.4495404,6.923473,Nothing
10.66888,13,1,0,2,0.5375873,0.8818967,0.2187245,344.1636,88.17682,290.7659,0.6911466,0.8785043,0.217113,2.118796,-0.4726505,6.983263,Nothing
10.67981,13,1,0,2,0.5384558,0.8805135,0.218705,344.7177,87.90928,290.0668,0.693746,0.8773279,0.2178781,2.072237,-0.4279384,7.085586,Nothing
10.68695,13,1,0,2,0.5388289,0.879863,0.2189057,345.0124,87.71675,289.7169,0.6949026,0.8768163,0.2182976,2.048742,-0.3890436,7.133333,Nothing
10.69604,13,1,0,2,0.5391821,0.8791367,0.2192393,345.3137,87.49976,289.4069,0.6958851,0.8763578,0.2187641,2.018365,-0.3420372,7.175282,Nothing
10.70541,13,1,0,2,0.5397377,0.878177,0.2195242,345.7117,87.27475,289.0962,0.6966119,0.876222,0.2194944,1.941694,-0.2949418,7.206288,Nothing
10.71188,13,1,0,2,0.5401578,0.8771429,0.219823,346.0721,87.08665,288.7738,0.6975706,0.8757843,0.2199968,1.885138,-0.2472177,7.249286,Nothing
10.72092,13,1,0,2,0.541047,0.8756354,0.2201782,346.6344,86.85789,288.4312,0.6980332,0.8760866,0.2205613,1.740755,-0.1675088,7.266446,Nothing
10.72897,13,1,0,2,0.5417269,0.8742467,0.2204746,347.1149,86.65227,288.076,0.6982427,0.8764879,0.2211543,1.603459,-0.0996054,7.277087,Nothing
10.737,13,1,0,2,0.5426093,0.8722705,0.2208721,347.7221,86.43101,287.6698,0.6983808,0.8770702,0.2216793,1.415951,-0.006806788,7.283295,Nothing
10.74515,13,1,0,2,0.5437123,0.8702465,0.221078,348.4007,86.20078,287.2095,0.6984465,0.8780977,0.2221067,1.192587,0.09045299,7.278693,Nothing
10.75351,13,1,0,2,0.5446379,0.8683454,0.2213504,348.9958,85.97688,286.7627,0.6982813,0.8793863,0.2224913,0.9726468,0.1864116,7.266619,Nothing
10.76151,13,1,0,2,0.5457045,0.8665603,0.2217123,349.6038,85.7514,286.3487,0.6982,0.8812151,0.2226438,0.7347082,0.2989102,7.250403,Nothing
10.77032,13,1,0,2,0.5466195,0.8648501,0.2219909,350.183,85.5125,285.9441,0.6981881,0.8829376,0.2229635,0.5065113,0.3944663,7.238882,Nothing
10.77838,13,1,0,2,0.547642,0.8628644,0.2224492,350.7995,85.25736,285.5429,0.6982928,0.88455,0.2233686,0.2669585,0.4959852,7.224387,Nothing
10.78748,13,1,0,2,0.5494401,0.8589624,0.2233017,352.0281,84.74921,284.7064,0.6983938,0.887973,0.2241857,-0.2210807,0.6856572,7.188818,Nothing
10.79489,13,1,0,2,0.5503551,0.8565598,0.2239067,352.7152,84.48878,284.2711,0.6987393,0.8899274,0.2244924,-0.5022853,0.7991877,7.179024,Nothing
10.80481,13,1,0,2,0.5515164,0.8540722,0.2241825,353.4675,84.25259,283.8476,0.6986933,0.8924794,0.2250572,-0.8352613,0.8859129,7.13855,Nothing
10.81189,13,1,0,2,0.5529026,0.8510341,0.2242351,354.3499,84.09694,283.3509,0.6986902,0.8952016,0.2253931,-1.221922,0.9672826,7.083043,Nothing
10.82013,13,1,0,2,0.5544373,0.8479545,0.2244732,355.2301,83.90569,282.8537,0.6986411,0.8979333,0.225805,-1.609669,1.05022,7.00744,Nothing
10.82834,13,1,0,2,0.5557137,0.8450849,0.2246651,356.0626,83.70071,282.3611,0.6985426,0.9009985,0.2260824,-1.994911,1.132333,6.93303,Nothing
10.8367,13,1,0,2,0.5572423,0.8417724,0.2246868,357.0211,83.5421,281.8163,0.6984668,0.9043207,0.2262506,-2.430824,1.205551,6.834906,Nothing
10.84518,13,1,0,2,0.5590059,0.838561,0.2242463,357.9874,83.50272,281.2843,0.698397,0.907539,0.2265586,-2.865419,1.225942,6.717286,Nothing
10.85321,13,1,0,2,0.560536,0.8356684,0.2236073,358.847,83.47944,280.7971,0.6982967,0.9110214,0.2267169,-3.282117,1.234401,6.603827,Nothing
10.8624,13,1,0,2,0.5620661,0.8329248,0.2229564,359.6735,83.51172,280.3443,0.6979713,0.9144591,0.2269826,-3.685324,1.222295,6.472468,Nothing
10.87146,13,1,0,2,0.5631881,0.8298412,0.2228972,0.5098377,83.42305,279.8581,0.6971501,0.9182283,0.2274005,-4.112835,1.239967,6.322615,Nothing
10.87946,13,1,0,2,0.5645708,0.8270493,0.2226945,1.293256,83.33511,279.4027,0.6966367,0.9217109,0.2277422,-4.504465,1.24366,6.169542,Nothing
10.88666,13,1,0,2,0.5658309,0.8239266,0.2225276,2.077974,83.23804,278.9503,0.6957174,0.9255389,0.2281306,-4.924568,1.244509,5.992622,Nothing
10.89532,13,1,0,2,0.5670338,0.8212026,0.2222998,2.804696,83.16638,278.558,0.6946216,0.9293342,0.2285664,-5.314634,1.231109,5.807436,Nothing
10.90347,13,1,0,2,0.5682325,0.818463,0.2216807,3.486506,83.17899,278.2227,0.6935976,0.9330875,0.2289386,-5.697844,1.19294,5.624322,Nothing
10.91174,13,1,0,2,0.570512,0.8129157,0.2208937,4.929039,83.10318,277.4574,0.6914093,0.9404889,0.2297314,-6.455548,1.120794,5.22144,Nothing
10.9202,13,1,0,2,0.5716268,0.8107117,0.2199939,5.449476,83.21995,277.2501,0.6900609,0.9443889,0.2300759,-6.793705,1.054839,5.025743,Nothing
10.92822,13,1,0,2,0.5725634,0.8085077,0.219416,5.979378,83.28545,277.0119,0.6884573,0.9484669,0.2303879,-7.134871,1.004862,4.816504,Nothing
10.93729,13,1,0,2,0.5735499,0.8063145,0.2188169,6.51967,83.33793,276.7651,0.6868513,0.9525217,0.2306814,-7.471393,0.9515022,4.597795,Nothing
10.94543,13,1,0,2,0.574541,0.8048739,0.2178732,6.869961,83.51966,276.6615,0.6852641,0.9563869,0.2308112,-7.745686,0.8874336,4.40626,Nothing
10.95474,13,1,0,2,0.5753933,0.8031999,0.2171247,7.247557,83.65788,276.5364,0.6834753,0.9604977,0.2306704,-8.038756,0.8480654,4.199189,Nothing
10.96271,13,1,0,2,0.5762796,0.8016761,0.2161631,7.600508,83.82502,276.419,0.6815557,0.9645796,0.2307226,-8.320766,0.7851546,3.987284,Nothing
10.97003,13,1,0,2,0.5770935,0.8008879,0.2151965,7.86535,83.96954,276.3704,0.6796144,0.9688672,0.2306381,-8.567938,0.7368987,3.790308,Nothing
10.97864,13,1,0,2,0.5779936,0.7997116,0.2146919,8.116248,84.05021,276.2491,0.6773813,0.9729416,0.2305767,-8.816068,0.7021044,3.572311,Nothing
10.9881,13,1,0,2,0.5784252,0.7990264,0.2143215,8.29632,84.10352,276.1913,0.6749718,0.9770893,0.2305163,-9.038681,0.6840596,3.379431,Nothing
10.99539,13,1,0,2,0.5791451,0.7977616,0.2137325,8.560217,84.1853,276.0645,0.6724629,0.981077,0.2305715,-9.284782,0.6370267,3.151877,Nothing
11.00378,13,1,0,2,0.579706,0.7968758,0.2132053,8.770699,84.26394,275.9821,0.6696967,0.985173,0.230572,-9.511573,0.6000868,2.927771,Nothing
11.01245,13,1,0,2,0.5801406,0.7963148,0.2125873,8.942378,84.37505,275.9134,0.6665364,0.9892632,0.230673,-9.718724,0.5504705,2.699101,Nothing
11.0206,13,1,0,2,0.5805676,0.7956011,0.2119666,9.117342,84.49334,275.8582,0.6636177,0.9930246,0.2307732,-9.917968,0.5031281,2.48141,Nothing
11.02927,13,1,0,2,0.5814384,0.793977,0.2107893,9.513647,84.71132,275.7429,0.6576588,1.000738,0.2309042,-10.33013,0.416673,2.023678,Nothing
11.03885,13,1,0,2,0.581928,0.793207,0.2102388,9.681239,84.80575,275.6544,0.6545222,1.004192,0.2312378,-10.51184,0.3546951,1.792933,Nothing
11.04538,13,1,0,2,0.5821441,0.7928305,0.2096799,9.799936,84.92175,275.6362,0.651185,1.007851,0.231572,-10.68224,0.3033734,1.574779,Nothing
11.05417,13,1,0,2,0.5824076,0.7923359,0.2092628,9.919008,84.9959,275.588,0.6477642,1.011126,0.2321882,-10.83898,0.2407123,1.352849,Nothing
11.06281,13,1,0,2,0.5826653,0.7920294,0.2091724,9.992503,84.99863,275.5199,0.6442435,1.013784,0.2333784,-10.95666,0.1622461,1.143205,Nothing
11.07132,13,1,0,2,0.5827831,0.791573,0.2091027,10.10021,84.99384,275.4604,0.6409965,1.016639,0.2338657,-11.0898,0.1232449,0.9402707,Nothing
11.08023,13,1,0,2,0.5829763,0.7910725,0.2089856,10.21979,84.97024,275.3487,0.6374947,1.019346,0.234951,-11.21822,0.04205237,0.7229713,Nothing
11.08807,13,1,0,2,0.5830284,0.7906466,0.2088899,10.34329,84.96389,275.2772,0.6335575,1.021401,0.2362441,-11.31029,-0.04603152,0.497381,Nothing
11.0965,13,1,0,2,0.5830744,0.790029,0.2086657,10.49793,84.95547,275.1574,0.6299,1.023844,0.2373927,-11.43056,-0.1393786,0.2735607,Nothing
11.10635,13,1,0,2,0.5831708,0.7895865,0.208433,10.63599,84.97154,275.0973,0.6251379,1.026226,0.2389416,-11.53101,-0.2482351,0.001865069,Nothing
11.11264,13,1,0,2,0.5832754,0.7890026,0.208269,10.79834,84.96465,274.9898,0.62098,1.028022,0.2406666,-11.61444,-0.3700874,-0.2425079,Nothing
11.12051,13,1,0,2,0.583518,0.7885747,0.208177,10.94084,84.95037,274.8533,0.6169421,1.02945,0.2427627,-11.67298,-0.5143674,-0.4779386,Nothing
11.12924,13,1,0,2,0.5835183,0.7881386,0.2079723,11.07741,84.95974,274.7677,0.6127433,1.030936,0.2448255,-11.73461,-0.6524329,-0.7095065,Nothing
11.13718,13,1,0,2,0.5836906,0.7877225,0.207747,11.19533,84.96844,274.6289,0.6087623,1.031961,0.2470608,-11.77323,-0.8123074,-0.9301649,Nothing
11.14551,13,1,0,2,0.5837973,0.787253,0.207477,11.33031,84.99057,274.5249,0.6046834,1.032618,0.2497292,-11.79773,-0.9893903,-1.151521,Nothing
11.15457,13,1,0,2,0.5839911,0.7862298,0.2069559,11.58647,85.04604,274.3375,0.5971274,1.03431,0.2545957,-11.86771,-1.311758,-1.569902,Nothing
11.16257,13,1,0,2,0.5842022,0.786153,0.2067775,11.64986,85.06188,274.277,0.5934279,1.034864,0.2570984,-11.86936,-1.467883,-1.760458,Nothing
11.1716,13,1,0,2,0.5842769,0.7860209,0.2066256,11.69759,85.06094,274.1976,0.5901084,1.034677,0.2605034,-11.84706,-1.668916,-1.913029,Nothing
11.17917,13,1,0,2,0.5843797,0.7860853,0.2065073,11.69584,85.03634,274.1024,0.5868323,1.034393,0.2641278,-11.81275,-1.882587,-2.050082,Nothing
11.18805,13,1,0,2,0.5844495,0.7863265,0.2063418,11.63775,85.02922,274.0735,0.5836236,1.033647,0.2676954,-11.75335,-2.083715,-2.165674,Nothing
11.19577,13,1,0,2,0.5845881,0.786337,0.2061393,11.63325,85.03751,273.9951,0.5804338,1.032273,0.2719954,-11.67399,-2.332999,-2.288353,Nothing
11.20374,13,1,0,2,0.5845055,0.786491,0.2059058,11.59367,85.10713,274.0062,0.5770203,1.031255,0.2755485,-11.60564,-2.529244,-2.412661,Nothing
11.21225,13,1,0,2,0.5845494,0.7867073,0.2055014,11.5436,85.20018,274.033,0.5737912,1.029701,0.2797734,-11.51452,-2.763464,-2.525206,Nothing
11.22052,13,1,0,2,0.5846317,0.7869868,0.205102,11.48445,85.27956,274.0521,0.5708951,1.028126,0.2840322,-11.42273,-2.999138,-2.621413,Nothing
11.2298,13,1,0,2,0.58463,0.7871852,0.20484,11.43045,85.35517,274.126,0.5681794,1.026684,0.2881106,-11.34506,-3.206812,-2.710135,Nothing
11.23865,13,1,0,2,0.5847155,0.7872295,0.20463,11.41421,85.41029,274.1584,0.566587,1.02523,0.2919408,-11.27881,-3.403551,-2.759623,Nothing
11.24689,13,1,0,2,0.5847824,0.7873736,0.2043118,11.3941,85.45895,274.2085,0.56434,1.023857,0.2955259,-11.20691,-3.593241,-2.83823,Nothing
11.25363,13,1,0,2,0.5849183,0.7874803,0.2042569,11.37907,85.48087,274.2003,0.563455,1.022588,0.2988135,-11.14758,-3.761825,-2.859304,Nothing
11.26208,13,1,0,2,0.584874,0.7875813,0.2040986,11.37532,85.49715,274.2035,0.5620005,1.021238,0.3019482,-11.08126,-3.927905,-2.899791,Nothing
11.27246,13,1,0,2,0.5848588,0.7876191,0.2038908,11.38195,85.51479,274.1747,0.5590128,1.018208,0.3081277,-10.93562,-4.258796,-2.98864,Nothing
11.27869,13,1,0,2,0.5849215,0.7875774,0.2040102,11.39521,85.47182,274.1205,0.5575514,1.016725,0.3111804,-10.86296,-4.42002,-3.033928,Nothing
11.28659,13,1,0,2,0.5847516,0.7876441,0.204073,11.40695,85.42845,274.0662,0.5564935,1.015523,0.3134363,-10.80085,-4.542848,-3.053435,Nothing
11.29556,13,1,0,2,0.584691,0.7876554,0.2039934,11.4088,85.41183,274.0134,0.5548036,1.013758,0.3162499,-10.71113,-4.702926,-3.100531,Nothing
11.30396,13,1,0,2,0.5846404,0.7877862,0.2039188,11.39331,85.3954,273.9412,0.5528423,1.012206,0.3186865,-10.62072,-4.849283,-3.159851,Nothing
11.31219,13,1,0,2,0.5844713,0.78809,0.203695,11.35611,85.42216,273.8891,0.5509911,1.010575,0.3208869,-10.52209,-4.986566,-3.206834,Nothing
11.32077,13,1,0,2,0.5844811,0.7883478,0.2034256,11.29521,85.45013,273.8201,0.5487168,1.009055,0.3231493,-10.42533,-5.133794,-3.279102,Nothing
11.32864,13,1,0,2,0.5843813,0.7885372,0.2030611,11.24161,85.54014,273.8133,0.5463338,1.008171,0.3253778,-10.36537,-5.268841,-3.365557,Nothing
11.3382,13,1,0,2,0.584444,0.7888353,0.2028875,11.19397,85.5658,273.7742,0.5444419,1.006792,0.3274243,-10.2769,-5.393726,-3.427361,Nothing
11.34531,13,1,0,2,0.5844446,0.7889649,0.2025902,11.16464,85.63025,273.7749,0.5426574,1.005998,0.3297865,-10.22844,-5.52819,-3.494133,Nothing
11.35367,13,1,0,2,0.5845255,0.7889045,0.2022349,11.17,85.70197,273.7725,0.541153,1.004999,0.3319924,-10.17813,-5.657526,-3.558868,Nothing
11.3613,13,1,0,2,0.5846847,0.7887148,0.2020504,11.21503,85.78152,273.7797,0.5399688,1.004287,0.3338906,-10.14571,-5.760034,-3.625724,Nothing
11.3714,13,1,0,2,0.5848234,0.7886785,0.2016326,11.2398,85.85085,273.7854,0.5397501,1.004107,0.3356438,-10.14143,-5.861857,-3.645529,Nothing
11.37985,13,1,0,2,0.5849841,0.7885481,0.2015027,11.26706,85.8792,273.7573,0.5391825,1.00368,0.3375454,-10.12344,-5.966164,-3.677671,Nothing
11.38824,13,1,0,2,0.5850388,0.7883444,0.201417,11.29744,85.88971,273.7246,0.5388972,1.003161,0.3394683,-10.1076,-6.069181,-3.690179,Nothing
11.39661,13,1,0,2,0.5851769,0.7881378,0.2013144,11.33318,85.87328,273.6549,0.5376014,1.00208,0.3434469,-10.05962,-6.283674,-3.739207,Nothing
11.40442,13,1,0,2,0.5852382,0.7880356,0.2015436,11.35623,85.79803,273.6116,0.5372857,1.001578,0.3453131,-10.03927,-6.373786,-3.742387,Nothing
11.41171,13,1,0,2,0.5852951,0.7878935,0.2017814,11.38878,85.7244,273.5775,0.5370733,1.001029,0.3471425,-10.01964,-6.459705,-3.742203,Nothing
11.42142,13,1,0,2,0.5854485,0.7878674,0.2018568,11.42749,85.70679,273.5776,0.5368022,1.000582,0.3487803,-9.999858,-6.5373,-3.756882,Nothing
11.42868,13,1,0,2,0.585456,0.787626,0.2018505,11.49125,85.72037,273.5619,0.5362859,1.000399,0.350208,-9.996632,-6.609776,-3.789118,Nothing
11.43671,13,1,0,2,0.5853826,0.7873034,0.2018293,11.54462,85.7408,273.5666,0.5358576,0.9998004,0.3512768,-9.980963,-6.662426,-3.810655,Nothing
11.44504,13,1,0,2,0.5854267,0.787078,0.2018161,11.59157,85.76404,273.5905,0.535783,0.9994655,0.3520814,-9.976789,-6.697286,-3.823024,Nothing
11.45322,13,1,0,2,0.5854654,0.7868482,0.20186,11.62955,85.77603,273.6356,0.5357383,0.9992105,0.3525858,-9.978962,-6.711437,-3.832898,Nothing
11.46173,13,1,0,2,0.5854766,0.7868227,0.2020148,11.65074,85.79381,273.7714,0.5357384,0.9992539,0.3523605,-9.994571,-6.669168,-3.841132,Nothing
11.46988,13,1,0,2,0.5855021,0.7866096,0.2021539,11.67741,85.78281,273.8448,0.5353432,0.9993261,0.3523706,-10.01047,-6.651555,-3.86695,Nothing
11.47961,13,1,0,2,0.585506,0.7866538,0.2024653,11.64627,85.75689,273.9266,0.5349843,0.999077,0.3524078,-10.00466,-6.627386,-3.873521,Nothing
11.48679,13,1,0,2,0.5853427,0.7868873,0.2028651,11.57651,85.69709,274.004,0.5352792,0.9997555,0.350689,-10.03637,-6.511755,-3.844811,Nothing
11.49524,13,1,0,2,0.585163,0.7872306,0.2033584,11.46483,85.61458,274.0969,0.5356509,1.000445,0.3490991,-10.06919,-6.395389,-3.801071,Nothing
11.5054,13,1,0,2,0.5849329,0.7877962,0.2037434,11.31005,85.55319,274.1956,0.5358084,1.001443,0.3470878,-10.10562,-6.262631,-3.76237,Nothing
11.5126,13,1,0,2,0.5847205,0.7884492,0.2039074,11.13233,85.54282,274.3092,0.536,1.002543,0.3448804,-10.14413,-6.126575,-3.725179,Nothing
11.52005,13,1,0,2,0.5843999,0.7893606,0.2037315,10.90117,85.61615,274.4261,0.536037,1.003529,0.3426137,-10.16716,-6.001896,-3.686302,Nothing
11.52853,13,1,0,2,0.5841907,0.7901422,0.2037616,10.71979,85.64442,274.5435,0.5357404,1.004429,0.3404609,-10.18543,-5.876042,-3.671818,Nothing
11.53735,13,1,0,2,0.5836884,0.7917624,0.2035781,10.30925,85.73739,274.7397,0.5354201,1.005999,0.3365771,-10.2116,-5.660756,-3.616903,Nothing
11.54517,13,1,0,2,0.5834403,0.7928568,0.2033737,10.0353,85.8054,274.8279,0.534802,1.006601,0.3348923,-10.20313,-5.575049,-3.596308,Nothing
11.55438,13,1,0,2,0.5832646,0.7941046,0.2032704,9.722155,85.8594,274.9139,0.5341184,1.007,0.3333416,-10.17944,-5.493498,-3.571058,Nothing
11.56256,13,1,0,2,0.583083,0.7950946,0.2031375,9.479751,85.92165,275.0209,0.533757,1.007291,0.3318344,-10.16281,-5.409878,-3.544437,Nothing
11.57144,13,1,0,2,0.582834,0.7959077,0.2030856,9.276605,85.97743,275.1513,0.5332237,1.007497,0.3304177,-10.1494,-5.323057,-3.529399,Nothing
11.57898,13,1,0,2,0.5826899,0.7966312,0.2031373,9.103362,86.01395,275.2861,0.5332898,1.007695,0.3289639,-10.14128,-5.227324,-3.495277,Nothing
11.58722,13,1,0,2,0.5826676,0.7973887,0.2033694,8.940427,86.01437,275.4261,0.533416,1.008162,0.3275578,-10.14311,-5.124909,-3.4642,Nothing
11.59525,13,1,0,2,0.5825704,0.7978858,0.2037383,8.816823,85.98669,275.5524,0.5336211,1.008359,0.3259131,-10.14011,-5.00777,-3.430814,Nothing
11.60367,13,1,0,2,0.5824766,0.7983262,0.2042296,8.69968,85.93011,275.6694,0.5356121,1.009293,0.3239805,-10.18303,-4.862959,-3.319118,Nothing
11.61203,13,1,0,2,0.582478,0.7987222,0.2048143,8.581944,85.87969,275.7745,0.5370682,1.010164,0.3218955,-10.21753,-4.710864,-3.238294,Nothing
11.62027,13,1,0,2,0.5824187,0.7989209,0.2052642,8.511951,85.84761,275.9064,0.5387091,1.011239,0.3198926,-10.27194,-4.560837,-3.157981,Nothing
11.63019,13,1,0,2,0.5823209,0.7992676,0.2055647,8.411398,85.84142,276.0267,0.5400442,1.012218,0.3179004,-10.31353,-4.421608,-3.085199,Nothing
11.63702,13,1,0,2,0.5821515,0.7995797,0.2057286,8.312141,85.86459,276.1315,0.5418752,1.013276,0.3158001,-10.36175,-4.282725,-2.989259,Nothing
11.64844,13,1,0,2,0.5820023,0.8002654,0.2059623,8.108419,85.92642,276.2936,0.5455737,1.014885,0.3115982,-10.42557,-4.021015,-2.80012,Nothing
11.65869,13,1,0,2,0.5820971,0.8008362,0.2056765,7.946843,86.04067,276.3426,0.5472649,1.015966,0.3093952,-10.45793,-3.909208,-2.716787,Nothing
11.67142,13,1,0,2,0.5818757,0.8030241,0.2054599,7.340161,86.28454,276.7882,0.550745,1.017017,0.3050338,-10.45541,-3.616162,-2.463777,Nothing
11.67838,13,1,0,2,0.5815917,0.8049035,0.2055415,6.832778,86.40051,277.2157,0.5521675,1.017199,0.3025714,-10.41515,-3.417154,-2.302652,Nothing
11.68668,13,1,0,2,0.5813079,0.8065494,0.2056571,6.382688,86.49648,277.5926,0.5540122,1.017703,0.3000986,-10.3936,-3.222185,-2.133523,Nothing
11.69498,13,1,0,2,0.5807418,0.8094402,0.2058692,5.625498,86.63166,278.2777,0.5558837,1.018059,0.2975606,-10.32892,-2.971161,-1.894074,Nothing
11.70349,13,1,0,2,0.5801121,0.8119103,0.2059758,4.944908,86.77995,278.8367,0.5577794,1.018381,0.2951134,-10.26687,-2.752212,-1.667411,Nothing
11.71198,13,1,0,2,0.5792562,0.8141557,0.2062079,4.269982,86.91443,279.3662,0.5591623,1.018418,0.2929074,-10.19366,-2.548149,-1.455101,Nothing
11.72122,13,1,0,2,0.5783511,0.8167285,0.2064795,3.538359,87.02759,279.9412,0.5608987,1.018519,0.290632,-10.105,-2.334619,-1.213743,Nothing
11.72864,13,1,0,2,0.5775426,0.8188989,0.2069229,2.890363,87.09827,280.4687,0.5627626,1.018553,0.28836,-10.02006,-2.122449,-0.9851429,Nothing
11.7374,13,1,0,2,0.5766498,0.8210919,0.207612,2.245703,87.10246,281.0179,0.5642685,1.018377,0.286266,-9.917292,-1.909457,-0.767147,Nothing
11.7457,13,1,0,2,0.575742,0.8230668,0.2085461,1.650316,87.05323,281.5797,0.5657279,1.018016,0.284292,-9.808192,-1.691513,-0.5579188,Nothing
11.75443,13,1,0,2,0.5748412,0.8249199,0.2097534,1.136278,86.9501,282.222,0.5668655,1.017678,0.2824744,-9.699549,-1.457064,-0.3769135,Nothing
11.76166,13,1,0,2,0.5739888,0.8263993,0.2108655,0.6699407,86.85734,282.7834,0.5678943,1.017159,0.2809586,-9.595617,-1.255864,-0.2129534,Nothing
11.77072,13,1,0,2,0.5729616,0.8281654,0.2119093,0.1456335,86.80672,283.3537,0.568525,1.01658,0.2796773,-9.474233,-1.073942,-0.05397349,Nothing
11.77875,13,1,0,2,0.5722012,0.829394,0.2131267,359.7668,86.64648,283.7369,0.5692766,1.015966,0.2786161,-9.369135,-0.9221988,0.07954174,Nothing
11.78918,13,1,0,2,0.5705417,0.8323063,0.2150447,358.8677,86.43748,284.4979,0.5707794,1.014901,0.276397,-9.140565,-0.646849,0.3645312,Nothing
11.79568,13,1,0,2,0.5697222,0.833666,0.2155694,358.4709,86.39765,284.6977,0.5708761,1.014177,0.2759337,-9.030448,-0.5929309,0.4646348,Nothing
11.80457,13,1,0,2,0.5690609,0.8350691,0.2158738,358.088,86.3974,284.8506,0.5712393,1.013614,0.2754468,-8.926454,-0.5547427,0.5651683,Nothing
11.81186,13,1,0,2,0.5687238,0.8363938,0.215949,357.7729,86.4473,284.9993,0.571321,1.013137,0.275019,-8.834904,-0.5307068,0.624432,Nothing
11.82016,13,1,0,2,0.5682533,0.8374901,0.2163148,357.4819,86.4446,285.1951,0.5716562,1.012882,0.2747164,-8.761009,-0.4856791,0.7006614,Nothing
11.82816,13,1,0,2,0.567698,0.8387732,0.2167816,357.1612,86.42163,285.4307,0.5724159,1.01232,0.2740917,-8.656675,-0.4209877,0.8031856,Nothing
11.83664,13,1,0,2,0.5674833,0.8393338,0.2172353,357.0252,86.38038,285.5803,0.5728101,1.01229,0.2739317,-8.618987,-0.3767148,0.8502592,Nothing
11.84534,13,1,0,2,0.5672979,0.8398074,0.2176506,356.8766,86.31781,285.6851,0.5732841,1.012528,0.27361,-8.594932,-0.3289473,0.9028685,Nothing
11.85422,13,1,0,2,0.5670632,0.8402404,0.2181838,356.7581,86.22961,285.7734,0.5736409,1.012557,0.2735045,-8.564529,-0.290247,0.9488235,Nothing
11.86337,13,1,0,2,0.566878,0.8405542,0.2186841,356.669,86.13761,285.8257,0.5739161,1.012631,0.2734794,-8.543634,-0.2601385,0.9851806,Nothing
11.871,13,1,0,2,0.5667824,0.8407209,0.2191216,356.602,86.06242,285.8356,0.574362,1.012515,0.2736645,-8.524056,-0.2492275,1.022142,Nothing
11.87851,13,1,0,2,0.5666593,0.8409065,0.2194121,356.542,86.01039,285.8511,0.5742888,1.012673,0.2738284,-8.519777,-0.2412288,1.03485,Nothing
11.88739,13,1,0,2,0.5666785,0.8411401,0.2193405,356.4985,86.01084,285.8503,0.5744307,1.012655,0.2738944,-8.50883,-0.2508245,1.046547,Nothing
11.89566,13,1,0,2,0.566654,0.8411594,0.2193585,356.4854,86.01788,285.8519,0.5742959,1.012788,0.2740529,-8.516047,-0.2559316,1.043646,Nothing
11.9032,13,1,0,2,0.5666578,0.8411074,0.2193887,356.4935,86.01898,285.8518,0.5741137,1.012953,0.2741975,-8.528248,-0.2587714,1.034654,Nothing
11.91171,13,1,0,2,0.5666543,0.8408946,0.219629,356.5145,85.98489,285.8487,0.5733661,1.013525,0.2743585,-8.566031,-0.2468361,0.9999337,Nothing
11.91983,13,1,0,2,0.5667604,0.8406057,0.219703,356.5989,85.95387,285.857,0.5730841,1.013833,0.2744635,-8.596412,-0.2395801,0.9726692,Nothing
11.92804,13,1,0,2,0.5669606,0.8405387,0.2197013,356.6298,85.95163,285.8566,0.5727108,1.013991,0.2746255,-8.61133,-0.2454655,0.9423329,Nothing
11.93658,13,1,0,2,0.567035,0.8403943,0.2197333,356.6802,85.92864,285.8579,0.5724987,1.014368,0.2745956,-8.636096,-0.2359975,0.923788,Nothing
11.94604,13,1,0,2,0.567054,0.8403022,0.2196992,356.7176,85.92825,285.8445,0.5724578,1.014779,0.2744676,-8.658631,-0.2271702,0.9166476,Nothing
11.9538,13,1,0,2,0.5670377,0.8400577,0.2197616,356.7497,85.91446,285.8162,0.5720787,1.015172,0.2744405,-8.688273,-0.219778,0.8968533,Nothing
11.96179,13,1,0,2,0.5671699,0.8399597,0.2194564,356.766,85.94344,285.7755,0.5718588,1.015538,0.2744214,-8.714567,-0.2340523,0.8787007,Nothing
11.9704,13,1,0,2,0.5672162,0.8399066,0.2193817,356.7865,85.93983,285.7462,0.5715868,1.015831,0.2743974,-8.732306,-0.2370546,0.8618966,Nothing
11.97864,13,1,0,2,0.5671568,0.840078,0.2192472,356.7566,85.95373,285.7107,0.5713345,1.016136,0.2743912,-8.740191,-0.2473107,0.8572541,Nothing
11.98749,13,1,0,2,0.5672183,0.840062,0.2190773,356.7625,85.9702,285.6627,0.5710741,1.016351,0.2742804,-8.752613,-0.2552363,0.8412028,Nothing
11.995,13,1,0,2,0.5671578,0.8401529,0.2189965,356.7512,85.97667,285.6151,0.570766,1.01655,0.2743095,-8.759462,-0.2668623,0.8314752,Nothing
12.00342,13,1,0,2,0.5671237,0.8402071,0.2189284,356.7467,85.9806,285.5778,0.5704205,1.016635,0.2743607,-8.763219,-0.2784458,0.8176805,Nothing
12.01181,13,1,0,2,0.5671076,0.8403234,0.2188361,356.7425,85.97672,285.5423,0.5700362,1.016901,0.2744585,-8.773504,-0.291602,0.802047,Nothing
12.02051,13,1,0,2,0.5670263,0.8404076,0.2188681,356.7246,85.97062,285.5267,0.5696844,1.016989,0.2745232,-8.774669,-0.2961444,0.7922392,Nothing
12.02841,13,1,0,2,0.566927,0.8403599,0.2189128,356.7188,85.96429,285.5104,0.5690838,1.017081,0.2746269,-8.783384,-0.3008209,0.7701769,Nothing
12.03699,13,1,0,2,0.5667259,0.8404332,0.2191305,356.6819,85.94086,285.5392,0.5684609,1.017155,0.2748147,-8.784147,-0.2961238,0.7565695,Nothing
12.04547,13,1,0,2,0.5666123,0.8404781,0.2193002,356.6624,85.91737,285.5574,0.5681531,1.017115,0.27483,-8.778763,-0.2878045,0.7505274,Nothing
12.05411,13,1,0,2,0.5665104,0.8406424,0.2195515,356.6199,85.89676,285.6487,0.5679059,1.017063,0.2750276,-8.768523,-0.2745745,0.7500138,Nothing
12.06253,13,1,0,2,0.5663617,0.8407204,0.219831,356.5702,85.8709,285.7441,0.5677826,1.016875,0.275174,-8.754311,-0.2573291,0.7584466,Nothing
12.07022,13,1,0,2,0.5662593,0.8407114,0.2202159,356.5233,85.85378,285.8576,0.5674673,1.016725,0.2754447,-8.746994,-0.2372539,0.7551833,Nothing
12.07874,13,1,0,2,0.5660945,0.8408738,0.2204061,356.4469,85.86188,285.9744,0.5672191,1.016501,0.2757056,-8.730128,-0.2282052,0.7610999,Nothing
12.08673,13,1,0,2,0.5659714,0.8410412,0.2205205,356.3711,85.89162,286.071,0.56701,1.016241,0.2759868,-8.712618,-0.2273128,0.7659687,Nothing
12.09506,13,1,0,2,0.5657987,0.8413224,0.2205203,356.2719,85.94064,286.1642,0.5667592,1.015946,0.2762294,-8.689055,-0.2325646,0.7734303,Nothing
12.10397,13,1,0,2,0.5656561,0.8415217,0.2206522,356.1951,85.94845,286.247,0.5665243,1.015663,0.2764856,-8.668386,-0.2326405,0.7786865,Nothing
12.11279,13,1,0,2,0.5655739,0.8419474,0.2208054,356.1115,85.93964,286.3311,0.566241,1.01536,0.2767087,-8.63611,-0.2335997,0.7794959,Nothing
12.12115,13,1,0,2,0.5654314,0.8421559,0.2209933,356.0462,85.92192,286.3942,0.5659699,1.0151,0.2769142,-8.614832,-0.2316814,0.7821215,Nothing
12.13,13,1,0,2,0.5651833,0.8422679,0.221068,355.9999,85.88474,286.4157,0.5655256,1.01474,0.2770901,-8.59479,-0.2399327,0.7799371,Nothing
12.13718,13,1,0,2,0.5650971,0.8423744,0.2211238,355.9769,85.87077,286.4211,0.5652032,1.014487,0.2771875,-8.579639,-0.2464452,0.771627,Nothing
12.14566,13,1,0,2,0.5650802,0.8425086,0.2211451,355.9495,85.8831,286.4276,0.5648689,1.014351,0.2772055,-8.568342,-0.2498235,0.7590092,Nothing
12.15378,13,1,0,2,0.5649888,0.8426625,0.2211693,355.9148,85.8783,286.4344,0.5645432,1.014129,0.27722,-8.55162,-0.254092,0.7517618,Nothing
12.16177,13,1,0,2,0.5647839,0.8430734,0.2211107,355.8255,85.88831,286.4412,0.5638527,1.013547,0.2771745,-8.50761,-0.2684834,0.7375591,Nothing
12.17041,13,1,0,2,0.5645143,0.8434229,0.2209635,355.736,85.91109,286.4643,0.5635508,1.01332,0.2771624,-8.482381,-0.2794042,0.7460318,Nothing
12.17886,13,1,0,2,0.5643427,0.843802,0.2209062,355.6347,85.93576,286.5419,0.5632929,1.013099,0.2771584,-8.455338,-0.2790566,0.7530288,Nothing
12.18756,13,1,0,2,0.564361,0.8442285,0.2208217,355.5276,85.98017,286.652,0.563059,1.012882,0.2772399,-8.428777,-0.280137,0.7521952,Nothing
12.1955,13,1,0,2,0.5641079,0.8447716,0.2208636,355.3577,86.01561,286.8452,0.5629208,1.012652,0.2773657,-8.39315,-0.2666183,0.7769796,Nothing
12.2056,13,1,0,2,0.5639623,0.8453586,0.2208131,355.2185,86.05425,287.0042,0.5627791,1.012399,0.2775502,-8.357264,-0.2662615,0.7921073,Nothing
12.21213,13,1,0,2,0.5637619,0.8457838,0.2208834,355.0875,86.06616,287.1427,0.5626273,1.012174,0.2776956,-8.327527,-0.2590225,0.809542,Nothing
12.22006,13,1,0,2,0.5635306,0.8462178,0.2210024,354.9396,86.07186,287.2985,0.5625714,1.011959,0.2779261,-8.297498,-0.2509053,0.8355551,Nothing
12.22855,13,1,0,2,0.5633002,0.8464338,0.2212272,354.8111,86.07343,287.4374,0.5626686,1.011803,0.2782797,-8.279568,-0.2418893,0.8673847,Nothing
12.23767,13,1,0,2,0.5631429,0.8467125,0.2213342,354.7006,86.0787,287.567,0.5626811,1.01164,0.2784847,-8.259073,-0.2341431,0.8886446,Nothing
12.24478,13,1,0,2,0.5630619,0.8469503,0.2213971,354.5916,86.08123,287.6847,0.5627208,1.011442,0.2786394,-8.238876,-0.2279314,0.907406,Nothing
12.25439,13,1,0,2,0.5629539,0.8468374,0.2214168,354.5546,86.08571,287.7769,0.5627362,1.011426,0.2788299,-8.24487,-0.2209762,0.9190483,Nothing
12.26132,13,1,0,2,0.5628877,0.8469123,0.2214734,354.506,86.09076,287.8612,0.5626149,1.011286,0.2790058,-8.236772,-0.2177165,0.9222088,Nothing
12.27036,13,1,0,2,0.5630161,0.8467017,0.2213774,354.5822,86.09851,287.8418,0.5622982,1.010987,0.2789741,-8.237142,-0.2251115,0.8902699,Nothing
12.27841,13,1,0,2,0.5631784,0.8463204,0.2212942,354.6855,86.10303,287.7835,0.5618748,1.010827,0.2791183,-8.254707,-0.2411352,0.8500556,Nothing
12.2879,13,1,0,2,0.5636175,0.845645,0.2211493,354.8866,86.11131,287.6751,0.5610946,1.010493,0.2793704,-8.284256,-0.2711174,0.7673697,Nothing
12.29544,13,1,0,2,0.5640224,0.8448585,0.2208571,355.1318,86.12725,287.4577,0.5603817,1.010295,0.2795122,-8.324373,-0.3149959,0.6840085,Nothing
12.30414,13,1,0,2,0.5644342,0.8439109,0.2205319,355.4173,86.14521,287.205,0.559397,1.010198,0.2797452,-8.378773,-0.3668418,0.5829294,Nothing
12.31232,13,1,0,2,0.5650219,0.8431529,0.2200354,355.7282,86.1657,286.9479,0.5584788,1.010032,0.2800397,-8.42416,-0.434356,0.4723498,Nothing
12.32074,13,1,0,2,0.5656124,0.8420362,0.2196642,356.0809,86.17363,286.6567,0.5576889,1.009843,0.2802384,-8.479952,-0.4925953,0.3625243,Nothing
12.3288,13,1,0,2,0.5662863,0.8408134,0.2194409,356.4467,86.1507,286.3474,0.5567197,1.009704,0.2804893,-8.540934,-0.5486835,0.2395191,Nothing
12.33627,13,1,0,2,0.5670036,0.8396519,0.2190372,356.8169,86.1542,286.0493,0.5556954,1.009603,0.2808657,-8.603844,-0.6184885,0.1100809,Nothing
12.34534,13,1,0,2,0.5676215,0.8387568,0.2186952,357.1021,86.16689,285.8287,0.5546354,1.009614,0.2813632,-8.659346,-0.6820959,-0.005642738,Nothing
12.35385,13,1,0,2,0.5682212,0.8378561,0.2184449,357.3861,86.1582,285.6384,0.5537288,1.009581,0.2818488,-8.710433,-0.7372782,-0.1128023,Nothing
12.362,13,1,0,2,0.5687591,0.8372316,0.2179898,357.5993,86.19319,285.4907,0.5527676,1.009558,0.2823535,-8.751793,-0.7996435,-0.2120631,Nothing
12.37061,13,1,0,2,0.5694453,0.836302,0.2176869,357.8374,86.21428,285.3259,0.5518367,1.009525,0.2830479,-8.806209,-0.8634453,-0.3193893,Nothing
12.37799,13,1,0,2,0.5700129,0.83582,0.2171537,357.98,86.30013,285.2177,0.5508776,1.009488,0.2838655,-8.844504,-0.9395995,-0.4122781,Nothing
12.38678,13,1,0,2,0.5706817,0.834915,0.2165416,358.1945,86.39595,285.0205,0.5499284,1.009167,0.2847805,-8.888632,-1.036217,-0.520101,Nothing
12.39499,13,1,0,2,0.5711945,0.8346246,0.2157127,358.2818,86.55105,284.8855,0.5489696,1.009134,0.2858781,-8.923425,-1.144138,-0.605716,Nothing
12.40356,13,1,0,2,0.5717542,0.8341491,0.2150567,358.4173,86.64757,284.7339,0.5481305,1.009054,0.2867935,-8.958596,-1.23745,-0.6927038,Nothing
12.41138,13,1,0,2,0.5723191,0.8336698,0.2145073,358.5381,86.75609,284.5848,0.5473741,1.009068,0.2878303,-8.997684,-1.329508,-0.7748038,Nothing
12.42084,13,1,0,2,0.5731889,0.8333006,0.2131779,358.6589,86.97807,284.3405,0.5456392,1.009107,0.2899931,-9.053834,-1.526178,-0.9207907,Nothing
12.4281,13,1,0,2,0.5736768,0.8331161,0.2123836,358.7033,87.08832,284.2325,0.544885,1.009146,0.291277,-9.086415,-1.637053,-0.9882219,Nothing
12.43704,13,1,0,2,0.5740075,0.8331702,0.2116469,358.7027,87.21449,284.1477,0.5440558,1.009311,0.2927451,-9.116017,-1.750633,-1.046473,Nothing
12.4455,13,1,0,2,0.5744213,0.8330205,0.210905,358.7565,87.33898,284.0379,0.5431606,1.009443,0.2941122,-9.15047,-1.862238,-1.120171,Nothing
12.45303,13,1,0,2,0.5748231,0.8328151,0.2099825,358.8065,87.50131,283.9234,0.5425304,1.009508,0.2956456,-9.187152,-1.989228,-1.182627,Nothing
12.46127,13,1,0,2,0.5751926,0.832652,0.2090123,358.866,87.6762,283.7832,0.5417382,1.009681,0.2972585,-9.226604,-2.125368,-1.25398,Nothing
12.47122,13,1,0,2,0.5754346,0.8325512,0.2080074,358.958,87.8605,283.5983,0.5409268,1.009924,0.2990386,-9.265197,-2.277635,-1.326111,Nothing
12.47888,13,1,0,2,0.575813,0.8322474,0.2071141,359.0643,88.00597,283.4211,0.5402123,1.010063,0.3008165,-9.306167,-2.423463,-1.4002,Nothing
12.48761,13,1,0,2,0.5762089,0.8319767,0.2062828,359.1585,88.13579,283.2606,0.5395591,1.010031,0.3027042,-9.338184,-2.571384,-1.469927,Nothing
12.49612,13,1,0,2,0.576561,0.8314725,0.2054198,359.3281,88.2626,283.0571,0.538915,1.010094,0.3046924,-9.381839,-2.729383,-1.548314,Nothing
12.50281,13,1,0,2,0.5769887,0.8308997,0.2046971,359.4915,88.35343,282.8851,0.538166,1.010224,0.3068908,-9.433189,-2.885467,-1.63189,Nothing
12.51172,13,1,0,2,0.5773057,0.8303211,0.203989,359.674,88.42498,282.7071,0.5376559,1.010202,0.3089005,-9.473347,-3.035195,-1.700916,Nothing
12.52042,13,1,0,2,0.5776251,0.8297957,0.2034958,359.8545,88.47891,282.5571,0.5371155,1.010173,0.3112538,-9.512572,-3.187682,-1.76993,Nothing
12.52844,13,1,0,2,0.5779583,0.8291782,0.2030754,0.02958326,88.50751,282.4188,0.5365825,1.010078,0.3133802,-9.549915,-3.325001,-1.836836,Nothing
12.5365,13,1,0,2,0.5782677,0.8286389,0.2027356,0.1760996,88.52744,282.3206,0.5360631,1.009905,0.3157344,-9.583982,-3.4643,-1.896903,Nothing
12.54465,13,1,0,2,0.5788724,0.8277063,0.2017815,0.4352102,88.63196,282.1019,0.5349064,1.009666,0.3202156,-9.647768,-3.747447,-2.023687,Nothing
12.55383,13,1,0,2,0.5790595,0.8274537,0.2012771,0.5005602,88.70882,282.0306,0.5343278,1.009399,0.3225283,-9.667378,-3.889513,-2.074592,Nothing
12.56161,13,1,0,2,0.5792696,0.8273259,0.2006848,0.5297638,88.81816,281.9937,0.5337281,1.009204,0.3247734,-9.687713,-4.025865,-2.125822,Nothing
12.57089,13,1,0,2,0.5795022,0.8272396,0.2000107,0.5377487,88.9485,281.9763,0.5328382,1.008875,0.3269337,-9.701543,-4.159758,-2.191406,Nothing
12.57809,13,1,0,2,0.579726,0.8273503,0.1993411,0.4990575,89.08749,281.9792,0.5320489,1.008503,0.3292049,-9.708365,-4.296514,-2.246123,Nothing
12.58737,13,1,0,2,0.5798879,0.8273802,0.1987968,0.4433657,89.22779,282.0032,0.5311404,1.008046,0.3315234,-9.716503,-4.425676,-2.301916,Nothing
12.59546,13,1,0,2,0.5800294,0.8276139,0.1982175,0.3658513,89.36758,282.044,0.5303738,1.007702,0.3335822,-9.720575,-4.541858,-2.34745,Nothing
12.60382,13,1,0,2,0.5801678,0.8278684,0.1978236,0.2892615,89.46397,282.076,0.5295248,1.007498,0.3355789,-9.727655,-4.648332,-2.39272,Nothing
12.61172,13,1,0,2,0.5802737,0.8281476,0.1974693,0.2028793,89.54379,282.1079,0.5287095,1.007107,0.3373375,-9.722882,-4.744379,-2.431954,Nothing
12.62106,13,1,0,2,0.5803689,0.8285099,0.1972506,0.1097595,89.58825,282.1279,0.5277652,1.006929,0.3391795,-9.723429,-4.840033,-2.472025,Nothing
12.62979,13,1,0,2,0.5805056,0.8287151,0.1969721,0.04074379,89.64737,282.1145,0.5270412,1.006759,0.3408175,-9.72637,-4.932406,-2.50919,Nothing
12.63736,13,1,0,2,0.5801514,0.8291679,0.1959053,359.9762,89.94563,282.1647,0.5260231,1.006669,0.3423373,-9.73139,-5.036309,-2.56684,Nothing
12.64639,13,1,0,2,0.5798289,0.8294178,0.1950222,359.8834,90.10697,282.1166,0.5251893,1.006453,0.3438232,-9.73178,-5.151365,-2.597366,Nothing
12.65894,13,1,0,2,0.5799477,0.8296488,0.1939569,359.8319,90.32855,282.0404,0.5233461,1.006119,0.3470067,-9.741196,-5.356716,-2.711797,Nothing
12.67319,13,1,0,2,0.5802422,0.8300292,0.1925578,359.82,90.62907,282.0334,0.5216583,1.005854,0.3500526,-9.752334,-5.555913,-2.844929,Nothing
12.68149,13,1,0,2,0.5803884,0.8299769,0.1921725,359.8462,90.69985,281.9866,0.5208082,1.005729,0.3517754,-9.763253,-5.658954,-2.906651,Nothing
12.68719,13,1,0,2,0.580501,0.829926,0.1918629,359.8529,90.75191,281.9259,0.5202716,1.005349,0.353425,-9.760334,-5.76084,-2.94667,Nothing
12.69498,13,1,0,2,0.5806102,0.8299148,0.1914548,359.8658,90.8233,281.8543,0.5198615,1.004958,0.3552321,-9.755699,-5.876098,-2.984362,Nothing
12.70337,13,1,0,2,0.5809216,0.8299748,0.1906242,359.88,90.94237,281.8112,0.5193941,1.004655,0.3570172,-9.757814,-6.00226,-3.041696,Nothing
12.71167,13,1,0,2,0.5810354,0.8300124,0.1901706,359.8812,91.02505,281.7578,0.5189066,1.004282,0.3587785,-9.753575,-6.113707,-3.083779,Nothing
12.71945,13,1,0,2,0.5811306,0.8300013,0.1897312,359.8948,91.11378,281.7214,0.518646,1.003797,0.3605996,-9.747769,-6.224947,-3.117163,Nothing
12.72885,13,1,0,2,0.5811737,0.8298761,0.1893096,359.9301,91.1806,281.6902,0.5182263,1.003121,0.3625437,-9.738859,-6.342175,-3.15606,Nothing
12.73624,13,1,0,2,0.581246,0.829926,0.1891607,359.9245,91.19999,281.6675,0.5181911,1.002475,0.3643085,-9.722363,-6.440731,-3.165083,Nothing
12.74451,13,1,0,2,0.5814478,0.8298198,0.1890197,359.9149,91.22853,281.6253,0.5178389,1.001771,0.3661587,-9.708985,-6.544233,-3.196287,Nothing
12.75366,13,1,0,2,0.5815197,0.829919,0.188744,359.893,91.28416,281.5856,0.51765,1.001092,0.3678965,-9.687943,-6.648703,-3.215897,Nothing
12.76212,13,1,0,2,0.5816137,0.8300318,0.1884875,359.8632,91.34701,281.5596,0.5174702,1.000554,0.3694934,-9.673169,-6.74161,-3.236114,Nothing
12.76971,13,1,0,2,0.5816846,0.8301256,0.1881784,359.8409,91.41531,281.537,0.517169,0.9999568,0.3711067,-9.657039,-6.837144,-3.263196,Nothing
12.77823,13,1,0,2,0.5817502,0.8302078,0.1879744,359.821,91.48241,281.5571,0.5167412,0.9993503,0.3724525,-9.642426,-6.907955,-3.295977,Nothing
12.78635,13,1,0,2,0.5817065,0.8303642,0.188152,359.8499,91.4688,281.5446,0.5161417,0.9988669,0.3736269,-9.619014,-6.963074,-3.325726,Nothing
12.79449,13,1,0,2,0.5818276,0.8304813,0.1879756,359.8364,91.52927,281.5452,0.5152887,0.9976394,0.3761835,-9.582383,-7.098345,-3.383084,Nothing
12.8031,13,1,0,2,0.5820903,0.8304387,0.1878893,359.8266,91.48454,281.507,0.5143294,0.9970259,0.3774076,-9.564409,-7.172255,-3.434642,Nothing
12.81137,13,1,0,2,0.582104,0.8306586,0.1876332,359.7872,91.52525,281.4048,0.5136443,0.9964069,0.3782462,-9.524552,-7.244495,-3.470324,Nothing
12.82034,13,1,0,2,0.5821407,0.8308244,0.1872855,359.758,91.59575,281.336,0.5130532,0.9960283,0.3789604,-9.501265,-7.305139,-3.508744,Nothing
12.82822,13,1,0,2,0.5823907,0.8309893,0.1865562,359.6879,91.70768,281.2676,0.5124347,0.9954703,0.3797958,-9.47627,-7.387314,-3.560471,Nothing
12.83649,13,1,0,2,0.5824048,0.8312377,0.1858779,359.6427,91.86024,281.2145,0.5117993,0.9950968,0.3800719,-9.450239,-7.435353,-3.611046,Nothing
12.84454,13,1,0,2,0.5823073,0.8313951,0.1857605,359.6224,91.90699,281.18,0.5114521,0.9946377,0.3805384,-9.423088,-7.470392,-3.628721,Nothing
12.85287,13,1,0,2,0.5823339,0.8314304,0.1858051,359.625,91.91243,281.2377,0.5112127,0.9947896,0.3798813,-9.429306,-7.426331,-3.641454,Nothing
12.86105,13,1,0,2,0.5821242,0.831571,0.1860968,359.6264,91.88911,281.3267,0.5112388,0.9953783,0.3786823,-9.447993,-7.33981,-3.62423,Nothing
12.86981,13,1,0,2,0.5822188,0.8313857,0.1869198,359.6264,91.72072,281.4263,0.5111193,0.995645,0.3777843,-9.467562,-7.249103,-3.605192,Nothing
12.8779,13,1,0,2,0.5821409,0.8314145,0.1876575,359.6042,91.58619,281.5854,0.5112582,0.9963285,0.3760152,-9.497133,-7.108103,-3.567217,Nothing
12.88623,13,1,0,2,0.5820357,0.8314211,0.18856,359.5796,91.42333,281.694,0.5115179,0.9970421,0.3738962,-9.517734,-6.952672,-3.517426,Nothing
12.89496,13,1,0,2,0.5818057,0.8315194,0.1894392,359.5144,91.28324,281.915,0.511587,0.9978444,0.3711078,-9.54668,-6.746273,-3.468628,Nothing
12.90356,13,1,0,2,0.5815188,0.831803,0.1900025,359.4236,91.20724,282.0653,0.5117386,0.9983701,0.3687566,-9.552712,-6.587064,-3.420736,Nothing
12.91153,13,1,0,2,0.5812622,0.8320985,0.1904816,359.3033,91.11909,282.2058,0.5116623,0.9988031,0.3664549,-9.555125,-6.436833,-3.379783,Nothing
12.91986,13,1,0,2,0.5807374,0.8325902,0.1913794,359.1125,91.00705,282.5112,0.5113674,0.999392,0.3615763,-9.54624,-6.120856,-3.321072,Nothing
12.92838,13,1,0,2,0.580444,0.8329847,0.1919333,358.9286,90.9341,282.7156,0.5109032,0.9990193,0.3586884,-9.507524,-5.936808,-3.291316,Nothing
12.93625,13,1,0,2,0.5799244,0.8336906,0.1926695,358.6836,90.8642,283.0384,0.5104944,0.998333,0.3557031,-9.450503,-5.726614,-3.241167,Nothing
12.94501,13,1,0,2,0.5797312,0.8341521,0.193546,358.4657,90.73679,283.3235,0.5101896,0.9975073,0.3529606,-9.392888,-5.530556,-3.198633,Nothing
12.953,13,1,0,2,0.5791829,0.8349962,0.1947317,358.1639,90.59752,283.7624,0.5098755,0.9967121,0.3499937,-9.329452,-5.289389,-3.128106,Nothing
12.96173,13,1,0,2,0.5783765,0.8356832,0.1961838,357.893,90.44814,284.1924,0.5095837,0.996046,0.3470642,-9.270161,-5.038281,-3.048259,Nothing
12.97046,13,1,0,2,0.5778108,0.8364186,0.1974057,357.6039,90.31525,284.6537,0.5093102,0.9946519,0.3437062,-9.172749,-4.782153,-2.98164,Nothing
12.97818,13,1,0,2,0.5771154,0.8373425,0.1985392,357.2919,90.17812,285.1379,0.5089302,0.9934525,0.3404227,-9.076601,-4.531694,-2.912374,Nothing
12.98666,13,1,0,2,0.576378,0.8385914,0.199951,356.9545,90.02993,285.6325,0.5083947,0.9921374,0.3371019,-8.954558,-4.272957,-2.847036,Nothing
12.99484,13,1,0,2,0.5756669,0.8398423,0.2012988,356.5062,89.91537,286.2236,0.5078775,0.9904907,0.3337186,-8.824699,-4.002964,-2.774983,Nothing
13.00323,13,1,0,2,0.5746865,0.8412365,0.2022333,356.0467,89.89729,286.7404,0.5075347,0.9885721,0.330592,-8.67333,-3.778597,-2.694859,Nothing
13.01187,13,1,0,2,0.5739024,0.8426968,0.2028771,355.5605,89.92651,287.198,0.5070755,0.9870048,0.3273832,-8.531933,-3.568498,-2.632595,Nothing
13.02011,13,1,0,2,0.573082,0.8442953,0.2033544,355.0521,89.97456,287.5826,0.506549,0.9850941,0.3242367,-8.365374,-3.387683,-2.575031,Nothing
13.02847,13,1,0,2,0.5721614,0.8460819,0.2037886,354.4919,90.02737,287.9678,0.505975,0.983502,0.3206896,-8.198896,-3.190346,-2.511143,Nothing
13.03772,13,1,0,2,0.5703678,0.8495515,0.205246,353.4012,89.96261,288.6755,0.5051116,0.9793859,0.3142491,-7.817175,-2.837785,-2.372478,Nothing
13.04492,13,1,0,2,0.5693645,0.8510969,0.2060035,352.8629,89.94762,289.0944,0.5044935,0.9773467,0.3109742,-7.633654,-2.648886,-2.313176,Nothing
13.05463,13,1,0,2,0.5684043,0.852712,0.207313,352.345,89.79052,289.5992,0.5041733,0.9751111,0.3078454,-7.431446,-2.446276,-2.237095,Nothing
13.06241,13,1,0,2,0.5678366,0.8540862,0.20857,351.8641,89.58496,290.1714,0.5041727,0.9730647,0.3047158,-7.247606,-2.237223,-2.1659,Nothing
13.07025,13,1,0,2,0.5670044,0.8551341,0.210457,351.4555,89.2918,290.7759,0.5039622,0.9709568,0.3015822,-7.05972,-2.001037,-2.095501,Nothing
13.07928,13,1,0,2,0.5660827,0.8562225,0.2123564,351.0431,88.97952,291.3496,0.5041369,0.9688933,0.2986157,-6.865983,-1.781161,-2.005333,Nothing
13.08768,13,1,0,2,0.5651021,0.8571117,0.2142211,350.6913,88.72011,291.8185,0.5042997,0.9669009,0.2957176,-6.67585,-1.575257,-1.924886,Nothing
13.09586,13,1,0,2,0.5642525,0.8581774,0.2154089,350.278,88.56721,292.2942,0.5044383,0.964801,0.2929205,-6.486157,-1.404656,-1.857743,Nothing
13.10349,13,1,0,2,0.5635529,0.8594014,0.2159682,349.8286,88.53981,292.7311,0.5045353,0.9626164,0.2900206,-6.293381,-1.26221,-1.808485,Nothing
13.11188,13,1,0,2,0.562749,0.8606476,0.2159894,349.377,88.67287,293.1353,0.5045928,0.9604518,0.2871951,-6.10722,-1.145799,-1.767454,Nothing
13.12024,13,1,0,2,0.5618864,0.8618742,0.2165817,348.9375,88.65973,293.5751,0.5046389,0.9582342,0.2843969,-5.908849,-1.012713,-1.719727,Nothing
13.12857,13,1,0,2,0.5614164,0.8633088,0.2165112,348.4703,88.76135,293.9446,0.5047436,0.9558962,0.2817384,-5.711489,-0.9245098,-1.696229,Nothing
13.13748,13,1,0,2,0.5606325,0.8647383,0.2169633,348.0147,88.76862,294.3302,0.5048012,0.9536813,0.2791741,-5.508529,-0.8216898,-1.657909,Nothing
13.14603,13,1,0,2,0.5597894,0.8660564,0.2174154,347.5672,88.77154,294.7444,0.5048448,0.9514516,0.276763,-5.311024,-0.7243398,-1.619457,Nothing
13.15375,13,1,0,2,0.5589167,0.8673268,0.2181232,347.125,88.71484,295.2038,0.504993,0.9493421,0.2744005,-5.114583,-0.6169231,-1.57342,Nothing
13.16226,13,1,0,2,0.5572618,0.8696355,0.2198413,346.2616,88.51682,296.1228,0.5051821,0.9453101,0.2695953,-4.728477,-0.3899963,-1.492521,Nothing
13.17017,13,1,0,2,0.5563775,0.8707141,0.2210969,345.8576,88.29893,296.5709,0.5053275,0.9434422,0.2674634,-4.538703,-0.2777672,-1.44618,Nothing
13.17899,13,1,0,2,0.5552581,0.8719032,0.2221244,345.4096,88.10626,296.9101,0.5052493,0.941812,0.2654802,-4.360638,-0.1884713,-1.398389,Nothing
13.18658,13,1,0,2,0.5542162,0.8732561,0.222879,344.9441,87.95984,297.1541,0.5052534,0.9399449,0.263332,-4.166898,-0.1190794,-1.358662,Nothing
13.1955,13,1,0,2,0.5531402,0.8747038,0.2233153,344.4592,87.88333,297.3318,0.5050114,0.9382083,0.2614399,-3.988339,-0.07567451,-1.331439,Nothing
13.20386,13,1,0,2,0.551926,0.876063,0.2234372,344.0027,87.86636,297.4631,0.5050516,0.9363371,0.2593235,-3.803043,-0.04115105,-1.291742,Nothing
13.21204,13,1,0,2,0.5510466,0.8772467,0.2235279,343.6103,87.88792,297.6046,0.5047585,0.9346943,0.2575031,-3.647548,-0.008429523,-1.283804,Nothing
13.22015,13,1,0,2,0.5502806,0.8782156,0.2237357,343.2897,87.89977,297.7905,0.5044559,0.933001,0.255496,-3.492233,0.04207454,-1.285079,Nothing
13.22861,13,1,0,2,0.5496908,0.8789939,0.2240212,343.0219,87.89722,298.0241,0.5043064,0.9314708,0.2537628,-3.354558,0.09270666,-1.285901,Nothing
13.23685,13,1,0,2,0.5491175,0.8795673,0.2245233,342.7971,87.87195,298.3033,0.5042452,0.930281,0.252359,-3.239269,0.1501928,-1.278241,Nothing
13.24509,13,1,0,2,0.5485774,0.8801703,0.2251571,342.6031,87.82242,298.6086,0.5040329,0.9287578,0.2508569,-3.10593,0.2095505,-1.286252,Nothing
13.25378,13,1,0,2,0.5480943,0.8805512,0.2258464,342.4358,87.74095,298.8871,0.5041043,0.9277782,0.2500151,-3.013122,0.255029,-1.273356,Nothing
13.26172,13,1,0,2,0.5477391,0.8809584,0.2266256,342.2619,87.60506,299.0225,0.5043347,0.9267535,0.2489907,-2.912021,0.3002972,-1.259836,Nothing
13.27136,13,1,0,2,0.5471203,0.8815539,0.2272229,342.0368,87.5078,299.1917,0.5044214,0.9257793,0.2482161,-2.813702,0.3269569,-1.241218,Nothing
13.27811,13,1,0,2,0.5464289,0.8822653,0.2276912,341.79,87.40942,299.2751,0.5045877,0.9249561,0.2475092,-2.719821,0.3409758,-1.214651,Nothing
13.28824,13,1,0,2,0.5450982,0.8835375,0.2285996,341.3101,87.25479,299.4319,0.5050833,0.9232987,0.2459748,-2.532585,0.3754427,-1.158392,Nothing
13.29517,13,1,0,2,0.5444105,0.884276,0.2288953,341.0469,87.22464,299.5584,0.5054224,0.9227633,0.2454785,-2.453781,0.381702,-1.122191,Nothing
13.30392,13,1,0,2,0.543888,0.8848966,0.2290498,340.8012,87.21159,299.753,0.5062113,0.9222134,0.2452443,-2.382864,0.3745582,-1.072315,Nothing
13.31177,13,1,0,2,0.5433383,0.885435,0.2293392,340.5784,87.21442,299.991,0.5065269,0.9219929,0.2450246,-2.330724,0.3856367,-1.037897,Nothing
13.32022,13,1,0,2,0.5428624,0.8856654,0.2298408,340.389,87.19215,300.221,0.5066804,0.9217072,0.2444621,-2.278189,0.424779,-1.012668,Nothing
13.32867,13,1,0,2,0.542317,0.8861607,0.2301848,340.167,87.18534,300.47,0.5066967,0.9213743,0.2443667,-2.229024,0.4323888,-0.9933342,Nothing
13.33664,13,1,0,2,0.5416868,0.8866477,0.2305964,339.9457,87.14787,300.6335,0.506692,0.9213422,0.2440664,-2.185222,0.4533424,-0.9667125,Nothing
13.34521,13,1,0,2,0.5410836,0.88722,0.2307928,339.7295,87.11522,300.6964,0.5066831,0.921035,0.2438366,-2.135238,0.4505067,-0.9473098,Nothing
13.35355,13,1,0,2,0.540445,0.8878577,0.2309877,339.5146,87.05323,300.7283,0.5065194,0.9211731,0.2436765,-2.103778,0.4521164,-0.9268267,Nothing
13.36234,13,1,0,2,0.5399781,0.8884312,0.2310618,339.3177,87.00462,300.7516,0.506456,0.9209608,0.2435182,-2.064945,0.4424375,-0.9150843,Nothing
13.37094,13,1,0,2,0.5394187,0.8890083,0.2311704,339.1266,86.96397,300.7717,0.5063244,0.9209371,0.243364,-2.031891,0.4380772,-0.8997594,Nothing
13.37909,13,1,0,2,0.5388557,0.8895954,0.2313059,338.9376,86.92617,300.8248,0.5061783,0.9209562,0.2432247,-1.999603,0.4362015,-0.8847225,Nothing
13.3877,13,1,0,2,0.5385976,0.8899179,0.2312794,338.8224,86.91657,300.8941,0.5060066,0.9210749,0.2431124,-1.989516,0.4376178,-0.8806001,Nothing
13.3956,13,1,0,2,0.5382981,0.8901754,0.23141,338.7171,86.91335,300.9706,0.5058047,0.9212435,0.2429686,-1.9789,0.4496561,-0.8748835,Nothing
13.40344,13,1,0,2,0.5379542,0.8904703,0.2315453,338.622,86.90264,301.0378,0.5052966,0.9215724,0.2426077,-1.971908,0.4747964,-0.8794345,Nothing
13.41177,13,1,0,2,0.537484,0.8909572,0.231522,338.4417,86.95547,301.2294,0.5048922,0.9220179,0.2423289,-1.963382,0.4932331,-0.8722842,Nothing
13.42062,13,1,0,2,0.5372286,0.891206,0.2314015,338.3416,87.02789,301.3125,0.5046406,0.9224545,0.2422227,-1.970581,0.5023618,-0.8661002,Nothing
13.42847,13,1,0,2,0.5370438,0.8914921,0.231227,338.2314,87.10913,301.3984,0.5044549,0.9228433,0.2421686,-1.977168,0.5056154,-0.8611016,Nothing
13.4375,13,1,0,2,0.5369344,0.8918449,0.2310191,338.1177,87.17404,301.4353,0.504235,0.9232238,0.2421543,-1.985115,0.5028821,-0.8618125,Nothing
13.44507,13,1,0,2,0.5366784,0.892251,0.2308049,337.9732,87.24378,301.4781,0.5040734,0.9235849,0.242106,-1.986606,0.4986942,-0.8538549,Nothing
13.4538,13,1,0,2,0.536405,0.8926778,0.2305815,337.822,87.30924,301.5124,0.5039508,0.9239485,0.2422548,-1.991662,0.4848407,-0.8430639,Nothing
13.46213,13,1,0,2,0.5362321,0.8930485,0.2305016,337.69,87.35578,301.5729,0.5038014,0.9242908,0.2423022,-1.993945,0.4830612,-0.8382568,Nothing
13.46997,13,1,0,2,0.5360097,0.8933896,0.2305818,337.5588,87.35272,301.6838,0.5038062,0.9245943,0.2424541,-1.991232,0.4823058,-0.8243054,Nothing
13.47827,13,1,0,2,0.5357494,0.8938148,0.2305386,337.4122,87.36699,301.7871,0.5037003,0.9249392,0.2425488,-1.989773,0.4786589,-0.813874,Nothing
13.48672,13,1,0,2,0.5354704,0.894134,0.2304938,337.2258,87.39359,301.956,0.503591,0.9252716,0.2428157,-1.995594,0.472818,-0.7995175,Nothing
13.49518,13,1,0,2,0.5349919,0.8947961,0.2304536,336.9657,87.45368,302.1642,0.5034825,0.925609,0.242991,-1.983331,0.4641052,-0.7807525,Nothing
13.50348,13,1,0,2,0.5343848,0.8954731,0.2304206,336.6796,87.53558,302.3897,0.5032563,0.9258759,0.2431893,-1.968073,0.4537839,-0.7626538,Nothing
13.51178,13,1,0,2,0.5337973,0.8961887,0.2304015,336.3649,87.61803,302.6491,0.5030035,0.9261527,0.2433903,-1.95235,0.4447859,-0.7464513,Nothing
13.5202,13,1,0,2,0.5332903,0.8968286,0.2304772,336.1023,87.65991,302.8478,0.5027892,0.9264556,0.2435489,-1.937964,0.4405058,-0.7318855,Nothing
13.52838,13,1,0,2,0.5328481,0.8974346,0.2304988,335.8513,87.72223,303.0223,0.5025487,0.9266931,0.2437088,-1.925272,0.4334864,-0.7225559,Nothing
13.53781,13,1,0,2,0.5320228,0.8985134,0.2303096,335.3697,87.88303,303.327,0.5020059,0.9272105,0.2438593,-1.909861,0.4211352,-0.7070962,Nothing
13.54529,13,1,0,2,0.5316423,0.8989524,0.2298812,335.143,88.02776,303.4048,0.5015742,0.9274613,0.2438498,-1.915123,0.4078536,-0.7068117,Nothing
13.55331,13,1,0,2,0.5313785,0.8994524,0.2292571,334.9391,88.2408,303.4357,0.5011767,0.9277179,0.2438677,-1.925135,0.3850785,-0.7125381,Nothing
13.56168,13,1,0,2,0.5312811,0.8999159,0.2287032,334.7502,88.45959,303.4965,0.5004202,0.9279113,0.2436888,-1.936289,0.3788539,-0.7425069,Nothing
13.57001,13,1,0,2,0.5313805,0.9000825,0.2280115,334.662,88.71811,303.5566,0.4997569,0.9281199,0.2436867,-1.967214,0.3691543,-0.7740421,Nothing
13.57843,13,1,0,2,0.5312781,0.9003876,0.2275043,334.5322,88.89978,303.6537,0.49917,0.9284015,0.2436009,-1.984943,0.3657544,-0.7930425,Nothing
13.58664,13,1,0,2,0.5315498,0.9004026,0.2269385,334.4977,89.08925,303.7279,0.4985275,0.9286608,0.2436939,-2.024951,0.3628361,-0.8281114,Nothing
13.595,13,1,0,2,0.53207,0.9001817,0.2261834,334.5574,89.33405,303.6945,0.4978994,0.9289777,0.2438309,-2.084513,0.3574414,-0.8711598,Nothing
13.6048,13,1,0,2,0.5326031,0.9001169,0.2252475,334.5951,89.63458,303.6213,0.4971989,0.9294374,0.243899,-2.147711,0.3488463,-0.9185399,Nothing
13.61279,13,1,0,2,0.5331501,0.8999653,0.2240664,334.6536,89.98611,303.5008,0.4966667,0.9300421,0.2442317,-2.229177,0.3237028,-0.9565138,Nothing
13.62006,13,1,0,2,0.5338038,0.8996173,0.2230464,334.7775,90.28862,303.3725,0.4961681,0.9306163,0.2444763,-2.310671,0.3111586,-0.9966857,Nothing
13.62872,13,1,0,2,0.5348816,0.8989009,0.22208,335.0589,90.50832,303.1323,0.4957855,0.9315426,0.2449747,-2.427361,0.3024879,-1.041115,Nothing
13.63684,13,1,0,2,0.5356726,0.8984326,0.2211047,335.2433,90.74924,302.9611,0.4953353,0.9322606,0.2453988,-2.522651,0.2873549,-1.083063,Nothing
13.64655,13,1,0,2,0.536989,0.8975435,0.2198427,335.572,91.02321,302.6633,0.4952149,0.9334832,0.2459977,-2.664294,0.2713484,-1.123125,Nothing
13.65622,13,1,0,2,0.539273,0.8959846,0.2170895,336.1869,91.66853,302.0745,0.4944699,0.9353867,0.2473217,-2.928998,0.2109709,-1.231538,Nothing
13.66153,13,1,0,2,0.5411351,0.8948372,0.2145247,336.7581,92.23122,301.5341,0.4941329,0.9366311,0.2482247,-3.12427,0.1383696,-1.32676,Nothing
13.6702,13,1,0,2,0.5427728,0.893665,0.2124935,337.2445,92.68523,301.1168,0.4937867,0.9379122,0.2492391,-3.308255,0.08343239,-1.409032,Nothing
13.67813,13,1,0,2,0.544183,0.8926567,0.2106862,337.6723,93.07143,300.7706,0.493459,0.9392079,0.2502212,-3.476886,0.03337171,-1.481961,Nothing
13.68741,13,1,0,2,0.5460807,0.8909369,0.20904,338.2702,93.42545,300.3687,0.4931749,0.9406083,0.2513961,-3.678509,-0.003126243,-1.572013,Nothing
13.69577,13,1,0,2,0.5476428,0.889898,0.207232,338.7534,93.74508,300.0105,0.4928768,0.9420624,0.2525786,-3.857327,-0.0631589,-1.656375,Nothing
13.7041,13,1,0,2,0.5494951,0.8886728,0.2054138,339.2263,94.07545,299.6776,0.4924169,0.9435605,0.253994,-4.055268,-0.1220235,-1.76119,Nothing
13.71252,13,1,0,2,0.5509388,0.8877351,0.2036858,339.6353,94.41695,299.3609,0.4921835,0.944851,0.2554559,-4.224475,-0.1958014,-1.846304,Nothing
13.72021,13,1,0,2,0.5522927,0.8868482,0.2017653,340.0197,94.81476,299.0463,0.4917331,0.946156,0.2567587,-4.392896,-0.2677759,-1.941781,Nothing
13.72949,13,1,0,2,0.5534986,0.886155,0.1999833,340.3352,95.18165,298.7507,0.4913428,0.9474714,0.2585807,-4.561676,-0.3614827,-2.030079,Nothing
13.73703,13,1,0,2,0.5545653,0.8850181,0.1983476,340.6843,95.54893,298.4157,0.4907691,0.9488603,0.2600981,-4.737574,-0.4297059,-2.115748,Nothing
13.74536,13,1,0,2,0.5554692,0.8845574,0.1968,340.8904,95.86787,298.1642,0.4904132,0.9500958,0.2619857,-4.887626,-0.5257832,-2.189518,Nothing
13.75339,13,1,0,2,0.5565147,0.8838811,0.1952586,341.167,96.17267,297.9018,0.4900783,0.9513293,0.2639706,-5.046137,-0.6232946,-2.272579,Nothing
13.7616,13,1,0,2,0.5574765,0.8830987,0.1938743,341.4162,96.40827,297.6733,0.4896814,0.9524853,0.2660834,-5.205843,-0.720744,-2.351142,Nothing
13.77084,13,1,0,2,0.5581954,0.882687,0.1928782,341.5726,96.58102,297.5099,0.4894761,0.9536956,0.2682868,-5.345324,-0.8145647,-2.405152,Nothing
13.77933,13,1,0,2,0.5598887,0.881568,0.1902102,341.9827,97.0733,297.1178,0.4891517,0.9560574,0.2726885,-5.642101,-1.022718,-2.541087,Nothing
13.78644,13,1,0,2,0.5596615,0.8817621,0.1903749,341.902,97.05827,297.1814,0.4893236,0.9560755,0.2729897,-5.638559,-1.029873,-2.519239,Nothing
13.79517,13,1,0,2,0.5608898,0.8809304,0.1880483,342.2095,97.508,296.8942,0.4891964,0.9585955,0.2776366,-5.924915,-1.236218,-2.623052,Nothing
13.80298,13,1,0,2,0.5614098,0.8805634,0.1872187,342.3218,97.6713,296.8083,0.4892916,0.9598799,0.2801314,-6.063846,-1.334064,-2.65792,Nothing
13.81113,13,1,0,2,0.5619199,0.8801903,0.1865175,342.4367,97.79638,296.722,0.4896065,0.9612083,0.2828825,-6.205568,-1.441961,-2.681313,Nothing
13.81985,13,1,0,2,0.5624138,0.8798475,0.1858269,342.539,97.92877,296.6183,0.4899065,0.962577,0.2854107,-6.342049,-1.541394,-2.703462,Nothing
13.82813,13,1,0,2,0.5627232,0.8796523,0.1850204,342.601,98.09139,296.4995,0.4903876,0.9640298,0.2881525,-6.480594,-1.659084,-2.711766,Nothing
13.83722,13,1,0,2,0.5630823,0.8795175,0.1840216,342.6895,98.28799,296.377,0.490831,0.965502,0.2907941,-6.618499,-1.779128,-2.73119,Nothing
13.84525,13,1,0,2,0.5633868,0.8793348,0.1830162,342.7601,98.49856,296.2398,0.4912836,0.967007,0.2933374,-6.756833,-1.895145,-2.746785,Nothing
13.85339,13,1,0,2,0.5637048,0.8791184,0.1820119,342.8437,98.71441,296.1182,0.4918393,0.9686041,0.2958487,-6.898344,-2.006758,-2.759314,Nothing
13.8616,13,1,0,2,0.5635988,0.879028,0.181033,342.978,98.95383,296.013,0.4922872,0.9702794,0.298338,-7.031887,-2.118911,-2.766107,Nothing
13.86972,13,1,0,2,0.5639212,0.8787569,0.1802336,343.0962,99.11871,295.9296,0.4928769,0.9719307,0.3007923,-7.171727,-2.218421,-2.775795,Nothing
13.87802,13,1,0,2,0.5648674,0.8786868,0.1789388,343.1508,99.30468,295.8815,0.4934444,0.9734828,0.3032723,-7.320648,-2.329794,-2.819392,Nothing
13.88623,13,1,0,2,0.5651948,0.8784949,0.178264,343.2489,99.42458,295.8079,0.4940508,0.975117,0.3057489,-7.455528,-2.429313,-2.825437,Nothing
13.89502,13,1,0,2,0.5656766,0.8781387,0.1776036,343.3344,99.58502,295.7117,0.4946031,0.976706,0.3082088,-7.595553,-2.522125,-2.842402,Nothing
13.90341,13,1,0,2,0.5657128,0.8778641,0.1770447,343.3937,99.7101,295.5921,0.4950862,0.978147,0.3107818,-7.723318,-2.630591,-2.840646,Nothing
13.91107,13,1,0,2,0.5659613,0.8777449,0.176239,343.4566,99.86535,295.4682,0.495696,0.9795483,0.3134256,-7.850008,-2.75351,-2.851963,Nothing
13.92075,13,1,0,2,0.5662597,0.8775692,0.174678,343.5458,100.1954,295.2218,0.4968689,0.9822907,0.3186558,-8.095264,-2.997776,-2.869709,Nothing
13.92886,13,1,0,2,0.5661787,0.8778971,0.1737502,343.4794,100.4052,295.1041,0.4976113,0.9830858,0.3217007,-8.191045,-3.161797,-2.873755,Nothing
13.93634,13,1,0,2,0.5655938,0.8785367,0.1731396,343.4658,100.5805,294.9825,0.4983928,0.984078,0.3245661,-8.263816,-3.319595,-2.853944,Nothing
13.94492,13,1,0,2,0.5654336,0.8788477,0.1722814,343.4174,100.7968,294.91,0.4989407,0.9844532,0.3278609,-8.349146,-3.490921,-2.875163,Nothing
13.95325,13,1,0,2,0.5653346,0.8791592,0.1716072,343.3577,100.9751,294.8564,0.499726,0.9851347,0.3308872,-8.437452,-3.640296,-2.876191,Nothing
13.96176,13,1,0,2,0.5655674,0.8791521,0.1707626,343.2998,101.1,294.8349,0.500161,0.9854153,0.3342028,-8.540269,-3.800602,-2.907829,Nothing
13.9696,13,1,0,2,0.5654764,0.8794323,0.1703623,343.2397,101.1987,294.8045,0.5009956,0.9852879,0.3376901,-8.601873,-3.976506,-2.911613,Nothing
13.97861,13,1,0,2,0.5657593,0.879692,0.1699456,343.1355,101.2698,294.7668,0.502071,0.9851445,0.341229,-8.667776,-4.155832,-2.914384,Nothing
13.98706,13,1,0,2,0.5655963,0.8800507,0.1694535,343.0439,101.3937,294.6822,0.5028976,0.9850479,0.3445643,-8.722903,-4.336411,-2.916466,Nothing
13.99545,13,1,0,2,0.5650976,0.8805489,0.1690355,342.938,101.5317,294.5924,0.5038611,0.984756,0.3479759,-8.760227,-4.529507,-2.903262,Nothing
14.00394,13,1,0,2,0.5649283,0.8809081,0.168451,342.8531,101.6771,294.4974,0.5044574,0.9843926,0.3511336,-8.802673,-4.708354,-2.923557,Nothing
14.01215,13,1,0,2,0.5646708,0.8813491,0.167899,342.7359,101.8274,294.4066,0.505069,0.9839443,0.354254,-8.837424,-4.887148,-2.93913,Nothing
14.02118,13,1,0,2,0.5644039,0.8817349,0.1675318,342.6513,101.94,294.3843,0.5052036,0.9833092,0.3572878,-8.868852,-5.043808,-2.974043,Nothing
14.02789,13,1,0,2,0.5643123,0.8819586,0.1672311,342.5976,102.0334,294.3751,0.5056518,0.9827415,0.3602985,-8.906325,-5.194764,-2.999901,Nothing
14.03616,13,1,0,2,0.5642766,0.8821055,0.1669606,342.5708,102.1128,294.3831,0.5061725,0.9822949,0.3632832,-8.950957,-5.339003,-3.022998,Nothing
14.04462,13,1,0,2,0.5642379,0.8823835,0.1664297,342.5088,102.2722,294.3887,0.5072075,0.9811691,0.3692949,-9.032153,-5.633371,-3.074847,Nothing
14.05389,13,1,0,2,0.5643005,0.8823996,0.1662154,342.521,102.3267,294.3923,0.508096,0.9807296,0.3720561,-9.071909,-5.771193,-3.082874,Nothing
14.06204,13,1,0,2,0.5641807,0.8825538,0.1660708,342.5152,102.3866,294.3671,0.5090238,0.9803812,0.3747538,-9.102953,-5.911411,-3.079656,Nothing
14.07123,13,1,0,2,0.5641665,0.8826466,0.1656023,342.5114,102.4956,294.2701,0.5098647,0.9800561,0.3771245,-9.131896,-6.053842,-3.091812,Nothing
14.07858,13,1,0,2,0.5642105,0.8828081,0.1648024,342.4838,102.6598,294.1514,0.5106146,0.9795842,0.3796285,-9.162479,-6.214862,-3.124998,Nothing
14.08725,13,1,0,2,0.5641125,0.8830467,0.1640777,342.4495,102.8347,294.0339,0.5111351,0.9792298,0.3817682,-9.186111,-6.354286,-3.158934,Nothing
14.09589,13,1,0,2,0.5640965,0.8831898,0.1635524,342.4466,102.9415,293.9893,0.5114462,0.9788357,0.3837739,-9.212724,-6.470023,-3.194568,Nothing
14.10321,13,1,0,2,0.5641788,0.8832512,0.1633391,342.4594,102.9983,293.9916,0.5119238,0.9786043,0.3857182,-9.244629,-6.56454,-3.213736,Nothing
14.11145,13,1,0,2,0.5642701,0.8832693,0.1630736,342.4695,103.0731,293.9605,0.5120519,0.9782928,0.387468,-9.271443,-6.651887,-3.250691,Nothing
14.12009,13,1,0,2,0.5643846,0.8832375,0.1628621,342.5093,103.1263,293.9562,0.5118933,0.9780878,0.3890339,-9.303397,-6.720189,-3.296283,Nothing
14.12906,13,1,0,2,0.564482,0.8832254,0.1627294,342.536,103.1615,293.9505,0.5118728,0.9779681,0.3901304,-9.325077,-6.768863,-3.324261,Nothing
14.13647,13,1,0,2,0.5645618,0.8832214,0.1625418,342.5627,103.2008,293.9207,0.5114658,0.9779017,0.39147,-9.355332,-6.826697,-3.371723,Nothing
14.14554,13,1,0,2,0.5645252,0.8832185,0.1624258,342.5885,103.2322,293.8622,0.5114347,0.9778529,0.3925061,-9.370467,-6.881954,-3.391956,Nothing
14.15387,13,1,0,2,0.5644824,0.8832744,0.1621761,342.5876,103.2869,293.8029,0.5116832,0.9777908,0.3931787,-9.376808,-6.930697,-3.399493,Nothing
14.16183,13,1,0,2,0.5644855,0.8833768,0.161717,342.5958,103.3936,293.7007,0.5116277,0.9775147,0.3951995,-9.403806,-7.044724,-3.452384,Nothing
14.17007,13,1,0,2,0.5643752,0.8835446,0.1615397,342.5542,103.4502,293.6649,0.5116205,0.9773983,0.3959123,-9.40905,-7.087193,-3.46672,Nothing
14.17862,13,1,0,2,0.5637082,0.8834106,0.1621014,342.489,103.4367,293.7254,0.5116131,0.9771135,0.3968036,-9.415342,-7.103711,-3.434354,Nothing
14.1864,13,1,0,2,0.5635048,0.8836549,0.1623347,342.3961,103.4144,293.7537,0.511534,0.9767315,0.3976015,-9.408831,-7.135655,-3.430677,Nothing
14.19543,13,1,0,2,0.5631381,0.8841591,0.1620299,342.3119,103.4572,293.7334,0.5115812,0.9763308,0.3984456,-9.395439,-7.202805,-3.436543,Nothing
14.20367,13,1,0,2,0.5629787,0.8846508,0.1616765,342.1877,103.594,293.676,0.5116064,0.9758314,0.399291,-9.380482,-7.265348,-3.466816,Nothing
14.21182,13,1,0,2,0.5626873,0.8850275,0.1611155,342.1073,103.7461,293.6052,0.5118034,0.9751995,0.399971,-9.359282,-7.336302,-3.491785,Nothing
14.22116,13,1,0,2,0.5626452,0.8851923,0.1607042,342.041,103.8563,293.5658,0.5122761,0.9746548,0.4005468,-9.347318,-7.391313,-3.502869,Nothing
14.22824,13,1,0,2,0.5624819,0.8853871,0.1604972,341.986,103.9502,293.5473,0.5125827,0.9741269,0.4013133,-9.336711,-7.44379,-3.514487,Nothing
14.2374,13,1,0,2,0.5627379,0.8854631,0.1605165,341.9545,103.9628,293.584,0.5131703,0.9734686,0.4017446,-9.319137,-7.471272,-3.514381,Nothing
14.24493,13,1,0,2,0.562797,0.885482,0.1608624,341.9441,103.903,293.6482,0.5134765,0.9728943,0.4023086,-9.305112,-7.490486,-3.503139,Nothing
14.25372,13,1,0,2,0.5628464,0.8855137,0.1611433,341.9309,103.8552,293.6799,0.5141066,0.9725598,0.4025665,-9.288521,-7.505086,-3.473108,Nothing
14.26147,13,1,0,2,0.5628713,0.8855009,0.1611978,341.9144,103.8479,293.6649,0.5143338,0.9719554,0.4028799,-9.266731,-7.532477,-3.472903,Nothing
14.27036,13,1,0,2,0.5628121,0.8855979,0.161134,341.8805,103.8814,293.6098,0.514438,0.9713342,0.4031495,-9.238041,-7.566419,-3.482654,Nothing
14.27805,13,1,0,2,0.5626205,0.8858631,0.1609067,341.8253,103.9529,293.5344,0.514879,0.9707568,0.4036541,-9.20794,-7.625333,-3.482741,Nothing
14.28717,13,1,0,2,0.5624535,0.8861856,0.1606361,341.7273,104.0479,293.4294,0.515027,0.9694996,0.4042525,-9.151792,-7.69914,-3.509581,Nothing
14.29468,13,1,0,2,0.5623574,0.886363,0.1604383,341.6717,104.1031,293.4073,0.5151659,0.9686158,0.4044143,-9.114744,-7.733221,-3.523743,Nothing
14.30389,13,1,0,2,0.5622655,0.8865642,0.1601176,341.6187,104.2005,293.3727,0.5151909,0.9680046,0.4046609,-9.092541,-7.767008,-3.549507,Nothing
14.3111,13,1,0,2,0.5621756,0.8867527,0.1598232,341.5686,104.2938,293.34,0.5153163,0.9673747,0.4050033,-9.070777,-7.805494,-3.571476,Nothing
14.32181,13,1,0,2,0.5619898,0.8870326,0.1591885,341.5048,104.47,293.3212,0.5153074,0.9667401,0.4054857,-9.060128,-7.853384,-3.615682,Nothing
14.32864,13,1,0,2,0.5619088,0.8872215,0.158811,341.463,104.5871,293.3076,0.5157098,0.9661986,0.4059659,-9.047152,-7.898336,-3.632472,Nothing
14.33658,13,1,0,2,0.5619027,0.8873457,0.1586837,341.4348,104.6306,293.3177,0.5158932,0.965786,0.4061164,-9.033201,-7.915558,-3.640741,Nothing
14.34543,13,1,0,2,0.5620818,0.8872697,0.1590865,341.4659,104.515,293.3713,0.5168468,0.9659291,0.4053844,-9.014101,-7.882819,-3.572787,Nothing
14.35345,13,1,0,2,0.5623309,0.8871925,0.1595826,341.4934,104.3731,293.4383,0.5173752,0.9659627,0.404964,-9.001058,-7.852973,-3.525701,Nothing
14.36295,13,1,0,2,0.5625504,0.887044,0.1602877,341.538,104.1718,293.5294,0.5175024,0.9661853,0.403684,-8.979829,-7.771194,-3.470221,Nothing
14.37061,13,1,0,2,0.5627031,0.88695,0.1608312,341.566,104.0197,293.6068,0.5171207,0.9665443,0.4018395,-8.957023,-7.660702,-3.436206,Nothing
14.37979,13,1,0,2,0.5626279,0.8868151,0.1615,341.5904,103.8347,293.7398,0.5162048,0.967213,0.3988717,-8.930817,-7.482294,-3.391393,Nothing
14.38803,13,1,0,2,0.5626386,0.8867761,0.1620414,341.596,103.6966,293.8521,0.5149425,0.9675895,0.3962453,-8.901412,-7.321099,-3.383742,Nothing
14.39587,13,1,0,2,0.5624193,0.8869187,0.1623155,341.5602,103.6116,293.9431,0.5136465,0.9678379,0.3938693,-8.868971,-7.187004,-3.383503,Nothing
14.40375,13,1,0,2,0.5620585,0.887182,0.1622765,341.4775,103.6317,293.9634,0.5115787,0.9680891,0.3909042,-8.826462,-7.032907,-3.423335,Nothing
14.4119,13,1,0,2,0.56168,0.8874202,0.1625803,341.388,103.5667,294.0354,0.5077884,0.9683489,0.3851311,-8.736174,-6.722436,-3.489424,Nothing
14.42065,13,1,0,2,0.5611703,0.8877693,0.1622319,341.273,103.6734,293.9642,0.5048168,0.9680498,0.3821377,-8.672742,-6.583389,-3.585567,Nothing
14.42868,13,1,0,2,0.5607022,0.8881554,0.1618997,341.1589,103.7737,293.8823,0.502408,0.9676068,0.3790585,-8.593991,-6.453749,-3.659103,Nothing
14.43674,13,1,0,2,0.5603148,0.8883275,0.1619495,341.0749,103.7842,293.8688,0.4991665,0.9669084,0.3757055,-8.512577,-6.282637,-3.754792,Nothing
14.44507,13,1,0,2,0.5600986,0.8885011,0.1623376,341.0169,103.7209,293.9423,0.4969999,0.9661579,0.3725816,-8.425572,-6.118454,-3.801987,Nothing
14.45517,13,1,0,2,0.5598879,0.8886489,0.1626575,340.9579,103.6756,294.0056,0.4951012,0.9650372,0.3695104,-8.323677,-5.969578,-3.847324,Nothing
14.46246,13,1,0,2,0.5600821,0.8885362,0.1632279,340.9623,103.5372,294.1443,0.4929287,0.963915,0.3661436,-8.229491,-5.783555,-3.905268,Nothing
14.47275,13,1,0,2,0.5600728,0.8885307,0.1642437,340.9362,103.3223,294.3201,0.4913043,0.9626443,0.3632191,-8.122477,-5.616918,-3.921791,Nothing
14.47906,13,1,0,2,0.5600189,0.8884566,0.165325,340.9162,103.0863,294.4677,0.4893012,0.9615666,0.3602096,-8.022305,-5.440853,-3.94639,Nothing
14.48666,13,1,0,2,0.5600236,0.8884479,0.1666832,340.8719,102.7774,294.6226,0.4876046,0.9605903,0.3572961,-7.918957,-5.267125,-3.947494,Nothing
14.49475,13,1,0,2,0.5598297,0.8885825,0.1674897,340.8254,102.6078,294.7236,0.4860652,0.959652,0.3544435,-7.81716,-5.119206,-3.960695,Nothing
14.5033,13,1,0,2,0.5596374,0.8888156,0.1682557,340.7148,102.4583,294.7765,0.4849436,0.9587473,0.3516566,-7.710842,-4.986219,-3.95583,Nothing
14.51135,13,1,0,2,0.5593421,0.8890205,0.1686398,340.6263,102.4022,294.8383,0.4837039,0.9577974,0.3491451,-7.618299,-4.87,-3.972792,Nothing
14.52008,13,1,0,2,0.5591314,0.889334,0.16905,340.5038,102.3548,294.9093,0.4828918,0.9568318,0.3464347,-7.515052,-4.749416,-3.973167,Nothing
14.52786,13,1,0,2,0.5588928,0.8896233,0.1693505,340.3836,102.3443,294.9889,0.4819107,0.9558288,0.344254,-7.427536,-4.648261,-3.991158,Nothing
14.53677,13,1,0,2,0.5584497,0.8900791,0.1703234,340.1697,102.2498,295.1956,0.4802073,0.9542605,0.3399794,-7.268099,-4.430198,-3.999893,Nothing
14.54428,13,1,0,2,0.5583152,0.890283,0.1705553,340.0769,102.2622,295.315,0.4794815,0.9532533,0.3384039,-7.198475,-4.351429,-4.022066,Nothing
14.55322,13,1,0,2,0.558234,0.8903946,0.1708941,339.999,102.2441,295.4444,0.4790938,0.952286,0.3372114,-7.137376,-4.288442,-4.030108,Nothing
14.56149,13,1,0,2,0.5582631,0.8904296,0.1712746,339.9478,102.1941,295.5576,0.4787593,0.9516391,0.3356747,-7.080909,-4.207614,-4.029221,Nothing
14.57092,13,1,0,2,0.5582893,0.8905933,0.1718526,339.886,102.1001,295.6866,0.4782885,0.950555,0.3345201,-7.009037,-4.145521,-4.039631,Nothing
14.57916,13,1,0,2,0.5585393,0.8907428,0.1723934,339.8041,101.9584,295.8283,0.4776622,0.9499111,0.3332103,-6.958774,-4.06676,-4.051643,Nothing
14.58701,13,1,0,2,0.5585587,0.890882,0.1729697,339.7406,101.8216,295.9418,0.4767978,0.9491536,0.3319129,-6.900611,-3.992683,-4.067939,Nothing
14.5946,13,1,0,2,0.5584427,0.8911188,0.1733241,339.6635,101.7104,296.0105,0.4759045,0.9484513,0.3306758,-6.843861,-3.935085,-4.084991,Nothing
14.6033,13,1,0,2,0.55824,0.8914214,0.1735095,339.5693,101.6615,296.0167,0.4750726,0.9476621,0.3294899,-6.781172,-3.89236,-4.105748,Nothing
14.61145,13,1,0,2,0.5579146,0.8918256,0.173278,339.451,101.6696,295.9739,0.4741746,0.9470831,0.3284108,-6.732549,-3.868768,-4.131317,Nothing
14.61975,13,1,0,2,0.5576352,0.8917704,0.1734165,339.412,101.658,295.934,0.4730759,0.9464152,0.3274012,-6.689622,-3.825933,-4.162817,Nothing
14.62888,13,1,0,2,0.5574101,0.8921623,0.1733241,339.3188,101.6541,295.9854,0.472338,0.9458615,0.3265829,-6.649672,-3.798346,-4.187088,Nothing
14.63812,13,1,0,2,0.5574879,0.8924859,0.173185,339.2257,101.6479,296.0657,0.4716794,0.9453056,0.3259304,-6.621719,-3.771426,-4.221768,Nothing
14.6488,13,1,0,2,0.5572453,0.8929822,0.1732666,339.0571,101.6224,296.2401,0.4699585,0.9442425,0.324694,-6.566884,-3.702308,-4.285614,Nothing
14.65833,13,1,0,2,0.5571738,0.8930865,0.1732634,339.0108,101.6086,296.3557,0.4692772,0.943925,0.3244307,-6.561098,-3.677049,-4.312192,Nothing
14.6673,13,1,0,2,0.5573685,0.89309,0.1731527,339.0256,101.584,296.3846,0.4686047,0.9435361,0.3243539,-6.556624,-3.672042,-4.35556,Nothing
14.67859,13,1,0,2,0.5574912,0.8930663,0.1731585,339.0687,101.4992,296.3184,0.4680852,0.9436673,0.3244784,-6.566041,-3.681452,-4.376564,Nothing
14.68643,13,1,0,2,0.557679,0.8927877,0.1732317,339.1646,101.4062,296.2249,0.4679863,0.9438326,0.3247651,-6.580092,-3.700509,-4.381113,Nothing
14.69431,13,1,0,2,0.5579588,0.8924233,0.1731457,339.3053,101.3345,296.102,0.4677935,0.9439065,0.3251072,-6.595716,-3.728203,-4.401301,Nothing
14.70291,13,1,0,2,0.5584048,0.8918696,0.1728111,339.5202,101.3377,295.999,0.4674779,0.9444399,0.3253177,-6.638505,-3.735942,-4.43764,Nothing
14.7106,13,1,0,2,0.5586393,0.891449,0.1725003,339.6842,101.36,295.9709,0.4669592,0.9445032,0.3256007,-6.666211,-3.745333,-4.482488,Nothing
14.72183,13,1,0,2,0.5589925,0.8906162,0.172403,339.9258,101.3682,295.9088,0.4666082,0.944708,0.325805,-6.701055,-3.741045,-4.518225,Nothing
14.72873,13,1,0,2,0.5594249,0.8901581,0.1722756,340.1266,101.356,295.8549,0.4662634,0.9447842,0.3263855,-6.729266,-3.761947,-4.564047,Nothing
14.73666,13,1,0,2,0.560186,0.890061,0.1716008,340.2762,101.3731,295.8031,0.4656051,0.9446508,0.3270061,-6.75782,-3.803023,-4.651717,Nothing
14.74426,13,1,0,2,0.5606195,0.8894264,0.1714084,340.4399,101.4051,295.6886,0.4659392,0.9449563,0.3287956,-6.822589,-3.879643,-4.674675,Nothing
14.75275,13,1,0,2,0.5609853,0.8889794,0.1709971,340.6094,101.4553,295.5483,0.4667732,0.9454908,0.3302717,-6.878488,-3.961855,-4.673913,Nothing
14.76062,13,1,0,2,0.5607662,0.888357,0.1710963,340.7558,101.4754,295.4507,0.4672395,0.9459295,0.3317204,-6.927924,-4.021458,-4.652778,Nothing
14.76968,13,1,0,2,0.5610142,0.8880065,0.1708909,340.8937,101.4646,295.3454,0.4684954,0.9469756,0.3334176,-7.000782,-4.106165,-4.613297,Nothing
14.77774,13,1,0,2,0.56122,0.8875592,0.1708227,341.0152,101.4709,295.2852,0.4694343,0.9484577,0.3340415,-7.074711,-4.119236,-4.567642,Nothing
14.78613,13,1,0,2,0.5614586,0.8872288,0.1706592,341.1277,101.4882,295.2178,0.4701257,0.9495009,0.33495,-7.137489,-4.153793,-4.54715,Nothing
14.79425,13,1,0,2,0.5615796,0.8870982,0.1703868,341.1926,101.5423,295.1622,0.4705081,0.9500723,0.3362307,-7.189591,-4.211066,-4.550212,Nothing
14.80411,13,1,0,2,0.5619659,0.8867507,0.1699184,341.3062,101.6249,295.0693,0.4710695,0.9516004,0.3385443,-7.311556,-4.29825,-4.55786,Nothing
14.81149,13,1,0,2,0.5621045,0.8864986,0.1698193,341.3449,101.6552,295.0293,0.4713959,0.9520634,0.3401304,-7.370914,-4.359535,-4.560768,Nothing
14.81964,13,1,0,2,0.5620227,0.8866295,0.1698872,341.291,101.6555,295.0622,0.4710411,0.9515471,0.3416966,-7.387237,-4.423028,-4.59184,Nothing
14.82776,13,1,0,2,0.5620519,0.8866159,0.1699068,341.2827,101.6559,295.0693,0.4719666,0.9517825,0.3440744,-7.443233,-4.527035,-4.569284,Nothing
14.83643,13,1,0,2,0.5619437,0.8865552,0.1702219,341.2228,101.6231,295.1468,0.4720601,0.9516153,0.3462593,-7.489899,-4.600105,-4.570024,Nothing
14.84418,13,1,0,2,0.561901,0.8865921,0.1703698,341.1793,101.6089,295.199,0.4731871,0.9517548,0.3487996,-7.544543,-4.706841,-4.533113,Nothing
14.85257,13,1,0,2,0.5618079,0.886591,0.1704362,341.131,101.6035,295.2513,0.4743931,0.9516534,0.3514953,-7.595498,-4.827867,-4.496425,Nothing
14.86099,13,1,0,2,0.56168,0.886727,0.1704957,341.0821,101.6127,295.2857,0.4753663,0.9517927,0.3540325,-7.647716,-4.93844,-4.467315,Nothing
14.86969,13,1,0,2,0.5615845,0.8867886,0.1704991,341.0409,101.6205,295.3054,0.4765093,0.9518347,0.3565054,-7.695785,-5.053535,-4.432933,Nothing
14.87839,13,1,0,2,0.5614579,0.8869694,0.1702765,341.0018,101.6811,295.2705,0.47752,0.9520688,0.3588865,-7.745735,-5.172812,-4.410282,Nothing
14.88632,13,1,0,2,0.561386,0.8870389,0.170087,340.9832,101.7296,295.2294,0.4787916,0.9522269,0.361329,-7.793736,-5.298634,-4.378613,Nothing
14.89417,13,1,0,2,0.5614049,0.8871134,0.1698435,340.9833,101.7674,295.1848,0.4797738,0.9522304,0.3637655,-7.838249,-5.426045,-4.366936,Nothing
14.90295,13,1,0,2,0.5613976,0.8871133,0.1696057,341.0024,101.816,295.1255,0.4810591,0.9523269,0.3661509,-7.882301,-5.554461,-4.340866,Nothing
14.91098,13,1,0,2,0.5614499,0.8870241,0.1693981,341.0443,101.8645,295.0771,0.4823927,0.9523059,0.3685232,-7.923694,-5.680809,-4.317428,Nothing
14.91943,13,1,0,2,0.5616211,0.8867486,0.1689358,341.1802,101.9665,294.9987,0.4851947,0.9523651,0.3735237,-8.018907,-5.941932,-4.272978,Nothing
14.92783,13,1,0,2,0.5617825,0.8865945,0.168671,341.271,102.0065,294.9503,0.4864024,0.952279,0.3758399,-8.058985,-6.067407,-4.26333,Nothing
14.93723,13,1,0,2,0.5615966,0.8861659,0.1689485,341.3545,102.0185,294.9197,0.4876348,0.9520017,0.3782676,-8.09149,-6.179714,-4.227331,Nothing
14.94525,13,1,0,2,0.5617229,0.8859029,0.1687032,341.4604,102.0617,294.8262,0.488591,0.9514522,0.3804895,-8.110396,-6.310574,-4.233486,Nothing
14.95416,13,1,0,2,0.5618356,0.8861085,0.168268,341.5318,102.0986,294.7208,0.4895297,0.9510706,0.3826141,-8.119664,-6.452211,-4.241552,Nothing
14.96158,13,1,0,2,0.5619144,0.8859713,0.1680451,341.6025,102.1364,294.6313,0.4904643,0.9507069,0.3847269,-8.139913,-6.575997,-4.2409,Nothing
14.96948,13,1,0,2,0.5619624,0.8860323,0.1676667,341.6698,102.1761,294.5597,0.4911506,0.9502115,0.3865316,-8.147215,-6.693624,-4.253483,Nothing
14.97784,13,1,0,2,0.5622674,0.8858519,0.1676376,341.7262,102.1591,294.5684,0.4917245,0.9499517,0.3881798,-8.175838,-6.77036,-4.260638,Nothing
14.98648,13,1,0,2,0.5623928,0.8856919,0.1676059,341.7933,102.16,294.5498,0.4925077,0.9497629,0.3897337,-8.197145,-6.850567,-4.252634,Nothing
14.99487,13,1,0,2,0.5625393,0.8855791,0.1676722,341.8527,102.1284,294.5721,0.4927862,0.9497795,0.3910047,-8.226409,-6.901643,-4.256057,Nothing
15.00293,13,1,0,2,0.5627744,0.8854358,0.1676423,341.8871,102.1278,294.5755,0.4932581,0.9495934,0.3921419,-8.246497,-6.954556,-4.259969,Nothing
15.01242,13,1,0,2,0.5627762,0.8853224,0.1675858,341.8896,102.1734,294.5414,0.4937406,0.9492024,0.393348,-8.254813,-7.018866,-4.262452,Nothing
15.02045,13,1,0,2,0.5627859,0.8853797,0.1673558,341.8736,102.2373,294.5027,0.4940859,0.9489461,0.3944904,-8.266175,-7.08428,-4.274532,Nothing
15.02832,13,1,0,2,0.5627044,0.8854905,0.1671792,341.8338,102.307,294.4683,0.494574,0.9485878,0.3957669,-8.273011,-7.157457,-4.278562,Nothing
15.03653,13,1,0,2,0.562605,0.8857425,0.1668679,341.7677,102.4206,294.4233,0.4953723,0.9479829,0.3982273,-8.290982,-7.292897,-4.292075,Nothing
15.04474,13,1,0,2,0.562507,0.8859182,0.1667083,341.6948,102.4817,294.4137,0.4957477,0.9476582,0.3994463,-8.301047,-7.358453,-4.296542,Nothing
15.05344,13,1,0,2,0.5624994,0.8860959,0.1665389,341.6365,102.5463,294.4127,0.4964334,0.9469199,0.4009464,-8.298656,-7.445879,-4.302339,Nothing
15.0614,13,1,0,2,0.5623755,0.8862567,0.1662394,341.5783,102.6373,294.4061,0.4969686,0.9465339,0.4023543,-8.312259,-7.525314,-4.309216,Nothing
15.07471,13,1,0,2,0.5623461,0.8863773,0.1660359,341.5406,102.7088,294.392,0.497777,0.9461305,0.4039726,-8.325148,-7.615663,-4.307556,Undo
15.07483,13,1,0,2,0.5623461,0.8863773,0.1660359,341.5406,102.7088,294.392,0.497777,0.9461305,0.4039726,-8.325148,-7.615663,-4.307556,Nothing
15.08017,13,1,0,2,0.5621632,0.8864151,0.1659566,341.5511,102.78,294.3788,0.4984275,0.9455885,0.405551,-8.328984,-7.701691,-4.309175,Nothing
15.0885,13,1,0,2,0.5622971,0.8863617,0.1658655,341.5723,102.808,294.3725,0.4995264,0.9452232,0.4072921,-8.346193,-7.796052,-4.296172,Nothing
15.09552,13,1,0,2,0.5626746,0.8861958,0.1658032,341.6153,102.8025,294.3799,0.500455,0.9448984,0.4088244,-8.368097,-7.873733,-4.292577,Nothing
15.10562,13,1,0,2,0.5628669,0.8859532,0.1658713,341.6674,102.7919,294.3883,0.5014558,0.9447062,0.4105099,-8.396266,-7.953176,-4.274488,Nothing
15.11182,13,1,0,2,0.5631243,0.8856878,0.1658671,341.7383,102.7858,294.3831,0.5025035,0.9446677,0.4118742,-8.42329,-8.020894,-4.254271,Nothing
15.11984,13,1,0,2,0.5633065,0.8855356,0.1657752,341.7847,102.806,294.3746,0.5034178,0.9447309,0.4129512,-8.447558,-8.076568,-4.237628,Nothing
15.12787,13,1,0,2,0.5633768,0.8854966,0.1655463,341.8095,102.8448,294.3554,0.504402,0.9451563,0.413738,-8.477324,-8.123064,-4.209507,Nothing
15.13651,13,1,0,2,0.5634284,0.8854919,0.1652929,341.8112,102.9117,294.3318,0.5053474,0.9453267,0.4143673,-8.493785,-8.166102,-4.188632,Nothing
15.1445,13,1,0,2,0.5634758,0.8855787,0.1651267,341.7982,102.957,294.3294,0.505906,0.9455888,0.4148804,-8.512792,-8.193644,-4.177605,Nothing
15.15341,13,1,0,2,0.5635232,0.8856231,0.1649392,341.7899,103.0052,294.3181,0.5063342,0.9458243,0.4153521,-8.531621,-8.219194,-4.172821,Nothing
15.16174,13,1,0,2,0.5634652,0.8857822,0.1646831,341.7464,103.0789,294.3045,0.5065079,0.9459903,0.415699,-8.545382,-8.239993,-4.178796,Nothing
15.17014,13,1,0,2,0.5634283,0.8859292,0.1641987,341.693,103.2112,294.2773,0.5070652,0.9462673,0.4163254,-8.57197,-8.2803,-4.182227,Nothing
15.17798,13,1,0,2,0.5636935,0.8857277,0.1637574,341.7057,103.2981,294.2735,0.5063729,0.9462362,0.4166868,-8.605243,-8.285975,-4.247081,Nothing
15.18674,13,1,0,2,0.5637343,0.8857036,0.1637403,341.6894,103.3205,294.2997,0.5062323,0.9462145,0.4165426,-8.609367,-8.270918,-4.256549,Nothing
15.19522,13,1,0,2,0.5636426,0.8855814,0.1638364,341.7052,103.3335,294.3356,0.5058991,0.9460483,0.4161154,-8.60236,-8.240161,-4.265989,Nothing
15.20337,13,1,0,2,0.5637251,0.8855267,0.1638557,341.7346,103.3156,294.379,0.5057847,0.945971,0.4160082,-8.604281,-8.228664,-4.272674,Nothing
15.21225,13,1,0,2,0.5638869,0.8853258,0.1640847,341.7835,103.2528,294.4225,0.5053789,0.9459577,0.4154534,-8.601431,-8.186111,-4.27902,Nothing
15.22,13,1,0,2,0.5639662,0.8850591,0.1644329,341.8399,103.1713,294.4561,0.504627,0.9459847,0.4144282,-8.589849,-8.117198,-4.286592,Nothing
15.22806,13,1,0,2,0.5640126,0.8850152,0.1646695,341.8752,103.0868,294.4685,0.5043163,0.9461861,0.4135031,-8.575312,-8.068161,-4.2742,Nothing
15.23663,13,1,0,2,0.5640262,0.8850246,0.1649606,341.8882,102.9983,294.4797,0.5034606,0.9467941,0.4113561,-8.552676,-7.95225,-4.263861,Nothing
15.24527,13,1,0,2,0.5639403,0.8850876,0.1652185,341.8806,102.919,294.4893,0.5027743,0.947197,0.4093707,-8.522746,-7.851919,-4.247836,Nothing
15.25446,13,1,0,2,0.5638017,0.8853601,0.1654871,341.8231,102.8389,294.4987,0.5016619,0.9477585,0.4070783,-8.490274,-7.732302,-4.242042,Nothing
15.26218,13,1,0,2,0.5636637,0.8855181,0.1657156,341.7906,102.7792,294.5077,0.5003952,0.9481111,0.40453,-8.449088,-7.60176,-4.248137,Nothing
15.27036,13,1,0,2,0.5632424,0.8858624,0.1657299,341.7061,102.779,294.5175,0.498951,0.9482324,0.4016908,-8.392438,-7.469316,-4.261307,Nothing
15.27792,13,1,0,2,0.5630634,0.886112,0.1658366,341.6512,102.7549,294.531,0.497026,0.9481583,0.3991006,-8.339814,-7.336855,-4.307747,Nothing
15.28656,13,1,0,2,0.5627065,0.8863822,0.1660323,341.5627,102.7367,294.5576,0.4952119,0.9481122,0.3959754,-8.275063,-7.179695,-4.33355,Nothing
15.29459,13,1,0,2,0.5619981,0.8869947,0.1666503,341.3902,102.638,294.6502,0.4917409,0.9473327,0.3901308,-8.120897,-6.890877,-4.382569,Nothing
15.30396,13,1,0,2,0.5616631,0.8872938,0.167045,341.2973,102.5666,294.7065,0.4899679,0.9468249,0.3871495,-8.037949,-6.742762,-4.406336,Nothing
15.31137,13,1,0,2,0.5613651,0.8875588,0.1678066,341.192,102.4251,294.8019,0.4879161,0.9458501,0.3841197,-7.935738,-6.583039,-4.435364,Nothing
15.32028,13,1,0,2,0.5610026,0.8878964,0.1688256,341.0588,102.2047,294.9482,0.485913,0.9447274,0.3811269,-7.825678,-6.421472,-4.447714,Nothing
15.32791,13,1,0,2,0.5605415,0.8880289,0.1695778,340.9352,102.0399,295.075,0.4844166,0.9439365,0.3780971,-7.734161,-6.265664,-4.43784,Nothing
15.33783,13,1,0,2,0.5601209,0.8884055,0.1705361,340.7738,101.8498,295.236,0.482819,0.9430732,0.3745508,-7.620501,-6.081561,-4.427128,Nothing
15.34506,13,1,0,2,0.5596933,0.8888572,0.1716608,340.593,101.6414,295.4326,0.4811313,0.9423322,0.3712022,-7.514674,-5.893702,-4.417229,Nothing
15.35333,13,1,0,2,0.5592027,0.8893848,0.1727833,340.3801,101.4298,295.6434,0.4796783,0.9413731,0.3676694,-7.392653,-5.706731,-4.39631,Nothing
15.36215,13,1,0,2,0.5587329,0.8899863,0.1738099,340.1381,101.2321,295.8421,0.477981,0.9407355,0.3639055,-7.280125,-5.505137,-4.383614,Nothing
15.37039,13,1,0,2,0.5580789,0.8907313,0.174753,339.8594,101.0606,296.0173,0.4764912,0.9402916,0.360454,-7.174251,-5.324135,-4.358961,Nothing
15.37888,13,1,0,2,0.5573346,0.8915907,0.1755333,339.5462,100.944,296.1673,0.4751654,0.9398177,0.3566002,-7.05353,-5.136765,-4.329693,Nothing
15.38687,13,1,0,2,0.5565157,0.8923922,0.1762025,339.2289,100.8516,296.2975,0.4736342,0.9393267,0.352954,-6.941061,-4.959715,-4.312265,Nothing
15.39615,13,1,0,2,0.5558002,0.8932173,0.176816,338.9289,100.779,296.4453,0.4722606,0.9384962,0.3493378,-6.815228,-4.790978,-4.304142,Nothing
15.40543,13,1,0,2,0.5551388,0.8939515,0.177555,338.6483,100.6716,296.6308,0.4709338,0.9376793,0.3458965,-6.695967,-4.622489,-4.293428,Nothing
15.41251,13,1,0,2,0.5539674,0.8953263,0.1794588,338.1147,100.3603,297.0629,0.4681256,0.9355811,0.3394783,-6.448033,-4.295829,-4.287393,Nothing
15.42017,13,1,0,2,0.5536929,0.8956073,0.1806311,337.9703,100.1183,297.3483,0.4670157,0.934382,0.3364968,-6.330645,-4.13391,-4.281854,Nothing
15.4281,13,1,0,2,0.5533714,0.8959359,0.1815432,337.8246,99.94931,297.5472,0.466131,0.9332948,0.3336774,-6.215564,-3.994646,-4.275839,Nothing
15.43637,13,1,0,2,0.5531003,0.8961725,0.1822219,337.6972,99.80488,297.7079,0.4652191,0.9321057,0.3307988,-6.100767,-3.864178,-4.2796,Nothing
15.44467,13,1,0,2,0.552714,0.8965247,0.1829616,337.5694,99.62361,297.8698,0.4642254,0.9310183,0.3278559,-5.981936,-3.73355,-4.27863,Nothing
15.45438,13,1,0,2,0.5524431,0.8965753,0.1841436,337.4978,99.32907,298.0832,0.4637483,0.9298705,0.3250503,-5.860146,-3.600324,-4.247538,Nothing
15.46118,13,1,0,2,0.5521411,0.8967167,0.1852769,337.392,99.0557,298.3047,0.463073,0.9288313,0.3221197,-5.741206,-3.457374,-4.224608,Nothing
15.47,13,1,0,2,0.5519044,0.8967214,0.1867546,337.3367,98.67215,298.6137,0.4623238,0.9276607,0.3191248,-5.616296,-3.300255,-4.199782,Nothing
15.47818,13,1,0,2,0.5517971,0.8964577,0.1884938,337.3147,98.24029,298.9925,0.4614453,0.9264817,0.3159788,-5.49567,-3.117084,-4.179082,Nothing
15.48688,13,1,0,2,0.5515869,0.896295,0.190254,337.2885,97.79025,299.4065,0.4606622,0.9251509,0.3128222,-5.363155,-2.940166,-4.155503,Nothing
15.49481,13,1,0,2,0.551126,0.8960492,0.1922642,337.2217,97.34879,299.8177,0.4596988,0.9234956,0.3098221,-5.21909,-2.764918,-4.134416,Nothing
15.50424,13,1,0,2,0.5506375,0.8962803,0.1933406,337.0753,97.07918,300.0887,0.4587191,0.9219141,0.3066637,-5.074078,-2.624512,-4.136753,Nothing
15.51123,13,1,0,2,0.5501755,0.8965019,0.1944269,336.9342,96.83812,300.3302,0.457803,0.9201416,0.3037143,-4.924128,-2.497637,-4.146389,Nothing
15.52039,13,1,0,2,0.5492393,0.8973639,0.1944441,336.6155,96.87959,300.3611,0.4568579,0.9184271,0.3006855,-4.768917,-2.415591,-4.165908,Nothing
15.52768,13,1,0,2,0.5483269,0.8981294,0.1949098,336.3145,96.81227,300.4788,0.4559549,0.9165166,0.2977442,-4.604802,-2.325249,-4.178965,Nothing
15.53638,13,1,0,2,0.5474023,0.8995081,0.1959496,335.7526,96.5191,300.8208,0.4541138,0.9127089,0.2918409,-4.296672,-2.131011,-4.237815,Nothing
15.54462,13,1,0,2,0.546473,0.9004026,0.1970967,335.3729,96.31076,301.0656,0.4531996,0.9105321,0.2885244,-4.102345,-2.009563,-4.246201,Nothing
15.55319,13,1,0,2,0.5456467,0.9013471,0.1983971,335.0176,96.01548,301.3987,0.4527067,0.9082586,0.2851321,-3.894792,-1.89059,-4.241944,Nothing
15.56192,13,1,0,2,0.5446103,0.9019694,0.1999,334.6535,95.7025,301.7689,0.4518164,0.9060202,0.2817975,-3.700625,-1.755393,-4.24031,Nothing
15.57031,13,1,0,2,0.5434021,0.9027874,0.201621,334.326,95.36239,302.1333,0.4510863,0.903641,0.2785338,-3.482589,-1.632686,-4.234592,Nothing
15.57846,13,1,0,2,0.5424023,0.9034483,0.2033754,334.0047,94.96808,302.4889,0.4504028,0.9012861,0.2751524,-3.26942,-1.504366,-4.233154,Nothing
15.58731,13,1,0,2,0.5411402,0.9040524,0.2049991,333.6537,94.58042,302.776,0.4496705,0.8990252,0.2716097,-3.056917,-1.37781,-4.223096,Nothing
15.59521,13,1,0,2,0.5397663,0.9049824,0.2065576,333.2677,94.2121,303.0334,0.449131,0.8965017,0.2680993,-2.821768,-1.272538,-4.217216,Nothing
15.60333,13,1,0,2,0.5381172,0.9059446,0.2082183,332.8124,93.82215,303.3039,0.4485367,0.8940377,0.2644853,-2.583224,-1.160777,-4.203,Nothing
15.61099,13,1,0,2,0.5362344,0.9070928,0.2101836,332.3593,93.39986,303.6537,0.4479176,0.8914255,0.2608879,-2.323315,-1.048577,-4.19108,Nothing
15.61996,13,1,0,2,0.5345476,0.9078072,0.2122029,331.9391,92.89969,304.0556,0.4474525,0.8888009,0.2570823,-2.072035,-0.9219245,-4.175392,Nothing
15.62808,13,1,0,2,0.5329154,0.9084939,0.2145905,331.5391,92.31963,304.5492,0.4472386,0.8860474,0.2532078,-1.803296,-0.7882498,-4.15772,Nothing
15.6362,13,1,0,2,0.5312322,0.909026,0.2172664,331.1797,91.68327,305.0946,0.4471689,0.8831384,0.2493366,-1.521893,-0.6521831,-4.138316,Nothing
15.64935,13,1,0,2,0.5278701,0.9100052,0.2223619,330.4444,90.44005,306.2447,0.4471334,0.8776087,0.2418338,-0.9804894,-0.3940242,-4.110474,Nothing
15.66287,13,1,0,2,0.5241836,0.9105864,0.2286303,329.7328,88.88102,307.7189,0.4475859,0.8722178,0.2346662,-0.4227985,-0.1262396,-4.064847,Nothing
15.67017,13,1,0,2,0.522268,0.9108893,0.2314746,329.3739,88.14494,308.3847,0.4479058,0.8696312,0.2311416,-0.1495867,-0.007491578,-4.045928,Nothing
15.67767,13,1,0,2,0.5204172,0.9111853,0.2345636,328.9628,87.32431,309.1137,0.4486195,0.8669472,0.227583,0.1367802,0.1109857,-4.024805,Nothing
15.68637,13,1,0,2,0.5180629,0.9116629,0.2376668,328.4971,86.49192,309.8459,0.44922,0.864411,0.2240565,0.4301487,0.2221981,-3.998522,Nothing
15.69418,13,1,0,2,0.5155888,0.912173,0.240831,327.9674,85.617,310.5895,0.45,0.8621347,0.220767,0.7145873,0.3276921,-3.96485,Nothing
15.70288,13,1,0,2,0.5123596,0.9131262,0.2442895,327.3393,84.5963,311.376,0.4508408,0.860141,0.21735,1.025581,0.4306155,-3.91776,Nothing
15.71127,13,1,0,2,0.5095997,0.9136809,0.2475011,326.8232,83.6577,312.1631,0.4520586,0.858296,0.2141891,1.315334,0.5270843,-3.868394,Nothing
15.72067,13,1,0,2,0.5060627,0.9144903,0.2511093,326.2018,82.60447,313.051,0.45352,0.8569987,0.2113354,1.616739,0.6187756,-3.78654,Nothing
15.72794,13,1,0,2,0.5031593,0.9149196,0.2543041,325.6971,81.64239,313.9122,0.4549841,0.8555307,0.2085761,1.895505,0.7022645,-3.729349,Nothing
15.73734,13,1,0,2,0.5003747,0.9151853,0.2575484,325.2506,80.70443,314.8767,0.4567118,0.854119,0.2059908,2.176264,0.7776136,-3.668439,Nothing
15.74579,13,1,0,2,0.4976355,0.9149695,0.2608997,324.9049,79.7206,315.8469,0.4584609,0.8530665,0.2037976,2.43086,0.8584829,-3.5928,Nothing
15.754,13,1,0,2,0.4953296,0.9146401,0.2643002,324.6535,78.68488,316.8479,0.4603259,0.8517997,0.2016914,2.684771,0.9315909,-3.540677,Nothing
15.76117,13,1,0,2,0.4928859,0.9142609,0.26769,324.4042,77.64973,317.825,0.4620915,0.8507028,0.1995106,2.938458,1.012128,-3.490345,Nothing
15.7695,13,1,0,2,0.490914,0.9134845,0.2714645,324.3175,76.57684,318.7656,0.4644977,0.8505588,0.1981848,3.15461,1.106212,-3.398884,Nothing
15.77792,13,1,0,2,0.4885018,0.9130507,0.2747322,324.103,75.55153,319.6921,0.4668574,0.8498445,0.1967653,3.392137,1.16032,-3.322943,Nothing
15.78693,13,1,0,2,0.4864389,0.9126374,0.2777749,323.9616,74.64398,320.4872,0.4693672,0.8498561,0.1955121,3.603688,1.227776,-3.230859,Nothing
15.79465,13,1,0,2,0.4820468,0.9116026,0.2837891,323.6004,72.67525,322.2883,0.474612,0.8492918,0.1930935,4.048689,1.330206,-3.067294,Nothing
15.80386,13,1,0,2,0.4799632,0.9113764,0.2862853,323.3827,71.92171,323.0671,0.477951,0.8498811,0.1925715,4.249639,1.355822,-2.930616,Nothing
15.81137,13,1,0,2,0.4779238,0.9109231,0.2889067,323.2017,71.06057,323.8868,0.4814661,0.8505257,0.1923028,4.444897,1.381249,-2.789959,Nothing
15.81958,13,1,0,2,0.476055,0.9104545,0.2911789,323.0432,70.36294,324.6122,0.4849714,0.851451,0.1922754,4.61995,1.400479,-2.633837,Nothing
15.82825,13,1,0,2,0.4747494,0.9099555,0.2929875,322.969,69.83135,325.2338,0.4886604,0.8525525,0.192865,4.756379,1.394949,-2.461579,Nothing
15.83606,13,1,0,2,0.4731669,0.9092971,0.29526,322.8957,69.11649,325.9732,0.4924869,0.8529868,0.1927756,4.949196,1.40231,-2.319012,Nothing
15.84424,13,1,0,2,0.4723242,0.9085763,0.2969613,322.9675,68.67725,326.5455,0.4962911,0.8542066,0.1937428,5.064209,1.392058,-2.136862,Nothing
15.85321,13,1,0,2,0.4715275,0.9079643,0.2983952,323.0055,68.21978,327.0853,0.4999776,0.8550521,0.1941939,5.191826,1.381816,-1.98141,Nothing
15.86072,13,1,0,2,0.4709381,0.9071229,0.3000308,323.0746,67.85283,327.5758,0.5040227,0.8561367,0.1952225,5.30679,1.372543,-1.795805,Nothing
15.86984,13,1,0,2,0.4704489,0.9064338,0.3012433,323.1435,67.54816,327.975,0.5083039,0.8578469,0.1964997,5.396381,1.361207,-1.578555,Nothing
15.87802,13,1,0,2,0.470044,0.9059165,0.3023,323.2354,67.24754,328.2935,0.5127142,0.859376,0.1979051,5.485233,1.336525,-1.365266,Nothing
15.88635,13,1,0,2,0.4697261,0.9049428,0.3035332,323.3745,66.95914,328.562,0.5172369,0.8611751,0.1992735,5.567898,1.346687,-1.13174,Nothing
15.89481,13,1,0,2,0.4696482,0.9040504,0.3046579,323.5641,66.64357,328.7233,0.5219711,0.8629013,0.2009911,5.636634,1.350406,-0.897831,Nothing
15.9028,13,1,0,2,0.4691737,0.903504,0.305746,323.7142,66.32945,328.9795,0.5269073,0.8649569,0.2028964,5.719431,1.33234,-0.6415028,Nothing
15.91092,13,1,0,2,0.4689376,0.9029324,0.3066834,323.8523,66.04089,329.1002,0.5318256,0.8669077,0.2048072,5.789811,1.324209,-0.3927719,Nothing
15.91907,13,1,0,2,0.4688477,0.90252,0.3073528,323.9842,65.7843,329.1629,0.5370858,0.8684151,0.2067463,5.868958,1.290575,-0.1473071,Nothing
15.92792,13,1,0,2,0.4683195,0.9012684,0.308946,324.277,65.29475,329.338,0.546656,0.8721244,0.2107106,5.996829,1.272798,0.3536196,Nothing
15.93588,13,1,0,2,0.4682434,0.9007653,0.3097046,324.4265,65.06171,329.4037,0.5512573,0.8735723,0.2131304,6.046091,1.239996,0.584913,Nothing
15.9444,13,1,0,2,0.4680968,0.9001961,0.3103614,324.5775,64.88412,329.4595,0.5556259,0.875544,0.2153008,6.084179,1.232728,0.8291121,Nothing
15.95288,13,1,0,2,0.4683548,0.8996894,0.3107363,324.7303,64.77582,329.4247,0.5598766,0.8772509,0.2176233,6.097919,1.213115,1.058975,Nothing
15.96121,13,1,0,2,0.4686242,0.899279,0.3110075,324.8681,64.75808,329.3869,0.5638593,0.8790851,0.2195883,6.110371,1.200785,1.282827,Nothing
15.97009,13,1,0,2,0.4689977,0.8989771,0.3111259,324.9774,64.76949,329.3151,0.5677606,0.8808594,0.2215806,6.114059,1.180962,1.500035,Nothing
15.97836,13,1,0,2,0.4695269,0.8983973,0.3114009,325.1353,64.77083,329.1893,0.5713681,0.8825388,0.2237105,6.098994,1.181149,1.707091,Nothing
15.98657,13,1,0,2,0.4700345,0.8977839,0.3119193,325.371,64.66914,329.0851,0.5748963,0.8844246,0.2253279,6.100553,1.222725,1.900196,Nothing
15.99445,13,1,0,2,0.4705729,0.8972095,0.3124085,325.6304,64.50392,329.0159,0.5783622,0.8862453,0.227063,6.097546,1.260526,2.084944,Nothing
16.00299,13,1,0,2,0.4709501,0.8964747,0.313014,325.868,64.39033,328.9521,0.5818398,0.8880757,0.228672,6.103294,1.306663,2.279609,Nothing
16.01105,13,1,0,2,0.4716336,0.8954355,0.313664,326.1968,64.25873,328.8374,0.5850136,0.8897157,0.2302563,6.087145,1.376717,2.455694,Nothing
16.01974,13,1,0,2,0.4722355,0.8947237,0.314114,326.4921,64.19258,328.7567,0.5880212,0.8912274,0.2317419,6.07433,1.420736,2.622429,Nothing
16.02826,13,1,0,2,0.47295,0.8938794,0.3146016,326.7873,64.13062,328.6951,0.5909895,0.8926706,0.2332761,6.054957,1.467183,2.785619,Nothing
16.03671,13,1,0,2,0.4737113,0.8930433,0.3150056,327.0761,64.10735,328.5892,0.5938807,0.8941746,0.2348064,6.025742,1.516775,2.949877,Nothing
16.04456,13,1,0,2,0.4750676,0.8915794,0.3158612,327.6132,64.04372,328.4487,0.5994326,0.8968136,0.2376255,5.987311,1.601889,3.252324,Nothing
16.05298,13,1,0,2,0.4757468,0.8910345,0.3161367,327.8303,64.00546,328.3639,0.6016929,0.8979282,0.2388893,5.961108,1.636387,3.372436,Nothing
16.06122,13,1,0,2,0.4762205,0.8908498,0.3161779,327.9264,64.05434,328.2373,0.6037604,0.8988588,0.2402334,5.936946,1.633698,3.488637,Nothing
16.06995,13,1,0,2,0.4763189,0.8911247,0.3159709,327.8748,64.12196,328.0867,0.6055282,0.8998166,0.2413294,5.927595,1.608765,3.593749,Nothing
16.07733,13,1,0,2,0.4765353,0.8909336,0.3160048,327.9505,64.13562,327.9993,0.6072827,0.9004903,0.2425771,5.912323,1.598666,3.696334,Nothing
16.08615,13,1,0,2,0.4765244,0.8910619,0.3159688,327.9323,64.1272,327.9295,0.6085297,0.9010577,0.2435934,5.90715,1.576454,3.770328,Nothing
16.09393,13,1,0,2,0.4766639,0.8910071,0.3160729,327.9831,64.06149,327.8824,0.6100425,0.9018458,0.2446853,5.8989,1.575576,3.8548,Nothing
16.1033,13,1,0,2,0.476567,0.8906896,0.3163761,328.0762,63.94945,327.8988,0.6108805,0.9021114,0.2455168,5.899032,1.584185,3.906036,Nothing
16.11121,13,1,0,2,0.4767145,0.8904985,0.3166373,328.2167,63.8641,327.8772,0.6121832,0.9025347,0.2464538,5.896907,1.592015,3.972442,Nothing
16.12076,13,1,0,2,0.4768879,0.8900898,0.3166708,328.363,63.84139,327.8308,0.6127489,0.9026929,0.2470609,5.873045,1.605306,4.013702,Nothing
16.12827,13,1,0,2,0.4772249,0.8898597,0.3165796,328.4815,63.87571,327.7491,0.6130004,0.9028102,0.2476194,5.835345,1.609521,4.037465,Nothing
16.13632,13,1,0,2,0.477709,0.8898653,0.3161662,328.525,64.02316,327.5901,0.6128646,0.9028214,0.2480858,5.778782,1.592398,4.044659,Nothing
16.14465,13,1,0,2,0.4781654,0.8900009,0.3154802,328.538,64.24046,327.4107,0.6125216,0.9027817,0.2484718,5.713165,1.558433,4.048901,Nothing
16.15253,13,1,0,2,0.4786747,0.8902479,0.3146918,328.5346,64.48384,327.2106,0.6115358,0.902585,0.2489752,5.625582,1.512313,4.026023,Nothing
16.16141,13,1,0,2,0.4792149,0.8904439,0.3141154,328.5406,64.7165,327.007,0.6102788,0.9021317,0.249412,5.54244,1.47221,3.980848,Nothing
16.16962,13,1,0,2,0.4801182,0.8905443,0.3131234,328.6254,65.06522,326.6551,0.6086823,0.9016716,0.2502913,5.400431,1.421812,3.937769,Nothing
16.17905,13,1,0,2,0.4805151,0.8903414,0.3129747,328.7564,65.11813,326.5193,0.6068107,0.9011247,0.2503095,5.326905,1.438028,3.856605,Nothing
16.18771,13,1,0,2,0.4807872,0.8897825,0.3134498,328.9797,64.98786,326.4363,0.6055053,0.900651,0.2505034,5.281776,1.49238,3.792052,Nothing
16.19614,13,1,0,2,0.4809033,0.8895388,0.3134211,329.1353,64.96542,326.329,0.6044642,0.900097,0.2506748,5.241409,1.503936,3.747872,Nothing
16.20331,13,1,0,2,0.4810801,0.8891977,0.3136551,329.3005,64.87297,326.1808,0.6030927,0.8998566,0.2509098,5.187251,1.547951,3.690493,Nothing
16.21176,13,1,0,2,0.4811513,0.8890514,0.3137741,329.4059,64.80341,326.0258,0.6022509,0.8992342,0.2512549,5.159074,1.555672,3.646577,Nothing
16.22009,13,1,0,2,0.4811673,0.8888838,0.3137092,329.4314,64.79446,325.8897,0.6011793,0.8985124,0.2519165,5.114146,1.534746,3.60552,Nothing
16.22797,13,1,0,2,0.4811848,0.8889403,0.3136227,329.4468,64.79159,325.805,0.6002004,0.8975909,0.2526271,5.081198,1.490771,3.559017,Nothing
16.23639,13,1,0,2,0.4813417,0.8888799,0.3135126,329.4998,64.81238,325.6977,0.5991447,0.8964545,0.2535002,5.036241,1.440805,3.508248,Nothing
16.24469,13,1,0,2,0.4814061,0.8891901,0.3131563,329.4266,64.90484,325.6564,0.5978911,0.8951566,0.2545136,4.992969,1.343345,3.448989,Nothing
16.25476,13,1,0,2,0.4815222,0.8894694,0.3128648,329.3666,64.98497,325.6225,0.5966538,0.8940935,0.2552603,4.952547,1.267126,3.388248,Nothing
16.2612,13,1,0,2,0.4816231,0.8897198,0.3125837,329.2951,65.08817,325.6046,0.597053,0.8926623,0.2555988,4.980412,1.178466,3.374372,Nothing
16.2713,13,1,0,2,0.4816276,0.8900894,0.3122425,329.1893,65.18795,325.6096,0.5958955,0.8916057,0.2562194,4.951427,1.093993,3.316701,Nothing
16.27823,13,1,0,2,0.4816523,0.8903708,0.3120919,329.0897,65.26962,325.6396,0.594795,0.8905566,0.256865,4.926941,1.017686,3.258472,Nothing
16.28674,13,1,0,2,0.4815547,0.8909055,0.3117705,328.9273,65.3647,325.6763,0.5927733,0.8884823,0.2581466,4.886015,0.8735026,3.151381,Nothing
16.29425,13,1,0,2,0.4814222,0.8909383,0.3119869,328.8952,65.3102,325.7412,0.5921406,0.8874304,0.2588404,4.885762,0.8217652,3.109469,Nothing
16.30359,13,1,0,2,0.4812554,0.8908026,0.3122948,328.9304,65.19923,325.7879,0.5913917,0.8863817,0.2592323,4.890301,0.7978098,3.060728,Nothing
16.3107,13,1,0,2,0.4811494,0.8905557,0.3127266,329.0203,65.05928,325.8206,0.5908821,0.8853478,0.2598763,4.892309,0.7780626,3.024011,Nothing
16.3197,13,1,0,2,0.4810805,0.8901408,0.31306,329.1696,64.92132,325.829,0.5905558,0.8843895,0.2604983,4.888555,0.7673671,3.002416,MinusStart
16.31979,13,1,0,2,0.4810805,0.8901408,0.31306,329.1696,64.92132,325.829,0.5905558,0.8843895,0.2604983,4.888555,0.7673671,3.002416,Minusing
16.33755,13,1,0,2,0.4810622,0.889707,0.3134058,329.3668,64.83232,325.7725,0.5894309,0.88253,0.2614635,4.866865,0.7257718,2.938855,Minusing
16.35434,13,1,0,2,0.4814954,0.8894346,0.312845,329.5735,65.01965,325.551,0.5878782,0.8812454,0.2620805,4.783285,0.6808951,2.881148,Minusing
16.37283,13,1,0,2,0.4817633,0.8897344,0.3124762,329.67,65.14258,325.3965,0.586638,0.8803391,0.262367,4.740106,0.6371862,2.818855,Minusing
16.39063,13,1,0,2,0.4814119,0.8900909,0.3126416,329.7153,65.06307,325.2306,0.5858944,0.8791566,0.2634451,4.736934,0.5784764,2.779708,Minusing
16.40771,13,1,0,2,0.4805053,0.8908248,0.3130214,329.5693,64.8531,325.1282,0.5864412,0.8780071,0.2637681,4.834162,0.5241691,2.768268,Minusing
16.42606,13,1,0,2,0.479519,0.8916312,0.3129331,329.3572,64.74767,324.9948,0.5872118,0.8766626,0.2645105,4.9194,0.4232397,2.780255,Minusing
16.44385,13,1,0,2,0.4793455,0.891791,0.3128747,329.3692,64.76807,324.892,0.5875202,0.8756014,0.2654831,4.930335,0.352959,2.788327,Minusing
16.46045,13,1,0,2,0.4799492,0.8915569,0.3127966,329.5406,64.94892,324.8525,0.5867789,0.8738641,0.2663612,4.887931,0.2771911,2.737782,Minusing
16.47644,13,1,0,2,0.4812475,0.8910235,0.312737,329.7427,65.22552,324.8942,0.5869226,0.8735561,0.2662004,4.838187,0.2813272,2.724739,Minusing
16.49594,13,1,0,2,0.4815773,0.8911355,0.3126411,329.7468,65.28954,324.7994,0.5887392,0.8738121,0.2659389,4.879951,0.2861588,2.785051,Minusing
16.50989,13,1,0,2,0.4814778,0.8916881,0.3124377,329.6205,65.27557,324.656,0.5896536,0.87403,0.2661103,4.909419,0.2642339,2.814682,Minusing
16.57346,13,1,0,2,0.4804358,0.8943858,0.3105783,328.9091,65.72686,324.8148,0.5894107,0.8745474,0.2645638,4.980626,0.1026496,2.791165,Minusing
16.59061,13,1,0,2,0.4823769,0.8951999,0.309423,328.7603,66.57571,325.277,0.5894901,0.8764926,0.2628068,4.8954,0.07031572,2.78452,Minusing
16.60809,13,1,0,2,0.482238,0.8962983,0.3082432,328.5505,66.72113,324.5851,0.5893774,0.876888,0.2624733,4.887287,0.05947363,2.7804,Minusing
16.62604,13,1,0,2,0.4822085,0.8964139,0.3073515,328.5968,66.78104,324.2522,0.5891178,0.8765818,0.2625182,4.85911,0.04203614,2.782176,Minusing
16.64249,13,1,0,2,0.48293,0.8965448,0.3057141,328.6671,67.23654,323.903,0.5890878,0.8763264,0.2624752,4.782046,-0.01740809,2.799804,Minusing
16.66742,13,1,0,2,0.483955,0.8968458,0.3041723,328.6889,67.73392,323.5012,0.5892057,0.8762761,0.2622117,4.709478,-0.06461973,2.806203,Minusing
16.69254,13,1,0,2,0.4840546,0.8970726,0.3042433,328.6273,67.74273,323.554,0.5892615,0.8766122,0.2616541,4.725806,-0.04687342,2.795013,Minusing
16.70825,13,1,0,2,0.484204,0.8977875,0.3028869,328.4074,68.07648,323.312,0.5890545,0.8768728,0.2611287,4.697293,-0.09828386,2.79058,Minusing
16.72513,13,1,0,2,0.4840389,0.8986083,0.301303,328.1358,68.45187,322.9531,0.5889076,0.877106,0.2607667,4.671503,-0.1657026,2.801496,Minusing
16.74283,13,1,0,2,0.4835595,0.8993424,0.3003074,327.88,68.60137,322.6253,0.5888656,0.8771569,0.260453,4.683652,-0.2079414,2.805478,Minusing
16.76077,13,1,0,2,0.4833105,0.8992039,0.3006023,327.9608,68.44176,322.6538,0.5887858,0.8772258,0.2603143,4.699219,-0.1760498,2.806371,Minusing
16.77853,13,1,0,2,0.4834453,0.8988147,0.3007279,328.0641,68.41818,322.7074,0.5886853,0.8772327,0.2602395,4.686426,-0.1533225,2.808651,Minusing
16.7948,13,1,0,2,0.4838056,0.8983064,0.3006841,328.165,68.46938,322.7033,0.5885736,0.8773314,0.2598252,4.664528,-0.1165833,2.808611,Minusing
16.81119,13,1,0,2,0.4840088,0.8979935,0.3004637,328.2118,68.56216,322.7165,0.5883062,0.8775177,0.2595091,4.637365,-0.09904214,2.80937,Minusing
16.82803,13,1,0,2,0.4838967,0.8983228,0.2996593,328.0418,68.77084,322.6222,0.5881117,0.8778006,0.2592289,4.61873,-0.1309698,2.815382,Minusing
16.8837,13,1,0,2,0.4817754,0.9005445,0.297833,327.0516,69.18609,322.8486,0.5870736,0.8789283,0.2581375,4.667899,-0.285943,2.809012,Minusing
16.89996,13,1,0,2,0.4814839,0.9007242,0.2977437,326.9394,69.21464,322.9181,0.587193,0.8792104,0.258082,4.67793,-0.299627,2.822985,Minusing
16.91736,13,1,0,2,0.4811722,0.9007642,0.2976329,326.8892,69.17308,322.8922,0.5871733,0.8794321,0.2579731,4.684831,-0.2935602,2.833784,Minusing
16.9303,13,1,0,2,0.4810984,0.9007847,0.2974864,326.8706,69.22161,322.8686,0.5870298,0.8796328,0.2579408,4.674059,-0.2932946,2.839017,Minusing
16.94641,13,1,0,2,0.4812869,0.9005305,0.297432,326.9532,69.27067,322.8578,0.5867299,0.8798003,0.2578628,4.646702,-0.2738578,2.83835,Minusing
16.96246,13,1,0,2,0.4811537,0.9003602,0.2981594,327.0372,69.06197,323.0173,0.586404,0.880038,0.2576296,4.664433,-0.2214656,2.821609,Minusing
16.979,13,1,0,2,0.48075,0.9002408,0.2986026,327.051,68.89215,323.1214,0.5862629,0.8800051,0.2575082,4.691815,-0.1980129,2.817286,Minusing
16.99841,13,1,0,2,0.4802491,0.9003515,0.2987483,326.9557,68.82282,323.1717,0.5860505,0.8801796,0.2572844,4.714543,-0.1890389,2.815714,Minusing
17.01761,13,1,0,2,0.4801178,0.9007219,0.2987169,326.8953,68.85002,323.1491,0.5857303,0.8806035,0.257177,4.711104,-0.1854298,2.807296,Minusing
17.03409,13,1,0,2,0.4802961,0.9009195,0.2981973,326.85,69.02572,323.0708,0.5854634,0.880713,0.2568881,4.689238,-0.199596,2.798756,Minusing
17.05042,13,1,0,2,0.4805401,0.9009147,0.2979439,326.8767,69.13094,322.9954,0.585313,0.8808422,0.2566184,4.671235,-0.1912238,2.794275,Minusing
17.06757,13,1,0,2,0.4806789,0.9007937,0.2980606,326.934,69.10531,322.9311,0.585218,0.8811461,0.2563945,4.664021,-0.1546696,2.793358,Minusing
17.08493,13,1,0,2,0.4806777,0.9008428,0.298232,326.973,69.01455,322.8377,0.5848548,0.8814049,0.2558236,4.673056,-0.1039249,2.771867,Minusing
17.10529,13,1,0,2,0.4807194,0.9006969,0.2984064,327.0226,68.94532,322.8583,0.5843983,0.8815334,0.255346,4.672614,-0.06339336,2.749861,Minusing
17.12122,13,1,0,2,0.4807018,0.900557,0.2988303,327.1179,68.81485,322.9623,0.5840911,0.8815169,0.254841,4.690549,-0.02100801,2.726544,Minusing
17.15237,13,1,0,2,0.4808217,0.8999424,0.2998719,327.2628,68.61642,323.3506,0.5833763,0.8817466,0.2540162,4.704802,0.06425092,2.686202,Minusing
17.198,13,1,0,2,0.4796263,0.9020889,0.2992572,326.6271,68.62566,323.0345,0.5825368,0.8822982,0.252617,4.79349,0.0389099,2.615994,Minusing
17.21872,13,1,0,2,0.4794612,0.9018758,0.300225,326.8433,68.22444,323.0313,0.5822305,0.8826438,0.2523118,4.819688,0.1373476,2.594567,Minusing
17.23541,13,1,0,2,0.4796681,0.90153,0.3005149,327.0836,67.9438,322.6388,0.5819315,0.882718,0.2522326,4.806036,0.2285591,2.576622,Minusing
17.25214,13,1,0,2,0.4796524,0.9019343,0.2999232,327.1091,67.89889,322.116,0.581316,0.8829299,0.2524903,4.76719,0.2455341,2.560813,Minusing
17.26889,13,1,0,2,0.4800613,0.9020036,0.2995148,327.1887,67.96966,321.9344,0.5808956,0.883326,0.2528769,4.707441,0.2477043,2.558273,Minusing
17.28552,13,1,0,2,0.4808404,0.9015369,0.2993627,327.3866,68.07027,321.9778,0.5811418,0.883988,0.2535638,4.632023,0.2549781,2.595011,Minusing
17.30283,13,1,0,2,0.4820112,0.9007887,0.2991832,327.6191,68.29831,321.8801,0.5818847,0.8854672,0.2551833,4.499116,0.2672242,2.68608,Minusing
17.32034,13,1,0,2,0.4825694,0.9008095,0.2985752,327.581,68.50725,321.6586,0.5826658,0.8868611,0.2572838,4.386907,0.2165283,2.779018,Minusing
17.33878,13,1,0,2,0.4825498,0.9013029,0.2978841,327.409,68.65384,321.442,0.5838192,0.8885121,0.2596518,4.303019,0.1370136,2.897214,Minusing
17.35406,13,1,0,2,0.4823719,0.9018281,0.2973069,327.2563,68.71552,321.308,0.5852312,0.8905105,0.2618309,4.234633,0.07380714,3.030783,Minusing
17.37167,13,1,0,2,0.4821926,0.9022249,0.2969654,327.1575,68.7271,321.2648,0.5870637,0.8928999,0.2637443,4.180158,0.0392263,3.186043,Minusing
17.38947,13,1,0,2,0.482363,0.902208,0.2968329,327.1701,68.74653,321.3186,0.5896319,0.8969288,0.2664562,4.064359,0.04204546,3.422623,Minusing
17.40811,13,1,0,2,0.4826201,0.9017701,0.2972288,327.3374,68.71606,321.3828,0.5909165,0.9000233,0.2679424,3.96877,0.1117784,3.573489,Minusing
17.42493,13,1,0,2,0.482568,0.9019344,0.2970087,327.3054,68.72869,321.257,0.5921847,0.9029155,0.2695351,3.886302,0.1293615,3.718539,Minusing
17.48425,13,1,0,2,0.4825754,0.9020331,0.2965305,327.2831,68.83369,321.0797,0.5948097,0.9082553,0.2728148,3.717179,0.1435722,4.009414,Minusing
17.50064,13,1,0,2,0.4823606,0.9025784,0.2962018,327.1376,68.94609,321.0577,0.5976609,0.9141779,0.2777849,3.518414,0.08546701,4.33812,Minusing
17.51776,13,1,0,2,0.4818573,0.9031792,0.2959467,326.9338,68.95934,320.9589,0.5981251,0.9156911,0.2793913,3.478707,0.03347618,4.417401,Minusing
17.52979,13,1,0,2,0.4816024,0.9036168,0.2957498,326.8034,68.95525,320.926,0.5979526,0.9169264,0.2806868,3.424881,-0.0006652599,4.457502,Minusing
17.54623,13,1,0,2,0.481803,0.9034452,0.2959233,326.8545,68.94685,320.9781,0.5972767,0.918054,0.2815914,3.344204,0.02150061,4.470785,Minusing
17.56479,13,1,0,2,0.4823528,0.9028337,0.2961856,327.0005,68.99358,321.0859,0.5969743,0.9189099,0.28226,3.261953,0.05889262,4.489974,Minusing
17.58115,13,1,0,2,0.4828898,0.9025998,0.295999,327.0565,69.14767,321.0658,0.5970705,0.9199851,0.2828343,3.184055,0.06987748,4.525987,Minusing
17.59708,13,1,0,2,0.4832639,0.9026692,0.2959068,327.0661,69.21867,321.0175,0.5961205,0.9202943,0.2836751,3.109441,0.05354659,4.498898,Minusing
17.61572,13,1,0,2,0.4833049,0.9030909,0.2956522,326.9912,69.19898,320.9213,0.5945549,0.9206533,0.2848073,3.03013,0.01795421,4.453757,Minusing
17.63632,13,1,0,2,0.4830766,0.9031749,0.2954586,326.9252,69.17072,320.9117,0.5930384,0.9199274,0.2855612,2.991299,-0.03147082,4.394956,Minusing
17.65762,13,1,0,2,0.4832752,0.9028342,0.2955977,327.006,69.14002,321.0394,0.5909054,0.9189911,0.2867524,2.907286,-0.06761283,4.309132,Minusing
17.67349,13,1,0,2,0.4838085,0.9024007,0.2957561,327.0883,69.16984,321.0995,0.5890212,0.9179971,0.2875638,2.828511,-0.08841838,4.217276,Minusing
17.69,13,1,0,2,0.4839149,0.9023665,0.2956164,327.0783,69.21877,321.0858,0.5876743,0.9168033,0.2880303,2.797024,-0.1369249,4.142778,Minusing
17.70703,13,1,0,2,0.4838121,0.9026212,0.2953849,327.0083,69.25065,321.0572,0.5860112,0.9156495,0.2882749,2.776104,-0.189122,4.053432,Minusing
17.72531,13,1,0,2,0.4834645,0.9030235,0.2953162,326.8868,69.2069,321.1285,0.5834044,0.9140788,0.2884835,2.760523,-0.2486616,3.916498,Minusing
17.74496,13,1,0,2,0.4830639,0.9034361,0.2952091,326.735,69.20144,321.1529,0.5815506,0.912903,0.288318,2.767139,-0.2925519,3.814837,Minusing
17.81265,13,1,0,2,0.4823205,0.9031619,0.2958893,326.9157,69.01611,321.1532,0.5728247,0.906444,0.2840015,2.839212,-0.2229337,3.286237,Minusing
17.83359,13,1,0,2,0.4819171,0.9031461,0.2960823,326.903,68.92159,321.1888,0.571187,0.9048244,0.2825428,2.89562,-0.2015975,3.17162,Minusing
17.85229,13,1,0,2,0.4808384,0.9036303,0.2961671,326.6793,68.7539,321.2242,0.5684458,0.9019749,0.2804534,3.00723,-0.2167926,2.978504,Minusing
17.87396,13,1,0,2,0.4800092,0.904174,0.2961006,326.4407,68.67075,321.3058,0.5655301,0.8991106,0.2779833,3.110806,-0.229681,2.765769,Minusing
17.89072,13,1,0,2,0.4797665,0.9041754,0.2963861,326.3767,68.61762,321.4745,0.563437,0.8974295,0.2764589,3.153888,-0.2113897,2.622809,Minusing
17.90659,13,1,0,2,0.4797218,0.9041049,0.2965772,326.3442,68.60333,321.6095,0.5616478,0.8955016,0.2742504,3.219139,-0.1779695,2.473052,Minusing
17.92468,13,1,0,2,0.4797932,0.9041656,0.2965327,326.3272,68.62994,321.6743,0.5599894,0.8942227,0.2724065,3.253448,-0.1474463,2.348188,Minusing
17.94284,13,1,0,2,0.4798067,0.9040824,0.2966788,326.3192,68.58897,321.7164,0.558486,0.8930197,0.2705203,3.29696,-0.09864584,2.231518,Minusing
17.95984,13,1,0,2,0.4797841,0.9041013,0.2968113,326.3195,68.49979,321.7362,0.5565323,0.8916532,0.2676732,3.363198,-0.0174797,2.077238,Minusing
17.97699,13,1,0,2,0.4798269,0.9043466,0.2964809,326.2441,68.54921,321.6783,0.5556623,0.8910608,0.2657955,3.4024,0.01725774,1.998171,Minusing
17.99475,13,1,0,2,0.4795632,0.9046717,0.2961674,326.1377,68.63091,321.6487,0.555307,0.8908615,0.2639015,3.458534,0.05192583,1.957393,Minusing
18.01422,13,1,0,2,0.4792657,0.9048453,0.2963065,326.1263,68.53663,321.7452,0.5552081,0.8910395,0.2609874,3.554429,0.1560858,1.916485,Minusing
18.03284,13,1,0,2,0.4791712,0.9046507,0.2966224,326.1805,68.45026,321.7919,0.5558985,0.8915368,0.2591559,3.622802,0.2491166,1.930848,Minusing
18.04935,13,1,0,2,0.4789355,0.9047049,0.2965732,326.1977,68.42648,321.7366,0.5566627,0.8920239,0.2572681,3.693881,0.3237289,1.951927,Minusing
18.0672,13,1,0,2,0.4787193,0.904799,0.2966882,326.2079,68.34892,321.6991,0.5575735,0.8926951,0.2555986,3.764662,0.4016081,1.979479,Minusing
18.12036,13,1,0,2,0.4769705,0.9057528,0.2971438,325.8537,68.0624,321.8981,0.5629352,0.8947515,0.2500528,4.131918,0.5787482,2.154676,Minusing
18.17029,13,1,0,2,0.4755303,0.9061837,0.2980287,325.4452,67.71684,322.4668,0.5658388,0.8932376,0.2457975,4.475613,0.6271467,2.150383,Minusing
18.22314,13,1,0,2,0.4756307,0.9057441,0.2985567,325.1985,67.60376,323.1562,0.567384,0.8890236,0.2420582,4.74555,0.5895591,2.020492,Minusing
18.28452,13,1,0,2,0.4743794,0.906538,0.298925,324.6045,67.3071,323.9219,0.5701546,0.8876663,0.2405202,4.995338,0.4875257,2.03436,Minusing
18.29938,13,1,0,2,0.4744821,0.9064907,0.2989385,324.5993,67.34418,324.0127,0.5720739,0.8881697,0.2415102,5.008472,0.4428149,2.13125,Minusing
18.31494,13,1,0,2,0.4744716,0.9064004,0.2990172,324.6122,67.29316,324.0772,0.5746194,0.8888739,0.242902,5.029296,0.3957846,2.261797,Minusing
18.33347,13,1,0,2,0.4743371,0.9063465,0.2991629,324.626,67.20302,324.1013,0.5771719,0.8896744,0.244643,5.045135,0.3461665,2.400606,Minusing
18.34882,13,1,0,2,0.4742594,0.906311,0.2992414,324.6423,67.12432,324.111,0.5797837,0.8904139,0.2467322,5.050569,0.2805585,2.544478,Minusing
18.36075,13,1,0,2,0.4741547,0.9063787,0.2991512,324.6325,67.0974,324.099,0.5819892,0.8907831,0.2488492,5.049143,0.1943457,2.666647,Minusing
18.37323,13,1,0,2,0.4742557,0.9063731,0.2990126,324.606,67.13779,324.1187,0.58358,0.8909348,0.2506922,5.031713,0.1109318,2.755262,Minusing
18.38553,13,1,0,2,0.4742011,0.9063526,0.2990171,324.5793,67.13256,324.1738,0.5838686,0.8909527,0.2515116,5.018243,0.07527471,2.779234,Minusing
18.39798,13,1,0,2,0.4740832,0.906222,0.2992435,324.5516,67.07802,324.2606,0.5848084,0.8906365,0.2529346,5.021607,0.01329952,2.825386,Minusing
18.4111,13,1,0,2,0.4739701,0.9061293,0.2995518,324.5611,66.98282,324.3206,0.5844981,0.8901548,0.2532389,5.027451,0.005297781,2.802497,Minusing
18.42725,13,1,0,2,0.473661,0.9057347,0.3000113,324.5903,66.81236,324.434,0.5836909,0.8880385,0.2543236,5.037749,-0.06180976,2.738358,Minusing
18.44305,13,1,0,2,0.4736682,0.9052287,0.3004433,324.6785,66.68977,324.5109,0.5827633,0.8860402,0.254548,5.050853,-0.08720048,2.658228,Minusing
18.45853,13,1,0,2,0.4734929,0.9046705,0.3011502,324.7756,66.493,324.6804,0.5809351,0.8829783,0.2540317,5.096682,-0.105981,2.505217,Minusing
18.47684,13,1,0,2,0.4732754,0.9043471,0.3018293,324.798,66.30995,324.8776,0.578987,0.8799617,0.2530534,5.15804,-0.1222105,2.334232,Minusing
18.49457,13,1,0,2,0.4726429,0.9040575,0.3027038,324.756,66.0696,325.1655,0.5769337,0.8771972,0.2512316,5.256426,-0.1061795,2.156725,Minusing
18.51071,13,1,0,2,0.4718918,0.9035162,0.3038996,324.7993,65.70086,325.4822,0.5740901,0.8742154,0.2490046,5.355423,-0.0503009,1.940675,Minusing
18.52606,13,1,0,2,0.470993,0.9030333,0.3050792,324.8051,65.31398,325.7858,0.5708367,0.8714511,0.2467079,5.444159,0.01464813,1.714408,Minusing
18.54181,13,1,0,2,0.4699722,0.9029312,0.3057786,324.7615,65.02991,326.0409,0.5670223,0.8686279,0.2442235,5.517645,0.05471794,1.468309,Minusing
18.59476,13,1,0,2,0.4674842,0.9023182,0.3085109,324.5417,64.14812,326.9931,0.5518277,0.8582076,0.2367864,5.648559,0.1596727,0.5123526,Minusing
18.6091,13,1,0,2,0.4666705,0.9022293,0.3091994,324.4571,63.85971,327.165,0.5468807,0.8551503,0.2349604,5.658197,0.1864184,0.2194276,Minusing
18.6257,13,1,0,2,0.4661255,0.9021218,0.3096058,324.3825,63.66461,327.3181,0.541649,0.8526375,0.2332503,5.624981,0.219486,-0.06340525,Minusing
18.64221,13,1,0,2,0.4656925,0.9019322,0.3100626,324.3386,63.48543,327.5013,0.5363806,0.8504427,0.231578,5.577895,0.2633414,-0.3377108,Minusing
18.6655,13,1,0,2,0.4655731,0.901535,0.3108614,324.3564,63.23434,327.8109,0.5275246,0.8471597,0.2288261,5.467409,0.353527,-0.7978415,Minusing
18.68314,13,1,0,2,0.4651496,0.9017764,0.3109676,324.1983,63.14054,328.0172,0.5220973,0.8456438,0.2276454,5.382823,0.373952,-1.055204,Minusing
18.69833,13,1,0,2,0.4644474,0.9023161,0.3109438,323.9578,63.05188,328.1518,0.5167595,0.8452541,0.2269139,5.273482,0.407917,-1.269245,Minusing
18.71405,13,1,0,2,0.463782,0.9027505,0.3109945,323.7468,62.85803,328.3559,0.5120595,0.8444475,0.2256451,5.204725,0.4451042,-1.486905,Minusing
18.72906,13,1,0,2,0.4630913,0.9029487,0.3112417,323.5681,62.67659,328.5799,0.507098,0.8437229,0.2246794,5.118361,0.489421,-1.69887,Minusing
18.74387,13,1,0,2,0.4626027,0.9033218,0.3112746,323.3811,62.59131,328.8042,0.5022133,0.8430047,0.2240065,5.017712,0.5101864,-1.904259,Minusing
18.75851,13,1,0,2,0.462395,0.903478,0.3112512,323.2173,62.60462,329.0135,0.4974008,0.8421597,0.2235348,4.903499,0.5260556,-2.101884,Minusing
18.7735,13,1,0,2,0.4622341,0.9036395,0.3112586,323.0962,62.56692,329.203,0.4928329,0.8410519,0.2235917,4.784771,0.5184503,-2.292938,Minusing
18.78912,13,1,0,2,0.4618762,0.9037561,0.3114769,322.9724,62.47265,329.3521,0.4883814,0.8398777,0.2235199,4.683516,0.5244219,-2.483089,Minusing
18.80505,13,1,0,2,0.461301,0.9040483,0.3115838,322.8317,62.35341,329.4677,0.4849371,0.8387143,0.2240499,4.601073,0.4932929,-2.625805,Minusing
18.82037,13,1,0,2,0.4604449,0.9046244,0.3115999,322.6034,62.23991,329.6588,0.4820593,0.8376357,0.2245537,4.545604,0.4423537,-2.746948,Minusing
18.87518,13,1,0,2,0.4573024,0.9055083,0.3125969,321.9688,61.66254,330.6882,0.4735468,0.833402,0.2269208,4.395687,0.2539347,-3.103818,Minusing
18.88959,13,1,0,2,0.4562572,0.9056658,0.3129067,321.7384,61.48393,330.9875,0.4718469,0.8327338,0.2276255,4.365729,0.2144081,-3.160038,Minusing
18.90399,13,1,0,2,0.4554471,0.9056089,0.3132823,321.5727,61.27391,331.4035,0.4705479,0.8322971,0.2281291,4.341418,0.1855036,-3.201794,Minusing
18.91919,13,1,0,2,0.4548661,0.9052879,0.3140268,321.5672,61.06172,331.7992,0.4707256,0.8327158,0.2281786,4.366355,0.1990879,-3.179174,Minusing
18.93384,13,1,0,2,0.4537714,0.9050021,0.3149612,321.4428,60.73083,332.4147,0.4713027,0.8337517,0.2281941,4.411075,0.2200671,-3.124263,Minusing
18.94955,13,1,0,2,0.4522703,0.9051996,0.3156729,321.2058,60.41757,332.9435,0.4723497,0.8353088,0.2282102,4.475884,0.2353805,-3.03892,Minusing
18.96301,13,1,0,2,0.4504632,0.9054336,0.3162584,320.8812,60.04162,333.4407,0.4742888,0.8371488,0.2283684,4.564846,0.2427628,-2.909794,Minusing
18.97681,13,1,0,2,0.4486102,0.9056479,0.316912,320.5869,59.62085,333.9264,0.4767889,0.8393424,0.2287119,4.665565,0.2507723,-2.750695,Minusing
18.99146,13,1,0,2,0.4471054,0.9053997,0.3176697,320.4698,59.21056,334.3501,0.48047,0.8418149,0.2294194,4.780678,0.2606207,-2.533068,Minusing
19.00607,13,1,0,2,0.4468046,0.9050305,0.318163,320.5695,59.05849,334.5144,0.4828498,0.8433836,0.2299421,4.83579,0.2776318,-2.395242,Minusing
19.02307,13,1,0,2,0.4459121,0.9041366,0.319259,320.7164,58.69132,334.9357,0.4894095,0.8472755,0.2320479,4.971615,0.2833469,-2.014545,Minusing
19.03748,13,1,0,2,0.4456891,0.9041659,0.3194089,320.7065,58.64385,335.0178,0.4949107,0.8498859,0.2344772,5.052274,0.2195517,-1.716198,Minusing
19.05212,13,1,0,2,0.4451943,0.9046606,0.3194022,320.5174,58.58133,335.1469,0.5002668,0.8525072,0.2366254,5.146194,0.1433363,-1.437393,Minusing
19.0657,13,1,0,2,0.4448795,0.9049177,0.3192494,320.3812,58.57253,335.194,0.5031948,0.8540608,0.2382977,5.177895,0.08599854,-1.267043,Minusing
19.09436,13,1,0,2,0.4441817,0.9053289,0.3193629,320.1569,58.46594,335.3716,0.5110363,0.8588883,0.242173,5.279083,-0.004739999,-0.8093235,Minusing
19.14484,13,1,0,2,0.4464259,0.9047394,0.3197514,320.397,58.69236,335.3336,0.5280115,0.8720989,0.2504053,5.323668,0.002823231,0.2445163,Minusing
19.15985,13,1,0,2,0.4469738,0.905111,0.3192602,320.3019,58.87039,335.2382,0.5325691,0.8757071,0.2530658,5.311095,-0.04406203,0.5362332,Minusing
19.17624,13,1,0,2,0.4477821,0.9053633,0.3189646,320.2743,59.01055,335.1868,0.5367223,0.8791175,0.2557729,5.281261,-0.0822105,0.8018746,Minusing
19.19144,13,1,0,2,0.4486536,0.9050904,0.3187568,320.3497,59.13292,335.1379,0.5401177,0.8820744,0.2585787,5.221409,-0.1052652,1.046917,Minusing
19.20752,13,1,0,2,0.4495963,0.9047748,0.318595,320.5046,59.25497,335.0475,0.5433782,0.8850129,0.2612075,5.159513,-0.112099,1.284942,Minusing
19.22394,13,1,0,2,0.4504932,0.9044843,0.3184506,320.6248,59.38689,334.9228,0.5463884,0.8878313,0.2640059,5.087541,-0.1234352,1.51394,Minusing
19.23773,13,1,0,2,0.4511276,0.9044034,0.3182006,320.6715,59.5134,334.8255,0.5489395,0.8904663,0.2666505,5.016623,-0.1474121,1.720415,Minusing
19.2529,13,1,0,2,0.4514408,0.9045038,0.3180152,320.6714,59.61963,334.7675,0.5509302,0.8931272,0.2691824,4.946043,-0.171355,1.907989,Minusing
19.26846,13,1,0,2,0.451793,0.9045135,0.317779,320.6464,59.73695,334.7412,0.5526627,0.8956231,0.2715144,4.870933,-0.193595,2.080556,Minusing
19.28195,13,1,0,2,0.4521928,0.9045348,0.3175204,320.6368,59.85223,334.7218,0.553668,0.8979191,0.2738958,4.770875,-0.2148699,2.22366,Minusing
19.29504,13,1,0,2,0.4526958,0.904193,0.3175184,320.6678,59.91608,334.7162,0.5545558,0.9001625,0.275895,4.678817,-0.1991642,2.355709,Minusing
19.31,13,1,0,2,0.4529042,0.9039692,0.3176458,320.7273,59.92762,334.6999,0.5563129,0.902821,0.2770993,4.649569,-0.1547246,2.514767,Minusing
19.3204,13,1,0,2,0.4529691,0.9038072,0.3177221,320.761,59.92764,334.6882,0.5573592,0.9040189,0.2776092,4.646277,-0.1337766,2.596298,Minusing
19.32947,13,1,0,2,0.4530697,0.9035574,0.3178426,320.8146,59.88439,334.6977,0.5580221,0.9049065,0.2780021,4.638725,-0.1075405,2.653048,Minusing
19.34387,13,1,0,2,0.4531831,0.9032419,0.3180967,320.9038,59.82499,334.7214,0.5589997,0.906343,0.2787011,4.625861,-0.06857817,2.741417,Minusing
19.35361,13,1,0,2,0.4531144,0.9030851,0.3182203,320.9321,59.79545,334.7457,0.5592144,0.9068443,0.2789178,4.622298,-0.05200874,2.771284,Minusing
19.37048,13,1,0,2,0.4527798,0.9031263,0.3182912,320.9033,59.75901,334.7816,0.5594577,0.9073079,0.2792861,4.627239,-0.05653663,2.804887,Minusing
19.38,13,1,0,2,0.4525598,0.9031427,0.3183371,320.8847,59.72606,334.7995,0.5595056,0.907324,0.279347,4.637082,-0.06062183,2.811188,Minusing
19.39435,13,1,0,2,0.4521969,0.9030575,0.3184609,320.8878,59.64258,334.8315,0.5589795,0.9067424,0.2793811,4.645114,-0.06910013,2.784789,Minusing
19.40417,13,1,0,2,0.4519301,0.9028732,0.3186241,320.912,59.56605,334.8577,0.5583714,0.9058216,0.2789602,4.665542,-0.06693462,2.737405,Minusing
19.41876,13,1,0,2,0.4519961,0.9024911,0.3188547,321.0121,59.53274,334.8844,0.5577195,0.9048199,0.2784616,4.673189,-0.05114538,2.683934,Minusing
19.43912,13,1,0,2,0.4519626,0.9022438,0.3189747,321.0766,59.50115,334.9073,0.5560796,0.9027851,0.2775249,4.680769,-0.05418046,2.559813,Minusing
19.47992,13,1,0,2,0.4511557,0.902447,0.3189341,320.944,59.39075,334.899,0.5479036,0.8938882,0.272829,4.729626,-0.1144093,1.953709,Minusing
19.49429,13,1,0,2,0.4508094,0.902244,0.3192845,321.0016,59.26357,334.9501,0.5449674,0.8903706,0.2705525,4.77885,-0.1042205,1.717174,Minusing
19.50436,13,1,0,2,0.4506766,0.9020572,0.3195897,321.0689,59.19103,334.9756,0.5432663,0.888489,0.2692999,4.80204,-0.08795318,1.585306,Minusing
19.5191,13,1,0,2,0.4506826,0.9014927,0.3201897,321.2511,59.02715,335.0018,0.539529,0.8844378,0.2668754,4.826679,-0.05068621,1.301512,Minusing
19.52805,13,1,0,2,0.450606,0.9012616,0.3204823,321.324,58.92704,335.0056,0.5373015,0.882122,0.2654457,4.841794,-0.03271914,1.134692,Minusing
19.53726,13,1,0,2,0.4504071,0.9010457,0.3209111,321.4171,58.7806,335.0105,0.5328686,0.8778808,0.2628014,4.859703,-0.009544378,0.8157715,Minusing
19.55286,13,1,0,2,0.4503211,0.9011519,0.3207777,321.3717,58.78901,334.9523,0.5297163,0.8754866,0.2613297,4.838384,-0.009594392,0.6169965,Minusing
19.56168,13,1,0,2,0.4503469,0.9011394,0.3207033,321.3592,58.80208,334.8764,0.5242429,0.8711314,0.25853,4.807419,0.003897916,0.2608145,Minusing
19.57178,13,1,0,2,0.450477,0.9010918,0.3206986,321.3708,58.81718,334.8583,0.52108,0.8690578,0.2569377,4.778462,0.027336,0.0665565,Minusing
19.58527,13,1,0,2,0.450968,0.9007766,0.3208416,321.4677,58.80783,334.8832,0.5152408,0.864942,0.2541323,4.718512,0.06882735,-0.3018595,Minusing
19.59412,13,1,0,2,0.4511766,0.9006526,0.3209193,321.5053,58.80584,334.8904,0.5122518,0.8630695,0.2528985,4.680275,0.09000057,-0.4797469,Minusing
19.604,13,1,0,2,0.4514791,0.9005492,0.3209754,321.5395,58.82223,334.9242,0.5093285,0.8611739,0.2516691,4.6413,0.1060393,-0.658419,Minusing
19.61902,13,1,0,2,0.4518074,0.9006425,0.3209172,321.5163,58.83332,334.9348,0.5035815,0.8578758,0.2496681,4.553087,0.127019,-0.9902076,Minusing
19.63425,13,1,0,2,0.4518819,0.9008744,0.3207904,321.4365,58.82435,334.885,0.4974678,0.854609,0.2474285,4.466912,0.1581545,-1.334891,Minusing
19.65192,13,1,0,2,0.4519931,0.9012077,0.3203669,321.3568,58.85688,334.7189,0.491662,0.8516741,0.2457538,4.359987,0.1746606,-1.645036,Minusing
19.6691,13,1,0,2,0.4526548,0.9010949,0.3202112,321.4519,58.94084,334.649,0.4866051,0.8494459,0.2445211,4.239992,0.2080601,-1.903455,Minusing
19.68341,13,1,0,2,0.453126,0.901166,0.3199629,321.4804,59.0631,334.5859,0.4812019,0.8472885,0.2434881,4.108767,0.2304128,-2.164881,Minusing
19.69693,13,1,0,2,0.4534727,0.9015267,0.3194585,321.3789,59.21433,334.4808,0.4759735,0.8454229,0.2427674,3.969435,0.2385236,-2.408201,Minusing
19.71146,13,1,0,2,0.4535966,0.9020546,0.3188207,321.2514,59.34295,334.361,0.4711282,0.8436363,0.2425018,3.832781,0.2213792,-2.625706,Minusing
19.72964,13,1,0,2,0.4536251,0.9022184,0.3186175,321.2078,59.35513,334.2902,0.4662293,0.8417426,0.2426609,3.691613,0.2094561,-2.838048,Minusing
19.74503,13,1,0,2,0.4537956,0.9019825,0.3186064,321.294,59.36877,334.2744,0.4618346,0.8401116,0.2434876,3.540482,0.1905549,-3.006898,Minusing
19.763,13,1,0,2,0.4539137,0.9020314,0.3183876,321.3065,59.46622,334.2537,0.4578084,0.8384151,0.2443866,3.402281,0.1478114,-3.165742,Minusing
19.77783,13,1,0,2,0.4539024,0.9022753,0.3181536,321.2654,59.53963,334.243,0.4542792,0.8368604,0.2456827,3.271026,0.08533873,-3.300964,Minusing
19.80597,13,1,0,2,0.4532061,0.9027767,0.3177651,321.0604,59.59986,334.2027,0.4490855,0.8343769,0.2478159,3.091749,-0.02431169,-3.489017,Minusing
19.85599,13,1,0,2,0.4520034,0.9030872,0.3177875,321.0515,59.55192,334.1912,0.4408304,0.8295097,0.2544041,2.741312,-0.3123862,-3.747904,Minusing
19.86893,13,1,0,2,0.4513844,0.903282,0.3179158,321.0031,59.5203,334.2385,0.4398601,0.8286988,0.256086,2.695782,-0.3895427,-3.762321,Minusing
19.87796,13,1,0,2,0.4508048,0.9037529,0.3179205,320.9058,59.47494,334.2711,0.439697,0.8283653,0.2569513,2.691444,-0.4442278,-3.761037,Minusing
19.88937,13,1,0,2,0.4498264,0.904287,0.3179187,320.7439,59.40218,334.3065,0.4396294,0.82788,0.258331,2.688167,-0.5249679,-3.743529,Minusing
19.90192,13,1,0,2,0.4491517,0.9046185,0.3179696,320.6637,59.32624,334.3343,0.4402086,0.8283944,0.2586238,2.71393,-0.5386786,-3.698293,Minusing
19.91498,13,1,0,2,0.448089,0.9048225,0.3181359,320.5751,59.17585,334.3921,0.4406199,0.8285719,0.2594438,2.734699,-0.5755208,-3.647274,Minusing
19.92761,13,1,0,2,0.4473304,0.9047437,0.3185028,320.5935,59.02241,334.4772,0.44164,0.8294307,0.2591831,2.791759,-0.551085,-3.578755,Minusing
19.94229,13,1,0,2,0.4470719,0.9048271,0.3184798,320.6067,59.00393,334.4873,0.4422891,0.8300024,0.2585365,2.832582,-0.5278373,-3.547367,Minusing
19.95651,13,1,0,2,0.4464008,0.9049195,0.3185604,320.5747,58.97074,334.4833,0.4435256,0.8311631,0.2572301,2.918891,-0.4705884,-3.483242,Minusing
19.97058,13,1,0,2,0.4456428,0.9050915,0.3186014,320.5094,58.91368,334.4877,0.4448416,0.8323792,0.255765,3.012952,-0.4107956,-3.418721,Minusing
19.98532,13,1,0,2,0.4449116,0.9049934,0.3187312,320.4567,58.86972,334.4392,0.4460282,0.8335618,0.2541236,3.107219,-0.3307307,-3.356287,Minusing
19.99835,13,1,0,2,0.4441365,0.9053712,0.3189506,320.3841,58.8135,334.4718,0.4480105,0.8349346,0.2523277,3.240005,-0.2662514,-3.281931,Minusing
20.01154,13,1,0,2,0.4438345,0.9053562,0.3190087,320.358,58.7794,334.5272,0.4493358,0.8356319,0.2515516,3.30606,-0.2382935,-3.227161,Minusing
20.02603,13,1,0,2,0.4433639,0.905323,0.3194976,320.3524,58.6407,334.6584,0.4518559,0.8367734,0.2499445,3.444871,-0.1761259,-3.143371,Minusing
20.03979,13,1,0,2,0.4430036,0.9054097,0.3198589,320.319,58.49833,334.7866,0.4548922,0.8379941,0.2479684,3.604801,-0.1113318,-3.0543,Minusing
20.05475,13,1,0,2,0.4425358,0.9058297,0.3200813,320.184,58.43582,334.8771,0.4579653,0.8391592,0.246196,3.766449,-0.06704404,-2.965982,Minusing
20.06955,13,1,0,2,0.4420979,0.9062992,0.3201031,320.0225,58.40712,334.9447,0.4610571,0.8403819,0.2444949,3.92047,-0.0297158,-2.872154,Minusing
20.10287,13,1,0,2,0.4420864,0.9065124,0.3201893,319.9711,58.42889,334.9755,0.4666017,0.8429447,0.2416218,4.159386,0.06852075,-2.684601,Minusing
20.14264,13,1,0,2,0.4425933,0.9066777,0.3204043,320.0055,58.39621,335.0672,0.4789851,0.8492478,0.2360714,4.636889,0.2910656,-2.238698,Minusing
20.15219,13,1,0,2,0.4423946,0.9069018,0.320305,319.9151,58.35844,335.1045,0.4812382,0.8502433,0.2356189,4.715689,0.2971424,-2.150618,Minusing
20.16122,13,1,0,2,0.4423606,0.9069988,0.3202278,319.8542,58.34765,335.1445,0.4835403,0.8513317,0.2352097,4.788028,0.3087618,-2.056609,Minusing
20.16971,13,1,0,2,0.4422873,0.9071529,0.3199807,319.7572,58.34973,335.1963,0.4883189,0.8534743,0.234424,4.936072,0.3256862,-1.858434,Minusing
20.17926,13,1,0,2,0.4423416,0.9073685,0.3198357,319.7149,58.39187,335.2478,0.490997,0.8543251,0.2346402,5.004623,0.2950546,-1.749572,Minusing
20.19421,13,1,0,2,0.442977,0.9073256,0.3195546,319.6986,58.55722,335.2194,0.4964039,0.8564141,0.234815,5.12225,0.2819696,-1.517728,Minusing
20.20279,13,1,0,2,0.4432178,0.9073408,0.3194537,319.7108,58.62707,335.1976,0.4992687,0.8574665,0.2351599,5.182491,0.2649575,-1.39117,Minusing
20.21146,13,1,0,2,0.4434972,0.9073032,0.3194637,319.7186,58.66452,335.1957,0.5023108,0.8584256,0.2356125,5.247319,0.2446954,-1.26376,Minusing
20.22534,13,1,0,2,0.4439931,0.9071579,0.3195471,319.794,58.66735,335.1931,0.5083835,0.8601118,0.2367136,5.376117,0.1966477,-1.012241,Minusing
20.23959,13,1,0,2,0.4438575,0.9073309,0.319661,319.746,58.59753,335.1866,0.511394,0.8609925,0.2375823,5.446676,0.1591071,-0.8849713,Minusing
20.25281,13,1,0,2,0.443704,0.9077628,0.319328,319.6077,58.63018,335.1364,0.5174168,0.8630491,0.2391222,5.572132,0.07488146,-0.611268,Minusing
20.26663,13,1,0,2,0.4436661,0.9082316,0.3189081,319.4503,58.73469,335.0496,0.5228908,0.8652336,0.2408131,5.667404,-0.00686649,-0.3473015,Minusing
20.2811,13,1,0,2,0.4440364,0.9083155,0.3185935,319.4277,58.87972,334.9916,0.528227,0.8677129,0.2427001,5.731278,-0.06905889,-0.06931898,Minusing
20.29419,13,1,0,2,0.4446276,0.9079993,0.3186819,319.5473,58.94098,334.9985,0.5309036,0.8691174,0.2437015,5.747128,-0.07462341,0.07500499,Minusing
20.30789,13,1,0,2,0.4452916,0.907699,0.318764,319.646,59.02172,334.9798,0.5367281,0.8719499,0.2460145,5.80361,-0.1156082,0.3836189,Minusing
20.32132,13,1,0,2,0.4457134,0.9076475,0.3185428,319.6451,59.12333,334.9072,0.5423633,0.8747951,0.2484663,5.851453,-0.1754877,0.6920164,Minusing
20.33582,13,1,0,2,0.445973,0.908126,0.3179585,319.5452,59.26339,334.7826,0.5477101,0.8776676,0.2509928,5.889246,-0.2633509,0.9870754,Minusing
20.34546,13,1,0,2,0.4459811,0.9082258,0.3177793,319.4928,59.32191,334.7507,0.5498177,0.8789897,0.2522508,5.896429,-0.2994647,1.118311,Minusing
20.35583,13,1,0,2,0.4462017,0.9080927,0.3176666,319.5089,59.34364,334.748,0.5518542,0.8802083,0.253476,5.894972,-0.3235455,1.243641,Minusing
20.3689,13,1,0,2,0.4465998,0.9078445,0.317662,319.5799,59.35697,334.7771,0.5559762,0.8824465,0.2559714,5.903514,-0.3747925,1.487098,Minusing
20.37946,13,1,0,2,0.4468165,0.9076205,0.3177314,319.6418,59.36285,334.8066,0.5573985,0.8833358,0.2569957,5.896383,-0.3869836,1.580196,Minusing
20.3941,13,1,0,2,0.4472517,0.9074417,0.3175036,319.6831,59.4555,334.7493,0.5604194,0.8849785,0.2588194,5.889372,-0.4275316,1.763426,Minusing
20.40341,13,1,0,2,0.4475222,0.9073664,0.3172717,319.689,59.53057,334.6867,0.5626109,0.8861697,0.2602479,5.881364,-0.4639618,1.898538,Minusing
20.4129,13,1,0,2,0.4474655,0.90756,0.317027,319.6456,59.54645,334.6467,0.5626132,0.8860832,0.2605585,5.871291,-0.489971,1.900823,Minusing
20.42764,13,1,0,2,0.4473876,0.907538,0.3169103,319.6039,59.54363,334.6352,0.5627537,0.8860185,0.2613197,5.853301,-0.5220463,1.920123,Minusing
20.43817,13,1,0,2,0.4472319,0.9074842,0.3170649,319.5984,59.47774,334.6945,0.5620783,0.8854038,0.2614788,5.846042,-0.5346043,1.881936,Minusing
20.49454,13,1,0,2,0.4468879,0.9070507,0.3172905,319.6006,59.34384,334.8204,0.557224,0.8811072,0.261184,5.77404,-0.5856243,1.603559,Minusing
20.50418,13,1,0,2,0.4471993,0.9068747,0.3174756,319.6427,59.37879,334.8688,0.548739,0.8736149,0.2580685,5.69304,-0.6072865,1.046897,Minusing
20.51917,13,1,0,2,0.4471282,0.9070799,0.3174375,319.5337,59.37227,334.9009,0.5443546,0.8694341,0.2565078,5.663987,-0.648051,0.7427827,Minusing
20.52917,13,1,0,2,0.4467357,0.9073118,0.3173401,319.407,59.35197,334.9291,0.5400608,0.8649201,0.2547058,5.659409,-0.6983058,0.4350952,Minusing
20.54431,13,1,0,2,0.4462767,0.9075364,0.3174507,319.3147,59.27916,334.9783,0.5374915,0.8618619,0.2535166,5.679354,-0.7358333,0.2342027,Minusing
20.55392,13,1,0,2,0.4459974,0.9075378,0.3176258,319.2841,59.20007,335.0214,0.5326282,0.8567445,0.2515129,5.670931,-0.7697603,-0.1137976,Minusing
20.56888,13,1,0,2,0.4460417,0.9073052,0.3179606,319.3771,59.14162,335.0414,0.5273945,0.8509819,0.2493261,5.655898,-0.7965613,-0.4943858,Minusing
20.5834,13,1,0,2,0.4463449,0.9070977,0.3180481,319.4929,59.1819,335.0052,0.5246505,0.8481188,0.2482171,5.632082,-0.8036986,-0.6845803,Minusing
20.59671,13,1,0,2,0.446456,0.907135,0.3179558,319.5076,59.23215,334.9489,0.5197778,0.8429282,0.2461899,5.605782,-0.8430292,-1.033097,Minusing
20.61224,13,1,0,2,0.4465523,0.9074401,0.3176084,319.4529,59.34452,334.8411,0.5145416,0.8381107,0.2439524,5.565917,-0.872447,-1.388419,Minusing
20.62634,13,1,0,2,0.4466161,0.9078152,0.3170422,319.3657,59.48522,334.7292,0.5091813,0.8339522,0.2414161,5.516997,-0.8780003,-1.73005,Minusing
20.64026,13,1,0,2,0.4468146,0.9078667,0.3168482,319.3797,59.55299,334.6781,0.5037838,0.8303343,0.2388712,5.460837,-0.8448412,-2.056257,Minusing
20.66742,13,1,0,2,0.4478213,0.906985,0.3172033,319.7112,59.58412,334.6324,0.4954478,0.826673,0.2350397,5.327918,-0.6837144,-2.491532,Minusing
20.68927,13,1,0,2,0.4487063,0.9067052,0.3166437,319.8357,59.8418,334.3716,0.4884683,0.8247185,0.2320732,5.178758,-0.5478221,-2.812497,Minusing
20.70444,13,1,0,2,0.4487575,0.906872,0.3163826,319.8247,59.90967,334.331,0.484684,0.8234299,0.2305772,5.114667,-0.5028614,-2.996953,Minusing
20.71832,13,1,0,2,0.4488795,0.9068133,0.3162355,319.8132,59.90792,334.3283,0.4821691,0.8223296,0.2297879,5.063251,-0.4798723,-3.12428,Minusing
20.73019,13,1,0,2,0.4489208,0.9066831,0.3162396,319.8214,59.91422,334.3273,0.4817319,0.8224346,0.2298702,5.041766,-0.4686934,-3.129949,Minusing
20.74353,13,1,0,2,0.4490586,0.906565,0.3161465,319.8611,59.95531,334.3051,0.480318,0.8223229,0.2295366,5.000234,-0.4413255,-3.178833,Minusing
20.75803,13,1,0,2,0.4491785,0.9064088,0.3160149,319.9101,60.02385,334.2737,0.4796377,0.822423,0.2299222,4.957736,-0.4407291,-3.180665,Minusing
20.76999,13,1,0,2,0.4492503,0.9063718,0.3160695,319.9612,60.01557,334.2758,0.4804855,0.8230851,0.2306431,4.952856,-0.4518516,-3.120818,Minusing
20.77896,13,1,0,2,0.4492109,0.9063842,0.3158864,319.9591,60.05175,334.2154,0.4807494,0.8236619,0.2313914,4.927096,-0.4630019,-3.075032,Minusing
20.79294,13,1,0,2,0.4490427,0.9065948,0.3157129,319.932,60.07802,334.1701,0.4825882,0.8248443,0.2324556,4.940638,-0.493412,-2.959109,Minusing
20.80246,13,1,0,2,0.4487927,0.9068208,0.3154967,319.9008,60.1322,334.0837,0.4849683,0.8263512,0.2336916,4.964337,-0.5264263,-2.808792,Minusing
20.81281,13,1,0,2,0.448627,0.906886,0.3152909,319.8784,60.17733,334.0311,0.4867152,0.8274838,0.2347467,4.973181,-0.5537697,-2.691287,Minusing
20.82312,13,1,0,2,0.4486945,0.9069902,0.3150474,319.8775,60.24144,333.9725,0.4891089,0.8287737,0.2360901,4.984709,-0.5944844,-2.549139,Minusing
20.86493,13,1,0,2,0.447912,0.9072988,0.3151651,319.9247,60.19327,333.8325,0.501361,0.8360304,0.2424765,5.113713,-0.730047,-1.811101,Minusing
20.88699,13,1,0,2,0.447254,0.9076965,0.3150512,319.7998,60.16592,333.8098,0.5099238,0.8413026,0.24572,5.236337,-0.7955664,-1.317614,Minusing
20.91025,13,1,0,2,0.4465498,0.9081062,0.3151164,319.6237,60.11864,333.8947,0.5186166,0.8478824,0.2481435,5.373817,-0.7992411,-0.801229,Minusing
20.93484,13,1,0,2,0.4463553,0.907942,0.3155178,319.5765,60.02168,334.0758,0.5270364,0.8552151,0.2495655,5.506191,-0.7159634,-0.2891715,Minusing
20.95712,13,1,0,2,0.4461845,0.9081435,0.3157209,319.4594,59.98454,334.2004,0.5349438,0.8621349,0.2510827,5.626234,-0.6593434,0.187056,Minusing
20.98077,13,1,0,2,0.446322,0.9084802,0.315354,319.3026,60.02715,334.2416,0.5424279,0.8683548,0.2520545,5.735813,-0.6200504,0.617911,Minusing
21.00293,13,1,0,2,0.4472272,0.9082402,0.3151505,319.3459,60.14268,334.2641,0.5474489,0.873463,0.2526357,5.761829,-0.5381784,0.9366207,Minusing
21.05194,13,1,0,2,0.4501395,0.9081789,0.3144543,319.5253,60.65806,333.9911,0.5497695,0.8778986,0.2525636,5.644094,-0.4097925,1.111165,Minusing
21.06137,13,1,0,2,0.4509257,0.9082228,0.3143253,319.5411,60.78569,333.9354,0.5493473,0.8780434,0.2523465,5.60363,-0.3900034,1.083589,Minusing
21.06973,13,1,0,2,0.4511973,0.9082948,0.314306,319.5327,60.82111,333.9281,0.5473657,0.8767318,0.2521999,5.555377,-0.4012587,0.9692172,Minusing
21.07834,13,1,0,2,0.451281,0.9084769,0.3143081,319.4965,60.85209,333.9165,0.5454605,0.8756315,0.2520071,5.516587,-0.4103455,0.8634524,Minusing
21.09326,13,1,0,2,0.4514275,0.908869,0.3139517,319.3558,60.95529,333.862,0.5414628,0.8728198,0.2514957,5.436631,-0.4542679,0.630162,Minusing
21.1022,13,1,0,2,0.4513626,0.9091866,0.3136274,319.2227,61.00028,333.8372,0.5386785,0.8709174,0.2510426,5.387202,-0.4852049,0.4694092,Minusing
21.11163,13,1,0,2,0.4513726,0.9093297,0.3135471,319.1559,61.019,333.8401,0.5351339,0.8683804,0.2503359,5.332735,-0.5030733,0.2609046,Minusing
21.12076,13,1,0,2,0.4514206,0.9092537,0.3136225,319.1478,61.01202,333.859,0.532144,0.8662083,0.2497281,5.287523,-0.5069924,0.08719215,Minusing
21.13528,13,1,0,2,0.4517595,0.908913,0.3139284,319.2266,60.96748,333.9113,0.5259013,0.8616256,0.2482451,5.194321,-0.4955504,-0.28231,Minusing
21.14435,13,1,0,2,0.4520041,0.9087145,0.3139322,319.2584,60.99311,333.9099,0.5224127,0.8593248,0.247332,5.133885,-0.4827494,-0.4784118,Minusing
21.15347,13,1,0,2,0.4524788,0.9084814,0.3138991,319.2941,61.06037,333.9113,0.5153109,0.85444,0.2455619,5.014067,-0.474261,-0.8868824,Minusing
21.16846,13,1,0,2,0.4527513,0.9085621,0.3136949,319.2455,61.17319,333.9338,0.5107455,0.8514328,0.2442007,4.941148,-0.475134,-1.151651,Minusing
21.17731,13,1,0,2,0.4530824,0.9085301,0.3135105,319.1911,61.25309,333.9938,0.5030879,0.8459374,0.2420474,4.828137,-0.4820594,-1.606155,Minusing
21.18646,13,1,0,2,0.4531092,0.9086201,0.3135008,319.1381,61.27359,334.0562,0.4988344,0.8430958,0.2410123,4.765975,-0.4870222,-1.851601,Minusing
21.19525,13,1,0,2,0.4530775,0.9087713,0.3133392,319.0576,61.30465,334.1026,0.4947244,0.8403797,0.2400833,4.701185,-0.498651,-2.084828,Minusing
21.21014,13,1,0,2,0.4530085,0.9090587,0.3130493,318.9435,61.37082,334.1402,0.4873786,0.8351029,0.2385876,4.588409,-0.5349538,-2.510341,Minusing
21.21887,13,1,0,2,0.4531232,0.9090706,0.3127644,318.922,61.40231,334.1476,0.4841153,0.8327662,0.2379255,4.527416,-0.5498648,-2.696049,Minusing
21.22888,13,1,0,2,0.4532304,0.9091612,0.3125075,318.9046,61.4682,334.1207,0.4811288,0.8304369,0.2373308,4.476986,-0.5709898,-2.872513,Minusing
21.24274,13,1,0,2,0.4533682,0.909645,0.3117087,318.8269,61.69463,333.9725,0.4758805,0.8261915,0.236441,4.385677,-0.6330178,-3.184319,Minusing
21.25662,13,1,0,2,0.4534443,0.9102264,0.310736,318.7165,61.98852,333.7752,0.4729169,0.822847,0.2361878,4.335441,-0.7251306,-3.382227,Minusing
21.26862,13,1,0,2,0.4535215,0.9106019,0.3099424,318.6591,62.20831,333.5948,0.4719882,0.8218798,0.236172,4.307742,-0.7677447,-3.435582,Minusing
21.27795,13,1,0,2,0.4536177,0.9108129,0.3094275,318.6242,62.35334,333.4907,0.4708911,0.8207552,0.2359233,4.287306,-0.7955281,-3.505864,Minusing
21.28726,13,1,0,2,0.4538825,0.9112489,0.3083503,318.6146,62.67413,333.2326,0.468904,0.8190748,0.2357934,4.232957,-0.8486686,-3.614209,Minusing
21.30548,13,1,0,2,0.4543844,0.9111131,0.3075502,318.7739,62.96499,332.8599,0.4686207,0.8191364,0.23587,4.196671,-0.8480144,-3.598391,MinusEnd
21.31897,13,1,0,2,0.4550149,0.910925,0.3064182,318.9745,63.33313,332.3698,0.469556,0.8202561,0.2360819,4.167511,-0.8390832,-3.500468,Nothing
21.32727,13,1,0,2,0.4553098,0.9109262,0.3057446,319.0502,63.55891,332.0892,0.4708595,0.8218307,0.2361674,4.162729,-0.8180336,-3.393371,Nothing
21.3364,13,1,0,2,0.4556291,0.9109756,0.3049219,319.114,63.83136,331.7595,0.4726388,0.823379,0.2365494,4.160671,-0.8175058,-3.265543,Nothing
21.34357,13,1,0,2,0.4559349,0.9112606,0.3036157,319.1385,64.26877,331.2672,0.4746791,0.8253044,0.236885,4.156116,-0.8217276,-3.112431,Nothing
21.35339,13,1,0,2,0.4565169,0.9117448,0.3016969,319.1155,64.93439,330.5666,0.4775885,0.8274643,0.2377205,4.140975,-0.8597818,-2.914854,Nothing
21.36002,13,1,0,2,0.4570982,0.9122274,0.3001325,319.132,65.47916,329.999,0.4800402,0.8292823,0.2383444,4.129165,-0.8925524,-2.755584,Nothing
21.36972,13,1,0,2,0.4576318,0.9125884,0.2986316,319.1607,66.02094,329.4082,0.4823757,0.8311961,0.2387484,4.119004,-0.9079104,-2.59624,Nothing
21.37909,13,1,0,2,0.4580615,0.9129608,0.2973418,319.2133,66.49674,328.8465,0.4859586,0.8334455,0.2398192,4.127789,-0.9500069,-2.377665,Nothing
21.38562,13,1,0,2,0.4584131,0.9135066,0.295945,319.2287,66.96424,328.2592,0.4892171,0.8356693,0.2410061,4.123459,-0.9996347,-2.173013,Nothing
21.39337,13,1,0,2,0.4585813,0.9142351,0.2946048,319.1887,67.39748,327.6565,0.492904,0.8378852,0.2420245,4.14596,-1.053686,-1.962078,Nothing
21.40225,13,1,0,2,0.4586452,0.9149575,0.2930212,319.0679,67.86231,327.0174,0.4963499,0.8402041,0.2428874,4.157883,-1.10308,-1.75499,Nothing
21.41037,13,1,0,2,0.458408,0.9163782,0.2911496,318.8135,68.4148,326.2999,0.5001634,0.8428574,0.2436912,4.189582,-1.177335,-1.539343,Nothing
21.41983,13,1,0,2,0.4584726,0.9174228,0.2893782,318.665,68.97078,325.6234,0.5039974,0.8455209,0.2441604,4.217936,-1.229359,-1.321889,Nothing
21.42883,13,1,0,2,0.458429,0.9187772,0.2870693,318.4438,69.66299,324.8349,0.5081475,0.8485588,0.2445493,4.244122,-1.300128,-1.083197,Nothing
21.43784,13,1,0,2,0.4587871,0.9210854,0.2830792,318.1278,70.99834,323.3256,0.5156606,0.8541692,0.2454614,4.270225,-1.423087,-0.6542685,Nothing
21.45294,13,1,0,2,0.4594962,0.9234627,0.2792011,317.9009,72.34759,321.8171,0.5236737,0.8599988,0.2458578,4.310304,-1.534963,-0.2224621,Nothing
21.46075,13,1,0,2,0.4599073,0.9247464,0.2770112,317.7298,73.10617,320.9572,0.5274535,0.8628843,0.2461331,4.31376,-1.602272,-0.02019474,Nothing
21.46881,13,1,0,2,0.4601265,0.9262482,0.2744883,317.519,73.94234,320.0469,0.5314476,0.8657344,0.2461067,4.332776,-1.68756,0.1851898,Nothing
21.47714,13,1,0,2,0.4602348,0.927734,0.2722771,317.3549,74.67628,319.2625,0.5353966,0.8687033,0.2459896,4.359672,-1.763243,0.3913513,Nothing
21.48541,13,1,0,2,0.4604782,0.9291377,0.2697527,317.1891,75.51319,318.3282,0.5384333,0.871128,0.244969,4.384053,-1.810788,0.5426956,Nothing
21.49429,13,1,0,2,0.4608366,0.9304458,0.2672265,317.0772,76.35118,317.3612,0.5422805,0.8738651,0.2447177,4.396767,-1.886895,0.7395182,Nothing
21.50363,13,1,0,2,0.4612973,0.9316701,0.2644804,316.9923,77.23074,316.2958,0.5460174,0.8762822,0.2442618,4.409038,-1.964173,0.9223042,Nothing
21.51047,13,1,0,2,0.4620844,0.9327535,0.2618248,317.0414,78.07249,315.1178,0.5498133,0.8788462,0.2440274,4.40531,-2.025372,1.113553,Nothing
21.51984,13,1,0,2,0.4626423,0.9340317,0.2591058,317.0517,78.88336,314.0812,0.5537694,0.8813611,0.243756,4.413877,-2.111897,1.304372,Nothing
21.52798,13,1,0,2,0.4638091,0.9346923,0.2567462,317.2877,79.60187,312.9462,0.5575982,0.8838379,0.2434338,4.399815,-2.142595,1.500655,Nothing
21.53622,13,1,0,2,0.4649191,0.9352411,0.2543784,317.5016,80.32824,311.8643,0.5613296,0.8863759,0.2430334,4.378151,-2.172976,1.697512,Nothing
21.54379,13,1,0,2,0.4661676,0.9356737,0.2523055,317.7948,80.95237,310.8782,0.5650176,0.8889084,0.242581,4.354219,-2.185372,1.893031,Nothing
21.55243,13,1,0,2,0.4684795,0.9365439,0.2477366,318.3399,82.3187,308.8574,0.5723085,0.8939703,0.2414199,4.295566,-2.229621,2.282579,Nothing
21.55975,13,1,0,2,0.4697253,0.9370447,0.2450471,318.6274,83.09163,307.795,0.5757613,0.8962455,0.2403836,4.262556,-2.258446,2.456949,Nothing
21.56958,13,1,0,2,0.4708958,0.9375022,0.2422365,318.8864,83.92182,306.7152,0.5788465,0.8988253,0.2394742,4.202006,-2.291823,2.628995,Nothing
21.5773,13,1,0,2,0.472208,0.937803,0.239297,319.1643,84.80541,305.5779,0.5816047,0.901443,0.2384405,4.119704,-2.317306,2.789574,Nothing
21.58578,13,1,0,2,0.4732577,0.9381882,0.2367495,319.4082,85.54647,304.6104,0.5837945,0.9038635,0.2375241,4.043717,-2.338834,2.922968,Nothing
21.59357,13,1,0,2,0.4744598,0.9383445,0.2344119,319.6773,86.16686,303.7315,0.5864185,0.9062536,0.2366409,3.973646,-2.352103,3.07149,Nothing
21.60239,13,1,0,2,0.475476,0.9384644,0.2324508,319.9381,86.72246,302.8832,0.5886137,0.9087181,0.2358781,3.900513,-2.34901,3.211346,Nothing
21.61127,13,1,0,2,0.4762965,0.9387153,0.2305792,320.1459,87.23518,302.1392,0.5901683,0.9108068,0.2351199,3.831923,-2.353588,3.313486,Nothing
21.61859,13,1,0,2,0.4771497,0.9387715,0.2288162,320.3497,87.71243,301.4802,0.5925134,0.9128439,0.2344731,3.776774,-2.371094,3.446065,Nothing
21.62708,13,1,0,2,0.4779046,0.9388229,0.2275552,320.5566,88.06092,300.9644,0.5938286,0.9148471,0.2335949,3.714257,-2.345973,3.541927,Nothing
21.63504,13,1,0,2,0.478659,0.9387605,0.2266445,320.7722,88.30102,300.5514,0.5952286,0.9171194,0.2321288,3.663602,-2.274442,3.651542,Nothing
21.64368,13,1,0,2,0.4792351,0.938565,0.2259038,320.9566,88.49658,300.2142,0.5965004,0.9192161,0.2311027,3.608864,-2.218431,3.759306,Nothing
21.65613,13,1,0,2,0.4798972,0.9385263,0.224833,321.1203,88.78868,299.8072,0.5976371,0.9213383,0.2300427,3.54352,-2.179198,3.853099,Nothing
21.66086,13,1,0,2,0.4803784,0.9384723,0.22387,321.2593,89.08427,299.4503,0.598404,0.9234808,0.2288162,3.476798,-2.130354,3.938486,Nothing
21.66858,13,1,0,2,0.4808186,0.938454,0.2229423,321.3628,89.36802,299.1267,0.599236,0.9256243,0.2276731,3.41355,-2.088671,4.023963,Nothing
21.67767,13,1,0,2,0.4816776,0.938391,0.2211832,321.5706,89.92769,298.4705,0.6009281,0.929688,0.2250777,3.302471,-1.99366,4.190129,Nothing
21.68533,13,1,0,2,0.481632,0.9385599,0.2208452,321.497,90.08429,298.3879,0.6011885,0.9318528,0.2237869,3.266571,-1.934048,4.255388,Nothing
21.69391,13,1,0,2,0.4818826,0.9386794,0.2202097,321.4887,90.27477,298.2312,0.601608,0.9339961,0.2225379,3.21501,-1.882961,4.32082,Nothing
21.70242,13,1,0,2,0.4817309,0.9389094,0.2198332,321.3859,90.43269,298.1453,0.6020275,0.9360876,0.2212714,3.190995,-1.83378,4.390627,Nothing
21.71033,13,1,0,2,0.4813988,0.9392241,0.2197735,321.2025,90.5056,298.1845,0.6024721,0.9382391,0.2200941,3.184177,-1.781258,4.462692,Nothing
21.71863,13,1,0,2,0.4812843,0.9393176,0.2199843,321.1181,90.50916,298.2349,0.6028901,0.9403317,0.2188814,3.169262,-1.700628,4.53725,Nothing
21.72733,13,1,0,2,0.4811392,0.9393594,0.2203965,321.0332,90.40923,298.3575,0.603324,0.9424332,0.2176172,3.162606,-1.60384,4.61545,Nothing
21.73547,13,1,0,2,0.4811012,0.9394445,0.2206732,320.9677,90.34401,298.4396,0.6037533,0.9445462,0.2163007,3.150723,-1.509544,4.689741,Nothing
21.74362,13,1,0,2,0.480965,0.9394304,0.2213505,320.9065,90.12579,298.6768,0.6043333,0.9467821,0.214952,3.151413,-1.391175,4.779653,Nothing
21.75256,13,1,0,2,0.4809419,0.9392933,0.2221729,320.8606,89.88059,298.9302,0.6046299,0.9488523,0.2136935,3.144921,-1.262986,4.853861,Nothing
21.76004,13,1,0,2,0.4807447,0.9393313,0.2224304,320.7982,89.77847,299.0833,0.6048946,0.9508367,0.2127389,3.128197,-1.185825,4.92505,Nothing
21.76904,13,1,0,2,0.4806731,0.9393222,0.2224801,320.7365,89.77105,299.1416,0.6049604,0.952764,0.211695,3.098482,-1.112598,4.984689,Nothing
21.77792,13,1,0,2,0.4804732,0.9395162,0.2224622,320.6689,89.8215,299.1754,0.6053095,0.9546498,0.2106882,3.083659,-1.05847,5.052368,Nothing
21.78531,13,1,0,2,0.4804338,0.9395287,0.222255,320.6196,89.90856,299.1841,0.6050465,0.9563004,0.2099895,3.036227,-1.016093,5.091504,Nothing
21.79309,13,1,0,2,0.4806443,0.9394072,0.2221738,320.602,89.92619,299.2458,0.604889,0.9580891,0.209149,2.982305,-0.9504744,5.134823,Nothing
21.80197,13,1,0,2,0.4808736,0.939399,0.2224162,320.6272,89.86026,299.3524,0.6045661,0.9595706,0.2086049,2.93745,-0.8810957,5.160208,Nothing
21.81058,13,1,0,2,0.4812561,0.939084,0.2227565,320.7036,89.75034,299.4847,0.603901,0.9625488,0.207607,2.832243,-0.7436363,5.22367,Nothing
21.81891,13,1,0,2,0.4815328,0.9388632,0.2230909,320.7907,89.60747,299.5485,0.6034826,0.9638726,0.2071486,2.781237,-0.6584936,5.247158,Nothing
21.82761,13,1,0,2,0.4818487,0.9386523,0.223188,320.9069,89.51736,299.4893,0.6030361,0.9650984,0.2070279,2.715219,-0.5958638,5.266625,Nothing
21.83566,13,1,0,2,0.4820364,0.9385392,0.223117,320.9654,89.50185,299.4257,0.6026474,0.9661628,0.2071418,2.654461,-0.5667943,5.283215,Nothing
21.84412,13,1,0,2,0.4821908,0.9385617,0.2230192,321.0277,89.48563,299.3797,0.6023583,0.9672806,0.2071165,2.601907,-0.5371338,5.302254,Nothing
21.85257,13,1,0,2,0.4823505,0.9384689,0.2230369,321.0885,89.45919,299.3647,0.602151,0.9682757,0.2070767,2.554796,-0.5038896,5.323564,Nothing
21.86063,13,1,0,2,0.4824796,0.938379,0.223117,321.159,89.39864,299.3725,0.6019458,0.9693214,0.207103,2.507259,-0.4678631,5.347422,Nothing
21.8696,13,1,0,2,0.4826554,0.9382828,0.2231968,321.2288,89.35233,299.373,0.6015717,0.9701815,0.2071419,2.459049,-0.4335912,5.35792,Nothing
21.87711,13,1,0,2,0.4828168,0.9381368,0.2232213,321.2886,89.31724,299.3661,0.6012033,0.9708924,0.207233,2.412472,-0.4070685,5.365839,Nothing
21.88531,13,1,0,2,0.4829379,0.9380772,0.223159,321.3412,89.32049,299.3341,0.6004353,0.9715452,0.2073193,2.358462,-0.3843014,5.356191,Nothing
21.89398,13,1,0,2,0.4830546,0.9380097,0.2232268,321.3983,89.32661,299.3159,0.5993297,0.9721825,0.2074439,2.297527,-0.3538349,5.333982,Nothing
21.90219,13,1,0,2,0.4832081,0.9379123,0.2232417,321.4632,89.31557,299.3029,0.5980995,0.9727219,0.2075753,2.233247,-0.3232264,5.303737,Nothing
21.91058,13,1,0,2,0.483362,0.9377913,0.2233059,321.538,89.28471,299.2878,0.5967391,0.9732535,0.2077478,2.16524,-0.2880231,5.269065,Nothing
21.91934,13,1,0,2,0.4835391,0.9376279,0.2233618,321.608,89.23674,299.2662,0.5952553,0.9738919,0.2079588,2.088561,-0.2486753,5.232819,Nothing
21.92783,13,1,0,2,0.4836556,0.9374776,0.223562,321.6878,89.14017,299.2392,0.5938843,0.9743115,0.2081119,2.029623,-0.2030311,5.195693,Nothing
21.93552,13,1,0,2,0.4839379,0.9371544,0.2240027,321.8497,88.961,299.2169,0.591431,0.9753729,0.208467,1.908837,-0.1139223,5.137187,Nothing
21.94373,13,1,0,2,0.4840927,0.9369289,0.2244788,321.9514,88.77341,299.2469,0.5902238,0.9755901,0.2082349,1.873557,-0.03901534,5.09944,Nothing
21.95221,13,1,0,2,0.484277,0.9366575,0.2249851,322.0576,88.57989,299.2961,0.5893305,0.9757766,0.2084192,1.836168,0.01594496,5.072783,Nothing
21.96033,13,1,0,2,0.4842571,0.9364377,0.2253437,322.1388,88.39046,299.3459,0.5882115,0.9758639,0.2085792,1.802072,0.06156465,5.040104,Nothing
21.96893,13,1,0,2,0.4842807,0.9362828,0.2258253,322.2015,88.21062,299.3985,0.5869471,0.975863,0.2087395,1.771866,0.1100543,4.995132,Nothing
21.97687,13,1,0,2,0.4843111,0.9361306,0.2262827,322.2512,88.06811,299.43,0.5859618,0.9756836,0.2087885,1.75632,0.152201,4.954985,Nothing
21.98648,13,1,0,2,0.4841627,0.9361292,0.2266379,322.2514,87.94161,299.4758,0.584428,0.9753355,0.2089327,1.740281,0.1809255,4.890734,Nothing
21.99377,13,1,0,2,0.4840727,0.9360868,0.2269707,322.2842,87.8249,299.5005,0.5830756,0.9751619,0.2090564,1.717467,0.2130298,4.838277,Nothing
22.00229,13,1,0,2,0.483889,0.9360721,0.2272986,322.2785,87.70844,299.541,0.5818269,0.974506,0.2091926,1.718948,0.2301407,4.777435,Nothing
22.01083,13,1,0,2,0.4837043,0.9360894,0.227632,322.2695,87.59819,299.5899,0.5806623,0.9739763,0.2093875,1.718363,0.2446762,4.722598,Nothing
22.01886,13,1,0,2,0.483667,0.9361288,0.2280833,322.2514,87.45449,299.6744,0.5797212,0.9732429,0.2094916,1.733518,0.2637228,4.662959,Nothing
22.02817,13,1,0,2,0.4834564,0.9361306,0.2286168,322.2418,87.2765,299.7563,0.5790177,0.9725198,0.2096603,1.758599,0.282017,4.619717,Nothing
22.0351,13,1,0,2,0.4832402,0.9360903,0.2293485,322.2299,87.04792,299.8557,0.5780032,0.9716902,0.2100515,1.7787,0.3048111,4.562205,Nothing
22.04385,13,1,0,2,0.4829556,0.9361033,0.2300114,322.2078,86.81578,299.9516,0.577413,0.970717,0.2102157,1.822421,0.3241985,4.516657,MinusStart
22.04395,13,1,0,2,0.4829556,0.9361033,0.2300114,322.2078,86.81578,299.9516,0.577413,0.970717,0.2102157,1.822421,0.3241985,4.516657,Minusing
22.05673,13,1,0,2,0.4822409,0.9361932,0.2310408,322.1352,86.4359,300.1242,0.5758998,0.9686516,0.2105426,1.903237,0.3422249,4.413976,Minusing
22.06943,13,1,0,2,0.4815664,0.9363778,0.231642,322.0074,86.21915,300.2783,0.5740979,0.9660527,0.2106912,1.988499,0.3278736,4.282018,Minusing
22.08737,13,1,0,2,0.4808493,0.9366791,0.2318585,321.8477,86.16913,300.4159,0.5723813,0.9629879,0.2103976,2.094067,0.2903768,4.139183,Minusing
22.10062,13,1,0,2,0.4802057,0.9369351,0.2322986,321.727,86.05999,300.5363,0.5710548,0.9599898,0.2098322,2.213808,0.2780146,4.009708,Minusing
22.1131,13,1,0,2,0.4798597,0.9370782,0.2326563,321.6634,85.96204,300.5698,0.5705837,0.9581969,0.2093012,2.29897,0.2834607,3.941745,Minusing
22.12692,13,1,0,2,0.4792043,0.9371884,0.2335676,321.6099,85.59596,300.6953,0.5688606,0.9546638,0.2085845,2.435786,0.3142965,3.780775,Minusing
22.15854,13,1,0,2,0.4782521,0.9370499,0.2352222,321.6327,84.92758,300.9097,0.5638842,0.9472103,0.2067493,2.652134,0.4059893,3.390176,Minusing
22.19919,13,1,0,2,0.4777515,0.9372932,0.2355638,321.5367,84.85222,300.9455,0.5573629,0.9381728,0.2042959,2.851694,0.4154081,2.877227,Minusing
22.21222,13,1,0,2,0.4774635,0.9374216,0.2358421,321.4839,84.7574,300.9777,0.5548778,0.9345029,0.2036818,2.936167,0.4084588,2.675658,Minusing
22.22614,13,1,0,2,0.4773901,0.9374636,0.2360876,321.4605,84.65818,300.9982,0.5523288,0.9310654,0.2032675,2.99596,0.4023927,2.474905,Minusing
22.23627,13,1,0,2,0.4773551,0.9373555,0.2363335,321.4865,84.55696,301.0309,0.5510874,0.9297112,0.2033187,3.007287,0.4054375,2.391,Minusing
22.24634,13,1,0,2,0.477354,0.9373,0.2365962,321.5033,84.45492,301.072,0.5498843,0.9283289,0.2031005,3.027953,0.4181039,2.303411,Minusing
22.26056,13,1,0,2,0.4771702,0.9372376,0.2370721,321.5055,84.29906,301.1186,0.5477767,0.9258813,0.2025888,3.074549,0.4421584,2.153739,Minusing
22.26938,13,1,0,2,0.4771162,0.9372611,0.2371749,321.4962,84.24723,301.1349,0.5468419,0.9249092,0.2023988,3.089283,0.4471123,2.088704,Minusing
22.2775,13,1,0,2,0.4771809,0.937377,0.2370176,321.4828,84.23747,301.1527,0.5458496,0.9239326,0.2021116,3.09832,0.4426885,2.015823,Minusing
22.28598,13,1,0,2,0.4771812,0.9374483,0.2369308,321.4619,84.26128,301.1713,0.5450969,0.9232939,0.2020595,3.099856,0.4332272,1.966749,Minusing
22.29471,13,1,0,2,0.4772647,0.9375395,0.2369501,321.4393,84.24516,301.2141,0.5434037,0.9214888,0.2017192,3.120016,0.4298929,1.841932,Minusing
22.30322,13,1,0,2,0.4772913,0.937577,0.2369134,321.4298,84.25184,301.2292,0.5426946,0.921192,0.2018306,3.107317,0.4241269,1.805093,Minusing
22.31323,13,1,0,2,0.4774061,0.9374793,0.2367979,321.4288,84.27403,301.2172,0.5420491,0.9207258,0.2019224,3.093162,0.416269,1.767315,Minusing
22.32639,13,1,0,2,0.4775137,0.9374728,0.2368487,321.4346,84.22212,301.2286,0.5407071,0.9203445,0.202238,3.059405,0.4164506,1.702359,Minusing
22.33487,13,1,0,2,0.477579,0.9374971,0.2368591,321.4417,84.19219,301.2637,0.5403193,0.9203436,0.2024069,3.044451,0.4141998,1.684926,Minusing
22.34311,13,1,0,2,0.4776812,0.937415,0.2370513,321.4767,84.1201,301.3022,0.5400209,0.9205784,0.202654,3.021978,0.4247847,1.679246,Minusing
22.35144,13,1,0,2,0.4777259,0.9373205,0.2371797,321.4906,84.08184,301.324,0.5399109,0.9208614,0.2029048,3.003072,0.42974,1.684729,Minusing
22.36005,13,1,0,2,0.4778509,0.9372364,0.2372717,321.5237,84.05574,301.3494,0.5399297,0.9213959,0.2033295,2.972666,0.4294715,1.701069,Minusing
22.37,13,1,0,2,0.4779939,0.9371737,0.2372229,321.5541,84.07801,301.346,0.5401003,0.9220821,0.2038634,2.935783,0.418687,1.728318,Minusing
22.37894,13,1,0,2,0.4780119,0.937189,0.2370653,321.5689,84.14471,301.3325,0.5406095,0.9228622,0.2044511,2.907581,0.3941728,1.774314,Minusing
22.39389,13,1,0,2,0.4781731,0.9372387,0.2369283,321.5644,84.21419,301.3082,0.5419055,0.925272,0.2060245,2.825396,0.3528559,1.894271,Minusing
22.40665,13,1,0,2,0.478088,0.9373556,0.2369524,321.5213,84.20384,301.3033,0.5435272,0.9277448,0.2076835,2.762849,0.3106939,2.031571,Minusing
22.4187,13,1,0,2,0.4779218,0.9373597,0.236959,321.4805,84.17878,301.3187,0.5449302,0.9294304,0.208654,2.733164,0.2850093,2.141063,Minusing
22.43134,13,1,0,2,0.4778338,0.937526,0.2368909,321.4313,84.17332,301.3551,0.5474226,0.9325885,0.2105674,2.667704,0.2283143,2.330908,Minusing
22.44427,13,1,0,2,0.4778001,0.9375013,0.2370616,321.4131,84.1208,301.4386,0.5504646,0.9360194,0.2126472,2.602813,0.1793065,2.552836,Minusing
22.45868,13,1,0,2,0.4777936,0.9375565,0.2370273,321.3918,84.12513,301.4489,0.5524226,0.9379772,0.2137968,2.571544,0.1431906,2.685855,Minusing
22.47137,13,1,0,2,0.4778189,0.9373484,0.2372286,321.3873,84.05744,301.5031,0.5559629,0.9415905,0.2159659,2.505925,0.09682467,2.935509,Minusing
22.48557,13,1,0,2,0.4778386,0.9373061,0.2372046,321.3842,84.06232,301.525,0.5597568,0.9454696,0.2182404,2.435563,0.03281109,3.200492,Minusing
22.49796,13,1,0,2,0.4779052,0.9373101,0.2371101,321.3799,84.1339,301.5414,0.5635173,0.9490677,0.2203797,2.373136,-0.03814665,3.453573,Minusing
22.51047,13,1,0,2,0.4779502,0.9372894,0.2371147,321.3932,84.13556,301.5504,0.5652747,0.950914,0.221258,2.341308,-0.05789801,3.576233,Minusing
22.52332,13,1,0,2,0.4780118,0.9372891,0.2372735,321.4022,84.05505,301.5905,0.568711,0.9542755,0.2226208,2.303259,-0.0768651,3.804637,Minusing
22.53583,13,1,0,2,0.4779263,0.9373248,0.2374346,321.3972,83.96423,301.6234,0.5700939,0.9558422,0.2231304,2.290607,-0.07331178,3.904213,Minusing
22.5444,13,1,0,2,0.4778529,0.9373596,0.2375051,321.3851,83.92873,301.6195,0.571743,0.9574517,0.2238905,2.275064,-0.08861382,4.016452,Minusing
22.55896,13,1,0,2,0.4778274,0.9374105,0.237418,321.3641,83.92141,301.6205,0.5751711,0.9604273,0.2254556,2.24339,-0.1399018,4.236778,Minusing
22.56879,13,1,0,2,0.4778156,0.9374508,0.2373466,321.3518,83.95887,301.6245,0.5780953,0.9632137,0.2268968,2.204131,-0.1862036,4.433021,Minusing
22.57736,13,1,0,2,0.477614,0.9375429,0.237362,321.3542,83.99084,301.6274,0.5792898,0.9645882,0.227538,2.187206,-0.2056033,4.525724,Minusing
22.58582,13,1,0,2,0.4776556,0.9375248,0.2374397,321.3619,83.99628,301.6666,0.5801837,0.9655508,0.2281525,2.167066,-0.2201709,4.588826,Minusing
22.61221,13,1,0,2,0.4778422,0.9373568,0.2377513,321.393,83.95528,301.6958,0.5822067,0.9685507,0.2297392,2.088674,-0.2290243,4.756397,Minusing
22.64929,13,1,0,2,0.4778517,0.9372685,0.2381267,321.3958,83.77516,301.7524,0.5839973,0.9708554,0.2308674,2.052013,-0.2215122,4.894241,Minusing
22.66544,13,1,0,2,0.4779186,0.9374926,0.2377718,321.3192,83.87887,301.7472,0.5840015,0.9706147,0.2307346,2.061712,-0.2506657,4.877739,Minusing
22.67804,13,1,0,2,0.4779254,0.9375003,0.2376624,321.2945,83.93562,301.7449,0.5839505,0.9703133,0.2308239,2.065105,-0.2698866,4.867039,Minusing
22.68661,13,1,0,2,0.4779704,0.9375027,0.2375709,321.277,83.97691,301.7554,0.5829036,0.9694473,0.2306606,2.06341,-0.2758918,4.80047,Minusing
22.69669,13,1,0,2,0.4779878,0.93743,0.2375809,321.2872,83.96175,301.7631,0.5819464,0.9686399,0.2304292,2.064685,-0.267744,4.741807,Minusing
22.71011,13,1,0,2,0.4781497,0.9372683,0.2377229,321.3446,83.89576,301.7744,0.5793987,0.9665249,0.2298216,2.066107,-0.2368393,4.581713,Minusing
22.71799,13,1,0,2,0.4782758,0.9371786,0.2379714,321.3846,83.798,301.7846,0.5782654,0.9655125,0.2295043,2.073512,-0.2084019,4.505571,Minusing
22.73068,13,1,0,2,0.4783446,0.9370862,0.2381534,321.4209,83.70499,301.7989,0.5764664,0.9638753,0.2289549,2.087348,-0.1793245,4.387649,Minusing
22.74304,13,1,0,2,0.4784135,0.9370701,0.2382835,321.4273,83.66486,301.8252,0.5731128,0.9607469,0.2280376,2.114567,-0.1562705,4.164038,Minusing
22.7561,13,1,0,2,0.478534,0.9370254,0.2382632,321.4204,83.68707,301.8491,0.5695543,0.9573948,0.2270101,2.138765,-0.1408074,3.925699,Minusing
22.76886,13,1,0,2,0.4785309,0.9370967,0.2381185,321.3712,83.77982,301.8757,0.5673401,0.9553951,0.2264744,2.151401,-0.1494417,3.780468,Minusing
22.78308,13,1,0,2,0.4785411,0.937108,0.2382638,321.3306,83.76569,301.9573,0.5632999,0.9515816,0.2252231,2.192941,-0.1241273,3.509842,Minusing
22.7952,13,1,0,2,0.4785881,0.9370711,0.2384855,321.293,83.71317,302.0406,0.559335,0.9478658,0.223844,2.236006,-0.08542533,3.243629,Minusing
22.80969,13,1,0,2,0.4785388,0.9369991,0.2386773,321.2678,83.66197,302.0984,0.5572092,0.9458281,0.2231138,2.262955,-0.06207295,3.103019,Minusing
22.82193,13,1,0,2,0.4785018,0.9369494,0.2388861,321.2294,83.59521,302.192,0.5529457,0.9421213,0.2215001,2.303917,-0.01124805,2.828191,Minusing
22.83585,13,1,0,2,0.4784828,0.9370352,0.2389209,321.1801,83.56367,302.2542,0.5488598,0.9387081,0.2199191,2.339011,0.03105315,2.564939,Minusing
22.85001,13,1,0,2,0.4784255,0.9370283,0.2389021,321.1337,83.53402,302.311,0.5453705,0.9354883,0.2183954,2.379832,0.06737144,2.334156,Minusing
22.86002,13,1,0,2,0.4783164,0.9371303,0.238794,321.0898,83.55676,302.3312,0.5438992,0.9341278,0.21778,2.400084,0.07208874,2.237071,Minusing
22.86844,13,1,0,2,0.4781926,0.9373418,0.2388085,321.0442,83.54658,302.3725,0.542468,0.9326606,0.2172302,2.430388,0.07513349,2.134604,Minusing
22.87668,13,1,0,2,0.4780104,0.9374912,0.2387384,320.9824,83.55729,302.403,0.5410848,0.9313663,0.2167054,2.453898,0.07617474,2.043328,Minusing
22.88617,13,1,0,2,0.4778878,0.9375734,0.2387215,320.9331,83.56258,302.4391,0.5398174,0.9301068,0.2163299,2.473206,0.07493157,1.957886,Minusing
22.89496,13,1,0,2,0.4777075,0.9376947,0.2387151,320.8921,83.55138,302.4702,0.5386704,0.9291193,0.2160369,2.488488,0.07448588,1.886241,Minusing
22.90295,13,1,0,2,0.4775769,0.9377751,0.2387058,320.851,83.54478,302.4931,0.5376672,0.9281831,0.2157966,2.502121,0.07261868,1.821104,Minusing
22.9118,13,1,0,2,0.4772691,0.9379145,0.2387489,320.7918,83.49246,302.5352,0.5353725,0.9261604,0.2151298,2.531815,0.08193019,1.677112,Minusing
22.92731,13,1,0,2,0.4770538,0.9378859,0.2388247,320.8023,83.42542,302.4953,0.53612,0.9262649,0.2157206,2.543613,0.05712616,1.717667,Minusing
22.93579,13,1,0,2,0.4767329,0.9380265,0.238798,320.7495,83.38749,302.4839,0.5354488,0.9253365,0.2161321,2.558913,0.02313131,1.671823,Minusing
22.94467,13,1,0,2,0.4765821,0.9381447,0.2386305,320.7292,83.41074,302.4747,0.535674,0.9254062,0.2166524,2.555781,-0.01186534,1.686707,Minusing
22.9527,13,1,0,2,0.4764102,0.9380908,0.238475,320.7107,83.45131,302.4754,0.5361352,0.9257156,0.2171236,2.548186,-0.04037229,1.723523,Minusing
22.96167,13,1,0,2,0.4763047,0.9381171,0.2383865,320.6943,83.48797,302.5003,0.5372556,0.926531,0.2179895,2.536629,-0.08185632,1.796216,Minusing
22.97617,13,1,0,2,0.4763518,0.938214,0.2385573,320.7095,83.4548,302.559,0.5390346,0.9278862,0.219453,2.517144,-0.1315579,1.90298,Minusing
22.98502,13,1,0,2,0.4763118,0.93814,0.2387124,320.7131,83.40609,302.5816,0.5403605,0.9289544,0.2203921,2.503079,-0.155853,1.99004,Minusing
22.99286,13,1,0,2,0.4762622,0.9382075,0.238756,320.7104,83.36794,302.5609,0.5417849,0.930249,0.2213439,2.486836,-0.1835699,2.084121,Minusing
23.00223,13,1,0,2,0.4761396,0.9382581,0.2387207,320.6954,83.35375,302.532,0.5435984,0.931804,0.2224998,2.468752,-0.2239959,2.204612,Minusing
23.01062,13,1,0,2,0.4760093,0.9383862,0.2387196,320.678,83.34438,302.4998,0.5450609,0.9329621,0.223493,2.460265,-0.2618504,2.297385,Minusing
23.01947,13,1,0,2,0.4759277,0.9384364,0.2387366,320.6646,83.32123,302.5038,0.5470969,0.9346213,0.2247131,2.444006,-0.3037084,2.427673,Minusing
23.03351,13,1,0,2,0.4757907,0.938448,0.2387161,320.6417,83.27488,302.5216,0.5509403,0.9375482,0.226934,2.41749,-0.3838308,2.669319,Minusing
23.04572,13,1,0,2,0.4756572,0.9385697,0.2386769,320.5853,83.27628,302.5833,0.5551941,0.9408942,0.229287,2.389696,-0.474242,2.935152,Minusing
23.05997,13,1,0,2,0.4754409,0.9387783,0.238539,320.478,83.34206,302.6435,0.5591902,0.944105,0.2315344,2.364726,-0.572472,3.186448,Minusing
23.07251,13,1,0,2,0.4753771,0.9389247,0.2384759,320.4117,83.3983,302.6909,0.5613708,0.9455966,0.232492,2.36465,-0.6220179,3.311295,Minusing
23.12585,13,1,0,2,0.4747233,0.939585,0.2392512,319.8646,83.39003,303.4034,0.5740464,0.9559702,0.2393398,2.327387,-0.887838,4.094311,Minusing
23.13535,13,1,0,2,0.4745655,0.939651,0.2395921,319.7627,83.32552,303.606,0.5756133,0.9569775,0.240072,2.344486,-0.9139176,4.182374,Minusing
23.14352,13,1,0,2,0.474483,0.9396521,0.239928,319.679,83.27139,303.8118,0.5771021,0.9580208,0.240789,2.353002,-0.935951,4.268764,Minusing
23.15189,13,1,0,2,0.4742221,0.9397202,0.2402532,319.5822,83.20807,304.0108,0.5782786,0.9590194,0.2414185,2.36436,-0.9551011,4.345886,Minusing
23.16046,13,1,0,2,0.4741108,0.939698,0.2405886,319.4911,83.15685,304.219,0.57935,0.9598042,0.2418159,2.376993,-0.9647556,4.409275,Minusing
23.16812,13,1,0,2,0.4739773,0.939679,0.240902,319.3961,83.11096,304.4078,0.5805929,0.9607046,0.2423181,2.389342,-0.9796815,4.483485,Minusing
23.17734,13,1,0,2,0.4736922,0.9396783,0.2415892,319.2065,82.98717,304.8197,0.582634,0.9623777,0.2430553,2.41596,-0.9934155,4.609698,Minusing
23.18521,13,1,0,2,0.4735061,0.9396765,0.2420894,319.0992,82.87691,305.0992,0.5832511,0.9627147,0.2431382,2.446357,-0.9879551,4.641468,Minusing
23.19403,13,1,0,2,0.4731551,0.939725,0.2427147,318.9549,82.7384,305.4541,0.583638,0.9629975,0.2431354,2.485742,-0.9782559,4.664638,Minusing
23.20175,13,1,0,2,0.4727381,0.939829,0.2433966,318.7807,82.59299,305.8691,0.5838513,0.9631485,0.2430381,2.532752,-0.9688816,4.675753,Minusing
23.21045,13,1,0,2,0.4720486,0.9401622,0.2442411,318.5746,82.4081,306.3584,0.5837424,0.9632229,0.2429611,2.593621,-0.9619048,4.672631,Minusing
23.2186,13,1,0,2,0.4713953,0.9403256,0.2451648,318.3563,82.17342,306.8453,0.5833117,0.9627869,0.2427272,2.663086,-0.9451999,4.643372,Minusing
23.22662,13,1,0,2,0.4709433,0.9403677,0.2459824,318.1814,81.97717,307.2341,0.583034,0.9624211,0.2425427,2.718879,-0.9271488,4.621159,Minusing
23.2352,13,1,0,2,0.4703926,0.9405569,0.2465798,317.9675,81.77278,307.5381,0.5826757,0.9621708,0.2423812,2.774263,-0.9175161,4.597408,Minusing
23.24341,13,1,0,2,0.4696489,0.9408194,0.2468976,317.7127,81.66588,307.7083,0.5815639,0.9611917,0.2419767,2.834689,-0.9223794,4.527474,Minusing
23.25262,13,1,0,2,0.4689876,0.9410004,0.2472464,317.4874,81.54308,307.9889,0.5804795,0.960228,0.2416162,2.887049,-0.9278327,4.45963,Minusing
23.26212,13,1,0,2,0.4683939,0.9412198,0.2474231,317.2658,81.49192,308.2055,0.5791558,0.9592094,0.2411267,2.928845,-0.9351208,4.379213,Minusing
23.27295,13,1,0,2,0.4671853,0.941615,0.2482077,316.8815,81.28242,308.7909,0.5762283,0.9571828,0.2399629,3.016389,-0.9171917,4.20879,Minusing
23.28473,13,1,0,2,0.4670531,0.9413807,0.2489179,316.7911,81.16727,309.2484,0.5740669,0.9556419,0.238979,3.03827,-0.8682724,4.08124,Minusing
23.29294,13,1,0,2,0.4668417,0.9413216,0.2495555,316.6656,81.01189,309.6968,0.5720273,0.9542347,0.2380859,3.066846,-0.8280989,3.95754,Minusing
23.30185,13,1,0,2,0.4666367,0.9411277,0.2502827,316.5598,80.85413,310.1756,0.5695648,0.9527468,0.237037,3.086315,-0.7716634,3.82038,Minusing
23.3096,13,1,0,2,0.4662964,0.9407584,0.251902,316.3431,80.54488,311.1187,0.5655675,0.9501697,0.2350019,3.144059,-0.6604601,3.58654,Minusing
23.31873,13,1,0,2,0.4664596,0.9402149,0.2529375,316.3072,80.36159,311.7776,0.5624292,0.9486063,0.2333264,3.147442,-0.5518103,3.419922,Minusing
23.32776,13,1,0,2,0.4664395,0.940062,0.2537321,316.2159,80.23123,312.3117,0.5596238,0.9470308,0.2317666,3.169657,-0.4738272,3.257869,Minusing
23.3371,13,1,0,2,0.4663615,0.9397737,0.2544617,316.0922,80.09923,312.8488,0.5565236,0.9456701,0.2299932,3.182195,-0.3798435,3.096861,Minusing
23.35193,13,1,0,2,0.4658952,0.9392612,0.2557167,315.6955,79.85299,313.9164,0.5501804,0.9432774,0.2262909,3.211461,-0.1965129,2.783645,Minusing
23.36023,13,1,0,2,0.4653931,0.9391963,0.2562838,315.404,79.7293,314.4829,0.5470876,0.9421796,0.2244795,3.239525,-0.121324,2.632613,Minusing
23.3692,13,1,0,2,0.4648964,0.9389539,0.2572273,315.0962,79.52601,315.1482,0.5443636,0.9413048,0.222783,3.278618,-0.03408521,2.502908,Minusing
23.37753,13,1,0,2,0.4640937,0.9386517,0.2583135,314.748,79.22136,316.0445,0.5417622,0.9404992,0.2212214,3.33147,0.04035402,2.387177,MinusEnd
23.38504,13,1,0,2,0.4636376,0.9382396,0.2594281,314.4968,78.90943,316.8577,0.5393323,0.9396909,0.219584,3.377871,0.1316308,2.272104,Nothing
23.3938,13,1,0,2,0.4631638,0.9376331,0.261024,314.2448,78.44588,317.9272,0.5370998,0.9391862,0.2182162,3.430392,0.2318942,2.174371,Nothing
23.40186,13,1,0,2,0.462597,0.9369901,0.2628827,313.9899,77.85963,319.0585,0.5349884,0.9388734,0.2169614,3.492951,0.3413218,2.085301,Nothing
23.41052,13,1,0,2,0.4616731,0.93634,0.2646489,313.7043,77.23064,320.0985,0.5332937,0.9386697,0.2158798,3.570242,0.4351548,2.023258,Nothing
23.41882,13,1,0,2,0.4603299,0.9363126,0.2656517,313.2365,76.74317,320.8478,0.5318246,0.9388854,0.2152466,3.634444,0.4718035,1.981755,Nothing
23.42786,13,1,0,2,0.4590558,0.9364083,0.2663724,312.7841,76.40672,321.4477,0.5302946,0.9389578,0.214679,3.685994,0.4919931,1.93535,Nothing
23.43616,13,1,0,2,0.4567757,0.9364105,0.2675299,311.9114,75.74474,322.6703,0.527633,0.9392287,0.2133107,3.784119,0.53349,1.859246,Nothing
23.44363,13,1,0,2,0.455669,0.9364359,0.2679641,311.4854,75.44421,323.2213,0.5267934,0.9399773,0.2130572,3.816608,0.5415072,1.862178,Nothing
23.45364,13,1,0,2,0.4548683,0.9365698,0.2681656,311.1708,75.13264,323.7377,0.5262425,0.9409374,0.2128576,3.83557,0.5480495,1.87381,Nothing
23.46082,13,1,0,2,0.4548648,0.9361398,0.2687498,311.1204,74.83723,324.1973,0.5259241,0.9420153,0.212814,3.826676,0.6010448,1.900024,Nothing
23.46954,13,1,0,2,0.4547262,0.9358163,0.2694613,311.0874,74.47871,324.7012,0.525929,0.9432099,0.2130922,3.826803,0.639702,1.939935,Nothing
23.47665,13,1,0,2,0.4549867,0.9353178,0.2699471,311.1257,74.24023,325.0486,0.5259835,0.9445605,0.21326,3.80299,0.6952452,1.98889,Nothing
23.48627,13,1,0,2,0.4552972,0.9350644,0.2702313,311.1391,74.1319,325.2062,0.5261574,0.9460079,0.213537,3.771356,0.7388381,2.041696,Nothing
23.49329,13,1,0,2,0.4558063,0.9347916,0.2700505,311.2149,74.16335,325.1938,0.5269454,0.9477569,0.2139858,3.721444,0.7646397,2.131222,Nothing
23.50214,13,1,0,2,0.4564772,0.934585,0.2695971,311.3251,74.3043,325.0231,0.5275555,0.9492959,0.2144525,3.652636,0.7850007,2.20816,Nothing
23.51108,13,1,0,2,0.4573487,0.9347322,0.269036,311.4449,74.48962,324.7692,0.5281088,0.9506778,0.2147659,3.584501,0.8017916,2.260322,Nothing
23.51941,13,1,0,2,0.4585095,0.9346768,0.2680672,311.6835,74.87106,324.2771,0.5289218,0.9525883,0.2153672,3.471031,0.8203162,2.3534,Nothing
23.52661,13,1,0,2,0.4594548,0.9345239,0.2676581,311.8175,74.97493,324.1291,0.5294876,0.9541755,0.2159504,3.389073,0.8458142,2.418829,Nothing
23.53467,13,1,0,2,0.4605616,0.93444,0.2670235,312.0891,75.22678,323.7139,0.530381,0.9559038,0.216734,3.287446,0.8663763,2.503483,Nothing
23.54285,13,1,0,2,0.4614345,0.9343153,0.266556,312.2874,75.39378,323.441,0.5311936,0.9575952,0.2175936,3.197523,0.8810586,2.586796,Nothing
23.55173,13,1,0,2,0.4619503,0.934312,0.2662325,312.5054,75.52575,323.1205,0.5322818,0.9593564,0.2186226,3.125242,0.885999,2.68677,Nothing
23.55981,13,1,0,2,0.4627031,0.9342994,0.2657778,312.7025,75.69144,322.8166,0.5334855,0.9611103,0.2197503,3.041732,0.8815721,2.785245,Nothing
23.56879,13,1,0,2,0.4640332,0.9341581,0.2649046,313.0621,76.00343,322.2626,0.53572,0.9647767,0.2220895,2.868121,0.8743214,2.989507,Nothing
23.57779,13,1,0,2,0.4644996,0.9343184,0.2644196,313.1745,76.20084,321.9936,0.5371146,0.9665934,0.2234283,2.794245,0.8413913,3.099228,Nothing
23.58517,13,1,0,2,0.4649478,0.9341087,0.2639236,313.3153,76.39403,321.7101,0.5384241,0.9683677,0.2246635,2.713043,0.8232704,3.217466,Nothing
23.59326,13,1,0,2,0.4652627,0.9342979,0.2634525,313.393,76.58459,321.4675,0.5397022,0.9701576,0.2260204,2.641883,0.7850638,3.32478,Nothing
23.60205,13,1,0,2,0.4655296,0.9345197,0.263085,313.4487,76.71949,321.2485,0.5410087,0.9720737,0.2272294,2.580894,0.7574173,3.433458,Nothing
23.61029,13,1,0,2,0.4657614,0.9343924,0.2629046,313.5372,76.786,321.0108,0.5419647,0.9738823,0.228449,2.510911,0.7543249,3.537447,Nothing
23.61801,13,1,0,2,0.4658582,0.934466,0.2628185,313.6158,76.78379,320.8025,0.5430155,0.9757658,0.2296343,2.456514,0.7501565,3.641178,Nothing
23.62674,13,1,0,2,0.4659231,0.9342894,0.2627833,313.7116,76.76777,320.5529,0.5440597,0.9775749,0.2307294,2.402527,0.7582335,3.750546,Nothing
23.63519,13,1,0,2,0.4659461,0.9343287,0.2627487,313.7887,76.73158,320.3551,0.5450817,0.9794054,0.2318139,2.355366,0.7593343,3.852839,Nothing
23.64481,13,1,0,2,0.4659975,0.9343526,0.2626674,313.8641,76.73116,320.1529,0.5461053,0.9813061,0.2327695,2.307075,0.7639085,3.957529,Nothing
23.65222,13,1,0,2,0.4661691,0.9340298,0.2626151,313.9987,76.7728,319.9061,0.5472478,0.9831628,0.2337584,2.247509,0.7783363,4.074522,Nothing
23.6611,13,1,0,2,0.4663391,0.9339316,0.2626706,314.1004,76.75552,319.8151,0.5483676,0.9850101,0.2346215,2.204298,0.7912654,4.178838,Nothing
23.66898,13,1,0,2,0.4667269,0.9337236,0.2625785,314.2172,76.75553,319.6594,0.5497589,0.9868594,0.2354701,2.153853,0.8036673,4.29028,Nothing
23.677,13,1,0,2,0.4668688,0.9336094,0.2627076,314.3097,76.6961,319.5898,0.5509483,0.9885178,0.2363153,2.12156,0.8152677,4.389739,Nothing
23.68555,13,1,0,2,0.467256,0.9335338,0.2626359,314.4527,76.67583,319.3164,0.5531698,0.9916833,0.2381349,2.038689,0.8156551,4.575268,Nothing
23.69339,13,1,0,2,0.4673156,0.9335625,0.2625408,314.4946,76.68555,319.1727,0.5545184,0.9931568,0.2389876,2.012786,0.8018622,4.674236,Nothing
23.70175,13,1,0,2,0.4671718,0.9337905,0.2621887,314.4413,76.75172,318.9319,0.5556362,0.99426,0.2400544,1.986387,0.7509342,4.756752,Nothing
23.70996,13,1,0,2,0.4671612,0.9340673,0.2619829,314.4316,76.779,318.7361,0.5566619,0.9949357,0.2412232,1.9649,0.6969938,4.814951,Nothing
23.71973,13,1,0,2,0.4671556,0.9341895,0.2617803,314.443,76.78617,318.5681,0.5577599,0.9957205,0.2423213,1.942002,0.6526726,4.883522,Nothing
23.7265,13,1,0,2,0.4672271,0.9341971,0.2616608,314.4884,76.78365,318.4453,0.5588273,0.9966183,0.2433223,1.915288,0.6237052,4.955225,Nothing
23.73624,13,1,0,2,0.4674134,0.9341618,0.2616501,314.557,76.76902,318.36,0.5596475,0.9969181,0.2445226,1.8869,0.5849197,4.997089,Nothing
23.74411,13,1,0,2,0.4676206,0.9340947,0.2617023,314.6335,76.73787,318.3036,0.5602692,0.9969258,0.2457832,1.858329,0.5441741,5.022784,Nothing
23.75223,13,1,0,2,0.4676845,0.934113,0.261712,314.7012,76.73257,318.2058,0.560898,0.9968252,0.2469878,1.838207,0.4955581,5.047221,Nothing
23.76035,13,1,0,2,0.4678571,0.934036,0.2618079,314.7707,76.6965,318.1175,0.5614446,0.9964679,0.2481799,1.820217,0.4515939,5.058689,Nothing
23.76862,13,1,0,2,0.4679271,0.9340383,0.2617666,314.8186,76.65111,317.9925,0.5614937,0.9959024,0.2493646,1.794554,0.4026999,5.048135,Nothing
23.77664,13,1,0,2,0.4679312,0.9340842,0.2617429,314.8555,76.60416,317.8637,0.5615718,0.9951079,0.2505212,1.780215,0.3464438,5.031027,Nothing
23.785,13,1,0,2,0.4678944,0.934192,0.2616052,314.8785,76.58326,317.7232,0.5614551,0.9940473,0.2516729,1.765462,0.2783049,4.999022,Nothing
23.79446,13,1,0,2,0.4680579,0.9342743,0.2614251,314.9089,76.61161,317.5931,0.5609889,0.9928001,0.2527901,1.735393,0.2120553,4.944747,Nothing
23.802,13,1,0,2,0.4681555,0.9343433,0.2611974,314.9367,76.67023,317.4744,0.560123,0.9914025,0.2538416,1.698076,0.1461628,4.875231,MinusStart
23.80209,13,1,0,2,0.4681555,0.9343433,0.2611974,314.9367,76.67023,317.4744,0.560123,0.9914025,0.2538416,1.698076,0.1461628,4.875231,Minusing
23.81161,13,1,0,2,0.4683757,0.9343194,0.2608836,315.016,76.74229,317.2775,0.558329,0.9887007,0.2558485,1.623344,0.03369326,4.739643,Minusing
23.82535,13,1,0,2,0.4686474,0.934261,0.2609163,315.0901,76.78378,317.2502,0.5561709,0.9864768,0.2562976,1.581573,0.00785365,4.592318,Minusing
23.83765,13,1,0,2,0.4688836,0.9341924,0.2608861,315.1873,76.78661,317.1075,0.5533197,0.9829727,0.2574295,1.528447,-0.05984147,4.386351,Minusing
23.85114,13,1,0,2,0.4690042,0.9340801,0.2611571,315.2794,76.68182,316.9909,0.5501018,0.9790971,0.257415,1.521986,-0.07356806,4.148489,Minusing
23.86459,13,1,0,2,0.4688329,0.9340364,0.2612991,315.3033,76.61863,316.9622,0.5488525,0.9768839,0.2572251,1.55022,-0.0918761,4.03737,Minusing
23.879,13,1,0,2,0.4688218,0.9339059,0.2614414,315.3716,76.56179,316.915,0.5453745,0.9728077,0.2569185,1.548208,-0.1087802,3.788204,Minusing
23.89371,13,1,0,2,0.4687224,0.9337056,0.2617906,315.4432,76.41127,316.9986,0.5416176,0.969015,0.2558293,1.563383,-0.07641391,3.535575,Minusing
23.9119,13,1,0,2,0.4682036,0.9337299,0.2621654,315.4253,76.22485,317.032,0.5389432,0.9659924,0.2540227,1.6371,-0.02860529,3.342254,Minusing
23.92929,13,1,0,2,0.4672464,0.9339494,0.2627976,315.3685,75.87694,317.051,0.5346663,0.9613489,0.2513123,1.755044,0.04232905,3.036636,Minusing
23.94464,13,1,0,2,0.4664321,0.9340481,0.2631685,315.3236,75.69394,317.0851,0.5321444,0.9585699,0.2492482,1.844097,0.09497343,2.860015,Minusing
23.95398,13,1,0,2,0.4661559,0.9340582,0.2633626,315.3159,75.61133,317.1254,0.5308408,0.9573538,0.2480247,1.883029,0.1361041,2.77174,Minusing
23.96811,13,1,0,2,0.4655349,0.9341443,0.2637349,315.3136,75.45972,317.2114,0.5278187,0.9549223,0.2459138,1.940647,0.2083673,2.584859,Minusing
23.97946,13,1,0,2,0.4654157,0.9340948,0.2638861,315.3278,75.41693,317.2414,0.5263335,0.9539904,0.2448627,1.953231,0.2542556,2.499772,Minusing
23.991,13,1,0,2,0.4650115,0.9341653,0.2642895,315.297,75.27981,317.3128,0.523715,0.9523374,0.2429245,1.994124,0.3364489,2.3461,Minusing
24.00156,13,1,0,2,0.4648251,0.9342109,0.2644161,315.2638,75.23708,317.3158,0.5224777,0.9518926,0.2420271,2.003306,0.3798196,2.284938,Minusing
24.00934,13,1,0,2,0.4645936,0.9343078,0.2644754,315.223,75.20349,317.3211,0.5211681,0.9513019,0.24117,2.013102,0.4140038,2.217254,Minusing
24.01868,13,1,0,2,0.4643838,0.9344541,0.2644455,315.1748,75.19725,317.305,0.5200414,0.9509797,0.2405335,2.013695,0.4388983,2.165337,Minusing
24.02817,13,1,0,2,0.464264,0.9345489,0.264459,315.1537,75.16691,317.297,0.5189025,0.9506048,0.2398925,2.012124,0.4686904,2.109603,Minusing
24.03662,13,1,0,2,0.4640104,0.9346361,0.2646419,315.1247,75.07266,317.3076,0.5167055,0.9499231,0.2385547,2.01399,0.5397789,2.004595,Minusing
24.05151,13,1,0,2,0.4642439,0.9344473,0.2646177,315.191,75.03147,317.2857,0.5158433,0.9502823,0.2384134,1.969407,0.5789201,1.98639,Minusing
24.05945,13,1,0,2,0.4643405,0.9344116,0.2646262,315.2189,75.02416,317.261,0.5150088,0.9501824,0.2380774,1.950778,0.6065131,1.951106,Minusing
24.0679,13,1,0,2,0.4643455,0.9345022,0.2646617,315.2424,74.99117,317.2479,0.5133724,0.9504029,0.2374522,1.914936,0.6622229,1.895683,Minusing
24.07651,13,1,0,2,0.4646675,0.9344609,0.2645104,315.2881,75.06913,317.2188,0.5131137,0.9510843,0.2373297,1.877457,0.6870493,1.903601,Minusing
24.0849,13,1,0,2,0.4648173,0.9345178,0.2644059,315.2907,75.13607,317.1932,0.513148,0.9519964,0.2373011,1.851134,0.7054946,1.930689,Minusing
24.09406,13,1,0,2,0.4648616,0.9346383,0.264212,315.2654,75.1991,317.153,0.5134791,0.953045,0.2373217,1.8322,0.7142206,1.974124,Minusing
24.10355,13,1,0,2,0.4649507,0.9347693,0.2640913,315.2439,75.25561,317.1092,0.5140011,0.9548149,0.2376292,1.795372,0.7306533,2.047913,Minusing
24.11172,13,1,0,2,0.4648849,0.9350027,0.2638094,315.1783,75.33916,317.0449,0.514792,0.9562907,0.2379252,1.777126,0.7233142,2.123619,Minusing
24.12784,13,1,0,2,0.4648824,0.9351076,0.263584,315.1351,75.35949,316.9987,0.5171663,0.9596436,0.2389783,1.7406,0.7178466,2.321139,Minusing
24.18567,13,1,0,2,0.4650702,0.9352533,0.262861,315.2938,75.43595,316.6833,0.5291073,0.9722899,0.2453474,1.60806,0.5883937,3.188548,Minusing
24.19849,13,1,0,2,0.4651488,0.9352638,0.2627896,315.3271,75.48646,316.6956,0.5336131,0.9756824,0.2477539,1.595272,0.5087332,3.469258,Minusing
24.21149,13,1,0,2,0.4652776,0.9353291,0.2626541,315.3387,75.51469,316.6776,0.5383417,0.9785838,0.2504246,1.592149,0.4015392,3.739415,Minusing
24.21948,13,1,0,2,0.4651985,0.9352944,0.2626881,315.3268,75.52399,316.6454,0.5405877,0.9800121,0.2517058,1.595396,0.3545614,3.875165,Minusing
24.22757,13,1,0,2,0.4650255,0.9353035,0.2627477,315.3183,75.52171,316.5945,0.5428743,0.9812639,0.253042,1.607279,0.3002392,4.008015,Minusing
24.2352,13,1,0,2,0.4648366,0.9353479,0.2627762,315.3019,75.49003,316.5765,0.5453193,0.9822832,0.2543333,1.632851,0.2374575,4.136866,Minusing
24.24298,13,1,0,2,0.4646361,0.9354089,0.2628307,315.2767,75.44902,316.5483,0.5477078,0.9831698,0.2556237,1.662211,0.1731137,4.258691,Minusing
24.25113,13,1,0,2,0.4646942,0.9354141,0.2627685,315.2604,75.41231,316.538,0.5497502,0.9838694,0.2570599,1.668311,0.1046499,4.358773,Minusing
24.26007,13,1,0,2,0.4645079,0.935459,0.2626925,315.2331,75.40324,316.5233,0.5519508,0.9846827,0.2583754,1.687822,0.03380819,4.473804,Minusing
24.26788,13,1,0,2,0.4642435,0.9355329,0.2627585,315.1941,75.41746,316.541,0.5539491,0.9846348,0.2596001,1.730393,-0.05124931,4.552987,Minusing
24.27753,13,1,0,2,0.4641241,0.9355704,0.2627492,315.1685,75.42361,316.5406,0.5558323,0.9849181,0.2608932,1.752001,-0.1270368,4.637285,Minusing
24.28625,13,1,0,2,0.4641242,0.9355778,0.2627813,315.161,75.4621,316.5567,0.5575925,0.9849202,0.2621995,1.770187,-0.2056822,4.705813,Minusing
24.29391,13,1,0,2,0.4640834,0.935497,0.2629487,315.1586,75.44937,316.6077,0.5605102,0.9846668,0.2647774,1.799727,-0.3474852,4.816894,Minusing
24.30151,13,1,0,2,0.4643447,0.9353724,0.2631003,315.1917,75.41768,316.6423,0.5601246,0.9842844,0.2646587,1.792519,-0.3307131,4.785244,Minusing
24.30939,13,1,0,2,0.46434,0.9353101,0.2632527,315.1938,75.3799,316.6816,0.5612644,0.983825,0.2657977,1.811314,-0.3940637,4.817282,Minusing
24.31824,13,1,0,2,0.464251,0.935271,0.2634038,315.1699,75.34814,316.7233,0.5640326,0.9832464,0.2679769,1.858871,-0.5286325,4.908778,Minusing
24.32669,13,1,0,2,0.4642235,0.9352945,0.2634129,315.1272,75.33026,316.7363,0.5646114,0.982181,0.268607,1.888963,-0.5901056,4.895839,Minusing
24.33575,13,1,0,2,0.4640958,0.9353707,0.2634673,315.085,75.3027,316.7483,0.565219,0.9813181,0.2693126,1.919236,-0.650327,4.892221,Minusing
24.34406,13,1,0,2,0.4639794,0.9354768,0.2635665,315.0506,75.25842,316.7806,0.565961,0.9803437,0.2697847,1.964492,-0.7045065,4.885448,Minusing
24.35202,13,1,0,2,0.4638224,0.9354233,0.2638378,315.0538,75.218,316.8217,0.5665895,0.9793454,0.2701516,2.0095,-0.7419906,4.87972,Minusing
24.36105,13,1,0,2,0.4638397,0.93541,0.2638701,315.0699,75.21109,316.8389,0.5670595,0.9782366,0.2704853,2.039693,-0.7864199,4.860689,Minusing
24.37009,13,1,0,2,0.4638131,0.9354975,0.2638094,315.0398,75.25901,316.8316,0.5674047,0.9769721,0.270782,2.071791,-0.8436517,4.829907,Minusing
24.37805,13,1,0,2,0.4637692,0.935648,0.2637854,315.0156,75.27173,316.8312,0.5674646,0.9756778,0.2710249,2.101618,-0.8931214,4.786236,Minusing
24.39288,13,1,0,2,0.463966,0.9357027,0.2634827,315.0153,75.38998,316.744,0.5670055,0.9731337,0.2711698,2.123774,-0.9682627,4.68253,Minusing
24.40192,13,1,0,2,0.4639548,0.9357885,0.2634655,315.0199,75.4442,316.7221,0.5665796,0.9717582,0.2713141,2.137342,-1.00624,4.621965,Minusing
24.40918,13,1,0,2,0.4640284,0.9357666,0.2635057,315.0344,75.45079,316.7253,0.5658571,0.9703212,0.2712677,2.146501,-1.025026,4.548288,Minusing
24.41824,13,1,0,2,0.4641324,0.9357059,0.2635489,315.075,75.43819,316.7193,0.5651399,0.968796,0.2712005,2.156505,-1.040701,4.472767,Minusing
24.42657,13,1,0,2,0.4641092,0.9358082,0.2636273,315.099,75.41394,316.7332,0.5640181,0.9672365,0.270945,2.169851,-1.049503,4.378902,Minusing
24.43484,13,1,0,2,0.4642714,0.9357669,0.263698,315.1438,75.41331,316.7124,0.5621393,0.9642388,0.27064,2.183461,-1.073135,4.21153,Minusing
24.44363,13,1,0,2,0.4643776,0.935664,0.2635427,315.1265,75.39571,316.7074,0.5608606,0.9626234,0.2703271,2.181718,-1.082586,4.113295,Minusing
24.453,13,1,0,2,0.4643561,0.9356338,0.2636556,315.116,75.36152,316.7091,0.5590758,0.9611294,0.270079,2.173041,-1.076219,4.002717,Minusing
24.46158,13,1,0,2,0.4643993,0.9356376,0.2636971,315.1146,75.34682,316.7094,0.5575739,0.959667,0.2696957,2.171523,-1.071576,3.899193,Minusing
24.47635,13,1,0,2,0.4639083,0.9357489,0.2640245,315.0664,75.30089,316.768,0.5543621,0.9568025,0.2685506,2.199821,-1.048944,3.695454,Minusing
24.48453,13,1,0,2,0.4641994,0.9355972,0.2639403,315.0547,75.29961,316.7945,0.5526379,0.9556316,0.2677643,2.180259,-1.017848,3.58901,Minusing
24.49402,13,1,0,2,0.4641605,0.9356067,0.2639836,315.0294,75.29314,316.8268,0.5510288,0.9543535,0.2671618,2.179842,-1.002849,3.487946,Minusing
24.50223,13,1,0,2,0.4641721,0.9356284,0.2639911,315.0147,75.30042,316.8415,0.5493447,0.9533576,0.266415,2.171549,-0.9747393,3.391536,Minusing
24.51736,13,1,0,2,0.4643492,0.935483,0.2640122,315.0263,75.30282,316.866,0.5460532,0.9513412,0.265065,2.14396,-0.9158407,3.204336,Minusing
24.53027,13,1,0,2,0.4645399,0.9353847,0.2639191,315.0579,75.34566,316.8071,0.542583,0.9497512,0.2637337,2.097066,-0.8479072,3.025933,Minusing
24.5434,13,1,0,2,0.4646625,0.9354206,0.2638146,315.1038,75.381,316.7639,0.5411223,0.9496992,0.262976,2.065747,-0.7994214,2.96781,Minusing
24.55582,13,1,0,2,0.4650569,0.9352641,0.263723,315.2059,75.42126,316.7162,0.5383638,0.9490644,0.2616614,2.00865,-0.7128862,2.842307,Minusing
24.56775,13,1,0,2,0.4653499,0.9351584,0.2636291,315.2814,75.44239,316.6921,0.5359634,0.9488835,0.2605213,1.953083,-0.631285,2.745452,Minusing
24.57648,13,1,0,2,0.4653906,0.9352151,0.263426,315.29,75.48294,316.6367,0.5348499,0.948861,0.2600963,1.92438,-0.6068358,2.703884,Minusing
24.58847,13,1,0,2,0.4653875,0.9352818,0.2632164,315.2585,75.5316,316.6039,0.5349541,0.9497938,0.2598771,1.907668,-0.5891003,2.735956,Minusing
24.60211,13,1,0,2,0.4654717,0.9353192,0.2629975,315.2593,75.61138,316.5319,0.5343065,0.951075,0.2592835,1.864664,-0.5344394,2.751515,Minusing
24.61426,13,1,0,2,0.4654229,0.9351763,0.2630034,315.286,75.66868,316.4785,0.5339826,0.951848,0.2589994,1.840695,-0.4967667,2.772227,Minusing
24.62628,13,1,0,2,0.4655581,0.9351388,0.2628287,315.3554,75.72551,316.4117,0.5332331,0.9536639,0.2583921,1.778606,-0.4193855,2.804249,Minusing
24.63882,13,1,0,2,0.4657449,0.9349348,0.2628384,315.4497,75.71937,316.3454,0.532922,0.9559865,0.2577175,1.720513,-0.3181861,2.868971,Minusing
24.66379,13,1,0,2,0.4657683,0.934532,0.26311,315.522,75.64599,316.1942,0.532873,0.9584668,0.257172,1.673503,-0.2049313,2.956722,Minusing
24.68518,13,1,0,2,0.4660219,0.9346038,0.2625382,315.6551,75.73318,316.0494,0.5335475,0.9638513,0.2564069,1.559468,-0.06855281,3.149971,Minusing
24.73688,13,1,0,2,0.4661071,0.9343048,0.262931,315.8068,75.68854,316.0531,0.5386515,0.9719031,0.2568037,1.511569,0.06929345,3.595524,Minusing
24.7514,13,1,0,2,0.4656096,0.9345095,0.2629377,315.7196,75.6685,316.004,0.541784,0.9745126,0.2569892,1.566071,0.06543986,3.795034,Minusing
24.75943,13,1,0,2,0.4653814,0.934508,0.2631231,315.7219,75.57472,316.0496,0.5436571,0.975795,0.2569834,1.608905,0.07654267,3.904109,Minusing
24.76743,13,1,0,2,0.4652416,0.934527,0.2633106,315.7426,75.49216,316.0807,0.5455614,0.9769825,0.2571416,1.647123,0.08045832,4.009289,Minusing
24.77594,13,1,0,2,0.4651234,0.9345586,0.2635489,315.7712,75.38586,316.1115,0.5473856,0.9781581,0.2573954,1.682118,0.08557041,4.110416,Minusing
24.78412,13,1,0,2,0.4652397,0.934397,0.2635867,315.7819,75.30311,316.1507,0.5495471,0.9791037,0.25747,1.720764,0.08521215,4.213886,Minusing
24.79257,13,1,0,2,0.465061,0.9344482,0.2635638,315.7717,75.28291,316.1248,0.5514768,0.9802343,0.257705,1.754733,0.07221591,4.321003,Minusing
24.80136,13,1,0,2,0.4649353,0.9347512,0.2633198,315.7348,75.35258,316.0352,0.553421,0.9810577,0.2579733,1.791724,0.03155045,4.411384,Minusing
24.80951,13,1,0,2,0.4644226,0.9349506,0.2634317,315.7454,75.36523,315.951,0.5577697,0.9828286,0.2583901,1.895719,-0.01074561,4.627039,Minusing
24.81781,13,1,0,2,0.4644901,0.9349703,0.2634038,315.7804,75.39378,315.9078,0.5601977,0.9836264,0.2586979,1.938072,-0.03755961,4.734999,Minusing
24.82672,13,1,0,2,0.4644263,0.9350561,0.2633574,315.7926,75.4348,315.8684,0.5626073,0.9840811,0.25926,1.986865,-0.08870783,4.835155,Minusing
24.8353,13,1,0,2,0.4643837,0.9351147,0.2634372,315.7976,75.42505,315.8342,0.5652294,0.9842872,0.259872,2.051601,-0.1424043,4.932596,Minusing
24.84271,13,1,0,2,0.4642328,0.9352068,0.2635235,315.7992,75.37221,315.7989,0.5680722,0.9841694,0.2605219,2.136529,-0.2078977,5.02849,Minusing
24.85114,13,1,0,2,0.4641454,0.9352681,0.2635202,315.7973,75.32583,315.7638,0.5708745,0.9840128,0.2612616,2.213702,-0.2793081,5.12223,Minusing
24.85886,13,1,0,2,0.4639191,0.935289,0.2634811,315.774,75.31199,315.7133,0.5737122,0.9837815,0.2620711,2.294303,-0.3610494,5.221357,Minusing
24.86749,13,1,0,2,0.4637575,0.9354004,0.2634951,315.7571,75.29187,315.671,0.5769538,0.9830639,0.2626972,2.405714,-0.4520564,5.310491,MinusEnd
24.87592,13,1,0,2,0.4636534,0.9354408,0.2634638,315.7551,75.27616,315.6319,0.5799289,0.9825408,0.2635355,2.492737,-0.5410129,5.400532,Nothing
24.88498,13,1,0,2,0.4635844,0.9354465,0.2635521,315.7753,75.25125,315.6005,0.5828999,0.981526,0.2643643,2.592068,-0.6335136,5.473689,Nothing
24.89432,13,1,0,2,0.4635459,0.9354304,0.2636281,315.7886,75.21846,315.572,0.5854847,0.980736,0.2652267,2.672344,-0.7154919,5.541345,Nothing
24.90106,13,1,0,2,0.4635066,0.935465,0.2636272,315.8011,75.21102,315.542,0.5882179,0.9796056,0.2659635,2.766662,-0.8091657,5.600982,Nothing
24.90958,13,1,0,2,0.4635132,0.9354846,0.2635747,315.8071,75.22685,315.5047,0.5908684,0.9782503,0.2668094,2.856908,-0.9141689,5.650983,Nothing
24.91797,13,1,0,2,0.46351,0.9355156,0.263547,315.8006,75.2493,315.4486,0.5934339,0.9768181,0.2676852,2.947646,-1.020842,5.69515,Nothing
24.92715,13,1,0,2,0.4635619,0.9355317,0.2634213,315.8224,75.28136,315.3765,0.5957614,0.9748873,0.2686964,3.032439,-1.141889,5.717185,Nothing
24.93536,13,1,0,2,0.4636849,0.9354889,0.2634928,315.8826,75.26431,315.3205,0.598124,0.9730169,0.2695962,3.121908,-1.241329,5.740644,Nothing
24.94287,13,1,0,2,0.463914,0.935243,0.263704,316.014,75.1849,315.2697,0.6004367,0.9712467,0.2704403,3.203691,-1.313032,5.770483,Nothing
24.95166,13,1,0,2,0.464372,0.9347711,0.2641973,316.3102,74.98486,315.1341,0.6048592,0.9673927,0.2721004,3.373754,-1.448442,5.814449,Nothing
24.96054,13,1,0,2,0.4647524,0.9344367,0.2644557,316.5616,74.84107,314.9673,0.6067861,0.9651555,0.2728707,3.45102,-1.494369,5.820769,Nothing
24.96796,13,1,0,2,0.4652135,0.9341847,0.2643774,316.7938,74.8145,314.676,0.6084173,0.962671,0.273509,3.516357,-1.555397,5.807365,Nothing
24.97726,13,1,0,2,0.4655656,0.9341158,0.2639869,317.0053,74.86375,314.3203,0.6103367,0.9602718,0.2741729,3.586483,-1.641196,5.808067,Nothing
24.98514,13,1,0,2,0.4659897,0.9339888,0.2636023,317.2294,74.96507,313.9206,0.6120425,0.9578045,0.2747171,3.649001,-1.719355,5.800278,Nothing
24.99319,13,1,0,2,0.4664906,0.9339239,0.2634171,317.4984,74.98601,313.5461,0.613784,0.9552236,0.2751873,3.724578,-1.780623,5.785593,Nothing
25.00272,13,1,0,2,0.4671037,0.9336153,0.2634099,317.8514,74.94636,313.1437,0.6155237,0.9524409,0.2754828,3.804695,-1.811295,5.771149,Nothing
25.01053,13,1,0,2,0.4680569,0.9331396,0.2633394,318.3577,74.91666,312.5696,0.6172479,0.9496419,0.2758191,3.861593,-1.816364,5.762667,Nothing
25.01892,13,1,0,2,0.4690841,0.9328104,0.2629372,318.8264,74.97671,311.9639,0.6189207,0.9468829,0.2761213,3.908363,-1.843162,5.749522,Nothing
25.02634,13,1,0,2,0.4702108,0.9323172,0.2624641,319.3523,75.08283,311.2576,0.620513,0.9438257,0.2762652,3.952353,-1.861308,5.73147,Nothing
25.03568,13,1,0,2,0.4713857,0.9318203,0.2619714,319.9129,75.17397,310.5147,0.6221578,0.9409406,0.2764795,3.990495,-1.872261,5.723658,Nothing
25.04346,13,1,0,2,0.4725799,0.9313593,0.2615036,320.4917,75.2379,309.7633,0.623358,0.9377583,0.2765742,4.029446,-1.875953,5.690359,Nothing
25.05215,13,1,0,2,0.4738278,0.9309002,0.26122,321.0663,75.26936,309.0704,0.62479,0.9347569,0.2767244,4.07381,-1.872824,5.668266,Nothing
25.06146,13,1,0,2,0.4761035,0.9298192,0.260724,322.2202,75.28218,307.7478,0.6272866,0.9286558,0.2767904,4.167513,-1.849577,5.621778,Nothing
25.06842,13,1,0,2,0.4773385,0.9292041,0.2605796,322.8394,75.23906,307.084,0.6281527,0.9255597,0.2766199,4.20763,-1.812862,5.583506,Nothing
25.07651,13,1,0,2,0.478573,0.9287495,0.2604883,323.4376,75.17606,306.4027,0.6287399,0.9224926,0.2765236,4.247406,-1.776116,5.530625,Nothing
25.08514,13,1,0,2,0.4797098,0.9282129,0.2601388,324.012,75.17851,305.6502,0.6292133,0.9194817,0.2762229,4.282115,-1.741685,5.481775,Nothing
25.09311,13,1,0,2,0.4808138,0.9278232,0.2595262,324.5561,75.25634,304.8531,0.6293857,0.9165125,0.2759752,4.30599,-1.727932,5.422844,Nothing
25.10153,13,1,0,2,0.4820164,0.9273665,0.2586716,325.0901,75.45992,304.004,0.6273454,0.9137509,0.2759075,4.243004,-1.725162,5.290112,Nothing
25.11002,13,1,0,2,0.4832672,0.9268731,0.2578778,325.6523,75.62361,303.2107,0.6273512,0.9108906,0.2752856,4.252627,-1.707827,5.226725,Nothing
25.11942,13,1,0,2,0.484663,0.9261772,0.257132,326.2504,75.77341,302.4385,0.627426,0.9080206,0.2747299,4.252579,-1.685884,5.168948,Nothing
25.12775,13,1,0,2,0.4862275,0.9252339,0.2567369,326.9105,75.82751,301.6924,0.6273165,0.905356,0.2737972,4.242655,-1.612214,5.106319,Nothing
25.13513,13,1,0,2,0.4876381,0.9241483,0.256731,327.64,75.74821,300.9915,0.6273224,0.9027666,0.2728799,4.240625,-1.506635,5.059551,Nothing
25.1438,13,1,0,2,0.4889814,0.9225562,0.2574091,328.4523,75.47256,300.2976,0.6272977,0.9002007,0.2720447,4.234784,-1.342467,5.024467,Nothing
25.15173,13,1,0,2,0.4902183,0.9211156,0.2581466,329.2674,75.08016,299.677,0.6273339,0.8974959,0.271154,4.247118,-1.174529,4.984324,Nothing
25.16,13,1,0,2,0.4915641,0.9194729,0.2589411,330.0964,74.70267,299.0261,0.627551,0.8948813,0.2702354,4.248613,-0.9973198,4.952654,Nothing
25.16821,13,1,0,2,0.4928348,0.9180177,0.2594793,330.9268,74.361,298.3389,0.6276733,0.8923306,0.2693127,4.246079,-0.8360401,4.918941,Nothing
25.17688,13,1,0,2,0.4942229,0.9165235,0.2596622,331.7309,74.1749,297.5708,0.6279063,0.8898163,0.2685038,4.227452,-0.7062361,4.891844,Nothing
25.18506,13,1,0,2,0.4966932,0.9135088,0.2603058,333.2481,73.76377,296.124,0.6283673,0.8847715,0.266504,4.209705,-0.4278767,4.832397,Nothing
25.1936,13,1,0,2,0.4982277,0.9126418,0.2595005,333.8692,73.89463,295.3605,0.6284983,0.8823889,0.265452,4.191429,-0.3840098,4.785787,Nothing
25.20145,13,1,0,2,0.4995377,0.9111533,0.2593436,334.5312,73.87661,294.6952,0.6284412,0.8800343,0.2643476,4.160804,-0.28942,4.745221,Nothing
25.21112,13,1,0,2,0.500879,0.9097944,0.2595922,335.2326,73.7202,294.1088,0.6285372,0.8776627,0.2631785,4.145997,-0.1683689,4.699896,Nothing
25.21826,13,1,0,2,0.501983,0.9081087,0.2604759,335.9539,73.37832,293.592,0.6285728,0.875321,0.2618529,4.134622,0.006956054,4.654828,Nothing
25.22644,13,1,0,2,0.5030385,0.9066974,0.2615565,336.6573,72.95312,293.0859,0.6287222,0.8729448,0.2604374,4.144522,0.1956056,4.601439,Nothing
25.23495,13,1,0,2,0.5038974,0.9051929,0.262732,337.3568,72.51433,292.606,0.628893,0.8705061,0.2590565,4.157045,0.3867095,4.554083,Nothing
25.24442,13,1,0,2,0.5047808,0.9035591,0.2638671,338.0425,72.11638,292.123,0.6287541,0.8680373,0.257623,4.156157,0.5723246,4.492539,Nothing
25.25189,13,1,0,2,0.5054865,0.9021286,0.2646932,338.7082,71.72359,291.6776,0.6285653,0.8654318,0.2560709,4.169521,0.7395159,4.429881,Nothing
25.25943,13,1,0,2,0.5062656,0.9005679,0.2656498,339.3766,71.3541,291.1872,0.6283914,0.8628668,0.2546157,4.172144,0.9103135,4.366615,Nothing
25.26886,13,1,0,2,0.5070019,0.8990561,0.2668274,340.0288,70.94816,290.7207,0.6277106,0.8601179,0.2534204,4.175495,1.071147,4.27634,Nothing
25.27643,13,1,0,2,0.5076301,0.8974457,0.2679052,340.663,70.54787,290.2508,0.6273903,0.8576044,0.2520202,4.175078,1.243585,4.207157,Nothing
25.28516,13,1,0,2,0.5084277,0.8958495,0.2689818,341.3162,70.11671,289.8186,0.626956,0.8546469,0.2506862,4.186522,1.401919,4.117893,Nothing
25.29459,13,1,0,2,0.5090771,0.8938078,0.2702421,342.0242,69.64756,289.4064,0.6265643,0.8518862,0.2491699,4.174371,1.589216,4.040392,Nothing
25.30237,13,1,0,2,0.5096627,0.8918052,0.2718385,342.7578,69.14639,289.0695,0.6261908,0.8491267,0.2476426,4.168467,1.787551,3.957426,Nothing
25.30969,13,1,0,2,0.5104953,0.8895896,0.2735584,343.5668,68.59576,288.7802,0.6257909,0.8462201,0.2461414,4.152304,1.987484,3.860685,Nothing
25.31857,13,1,0,2,0.5116165,0.885162,0.2768561,345.083,67.58293,288.0959,0.6247827,0.8403565,0.242482,4.133312,2.402386,3.660551,Nothing
25.32657,13,1,0,2,0.5122277,0.8826861,0.2789947,345.8482,67.01307,287.8281,0.624236,0.8374646,0.2406923,4.115732,2.627274,3.543243,Nothing
25.33548,13,1,0,2,0.5126463,0.8804582,0.2808179,346.5844,66.47927,287.5187,0.623359,0.8343849,0.2386948,4.113585,2.835556,3.413662,Nothing
25.34338,13,1,0,2,0.5126901,0.8786041,0.2826074,347.1845,65.99797,287.2162,0.6228802,0.8314153,0.2368863,4.140386,3.032823,3.311304,Nothing
25.35172,13,1,0,2,0.5128657,0.877469,0.2835775,347.6016,65.66217,286.89,0.622153,0.8284677,0.2349545,4.193892,3.171734,3.19743,Nothing
25.36041,13,1,0,2,0.5130732,0.8758733,0.2848672,348.113,65.28525,286.5793,0.6214356,0.8256074,0.2330206,4.221132,3.333321,3.0831,Nothing
25.36957,13,1,0,2,0.513222,0.8751976,0.2850785,348.3905,65.16129,286.2465,0.6205506,0.8227479,0.2310913,4.288661,3.415464,2.982111,Nothing
25.3783,13,1,0,2,0.5134078,0.8739625,0.2857586,348.7965,64.91867,285.9218,0.6194701,0.8199198,0.2289554,4.326428,3.538712,2.861759,Nothing
25.38522,13,1,0,2,0.5136198,0.8725976,0.2870238,349.2404,64.46966,285.6424,0.6184677,0.8170381,0.2268922,4.366892,3.693944,2.719123,Nothing
25.39453,13,1,0,2,0.5136777,0.8710105,0.288204,349.7394,64.12724,285.3833,0.6173071,0.8142245,0.2247105,4.39342,3.845039,2.588575,Nothing
25.40137,13,1,0,2,0.5135741,0.869184,0.2897452,350.3227,63.73192,285.2114,0.6160048,0.8114037,0.2227399,4.41386,4.000884,2.456618,Nothing
25.40979,13,1,0,2,0.5135552,0.8672695,0.2912135,350.9001,63.33044,284.9787,0.614588,0.8086029,0.2205777,4.424953,4.161768,2.312043,Nothing
25.41782,13,1,0,2,0.5135216,0.8645124,0.29343,351.676,62.80283,284.8688,0.6130331,0.8058723,0.2184367,4.401655,4.357319,2.150604,Nothing
25.42691,13,1,0,2,0.513115,0.8621952,0.2955301,352.3905,62.3135,284.7774,0.6114852,0.8031594,0.2166342,4.404616,4.528366,2.00849,Nothing
25.43561,13,1,0,2,0.5126517,0.8578082,0.2996081,353.6061,61.31123,284.4196,0.6078877,0.7979714,0.2123551,4.405205,4.877261,1.653743,Nothing
25.44397,13,1,0,2,0.5125127,0.8564215,0.3008057,354.0127,60.99561,284.0877,0.605859,0.7955364,0.2102283,4.420306,5.000711,1.483655,Nothing
25.45135,13,1,0,2,0.5122774,0.855243,0.3016624,354.3963,60.78919,283.7838,0.6036493,0.7931525,0.2080243,4.443822,5.102145,1.324888,Nothing
25.46097,13,1,0,2,0.5126788,0.8546948,0.3012567,354.5991,60.90129,283.353,0.6013875,0.790838,0.2058165,4.471659,5.130071,1.187813,Nothing
25.46835,13,1,0,2,0.5133238,0.8538606,0.3003063,354.832,61.14565,282.9522,0.599277,0.7887719,0.2038575,4.471804,5.124573,1.083455,Nothing
25.47638,13,1,0,2,0.5142311,0.853122,0.299166,355.1057,61.49142,282.547,0.596013,0.7865633,0.2007437,4.478692,5.125356,0.9102799,Nothing
25.48474,13,1,0,2,0.5155773,0.8524382,0.2978944,355.4689,61.83065,282.1962,0.5936906,0.7846999,0.1986379,4.474116,5.091045,0.7895477,Nothing
25.49277,13,1,0,2,0.5161912,0.8511954,0.2977926,355.8105,61.91265,281.8445,0.5913902,0.7827734,0.196349,4.463376,5.139663,0.6442958,Nothing
25.50131,13,1,0,2,0.5166253,0.8500531,0.297911,356.2097,61.90958,281.5145,0.5891707,0.7813705,0.1943041,4.437239,5.19664,0.5066336,Nothing
25.50998,13,1,0,2,0.5166795,0.8487086,0.298544,356.6359,61.7754,281.1749,0.5872113,0.7803536,0.1923534,4.390826,5.291891,0.3757901,Nothing
25.52002,13,1,0,2,0.5168654,0.8473858,0.2996644,357.083,61.47132,280.694,0.5856455,0.7803265,0.1905491,4.289999,5.426123,0.2329041,Nothing
25.52637,13,1,0,2,0.5171874,0.8462241,0.299935,357.5104,61.32909,280.1851,0.583986,0.7801798,0.1887081,4.193835,5.517213,0.1128537,Nothing
25.53467,13,1,0,2,0.5175164,0.8449209,0.3001947,357.9307,61.20859,279.6766,0.5824695,0.7803434,0.1870859,4.076444,5.603095,0.005443745,Nothing
25.54446,13,1,0,2,0.5180976,0.8436086,0.30005,358.4265,61.14894,279.004,0.5811623,0.7806528,0.1854061,3.933985,5.683679,-0.08623478,Nothing
25.55255,13,1,0,2,0.5186006,0.8421085,0.29984,358.9046,61.10412,278.4019,0.5798979,0.7814864,0.1842132,3.762883,5.741429,-0.160243,Nothing
25.55923,13,1,0,2,0.5192455,0.8405294,0.2996493,359.4141,61.08503,277.81,0.5784739,0.7818287,0.1827526,3.613582,5.797618,-0.2511795,Nothing
25.56808,13,1,0,2,0.5202786,0.8374661,0.2994333,0.4016047,61.01696,276.6826,0.5760104,0.7827871,0.1800031,3.316858,5.913665,-0.415832,Nothing
25.57608,13,1,0,2,0.520825,0.8358682,0.2994279,0.9045066,60.94667,276.1722,0.5749028,0.783776,0.1791691,3.146199,5.951403,-0.4905376,Nothing
25.5849,13,1,0,2,0.5212473,0.834392,0.2994627,1.393587,60.81787,275.6726,0.5740377,0.7853554,0.1787256,2.95434,5.981238,-0.5514749,Nothing
25.59357,13,1,0,2,0.5217581,0.8327698,0.2996624,1.868953,60.69497,275.159,0.5729802,0.7866626,0.1777488,2.770679,6.030232,-0.6423809,Nothing
25.60147,13,1,0,2,0.5220631,0.8314055,0.2998537,2.302556,60.54177,274.6565,0.572234,0.788598,0.1771398,2.569721,6.073006,-0.7108698,Nothing
25.61093,13,1,0,2,0.5224211,0.8305014,0.2996082,2.605871,60.50385,274.1061,0.5718856,0.791492,0.1766864,2.335953,6.101502,-0.7463721,Nothing
25.61795,13,1,0,2,0.5228325,0.8296166,0.299308,2.907209,60.45943,273.5542,0.5714992,0.7939864,0.1761442,2.122228,6.12397,-0.788092,Nothing
25.62659,13,1,0,2,0.5231847,0.8286842,0.2990247,3.177255,60.4145,273.0125,0.5712155,0.7965541,0.1757438,1.903097,6.141436,-0.8230409,Nothing
25.6344,13,1,0,2,0.5233826,0.827984,0.2989197,3.418554,60.29391,272.5067,0.5709099,0.799188,0.1749416,1.69761,6.179653,-0.8761525,Nothing
25.6441,13,1,0,2,0.5234997,0.8272371,0.2990376,3.666049,60.11596,272.0324,0.5713445,0.8018031,0.1750743,1.491059,6.202922,-0.8861546,Nothing
25.65308,13,1,0,2,0.5235456,0.8265099,0.2992328,3.912211,59.917,271.5771,0.5715381,0.8046177,0.1747633,1.279818,6.240032,-0.9198287,Nothing
25.65985,13,1,0,2,0.5235011,0.8256187,0.2996467,4.188666,59.67736,271.1329,0.5719209,0.8070547,0.1749522,1.079156,6.268083,-0.9400834,Nothing
25.66818,13,1,0,2,0.5235861,0.8246954,0.3001156,4.494791,59.37204,270.6931,0.5724377,0.8091922,0.1751281,0.892765,6.294875,-0.9692279,Nothing
25.67706,13,1,0,2,0.5231094,0.8233903,0.3014121,4.859802,58.86243,270.2401,0.5734828,0.8116534,0.1757406,0.671611,6.358379,-0.9900239,Nothing
25.68506,13,1,0,2,0.5227113,0.8221132,0.3023433,5.192376,58.50028,269.7939,0.5744112,0.8139294,0.1759423,0.4595574,6.418733,-1.00604,Nothing
25.69394,13,1,0,2,0.5218157,0.8192422,0.3047779,5.968199,57.5393,268.9072,0.5765025,0.8185061,0.1768532,0.02163798,6.537733,-1.062557,Nothing
25.70181,13,1,0,2,0.5214322,0.817704,0.3058489,6.400189,57.09586,268.4847,0.5781264,0.8206744,0.1775198,-0.1975796,6.592799,-1.061996,Nothing
25.70947,13,1,0,2,0.5211554,0.8161946,0.3069215,6.79658,56.67807,268.0372,0.5794001,0.8223814,0.1784539,-0.3961864,6.624246,-1.070325,Nothing
25.71857,13,1,0,2,0.5208814,0.8148491,0.3078652,7.140268,56.29016,267.5866,0.5810804,0.8243412,0.1793184,-0.6036231,6.661982,-1.060703,Nothing
25.72629,13,1,0,2,0.5205598,0.8137095,0.3087409,7.441282,55.91965,267.1485,0.5829514,0.8259947,0.1801339,-0.7887561,6.704735,-1.038289,Nothing
25.73544,13,1,0,2,0.520697,0.8131083,0.3089684,7.59415,55.7547,266.753,0.5844895,0.8273714,0.1809915,-0.9329398,6.703501,-0.999775,Nothing
25.74316,13,1,0,2,0.5208559,0.8123944,0.3090305,7.784349,55.61316,266.3284,0.5860942,0.8289934,0.1818911,-1.097939,6.692694,-0.9545841,Nothing
25.75241,13,1,0,2,0.521348,0.8115753,0.3087915,8.029301,55.56427,265.9082,0.5879988,0.8297419,0.1833726,-1.227854,6.648333,-0.8727666,Nothing
25.76117,13,1,0,2,0.5219065,0.8106188,0.3082266,8.281464,55.61621,265.4954,0.5900219,0.8307842,0.1847119,-1.379524,6.596276,-0.7761328,Nothing
25.7688,13,1,0,2,0.5226796,0.809528,0.3075717,8.563617,55.68579,265.1044,0.592136,0.8317137,0.1860716,-1.528874,6.535166,-0.681032,Nothing
25.77676,13,1,0,2,0.5233685,0.8083498,0.3068936,8.870659,55.7816,264.7213,0.5943143,0.8320366,0.1882139,-1.655037,6.446594,-0.5537028,Nothing
25.78528,13,1,0,2,0.5239726,0.8072181,0.3064079,9.159868,55.8172,264.3627,0.596273,0.8326607,0.1897722,-1.788118,6.382709,-0.4616547,Nothing
25.79489,13,1,0,2,0.5244428,0.8061956,0.3062211,9.41027,55.78878,263.9958,0.5986708,0.8330361,0.1917045,-1.909912,6.330466,-0.3499272,Nothing
25.8017,13,1,0,2,0.5248498,0.805447,0.3059781,9.603465,55.74411,263.6226,0.6011436,0.8332503,0.1936726,-2.013789,6.278927,-0.2281685,Nothing
25.80951,13,1,0,2,0.5255339,0.8046958,0.3056531,9.776514,55.74046,263.2386,0.6039203,0.8332299,0.196026,-2.109299,6.209295,-0.08652689,Nothing
25.81769,13,1,0,2,0.5265499,0.8031864,0.3049161,10.15754,55.7131,262.4664,0.6084049,0.8332446,0.1996102,-2.296484,6.089045,0.1369698,Nothing
25.82629,13,1,0,2,0.5271439,0.8025905,0.3041415,10.32586,55.74543,262.0401,0.6106102,0.832951,0.2012783,-2.372296,6.013828,0.2603381,Nothing
25.83493,13,1,0,2,0.527697,0.8019423,0.3036616,10.49315,55.74564,261.6459,0.6117547,0.8321033,0.2030934,-2.409585,5.922692,0.3410171,Nothing
25.84341,13,1,0,2,0.5283571,0.8014505,0.303131,10.62173,55.742,261.2911,0.612986,0.8314368,0.2048893,-2.442729,5.831104,0.422116,Nothing
25.85162,13,1,0,2,0.5287998,0.8008243,0.3027456,10.75815,55.71877,260.9514,0.6141298,0.8306625,0.2063609,-2.476725,5.761957,0.4933568,Nothing
25.8598,13,1,0,2,0.5293489,0.8003189,0.3023526,10.88505,55.71216,260.674,0.6152102,0.8298444,0.2079912,-2.494545,5.685431,0.5658818,Nothing
25.86829,13,1,0,2,0.5300289,0.8000623,0.3017531,10.96461,55.76647,260.4755,0.6158655,0.8293992,0.2092804,-2.504128,5.601581,0.619749,Nothing
25.87637,13,1,0,2,0.5307042,0.7998884,0.3011611,11.0056,55.84376,260.2877,0.6166605,0.8285509,0.2107059,-2.491317,5.520045,0.6902002,Nothing
25.88519,13,1,0,2,0.5311267,0.7997425,0.3006949,11.06437,55.89834,260.0255,0.6171804,0.8277874,0.2121401,-2.487515,5.439321,0.7533138,Nothing
25.89304,13,1,0,2,0.5320051,0.8000356,0.2998326,11.03099,56.007,259.8959,0.6175708,0.8270852,0.2131215,-2.445885,5.354186,0.8032897,Nothing
25.90186,13,1,0,2,0.5325438,0.8004987,0.2992424,10.94851,56.14621,259.807,0.6175264,0.8263308,0.2140838,-2.388954,5.281377,0.8477952,Nothing
25.91074,13,1,0,2,0.5332538,0.800358,0.2985258,10.89395,56.30217,259.7158,0.6177157,0.8254504,0.2152256,-2.354542,5.193478,0.8987722,Nothing
25.91812,13,1,0,2,0.534067,0.8004611,0.2976736,10.86359,56.49805,259.6635,0.6168779,0.8245187,0.2159768,-2.290458,5.091061,0.9043645,Nothing
25.92651,13,1,0,2,0.5353082,0.8004562,0.2964848,10.84913,56.73547,259.6398,0.616721,0.8238407,0.2168392,-2.243044,4.974199,0.9307274,Nothing
25.93497,13,1,0,2,0.5361245,0.8004296,0.2956313,10.85185,56.92936,259.5951,0.6155376,0.8230761,0.217364,-2.188175,4.870481,0.9116938,Nothing
25.94455,13,1,0,2,0.5377142,0.8000678,0.2942842,10.91357,57.27199,259.5646,0.6139091,0.8215754,0.2189495,-2.097669,4.675811,0.8985702,Nothing
25.95193,13,1,0,2,0.5383097,0.7999179,0.293834,10.95137,57.36664,259.5558,0.6128359,0.8209293,0.2194922,-2.054643,4.597637,0.8696726,Nothing
25.9603,13,1,0,2,0.5387619,0.7997001,0.2936116,10.99386,57.40334,259.518,0.6119977,0.820144,0.220233,-2.014571,4.5306,0.8504664,Nothing
25.96765,13,1,0,2,0.539364,0.7997461,0.2932905,11.01332,57.41317,259.4775,0.6111993,0.819576,0.2210285,-1.970056,4.455771,0.8294292,Nothing
25.97736,13,1,0,2,0.5396892,0.7995699,0.2932111,11.04564,57.39171,259.4028,0.610438,0.8187041,0.2218911,-1.928383,4.395686,0.8143526,Nothing
25.98477,13,1,0,2,0.5397631,0.7995016,0.2932591,11.04622,57.39819,259.3809,0.6098589,0.8176253,0.222822,-1.873463,4.352376,0.8205976,Nothing
25.99362,13,1,0,2,0.5400514,0.7995185,0.2931225,11.03536,57.40765,259.3297,0.6094424,0.8166243,0.22422,-1.817913,4.280697,0.8417001,Nothing
26.00153,13,1,0,2,0.5403731,0.7996036,0.2929024,11.00888,57.448,259.3168,0.6088687,0.8155596,0.2253932,-1.751492,4.212031,0.8555203,Nothing
26.00974,13,1,0,2,0.5405729,0.7996153,0.2926911,10.97373,57.48678,259.3165,0.6085774,0.8143584,0.2263802,-1.686536,4.161832,0.8807942,Nothing
26.01797,13,1,0,2,0.5408069,0.7997369,0.2923874,10.95162,57.5939,259.3438,0.6079884,0.8131817,0.2278585,-1.610938,4.080261,0.9131261,Nothing
26.02625,13,1,0,2,0.5411692,0.7996815,0.2920862,10.94287,57.71407,259.3979,0.60748,0.8119798,0.2287731,-1.5417,4.019453,0.9284318,Nothing
26.03531,13,1,0,2,0.5415816,0.7997137,0.2916479,10.92202,57.85596,259.4565,0.6065429,0.8111685,0.2296176,-1.480165,3.941667,0.9251053,Nothing
26.04272,13,1,0,2,0.5419128,0.7998218,0.2912326,10.89242,58.00898,259.5182,0.6053786,0.8104416,0.2303987,-1.417343,3.863749,0.9142008,Nothing
26.05243,13,1,0,2,0.5422707,0.7998767,0.2908263,10.86655,58.13947,259.5665,0.6040586,0.8099434,0.2314104,-1.365542,3.770308,0.8969144,Nothing
26.05948,13,1,0,2,0.5425566,0.7998006,0.2904924,10.86484,58.24846,259.6072,0.6028134,0.809405,0.232262,-1.321065,3.689203,0.8767611,Nothing
26.06839,13,1,0,2,0.5430518,0.7997507,0.2900265,10.85954,58.3955,259.6447,0.6003582,0.8085079,0.2339974,-1.239715,3.536353,0.8306104,Nothing
26.07736,13,1,0,2,0.5431218,0.7995429,0.2900782,10.89337,58.37649,259.613,0.5994905,0.8084098,0.2350013,-1.233196,3.474489,0.8140858,Nothing
26.08496,13,1,0,2,0.5431616,0.7994002,0.2901038,10.93492,58.35804,259.5913,0.5982791,0.8084122,0.2358426,-1.224325,3.410805,0.7814078,Nothing
26.0929,13,1,0,2,0.5432172,0.7991166,0.2901829,10.99588,58.32515,259.555,0.597756,0.8084506,0.2368238,-1.232388,3.357578,0.7749634,Nothing
26.10196,13,1,0,2,0.5433604,0.7989323,0.290112,11.03614,58.33095,259.5381,0.5969803,0.8082572,0.2377893,-1.219625,3.293604,0.7638546,Nothing
26.10968,13,1,0,2,0.543496,0.7987851,0.2900062,11.06448,58.34328,259.4942,0.5966028,0.8084707,0.2386428,-1.230366,3.238377,0.7641121,Nothing
26.11819,13,1,0,2,0.5438049,0.7987131,0.2895198,11.07222,58.44012,259.4349,0.5957813,0.8083718,0.2395584,-1.215744,3.152443,0.759205,Nothing
26.12616,13,1,0,2,0.5440421,0.7987322,0.2890538,11.06631,58.54929,259.4391,0.5950766,0.8081729,0.2405412,-1.190816,3.071804,0.7652535,Nothing
26.13495,13,1,0,2,0.5442984,0.798777,0.2886299,11.05106,58.65016,259.4451,0.594135,0.8080747,0.2414089,-1.16631,2.991275,0.7559091,Nothing
26.14413,13,1,0,2,0.5444807,0.798921,0.2882925,11.02054,58.72662,259.4675,0.5930498,0.8077772,0.2423824,-1.125963,2.911733,0.7455558,Nothing
26.15179,13,1,0,2,0.5446477,0.7990647,0.2880197,10.97864,58.79988,259.5308,0.5921609,0.8076478,0.2432197,-1.09433,2.844677,0.7369676,Nothing
26.1601,13,1,0,2,0.5448417,0.7991255,0.2877302,10.95356,58.87047,259.5681,0.591305,0.8075238,0.2440754,-1.068309,2.775066,0.7281722,Nothing
26.16791,13,1,0,2,0.5450071,0.7992216,0.2875743,10.90352,58.95298,259.6382,0.5903073,0.8072192,0.2450603,-1.029312,2.705344,0.717311,Nothing
26.17752,13,1,0,2,0.5452688,0.7994574,0.2871558,10.82458,59.07072,259.7422,0.5888883,0.8068429,0.2468869,-0.9698578,2.580424,0.7157956,Nothing
26.18469,13,1,0,2,0.5450031,0.799709,0.2873267,10.80078,59.0222,259.7412,0.5891132,0.8067606,0.2469655,-0.9600295,2.598919,0.7341732,Nothing
26.19302,13,1,0,2,0.5449208,0.8001049,0.2873948,10.68486,58.98607,259.8016,0.5881553,0.8062243,0.248866,-0.8973297,2.513447,0.7507417,Nothing
26.20135,13,1,0,2,0.5449136,0.8002031,0.2874708,10.63838,58.94056,259.8203,0.5880628,0.8056858,0.2498389,-0.8628529,2.48115,0.7728714,Nothing
26.21005,13,1,0,2,0.544867,0.8004028,0.2874354,10.61288,58.92585,259.8599,0.5879785,0.8050142,0.250831,-0.8173474,2.446297,0.8033468,Nothing
26.21802,13,1,0,2,0.5449373,0.8002781,0.2873184,10.63146,58.94283,259.8784,0.5876452,0.8045537,0.2517074,-0.7940153,2.3991,0.8147209,Nothing
26.22702,13,1,0,2,0.5449648,0.8000965,0.2871782,10.66718,58.99566,259.9037,0.5875063,0.8038746,0.2523638,-0.7667281,2.366143,0.8336723,Nothing
26.23474,13,1,0,2,0.5450708,0.7998848,0.2869622,10.72003,59.0625,259.917,0.5871906,0.8033541,0.2531453,-0.7454376,2.317106,0.845983,Nothing
26.2431,13,1,0,2,0.545248,0.7996603,0.2867087,10.75281,59.10935,259.9242,0.5870743,0.8027597,0.2539093,-0.722661,2.270944,0.8636674,Nothing
26.25162,13,1,0,2,0.5453249,0.7995813,0.2864422,10.79646,59.15654,259.8793,0.5869123,0.8022124,0.2546423,-0.6982483,2.226872,0.8838923,Nothing
26.25964,13,1,0,2,0.5453849,0.7995269,0.286455,10.80705,59.16298,259.851,0.5868271,0.8016953,0.2554362,-0.6744157,2.19485,0.9011121,Nothing
26.26837,13,1,0,2,0.5454178,0.7995383,0.2863475,10.80208,59.18264,259.8214,0.586936,0.8010741,0.2562554,-0.6448165,2.163075,0.9328062,SelectionStart
26.2684,13,1,0,2,0.5454178,0.7995383,0.2863475,10.80208,59.18264,259.8214,0.586936,0.8010741,0.2562554,-0.6448165,2.163075,0.9328062,Selecting
26.29614,13,1,0,2,0.5455025,0.8001694,0.2858544,10.68489,59.32554,259.8155,0.588046,0.797741,0.2594127,-0.4630311,2.066697,1.102185,Selecting
26.32217,13,1,0,2,0.5453699,0.8007677,0.2860682,10.524,59.26807,259.9438,0.5882261,0.7944258,0.2607924,-0.2751977,2.060602,1.174847,Selecting
26.34662,13,1,0,2,0.5452358,0.8006924,0.2860577,10.54981,59.36488,260.1285,0.5878433,0.793462,0.26123,-0.2243528,2.04246,1.186749,Selecting
26.37106,13,1,0,2,0.5448644,0.8010368,0.2864,10.46819,59.34454,260.2579,0.5879025,0.7938742,0.2604198,-0.229042,2.100275,1.1751,Selecting
26.40311,13,1,0,2,0.544145,0.8016121,0.2870767,10.34894,59.17128,260.3018,0.5887228,0.7942535,0.2589549,-0.2383908,2.228967,1.180738,Selecting
26.46683,13,1,0,2,0.543615,0.8024686,0.2875791,10.14062,59.08548,260.5925,0.5904689,0.7946957,0.2567321,-0.2352495,2.39978,1.2063,Selecting
26.48886,13,1,0,2,0.5436795,0.8031182,0.2875662,9.992696,59.16509,260.7835,0.5921034,0.7949134,0.2561383,-0.2230038,2.462474,1.261983,Selecting
26.51031,13,1,0,2,0.5439392,0.8036862,0.2873768,9.831079,59.26971,260.9368,0.593158,0.7950682,0.2553451,-0.2041137,2.50738,1.286861,Selecting
26.53281,13,1,0,2,0.5442551,0.8038057,0.2870474,9.798342,59.35326,260.9608,0.5936261,0.7956282,0.2543297,-0.2263235,2.534134,1.27652,Selecting
26.56259,13,1,0,2,0.5445196,0.8030294,0.2870692,9.972853,59.2861,260.7848,0.5948936,0.7963895,0.2533139,-0.3222448,2.588315,1.277024,Selecting
26.60709,13,1,0,2,0.5450453,0.8027329,0.2865761,10.07085,59.27426,260.5762,0.5977401,0.7966028,0.2524105,-0.3839957,2.652944,1.3561,Selecting
26.66858,13,1,0,2,0.545469,0.8029438,0.2857639,9.991893,59.40642,260.5692,0.6002777,0.7962927,0.2515771,-0.3822104,2.702946,1.451223,Selecting
26.69257,13,1,0,2,0.5454921,0.803013,0.2855723,9.97555,59.42078,260.6063,0.6019803,0.79602,0.2517266,-0.3818344,2.729664,1.53063,Selecting
26.716,13,1,0,2,0.545353,0.8029762,0.2857127,10.00953,59.41012,260.572,0.6025509,0.7954916,0.2517117,-0.3697827,2.755872,1.559171,Selecting
26.74356,13,1,0,2,0.5451813,0.8027003,0.2860405,10.04482,59.32256,260.5369,0.6026566,0.7945388,0.2515804,-0.3450013,2.7883,1.560863,Selecting
26.767,13,1,0,2,0.5451331,0.8029156,0.2861216,10.00252,59.33881,260.6205,0.6033244,0.7941831,0.2513593,-0.3220703,2.82164,1.587933,Selecting
26.8053,13,1,0,2,0.5449642,0.8035151,0.2859143,9.870182,59.38729,260.6864,0.6036158,0.7936125,0.2509105,-0.2668464,2.850549,1.612323,Selecting
26.86041,13,1,0,2,0.5441878,0.8035547,0.2864458,9.886022,59.24442,260.6617,0.6036862,0.7922316,0.2496976,-0.2157925,2.956169,1.609264,Selecting
26.88348,13,1,0,2,0.544081,0.8037634,0.2864887,9.843662,59.28563,260.7549,0.6045206,0.7913056,0.2495014,-0.1682219,2.995457,1.652622,Selecting
26.90997,13,1,0,2,0.5438149,0.8041877,0.2866814,9.75033,59.23942,260.8164,0.6050793,0.7902195,0.2492247,-0.102195,3.046872,1.683903,Selecting
26.93295,13,1,0,2,0.5435082,0.8045202,0.2870644,9.683291,59.16207,260.8131,0.605873,0.7893036,0.2490734,-0.05533026,3.105977,1.72091,Selecting
26.95914,13,1,0,2,0.5435688,0.8043628,0.2869709,9.716696,59.20142,260.8318,0.6074511,0.788555,0.2491395,-0.04392915,3.137401,1.792998,Selecting
26.99673,13,1,0,2,0.5436256,0.8039893,0.2868244,9.796308,59.27694,260.8092,0.610514,0.787177,0.2493648,-0.03287636,3.195767,1.935948,Selecting
27.0564,13,1,0,2,0.5436414,0.8039713,0.2871588,9.792497,59.22811,260.7759,0.6141225,0.7868341,0.2499111,-0.0575316,3.273493,2.085796,Selecting
27.08865,13,1,0,2,0.5441864,0.8036848,0.2865984,9.830935,59.39025,260.7824,0.6166587,0.7873532,0.25019,-0.1158911,3.272355,2.189026,Selecting
27.11966,13,1,0,2,0.5443109,0.8033514,0.2867938,9.874821,59.33103,260.7615,0.6176319,0.7879273,0.2501063,-0.1704162,3.29828,2.206182,Selecting
27.14822,13,1,0,2,0.5443156,0.8034386,0.2868297,9.8799,59.29332,260.7437,0.6185163,0.7884955,0.2500426,-0.203536,3.320204,2.233241,Selecting
27.20557,13,1,0,2,0.5445415,0.8031447,0.2864837,9.970353,59.3545,260.6487,0.6207741,0.7887597,0.2493004,-0.2618012,3.375274,2.305147,Selecting
27.33606,13,1,0,2,0.5446115,0.8034381,0.2861733,9.88592,59.39661,260.6682,0.6225335,0.7862281,0.2456637,-0.1535264,3.570934,2.319029,Selecting
27.41757,13,1,0,2,0.5454348,0.803481,0.285405,9.878083,59.50995,260.6222,0.624832,0.7845168,0.2452278,-0.09055819,3.59954,2.407742,Selecting
27.45993,13,1,0,2,0.5449833,0.8031627,0.2855525,9.955513,59.37096,260.5015,0.6264456,0.7842802,0.2456236,-0.1266074,3.640666,2.488468,Selecting
27.51431,13,1,0,2,0.5449197,0.8039901,0.285199,9.791164,59.50183,260.6757,0.6286379,0.7842883,0.2461846,-0.09306386,3.656449,2.614813,Selecting
27.61179,13,1,0,2,0.5450201,0.8037116,0.2853979,9.820346,59.44957,260.5722,0.6296405,0.7837264,0.2458152,-0.09898185,3.704443,2.637008,Selecting
27.67273,13,1,0,2,0.5458246,0.8036017,0.284751,9.85371,59.60617,260.562,0.6294888,0.7832406,0.2455257,-0.07297127,3.66366,2.620038,Selecting
27.77539,13,1,0,2,0.5457027,0.8034256,0.2848502,9.892461,59.57088,260.4239,0.6277543,0.7827919,0.2453417,-0.05391372,3.642096,2.548482,Selecting
27.82672,13,1,0,2,0.5454729,0.8032408,0.2851662,9.904407,59.50709,260.43,0.6264881,0.7831994,0.2453186,-0.07075468,3.630633,2.489846,Selecting
27.88437,13,1,0,2,0.5457631,0.8033494,0.284831,9.903432,59.5401,260.3531,0.6262577,0.7834267,0.2456594,-0.07358244,3.588619,2.48593,Selecting
27.97101,13,1,0,2,0.5459917,0.8032568,0.2844804,9.910419,59.61949,260.3611,0.6253483,0.7842624,0.2456856,-0.1030209,3.536736,2.446123,Selecting
28.01233,13,1,0,2,0.5457501,0.8035582,0.28476,9.862756,59.52395,260.3175,0.6257681,0.7841316,0.2458389,-0.09101363,3.564553,2.467207,Selecting
28.07339,13,1,0,2,0.5459841,0.803463,0.2844892,9.883633,59.58634,260.3187,0.6258587,0.7840379,0.2456826,-0.09021411,3.553808,2.468088,Selecting
28.17038,13,1,0,2,0.5462378,0.8032856,0.284272,9.904519,59.63846,260.2837,0.6251242,0.7833413,0.2453768,-0.05881015,3.536907,2.433585,Selecting
28.22656,13,1,0,2,0.546399,0.803419,0.2840002,9.899788,59.66381,260.277,0.6249426,0.7833347,0.2453043,-0.04829724,3.521063,2.427058,Selecting
28.27328,13,1,0,2,0.5461208,0.8036557,0.2842155,9.843678,59.6203,260.2931,0.6244091,0.7832209,0.2450921,-0.02702878,3.537893,2.406296,Selecting
28.3653,13,1,0,2,0.5462511,0.8034473,0.2841938,9.890625,59.61443,260.2653,0.624028,0.7828804,0.2451378,-0.01872784,3.52453,2.388406,Selecting
28.41812,13,1,0,2,0.5466797,0.8034172,0.283738,9.885862,59.71568,260.25,0.6240065,0.782505,0.2450747,0.002221731,3.496894,2.388281,Selecting
28.46033,13,1,0,2,0.5464864,0.8033018,0.2840354,9.930138,59.65422,260.2619,0.6243321,0.7819836,0.2451654,0.01379275,3.522481,2.404537,Selecting
28.54346,13,1,0,2,0.5460664,0.8035203,0.2843953,9.883621,59.59468,260.3324,0.6257703,0.781611,0.2456059,0.02739271,3.568486,2.482399,Selecting
28.59103,13,1,0,2,0.5462595,0.8034343,0.2840964,9.89492,59.71108,260.3099,0.627131,0.7815701,0.2460606,0.01231573,3.558349,2.554287,Selecting
28.63525,13,1,0,2,0.5462746,0.8033128,0.2842687,9.898634,59.64804,260.3137,0.6276423,0.7816418,0.2461895,-0.001925902,3.572486,2.568002,Selecting
28.8154,13,1,0,2,0.5465775,0.8033567,0.283877,9.892369,59.7149,260.2526,0.6267874,0.7814198,0.2456449,0.01894031,3.552016,2.52365,Selecting
28.90991,13,1,0,2,0.5467796,0.8033341,0.283769,9.879959,59.72374,260.2885,0.6266448,0.7812255,0.2457459,0.03400594,3.536719,2.516432,Selecting
28.95251,13,1,0,2,0.5465302,0.8031032,0.2838625,9.951723,59.69305,260.2087,0.6269612,0.781213,0.2457307,0.009400012,3.552982,2.533917,Selecting
29.00894,13,1,0,2,0.5466663,0.803633,0.2837788,9.83247,59.71006,260.2579,0.6266905,0.7810861,0.2457002,0.05257859,3.547017,2.523779,Selecting
29.09988,13,1,0,2,0.5465243,0.8035906,0.2841034,9.832926,59.6463,260.2267,0.6273196,0.7808734,0.2459138,0.04989805,3.573043,2.549921,Selecting
29.15091,13,1,0,2,0.546621,0.8033731,0.2837164,9.897701,59.70644,260.1867,0.6275222,0.7807905,0.2459367,0.03817982,3.554405,2.567178,Selecting
29.20441,13,1,0,2,0.5467197,0.8036875,0.2834998,9.837636,59.73717,260.2078,0.6273119,0.7808956,0.2457918,0.05533292,3.545295,2.559233,Selecting
29.29565,13,1,0,2,0.5469381,0.8034369,0.2832779,9.902571,59.77844,260.1295,0.6266955,0.7810263,0.2452043,0.03803688,3.536394,2.516862,Selecting
29.33914,13,1,0,2,0.5466776,0.8035489,0.2837415,9.847646,59.69538,260.1957,0.628381,0.7812067,0.2452529,0.01894315,3.600576,2.579701,SelectionEnd
29.38632,13,1,0,2,0.5466776,0.8035489,0.2837415,9.847646,59.69538,260.1957,0.628381,0.7812067,0.2452529,0.01894315,3.600576,2.579701,GotSelection
29.40775,13,1,0,2,0.5467643,0.8035165,0.283613,9.86436,59.78059,260.2556,0.6295959,0.7823673,0.2454432,-0.04494096,3.599382,2.628603,Nothing
29.42599,13,1,0,2,0.546733,0.8035721,0.2838762,9.828699,59.73013,260.2494,0.6298028,0.7832489,0.2451087,-0.08611933,3.625334,2.613962,Nothing
29.43787,13,1,0,2,0.5466875,0.8036644,0.283907,9.830683,59.72012,260.2586,0.629895,0.7835708,0.2449576,-0.09825328,3.634547,2.612779,Nothing
29.44687,13,1,0,2,0.5466258,0.8035618,0.2838205,9.826914,59.73542,260.2889,0.6302018,0.7838062,0.2447149,-0.1163265,3.645984,2.622183,Nothing
29.4809,13,1,0,2,0.5466679,0.8035105,0.2837172,9.835261,59.77257,260.3004,0.6305665,0.7840653,0.244513,-0.134267,3.653135,2.632783,Nothing
29.48627,13,1,0,2,0.5466844,0.8036013,0.2836174,9.835048,59.79809,260.3362,0.6328793,0.784262,0.2443882,-0.1621707,3.703768,2.726015,Nothing
29.50089,13,1,0,2,0.546458,0.8035054,0.2839068,9.835386,59.7604,260.3507,0.6342912,0.7844893,0.2443409,-0.1949722,3.753709,2.779444,Nothing
29.50906,13,1,0,2,0.5463732,0.8035467,0.2837664,9.848786,59.79301,260.3962,0.6354601,0.7844782,0.2444167,-0.2034183,3.771827,2.837986,Nothing
29.51755,13,1,0,2,0.546338,0.803556,0.2837313,9.848729,59.81581,260.431,0.636626,0.784372,0.2444943,-0.2086488,3.794034,2.891763,Nothing
29.52637,13,1,0,2,0.5462996,0.8036526,0.2836349,9.838329,59.84903,260.4692,0.637983,0.7842166,0.2447104,-0.2083817,3.812951,2.959855,Nothing
29.53397,13,1,0,2,0.5462486,0.8037813,0.2836264,9.80546,59.85277,260.4992,0.6393621,0.7838829,0.2448739,-0.1983753,3.8417,3.025673,Nothing
29.5426,13,1,0,2,0.5460913,0.8039874,0.283725,9.756492,59.8256,260.5262,0.6407577,0.7835672,0.2449299,-0.1867125,3.884284,3.089701,Nothing
29.55112,13,1,0,2,0.5459548,0.8042128,0.283801,9.704091,59.80395,260.5658,0.6425432,0.7831744,0.2449975,-0.1732835,3.934343,3.170562,Nothing
29.55899,13,1,0,2,0.5458335,0.8044,0.2838737,9.662046,59.79194,260.6083,0.6442759,0.7827641,0.2451474,-0.1600418,3.97862,3.251198,Nothing
29.5676,13,1,0,2,0.5458078,0.8045417,0.2838544,9.627576,59.82742,260.6751,0.6461427,0.7824783,0.2454052,-0.153193,4.011532,3.340052,Nothing
29.57645,13,1,0,2,0.5456883,0.8048184,0.2837738,9.564382,59.882,260.787,0.6500861,0.7813764,0.2456933,-0.1199669,4.095793,3.527818,Nothing
29.5838,13,1,0,2,0.5456358,0.8049656,0.2836937,9.530967,59.91769,260.8391,0.6519985,0.7809178,0.2457954,-0.1064145,4.135237,3.618897,Nothing
29.59274,13,1,0,2,0.5455617,0.8050562,0.283676,9.487871,59.95626,260.8702,0.6543089,0.7800201,0.2460344,-0.08007826,4.183641,3.731912,Nothing
29.60068,13,1,0,2,0.54554,0.8052558,0.2836845,9.445927,59.97914,260.9167,0.6565814,0.7791708,0.2461422,-0.0490698,4.237864,3.836934,Nothing
29.60956,13,1,0,2,0.5455794,0.8054977,0.2835121,9.405018,60.02398,260.9785,0.6589396,0.7781501,0.2462842,-0.006557005,4.283741,3.951271,Nothing
29.6178,13,1,0,2,0.5455884,0.8056343,0.2833937,9.370433,60.08206,261.0565,0.6613423,0.7767414,0.2465084,0.04941067,4.330974,4.072557,Nothing
29.62567,13,1,0,2,0.5455886,0.8057352,0.2832611,9.331923,60.1558,261.1378,0.6636251,0.775345,0.2466505,0.1049201,4.376764,4.188483,Nothing
29.63373,13,1,0,2,0.545681,0.8059101,0.2830158,9.286621,60.25917,261.2302,0.6659739,0.7739931,0.2466491,0.1636329,4.420957,4.304998,Nothing
29.64343,13,1,0,2,0.5457894,0.8061119,0.2826388,9.24273,60.3815,261.3251,0.6682508,0.7725924,0.2466909,0.2276159,4.454507,4.424067,Nothing
29.65259,13,1,0,2,0.54601,0.8062723,0.2821931,9.203263,60.52828,261.4184,0.6706538,0.7710035,0.2465996,0.2979661,4.489537,4.545287,Nothing
29.65961,13,1,0,2,0.5462022,0.8064035,0.281799,9.173481,60.6601,261.4822,0.6729202,0.7692497,0.2464227,0.3726036,4.529357,4.65905,Nothing
29.66757,13,1,0,2,0.5463323,0.8065099,0.2814862,9.145898,60.76456,261.5353,0.6751912,0.7676696,0.2462505,0.4363869,4.574119,4.770303,Nothing
29.6778,13,1,0,2,0.546454,0.8064861,0.2812238,9.158023,60.83781,261.5094,0.6772837,0.7659103,0.2460305,0.4944063,4.62187,4.871175,Nothing
29.68411,13,1,0,2,0.5466136,0.8064187,0.2809128,9.177601,60.91549,261.4927,0.6792769,0.7642258,0.2457871,0.5484039,4.664009,4.96673,Nothing
29.69379,13,1,0,2,0.5469145,0.8062201,0.2804566,9.222522,61.01615,261.4656,0.6808674,0.7626107,0.2454388,0.5954939,4.68884,5.04182,Nothing
29.70065,13,1,0,2,0.5474414,0.8058648,0.2795821,9.314998,61.23843,261.3978,0.6836289,0.7599193,0.2446164,0.6679187,4.732153,5.172473,Nothing
29.70972,13,1,0,2,0.5479349,0.8054629,0.2787447,9.433333,61.42448,261.3112,0.6840922,0.7587536,0.2441218,0.6868709,4.705888,5.202347,Nothing
29.71771,13,1,0,2,0.5484811,0.804888,0.2777891,9.568764,61.65033,261.2028,0.6839,0.7578509,0.2434304,0.6893802,4.661255,5.201236,Nothing
29.72629,13,1,0,2,0.5491335,0.8042223,0.2766804,9.735386,61.91328,261.0819,0.6843879,0.7568432,0.2427228,0.6833401,4.61971,5.23038,Nothing
29.7338,13,1,0,2,0.5497032,0.8034996,0.2756781,9.912644,62.15192,260.9286,0.6837161,0.7559678,0.2422004,0.6767567,4.553236,5.213189,Nothing
29.7431,13,1,0,2,0.5503021,0.8028147,0.2747004,10.08746,62.36668,260.7806,0.6831458,0.7552235,0.241496,0.6656067,4.498615,5.191446,Nothing
29.75122,13,1,0,2,0.5508195,0.8021307,0.2739961,10.25924,62.48286,260.5793,0.6821114,0.7547058,0.2407075,0.6436629,4.458892,5.136486,Nothing
29.75961,13,1,0,2,0.5512874,0.8014938,0.2735882,10.41928,62.5288,260.3784,0.6812809,0.7543479,0.2398649,0.6142027,4.444571,5.077929,Nothing
29.76721,13,1,0,2,0.5517896,0.8008075,0.2730467,10.6011,62.57301,260.162,0.6801873,0.7540119,0.2389903,0.5825328,4.419325,5.008895,Nothing
29.77625,13,1,0,2,0.5522141,0.8000927,0.2726175,10.79319,62.60218,259.9376,0.6788847,0.7537866,0.2380646,0.5445645,4.39837,4.928694,Nothing
29.78394,13,1,0,2,0.552599,0.7994189,0.2721028,10.98226,62.62346,259.7022,0.6776137,0.7537408,0.237017,0.4993715,4.379964,4.848641,Nothing
29.79282,13,1,0,2,0.5529385,0.7988797,0.2717505,11.16592,62.58241,259.4197,0.6759311,0.7538466,0.2358959,0.4545049,4.369272,4.743412,Nothing
29.80035,13,1,0,2,0.5534041,0.7983937,0.271183,11.32866,62.59169,259.1645,0.674381,0.7540755,0.2350855,0.4128633,4.331752,4.652175,Nothing
29.80994,13,1,0,2,0.5538095,0.7981242,0.2705511,11.47538,62.62368,258.8936,0.6729583,0.7540469,0.2340202,0.3907853,4.308774,4.570243,Nothing
29.81738,13,1,0,2,0.5543742,0.7981415,0.2697653,11.56891,62.65889,258.6172,0.6708735,0.7543467,0.2330779,0.3826118,4.258146,4.458901,Nothing
29.82681,13,1,0,2,0.5554308,0.7982376,0.2683409,11.73365,62.68759,258.027,0.6666681,0.7552249,0.2310634,0.3560432,4.171436,4.226254,Nothing
29.83411,13,1,0,2,0.5560396,0.7990378,0.2674015,11.69763,62.69104,257.6679,0.6642518,0.7556401,0.2301953,0.3898245,4.115725,4.105659,Nothing
29.84372,13,1,0,2,0.5566645,0.8000501,0.2663268,11.61725,62.6947,257.2704,0.6619138,0.7564592,0.2292344,0.4151281,4.058973,3.985644,Nothing
29.85089,13,1,0,2,0.557433,0.8013029,0.2651804,11.51636,62.72512,256.8435,0.6595653,0.7574093,0.2282033,0.4472294,3.999704,3.861463,Nothing
29.85934,13,1,0,2,0.5582738,0.8031069,0.2635881,11.35004,62.83676,256.436,0.6571297,0.7584962,0.2272796,0.5095195,3.915232,3.749684,Nothing
29.86749,13,1,0,2,0.5590413,0.8042812,0.2623095,11.28552,62.91442,256.0653,0.6546336,0.7597337,0.2263976,0.5312944,3.835176,3.625165,Nothing
29.87604,13,1,0,2,0.5600677,0.8058144,0.2607357,11.21239,63.00714,255.6355,0.6521884,0.7614721,0.2255289,0.5488285,3.737136,3.497613,Nothing
29.88391,13,1,0,2,0.560896,0.8072042,0.2594395,11.18132,63.04672,255.1538,0.6497115,0.7630273,0.2247006,0.5596209,3.65623,3.369953,Nothing
29.89261,13,1,0,2,0.5616783,0.8084813,0.2584343,11.20726,62.97262,254.4928,0.6473711,0.764586,0.2237815,0.5465299,3.60067,3.235636,Nothing
29.90106,13,1,0,2,0.5624654,0.8097714,0.2573287,11.22836,62.92896,253.8484,0.6453783,0.7667574,0.2233597,0.509286,3.516948,3.12447,Nothing
29.90958,13,1,0,2,0.5632558,0.81081,0.2562219,11.28013,62.89595,253.246,0.6430927,0.7686803,0.2225887,0.4763157,3.440446,2.995031,Nothing
29.91788,13,1,0,2,0.5642145,0.8114848,0.254963,11.52296,62.82735,252.5018,0.640937,0.7715508,0.2217271,0.3704544,3.341763,2.855771,Nothing
29.92596,13,1,0,2,0.5650173,0.8121979,0.2539358,11.66079,62.77042,251.851,0.6385742,0.7740875,0.2209287,0.2942214,3.253097,2.712121,Nothing
29.9339,13,1,0,2,0.5657369,0.8130978,0.2527581,11.8436,62.68863,251.1741,0.6363993,0.7769656,0.2201892,0.2083771,3.15741,2.582251,Nothing
29.9426,13,1,0,2,0.567334,0.8150132,0.2506706,12.13933,62.49628,249.7794,0.6318708,0.7822042,0.2187597,0.07744063,2.976647,2.306875,Nothing
29.95059,13,1,0,2,0.5681618,0.8159981,0.2495325,12.29123,62.33604,248.8874,0.6296831,0.7852985,0.2183929,-0.009058248,2.861731,2.173259,Nothing
29.95935,13,1,0,2,0.5690111,0.8171735,0.2483149,12.4426,62.18379,247.9358,0.6276546,0.7883025,0.2179621,-0.08400792,2.750791,2.048992,Nothing
29.96729,13,1,0,2,0.5698919,0.8181543,0.2469376,12.61205,62.06462,246.9333,0.6258605,0.7914814,0.2178211,-0.171227,2.614938,1.94083,Nothing
29.97693,13,1,0,2,0.5709098,0.8190795,0.245131,12.81166,61.98091,245.8593,0.6240306,0.7948654,0.2177951,-0.2580176,2.445247,1.836485,Nothing
29.9845,13,1,0,2,0.5717473,0.8199984,0.2438157,12.98087,61.85586,244.9009,0.6227029,0.7987224,0.2178708,-0.370163,2.292927,1.744206,Nothing
29.99353,13,1,0,2,0.5723376,0.8206259,0.2428779,13.16539,61.62447,243.7904,0.6211463,0.802054,0.2176443,-0.4832646,2.171122,1.636236,Nothing
30.00116,13,1,0,2,0.5730478,0.8217775,0.2418012,13.30369,61.40145,242.8153,0.6198338,0.8060644,0.2176748,-0.5880207,2.030305,1.540255,Nothing
30.00931,13,1,0,2,0.5737471,0.8226885,0.2407935,13.45447,61.18978,241.8688,0.6186048,0.8101944,0.2177604,-0.7036464,1.880377,1.44436,Nothing
30.01794,13,1,0,2,0.5744756,0.8235162,0.2397941,13.60488,60.92961,240.9866,0.6178074,0.8145734,0.2179746,-0.8317126,1.723138,1.36206,Nothing
30.02597,13,1,0,2,0.5751814,0.8245376,0.238945,13.7263,60.70271,240.1516,0.6168065,0.8186641,0.2183704,-0.9292254,1.569717,1.279594,Nothing
30.03418,13,1,0,2,0.5760703,0.8257292,0.2377709,13.81284,60.48498,239.3372,0.6160069,0.8227391,0.2188697,-1.006906,1.40233,1.210223,Nothing
30.04266,13,1,0,2,0.5767055,0.8270388,0.2367205,13.79521,60.3083,238.5845,0.6152236,0.8267712,0.2194521,-1.07647,1.243737,1.154629,Nothing
30.05112,13,1,0,2,0.5769675,0.8283457,0.2360768,13.74863,60.12023,237.8663,0.6146573,0.830869,0.2202899,-1.158672,1.09742,1.119009,Nothing
30.05948,13,1,0,2,0.5777874,0.8300793,0.2349678,13.60357,60.03738,237.3054,0.6146215,0.835103,0.2213792,-1.20822,0.9311913,1.106333,Nothing
30.06717,13,1,0,2,0.5784233,0.8315701,0.2338418,13.53402,59.96121,236.7008,0.614329,0.8392845,0.2222451,-1.266032,0.7640314,1.084077,Nothing
30.07809,13,1,0,2,0.5798027,0.8337914,0.2316112,13.44874,59.84845,235.5183,0.6146076,0.8478245,0.2243471,-1.417497,0.3989193,1.069198,Nothing
30.08557,13,1,0,2,0.580617,0.834967,0.2301011,13.3976,59.92655,235.0911,0.6150854,0.8520394,0.2257773,-1.471169,0.1933301,1.092766,Nothing
30.09296,13,1,0,2,0.5817264,0.8360623,0.2286382,13.35895,59.96139,234.684,0.6158332,0.856187,0.227208,-1.52319,-0.0107355,1.113117,Nothing
30.10135,13,1,0,2,0.5824341,0.837259,0.2271382,13.3054,59.99492,234.2466,0.6166564,0.8601818,0.2288759,-1.56732,-0.2127629,1.162148,Nothing
30.10947,13,1,0,2,0.5834255,0.8385447,0.2257577,13.21194,60.03381,234.0042,0.6176751,0.8639789,0.2306302,-1.596939,-0.4017957,1.211255,Nothing
30.11777,13,1,0,2,0.5841953,0.8396374,0.224731,13.08929,60.03248,233.6914,0.6187688,0.867645,0.2324894,-1.63786,-0.5803037,1.266626,Nothing
30.12656,13,1,0,2,0.5848242,0.8408331,0.2237873,12.949,60.00871,233.3877,0.620069,0.8711899,0.2344931,-1.674762,-0.7493691,1.340762,Nothing
30.13571,13,1,0,2,0.5854356,0.8420159,0.2232864,12.81201,59.90716,233.12,0.6213999,0.8744394,0.2365546,-1.710184,-0.8930913,1.411078,Nothing
30.14374,13,1,0,2,0.5859991,0.8428058,0.2224652,12.71355,59.86931,232.8593,0.6228511,0.8775529,0.238673,-1.749331,-1.057346,1.493986,Nothing
30.15128,13,1,0,2,0.5865136,0.8436319,0.2219081,12.64562,59.78878,232.628,0.6243684,0.880326,0.2409177,-1.780557,-1.202978,1.581555,Nothing
30.15933,13,1,0,2,0.5870811,0.8441008,0.2210445,12.63746,59.79834,232.3989,0.6258453,0.8829437,0.2431889,-1.808529,-1.371081,1.669265,Nothing
30.16766,13,1,0,2,0.5876549,0.8443033,0.2204719,12.68823,59.79145,232.2303,0.6273558,0.8853225,0.2455876,-1.843626,-1.532668,1.751529,Nothing
30.17599,13,1,0,2,0.588268,0.8444592,0.2194101,12.72999,59.86254,232.0189,0.6285151,0.8873525,0.2479037,-1.846215,-1.709306,1.830714,Nothing
30.18442,13,1,0,2,0.5888924,0.8446228,0.2183613,12.77423,59.94726,231.8218,0.6296406,0.8894342,0.2500981,-1.851056,-1.883301,1.903829,Nothing
30.19263,13,1,0,2,0.590059,0.8453493,0.2169411,12.77888,59.99514,231.4539,0.6303625,0.8914318,0.2521563,-1.799077,-2.062901,1.952834,Nothing
30.2009,13,1,0,2,0.5906066,0.8456313,0.216066,12.75433,60.05714,231.2855,0.6321213,0.8951864,0.2563091,-1.833848,-2.333324,2.082234,Nothing
30.20978,13,1,0,2,0.5910975,0.8460667,0.2157867,12.71673,60.02187,231.1584,0.6322738,0.8966647,0.258442,-1.806441,-2.455425,2.115967,Nothing
30.21722,13,1,0,2,0.5916132,0.8463724,0.2150811,12.6753,60.07755,231.0578,0.6326,0.8979229,0.2601782,-1.775962,-2.576174,2.156357,Nothing
30.22656,13,1,0,2,0.5920951,0.8467222,0.2144493,12.63603,60.13463,231.0037,0.6329816,0.8990265,0.2619194,-1.743426,-2.686131,2.200548,Nothing
30.2345,13,1,0,2,0.592513,0.8471361,0.2140623,12.55447,60.14844,230.9749,0.6329539,0.8999462,0.2632545,-1.709796,-2.766838,2.221288,Nothing
30.24268,13,1,0,2,0.5928772,0.8474145,0.2135512,12.52261,60.21433,230.9802,0.6333332,0.9008491,0.264786,-1.68471,-2.858519,2.263111,Nothing
30.25058,13,1,0,2,0.5930249,0.8477108,0.2130656,12.49758,60.28961,230.9661,0.6336348,0.901978,0.266367,-1.668395,-2.956483,2.30822,Nothing
30.26031,13,1,0,2,0.5933974,0.8479379,0.2124621,12.4773,60.36384,230.9169,0.6338688,0.9023442,0.2678006,-1.619454,-3.037925,2.347557,Nothing
30.26782,13,1,0,2,0.5936891,0.8480908,0.2119762,12.46026,60.43417,230.8841,0.6342007,0.9028221,0.269197,-1.585415,-3.116542,2.388358,Nothing
30.27631,13,1,0,2,0.5936981,0.8481655,0.2118313,12.44425,60.48616,230.8852,0.6344759,0.9032532,0.2708332,-1.562082,-3.188084,2.4359,Nothing
30.28409,13,1,0,2,0.5938441,0.848214,0.2115813,12.43659,60.51876,230.8683,0.6345395,0.9030415,0.2720277,-1.516344,-3.234018,2.467888,Nothing
30.2933,13,1,0,2,0.5939924,0.848408,0.2114281,12.4298,60.54031,230.8889,0.6347554,0.9030655,0.2734498,-1.476746,-3.283954,2.508199,Nothing
30.30093,13,1,0,2,0.5940282,0.8483578,0.2114096,12.44132,60.53126,230.8993,0.6346587,0.902907,0.2745476,-1.446493,-3.3216,2.529076,Nothing
30.31024,13,1,0,2,0.5940295,0.8483298,0.211436,12.44971,60.5154,230.9418,0.634609,0.9026501,0.2754104,-1.421951,-3.343653,2.54848,Nothing
30.31818,13,1,0,2,0.5940409,0.8482156,0.211547,12.48238,60.51002,230.9602,0.6341299,0.9023402,0.2761707,-1.392248,-3.367309,2.543829,Nothing
30.32544,13,1,0,2,0.5939797,0.8480944,0.2115597,12.51472,60.50269,231.001,0.6336945,0.9018546,0.2777832,-1.339362,-3.417609,2.567475,Nothing
30.33423,13,1,0,2,0.5939336,0.848039,0.2115999,12.52308,60.49249,231.021,0.6334947,0.9012958,0.2786077,-1.302393,-3.431966,2.584251,Nothing
30.34235,13,1,0,2,0.5939215,0.8480911,0.2115241,12.51444,60.52217,231.0849,0.6332558,0.9005975,0.2787873,-1.267005,-3.421428,2.588204,Nothing
30.35083,13,1,0,2,0.5938606,0.8481274,0.2114867,12.50573,60.53988,231.1318,0.6329402,0.8999561,0.2790987,-1.231039,-3.416644,2.59277,Nothing
30.35919,13,1,0,2,0.5936759,0.8479877,0.2115868,12.50683,60.56052,231.1732,0.6324056,0.8993793,0.2793927,-1.205025,-3.41514,2.58682,Nothing
30.36853,13,1,0,2,0.593674,0.8480689,0.2115217,12.47992,60.58822,231.2375,0.6318223,0.8984963,0.2796041,-1.153177,-3.403195,2.580053,Nothing
30.37726,13,1,0,2,0.5936919,0.8482576,0.2116258,12.44208,60.60138,231.296,0.6311139,0.8975016,0.2793611,-1.103813,-3.363922,2.556417,Nothing
30.38464,13,1,0,2,0.5936519,0.8484895,0.2115849,12.39412,60.63846,231.3843,0.6300373,0.8968999,0.2794026,-1.051432,-3.354183,2.526066,Nothing
30.39249,13,1,0,2,0.5937368,0.848721,0.2115121,12.36299,60.68336,231.4533,0.6293203,0.8962044,0.2793592,-1.001046,-3.338101,2.503751,Nothing
30.401,13,1,0,2,0.5937594,0.8488697,0.2114106,12.33237,60.73048,231.523,0.6283103,0.8954493,0.2792164,-0.948099,-3.323294,2.470035,Nothing
30.41061,13,1,0,2,0.5937639,0.8491052,0.2113222,12.2901,60.78003,231.6121,0.6266614,0.8947301,0.2791878,-0.8784778,-3.31809,2.414315,MinusStart
30.41071,13,1,0,2,0.5937639,0.8491052,0.2113222,12.2901,60.78003,231.6121,0.6266614,0.8947301,0.2791878,-0.8784778,-3.31809,2.414315,Minusing
30.43356,13,1,0,2,0.5940446,0.8497776,0.2111249,12.14654,60.9372,231.8981,0.6234809,0.8923017,0.2796202,-0.6837856,-3.293288,2.320161,Minusing
30.45755,13,1,0,2,0.5941755,0.8501081,0.2111278,12.04268,61.11242,232.2099,0.6212737,0.89091,0.2789387,-0.5945076,-3.24921,2.224709,Minusing
30.48102,13,1,0,2,0.5945355,0.8502404,0.2107401,11.99205,61.28724,232.4452,0.6185509,0.8895449,0.2783496,-0.4850893,-3.241026,2.104687,Minusing
30.50217,13,1,0,2,0.5947936,0.8502908,0.2104871,11.92843,61.38366,232.5728,0.615091,0.887457,0.2776979,-0.3397246,-3.214336,1.963678,Minusing
30.52417,13,1,0,2,0.5949824,0.8501805,0.2104506,11.91265,61.37294,232.6058,0.6125091,0.8845939,0.2775156,-0.185397,-3.166073,1.875221,Minusing
30.54669,13,1,0,2,0.5950168,0.8504007,0.2105837,11.86819,61.29517,232.5969,0.6100639,0.8818719,0.2778081,-0.02245,-3.117772,1.811064,Minusing
30.56863,13,1,0,2,0.5950925,0.8506408,0.2103282,11.85967,61.31647,232.5858,0.6070084,0.8792979,0.2774839,0.1464845,-3.0765,1.708469,Minusing
30.58847,13,1,0,2,0.5951474,0.8512315,0.2102264,11.77867,61.31204,232.5244,0.6046515,0.8776768,0.2769235,0.2732666,-3.026783,1.623759,Minusing
30.61002,13,1,0,2,0.5952141,0.8519176,0.2099622,11.69623,61.32996,232.4486,0.6016088,0.8757467,0.2758989,0.4239109,-2.963967,1.506366,Minusing
30.6329,13,1,0,2,0.5954845,0.8523807,0.2090988,11.66959,61.4438,232.331,0.5984762,0.8739439,0.2741361,0.5675617,-2.911655,1.364388,Minusing
30.70746,13,1,0,2,0.5948714,0.8521208,0.2097618,11.72824,61.27665,232.2083,0.5928274,0.8740096,0.2683223,0.5190586,-2.750556,1.016494,Minusing
30.72867,13,1,0,2,0.5947783,0.8521547,0.2096421,11.70185,61.36715,232.4174,0.592152,0.876136,0.2657423,0.3922538,-2.731827,0.9142336,Minusing
30.74811,13,1,0,2,0.5946566,0.8525283,0.2097345,11.58785,61.4133,232.5989,0.5922804,0.8785903,0.2634595,0.2520267,-2.702672,0.8523713,Minusing
30.76855,13,1,0,2,0.5946626,0.8528697,0.2096984,11.49411,61.43246,232.691,0.5940451,0.8810589,0.2621883,0.1074466,-2.695147,0.8783,Minusing
30.7901,13,1,0,2,0.5947,0.8526644,0.2094397,11.54777,61.51553,232.8065,0.5962842,0.8839973,0.2602525,-0.09518334,-2.696274,0.8967059,Minusing
30.80914,13,1,0,2,0.5948846,0.8524618,0.2095451,11.59096,61.48827,232.7894,0.5985982,0.885789,0.2589394,-0.2437525,-2.673721,0.9330041,Minusing
30.83121,13,1,0,2,0.5948838,0.8524178,0.2096603,11.60091,61.38589,232.6447,0.6020087,0.8884653,0.2571499,-0.4512604,-2.63701,1.007233,Minusing
30.8512,13,1,0,2,0.594915,0.8525671,0.2096472,11.61595,61.34007,232.502,0.6058969,0.8906423,0.2556123,-0.6333888,-2.590238,1.112439,Minusing
30.87241,13,1,0,2,0.5951085,0.852679,0.2094625,11.62926,61.3688,232.4879,0.6088793,0.8918661,0.2548792,-0.7428185,-2.566741,1.202361,Minusing
30.89243,13,1,0,2,0.5952473,0.8531282,0.2092011,11.56663,61.38203,232.4777,0.6133127,0.8935834,0.2539438,-0.8908457,-2.52238,1.353025,Minusing
30.9119,13,1,0,2,0.5954987,0.8538107,0.2085781,11.46915,61.51094,232.5129,0.6175618,0.8947436,0.2530887,-0.9920234,-2.476627,1.507872,Minusing
30.93246,13,1,0,2,0.5957261,0.8541625,0.2081679,11.40893,61.60526,232.5484,0.6199867,0.8953381,0.2530736,-1.035051,-2.469978,1.604775,Minusing
30.9921,13,1,0,2,0.5966395,0.8544214,0.2071514,11.3823,61.76345,232.554,0.6273856,0.8944335,0.2549705,-1.055026,-2.46197,1.944185,Minusing
31.01193,13,1,0,2,0.5968089,0.8541763,0.2071235,11.41667,61.75616,232.5181,0.6280224,0.8932617,0.2561493,-1.003265,-2.474241,1.997543,Minusing
31.03256,13,1,0,2,0.5972199,0.8543092,0.2067702,11.42172,61.80374,232.4704,0.6281028,0.890821,0.2572016,-0.8670304,-2.458287,2.037896,Minusing
31.05157,13,1,0,2,0.5973026,0.8541358,0.206629,11.43936,61.81359,232.4222,0.6275063,0.889204,0.2582255,-0.7722886,-2.469193,2.048356,Minusing
31.07095,13,1,0,2,0.5975255,0.8539919,0.2064284,11.47569,61.81709,232.3637,0.6273791,0.8871438,0.2600622,-0.6477795,-2.493999,2.095572,Minusing
31.09283,13,1,0,2,0.5978385,0.8542107,0.2061993,11.42948,61.80597,232.3139,0.6267623,0.8843794,0.2611325,-0.4867919,-2.4666,2.116069,Minusing
31.11996,13,1,0,2,0.5981215,0.85435,0.2058828,11.4194,61.88662,232.3489,0.6247881,0.8810568,0.2624489,-0.2756893,-2.457184,2.089746,Minusing
31.13965,13,1,0,2,0.5982342,0.8542737,0.2056653,11.43,61.964,232.4097,0.6224482,0.8779553,0.2642441,-0.07021534,-2.476764,2.058745,Minusing
31.15878,13,1,0,2,0.5983077,0.8547826,0.2054127,11.34278,62.02205,232.4556,0.6205938,0.8759466,0.2654571,0.09652566,-2.482029,2.035409,Minusing
31.17816,13,1,0,2,0.5982712,0.8549333,0.2053974,11.27824,62.04442,232.4971,0.6182731,0.8731505,0.2664553,0.2747394,-2.463063,1.99167,Minusing
31.19864,13,1,0,2,0.5979772,0.8546122,0.2058644,11.33967,61.9775,232.5573,0.6163197,0.8721509,0.2668703,0.325954,-2.462903,1.929555,Minusing
31.26572,13,1,0,2,0.5973356,0.8545656,0.206103,11.29383,62.02646,232.8224,0.6083408,0.86959,0.2664602,0.5436371,-2.464354,1.635448,Minusing
31.33096,13,1,0,2,0.5965655,0.8556906,0.2068423,11.05854,61.93935,233.0706,0.6022985,0.8700057,0.2644907,0.6084626,-2.411821,1.372738,Minusing
31.40985,13,1,0,2,0.5970201,0.8561797,0.2059065,10.99332,62.15257,233.1424,0.601245,0.873167,0.2620455,0.5082923,-2.455021,1.245919,Minusing
31.42899,13,1,0,2,0.5972148,0.8561936,0.2059932,10.97045,62.14069,233.157,0.6013716,0.8743005,0.261087,0.4444486,-2.449068,1.211024,Minusing
31.45151,13,1,0,2,0.5974324,0.8556624,0.2058877,11.05264,62.13262,233.1197,0.6023408,0.8755068,0.2601155,0.345744,-2.457313,1.206005,Minusing
31.47299,13,1,0,2,0.5975102,0.8553968,0.2057851,11.11532,62.16464,233.1028,0.6033779,0.8763542,0.259424,0.2725977,-2.455988,1.220071,Minusing
31.4921,13,1,0,2,0.5977101,0.8551913,0.2055441,11.1707,62.19997,233.0959,0.604647,0.8774458,0.2585432,0.1890328,-2.456657,1.235836,Minusing
31.51181,13,1,0,2,0.5976228,0.8552927,0.2057708,11.11767,62.14396,233.0831,0.6060463,0.8782406,0.2578517,0.1138448,-2.422011,1.274048,Minusing
31.53354,13,1,0,2,0.5977402,0.8557668,0.2054763,11.02735,62.16675,233.0924,0.6084536,0.8795049,0.2573992,0.03724498,-2.408038,1.359393,Minusing
31.55569,13,1,0,2,0.5979452,0.8560897,0.2048635,10.99362,62.29546,233.1049,0.6115369,0.8804333,0.2569593,-0.0353941,-2.396142,1.473286,Minusing
31.57639,13,1,0,2,0.5981152,0.8562641,0.20467,11.00085,62.29141,233.0526,0.6139606,0.8811707,0.256198,-0.1114228,-2.362472,1.549027,Minusing
31.59561,13,1,0,2,0.5979387,0.8563308,0.2050052,11.01084,62.21481,233.0106,0.6152762,0.8814734,0.2555313,-0.1720542,-2.312205,1.588865,Minusing
31.61642,13,1,0,2,0.5977289,0.8565643,0.2053412,10.97944,62.08767,232.9297,0.6173587,0.8818742,0.2542412,-0.2585781,-2.225365,1.651074,Minusing
31.68643,13,1,0,2,0.5981167,0.8567828,0.2046571,10.92428,62.23619,232.9709,0.6227564,0.8820776,0.2514042,-0.4009562,-2.08481,1.808922,Minusing
31.70801,13,1,0,2,0.5980966,0.8566315,0.2048251,10.95174,62.20887,233.0016,0.623776,0.8820036,0.2509378,-0.4408278,-2.050202,1.837297,Minusing
31.73444,13,1,0,2,0.5984169,0.8563108,0.2045983,11.0142,62.24692,233.015,0.6257405,0.8817914,0.250086,-0.4922062,-2.011582,1.888082,Minusing
31.75259,13,1,0,2,0.5986816,0.8562798,0.2041489,11.02687,62.33477,233.0273,0.6260716,0.8813325,0.249899,-0.4702368,-2.010773,1.89809,Minusing
31.7717,13,1,0,2,0.5987533,0.8561157,0.2041749,11.02269,62.33897,233.019,0.6269057,0.8808396,0.2495766,-0.4801574,-1.979244,1.925099,Minusing
31.79211,13,1,0,2,0.5988201,0.856064,0.2042777,11.00951,62.30352,233.0013,0.6276489,0.8802928,0.2496175,-0.4763683,-1.953292,1.957395,Minusing
31.80594,13,1,0,2,0.5990446,0.8559036,0.2040874,11.03846,62.32254,232.9922,0.6283849,0.8797783,0.2496963,-0.4673161,-1.947739,1.98643,Minusing
31.82581,13,1,0,2,0.5993369,0.8555993,0.203699,11.12339,62.41093,232.9487,0.6289394,0.8788503,0.2499128,-0.4344032,-1.95344,2.011874,Minusing
31.84036,13,1,0,2,0.5993732,0.8555654,0.2036535,11.13414,62.40059,232.9209,0.6285506,0.8786233,0.250157,-0.4120458,-1.96403,2.002262,Minusing
31.86053,13,1,0,2,0.5994754,0.8556107,0.2038431,11.12441,62.32399,232.8573,0.6282552,0.8780564,0.2503994,-0.3798367,-1.951782,1.99457,Minusing
31.8829,13,1,0,2,0.5995601,0.8558077,0.2036248,11.09931,62.32592,232.7915,0.6280293,0.8780591,0.2505315,-0.3557107,-1.962863,1.991706,Minusing
31.90237,13,1,0,2,0.5996756,0.8558254,0.2033484,11.12241,62.38251,232.7911,0.6282837,0.8782954,0.2505989,-0.3580815,-1.981809,2.000993,Minusing
31.92258,13,1,0,2,0.5996389,0.8556582,0.2033856,11.18442,62.37198,232.8053,0.6283571,0.8787706,0.2506736,-0.385837,-2.000832,1.999067,Minusing
31.9534,13,1,0,2,0.5993499,0.8555627,0.20394,11.1982,62.29515,232.8558,0.6286069,0.8795955,0.250825,-0.4439513,-2.003109,2.005509,Minusing
31.9968,13,1,0,2,0.5991628,0.8563072,0.2039033,11.01943,62.37344,233.0734,0.629554,0.8831077,0.2502614,-0.5817281,-2.043992,2.018948,MinusEnd
32.00482,13,1,0,2,0.5991493,0.8561879,0.2038912,11.03951,62.3999,233.1187,0.6299524,0.8838002,0.2501899,-0.6229413,-2.060082,2.02614,Nothing
32.02264,13,1,0,2,0.5987864,0.8560794,0.2041919,11.0618,62.41079,233.2124,0.6314483,0.885799,0.2502015,-0.7484152,-2.084508,2.076703,Nothing
32.039,13,1,0,2,0.5986515,0.8560716,0.2044545,11.04633,62.37187,233.2201,0.6329009,0.8876879,0.2500679,-0.8602555,-2.101156,2.117848,Nothing
32.05597,13,1,0,2,0.5985656,0.8562025,0.2044944,11.01281,62.39271,233.2906,0.6349887,0.8892465,0.2501773,-0.9559224,-2.114448,2.197102,Nothing
32.07352,13,1,0,2,0.5986073,0.8564007,0.2041986,10.97271,62.48721,233.3929,0.6362376,0.8913127,0.2502502,-1.04134,-2.164932,2.237774,Nothing
32.09268,13,1,0,2,0.5986527,0.8564906,0.2038749,10.94438,62.617,233.5599,0.6378427,0.893512,0.2500244,-1.150413,-2.207782,2.284112,Nothing
32.10852,13,1,0,2,0.5987154,0.8568163,0.2034475,10.88443,62.84198,233.9157,0.640812,0.8964561,0.2495684,-1.310887,-2.240868,2.378977,Nothing
32.12527,13,1,0,2,0.5987619,0.8576335,0.2031165,10.76032,63.01881,234.2384,0.6438501,0.8983917,0.2499419,-1.398075,-2.254947,2.510656,Nothing
32.14139,13,1,0,2,0.5986484,0.8585207,0.2030282,10.54546,63.16125,234.5652,0.6468194,0.8999317,0.2504132,-1.469486,-2.24539,2.652237,Nothing
32.1579,13,1,0,2,0.5985172,0.8592633,0.2028479,10.38837,63.42266,235.1129,0.6501562,0.9010865,0.2510974,-1.537848,-2.235843,2.814473,Nothing
32.17529,13,1,0,2,0.5982257,0.8600364,0.2028708,10.2586,63.74062,235.9547,0.6543236,0.9018435,0.2517292,-1.621831,-2.187284,3.015045,Nothing
32.19235,13,1,0,2,0.5978669,0.8610824,0.2031562,10.02181,63.997,236.7709,0.6586651,0.9026397,0.2523697,-1.699391,-2.113651,3.229033,Nothing
32.20917,13,1,0,2,0.5972568,0.8623277,0.2037131,9.683456,64.42602,238.1157,0.6653795,0.9029686,0.2531876,-1.799811,-1.97298,3.560628,Nothing
32.22562,13,1,0,2,0.596707,0.8627192,0.2043402,9.57449,64.80138,239.4118,0.6703252,0.9015034,0.2532116,-1.851332,-1.806519,3.796827,Nothing
32.24387,13,1,0,2,0.5959597,0.862444,0.2053435,9.624486,65.20576,240.9687,0.6749904,0.8996611,0.2538367,-1.916884,-1.656363,4.025933,Nothing
32.25952,13,1,0,2,0.5950782,0.861928,0.2078139,9.782684,65.50018,243.1355,0.6793601,0.8969937,0.2548304,-1.993231,-1.427672,4.229245,Nothing
32.27518,13,1,0,2,0.5938146,0.8620766,0.210761,9.695218,65.64722,245.399,0.6832849,0.8937542,0.2557067,-2.000612,-1.128225,4.440892,Nothing
32.29181,13,1,0,2,0.5927643,0.861995,0.214005,9.668023,65.77016,247.6833,0.6865604,0.8904705,0.2563505,-1.995313,-0.8252664,4.602218,Nothing
32.30899,13,1,0,2,0.5916504,0.8613573,0.2172725,9.737754,66.00151,250.4089,0.6892025,0.8867732,0.2567894,-1.978619,-0.52356,4.731182,Nothing
32.32666,13,1,0,2,0.5891572,0.8614608,0.2235278,9.583023,66.08522,254.7938,0.6922033,0.8809937,0.257266,-1.846409,0.03740708,4.909339,Nothing
32.33444,13,1,0,2,0.5880112,0.8622354,0.2258413,9.341084,66.01106,256.2119,0.6931433,0.8787784,0.2573953,-1.729737,0.2575987,4.987031,Nothing
32.34195,13,1,0,2,0.5866382,0.8631504,0.2283892,9.057648,65.92577,257.7719,0.6939002,0.8767074,0.2575806,-1.599931,0.4863634,5.062489,Nothing
32.3501,13,1,0,2,0.5853153,0.8639407,0.2309233,8.785199,65.79089,259.2528,0.6946481,0.8743255,0.2576514,-1.452292,0.7156335,5.131876,Nothing
32.35812,13,1,0,2,0.583932,0.8643916,0.2336158,8.603717,65.62093,260.7212,0.695645,0.8720254,0.2578672,-1.324633,0.9424468,5.206591,Nothing
32.36795,13,1,0,2,0.5826088,0.8646591,0.2368699,8.471143,65.27403,262.1686,0.6962778,0.8695153,0.2580062,-1.189203,1.198688,5.244091,Nothing
32.3757,13,1,0,2,0.581492,0.8644675,0.2396562,8.405932,65.06966,263.4092,0.6968756,0.8667312,0.2582636,-1.057087,1.400086,5.281507,Nothing
32.38342,13,1,0,2,0.579953,0.8644124,0.2420961,8.307877,65.00142,264.7422,0.6973739,0.8640805,0.2584638,-0.912573,1.579187,5.341495,Nothing
32.39243,13,1,0,2,0.5793797,0.864076,0.243039,8.264709,65.18546,265.7358,0.6979268,0.8613684,0.2585873,-0.7778233,1.64345,5.395518,Nothing
32.40009,13,1,0,2,0.5789737,0.8633777,0.2435189,8.287406,65.56432,266.7127,0.698571,0.8586864,0.2587332,-0.6656795,1.660494,5.458391,Nothing
32.40955,13,1,0,2,0.5788625,0.862414,0.243334,8.415181,65.96329,267.4666,0.6993058,0.8557554,0.2589084,-0.5698203,1.634862,5.525663,Nothing
32.41785,13,1,0,2,0.5784491,0.8613445,0.2443281,8.513649,66.04854,268.3514,0.6998346,0.8529006,0.2589215,-0.4751146,1.698138,5.561609,Nothing
32.42523,13,1,0,2,0.577965,0.8606516,0.2458409,8.650051,65.96708,269.0976,0.700408,0.8498384,0.258906,-0.3582793,1.800552,5.591294,Nothing
32.43393,13,1,0,2,0.5769416,0.8597955,0.2478314,8.765722,65.72289,269.7563,0.7009134,0.8470082,0.2586416,-0.2588113,1.956428,5.61923,Nothing
32.44235,13,1,0,2,0.5761403,0.8588696,0.2498874,8.908353,65.37629,270.2765,0.7016579,0.8439675,0.2586969,-0.1571924,2.109332,5.649267,Nothing
32.45087,13,1,0,2,0.5749267,0.8579006,0.252379,9.056595,64.88515,270.6857,0.702208,0.8411276,0.2584795,-0.06686244,2.309917,5.665813,Nothing
32.45859,13,1,0,2,0.5733674,0.856675,0.2547755,9.256048,64.3836,270.9846,0.7026684,0.8384284,0.2582332,-0.003697682,2.513433,5.688455,Nothing
32.46735,13,1,0,2,0.5707951,0.8541764,0.2599661,9.693561,63.26356,271.5648,0.7035995,0.8327889,0.2575879,0.1419036,2.9428,5.687249,Nothing
32.47629,13,1,0,2,0.5695065,0.8527368,0.2620735,9.971961,62.80935,271.7982,0.7038967,0.8301445,0.2574033,0.1893302,3.117002,5.691274,Nothing
32.48441,13,1,0,2,0.5683436,0.851364,0.2643644,10.20836,62.34737,272.0916,0.7041883,0.827714,0.2573978,0.2403082,3.288769,5.686011,Nothing
32.49222,13,1,0,2,0.5674949,0.8501844,0.2660099,10.43958,62.05237,272.4413,0.7042503,0.8252251,0.257167,0.3078852,3.413218,5.677484,Nothing
32.50012,13,1,0,2,0.5668116,0.8489287,0.2674422,10.69308,61.85252,272.8006,0.704439,0.8225769,0.2570938,0.3759411,3.511197,5.681421,Nothing
32.50867,13,1,0,2,0.5661924,0.8477428,0.268751,10.92884,61.68913,273.2567,0.7043543,0.8205771,0.2571282,0.4262553,3.588232,5.673408,Nothing
32.51633,13,1,0,2,0.5654814,0.8465192,0.270273,11.18265,61.50122,273.7875,0.7042624,0.8181622,0.2570371,0.5008727,3.681273,5.663163,Nothing
32.52521,13,1,0,2,0.5648178,0.8449792,0.2719635,11.51647,61.27604,274.3589,0.7040734,0.8159527,0.2570958,0.5498362,3.776049,5.639446,Nothing
32.53314,13,1,0,2,0.5638778,0.8433201,0.2737955,11.87304,61.01999,275.0273,0.7038857,0.8136727,0.256937,0.6051193,3.893558,5.616066,Nothing
32.54254,13,1,0,2,0.5630038,0.8412081,0.2758577,12.28629,60.6964,275.7074,0.7035049,0.8115407,0.2568898,0.6355954,4.018054,5.568209,Nothing
32.55014,13,1,0,2,0.5615739,0.8389289,0.2784475,12.77642,60.26352,276.5305,0.7032949,0.8094229,0.256651,0.6700406,4.198737,5.522266,Nothing
32.56009,13,1,0,2,0.5599943,0.8366804,0.28125,13.27196,59.76735,277.28,0.7031199,0.8072488,0.2563909,0.7121597,4.398679,5.471651,Nothing
32.56775,13,1,0,2,0.5583062,0.8342276,0.2842382,13.7878,59.20251,278.015,0.7028672,0.8052186,0.2559082,0.7488375,4.623086,5.399925,Nothing
32.57559,13,1,0,2,0.5566467,0.8316874,0.2870891,14.31214,58.65906,278.706,0.7026079,0.8032536,0.2554398,0.7796856,4.839033,5.326084,Nothing
32.5842,13,1,0,2,0.5535868,0.8268715,0.2919236,15.29647,57.80994,280.0501,0.7020996,0.7991982,0.2546211,0.8623229,5.198869,5.206661,Nothing
32.59167,13,1,0,2,0.5525246,0.8246913,0.2935187,15.70817,57.60386,280.7012,0.7016076,0.7972759,0.2540483,0.9088716,5.312983,5.153339,Nothing
32.60068,13,1,0,2,0.5516801,0.8227487,0.2946635,16.05916,57.54302,281.3824,0.7011465,0.7953994,0.2535786,0.962401,5.385284,5.12146,Nothing
32.6084,13,1,0,2,0.5511818,0.8211539,0.2951899,16.29325,57.65331,282.0497,0.7001498,0.793527,0.2530886,1.03061,5.391578,5.090638,Nothing
32.61832,13,1,0,2,0.5502561,0.8191484,0.2963728,16.63725,57.56389,282.7197,0.6992421,0.7915592,0.2527877,1.089785,5.449469,5.045506,Nothing
32.62552,13,1,0,2,0.5495974,0.8168304,0.2973047,17.01224,57.54356,283.4135,0.6982024,0.7896205,0.2523283,1.13291,5.490536,4.988706,Nothing
32.63516,13,1,0,2,0.5484844,0.8143058,0.2986866,17.46166,57.41023,284.0927,0.6970903,0.7876886,0.2518257,1.172859,5.572525,4.920228,Nothing
32.64249,13,1,0,2,0.5470803,0.8115584,0.3003214,17.99725,57.17599,284.7261,0.6955351,0.7855889,0.2511541,1.215518,5.675621,4.823912,Nothing
32.65158,13,1,0,2,0.5457009,0.8087779,0.3019409,18.51774,56.93959,285.3624,0.6941969,0.7836601,0.2505337,1.252849,5.782541,4.732085,Nothing
32.66214,13,1,0,2,0.5436425,0.8050975,0.3043818,19.2483,56.44668,285.8282,0.6929799,0.7817059,0.249873,1.248937,5.978327,4.606802,Nothing
32.67865,13,1,0,2,0.5400869,0.7986767,0.3081243,20.52246,55.67262,286.7717,0.6902961,0.7779081,0.2485291,1.281154,6.272946,4.379089,Nothing
32.68405,13,1,0,2,0.538445,0.7955297,0.309559,21.19214,55.30821,286.9311,0.6888326,0.7762467,0.2478631,1.251197,6.403291,4.261948,Nothing
32.69208,13,1,0,2,0.5370411,0.7927048,0.3108118,21.79241,54.98581,287.0341,0.6872088,0.7745004,0.2470528,1.239215,6.510778,4.141398,Nothing
32.70013,13,1,0,2,0.5360748,0.7901616,0.3116237,22.30984,54.72684,286.9449,0.6855412,0.7728674,0.2459441,1.216429,6.593805,4.016598,Nothing
32.70938,13,1,0,2,0.5341901,0.785964,0.3130694,23.2452,54.2185,286.7235,0.682609,0.769665,0.2449155,1.179523,6.70804,3.83007,Nothing
32.71725,13,1,0,2,0.533811,0.7847399,0.3133295,23.51364,54.02012,286.0887,0.6813721,0.7681943,0.2446333,1.128518,6.724499,3.765257,Nothing
32.72562,13,1,0,2,0.5336472,0.7838233,0.3133691,23.76647,53.74907,285.3121,0.6795731,0.766432,0.243933,1.101796,6.72162,3.672121,Nothing
32.7338,13,1,0,2,0.5329832,0.7832176,0.3140029,23.98161,53.27239,284.2936,0.6773794,0.7647567,0.2431823,1.084359,6.754749,3.54917,Nothing
32.74255,13,1,0,2,0.5321881,0.7820015,0.3146006,24.3102,52.7301,283.4478,0.6749942,0.7627948,0.2421432,1.076494,6.79834,3.403372,Nothing
32.75003,13,1,0,2,0.5311407,0.7806989,0.3154722,24.69501,52.14152,282.5869,0.6725206,0.7611012,0.2414178,1.049488,6.850339,3.252179,Nothing
32.75821,13,1,0,2,0.5301002,0.7792854,0.3164114,25.07587,51.6016,281.8356,0.6700746,0.7592511,0.2402668,1.044832,6.912884,3.095178,Nothing
32.76636,13,1,0,2,0.5286009,0.777513,0.3176629,25.67244,50.80742,280.7452,0.6675423,0.7575687,0.2394621,0.9774081,7.006131,2.911476,Nothing
32.7757,13,1,0,2,0.5270121,0.7755672,0.3189594,26.25091,49.99109,279.6759,0.6648894,0.755906,0.2386348,0.9089609,7.097387,2.718236,Nothing
32.78333,13,1,0,2,0.5250396,0.7732581,0.3203111,26.88529,49.05719,278.4021,0.6621189,0.754198,0.2377855,0.8057022,7.203965,2.510772,Nothing
32.7923,13,1,0,2,0.523142,0.7709015,0.3216397,27.59375,48.06474,277.0107,0.6590755,0.7526631,0.2368928,0.6843227,7.297325,2.279179,Nothing
32.80157,13,1,0,2,0.5211361,0.7686794,0.3229414,28.26802,47.06598,275.4396,0.6562963,0.7511625,0.2362394,0.5376272,7.387468,2.06793,Nothing
32.80847,13,1,0,2,0.5194215,0.7665732,0.3239945,28.92461,46.05354,273.7887,0.6528374,0.7498186,0.2354591,0.3931078,7.433054,1.828215,Nothing
32.81717,13,1,0,2,0.5179536,0.7649478,0.3249585,29.45668,45.07414,272.0858,0.6494853,0.7484117,0.2349843,0.2640952,7.450339,1.613695,Nothing
32.82538,13,1,0,2,0.5167446,0.7640198,0.3256363,29.80224,44.11678,270.192,0.6457384,0.7471679,0.2342648,0.1485394,7.436623,1.398413,Nothing
32.83386,13,1,0,2,0.5136831,0.7616076,0.3276749,30.55183,42.12269,266.8273,0.638259,0.7447337,0.2326127,-0.0359651,7.443926,0.9432673,Nothing
32.84131,13,1,0,2,0.5128347,0.7614194,0.3284083,30.68378,41.10875,264.9947,0.6336933,0.7439014,0.2316612,-0.08691645,7.384306,0.6945073,Nothing
32.85098,13,1,0,2,0.5115805,0.7618794,0.3294221,30.67547,40.06603,263.2603,0.6291741,0.7432802,0.2308655,-0.1073761,7.342835,0.4626329,Nothing
32.85837,13,1,0,2,0.5098836,0.7616191,0.330595,30.82583,38.96111,261.4588,0.6252899,0.7425262,0.2301413,-0.1754894,7.334677,0.2391608,Nothing
32.86716,13,1,0,2,0.5079584,0.7619448,0.3320298,30.83702,37.71798,259.7338,0.6208524,0.7422079,0.2292701,-0.2037967,7.325465,-0.01788808,Nothing
32.87488,13,1,0,2,0.5060311,0.7621192,0.3334356,30.83848,36.45006,257.8944,0.6166975,0.7416541,0.2285121,-0.2482008,7.316409,-0.2628456,Nothing
32.88336,13,1,0,2,0.5037994,0.7623429,0.3349907,30.77684,35.09209,255.8541,0.6122345,0.7415133,0.2275389,-0.3205912,7.308237,-0.5389525,Nothing
32.89209,13,1,0,2,0.5018544,0.7629712,0.3365227,30.60628,33.74036,253.7616,0.6078271,0.741492,0.2265569,-0.3830146,7.28684,-0.8144819,Nothing
32.90009,13,1,0,2,0.5000055,0.7637229,0.3378656,30.3919,32.43658,251.5522,0.6036165,0.7417818,0.2253532,-0.4719314,7.259977,-1.088951,Nothing
32.90839,13,1,0,2,0.4989522,0.7647386,0.3387971,30.07423,31.30388,249.2076,0.5992412,0.7423034,0.2242704,-0.5693842,7.177849,-1.349467,Nothing
32.91641,13,1,0,2,0.4979427,0.7654467,0.339592,29.79863,30.23529,247.0734,0.5949401,0.7432881,0.2229821,-0.6690799,7.084212,-1.620067,Nothing
32.92661,13,1,0,2,0.497416,0.7664233,0.3400347,29.45105,29.34476,244.8564,0.5906915,0.7443191,0.2217523,-0.7715341,6.962481,-1.861937,Nothing
32.93317,13,1,0,2,0.4974518,0.7674729,0.3403113,29.06166,28.59106,242.7186,0.5865459,0.7456485,0.220589,-0.8658741,6.813025,-2.095645,Nothing
32.94235,13,1,0,2,0.4971576,0.7688253,0.3406917,28.58338,27.70129,240.5813,0.5824647,0.7469184,0.2192349,-0.9420388,6.682861,-2.338798,Nothing
32.95071,13,1,0,2,0.4970648,0.7707744,0.3410973,27.9526,26.95742,238.6,0.578593,0.748334,0.2179045,-0.9946679,6.5611,-2.562793,Nothing
32.95865,13,1,0,2,0.4972934,0.7752407,0.3417231,26.43989,25.60602,234.7675,0.5713381,0.7512884,0.2149897,-1.079435,6.32187,-3.000001,Nothing
32.96664,13,1,0,2,0.4978788,0.7780806,0.3416774,25.55839,25.17024,233.0854,0.5679049,0.7530106,0.2136009,-1.094478,6.195179,-3.184445,Nothing
32.9754,13,1,0,2,0.4982203,0.7805561,0.3417355,24.74554,24.69109,231.3882,0.5644202,0.7546315,0.212056,-1.116371,6.073571,-3.382027,Nothing
32.98331,13,1,0,2,0.4992028,0.7835891,0.3412065,23.83165,24.43092,230.0813,0.5614229,0.7567354,0.2103699,-1.109135,5.947539,-3.55039,Nothing
32.99274,13,1,0,2,0.500152,0.7865604,0.340996,22.92608,24.15775,228.8204,0.5585753,0.7586771,0.2091092,-1.096731,5.826607,-3.710982,Nothing
33.00009,13,1,0,2,0.5005668,0.7903864,0.34077,21.86366,23.99089,227.6276,0.5559447,0.7608684,0.2074947,-1.098543,5.750252,-3.861741,Nothing
33.00906,13,1,0,2,0.5020248,0.7944852,0.3399758,20.75035,23.97564,226.5874,0.5535427,0.7636796,0.2061,-1.081463,5.627209,-3.994316,Nothing
33.01715,13,1,0,2,0.5036974,0.7983639,0.3391531,19.63568,24.03123,225.5749,0.5511149,0.7662053,0.2044572,-1.056414,5.508241,-4.135911,Nothing
33.02548,13,1,0,2,0.5051422,0.8022996,0.3376247,18.54614,24.16688,224.582,0.5486999,0.7691249,0.2027846,-1.050298,5.373802,-4.245502,Nothing
33.03436,13,1,0,2,0.5071943,0.8058444,0.3361709,17.56217,24.41081,223.6509,0.5463234,0.772044,0.2010604,-1.032267,5.226699,-4.364818,Nothing
33.04199,13,1,0,2,0.5101192,0.8088741,0.3338829,16.70925,24.90112,222.7262,0.544037,0.7749022,0.1991589,-1.006546,5.049244,-4.455872,Nothing
33.05069,13,1,0,2,0.5129069,0.8117285,0.3316651,15.87392,25.37846,221.6877,0.5419035,0.7776666,0.1974471,-0.9966699,4.874157,-4.540448,Nothing
33.05841,13,1,0,2,0.5157998,0.8142108,0.3298133,15.02741,25.81407,220.6128,0.5398242,0.7802159,0.1956119,-0.98947,4.701881,-4.65422,Nothing
33.06714,13,1,0,2,0.5188389,0.8165095,0.3266978,14.33136,26.41861,219.4326,0.5381216,0.7825735,0.1941684,-0.9848034,4.516561,-4.679098,Nothing
33.07535,13,1,0,2,0.5215061,0.8188731,0.3243092,13.56776,26.87908,218.2783,0.5365658,0.7848086,0.1924429,-0.9868388,4.363564,-4.747871,Nothing
33.08377,13,1,0,2,0.5269259,0.8236116,0.3194403,11.94149,27.74949,215.8641,0.5329341,0.7895412,0.1890707,-0.9676808,4.026187,-4.908082,Nothing
33.09222,13,1,0,2,0.5294795,0.8264032,0.3169389,11.00003,28.14725,214.5729,0.5317298,0.7917593,0.1876806,-0.9673432,3.878604,-4.96202,Nothing
33.10046,13,1,0,2,0.5321438,0.8295969,0.3142773,9.974255,28.57732,213.3176,0.5305046,0.7935817,0.1859633,-0.9430625,3.760436,-5.023308,Nothing
33.10934,13,1,0,2,0.5347433,0.832642,0.3115605,8.958884,29.00337,212.0742,0.5293025,0.7958297,0.1843761,-0.9281753,3.621012,-5.082232,Nothing
33.11746,13,1,0,2,0.537461,0.8355744,0.3084882,7.991912,29.51538,210.8985,0.5287344,0.7984005,0.1832132,-0.9258754,3.470687,-5.096367,Nothing
33.12589,13,1,0,2,0.5399587,0.8383029,0.305168,7.062621,30.08549,209.7818,0.5279547,0.8006324,0.1819039,-0.9124169,3.332764,-5.103083,Nothing
33.13434,13,1,0,2,0.5427517,0.8408302,0.302068,6.221719,30.63327,208.7459,0.5273536,0.8026718,0.1808063,-0.8791535,3.202247,-5.112618,Nothing
33.14334,13,1,0,2,0.5449201,0.8431321,0.2991509,5.491964,31.11951,207.8184,0.5263647,0.8045559,0.1795991,-0.8416237,3.087769,-5.128922,Nothing
33.15021,13,1,0,2,0.5468349,0.8446823,0.2971065,5.042216,31.3959,207.2398,0.5258893,0.8065646,0.178576,-0.8148395,2.980183,-5.15618,Nothing
33.15854,13,1,0,2,0.5485372,0.8466198,0.294811,4.448303,31.75014,206.4736,0.5255046,0.8085806,0.1776138,-0.8046402,2.878849,-5.16513,Nothing
33.16672,13,1,0,2,0.5494115,0.8476971,0.2939826,4.265385,31.73486,206.3288,0.5253125,0.8104837,0.1768437,-0.79452,2.808105,-5.199919,Nothing
33.17642,13,1,0,2,0.5503901,0.8490955,0.2926693,3.977125,31.80742,206.0764,0.5254374,0.8123259,0.1763911,-0.7837981,2.739433,-5.196365,Nothing
33.1835,13,1,0,2,0.5513514,0.8504114,0.291686,3.771498,31.84822,205.9918,0.5253959,0.8141099,0.1758203,-0.7632036,2.681282,-5.212522,Nothing
33.1922,13,1,0,2,0.5525303,0.8519987,0.2904665,3.493153,31.9782,205.9594,0.5256149,0.8160778,0.175289,-0.7443671,2.622111,-5.215839,Nothing
33.20065,13,1,0,2,0.5535176,0.8540237,0.289014,3.172848,32.19796,206.0297,0.5262712,0.8182542,0.1743922,-0.7513421,2.586205,-5.206548,Nothing
33.20926,13,1,0,2,0.5563267,0.8580359,0.2856396,2.455578,32.74132,205.9664,0.52697,0.8224407,0.1732537,-0.7048683,2.476956,-5.178902,Nothing
33.21695,13,1,0,2,0.5578682,0.8601679,0.2834184,2.069689,33.17153,206.0714,0.5273436,0.8244258,0.1727511,-0.6668067,2.428689,-5.140372,Nothing
33.22516,13,1,0,2,0.5596271,0.8621429,0.2811055,1.783838,33.6503,206.0979,0.5282657,0.8266824,0.1725584,-0.6429148,2.3717,-5.074131,Nothing
33.2334,13,1,0,2,0.5614593,0.8633954,0.278946,1.641139,34.1153,206.0559,0.5290406,0.8287475,0.1724915,-0.6177552,2.298803,-5.01228,Nothing
33.24213,13,1,0,2,0.5633299,0.8647795,0.276764,1.619908,34.52531,206.0657,0.5301699,0.8310892,0.1724254,-0.5942173,2.232453,-4.939943,Nothing
33.25101,13,1,0,2,0.5649062,0.8654832,0.2746641,1.654748,34.91884,205.9515,0.5313636,0.8334094,0.1725857,-0.594085,2.143979,-4.852817,Nothing
33.25894,13,1,0,2,0.5661869,0.8652968,0.2731438,1.888514,35.2508,205.8411,0.5326335,0.8358561,0.172669,-0.6307096,2.038757,-4.779477,Nothing
33.2674,13,1,0,2,0.5675709,0.8653136,0.2714096,2.090315,35.56258,205.6913,0.5341827,0.8384271,0.1729774,-0.6613289,1.929379,-4.686773,Nothing
33.2753,13,1,0,2,0.5686396,0.8654835,0.2697991,2.285481,35.80505,205.5154,0.5353851,0.840755,0.1730899,-0.6853389,1.836522,-4.609605,Nothing
33.28357,13,1,0,2,0.5697312,0.8660302,0.268655,2.389019,35.93703,205.392,0.5367863,0.8431809,0.1736058,-0.703984,1.748789,-4.535033,Nothing
33.29221,13,1,0,2,0.5701081,0.8671045,0.2677399,2.316702,35.95815,205.2007,0.5382627,0.8455464,0.1741267,-0.7434373,1.68417,-4.45261,Nothing
33.30048,13,1,0,2,0.5704654,0.8684556,0.2672404,2.144655,35.91716,205.0992,0.5395662,0.847896,0.1746214,-0.7782352,1.627889,-4.394277,Nothing
33.30856,13,1,0,2,0.5706016,0.8701406,0.2666519,1.886587,35.85613,205.0328,0.5413892,0.8503721,0.1756571,-0.8195944,1.578082,-4.292457,Nothing
33.3165,13,1,0,2,0.5706511,0.8723568,0.2656091,1.567721,35.8732,205.0763,0.5432656,0.8527482,0.176516,-0.8501506,1.555002,-4.173918,Nothing
33.32529,13,1,0,2,0.5711306,0.8739746,0.2646271,1.336213,35.98293,205.1223,0.545102,0.8551608,0.1774843,-0.8784899,1.506157,-4.063198,Nothing
33.3335,13,1,0,2,0.5722251,0.8771624,0.2621094,0.936219,36.28205,205.1811,0.5485296,0.8599284,0.1792293,-0.9142979,1.405875,-3.834407,Nothing
33.34216,13,1,0,2,0.5729226,0.8782685,0.2608052,0.8610452,36.56118,205.3458,0.5503935,0.8622036,0.1801824,-0.9364297,1.351645,-3.710023,Nothing
33.35114,13,1,0,2,0.573871,0.8791144,0.2593731,0.8580233,36.88566,205.5466,0.5520629,0.864453,0.1815431,-0.9332196,1.279145,-3.576005,Nothing
33.35876,13,1,0,2,0.5747033,0.8800057,0.2580615,0.8419348,37.16359,205.7236,0.5536701,0.8669198,0.1826437,-0.942667,1.202145,-3.45673,Nothing
33.36752,13,1,0,2,0.5756817,0.8799143,0.2569679,1.089186,37.4994,206.0878,0.555209,0.8694484,0.1838229,-0.9622917,1.096885,-3.345989,Nothing
33.37546,13,1,0,2,0.5764765,0.8802684,0.2560034,1.182499,37.74086,206.3116,0.5567062,0.8720356,0.1847402,-0.9908041,1.002123,-3.250263,Nothing
33.38376,13,1,0,2,0.5772086,0.8800256,0.2553958,1.423393,37.92586,206.5934,0.5579301,0.8745404,0.1858012,-1.021443,0.8915755,-3.170213,Nothing
33.39194,13,1,0,2,0.5776582,0.8798199,0.2548684,1.623503,38.0672,206.8013,0.5593922,0.8773349,0.1868051,-1.079492,0.7758089,-3.082721,Nothing
33.4003,13,1,0,2,0.5781212,0.8800861,0.2542769,1.650897,38.19666,206.9323,0.5607085,0.8804585,0.18765,-1.136683,0.6547207,-3.004736,Nothing
33.40915,13,1,0,2,0.5783278,0.8806508,0.2537784,1.606048,38.27269,207.0289,0.5620752,0.8835392,0.1885065,-1.198746,0.5490754,-2.921583,Nothing
33.41675,13,1,0,2,0.5783836,0.8812611,0.2535286,1.541562,38.32,207.1742,0.5633605,0.8866369,0.1892388,-1.271026,0.4509415,-2.850669,Nothing
33.42587,13,1,0,2,0.5784842,0.8816227,0.253347,1.513135,38.34649,207.3283,0.5647636,0.8902779,0.1899904,-1.362894,0.3229913,-2.78079,Nothing
33.43454,13,1,0,2,0.5784529,0.881431,0.2531881,1.667779,38.39327,207.6596,0.5661578,0.8935232,0.1908352,-1.457364,0.2025278,-2.705782,Nothing
33.44193,13,1,0,2,0.5786484,0.8812375,0.2529005,1.831246,38.51043,207.9947,0.5677134,0.8975185,0.1918526,-1.562905,0.04748539,-2.621842,Nothing
33.45059,13,1,0,2,0.5789599,0.8799224,0.252596,2.317589,38.71008,208.5955,0.5692816,0.9011167,0.1928931,-1.679078,-0.1175505,-2.544863,Nothing
33.45947,13,1,0,2,0.5796257,0.8785654,0.2519653,2.896814,39.03814,209.4695,0.5724128,0.9079583,0.1946797,-1.892782,-0.4001786,-2.40237,Nothing
33.46759,13,1,0,2,0.5803256,0.8765728,0.2515163,3.57965,39.47177,210.3485,0.573972,0.9116818,0.1959386,-2.022425,-0.5873257,-2.334815,Nothing
33.47525,13,1,0,2,0.5811571,0.8748064,0.2510304,4.152481,39.88723,211.1475,0.5755384,0.9152688,0.19718,-2.145064,-0.7675611,-2.272587,Nothing
33.48401,13,1,0,2,0.5821037,0.872865,0.2503315,4.810204,40.37919,212.0694,0.5772213,0.9193133,0.1984165,-2.28625,-0.9666663,-2.211651,Nothing
33.49295,13,1,0,2,0.5832272,0.8704703,0.2497052,5.561248,40.94778,213.0565,0.5789246,0.9232932,0.1993401,-2.449874,-1.167044,-2.179877,Nothing
33.50153,13,1,0,2,0.584327,0.8679954,0.248934,6.383472,41.58278,214.1411,0.5805036,0.9273272,0.2001319,-2.623093,-1.363322,-2.161237,Nothing
33.50922,13,1,0,2,0.585564,0.8655124,0.2481674,7.202756,42.19783,215.2444,0.5820161,0.9319943,0.2001919,-2.832178,-1.566542,-2.188138,Nothing
33.517,13,1,0,2,0.5863347,0.8629464,0.2479555,8.002076,42.72023,216.3776,0.5831779,0.9365986,0.2004459,-3.060387,-1.753361,-2.234653,Nothing
33.52521,13,1,0,2,0.5866324,0.8602841,0.2482615,8.838196,43.10614,217.668,0.5843696,0.9412064,0.2004995,-3.331241,-1.901028,-2.305087,Nothing
33.53342,13,1,0,2,0.5862187,0.8576601,0.2492457,9.613477,43.40719,218.8768,0.5854819,0.9457759,0.2002594,-3.643711,-2.006691,-2.39484,Nothing
33.54193,13,1,0,2,0.5861685,0.855557,0.2498929,10.25835,43.66828,220.0351,0.5865498,0.9505141,0.2000684,-3.930492,-2.111731,-2.481162,Nothing
33.54977,13,1,0,2,0.5862194,0.8535169,0.2503698,10.874,43.97875,221.1436,0.5873645,0.9551092,0.1996555,-4.206273,-2.206551,-2.581479,Nothing
33.55914,13,1,0,2,0.5859241,0.8524941,0.2509124,11.24131,44.14968,222.1195,0.588035,0.9598089,0.1993068,-4.462324,-2.276078,-2.65635,Nothing
33.5668,13,1,0,2,0.5857307,0.8510045,0.2516943,11.61913,44.33149,222.9871,0.58867,0.9643407,0.1991006,-4.724269,-2.355401,-2.745309,Nothing
33.5755,13,1,0,2,0.5854814,0.8494825,0.2524917,12.03819,44.57201,223.9431,0.5892208,0.9686339,0.1988689,-4.986128,-2.40898,-2.839523,Nothing
33.58417,13,1,0,2,0.5853441,0.8461524,0.2537576,12.84954,45.08173,225.767,0.5902231,0.9770862,0.1984704,-5.499202,-2.523701,-3.03793,Nothing
33.59204,13,1,0,2,0.5855229,0.8439978,0.2542612,13.39879,45.4552,226.8316,0.5903998,0.9808331,0.1981856,-5.746613,-2.558409,-3.170334,Nothing
33.60004,13,1,0,2,0.5859646,0.8412759,0.2543356,14.12064,45.97063,228.0963,0.5906532,0.9846143,0.1980476,-6.006905,-2.593196,-3.315446,Nothing
33.6088,13,1,0,2,0.5867132,0.8378977,0.2539051,15.05474,46.68526,229.6024,0.5906482,0.9876693,0.1983333,-6.24269,-2.616062,-3.473098,Nothing
33.61697,13,1,0,2,0.587786,0.8340015,0.2529343,16.24017,47.6394,231.4805,0.5905679,0.9908655,0.1985326,-6.496846,-2.611313,-3.670066,Nothing
33.62509,13,1,0,2,0.5885111,0.8311018,0.2523519,17.05851,48.41162,233.0446,0.5905955,0.9938244,0.1988872,-6.723755,-2.5937,-3.81683,Nothing
33.63321,13,1,0,2,0.589483,0.8290687,0.2517652,17.65685,49.2331,234.6823,0.5904599,0.9966387,0.1992687,-6.919522,-2.54545,-3.941317,Nothing
33.64267,13,1,0,2,0.5901695,0.8297175,0.2511803,17.59578,49.98018,236.1882,0.5899442,0.9991342,0.19977,-7.029797,-2.460488,-3.946355,Nothing
33.65302,13,1,0,2,0.5908289,0.8302067,0.2508579,17.46396,50.60007,237.4979,0.5895763,1.001377,0.2004881,-7.134438,-2.393209,-3.941513,Nothing
33.65927,13,1,0,2,0.5914513,0.8315083,0.2504022,17.16314,51.22481,238.8191,0.5891176,1.003499,0.2010622,-7.212226,-2.305394,-3.904642,Nothing
33.66891,13,1,0,2,0.5919222,0.8325351,0.2500744,16.91552,51.78366,240.0254,0.5887618,1.005763,0.2015918,-7.30482,-2.22706,-3.878835,Nothing
33.67566,13,1,0,2,0.5923961,0.8332249,0.2496826,16.74515,52.36491,241.2571,0.5881585,1.007182,0.2023923,-7.363987,-2.145855,-3.855609,Nothing
33.68353,13,1,0,2,0.5927209,0.8339963,0.2491986,16.60427,52.90546,242.3889,0.587651,1.009025,0.2030033,-7.436898,-2.074342,-3.836847,Nothing
33.69162,13,1,0,2,0.5928734,0.8338954,0.2488929,16.639,53.34682,243.4006,0.5869469,1.010633,0.2035944,-7.520281,-2.019201,-3.859722,Nothing
33.70007,13,1,0,2,0.5931632,0.8329157,0.2487934,16.91579,53.64993,244.1968,0.5861258,1.011546,0.2041969,-7.582664,-1.987301,-3.936622,Nothing
33.70871,13,1,0,2,0.593166,0.8321871,0.2486448,17.09846,53.95488,244.9396,0.5853328,1.012801,0.2048354,-7.659203,-1.96198,-3.989394,Nothing
33.71805,13,1,0,2,0.593628,0.8311227,0.2484749,17.35992,54.53551,246.3398,0.5834488,1.015149,0.2062633,-7.776725,-1.927284,-4.103714,Nothing
33.72726,13,1,0,2,0.5937005,0.8304893,0.2486371,17.48976,54.60874,246.5578,0.5820016,1.015041,0.2070794,-7.760563,-1.958675,-4.16652,Nothing
33.73447,13,1,0,2,0.5936714,0.8303113,0.2489032,17.5103,54.62318,246.6167,0.5807618,1.015281,0.2079582,-7.747879,-2.00617,-4.20375,Nothing
33.74249,13,1,0,2,0.5936264,0.8301224,0.2491298,17.50276,54.55753,246.4873,0.579532,1.015356,0.2087007,-7.723874,-2.07473,-4.23806,Nothing
33.75046,13,1,0,2,0.593327,0.8303875,0.2493799,17.41619,54.45654,246.2744,0.5783114,1.015201,0.2096256,-7.677317,-2.14597,-4.238335,Nothing
33.75873,13,1,0,2,0.5931619,0.8297532,0.2497568,17.42209,54.2386,245.8007,0.5773906,1.015602,0.2102713,-7.679243,-2.259784,-4.278701,Nothing
33.76712,13,1,0,2,0.592854,0.8294407,0.25024,17.413,53.9478,245.2879,0.5764736,1.015457,0.2112342,-7.643528,-2.370108,-4.294611,Nothing
33.77579,13,1,0,2,0.5923775,0.8292563,0.2505907,17.44241,53.65598,244.7962,0.5754935,1.015506,0.2121004,-7.609573,-2.476604,-4.311613,Nothing
33.78345,13,1,0,2,0.5923424,0.8278948,0.2510273,17.6446,53.24997,244.1246,0.5746473,1.015644,0.212991,-7.597626,-2.632769,-4.3851,Nothing
33.79437,13,1,0,2,0.5920496,0.8274382,0.2511298,17.75388,53.03775,243.7181,0.5739753,1.015644,0.2142147,-7.5671,-2.747795,-4.393452,Nothing
33.80014,13,1,0,2,0.5919732,0.8260567,0.25147,17.94878,52.78876,243.2057,0.5732624,1.015754,0.215326,-7.562716,-2.887487,-4.448022,Nothing
33.80823,13,1,0,2,0.5919355,0.8256424,0.2513032,18.06144,52.66054,242.8371,0.5725868,1.015993,0.2166878,-7.530888,-3.019504,-4.456242,Nothing
33.81717,13,1,0,2,0.5921279,0.8247347,0.2512695,18.17442,52.50436,242.4184,0.5718284,1.016358,0.2180653,-7.513036,-3.173319,-4.488273,Nothing
33.8252,13,1,0,2,0.5923376,0.8243653,0.2510703,18.23472,52.4279,242.1527,0.5711654,1.016756,0.2195427,-7.486382,-3.304675,-4.494147,Nothing
33.83353,13,1,0,2,0.5926339,0.8239344,0.2506905,18.3168,52.25835,241.6468,0.5705121,1.017251,0.2210991,-7.443131,-3.483261,-4.501672,Nothing
33.84213,13,1,0,2,0.5931058,0.8237365,0.2504056,18.29667,52.22018,241.4827,0.5692345,1.018248,0.2239953,-7.407265,-3.686102,-4.491353,Nothing
33.84982,13,1,0,2,0.5936172,0.8242973,0.2496642,18.1846,52.33405,241.512,0.5686522,1.019301,0.2255453,-7.388775,-3.801938,-4.457744,Nothing
33.8584,13,1,0,2,0.5941541,0.8243992,0.2491221,18.15428,52.37523,241.4137,0.5679671,1.019967,0.2270603,-7.356979,-3.928278,-4.448564,Nothing
33.86609,13,1,0,2,0.5948329,0.8248308,0.2482814,18.05604,52.54499,241.4437,0.5673749,1.02119,0.2284066,-7.346613,-4.048156,-4.4312,Nothing
33.87521,13,1,0,2,0.5954201,0.8252616,0.247413,17.97413,52.74869,241.5087,0.5667605,1.022495,0.2297364,-7.342849,-4.162946,-4.415253,Nothing
33.88345,13,1,0,2,0.5961328,0.8255951,0.2465056,17.90837,52.96654,241.6243,0.5659467,1.023968,0.2311697,-7.343177,-4.287733,-4.414127,Nothing
33.89182,13,1,0,2,0.5968223,0.8256857,0.2457404,17.87412,53.15135,241.7244,0.5654236,1.0258,0.232319,-7.375985,-4.40484,-4.42729,Nothing
33.90073,13,1,0,2,0.5973773,0.8256001,0.2451183,17.88834,53.31091,241.8392,0.5649198,1.027458,0.2335203,-7.41131,-4.512366,-4.445053,Nothing
33.90845,13,1,0,2,0.5977724,0.8254716,0.2445747,17.89656,53.39232,241.8517,0.5645267,1.029303,0.2344591,-7.457387,-4.621979,-4.464427,Nothing
33.91647,13,1,0,2,0.598062,0.8254562,0.2442214,17.91709,53.43304,241.8111,0.5641364,1.031076,0.2355582,-7.493302,-4.731887,-4.479673,Nothing
33.92514,13,1,0,2,0.5983514,0.825238,0.2440448,17.96248,53.41792,241.7074,0.564155,1.033285,0.2363887,-7.561319,-4.839602,-4.504834,Nothing
33.93307,13,1,0,2,0.5984987,0.8248791,0.2439554,18.02993,53.35707,241.5535,0.5642021,1.035678,0.2372455,-7.640284,-4.955908,-4.533301,Nothing
33.94144,13,1,0,2,0.5985893,0.8244604,0.2439852,18.09318,53.26434,241.3771,0.5643682,1.038077,0.238,-7.72586,-5.066273,-4.561515,Nothing
33.95016,13,1,0,2,0.5986122,0.8243017,0.2440082,18.137,53.15175,241.1746,0.5644767,1.040398,0.2389741,-7.794137,-5.182876,-4.575008,Nothing
33.9585,13,1,0,2,0.5987262,0.8239692,0.2440194,18.17365,53.01233,240.9407,0.5645933,1.042872,0.2398212,-7.871287,-5.309619,-4.597989,Nothing
33.96698,13,1,0,2,0.5988491,0.8235638,0.2439219,18.24011,52.84628,240.5839,0.564557,1.04769,0.241654,-8.013037,-5.551252,-4.637558,Nothing
33.97562,13,1,0,2,0.5990267,0.8233334,0.2438298,18.26213,52.76162,240.393,0.5646418,1.050182,0.2426127,-8.085649,-5.680916,-4.655244,Nothing
33.98322,13,1,0,2,0.5991976,0.8231875,0.2436045,18.26812,52.75169,240.2473,0.5644557,1.052614,0.2437006,-8.148647,-5.815186,-4.671488,Nothing
33.99161,13,1,0,2,0.5994272,0.8230702,0.2433296,18.29303,52.76692,240.1269,0.5644668,1.055121,0.2446468,-8.218756,-5.939811,-4.689754,Nothing
33.99969,13,1,0,2,0.5996627,0.8228134,0.2430151,18.32298,52.80773,240.0282,0.5641886,1.057631,0.2457898,-8.286097,-6.078529,-4.715838,Nothing
34.00876,13,1,0,2,0.5998333,0.8226433,0.2425364,18.34171,52.8678,239.9474,0.5642112,1.06,0.2470286,-8.352952,-6.212543,-4.716799,Nothing
34.01669,13,1,0,2,0.5998379,0.822435,0.2421541,18.38752,52.98187,239.909,0.5638683,1.062125,0.2484497,-8.408446,-6.340631,-4.725852,Nothing
34.02512,13,1,0,2,0.599977,0.8222606,0.2419868,18.42038,52.99507,239.8653,0.5636627,1.064207,0.2496143,-8.465934,-6.452884,-4.742291,Nothing
34.03302,13,1,0,2,0.6003085,0.8217549,0.2420373,18.4609,52.92604,239.8177,0.563622,1.066292,0.2511431,-8.532688,-6.580799,-4.760468,Nothing
34.04199,13,1,0,2,0.6003335,0.821546,0.2422076,18.50074,52.88474,239.8445,0.5636354,1.068348,0.2528392,-8.603832,-6.684666,-4.760001,Nothing
34.05038,13,1,0,2,0.6004291,0.8213801,0.2421799,18.53428,52.86724,239.8171,0.5637717,1.070427,0.2546422,-8.666297,-6.80638,-4.748516,Nothing
34.05865,13,1,0,2,0.6004614,0.8214793,0.2422293,18.52475,52.86108,239.8325,0.5637056,1.072497,0.2564333,-8.723786,-6.916276,-4.732432,Nothing
34.06659,13,1,0,2,0.6006234,0.8214046,0.2421691,18.52498,52.87092,239.812,0.5638724,1.074211,0.258391,-8.768646,-7.03518,-4.704642,Nothing
34.07532,13,1,0,2,0.6008965,0.8216679,0.2418428,18.45473,52.96896,239.8128,0.5639829,1.075961,0.2604959,-8.800335,-7.163882,-4.655854,Nothing
34.08374,13,1,0,2,0.6013064,0.8218683,0.2414305,18.34367,53.09384,239.7735,0.5643581,1.079473,0.2644077,-8.882294,-7.410002,-4.571303,Nothing
34.09174,13,1,0,2,0.6014285,0.8223144,0.2414114,18.22102,53.14741,239.7735,0.564703,1.081155,0.2664746,-8.920487,-7.516053,-4.502362,Nothing
34.10074,13,1,0,2,0.601714,0.8227449,0.24102,18.09599,53.24878,239.7559,0.564997,1.082621,0.2686288,-8.937546,-7.640801,-4.42672,Nothing
34.10822,13,1,0,2,0.6019291,0.8231459,0.240655,17.99757,53.32739,239.7332,0.5652738,1.083865,0.2709095,-8.944358,-7.764045,-4.348189,Nothing
34.11737,13,1,0,2,0.6022914,0.8232842,0.24033,17.95682,53.36803,239.7375,0.5655823,1.085011,0.2731786,-8.955173,-7.885406,-4.28804,Nothing
34.12549,13,1,0,2,0.6024954,0.8235463,0.2401492,17.90945,53.40797,239.7201,0.5657808,1.08565,0.2755831,-8.939828,-7.994808,-4.215783,Nothing
34.13486,13,1,0,2,0.6029356,0.8231528,0.2396647,17.92919,53.45177,239.6541,0.5660086,1.086558,0.2778876,-8.94183,-8.141903,-4.173148,Nothing
34.14261,13,1,0,2,0.6030104,0.8231994,0.239718,17.90651,53.42064,239.6276,0.5660624,1.086988,0.2803475,-8.925797,-8.24639,-4.108568,Nothing
34.15063,13,1,0,2,0.6030527,0.8234223,0.2398323,17.88526,53.38088,239.5937,0.5664378,1.087168,0.2825371,-8.904594,-8.323271,-4.033627,Nothing
34.1597,13,1,0,2,0.6027089,0.8236448,0.240142,17.87989,53.32355,239.5923,0.5668237,1.086914,0.2844806,-8.88532,-8.360775,-3.952271,Nothing
34.16672,13,1,0,2,0.6026437,0.8235189,0.2402641,17.90769,53.29715,239.6102,0.567269,1.086652,0.2860324,-8.876954,-8.398061,-3.897609,Nothing
34.17642,13,1,0,2,0.6025122,0.8235813,0.2404104,17.93289,53.28978,239.6448,0.5675409,1.086554,0.2876684,-8.866778,-8.436362,-3.845166,Nothing
34.18301,13,1,0,2,0.6022797,0.8231868,0.2407024,18.04497,53.25891,239.7615,0.5679322,1.085841,0.2885553,-8.873798,-8.418072,-3.823599,Nothing
34.1926,13,1,0,2,0.6019158,0.8231433,0.2410339,18.10577,53.23875,239.8468,0.5680578,1.084689,0.2884879,-8.85633,-8.353665,-3.811951,Nothing
34.20062,13,1,0,2,0.6016724,0.8231773,0.2413761,18.12997,53.21339,239.9619,0.5678976,1.083699,0.2885095,-8.837648,-8.298482,-3.806303,Nothing
34.20963,13,1,0,2,0.6012351,0.8232887,0.2419917,18.12586,53.16972,240.1619,0.5675032,1.081747,0.2885646,-8.793734,-8.199736,-3.78653,Nothing
34.21719,13,1,0,2,0.6010352,0.8235636,0.2422514,18.06015,53.16274,240.2904,0.5667024,1.080277,0.2877121,-8.745179,-8.112741,-3.798995,Nothing
34.22537,13,1,0,2,0.6007117,0.8240411,0.2424707,17.95374,53.16806,240.4005,0.5659494,1.07854,0.286563,-8.684426,-8.00669,-3.797866,Nothing
34.23349,13,1,0,2,0.600396,0.8245888,0.2426495,17.85176,53.19652,240.5159,0.5648493,1.076716,0.2852585,-8.610068,-7.898756,-3.812772,Nothing
34.24197,13,1,0,2,0.6000907,0.8251008,0.2427855,17.76194,53.24421,240.6563,0.5639569,1.074728,0.2836453,-8.540558,-7.770187,-3.829487,Nothing
34.25043,13,1,0,2,0.5996826,0.8254905,0.2429934,17.68636,53.26867,240.7936,0.5630718,1.072673,0.2818641,-8.477077,-7.632329,-3.851627,Nothing
34.2587,13,1,0,2,0.599264,0.8261126,0.2432794,17.60625,53.28133,240.9663,0.562366,1.070418,0.2798301,-8.40912,-7.464279,-3.86856,Nothing
34.26697,13,1,0,2,0.5988199,0.8264928,0.2437165,17.54624,53.27851,241.1582,0.5616901,1.068043,0.2774818,-8.352901,-7.277589,-3.901441,Nothing
34.27493,13,1,0,2,0.5982443,0.8268445,0.2441819,17.53225,53.27892,241.4114,0.5611874,1.065699,0.2750901,-8.310719,-7.073593,-3.935043,Nothing
34.28394,13,1,0,2,0.5976346,0.8269561,0.2447616,17.55429,53.25979,241.7403,0.5605871,1.062825,0.2725682,-8.263397,-6.844131,-3.979445,Nothing
34.2915,13,1,0,2,0.5970772,0.8271865,0.245346,17.54827,53.24039,242.0395,0.5597579,1.060149,0.2703282,-8.205654,-6.638361,-4.022556,Nothing
34.30011,13,1,0,2,0.5966597,0.8275025,0.245874,17.51239,53.231,242.3226,0.5590415,1.057422,0.2680781,-8.139379,-6.435939,-4.058527,Nothing
34.30795,13,1,0,2,0.5961707,0.8278128,0.2463976,17.4721,53.22911,242.6137,0.5584312,1.054462,0.2658966,-8.0667,-6.227717,-4.082496,Nothing
34.31659,13,1,0,2,0.5957472,0.8282009,0.2467937,17.41505,53.25647,242.8987,0.5576367,1.051479,0.2638694,-7.979993,-6.034893,-4.104667,Nothing
34.32462,13,1,0,2,0.5953544,0.8285744,0.2471665,17.32135,53.2816,243.1773,0.5570959,1.048352,0.2618808,-7.892646,-5.840312,-4.10922,Nothing
34.33298,13,1,0,2,0.5949541,0.8289856,0.2475896,17.24111,53.29966,243.4524,0.5565144,1.045298,0.2599389,-7.803133,-5.64814,-4.118122,Nothing
34.34119,13,1,0,2,0.5939636,0.8298375,0.2485308,17.08376,53.35685,244.0204,0.5555859,1.039126,0.2560363,-7.627727,-5.248918,-4.124568,Nothing
34.3501,13,1,0,2,0.593788,0.8300712,0.2486311,17.02809,53.4521,244.27,0.5555655,1.035841,0.2544348,-7.529151,-5.077693,-4.109253,Nothing
34.35825,13,1,0,2,0.5935231,0.8303635,0.2488947,16.97619,53.50867,244.5486,0.5554963,1.032624,0.2526361,-7.435891,-4.889963,-4.102237,Nothing
34.36774,13,1,0,2,0.5934334,0.8302826,0.2490152,16.99735,53.61022,244.7998,0.5556422,1.029404,0.2510207,-7.347628,-4.722197,-4.102132,Nothing
34.37509,13,1,0,2,0.5933014,0.8303171,0.249187,16.99329,53.67749,245.0473,0.5555761,1.02622,0.2492588,-7.253988,-4.551723,-4.107753,Nothing
34.38327,13,1,0,2,0.5930789,0.8304434,0.2493866,17.0051,53.7165,245.273,0.5553579,1.023196,0.2477077,-7.156148,-4.39462,-4.113343,Nothing
34.3916,13,1,0,2,0.5927487,0.8304755,0.2497193,17.02125,53.72201,245.4519,0.555119,1.020139,0.2462845,-7.057703,-4.243987,-4.116679,Nothing
34.39944,13,1,0,2,0.5924135,0.8304768,0.2500536,17.03926,53.69595,245.6033,0.5548241,1.017156,0.2448336,-6.959558,-4.100043,-4.123843,Nothing
34.40836,13,1,0,2,0.5920734,0.830432,0.2505224,17.07085,53.61318,245.7043,0.554523,1.01448,0.2438972,-6.867355,-3.985098,-4.126822,Nothing
34.41669,13,1,0,2,0.5916911,0.8304961,0.2510659,17.07496,53.49173,245.7519,0.5540941,1.011685,0.2429732,-6.761715,-3.873966,-4.127227,Nothing
34.42545,13,1,0,2,0.5913643,0.830759,0.2514377,17.00778,53.35525,245.6779,0.5539771,1.009117,0.2419487,-6.658483,-3.777586,-4.107251,Nothing
34.43301,13,1,0,2,0.591206,0.8310219,0.2516404,16.9605,53.26506,245.6158,0.5541627,1.006594,0.2409677,-6.558342,-3.683852,-4.080903,Nothing
34.44254,13,1,0,2,0.5910159,0.8312536,0.2519474,16.92925,53.18546,245.59,0.5542762,1.004158,0.2400957,-6.463625,-3.588327,-4.060078,Nothing
34.4502,13,1,0,2,0.5909087,0.8314298,0.2520183,16.89472,53.114,245.4568,0.5544719,1.001875,0.2392791,-6.368853,-3.519617,-4.034131,Nothing
34.4585,13,1,0,2,0.5909488,0.8313203,0.2519892,16.91472,53.04051,245.3,0.5545627,0.999685,0.2385766,-6.277814,-3.472267,-4.02376,Nothing
34.46738,13,1,0,2,0.5906416,0.8314145,0.2523054,16.94341,52.87476,245.1449,0.5548672,0.9957075,0.2372825,-6.123549,-3.341046,-3.991426,Nothing
34.47534,13,1,0,2,0.5904953,0.8311573,0.252549,17.02924,52.76618,245.0761,0.5551556,0.9941048,0.2368113,-6.072958,-3.286821,-3.98619,Nothing
34.48361,13,1,0,2,0.5904291,0.8311183,0.2528258,17.12428,52.68122,245.0626,0.5553171,0.9924191,0.2363653,-6.008327,-3.224063,-3.985628,Nothing
34.49207,13,1,0,2,0.5903499,0.8309851,0.2530266,17.21407,52.60607,245.0669,0.5552015,0.9916772,0.2364213,-5.977316,-3.206805,-3.992537,Nothing
34.49976,13,1,0,2,0.5901803,0.8308522,0.2533384,17.26596,52.53069,245.0462,0.5552834,0.9908671,0.2362594,-5.953582,-3.173314,-3.992638,Nothing
34.50845,13,1,0,2,0.5900329,0.8310564,0.2532342,17.27235,52.49593,245.0452,0.5554106,0.9899466,0.2360962,-5.912992,-3.144536,-3.969013,Nothing
34.51663,13,1,0,2,0.590345,0.8312637,0.2530322,17.23622,52.51534,245.0514,0.5555704,0.9901043,0.2364398,-5.905926,-3.167372,-3.954607,Nothing
34.52502,13,1,0,2,0.5904802,0.83153,0.2529384,17.24707,52.52708,245.0577,0.555701,0.9897282,0.236414,-5.878584,-3.156421,-3.945168,Nothing
34.53424,13,1,0,2,0.5908785,0.8316184,0.2524741,17.22416,52.6559,245.0589,0.5561763,0.9908317,0.2369321,-5.917072,-3.208264,-3.927748,Nothing
34.54196,13,1,0,2,0.5911298,0.831696,0.2521756,17.22491,52.72784,245.0508,0.5564161,0.991044,0.2371581,-5.918335,-3.229751,-3.916199,Nothing
34.55008,13,1,0,2,0.591451,0.831645,0.2517627,17.25302,52.83648,245.0321,0.5567234,0.9919249,0.2375478,-5.948174,-3.27644,-3.911901,Nothing
34.55838,13,1,0,2,0.5918242,0.8313497,0.2513582,17.31118,52.92669,244.9886,0.5571116,0.9931546,0.2379387,-5.999571,-3.335963,-3.91873,Nothing
34.56705,13,1,0,2,0.5921544,0.8310847,0.250952,17.37838,53.0284,244.9149,0.5574202,0.9946204,0.2383063,-6.05641,-3.402129,-3.931833,Nothing
34.57526,13,1,0,2,0.5924778,0.8306532,0.2505715,17.42994,53.11203,244.7127,0.5578739,0.9965083,0.238765,-6.133049,-3.493887,-3.944238,Nothing
34.58316,13,1,0,2,0.5928278,0.830414,0.2501543,17.45939,53.19802,244.5632,0.5584408,0.9986675,0.2391861,-6.218944,-3.580857,-3.95219,Nothing
34.59189,13,1,0,2,0.5935122,0.8299937,0.2492206,17.48955,53.37003,244.1781,0.5596702,1.002735,0.2399094,-6.375502,-3.757759,-3.957023,Nothing
34.6001,13,1,0,2,0.5940387,0.8297825,0.2487608,17.42748,53.37202,243.8217,0.5609132,1.005933,0.2401009,-6.505139,-3.877627,-3.953882,Nothing
34.6084,13,1,0,2,0.5943128,0.8296275,0.2484448,17.3937,53.39472,243.6106,0.5622377,1.009319,0.2399449,-6.659734,-3.958255,-3.957417,Nothing
34.61758,13,1,0,2,0.5946313,0.8293464,0.2481345,17.38365,53.43405,243.4774,0.5642593,1.01355,0.2394759,-6.875401,-4.024067,-3.962779,Nothing
34.62558,13,1,0,2,0.5949638,0.8289531,0.2476343,17.40962,53.54324,243.4313,0.566081,1.01731,0.2389496,-7.074554,-4.079582,-3.972787,Nothing
34.63315,13,1,0,2,0.5954131,0.8285707,0.2471083,17.4449,53.698,243.5024,0.5676931,1.020755,0.2385985,-7.259228,-4.127144,-3.986425,Nothing
34.64301,13,1,0,2,0.59596,0.8281873,0.2464533,17.49559,53.92727,243.6954,0.5698567,1.02448,0.2379211,-7.476026,-4.145643,-3.995584,Nothing
34.65445,13,1,0,2,0.5965537,0.8277622,0.2456125,17.56187,54.22955,244.0062,0.5710952,1.02816,0.2374488,-7.675175,-4.179796,-4.032916,Nothing
34.66367,13,1,0,2,0.5971476,0.8274712,0.2448012,17.63969,54.63836,244.5374,0.572136,1.031433,0.2372457,-7.862073,-4.182099,-4.066329,Nothing
34.67633,13,1,0,2,0.5985192,0.8277227,0.2433153,17.63356,55.37711,245.6148,0.5750235,1.037999,0.2362967,-8.234204,-4.128535,-4.090771,Nothing
34.68289,13,1,0,2,0.5992281,0.8277315,0.2425806,17.60825,55.73023,246.1052,0.5765138,1.041507,0.2356903,-8.434119,-4.106088,-4.106619,Nothing
34.69189,13,1,0,2,0.5999467,0.8281834,0.2417111,17.51528,56.19743,246.7917,0.578219,1.044672,0.2349297,-8.624987,-4.032412,-4.092909,Nothing
34.70047,13,1,0,2,0.6008418,0.8287523,0.2405598,17.39589,56.73534,247.5119,0.5800275,1.047628,0.2342282,-8.801543,-3.959063,-4.063839,Nothing
34.70822,13,1,0,2,0.6019415,0.8295209,0.2390003,17.22129,57.419,248.3336,0.5818725,1.050067,0.233335,-8.953052,-3.865845,-4.016354,Nothing
34.71674,13,1,0,2,0.6028167,0.8304322,0.2375961,17.04321,58.0341,249.1026,0.58368,1.052411,0.233057,-9.089703,-3.790613,-3.945781,Nothing
34.72495,13,1,0,2,0.604412,0.8319048,0.2351542,16.7107,59.11803,250.4602,0.5869838,1.057005,0.2326616,-9.355152,-3.663988,-3.821831,Nothing
34.73404,13,1,0,2,0.6050231,0.8329445,0.2341989,16.48522,59.5456,251.0712,0.5883409,1.058411,0.2330805,-9.429543,-3.610801,-3.728374,Nothing
34.74127,13,1,0,2,0.6054353,0.8337007,0.2335202,16.29129,59.88309,251.5669,0.5897244,1.060143,0.2333325,-9.527183,-3.562853,-3.649494,Nothing
34.74973,13,1,0,2,0.6056848,0.8343436,0.2331082,16.13836,60.10428,251.9667,0.5901548,1.061178,0.2338589,-9.575693,-3.537628,-3.600336,Nothing
34.75797,13,1,0,2,0.6059641,0.8349265,0.2328743,16.01183,60.23635,252.3162,0.5909668,1.062297,0.2343532,-9.633231,-3.507533,-3.548026,Nothing
34.76718,13,1,0,2,0.6059982,0.8352234,0.2328495,15.92811,60.32195,252.5671,0.5917251,1.063417,0.2348298,-9.699326,-3.4842,-3.504233,Nothing
34.77505,13,1,0,2,0.6059953,0.8354232,0.2329061,15.8774,60.38324,252.7887,0.5922422,1.064312,0.2350867,-9.75416,-3.454769,-3.479366,Nothing
34.78333,13,1,0,2,0.6059393,0.8355104,0.2328273,15.85234,60.43472,252.9426,0.5934138,1.065396,0.23526,-9.828771,-3.428872,-3.43357,Nothing
34.79123,13,1,0,2,0.6059572,0.8354899,0.2327302,15.86783,60.51771,253.0987,0.5947843,1.066243,0.2348278,-9.9011,-3.372897,-3.401856,Nothing
34.79987,13,1,0,2,0.6060803,0.835291,0.2325941,15.92017,60.59554,253.2519,0.5965083,1.067096,0.233926,-9.985905,-3.296402,-3.378951,Nothing
34.80817,13,1,0,2,0.6061947,0.8351327,0.2324693,15.96969,60.6671,253.3703,0.5978628,1.067731,0.2329442,-10.05151,-3.225543,-3.368498,Nothing
34.81604,13,1,0,2,0.6063657,0.8350313,0.2322727,15.96974,60.76147,253.4763,0.5988199,1.068628,0.2323455,-10.11743,-3.18766,-3.359518,Nothing
34.82571,13,1,0,2,0.6065224,0.8353944,0.2319645,15.94461,60.84632,253.5594,0.5990963,1.069249,0.2322895,-10.1355,-3.184505,-3.348079,Nothing
34.8334,13,1,0,2,0.6070178,0.8348815,0.2314318,15.93994,60.95568,253.6031,0.5990882,1.069705,0.2319555,-10.17089,-3.206622,-3.375962,Nothing
34.84183,13,1,0,2,0.6071353,0.8354212,0.2310279,15.89384,61.06356,253.6692,0.598301,1.070258,0.2318981,-10.16008,-3.226783,-3.396496,Nothing
34.8504,13,1,0,2,0.6073884,0.8355772,0.230528,15.86748,61.23258,253.7901,0.5971862,1.071115,0.2319108,-10.17269,-3.260865,-3.445013,Nothing
34.85959,13,1,0,2,0.6076093,0.8356332,0.2301667,15.84965,61.31507,253.8133,0.5957654,1.071449,0.2322586,-10.15485,-3.320492,-3.496078,Nothing
34.86697,13,1,0,2,0.6078197,0.8357095,0.2299832,15.83327,61.35658,253.8387,0.593895,1.071538,0.2330657,-10.11626,-3.396583,-3.55533,Nothing
34.87531,13,1,0,2,0.6081641,0.8356189,0.2297368,15.83307,61.37366,253.8556,0.5924753,1.071544,0.2337724,-10.08568,-3.467654,-3.606694,Nothing
34.88272,13,1,0,2,0.6081328,0.8359153,0.2294749,15.82895,61.39033,253.8495,0.591439,1.071777,0.2344246,-10.06022,-3.524914,-3.625608,Nothing
34.8916,13,1,0,2,0.6082393,0.8359202,0.2293726,15.83422,61.37431,253.817,0.5897257,1.072727,0.2355972,-10.06075,-3.630229,-3.683895,Nothing
34.89938,13,1,0,2,0.6083084,0.8358075,0.2293874,15.84058,61.31834,253.7241,0.5891233,1.072828,0.2364329,-10.0475,-3.696725,-3.696154,Nothing
34.90784,13,1,0,2,0.6084637,0.8358302,0.2291822,15.82061,61.25713,253.5917,0.5891404,1.072155,0.2368163,-10.00381,-3.739223,-3.675239,Nothing
34.91702,13,1,0,2,0.608539,0.835852,0.2291421,15.81727,61.19739,253.4755,0.5888406,1.072446,0.2372985,-9.998623,-3.792611,-3.680865,Nothing
34.92487,13,1,0,2,0.6086611,0.8358987,0.2291428,15.82,61.15159,253.363,0.5887426,1.0721,0.2381291,-9.965013,-3.846347,-3.666163,Nothing
34.93307,13,1,0,2,0.608748,0.835866,0.2290709,15.83569,61.11012,253.2641,0.5886728,1.071997,0.2386867,-9.947822,-3.892016,-3.659935,Nothing
34.94135,13,1,0,2,0.608685,0.8357073,0.2290536,15.90908,61.05925,253.1154,0.5887247,1.072029,0.2395181,-9.938475,-3.952814,-3.651923,Nothing
34.94983,13,1,0,2,0.6087265,0.8354767,0.2289675,15.98179,61.01668,252.9738,0.5888227,1.072075,0.240167,-9.932902,-4.00975,-3.64987,Nothing
34.95828,13,1,0,2,0.6087186,0.8352155,0.2290506,16.04645,60.95542,252.8152,0.5887964,1.072077,0.2407749,-9.925797,-4.062428,-3.653491,Nothing
34.96619,13,1,0,2,0.608771,0.8348101,0.2289317,16.17397,60.8615,252.5477,0.5893645,1.072154,0.2419038,-9.921555,-4.156201,-3.63379,Nothing
34.9747,13,1,0,2,0.6087656,0.8347244,0.2288278,16.20649,60.82895,252.3928,0.5899077,1.072335,0.2420676,-9.928189,-4.187328,-3.615006,Nothing
34.98294,13,1,0,2,0.6086812,0.8347891,0.2286316,16.22156,60.8092,252.2627,0.5902606,1.072407,0.2426068,-9.921287,-4.232308,-3.583754,Nothing
34.99158,13,1,0,2,0.6088309,0.8349319,0.2284018,16.152,60.79232,252.1006,0.59051,1.072435,0.2428388,-9.907173,-4.277545,-3.554622,Nothing
35.00024,13,1,0,2,0.608775,0.8352965,0.2281199,16.08607,60.79143,251.9758,0.590575,1.072637,0.2433101,-9.891759,-4.32711,-3.518448,Nothing
35.00891,13,1,0,2,0.6087447,0.8355333,0.2280021,16.04415,60.77094,251.8948,0.5903728,1.072796,0.2435991,-9.878866,-4.361005,-3.506983,Nothing
35.01639,13,1,0,2,0.6088323,0.8357194,0.2278576,16.02615,60.74021,251.8229,0.5905809,1.073051,0.2437351,-9.877776,-4.384381,-3.49287,Nothing
35.02505,13,1,0,2,0.6087958,0.8359199,0.2277948,16.00813,60.73194,251.7727,0.5901861,1.073282,0.2439137,-9.868189,-4.410531,-3.49865,Nothing
35.03314,13,1,0,2,0.6086167,0.8357881,0.227875,16.04207,60.71613,251.718,0.5896134,1.073623,0.2440444,-9.875042,-4.435585,-3.525518,Nothing
35.04184,13,1,0,2,0.6085044,0.8358105,0.2277416,16.06155,60.71705,251.6835,0.5893296,1.073643,0.2443288,-9.865114,-4.461604,-3.526656,Nothing
35.05023,13,1,0,2,0.6084383,0.8358009,0.2277572,16.07575,60.689,251.6392,0.5889503,1.073912,0.2444807,-9.866333,-4.484654,-3.541903,Nothing
35.05859,13,1,0,2,0.6083034,0.835779,0.227919,16.08755,60.63179,251.6071,0.588501,1.074275,0.2447475,-9.873523,-4.506169,-3.558278,Nothing
35.06674,13,1,0,2,0.6082352,0.8359352,0.228229,16.09065,60.56485,251.6143,0.5882419,1.074548,0.2450221,-9.87593,-4.509219,-3.567498,Nothing
35.0751,13,1,0,2,0.6081389,0.8359419,0.2283698,16.08745,60.52169,251.5842,0.5877319,1.075029,0.245615,-9.883759,-4.548115,-3.578609,Nothing
35.08417,13,1,0,2,0.6081572,0.8360464,0.228523,16.06714,60.47515,251.5597,0.5872401,1.075596,0.2465117,-9.888731,-4.600117,-3.583481,Nothing
35.09201,13,1,0,2,0.6083763,0.8362331,0.2283167,15.99352,60.49784,251.5369,0.586926,1.075976,0.2473402,-9.882617,-4.66082,-3.57048,Nothing
35.10022,13,1,0,2,0.6085238,0.8363909,0.2281787,15.92876,60.51886,251.5341,0.5868849,1.076301,0.2478619,-9.885321,-4.695581,-3.553503,Nothing
35.10876,13,1,0,2,0.6086729,0.8366052,0.2279678,15.87032,60.56431,251.5455,0.5864694,1.076738,0.2486634,-9.881816,-4.749946,-3.546073,Nothing
35.11661,13,1,0,2,0.6088216,0.8367347,0.2277169,15.83698,60.62712,251.5698,0.5861326,1.077138,0.2494702,-9.881032,-4.80254,-3.540326,Nothing
35.12482,13,1,0,2,0.6090368,0.8367563,0.227436,15.83371,60.67648,251.5924,0.5857646,1.077332,0.25045,-9.870899,-4.86372,-3.538133,Nothing
35.1337,13,1,0,2,0.6089067,0.8369404,0.2274313,15.81519,60.68941,251.5767,0.5853955,1.077933,0.2513891,-9.877728,-4.916215,-3.528737,Nothing
35.14139,13,1,0,2,0.6090131,0.8368953,0.2273956,15.78787,60.70174,251.587,0.5851469,1.078171,0.2522509,-9.879667,-4.962679,-3.521572,Nothing
35.15054,13,1,0,2,0.6091515,0.8369207,0.2272837,15.77003,60.70913,251.5925,0.5849175,1.07861,0.2531266,-9.885439,-5.015691,-3.516268,Nothing
35.15842,13,1,0,2,0.6094275,0.8368495,0.2270862,15.76397,60.73695,251.6158,0.5846348,1.079225,0.2541738,-9.898612,-5.083332,-3.519205,Nothing
35.16754,13,1,0,2,0.6097248,0.8368199,0.2267364,15.75966,60.80187,251.6161,0.5841354,1.079696,0.2556192,-9.893144,-5.179107,-3.51845,Nothing
35.17654,13,1,0,2,0.6100725,0.8368337,0.2264326,15.73487,60.84385,251.6219,0.5836917,1.080069,0.2570804,-9.88366,-5.27113,-3.511854,Nothing
35.1832,13,1,0,2,0.6104053,0.8369583,0.2261256,15.71613,60.89621,251.6276,0.5833924,1.080695,0.2584636,-9.88325,-5.358978,-3.503995,Nothing
35.19196,13,1,0,2,0.6108255,0.836886,0.2256196,15.72612,60.99599,251.6183,0.582624,1.081206,0.2602979,-9.868277,-5.486808,-3.512395,Nothing
35.19971,13,1,0,2,0.6112118,0.8369526,0.2250916,15.73052,61.09922,251.6313,0.5815181,1.081563,0.2625769,-9.834062,-5.631537,-3.518323,Nothing
35.20898,13,1,0,2,0.6115748,0.8368975,0.2246895,15.7374,61.16521,251.5993,0.5805424,1.082035,0.2646914,-9.810566,-5.772795,-3.527066,Nothing
35.21646,13,1,0,2,0.6121773,0.837194,0.2237597,15.7098,61.29887,251.5286,0.5783519,1.082917,0.2690558,-9.740227,-6.063269,-3.530359,Nothing
35.22513,13,1,0,2,0.612489,0.8372092,0.2234384,15.70242,61.33316,251.4716,0.5769329,1.083343,0.2717005,-9.699039,-6.233292,-3.540136,Nothing
35.23355,13,1,0,2,0.6127465,0.8372374,0.2234169,15.67008,61.31781,251.3615,0.5751845,1.083845,0.2746102,-9.651568,-6.417636,-3.55536,Nothing
35.24191,13,1,0,2,0.6129647,0.8373656,0.2233277,15.63416,61.28064,251.2805,0.5737008,1.084121,0.2775913,-9.597585,-6.592795,-3.549158,Nothing
35.24985,13,1,0,2,0.6131784,0.8374957,0.2232308,15.5991,61.24741,251.21,0.5717869,1.084527,0.2807934,-9.540489,-6.78509,-3.556832,Nothing
35.25903,13,1,0,2,0.6134594,0.8374045,0.2230166,15.60346,61.26079,251.1805,0.5700264,1.084569,0.2839029,-9.480169,-6.966483,-3.568938,Nothing
35.26694,13,1,0,2,0.6137945,0.8374094,0.2226513,15.60268,61.31309,251.1425,0.5684178,1.084832,0.286772,-9.426242,-7.145221,-3.582197,Nothing
35.2767,13,1,0,2,0.614089,0.8374031,0.222236,15.58973,61.38118,251.1207,0.5672616,1.08526,0.2891976,-9.394112,-7.298632,-3.585463,Nothing
35.28387,13,1,0,2,0.6144534,0.8374338,0.2217641,15.57426,61.46611,251.0826,0.5661013,1.085613,0.2913571,-9.354983,-7.445466,-3.595852,Nothing
35.29178,13,1,0,2,0.6147146,0.8376967,0.2212367,15.54708,61.56557,251.037,0.5648884,1.086016,0.2933729,-9.308738,-7.586155,-3.602919,Nothing
35.30063,13,1,0,2,0.6150337,0.837617,0.220813,15.56035,61.65067,251.0218,0.5637988,1.086216,0.2953191,-9.272717,-7.714891,-3.620291,Nothing
35.3136,13,1,0,2,0.6153103,0.8374293,0.22048,15.59891,61.71725,251.0162,0.562613,1.086509,0.2971432,-9.246027,-7.836819,-3.651001,Undo
35.31369,13,1,0,2,0.6153103,0.8374293,0.22048,15.59891,61.71725,251.0162,0.562613,1.086509,0.2971432,-9.246027,-7.836819,-3.651001,Nothing
35.31894,13,1,0,2,0.6159561,0.8370515,0.2198096,15.63932,61.85374,251.0037,0.5603974,1.086935,0.3010632,-9.186465,-8.089459,-3.695782,Nothing
35.33401,13,1,0,2,0.6164387,0.8363621,0.2196155,15.77163,61.901,251.0514,0.5583246,1.087084,0.3047298,-9.14395,-8.296474,-3.756419,Nothing
35.34171,13,1,0,2,0.6165433,0.8360463,0.2195802,15.82274,61.90009,251.034,0.5575815,1.08699,0.306307,-9.119853,-8.38356,-3.768804,Nothing
35.34995,13,1,0,2,0.616587,0.8358533,0.2196192,15.84247,61.88368,251.0138,0.5570395,1.086806,0.3076151,-9.095784,-8.449918,-3.767735,Nothing
35.35828,13,1,0,2,0.616526,0.8358816,0.2197238,15.83111,61.84671,251.0166,0.5567145,1.086591,0.3087612,-9.074108,-8.494746,-3.747356,Nothing
35.36816,13,1,0,2,0.6163309,0.8358698,0.2200576,15.804,61.75895,250.9693,0.5566667,1.086325,0.3092976,-9.060581,-8.506283,-3.720862,Nothing
35.37527,13,1,0,2,0.6160546,0.835721,0.2202887,15.82526,61.7395,250.9792,0.5571093,1.086008,0.3093215,-9.068526,-8.480786,-3.696712,Nothing
35.38388,13,1,0,2,0.6157544,0.8355969,0.220576,15.84032,61.6875,250.9777,0.5580122,1.085726,0.3084903,-9.092233,-8.41139,-3.669001,Nothing
35.39136,13,1,0,2,0.6155695,0.8354574,0.2207826,15.85577,61.64658,250.9682,0.5592387,1.085425,0.3070325,-9.12245,-8.316612,-3.645857,Nothing
35.40408,13,1,0,2,0.615178,0.8354517,0.2211677,15.86249,61.57272,251.0059,0.5614025,1.085041,0.3042137,-9.183973,-8.12734,-3.603135,Undo
35.40424,13,1,0,2,0.615178,0.8354517,0.2211677,15.86249,61.57272,251.0059,0.5614025,1.085041,0.3042137,-9.183973,-8.12734,-3.603135,Nothing
35.40958,13,1,0,2,0.6148104,0.8353823,0.2215087,15.87342,61.52531,251.0667,0.562955,1.084606,0.3019263,-9.232177,-7.969135,-3.57689,Nothing
35.41647,13,1,0,2,0.6145337,0.8353597,0.221887,15.88588,61.47568,251.1275,0.5644671,1.084099,0.2992632,-9.275602,-7.794178,-3.563788,Nothing
35.42526,13,1,0,2,0.6140313,0.8354264,0.2223518,15.87433,61.4346,251.2776,0.5657921,1.083395,0.2967328,-9.319673,-7.601963,-3.540546,Nothing
35.43335,13,1,0,2,0.6136137,0.8355179,0.2227602,15.84787,61.39397,251.3987,0.5667696,1.082587,0.2943327,-9.345019,-7.428209,-3.526262,Nothing
35.44205,13,1,0,2,0.6131295,0.8356728,0.2231317,15.81104,61.36762,251.5626,0.5670303,1.081633,0.2919244,-9.354395,-7.257313,-3.533938,Nothing
35.45007,13,1,0,2,0.612608,0.835894,0.2234921,15.76796,61.36847,251.7287,0.5674896,1.080516,0.2896606,-9.356227,-7.084779,-3.526457,Nothing
35.45914,13,1,0,2,0.6117437,0.8362473,0.2242385,15.67947,61.35178,252.0493,0.5686021,1.078131,0.2851334,-9.353816,-6.739816,-3.509375,Nothing
35.46765,13,1,0,2,0.6117297,0.8364326,0.2241938,15.63247,61.37689,252.0799,0.568038,1.077743,0.2851616,-9.324555,-6.740391,-3.515051,Nothing
35.47623,13,1,0,2,0.6107605,0.8370985,0.2249014,15.47578,61.37967,252.3855,0.5684825,1.074918,0.2809838,-9.275024,-6.415415,-3.491348,Nothing
35.48535,13,1,0,2,0.6104333,0.8375686,0.2250758,15.35453,61.40089,252.5408,0.5684019,1.072968,0.2787257,-9.213964,-6.25291,-3.482711,Nothing
35.49167,13,1,0,2,0.610063,0.8379987,0.2251987,15.23955,61.44776,252.6629,0.5686256,1.071152,0.2763172,-9.16225,-6.087442,-3.467329,Nothing
35.50009,13,1,0,2,0.6095951,0.8382821,0.2255188,15.15657,61.46278,252.7935,0.5691151,1.069276,0.2738286,-9.121174,-5.903614,-3.44894,Nothing
35.50897,13,1,0,2,0.6092054,0.8385543,0.2258198,15.08462,61.45528,252.8631,0.5696441,1.067275,0.2711477,-9.068275,-5.72172,-3.435671,Nothing
35.51654,13,1,0,2,0.6090202,0.8388363,0.2261203,15.0237,61.42704,252.8896,0.5703783,1.065215,0.2682306,-9.008857,-5.53608,-3.428066,Nothing
35.52475,13,1,0,2,0.6085892,0.8389487,0.226574,15.00226,61.35694,252.8815,0.5710025,1.063143,0.2652525,-8.954707,-5.346509,-3.427255,Nothing
35.53394,13,1,0,2,0.6081727,0.8389342,0.2270096,15.00993,61.25922,252.8338,0.5714856,1.061041,0.2622968,-8.896702,-5.168942,-3.4375,Nothing
35.54175,13,1,0,2,0.6077431,0.8389395,0.2276359,15.0423,61.12018,252.7912,0.5717846,1.058954,0.2594859,-8.835292,-4.992011,-3.458897,Nothing
35.5506,13,1,0,2,0.6072235,0.838887,0.2283826,15.07603,60.94306,252.7157,0.5718691,1.056844,0.2568403,-8.77027,-4.825454,-3.484281,Nothing
35.55817,13,1,0,2,0.6068112,0.8388112,0.2290741,15.09412,60.77016,252.6341,0.5718734,1.054702,0.2542813,-8.701144,-4.669395,-3.512164,Nothing
35.56677,13,1,0,2,0.6063552,0.8388716,0.2297162,15.10641,60.61155,252.5637,0.5716219,1.052446,0.2520474,-8.616259,-4.527668,-3.537215,Nothing
35.57486,13,1,0,2,0.6058978,0.8390015,0.2301722,15.10301,60.49288,252.5014,0.5715361,1.050134,0.249636,-8.5303,-4.37978,-3.552934,Nothing
35.58307,13,1,0,2,0.6055365,0.8392078,0.230546,15.09122,60.4095,252.4806,0.5715592,1.047809,0.2472973,-8.44325,-4.230141,-3.563549,Nothing
35.59152,13,1,0,2,0.6047993,0.839623,0.2313558,15.06125,60.23427,252.4493,0.5714337,1.04322,0.2425338,-8.270985,-3.927491,-3.595141,Nothing
35.59964,13,1,0,2,0.6045139,0.8400525,0.2315013,15.01238,60.21167,252.4895,0.5716416,1.040784,0.2401574,-8.176134,-3.769874,-3.58951,Nothing
35.60938,13,1,0,2,0.6042383,0.8405193,0.2315673,14.96778,60.21412,252.554,0.5719001,1.03831,0.2377645,-8.079391,-3.609134,-3.581309,Nothing
35.6178,13,1,0,2,0.6037839,0.8410155,0.231753,14.92036,60.18047,252.5724,0.5721352,1.035991,0.2353266,-7.98884,-3.447789,-3.571448,Nothing
35.6254,13,1,0,2,0.6034291,0.8417011,0.2318615,14.83792,60.15825,252.6194,0.5720844,1.033478,0.2331484,-7.876182,-3.299096,-3.559879,Nothing
35.63501,13,1,0,2,0.6032228,0.8427553,0.231987,14.70396,60.07813,252.6348,0.572033,1.030942,0.2311328,-7.743661,-3.160689,-3.538536,Nothing
35.64197,13,1,0,2,0.6027869,0.8436006,0.2322974,14.59086,59.98505,252.6366,0.5718328,1.028445,0.2290361,-7.622927,-3.015032,-3.526952,Nothing
35.65152,13,1,0,2,0.6022465,0.8443121,0.232682,14.50642,59.89619,252.6268,0.5712634,1.025849,0.2272353,-7.495388,-2.885208,-3.52623,Nothing
35.65894,13,1,0,2,0.6018133,0.8450154,0.2329838,14.42726,59.80968,252.6216,0.5704954,1.023123,0.225747,-7.354549,-2.775329,-3.528569,Nothing
35.66702,13,1,0,2,0.6013457,0.8456264,0.2333746,14.38251,59.70403,252.6149,0.5695744,1.020324,0.2241499,-7.211571,-2.660133,-3.545594,Nothing
35.67496,13,1,0,2,0.6007513,0.8460954,0.2339702,14.38806,59.57236,252.6401,0.5682131,1.017473,0.2228691,-7.064718,-2.553041,-3.580525,Nothing
35.68323,13,1,0,2,0.600232,0.8465124,0.2345016,14.40396,59.44197,252.6716,0.5669507,1.014411,0.2215175,-6.910718,-2.442468,-3.614333,Nothing
35.69211,13,1,0,2,0.5997483,0.8469941,0.2350259,14.41746,59.30084,252.7021,0.5657543,1.011357,0.2201026,-6.754798,-2.329141,-3.647394,Nothing
35.69977,13,1,0,2,0.5992205,0.8473627,0.235562,14.46327,59.16753,252.7379,0.5637494,1.007913,0.2190465,-6.569475,-2.240741,-3.703369,Nothing
35.70831,13,1,0,2,0.5989093,0.8478354,0.2357533,14.48748,59.04564,252.7061,0.5615796,1.004648,0.2183289,-6.375228,-2.197228,-3.756405,Nothing
35.7179,13,1,0,2,0.5978823,0.8491383,0.236617,14.45572,58.78838,252.6942,0.5584871,0.9978777,0.2160839,-6.003208,-2.012746,-3.811527,Nothing
35.72513,13,1,0,2,0.5973216,0.8500817,0.2370375,14.39085,58.64288,252.6523,0.5567077,0.9943617,0.215133,-5.795857,-1.931659,-3.832152,Nothing
35.73331,13,1,0,2,0.5965497,0.8511243,0.2377049,14.32175,58.4772,252.6421,0.5549791,0.9907587,0.2142781,-5.586782,-1.834318,-3.844075,Nothing
35.74197,13,1,0,2,0.5959142,0.852264,0.2381867,14.21792,58.30038,252.5876,0.5533797,0.9871097,0.2132046,-5.372134,-1.73945,-3.852719,Nothing
35.74973,13,1,0,2,0.5952616,0.8533261,0.2387056,14.11678,58.12016,252.523,0.5518306,0.9833525,0.2121274,-5.157076,-1.642142,-3.860686,Nothing
35.75806,13,1,0,2,0.5946728,0.8545094,0.2390549,14.00016,57.96814,252.4502,0.5505297,0.9794235,0.2110713,-4.932239,-1.54436,-3.853049,Nothing
35.76685,13,1,0,2,0.5941393,0.8556451,0.239277,13.89894,57.84661,252.3749,0.5491027,0.9754803,0.2100087,-4.704505,-1.454097,-3.85241,Nothing
35.77493,13,1,0,2,0.5936791,0.8568244,0.2392801,13.81453,57.76419,252.3107,0.5478709,0.97143,0.2089988,-4.470331,-1.366805,-3.840909,Nothing
35.78598,13,1,0,2,0.5931782,0.8576512,0.2392976,13.79637,57.66615,252.1918,0.5466044,0.9674369,0.2080146,-4.248659,-1.288644,-3.83947,Nothing
35.80087,13,1,0,2,0.5920112,0.8592111,0.2399219,13.74257,57.33747,251.9272,0.5441306,0.9593483,0.2061714,-3.811181,-1.114843,-3.839,Nothing
35.80826,13,1,0,2,0.591314,0.8601711,0.2402728,13.66751,57.08247,251.66,0.5428532,0.9552798,0.2053466,-3.583934,-1.038392,-3.829823,Nothing
35.81656,13,1,0,2,0.5906831,0.8612868,0.2405556,13.55363,56.84641,251.3989,0.5412336,0.9511275,0.2047368,-3.340656,-0.9764112,-3.825078,Nothing
35.82501,13,1,0,2,0.5900085,0.8625473,0.240802,13.39133,56.59962,251.0777,0.5400904,0.9470453,0.2040334,-3.105839,-0.9028176,-3.799195,Nothing
35.83295,13,1,0,2,0.5892548,0.8637782,0.2409738,13.23352,56.34636,250.7285,0.5391532,0.9428601,0.2034146,-2.871424,-0.8274609,-3.759271,Nothing
35.84216,13,1,0,2,0.5880606,0.8663096,0.2411191,12.89923,55.90061,250.0439,0.5371953,0.9348018,0.201958,-2.411122,-0.6773782,-3.701449,Nothing
35.84973,13,1,0,2,0.5874863,0.8675628,0.241169,12.74134,55.69186,249.7036,0.5363138,0.9306987,0.201164,-2.180811,-0.5932682,-3.672826,Nothing
35.85815,13,1,0,2,0.5870855,0.8689857,0.2409011,12.56347,55.51902,249.3447,0.5353895,0.927222,0.2006492,-1.964167,-0.541339,-3.642203,Nothing
35.86703,13,1,0,2,0.586763,0.8703384,0.2403842,12.40569,55.44616,248.9744,0.5347905,0.9237341,0.1999397,-1.755241,-0.4792253,-3.602994,Nothing
35.87473,13,1,0,2,0.5864818,0.8714637,0.2401676,12.25206,55.33009,248.6424,0.5338947,0.9204715,0.1993291,-1.56162,-0.4228822,-3.588092,Nothing
35.88327,13,1,0,2,0.5864915,0.8728079,0.2393555,12.07535,55.32693,248.2851,0.5331001,0.9170539,0.1985557,-1.348662,-0.3741384,-3.565466,Nothing
35.8916,13,1,0,2,0.5865543,0.8741995,0.2386103,11.88682,55.22017,247.906,0.5324173,0.9142327,0.1978008,-1.159788,-0.3352662,-3.548615,Nothing
35.89969,13,1,0,2,0.5865391,0.8756413,0.2379048,11.67575,55.1691,247.5459,0.5319715,0.9116843,0.1970818,-0.9891958,-0.2881347,-3.522671,Nothing
35.9082,13,1,0,2,0.5864509,0.8772066,0.2372377,11.44372,55.10659,247.1408,0.5317091,0.9094189,0.1964576,-0.8306437,-0.2399542,-3.487955,Nothing
35.91711,13,1,0,2,0.5866911,0.8786371,0.2361664,11.17691,55.13251,246.7193,0.5320153,0.9080866,0.196032,-0.7201524,-0.2231907,-3.438603,Nothing
35.9249,13,1,0,2,0.5868604,0.8800988,0.2352515,10.9388,55.11174,246.2828,0.532563,0.906024,0.1955409,-0.5822721,-0.1769503,-3.377806,Nothing
35.93372,13,1,0,2,0.5869922,0.8815099,0.234067,10.73696,55.17556,245.8894,0.532428,0.9044054,0.1952996,-0.4485833,-0.1660844,-3.333754,Nothing
35.94171,13,1,0,2,0.5873765,0.8828853,0.2331534,10.48707,55.11781,245.3779,0.5325864,0.9030813,0.1952088,-0.3303668,-0.1622417,-3.294929,Nothing
35.94943,13,1,0,2,0.5876091,0.8840869,0.23238,10.27504,55.02124,244.8682,0.532844,0.9018794,0.1952848,-0.2258647,-0.158586,-3.249337,Nothing
35.95816,13,1,0,2,0.5876992,0.8851291,0.2316422,10.08287,54.91067,244.3537,0.5328935,0.9011253,0.1953731,-0.1446448,-0.1659714,-3.21264,Nothing
35.9664,13,1,0,2,0.5877981,0.8871431,0.2305731,9.75246,54.63068,243.3423,0.5333294,0.8991219,0.1957013,0.02935746,-0.1500373,-3.127721,Nothing
35.97455,13,1,0,2,0.5872799,0.8876425,0.2308464,9.65619,54.35742,242.8116,0.5338744,0.8989546,0.1961659,0.04347423,-0.134867,-3.075811,Nothing
35.98297,13,1,0,2,0.5870664,0.8881146,0.2309439,9.590579,54.07119,242.3237,0.534445,0.8988447,0.1966718,0.0636062,-0.1346588,-3.02939,Nothing
35.9921,13,1,0,2,0.5869342,0.8883288,0.2310141,9.564132,53.78517,241.8466,0.5352031,0.8989311,0.1970902,0.06375375,-0.1383169,-2.984224,Nothing
35.99969,13,1,0,2,0.5867097,0.8887058,0.2310537,9.564016,53.5223,241.3917,0.5357317,0.8991995,0.1973497,0.06438443,-0.1387368,-2.948078,Nothing
36.00821,13,1,0,2,0.5865417,0.8885512,0.2312232,9.634974,53.2885,241.0089,0.536881,0.900068,0.1975206,0.0066432,-0.1415677,-2.905998,Nothing
36.01682,13,1,0,2,0.5863638,0.8886375,0.2311756,9.672132,53.07503,240.6538,0.5376548,0.900587,0.1976664,-0.01924572,-0.1459879,-2.867854,Nothing
36.02499,13,1,0,2,0.5862485,0.8886563,0.2312264,9.713619,52.90206,240.3611,0.5385548,0.9012388,0.1978826,-0.05603135,-0.1508904,-2.829954,Nothing
36.0325,13,1,0,2,0.586148,0.8887982,0.2311995,9.720194,52.73384,240.0401,0.5393212,0.901943,0.1977231,-0.09298582,-0.1477267,-2.805574,Nothing
36.0415,13,1,0,2,0.5861377,0.8889855,0.2310913,9.732741,52.63997,239.8119,0.5400307,0.9025441,0.1979496,-0.1158909,-0.1575527,-2.772426,Nothing
36.04996,13,1,0,2,0.5861723,0.889381,0.2308435,9.67168,52.6506,239.6991,0.5406607,0.903123,0.1981411,-0.1312151,-0.1656728,-2.738992,Nothing
36.05838,13,1,0,2,0.5862529,0.8897074,0.2305996,9.607635,52.633,239.59,0.5409273,0.9037592,0.198282,-0.14363,-0.1849953,-2.72331,Nothing
36.06616,13,1,0,2,0.5863105,0.8901319,0.2303334,9.530334,52.65863,239.5691,0.541315,0.9043597,0.1983524,-0.1560002,-0.1946998,-2.702529,Nothing
36.07526,13,1,0,2,0.5863904,0.8904138,0.2302674,9.467047,52.67065,239.6028,0.5416105,0.9048871,0.1983822,-0.1717749,-0.2001391,-2.693431,Nothing
36.08459,13,1,0,2,0.5864803,0.8911268,0.229879,9.336725,52.76915,239.7648,0.5421357,0.9060153,0.1982405,-0.2016422,-0.2078408,-2.672914,Nothing
36.09149,13,1,0,2,0.5865784,0.8913806,0.2298043,9.275759,52.77009,239.8419,0.5422671,0.906629,0.1982273,-0.2187556,-0.2188897,-2.672383,Nothing
36.10052,13,1,0,2,0.5866579,0.8916168,0.2296692,9.223006,52.89777,240.1263,0.5418069,0.9070389,0.1976995,-0.2271899,-0.2160454,-2.70496,Nothing
36.10794,13,1,0,2,0.586619,0.8919054,0.2296398,9.186679,52.99981,240.3568,0.5418356,0.907658,0.1974884,-0.2493508,-0.2116977,-2.710005,Nothing
36.11661,13,1,0,2,0.586894,0.8918406,0.2293805,9.201601,53.13285,240.5576,0.5416303,0.9080907,0.1971276,-0.2650191,-0.2235665,-2.734934,Nothing
36.12476,13,1,0,2,0.5870882,0.8917093,0.229123,9.226634,53.2953,240.764,0.5413632,0.908464,0.1967699,-0.2817083,-0.2335681,-2.759297,Nothing
36.13348,13,1,0,2,0.5873172,0.8913027,0.2290467,9.282888,53.43139,240.9633,0.5410656,0.9086974,0.1962467,-0.3059045,-0.2358651,-2.797091,Nothing
36.14172,13,1,0,2,0.5874315,0.8911092,0.2289947,9.311334,53.55613,241.1746,0.5407569,0.9089598,0.1958969,-0.3233783,-0.2378075,-2.825207,Nothing
36.15039,13,1,0,2,0.5871798,0.891236,0.2294171,9.304249,53.60221,241.4321,0.5404403,0.9092515,0.1955791,-0.3419601,-0.2131841,-2.849555,Nothing
36.15875,13,1,0,2,0.5871409,0.8910273,0.2295734,9.330073,53.6603,241.6382,0.5401867,0.9093794,0.195146,-0.3611443,-0.1999272,-2.876889,Nothing
36.16718,13,1,0,2,0.5869503,0.8908173,0.230051,9.350938,53.65121,241.8628,0.5400884,0.9095223,0.1948292,-0.3883002,-0.1756182,-2.898395,Nothing
36.1752,13,1,0,2,0.5867661,0.8905646,0.2305588,9.387885,53.65603,242.1364,0.5400077,0.9097413,0.1945273,-0.4203391,-0.1515681,-2.920956,Nothing
36.18353,13,1,0,2,0.586565,0.8901979,0.2311322,9.442926,53.64709,242.3938,0.5400102,0.9098847,0.1943157,-0.4540757,-0.1270093,-2.939524,Nothing
36.19177,13,1,0,2,0.5863631,0.8898109,0.2315399,9.51494,53.67736,242.6973,0.5399373,0.9100757,0.1940445,-0.4877937,-0.1065828,-2.958603,Nothing
36.19995,13,1,0,2,0.5862681,0.889166,0.2319922,9.636656,53.73808,243.0461,0.5400257,0.9102345,0.1938148,-0.5302299,-0.08632647,-2.97788,Nothing
36.20898,13,1,0,2,0.5862958,0.888711,0.2323759,9.730573,53.81302,243.4026,0.5399414,0.9103811,0.193627,-0.558682,-0.07180692,-3.003419,Nothing
36.21677,13,1,0,2,0.5861977,0.8876962,0.2331106,9.899798,53.9659,244.0636,0.5395042,0.9105721,0.1932392,-0.6136437,-0.04568851,-3.058175,Nothing
36.2262,13,1,0,2,0.5860589,0.887291,0.233478,9.97223,54.09051,244.44,0.5390213,0.9107898,0.1932577,-0.637674,-0.04172551,-3.086198,Nothing
36.23331,13,1,0,2,0.5859706,0.8864629,0.2339925,10.07543,54.18697,244.7693,0.5385325,0.9112895,0.1935613,-0.6866779,-0.05891106,-3.118938,Nothing
36.24261,13,1,0,2,0.5860651,0.8855553,0.2342716,10.2113,54.32579,245.1321,0.5377054,0.9118232,0.1937328,-0.7294784,-0.0899509,-3.170063,Nothing
36.25024,13,1,0,2,0.5861358,0.8845405,0.2348413,10.39543,54.42239,245.5218,0.5367731,0.9125911,0.1939562,-0.785024,-0.1202467,-3.234862,Nothing
36.25842,13,1,0,2,0.5862768,0.8833303,0.2351767,10.60869,54.54927,245.8947,0.5357167,0.9136521,0.1941843,-0.8545363,-0.1701749,-3.305673,Nothing
36.26599,13,1,0,2,0.5865679,0.8820915,0.2353306,10.82111,54.73362,246.2509,0.5348334,0.915516,0.194636,-0.9571676,-0.2466037,-3.372699,Nothing
36.27521,13,1,0,2,0.5869871,0.8810142,0.235143,11.00985,54.9693,246.5435,0.5340906,0.9169478,0.1947748,-1.036953,-0.3102463,-3.433751,Nothing
36.28287,13,1,0,2,0.5878092,0.8801498,0.2344154,11.07413,55.32325,246.7789,0.53442,0.9201419,0.1949676,-1.198326,-0.4071297,-3.465694,Nothing
36.29227,13,1,0,2,0.5883185,0.879545,0.2339416,11.09835,55.61467,246.9783,0.5349198,0.9234008,0.194782,-1.367669,-0.4694438,-3.493868,Nothing
36.29965,13,1,0,2,0.5888249,0.8792022,0.2334266,11.05342,55.89365,247.1509,0.5358577,0.9270013,0.194929,-1.54791,-0.539852,-3.494161,Nothing
36.30865,13,1,0,2,0.5891601,0.8788399,0.233078,11.00815,56.16161,247.3519,0.5372998,0.9310076,0.1949593,-1.761476,-0.5913873,-3.479251,Nothing
36.31702,13,1,0,2,0.5894967,0.8785377,0.2328263,10.96242,56.36211,247.5409,0.5385402,0.9350789,0.1954658,-1.966503,-0.6646603,-3.462086,Nothing
36.32483,13,1,0,2,0.5897723,0.8783987,0.2328324,10.85786,56.41685,247.7133,0.539826,0.9393005,0.1962335,-2.173218,-0.7434412,-3.438232,Nothing
36.33334,13,1,0,2,0.5896934,0.8783358,0.2328854,10.77816,56.49163,247.8848,0.5412021,0.9437197,0.1968923,-2.393644,-0.8061363,-3.402387,Nothing
36.34158,13,1,0,2,0.5899075,0.8781001,0.2331164,10.66475,56.60857,248.245,0.543954,0.9526662,0.198612,-2.832905,-0.9501674,-3.340508,Nothing
36.34979,13,1,0,2,0.5900148,0.8780597,0.2330251,10.62895,56.68488,248.4076,0.5453379,0.9572684,0.1993653,-3.053314,-1.024623,-3.307571,Nothing
36.35764,13,1,0,2,0.590138,0.877808,0.2331456,10.64926,56.71189,248.5569,0.5470147,0.9623463,0.2004087,-3.303653,-1.108444,-3.271051,Nothing
36.36685,13,1,0,2,0.5903578,0.877437,0.2331255,10.71305,56.77165,248.6879,0.5489012,0.9675894,0.2015499,-3.56419,-1.201639,-3.229439,Nothing
36.37488,13,1,0,2,0.5904694,0.8772394,0.2330017,10.78216,56.8679,248.7843,0.5512278,0.9725259,0.202956,-3.809093,-1.289062,-3.153547,Nothing
36.38312,13,1,0,2,0.5908976,0.8769518,0.2325369,10.85841,57.00213,248.8139,0.5539867,0.9779456,0.2042508,-4.077528,-1.395525,-3.073459,Nothing
36.39102,13,1,0,2,0.5911943,0.8769397,0.2321559,10.86023,57.1056,248.8442,0.5569288,0.9833838,0.2056784,-4.342715,-1.495626,-2.972398,Nothing
36.39999,13,1,0,2,0.5915308,0.8769906,0.2317092,10.84673,57.20903,248.8211,0.5597987,0.988601,0.2069535,-4.593695,-1.594719,-2.874109,Nothing
36.40805,13,1,0,2,0.5916482,0.8772951,0.2315136,10.77426,57.26011,248.7821,0.563817,0.9942,0.208539,-4.873219,-1.673731,-2.71642,Nothing
36.41608,13,1,0,2,0.5918496,0.8776007,0.2311935,10.70066,57.2936,248.6753,0.56703,0.9994401,0.210205,-5.117697,-1.780649,-2.58456,Nothing
36.42459,13,1,0,2,0.5919963,0.8779632,0.230931,10.6151,57.29682,248.5496,0.5701352,1.004581,0.2120465,-5.352103,-1.894224,-2.448669,Nothing
36.43292,13,1,0,2,0.592388,0.8782377,0.2305696,10.54399,57.26793,248.4164,0.5734292,1.009513,0.2137901,-5.578435,-2.008994,-2.314767,Nothing
36.44159,13,1,0,2,0.5924965,0.8785997,0.2303773,10.47383,57.23184,248.2788,0.5764635,1.014316,0.2163484,-5.787959,-2.145957,-2.161179,Nothing
36.44925,13,1,0,2,0.5927263,0.8789138,0.2299353,10.42144,57.24445,248.1488,0.5792073,1.019061,0.2183279,-5.992964,-2.277698,-2.033324,Nothing
36.45883,13,1,0,2,0.5930944,0.87941,0.2293072,10.33821,57.26423,247.9285,0.5855005,1.028099,0.2236197,-6.39079,-2.556515,-1.713583,Nothing
36.46646,13,1,0,2,0.593102,0.8793728,0.2292793,10.35021,57.27113,247.9317,0.5850381,1.028213,0.2237599,-6.387675,-2.575099,-1.730572,Nothing
36.47461,13,1,0,2,0.5934517,0.879738,0.2284813,10.2997,57.31328,247.7253,0.5912066,1.036886,0.2285836,-6.773852,-2.841472,-1.423608,Nothing
36.48364,13,1,0,2,0.5936049,0.8796328,0.2282585,10.34878,57.33573,247.7032,0.5941505,1.040869,0.2310805,-6.9648,-2.963108,-1.286109,Nothing
36.49146,13,1,0,2,0.5935725,0.8796626,0.2281252,10.38581,57.32571,247.6546,0.5965757,1.044809,0.233337,-7.145178,-3.079428,-1.167256,Nothing
36.49915,13,1,0,2,0.5936767,0.8795941,0.2279849,10.42546,57.33537,247.6537,0.5987971,1.04856,0.2355627,-7.318774,-3.194668,-1.062317,Nothing
36.50772,13,1,0,2,0.593801,0.8795871,0.2277855,10.44859,57.35525,247.6404,0.6005049,1.052292,0.2376448,-7.480635,-3.318326,-0.977843,Nothing
36.5163,13,1,0,2,0.5939602,0.8794733,0.227566,10.45258,57.40976,247.6548,0.6018665,1.055876,0.2399607,-7.633358,-3.456047,-0.8991895,Nothing
36.52432,13,1,0,2,0.5938966,0.879951,0.2274085,10.3881,57.47406,247.6952,0.6026251,1.059614,0.2425409,-7.761132,-3.598883,-0.8166816,Nothing
36.53336,13,1,0,2,0.5939741,0.880134,0.2270753,10.32084,57.56358,247.6954,0.6031402,1.062798,0.244843,-7.869626,-3.746967,-0.7493291,Nothing
36.54114,13,1,0,2,0.594144,0.8806178,0.2265774,10.20506,57.67113,247.6959,0.6035405,1.066044,0.2474302,-7.959595,-3.913278,-0.6695051,Nothing
36.55038,13,1,0,2,0.5943057,0.8810157,0.2261386,10.11289,57.76399,247.6951,0.6038187,1.069329,0.2500134,-8.05314,-4.08171,-0.6001896,Nothing
36.5578,13,1,0,2,0.5948102,0.8815759,0.2252817,9.974282,57.87246,247.6786,0.6039911,1.072349,0.2528223,-8.112467,-4.279749,-0.5218277,Nothing
36.56644,13,1,0,2,0.595081,0.8821041,0.2245986,9.839844,58.01626,247.6826,0.6041258,1.075254,0.2557808,-8.172139,-4.469125,-0.4368482,Nothing
36.57437,13,1,0,2,0.5950429,0.8826529,0.22438,9.744651,58.1167,247.7577,0.6043912,1.078303,0.258813,-8.254042,-4.625427,-0.3507358,Nothing
36.58304,13,1,0,2,0.595323,0.8827212,0.2239346,9.735387,58.22889,247.8085,0.6044441,1.080894,0.2619337,-8.322416,-4.808988,-0.2927158,Nothing
36.59106,13,1,0,2,0.5960453,0.8830633,0.2228157,9.653159,58.43077,247.828,0.6054248,1.086418,0.2678305,-8.471003,-5.171402,-0.142261,Nothing
36.59967,13,1,0,2,0.5963992,0.8827075,0.2224759,9.753912,58.51719,247.8574,0.6059177,1.088841,0.2705784,-8.559934,-5.336219,-0.1030463,Nothing
36.60812,13,1,0,2,0.5967723,0.8822656,0.2220941,9.793799,58.60377,247.829,0.606581,1.091051,0.2735819,-8.637033,-5.516319,-0.0396453,Nothing
36.6163,13,1,0,2,0.5970922,0.8822061,0.2216817,9.804749,58.68791,247.8099,0.6072766,1.093351,0.2761872,-8.707646,-5.673934,0.02525753,Nothing
36.62604,13,1,0,2,0.5973948,0.8822912,0.2211512,9.772777,58.76002,247.6667,0.6078987,1.095534,0.2789554,-8.750052,-5.857977,0.1046411,Nothing
36.63324,13,1,0,2,0.5978966,0.8823876,0.2205234,9.742476,58.85133,247.5366,0.6086608,1.097445,0.2821129,-8.773451,-6.056167,0.1945163,Nothing
36.642,13,1,0,2,0.5982202,0.88267,0.2200538,9.647551,58.88488,247.3954,0.6087226,1.099035,0.2854954,-8.764378,-6.258502,0.2829641,Nothing
36.65756,13,1,0,2,0.5985618,0.882958,0.2195136,9.569731,58.94655,247.3022,0.6087269,1.100705,0.2890458,-8.758172,-6.466613,0.3692177,Nothing
36.66968,13,1,0,2,0.5992504,0.8833009,0.2186995,9.45395,59.03307,247.1364,0.608184,1.103637,0.296125,-8.73366,-6.875409,0.5076307,Nothing
36.67584,13,1,0,2,0.5994501,0.8832821,0.218377,9.435653,59.08754,247.0664,0.6076768,1.10481,0.3001466,-8.711186,-7.093896,0.5753195,Nothing
36.68292,13,1,0,2,0.5998278,0.8833396,0.2179328,9.4177,59.15126,247.0154,0.6073791,1.105525,0.304273,-8.664859,-7.308343,0.6529713,Nothing
36.69113,13,1,0,2,0.6003161,0.883397,0.2172772,9.43018,59.2384,246.9514,0.6071889,1.106099,0.3076826,-8.616098,-7.503422,0.7118292,Nothing
36.6991,13,1,0,2,0.6007866,0.8832412,0.2167346,9.479951,59.34907,246.9393,0.6073149,1.10677,0.3111828,-8.592473,-7.690098,0.7720456,Nothing
36.70798,13,1,0,2,0.6012417,0.8831309,0.2162175,9.510902,59.44953,246.9212,0.6075152,1.107472,0.3145622,-8.570482,-7.869724,0.8360261,Nothing
36.71552,13,1,0,2,0.6016493,0.8829479,0.215766,9.568534,59.53837,246.9092,0.60795,1.108079,0.3173843,-8.561007,-8.017946,0.8918207,Nothing
36.72519,13,1,0,2,0.6023331,0.8828046,0.2147788,9.642364,59.70382,246.854,0.6089058,1.109342,0.3226072,-8.537107,-8.298285,1.013015,Nothing
36.7338,13,1,0,2,0.6026335,0.8828449,0.2144762,9.648021,59.75129,246.7968,0.6102633,1.109797,0.3241268,-8.539181,-8.36778,1.091071,Nothing
36.74161,13,1,0,2,0.6028411,0.88298,0.2141903,9.60582,59.77724,246.7069,0.6109549,1.11025,0.3253054,-8.52739,-8.436159,1.14905,Nothing
36.74976,13,1,0,2,0.603053,0.8830627,0.2139119,9.58454,59.80306,246.6365,0.6113994,1.11085,0.3264246,-8.524056,-8.507709,1.189587,Nothing
36.75842,13,1,0,2,0.6028443,0.8834692,0.2140152,9.505934,59.74966,246.5482,0.6116939,1.111123,0.3273159,-8.503349,-8.536639,1.249122,Nothing
36.76654,13,1,0,2,0.6028244,0.8835542,0.2139711,9.483438,59.71369,246.483,0.6118912,1.111255,0.3280837,-8.489462,-8.573096,1.283931,Nothing
36.77466,13,1,0,2,0.6027421,0.8835824,0.214132,9.468214,59.642,246.4402,0.6119043,1.111051,0.328503,-8.473353,-8.580009,1.304251,Nothing
36.78287,13,1,0,2,0.6026446,0.8834816,0.2143489,9.486083,59.57436,246.4349,0.6120374,1.110653,0.328475,-8.469179,-8.558276,1.311819,Nothing
36.79279,13,1,0,2,0.6024651,0.8828816,0.2146133,9.585828,59.5416,246.4856,0.6120526,1.110176,0.3286612,-8.489326,-8.545672,1.299894,Nothing
36.80066,13,1,0,2,0.6023921,0.8825071,0.2148093,9.678817,59.52552,246.5594,0.6124961,1.109677,0.3283451,-8.512074,-8.50237,1.292667,Nothing
36.8075,13,1,0,2,0.6022811,0.8820483,0.2149157,9.774672,59.52944,246.6374,0.6129624,1.109046,0.3279985,-8.532962,-8.459601,1.287596,Nothing
36.81589,13,1,0,2,0.6021934,0.8816,0.2150904,9.885779,59.54068,246.7548,0.6136423,1.108271,0.3269991,-8.564935,-8.376466,1.270835,Nothing
36.82419,13,1,0,2,0.602022,0.8811738,0.2153706,9.984967,59.55066,246.8702,0.6144344,1.107375,0.3258086,-8.596699,-8.275245,1.258626,Nothing
36.83215,13,1,0,2,0.6019095,0.8809047,0.2155062,10.05075,59.57398,246.977,0.6148379,1.106541,0.3246056,-8.612832,-8.187699,1.237895,Nothing
36.84073,13,1,0,2,0.6016333,0.8809982,0.2157358,10.01817,59.58481,247.0928,0.6154505,1.105341,0.3231238,-8.60743,-8.062112,1.249473,Nothing
36.84927,13,1,0,2,0.6011437,0.8811637,0.2162609,9.975881,59.53431,247.2941,0.6168345,1.103197,0.3202294,-8.60734,-7.815801,1.274643,Nothing
36.85727,13,1,0,2,0.6006058,0.8818448,0.2167675,9.793823,59.45415,247.428,0.6170551,1.101231,0.3180875,-8.553173,-7.62332,1.303754,Nothing
36.86676,13,1,0,2,0.6002027,0.8820835,0.217151,9.721996,59.41571,247.5588,0.6174524,1.099651,0.3163415,-8.529136,-7.468977,1.315921,Nothing
36.87402,13,1,0,2,0.5997811,0.8825204,0.2174982,9.605153,59.38655,247.6818,0.6175624,1.097749,0.3143617,-8.477725,-7.304278,1.324065,Nothing
36.88303,13,1,0,2,0.5993962,0.8828431,0.2178095,9.520001,59.37564,247.8159,0.6176334,1.095531,0.3120489,-8.420706,-7.125522,1.316172,Nothing
36.89117,13,1,0,2,0.5988805,0.8829771,0.2183412,9.48981,59.37598,247.9717,0.6176382,1.093307,0.3097668,-8.377574,-6.939362,1.293908,Nothing
36.8989,13,1,0,2,0.5985588,0.8829301,0.2188096,9.500885,59.37533,248.166,0.6174958,1.090961,0.3074622,-8.335764,-6.757663,1.250928,Nothing
36.90707,13,1,0,2,0.5983628,0.8828611,0.2191163,9.507189,59.37394,248.3652,0.6174829,1.088484,0.3053142,-8.285031,-6.586174,1.217488,Nothing
36.91629,13,1,0,2,0.5981016,0.8827042,0.2195692,9.548441,59.37613,248.5757,0.6172672,1.086129,0.3031331,-8.244078,-6.413162,1.166286,Nothing
36.92419,13,1,0,2,0.5978568,0.8825285,0.2201037,9.596682,59.37008,248.7922,0.6170006,1.083599,0.3011534,-8.19376,-6.242826,1.11583,Nothing
36.93225,13,1,0,2,0.5976118,0.8823988,0.2205537,9.630475,59.37202,249.0079,0.6167501,1.081542,0.2995262,-8.15586,-6.097495,1.075353,Nothing
36.94156,13,1,0,2,0.5974864,0.8822488,0.2209311,9.671565,59.40483,249.2605,0.6162543,1.07911,0.2978158,-8.099181,-5.949637,1.020181,Nothing
36.95016,13,1,0,2,0.5973171,0.8823875,0.2211923,9.669578,59.44386,249.4596,0.6159086,1.076738,0.2962853,-8.024828,-5.813887,0.9889079,Nothing
36.95828,13,1,0,2,0.59719,0.8825536,0.2214075,9.62372,59.48106,249.6518,0.6153247,1.074443,0.29513,-7.941968,-5.702611,0.9633148,Nothing
36.96588,13,1,0,2,0.5972351,0.8827714,0.2215304,9.548434,59.51982,249.8361,0.6148697,1.072161,0.2937181,-7.856623,-5.58658,0.9369371,Nothing
36.97443,13,1,0,2,0.5970972,0.8833158,0.2217354,9.386343,59.60624,250.1425,0.6139312,1.067888,0.2912988,-7.68448,-5.381447,0.9020747,Nothing
36.98285,13,1,0,2,0.5970211,0.8835172,0.2219186,9.313799,59.64382,250.2972,0.6137598,1.065906,0.2902774,-7.611471,-5.280849,0.8963106,Nothing
36.99091,13,1,0,2,0.5967799,0.8837234,0.2219841,9.246361,59.67754,250.4516,0.6137116,1.064072,0.2891867,-7.548101,-5.178885,0.9014447,Nothing
36.99933,13,1,0,2,0.5967838,0.8837126,0.2222049,9.230476,59.68437,250.5987,0.613857,1.062788,0.288269,-7.518003,-5.091296,0.8920761,Nothing
37.00787,13,1,0,2,0.5969124,0.8837838,0.2222352,9.205061,59.70122,250.7424,0.6139436,1.061499,0.2871408,-7.480607,-5.00625,0.8764873,Nothing
37.01633,13,1,0,2,0.5970508,0.8834437,0.2223464,9.280335,59.71079,250.8514,0.6139435,1.060497,0.2863478,-7.468555,-4.949087,0.8427089,Nothing
37.02475,13,1,0,2,0.5971401,0.8831337,0.222404,9.344839,59.73769,250.9311,0.6138303,1.059788,0.2856559,-7.462551,-4.907891,0.8090298,Nothing
37.03351,13,1,0,2,0.5974135,0.8826986,0.2223527,9.430794,59.75275,250.9398,0.6138839,1.059424,0.285156,-7.468574,-4.895242,0.775382,Nothing
37.04132,13,1,0,2,0.5975571,0.8824322,0.2224351,9.467752,59.76862,250.9844,0.6138196,1.058853,0.2845701,-7.462527,-4.862863,0.7473499,Nothing
37.04944,13,1,0,2,0.5978251,0.8820721,0.2223572,9.530154,59.78883,250.9505,0.6138585,1.058817,0.284076,-7.47519,-4.861148,0.7155068,Nothing
37.05817,13,1,0,2,0.5979583,0.8821059,0.2219359,9.539179,59.85921,250.8916,0.6140345,1.05955,0.2836943,-7.500263,-4.882674,0.7086857,Nothing
37.06631,13,1,0,2,0.5977353,0.8820263,0.2222621,9.573514,59.87526,250.9332,0.6141494,1.059856,0.2831127,-7.534657,-4.840423,0.6921633,Nothing
37.07465,13,1,0,2,0.5980291,0.8818995,0.2221106,9.579949,59.90284,250.8948,0.6147369,1.061183,0.282282,-7.606262,-4.835458,0.674603,Nothing
37.08322,13,1,0,2,0.5983139,0.8816688,0.2221102,9.595767,59.92892,250.8911,0.6152002,1.062462,0.2813352,-7.68438,-4.818381,0.6442582,Nothing
37.09152,13,1,0,2,0.5987306,0.8811765,0.2219005,9.610084,60.0037,250.9388,0.6163939,1.064834,0.2795655,-7.840584,-4.779851,0.6116347,Nothing
37.09952,13,1,0,2,0.5990802,0.8809769,0.2216836,9.6301,60.07974,251.0163,0.617169,1.066622,0.2786044,-7.947384,-4.763543,0.5900002,Nothing
37.10846,13,1,0,2,0.5995719,0.8811113,0.221474,9.665692,60.1597,251.162,0.6179223,1.068621,0.2776873,-8.051747,-4.74048,0.5609459,Nothing
37.11673,13,1,0,2,0.600079,0.8805605,0.2210859,9.800142,60.33502,251.3907,0.6187006,1.07077,0.2769046,-8.196444,-4.733442,0.513792,Nothing
37.12482,13,1,0,2,0.6007801,0.8797323,0.2207395,9.932004,60.49381,251.5702,0.6196258,1.072958,0.2761734,-8.350614,-4.737923,0.4628116,Nothing
37.13297,13,1,0,2,0.6013041,0.8791544,0.2202998,10.07057,60.68578,251.7705,0.620761,1.075307,0.2753611,-8.50734,-4.730921,0.4259607,Nothing
37.14166,13,1,0,2,0.6019837,0.8789364,0.2195208,10.15105,60.87601,251.9262,0.6218929,1.077897,0.2740929,-8.653474,-4.726161,0.3903293,Nothing
37.1507,13,1,0,2,0.6024139,0.8786992,0.2191656,10.20276,61.02347,252.0758,0.6233816,1.080072,0.2727211,-8.795225,-4.680921,0.3769653,Nothing
37.15823,13,1,0,2,0.6027626,0.8786458,0.2188993,10.20289,61.13151,252.2023,0.6250347,1.082647,0.2712138,-8.950361,-4.62632,0.3769872,Nothing
37.16678,13,1,0,2,0.6033453,0.8779725,0.2187063,10.23464,61.19961,252.2652,0.6262512,1.084748,0.2699331,-9.096834,-4.601459,0.347525,Nothing
37.17508,13,1,0,2,0.6036217,0.8780315,0.2184448,10.19338,61.29926,252.4003,0.6274856,1.08716,0.2684661,-9.234836,-4.548449,0.3444404,Nothing
37.1839,13,1,0,2,0.6038054,0.8781697,0.218109,10.21816,61.42429,252.5246,0.628157,1.089598,0.2670457,-9.361873,-4.510995,0.3130471,Nothing
37.19156,13,1,0,2,0.6041373,0.8780577,0.2177322,10.23763,61.56961,252.6855,0.6288162,1.091766,0.2659599,-9.484961,-4.48593,0.284202,Nothing
37.20013,13,1,0,2,0.6044752,0.8779175,0.2174151,10.26139,61.69799,252.8326,0.6292264,1.093863,0.2650276,-9.600974,-4.470141,0.2470198,Nothing
37.20856,13,1,0,2,0.6045966,0.8779902,0.2169468,10.28366,61.86182,252.9652,0.6294122,1.095681,0.2640791,-9.692039,-4.456359,0.2161054,Nothing
37.21738,13,1,0,2,0.6051668,0.8776304,0.2163957,10.36765,62.10549,253.2237,0.6302531,1.099399,0.2622166,-9.906197,-4.416497,0.1421673,Nothing
37.2244,13,1,0,2,0.6052033,0.8773297,0.2163665,10.44161,62.19855,253.3109,0.6306883,1.101164,0.2613265,-10.01691,-4.389024,0.1059819,Nothing
37.23309,13,1,0,2,0.6053702,0.877028,0.2163002,10.51705,62.27345,253.4343,0.6312041,1.10258,0.260361,-10.11453,-4.348898,0.06993192,Nothing
37.24203,13,1,0,2,0.6055667,0.8766727,0.2163606,10.59416,62.34398,253.5903,0.6320026,1.103679,0.2595195,-10.20618,-4.293987,0.04628833,Nothing
37.24973,13,1,0,2,0.6059752,0.8762678,0.2161822,10.66704,62.44967,253.8133,0.6326402,1.105103,0.2585789,-10.31267,-4.24553,0.006945945,Nothing
37.25827,13,1,0,2,0.6061532,0.8760626,0.2161123,10.72071,62.55249,254.0638,0.6333913,1.106142,0.2579113,-10.39805,-4.184004,-0.005680337,Nothing
37.26691,13,1,0,2,0.6062977,0.8761418,0.2157956,10.7381,62.70623,254.359,0.6338849,1.106892,0.2576061,-10.45224,-4.137918,-0.003343503,Nothing
37.27542,13,1,0,2,0.6065086,0.8764943,0.2154309,10.66059,62.89507,254.7086,0.6344891,1.107662,0.2573586,-10.49803,-4.083129,0.02319098,Nothing
37.28281,13,1,0,2,0.6067146,0.876779,0.2150386,10.60238,63.0626,254.9668,0.634865,1.108317,0.2572987,-10.53065,-4.056792,0.04209777,Nothing
37.29172,13,1,0,2,0.6069533,0.8773991,0.2145098,10.4544,63.28959,255.2455,0.6351565,1.108902,0.257566,-10.54063,-4.045444,0.08570733,Nothing
37.2998,13,1,0,2,0.6072525,0.8782148,0.2136968,10.246,63.55517,255.4875,0.6352546,1.10924,0.2582902,-10.51882,-4.073058,0.1485784,Nothing
37.31049,13,1,0,2,0.6077935,0.8796513,0.2119743,9.881058,64.07631,255.9599,0.6353712,1.11012,0.2594247,-10.49392,-4.126867,0.2533727,Nothing
37.32501,13,1,0,2,0.6082215,0.8802798,0.2110604,9.723364,64.3562,256.2144,0.6355425,1.110283,0.2601875,-10.47197,-4.160801,0.3040346,Nothing
37.33304,13,1,0,2,0.6084644,0.8806683,0.2104205,9.628809,64.56892,256.4591,0.6353039,1.110536,0.261117,-10.46389,-4.19768,0.3290814,Nothing
37.3403,13,1,0,2,0.6086551,0.8806507,0.2102178,9.611244,64.67118,256.6064,0.6355394,1.110415,0.2622531,-10.46004,-4.229602,0.3592361,Nothing
37.34763,13,1,0,2,0.6088092,0.8809626,0.2096545,9.549876,64.81355,256.775,0.6356755,1.110519,0.2630802,-10.45124,-4.261382,0.3956954,Nothing
37.35596,13,1,0,2,0.6087948,0.880651,0.2097828,9.627685,64.76698,256.7806,0.6357461,1.110352,0.2642876,-10.45337,-4.304844,0.4060111,Nothing
37.36475,13,1,0,2,0.6088728,0.88059,0.209683,9.635389,64.80721,256.8521,0.6356547,1.110468,0.2654036,-10.45642,-4.350216,0.4189502,Nothing
37.37375,13,1,0,2,0.6087887,0.8803198,0.2097765,9.709319,64.71377,256.7662,0.6356888,1.110287,0.2672568,-10.44577,-4.436422,0.4470837,Nothing
37.38123,13,1,0,2,0.6086891,0.8801149,0.2100101,9.749503,64.59899,256.5972,0.6357246,1.109964,0.2683413,-10.42528,-4.495445,0.4668511,Nothing
37.3891,13,1,0,2,0.6086354,0.8799805,0.2100934,9.783181,64.52529,256.4804,0.6353725,1.109772,0.2693215,-10.40529,-4.556907,0.468687,Nothing
37.39865,13,1,0,2,0.6085226,0.8799362,0.2101675,9.79874,64.38756,256.1792,0.6352013,1.10938,0.2702854,-10.36082,-4.641263,0.4887736,Nothing
37.40622,13,1,0,2,0.6085153,0.8799514,0.2101639,9.790916,64.30604,255.9587,0.6346579,1.10916,0.2713339,-10.31959,-4.72971,0.4937793,Nothing
37.41507,13,1,0,2,0.6084791,0.8800995,0.2100344,9.769013,64.24953,255.7644,0.6341174,1.108777,0.2725423,-10.26439,-4.822285,0.5103201,Nothing
37.42288,13,1,0,2,0.6083283,0.8801936,0.2098484,9.753187,64.2084,255.5885,0.6338067,1.108362,0.2739272,-10.21355,-4.915691,0.5443411,Nothing
37.43124,13,1,0,2,0.6083186,0.8804292,0.209609,9.723083,64.196,255.4657,0.6333754,1.107983,0.2751817,-10.15888,-5.00076,0.5682955,Nothing
37.43939,13,1,0,2,0.6083007,0.8806952,0.2094117,9.692196,64.18523,255.3854,0.6329408,1.107399,0.2768205,-10.09439,-5.089784,0.6014311,Nothing
37.44775,13,1,0,2,0.6083079,0.8808366,0.209311,9.673623,64.15574,255.3114,0.632381,1.107063,0.2782514,-10.04809,-5.171113,0.6174201,Nothing
37.45615,13,1,0,2,0.608322,0.8810369,0.2091389,9.674227,64.16689,255.3119,0.6321177,1.106575,0.2794984,-10.00264,-5.22842,0.6396498,Nothing
37.46445,13,1,0,2,0.6083035,0.8813004,0.2090216,9.667999,64.15515,255.247,0.6322331,1.105999,0.2807346,-9.950174,-5.28406,0.6814191,Nothing
37.47424,13,1,0,2,0.6083843,0.8815511,0.2087798,9.65893,64.19215,255.2593,0.6323035,1.10555,0.2816236,-9.910137,-5.323102,0.7097598,Nothing
37.48248,13,1,0,2,0.6084247,0.8817837,0.2085471,9.643127,64.20638,255.2221,0.6322129,1.104925,0.2828805,-9.854389,-5.385233,0.7438645,Nothing
37.49069,13,1,0,2,0.6086935,0.882434,0.2079405,9.588782,64.25967,255.1369,0.6318439,1.104128,0.284855,-9.751451,-5.505318,0.7888588,Nothing
37.49835,13,1,0,2,0.6088032,0.8827943,0.2075574,9.533205,64.31181,255.0747,0.6313168,1.103901,0.2860523,-9.697037,-5.589201,0.8066916,Nothing
37.50656,13,1,0,2,0.6088347,0.8830085,0.2072123,9.48888,64.34801,254.9921,0.6309081,1.10362,0.2873603,-9.646873,-5.676421,0.8321031,Nothing
37.51443,13,1,0,2,0.6089001,0.883287,0.2069382,9.435504,64.35252,254.8994,0.6299154,1.103576,0.2890768,-9.593585,-5.791412,0.840106,Nothing
37.52292,13,1,0,2,0.6090801,0.8835928,0.2066861,9.405857,64.37246,254.8312,0.6286936,1.103654,0.2910644,-9.540602,-5.920774,0.8325258,Nothing
37.53091,13,1,0,2,0.6091595,0.8837378,0.2064473,9.387738,64.37784,254.7368,0.627874,1.103524,0.2928407,-9.490848,-6.034679,0.840619,Nothing
37.53967,13,1,0,2,0.6092628,0.8837656,0.206178,9.395095,64.38903,254.6384,0.6268394,1.103527,0.2951132,-9.444632,-6.179093,0.8422002,Nothing
37.54739,13,1,0,2,0.6093997,0.8837,0.2058762,9.422676,64.4024,254.5577,0.6258545,1.103709,0.2975239,-9.411289,-6.330973,0.8418299,Nothing
37.55692,13,1,0,2,0.6095645,0.8834967,0.2056865,9.483521,64.41287,254.5077,0.6249349,1.1037,0.3006798,-9.37437,-6.503185,0.850155,Nothing
37.56479,13,1,0,2,0.6096799,0.8834015,0.2054291,9.508157,64.43929,254.438,0.6240392,1.103674,0.3034754,-9.331626,-6.663824,0.862296,Nothing
37.57343,13,1,0,2,0.6099445,0.8830269,0.2050863,9.601148,64.50114,254.3971,0.6232974,1.10381,0.3063402,-9.310881,-6.833479,0.8587511,Nothing
37.58118,13,1,0,2,0.6101918,0.8828083,0.20481,9.649657,64.55461,254.3436,0.6228269,1.103723,0.3088663,-9.277642,-6.977575,0.8708928,Nothing
37.58936,13,1,0,2,0.6104109,0.8826581,0.2045066,9.686254,64.5999,254.2872,0.6223399,1.103868,0.3108544,-9.255605,-7.101987,0.8745243,Nothing
37.59818,13,1,0,2,0.6106262,0.882637,0.2042884,9.670541,64.62362,254.2128,0.6224657,1.104138,0.3124005,-9.242727,-7.194889,0.9050954,Nothing
37.60785,13,1,0,2,0.611011,0.8826097,0.2038526,9.650935,64.64141,254.0667,0.6228536,1.104794,0.3154233,-9.224998,-7.37417,0.971659,Nothing
37.61469,13,1,0,2,0.6111456,0.8827454,0.2037124,9.589794,64.62927,253.9984,0.6232831,1.105292,0.3162808,-9.226981,-7.426016,1.013945,Nothing
37.62265,13,1,0,2,0.6113396,0.882776,0.2034834,9.557121,64.64819,253.9778,0.6239469,1.106111,0.3173011,-9.253924,-7.484769,1.057482,Nothing
37.63156,13,1,0,2,0.6115584,0.8827521,0.2032176,9.54264,64.6943,253.9745,0.6240389,1.106586,0.3184865,-9.260429,-7.55736,1.076365,Nothing
37.63943,13,1,0,2,0.611816,0.8826504,0.2029218,9.547221,64.75425,253.9806,0.6236941,1.107254,0.3196153,-9.27457,-7.639891,1.067504,Nothing
37.65195,13,1,0,2,0.6120776,0.8825338,0.2026449,9.568534,64.83137,253.9946,0.6234171,1.107374,0.3209396,-9.264862,-7.72145,1.064257,Nothing
37.65887,13,1,0,2,0.6124082,0.8823351,0.2022916,9.602171,64.9276,254.0415,0.6229242,1.107701,0.3222884,-9.267931,-7.811584,1.04439,Nothing
37.67065,13,1,0,2,0.6126649,0.8822268,0.2019785,9.626827,64.9891,254.0488,0.622362,1.107906,0.3236029,-9.257553,-7.900535,1.029346,Redo
37.67075,13,1,0,2,0.6126649,0.8822268,0.2019785,9.626827,64.9891,254.0488,0.622362,1.107906,0.3236029,-9.257553,-7.900535,1.029346,Nothing
37.67746,13,1,0,2,0.6129769,0.8818656,0.2017427,9.703187,65.06854,254.0776,0.6217244,1.107959,0.3251071,-9.25245,-7.995361,0.9983723,Nothing
37.68298,13,1,0,2,0.6133116,0.8816723,0.201373,9.738049,65.13921,254.1054,0.6213978,1.107828,0.3264874,-9.234466,-8.08065,0.9912241,Nothing
37.68991,13,1,0,2,0.6135046,0.8813819,0.201213,9.806543,65.18172,254.1155,0.6209752,1.107783,0.3277737,-9.22677,-8.156399,0.9744066,Nothing
37.69864,13,1,0,2,0.6135046,0.8810033,0.2012647,9.873428,65.20203,254.1045,0.6207589,1.107583,0.3288028,-9.222713,-8.206922,0.9681389,Nothing
37.70721,13,1,0,2,0.6135839,0.880769,0.2012281,9.927668,65.20998,254.0929,0.6205322,1.107293,0.3295049,-9.208982,-8.245326,0.9588376,Nothing
37.71448,13,1,0,2,0.6136444,0.8806285,0.2011804,9.958686,65.21571,254.0615,0.6209846,1.107052,0.3294848,-9.204996,-8.243913,0.9703423,Nothing
37.72321,13,1,0,2,0.6136751,0.880658,0.2009744,9.966066,65.24343,254.0153,0.6209811,1.106788,0.3300044,-9.177734,-8.280233,0.9815462,Nothing
37.73184,13,1,0,2,0.6136097,0.8808557,0.2008951,9.912346,65.24285,253.9346,0.621439,1.1065,0.3293724,-9.154731,-8.254128,1.007423,Nothing
37.74033,13,1,0,2,0.6135165,0.8809631,0.2007464,9.862849,65.21912,253.8355,0.6218357,1.105979,0.3289655,-9.120461,-8.241106,1.040107,Nothing
37.74774,13,1,0,2,0.6133971,0.8811173,0.2008094,9.81621,65.1816,253.7813,0.6219704,1.105576,0.3281997,-9.098374,-8.200997,1.051593,Nothing
37.75647,13,1,0,2,0.6130383,0.8813428,0.2012524,9.756647,65.06657,253.7711,0.6223015,1.105062,0.3273029,-9.086411,-8.118787,1.082426,Nothing
37.7644,13,1,0,2,0.6127888,0.8813348,0.2014975,9.753333,65.01152,253.779,0.622325,1.104713,0.3262821,-9.088292,-8.052221,1.077308,Nothing
37.77313,13,1,0,2,0.6125339,0.8812662,0.2018226,9.771884,64.95969,253.8145,0.6229149,1.103966,0.3245298,-9.09339,-7.932824,1.078515,Nothing
37.7822,13,1,0,2,0.6123091,0.8811395,0.2022266,9.802912,64.9192,253.8734,0.6233304,1.1034,0.3231288,-9.107257,-7.82851,1.070995,Nothing
37.79099,13,1,0,2,0.6120518,0.8810657,0.2025857,9.826794,64.87101,253.9332,0.6241807,1.102396,0.32079,-9.112518,-7.671292,1.071434,Nothing
37.80106,13,1,0,2,0.6115332,0.8808821,0.2032855,9.901095,64.81372,254.0934,0.6248517,1.10147,0.3179928,-9.148055,-7.465054,1.048872,Nothing
37.80634,13,1,0,2,0.6111734,0.8808182,0.2037751,9.94024,64.77449,254.2277,0.6260632,1.100899,0.3157962,-9.186692,-7.294164,1.061757,Nothing
37.81454,13,1,0,2,0.6107297,0.880923,0.2042838,9.941838,64.71777,254.351,0.6267118,1.099874,0.312534,-9.197751,-7.078436,1.045942,Nothing
37.82477,13,1,0,2,0.6103131,0.8812706,0.2048972,9.897921,64.63331,254.4782,0.6272134,1.098574,0.3096524,-9.180373,-6.868918,1.042661,Nothing
37.83105,13,1,0,2,0.6097948,0.8817059,0.2054935,9.810534,64.5462,254.597,0.6276416,1.097506,0.3070342,-9.16499,-6.673779,1.052661,Nothing
37.83969,13,1,0,2,0.6092542,0.8822451,0.2061326,9.691072,64.44797,254.7201,0.6277602,1.096215,0.3043698,-9.131279,-6.474767,1.057234,Nothing
37.8479,13,1,0,2,0.6086389,0.8830331,0.2067661,9.530324,64.35765,254.8691,0.6273034,1.094773,0.3020777,-9.071301,-6.292181,1.057542,Nothing
37.85617,13,1,0,2,0.6080943,0.8835692,0.2073937,9.403687,64.27544,255.0026,0.6271251,1.093211,0.2998932,-9.016828,-6.115694,1.060261,Nothing
37.86584,13,1,0,2,0.6075042,0.8840646,0.2079811,9.288642,64.18065,255.1795,0.6272467,1.09152,0.2975898,-8.967204,-5.921626,1.074504,Nothing
37.87289,13,1,0,2,0.6063533,0.8849347,0.2092983,9.099991,63.99549,255.5193,0.6271046,1.088193,0.2932252,-8.866048,-5.551292,1.076086,Nothing
37.88232,13,1,0,2,0.6056935,0.8853225,0.210076,9.045243,63.90591,255.7515,0.6269,1.086112,0.291033,-8.803853,-5.34873,1.066758,Nothing
37.88968,13,1,0,2,0.6051641,0.8854424,0.210832,9.029992,63.81851,255.988,0.6267848,1.084077,0.2888912,-8.754403,-5.153852,1.04739,Nothing
37.89832,13,1,0,2,0.6046948,0.8855563,0.2115956,9.023963,63.7326,256.2392,0.6266165,1.081998,0.2867149,-8.70211,-4.957398,1.020571,Nothing
37.90698,13,1,0,2,0.6042122,0.8855365,0.2123694,9.044108,63.64644,256.4917,0.6261946,1.079848,0.2843888,-8.649933,-4.760007,0.97506,Nothing
37.91489,13,1,0,2,0.6037592,0.8854628,0.2131387,9.079356,63.56292,256.7475,0.6256929,1.077475,0.2822289,-8.586409,-4.570476,0.926869,Nothing
37.92352,13,1,0,2,0.6033587,0.8852533,0.2140405,9.098092,63.46831,256.9859,0.6250742,1.075041,0.280084,-8.522057,-4.382958,0.871422,Nothing
37.93372,13,1,0,2,0.6030164,0.8853464,0.2146294,9.082208,63.41072,257.1697,0.6242845,1.07263,0.2779949,-8.433455,-4.222671,0.819989,Nothing
37.94156,13,1,0,2,0.6026745,0.8856822,0.2151882,9.031641,63.35102,257.3307,0.6234334,1.070237,0.2760901,-8.329475,-4.074208,0.7774265,Nothing
37.94946,13,1,0,2,0.6023405,0.8860534,0.2156499,8.949371,63.30129,257.4758,0.622388,1.067646,0.2742223,-8.209412,-3.936305,0.7350442,Nothing
37.95728,13,1,0,2,0.6019902,0.8863844,0.2161417,8.877491,63.24671,257.6313,0.6212668,1.064992,0.2724818,-8.087332,-3.802605,0.6903933,Nothing
37.96643,13,1,0,2,0.6017835,0.8869407,0.216342,8.764578,63.20236,257.7601,0.6200626,1.062053,0.2710891,-7.9328,-3.70007,0.6587396,Nothing
37.9743,13,1,0,2,0.6011794,0.8876441,0.2171353,8.622539,63.10759,258.0626,0.6179514,1.05665,0.2678134,-7.67731,-3.453295,0.5767497,Nothing
37.98206,13,1,0,2,0.6009372,0.8879027,0.2175779,8.574185,63.04896,258.1976,0.6168796,1.054155,0.2666633,-7.55869,-3.356063,0.5362566,Nothing
37.9906,13,1,0,2,0.6005717,0.8880498,0.2180294,8.547327,62.9812,258.3161,0.6157914,1.051336,0.2654184,-7.430924,-3.252959,0.4964772,Nothing
37.99875,13,1,0,2,0.600359,0.8882498,0.2183554,8.523023,62.92643,258.4319,0.6148871,1.048266,0.2641283,-7.288427,-3.15116,0.4608706,Nothing
38.00726,13,1,0,2,0.6002157,0.888371,0.2186265,8.515872,62.88945,258.5443,0.6137914,1.045376,0.2630553,-7.153019,-3.070085,0.4153605,Nothing
38.01541,13,1,0,2,0.6000937,0.8884693,0.2188778,8.511851,62.84946,258.6285,0.6126048,1.042475,0.2620544,-7.014847,-2.999254,0.3666162,Nothing
38.02383,13,1,0,2,0.5994916,0.8889957,0.2195066,8.448493,62.77033,258.776,0.6115196,1.039695,0.2615429,-6.87092,-2.910547,0.3553315,Nothing
38.03333,13,1,0,2,0.5993468,0.889058,0.2199169,8.443553,62.68368,258.8138,0.6101968,1.036791,0.2605757,-6.731337,-2.842678,0.2999093,Nothing
38.0405,13,1,0,2,0.5991421,0.8891919,0.2202856,8.430399,62.61387,258.8893,0.6088426,1.033673,0.2597309,-6.579529,-2.774953,0.2516807,Nothing
38.0488,13,1,0,2,0.5993268,0.8889309,0.2204915,8.451018,62.51285,258.9089,0.6074778,1.030415,0.2588911,-6.432086,-2.731012,0.1852044,Nothing
38.05753,13,1,0,2,0.5992187,0.8891284,0.2208267,8.442159,62.40932,258.9572,0.6060575,1.027479,0.2577792,-6.283882,-2.661296,0.1244084,Nothing
38.0654,13,1,0,2,0.5989934,0.8893915,0.2212326,8.400095,62.30732,259.0171,0.6045689,1.023956,0.2569199,-6.105412,-2.591686,0.07775401,Nothing
38.07382,13,1,0,2,0.5987556,0.8897801,0.2215959,8.327981,62.21143,259.0852,0.6032192,1.020731,0.2560207,-5.936645,-2.520529,0.0390572,Nothing
38.08243,13,1,0,2,0.5984895,0.8903543,0.2215676,8.244431,62.25093,259.1999,0.6015549,1.017233,0.2552242,-5.742479,-2.4699,-3.121454E-05,Nothing
38.09018,13,1,0,2,0.5982919,0.8908986,0.2217114,8.140676,62.22152,259.3019,0.5998328,1.013793,0.2546453,-5.550737,-2.425611,-0.04087048,Nothing
38.09903,13,1,0,2,0.5979381,0.8918331,0.2219964,7.965766,62.17934,259.4999,0.5966591,1.006946,0.2533799,-5.178269,-2.332566,-0.1222205,Nothing
38.10846,13,1,0,2,0.5978897,0.8923116,0.2220021,7.879084,62.20131,259.5936,0.5948704,1.003442,0.2527537,-4.983462,-2.300101,-0.1748901,Nothing
38.11548,13,1,0,2,0.5977678,0.8927527,0.2219882,7.796338,62.22767,259.7031,0.593194,0.9999365,0.2520622,-4.793008,-2.261473,-0.2221177,Nothing
38.12399,13,1,0,2,0.5976095,0.8929999,0.2220531,7.761706,62.23204,259.7733,0.5914086,0.9966717,0.2511685,-4.621675,-2.219867,-0.2855237,Nothing
38.13358,13,1,0,2,0.5974973,0.8931696,0.2220853,7.740736,62.24435,259.8424,0.5897198,0.9933546,0.2501326,-4.452313,-2.173349,-0.3509362,Nothing
38.14133,13,1,0,2,0.5973998,0.8933389,0.2221454,7.717032,62.24149,259.8996,0.588187,0.9901235,0.249,-4.288442,-2.120595,-0.4132809,Nothing
38.14948,13,1,0,2,0.597373,0.8935862,0.2221312,7.696814,62.23072,259.9201,0.586513,0.9868091,0.2479294,-4.113091,-2.079629,-0.4806894,Nothing
38.15799,13,1,0,2,0.5972198,0.8937791,0.2222676,7.658501,62.19704,259.8977,0.584922,0.9835723,0.2467259,-3.945838,-2.026633,-0.5447047,Nothing
38.16592,13,1,0,2,0.5969005,0.89382,0.2225493,7.627714,62.13033,259.8438,0.5834267,0.980094,0.2456324,-3.776087,-1.968029,-0.5980703,Nothing
38.1748,13,1,0,2,0.5966702,0.8940114,0.222734,7.588632,62.05798,259.7703,0.5818768,0.9767643,0.2445556,-3.603952,-1.918334,-0.6544778,Nothing
38.1825,13,1,0,2,0.5965407,0.8940961,0.2228173,7.568152,61.99332,259.6725,0.580205,0.9735535,0.2434346,-3.439059,-1.878779,-0.7219778,Nothing
38.19156,13,1,0,2,0.5963252,0.8942355,0.222893,7.548955,61.93866,259.5758,0.5786597,0.9702699,0.2425937,-3.269062,-1.845235,-0.7738961,Nothing
38.20071,13,1,0,2,0.5962106,0.8943299,0.2228876,7.529718,61.91345,259.4592,0.5771625,0.9672155,0.2417587,-3.110317,-1.819261,-0.8285301,Nothing
38.20779,13,1,0,2,0.596089,0.8944958,0.2229024,7.49896,61.88496,259.3261,0.5757656,0.9642097,0.2410521,-2.950809,-1.7957,-0.87554,Nothing
38.21664,13,1,0,2,0.5959642,0.8946708,0.2228423,7.458131,61.87664,259.2451,0.5742967,0.9611921,0.2403898,-2.790997,-1.775027,-0.9226896,Nothing
38.22543,13,1,0,2,0.5957314,0.8949581,0.2226406,7.427528,61.92244,259.1815,0.5713457,0.9551095,0.2390146,-2.474076,-1.729345,-1.022109,Nothing
38.23322,13,1,0,2,0.595669,0.8949804,0.2226247,7.435407,61.94765,259.2505,0.5700412,0.9520614,0.2385609,-2.323965,-1.706753,-1.06558,Nothing
38.24139,13,1,0,2,0.5958037,0.8948029,0.2224369,7.461185,61.98996,259.3183,0.5686775,0.9492846,0.2381513,-2.19176,-1.702754,-1.118956,Nothing
38.24951,13,1,0,2,0.5959599,0.894615,0.2223093,7.509791,62.10258,259.4921,0.5674794,0.9466271,0.2377921,-2.069631,-1.691676,-1.169757,Nothing
38.25766,13,1,0,2,0.5960366,0.8945473,0.2221355,7.53405,62.20158,259.6204,0.5664937,0.9443328,0.237591,-1.959646,-1.687514,-1.204014,Nothing
38.26706,13,1,0,2,0.596123,0.8944626,0.2219408,7.538865,62.28075,259.7357,0.5658025,0.9420995,0.2372955,-1.856308,-1.676153,-1.227273,Nothing
38.27408,13,1,0,2,0.5962585,0.8944813,0.221816,7.536088,62.37224,259.8641,0.5648756,0.9397733,0.2369192,-1.742401,-1.662483,-1.264542,Nothing
38.28391,13,1,0,2,0.5962786,0.8946984,0.2215865,7.475115,62.49403,260.0108,0.5645262,0.9382656,0.2368912,-1.66348,-1.658118,-1.265597,Nothing
38.29147,13,1,0,2,0.5963485,0.8948429,0.2213419,7.439886,62.59917,260.1317,0.5641705,0.9366344,0.2365742,-1.581589,-1.644233,-1.27532,Nothing
38.29965,13,1,0,2,0.5964174,0.8951647,0.2210876,7.368249,62.70261,260.2564,0.5637615,0.9352806,0.2361639,-1.505131,-1.629053,-1.28863,Nothing
38.30804,13,1,0,2,0.5964231,0.8957599,0.2208091,7.218796,62.7958,260.3631,0.5634698,0.9336491,0.236012,-1.404598,-1.618929,-1.282659,Nothing
38.31625,13,1,0,2,0.5964922,0.8961723,0.220283,7.111997,62.93646,260.4421,0.5630621,0.9325778,0.2357565,-1.334725,-1.624297,-1.288379,Nothing
38.32455,13,1,0,2,0.5962889,0.8969842,0.2200353,6.975662,63.06474,260.5792,0.5628216,0.9310905,0.2357749,-1.232983,-1.613378,-1.270241,Nothing
38.33295,13,1,0,2,0.5963894,0.897312,0.2195573,6.896045,63.21406,260.6656,0.5628145,0.9302881,0.2362467,-1.179422,-1.642706,-1.249624,Nothing
38.34167,13,1,0,2,0.5968359,0.8974733,0.218342,6.792822,63.54122,260.8546,0.5623555,0.9280804,0.2366317,-1.062071,-1.701374,-1.246409,Nothing
38.34903,13,1,0,2,0.5970601,0.8976679,0.2178231,6.761877,63.69336,260.9667,0.5620279,0.9272598,0.2371948,-1.00949,-1.746039,-1.244705,Nothing
38.35828,13,1,0,2,0.5974681,0.8973256,0.2172516,6.849358,63.9292,261.1257,0.5618153,0.926815,0.2375101,-0.998798,-1.787791,-1.260379,Nothing
38.36761,13,1,0,2,0.5978562,0.8969637,0.216658,6.920201,64.13983,261.2779,0.5621752,0.9263802,0.2379055,-0.994301,-1.823064,-1.248209,Nothing
38.37506,13,1,0,2,0.5982056,0.8966423,0.2161018,6.993551,64.37849,261.4515,0.5625952,0.926394,0.2382613,-1.010777,-1.855218,-1.236937,Nothing
38.38257,13,1,0,2,0.5984525,0.8962384,0.2156312,7.06342,64.60882,261.6613,0.5632371,0.9269355,0.2385572,-1.060424,-1.878584,-1.218348,Nothing
38.39136,13,1,0,2,0.5986823,0.8959508,0.2152508,7.127491,64.81403,261.898,0.5643342,0.9275983,0.2387355,-1.116119,-1.88378,-1.183185,Nothing
38.3992,13,1,0,2,0.5988752,0.8959052,0.2149698,7.167449,65.00575,262.1595,0.5656944,0.9285433,0.2388011,-1.17825,-1.874027,-1.138793,Nothing
38.40784,13,1,0,2,0.5988899,0.8960478,0.2148498,7.130387,65.14289,262.4764,0.5675926,0.9299139,0.2386254,-1.26176,-1.834398,-1.069528,Nothing
38.41681,13,1,0,2,0.5989281,0.8961269,0.2146585,7.096897,65.2989,262.7585,0.5691475,0.9310734,0.2385493,-1.333283,-1.8083,-1.012098,Nothing
38.42413,13,1,0,2,0.598999,0.896265,0.2143753,7.05407,65.47506,263.0321,0.5713877,0.9324755,0.2385279,-1.417535,-1.776861,-0.9249077,Nothing
38.43411,13,1,0,2,0.5988421,0.8966666,0.2140267,6.95628,65.70469,263.3516,0.5731225,0.9337692,0.2385555,-1.483593,-1.751694,-0.8448119,Nothing
38.44141,13,1,0,2,0.5988728,0.8972681,0.2135228,6.79799,65.9539,263.6778,0.5757933,0.9350469,0.2386605,-1.544749,-1.72121,-0.7250495,Nothing
38.44943,13,1,0,2,0.5989268,0.8981451,0.2128463,6.569925,66.25929,264.0723,0.5783232,0.9364042,0.2391519,-1.595845,-1.715277,-0.5995124,Nothing
38.45795,13,1,0,2,0.5989946,0.8988657,0.2121779,6.381693,66.57308,264.4783,0.5807019,0.9380149,0.2398057,-1.663693,-1.72121,-0.48161,Nothing
38.46649,13,1,0,2,0.5988896,0.9006304,0.2111161,5.970641,67.16354,265.3395,0.5830451,0.9391819,0.2402471,-1.675469,-1.712732,-0.3470158,Nothing
38.47455,13,1,0,2,0.5989568,0.9014,0.2103926,5.758209,67.52697,265.8031,0.588002,0.9414446,0.2412682,-1.785759,-1.692896,-0.1117326,Nothing
38.48346,13,1,0,2,0.5992781,0.9021493,0.2096296,5.554251,67.8291,266.2698,0.5907175,0.9425131,0.2417982,-1.825674,-1.69443,0.01358453,Nothing
38.49149,13,1,0,2,0.5992879,0.9029626,0.2093598,5.35685,68.08468,266.7156,0.5928593,0.9433922,0.2425882,-1.851174,-1.690702,0.1254652,Nothing
38.50015,13,1,0,2,0.5991229,0.9036829,0.2091642,5.163139,68.28034,267.127,0.5951519,0.9443003,0.2434905,-1.882431,-1.684634,0.2533761,Nothing
38.50818,13,1,0,2,0.5990574,0.9043967,0.2087875,4.973258,68.51488,267.5175,0.5974123,0.9449797,0.244386,-1.900916,-1.689633,0.3782945,Nothing
38.51752,13,1,0,2,0.5989496,0.9051078,0.2084279,4.786448,68.71117,267.8028,0.5992218,0.9453606,0.2449398,-1.900004,-1.689038,0.481045,Nothing
38.52667,13,1,0,2,0.5985795,0.9057461,0.2079503,4.589043,68.96679,268.1241,0.6011128,0.9454741,0.2460666,-1.891372,-1.713299,0.6100974,Nothing
38.53333,13,1,0,2,0.5983893,0.9065305,0.2077529,4.411279,69.09851,268.3665,0.6024458,0.9454864,0.2472361,-1.865723,-1.741034,0.7058657,Nothing
38.54218,13,1,0,2,0.5981855,0.907188,0.2077298,4.239959,69.17282,268.5898,0.6037512,0.9453776,0.2486167,-1.839629,-1.770965,0.8027663,Nothing
38.5509,13,1,0,2,0.5979508,0.9078612,0.2076281,4.07561,69.26465,268.8111,0.6053877,0.9453121,0.2498539,-1.815787,-1.792793,0.9135205,Nothing
38.55972,13,1,0,2,0.5977899,0.9084075,0.207493,3.932254,69.36689,269.0161,0.6071947,0.9453214,0.2507285,-1.801118,-1.799756,1.021149,Nothing
38.56696,13,1,0,2,0.5976556,0.9088445,0.2072788,3.812109,69.49529,269.2079,0.6088697,0.9453265,0.2516653,-1.790518,-1.817203,1.122053,Nothing
38.5759,13,1,0,2,0.5976235,0.9093276,0.2069805,3.700298,69.65309,269.4048,0.6107919,0.9453266,0.2524946,-1.777909,-1.832242,1.227828,Nothing
38.58496,13,1,0,2,0.5977232,0.9096324,0.2065783,3.610284,69.80167,269.5935,0.612834,0.9454094,0.252962,-1.777442,-1.836727,1.3275,Nothing
38.59134,13,1,0,2,0.5976866,0.9100678,0.2062873,3.495203,69.9461,269.7784,0.61454,0.9452745,0.2536291,-1.758947,-1.8489,1.421551,Nothing
38.60043,13,1,0,2,0.5975947,0.9108825,0.2057404,3.268687,70.20557,270.1436,0.6179152,0.9449058,0.2551669,-1.719223,-1.882163,1.612007,Nothing
38.608,13,1,0,2,0.597517,0.911367,0.2055274,3.143917,70.29718,270.2856,0.6189545,0.9444832,0.2561772,-1.681102,-1.917738,1.684682,Nothing
38.61688,13,1,0,2,0.597452,0.9119655,0.2054627,3.01003,70.35324,270.4082,0.6197492,0.9439884,0.2572706,-1.632469,-1.954416,1.746441,Nothing
38.62485,13,1,0,2,0.5971887,0.9123729,0.2054803,2.894549,70.40093,270.5135,0.6203052,0.9432223,0.2585118,-1.579882,-1.995232,1.807107,MinusStart
38.62494,13,1,0,2,0.5971887,0.9123729,0.2054803,2.894549,70.40093,270.5135,0.6203052,0.9432223,0.2585118,-1.579882,-1.995232,1.807107,Minusing
38.64819,13,1,0,2,0.597071,0.9131435,0.2053809,2.712846,70.46609,270.6893,0.6211325,0.9416198,0.2609516,-1.472442,-2.092777,1.89784,Minusing
38.68524,13,1,0,2,0.5970421,0.9142217,0.2051149,2.47994,70.57313,271.0249,0.6259785,0.9373888,0.2657618,-1.240001,-2.242901,2.209671,Minusing
38.70929,13,1,0,2,0.5971081,0.9149464,0.2046347,2.346893,70.70867,271.1667,0.6282522,0.9334367,0.2687159,-1.026588,-2.36925,2.369304,Minusing
38.73206,13,1,0,2,0.5974674,0.915516,0.2039504,2.222462,70.86606,271.234,0.6283809,0.9293188,0.2715821,-0.8064354,-2.54278,2.418508,Minusing
38.76257,13,1,0,2,0.5980666,0.9154271,0.2033541,2.228768,70.97809,271.2377,0.6273772,0.9244969,0.2730123,-0.5825867,-2.668457,2.381513,Minusing
38.78522,13,1,0,2,0.5982556,0.9151318,0.2035388,2.303667,70.88731,271.183,0.625482,0.9211678,0.27354,-0.4363898,-2.7161,2.302536,Minusing
38.80722,13,1,0,2,0.5982095,0.9149101,0.2037418,2.370817,70.78547,271.0983,0.6220937,0.918025,0.2732396,-0.2902949,-2.745085,2.15467,Minusing
38.87411,13,1,0,2,0.5979748,0.9163383,0.2030697,2.024756,70.95327,271.2326,0.6138965,0.9098318,0.2696817,0.1884681,-2.755002,1.761279,Minusing
38.89633,13,1,0,2,0.5979115,0.9167731,0.2028104,1.910965,71.03749,271.3416,0.6105483,0.908048,0.2682629,0.2978921,-2.759223,1.594512,Minusing
38.91556,13,1,0,2,0.597948,0.9165978,0.2029458,1.915918,71.03951,271.4381,0.608916,0.9069082,0.2671075,0.3429851,-2.728706,1.500932,Minusing
38.93484,13,1,0,2,0.5980437,0.916371,0.2028383,1.947589,71.11598,271.548,0.6069208,0.9061568,0.2658996,0.366181,-2.714757,1.3873,Minusing
38.95401,13,1,0,2,0.5979865,0.9163582,0.2028596,1.925357,71.10165,271.5378,0.603891,0.9055028,0.2639478,0.404367,-2.672311,1.224608,Minusing
38.97357,13,1,0,2,0.5979283,0.9165109,0.2029282,1.876131,71.0602,271.4827,0.6022612,0.9053203,0.2626439,0.4278673,-2.634053,1.134715,Minusing
38.99579,13,1,0,2,0.5980142,0.916733,0.202525,1.828368,71.11217,271.434,0.6001315,0.9056821,0.260445,0.4296956,-2.587937,1.004296,Minusing
39.01556,13,1,0,2,0.598279,0.9166767,0.2019158,1.858868,71.24219,271.4158,0.5981749,0.9066077,0.2580379,0.3887091,-2.541949,0.8696039,Minusing
39.0343,13,1,0,2,0.5985518,0.9164153,0.2018874,1.965694,71.27704,271.4436,0.5971834,0.9076335,0.2565768,0.3285147,-2.495877,0.7879496,Minusing
39.05402,13,1,0,2,0.5984452,0.916562,0.2019795,1.951703,71.22657,271.356,0.5965289,0.9097306,0.2543609,0.2439989,-2.396931,0.7268555,Minusing
39.07635,13,1,0,2,0.5979451,0.9173925,0.2023885,1.779079,70.98613,271.1714,0.596688,0.9124573,0.2523035,0.1661917,-2.270093,0.7245797,Minusing
39.09552,13,1,0,2,0.5976902,0.9177139,0.2023357,1.704402,70.88531,271.0485,0.5978015,0.914704,0.2512135,0.08019699,-2.1988,0.7709262,Minusing
39.16095,13,1,0,2,0.5987802,0.9179119,0.2004379,1.785748,71.33529,271.1034,0.6063278,0.9223903,0.2488987,-0.2865526,-2.065679,1.071616,Minusing
39.17938,13,1,0,2,0.5987499,0.9185057,0.2003047,1.676157,71.21248,270.9071,0.6094201,0.9249535,0.2483501,-0.3741056,-1.99622,1.208092,Minusing
39.19873,13,1,0,2,0.5987414,0.9186118,0.2001223,1.679284,71.15208,270.7323,0.6111823,0.9263642,0.2481258,-0.432148,-1.966125,1.287469,Minusing
39.22061,13,1,0,2,0.5989736,0.9186912,0.1994708,1.71798,71.19952,270.5276,0.6146234,0.9277584,0.248603,-0.4933856,-1.969737,1.445543,Minusing
39.24344,13,1,0,2,0.5990929,0.9189843,0.1991524,1.729796,71.1718,270.3476,0.618222,0.9287101,0.2492998,-0.5240127,-1.962636,1.617757,Minusing
39.26953,13,1,0,2,0.599135,0.919195,0.1991285,1.756715,71.05987,270.1746,0.622252,0.9286421,0.250321,-0.511645,-1.946473,1.817394,Minusing
39.29095,13,1,0,2,0.5991035,0.9194871,0.1990087,1.763676,70.95573,269.9991,0.625931,0.9280773,0.251638,-0.4710665,-1.951711,2.011343,Minusing
39.31372,13,1,0,2,0.5993003,0.919791,0.1984357,1.764464,70.98035,269.8298,0.6295568,0.9268746,0.253138,-0.3992223,-1.993873,2.199111,Minusing
39.32974,13,1,0,2,0.5994484,0.9201022,0.197982,1.737094,70.96223,269.6503,0.6310956,0.9256513,0.2541605,-0.3212386,-2.038819,2.287626,Minusing
39.34946,13,1,0,2,0.5996383,0.9205573,0.1975597,1.714727,70.86649,269.3261,0.6323934,0.9231479,0.2558734,-0.1697431,-2.113874,2.378482,Minusing
39.37616,13,1,0,2,0.5999161,0.920957,0.1967544,1.705878,70.74343,268.7034,0.6326844,0.9209646,0.2569735,-0.02272969,-2.193111,2.417194,Minusing
39.39951,13,1,0,2,0.6003345,0.9209476,0.196113,1.830211,70.50938,267.8613,0.6325471,0.9189243,0.257664,0.1028627,-2.24847,2.425269,Minusing
39.45737,13,1,0,2,0.6016296,0.9212997,0.1939057,2.156457,69.72749,264.7937,0.6339917,0.9159415,0.258425,0.372843,-2.323314,2.517384,MinusEnd
39.46695,13,1,0,2,0.6017727,0.921414,0.1935936,2.199856,69.58534,264.3243,0.6343914,0.9157099,0.2584796,0.406034,-2.324665,2.541473,Nothing
39.47485,13,1,0,2,0.6020843,0.9216219,0.1929577,2.301055,69.3056,263.3755,0.634991,0.9152715,0.2583831,0.4699976,-2.321483,2.576346,Nothing
39.48199,13,1,0,2,0.6021737,0.9215464,0.1929771,2.335009,69.27727,263.3176,0.6349218,0.9155281,0.2581702,0.4544981,-2.314101,2.566022,Nothing
39.49057,13,1,0,2,0.602554,0.9216884,0.1920783,2.446779,69.03407,262.3061,0.6354448,0.9153264,0.2578267,0.5069548,-2.315624,2.592806,Nothing
39.49896,13,1,0,2,0.6028428,0.9216728,0.1914259,2.510032,68.94421,261.7087,0.6356021,0.915441,0.2575081,0.523832,-2.324433,2.596306,Nothing
39.5069,13,1,0,2,0.6031312,0.9218286,0.190503,2.551482,68.90359,261.074,0.63551,0.9156288,0.2571446,0.5510192,-2.348152,2.590747,Nothing
39.51721,13,1,0,2,0.6034403,0.9219275,0.1895722,2.608849,68.86159,260.4112,0.6357389,0.9158074,0.2567373,0.5753077,-2.365152,2.597935,Nothing
39.52444,13,1,0,2,0.6037357,0.9220171,0.1888684,2.682551,68.74162,259.7232,0.6361504,0.9159632,0.256323,0.5975516,-2.36469,2.613217,Nothing
39.53339,13,1,0,2,0.6038096,0.9221465,0.1885022,2.748156,68.50319,259.0089,0.6364522,0.9162306,0.2557978,0.6126133,-2.337569,2.630497,Nothing
39.53998,13,1,0,2,0.6040151,0.9222963,0.1880856,2.806634,68.29949,258.3373,0.6369427,0.916596,0.2552114,0.6220145,-2.311615,2.648307,Nothing
39.54993,13,1,0,2,0.6040176,0.9225779,0.187961,2.828777,68.01157,257.6163,0.6373734,0.9168105,0.2547891,0.6446309,-2.270137,2.674057,Nothing
39.55698,13,1,0,2,0.6039014,0.9227606,0.187989,2.847279,67.64622,256.8109,0.6376904,0.9171429,0.2543433,0.6570387,-2.218433,2.699179,Nothing
39.56543,13,1,0,2,0.6038992,0.9229841,0.1877911,2.868713,67.3653,256.07,0.6380771,0.9174086,0.2540055,0.6751091,-2.185082,2.724916,Nothing
39.57373,13,1,0,2,0.6037447,0.9233166,0.1875402,2.867018,67.06058,255.2717,0.6384034,0.9176729,0.2536403,0.6999807,-2.147543,2.756098,Nothing
39.58203,13,1,0,2,0.60371,0.9235494,0.187457,2.895737,66.69398,254.4165,0.6387474,0.9179672,0.2533517,0.7174268,-2.105887,2.78304,Nothing
39.59009,13,1,0,2,0.6036056,0.9237834,0.1870715,2.909962,66.40131,253.5995,0.6392314,0.9181256,0.2529943,0.7415152,-2.071964,2.820721,Nothing
39.59866,13,1,0,2,0.6034762,0.9240264,0.186893,2.954158,66.09666,252.7604,0.6395813,0.9184183,0.2526892,0.7571515,-2.034295,2.850717,Nothing
39.60675,13,1,0,2,0.6035113,0.9243824,0.1862485,2.998825,65.53721,251.0996,0.6403101,0.9189143,0.2520593,0.7916067,-1.97656,2.901769,Nothing
39.61536,13,1,0,2,0.6035385,0.9245408,0.1858789,3.029531,65.2634,250.2522,0.6405886,0.9192266,0.2518043,0.8065493,-1.954971,2.924686,Nothing
39.6235,13,1,0,2,0.6035779,0.9246164,0.185519,3.084006,64.97531,249.3301,0.6405782,0.9195566,0.2516257,0.8213109,-1.941732,2.936195,Nothing
39.63269,13,1,0,2,0.6036041,0.9249387,0.1848875,3.078557,64.69744,248.3594,0.6407294,0.9199521,0.2514317,0.8506568,-1.931124,2.960426,Nothing
39.6402,13,1,0,2,0.6035752,0.9254393,0.1844984,3.041835,64.35387,247.382,0.6408427,0.9204279,0.2511678,0.8793877,-1.901466,2.981685,Nothing
39.65088,13,1,0,2,0.6034747,0.9259055,0.1842659,2.9564,63.97136,246.4196,0.6408558,0.9208617,0.2508545,0.9055852,-1.860804,2.998704,Nothing
39.65747,13,1,0,2,0.6033368,0.926412,0.1840448,2.875715,63.57336,245.4327,0.6407309,0.9213654,0.2506694,0.9326141,-1.825655,3.014171,Nothing
39.6658,13,1,0,2,0.6034942,0.9268565,0.1835654,2.765239,63.16608,244.3792,0.6407111,0.9219018,0.2503791,0.9627085,-1.799171,3.024792,Nothing
39.67386,13,1,0,2,0.6033635,0.9273977,0.1832726,2.655345,62.75794,243.2888,0.6408422,0.922538,0.2499561,0.9822552,-1.751158,3.047067,Nothing
39.68219,13,1,0,2,0.6032835,0.9277749,0.1830233,2.551931,62.34854,242.2115,0.640998,0.9232803,0.2494702,0.9865302,-1.705611,3.065072,Nothing
39.69104,13,1,0,2,0.6029982,0.9285381,0.1827731,2.391247,61.87526,240.9851,0.6412694,0.9238633,0.2490653,1.015008,-1.637748,3.101235,Nothing
39.69989,13,1,0,2,0.6030026,0.928871,0.1825095,2.303764,61.39854,239.7979,0.641593,0.9246882,0.2485275,1.009375,-1.587724,3.123127,Nothing
39.70767,13,1,0,2,0.6028657,0.9291053,0.1825363,2.229159,60.89362,238.6003,0.6419055,0.9252694,0.2481865,1.003099,-1.527842,3.148985,Nothing
39.71533,13,1,0,2,0.6026789,0.9292691,0.1826456,2.170351,60.36094,237.3926,0.6421469,0.9258462,0.2477726,0.9876425,-1.464242,3.170409,Nothing
39.72482,13,1,0,2,0.6019683,0.9295965,0.1832366,2.027336,59.29205,235.0133,0.6424659,0.92697,0.2471502,0.9448375,-1.330233,3.213954,Nothing
39.73254,13,1,0,2,0.6016847,0.9296771,0.1836939,1.975698,58.68962,233.8445,0.6425294,0.9273183,0.246876,0.9208689,-1.258461,3.226495,Nothing
39.74094,13,1,0,2,0.6012029,0.9300832,0.1840814,1.883802,58.13736,232.753,0.6425527,0.9277438,0.2466652,0.9063471,-1.184359,3.246716,Nothing
39.74908,13,1,0,2,0.6007124,0.9306619,0.1843174,1.705675,57.60336,231.7791,0.6425875,0.9280732,0.246629,0.9091323,-1.112775,3.274958,Nothing
39.75769,13,1,0,2,0.6004364,0.9313167,0.1843544,1.52483,57.12902,230.7926,0.6425391,0.9283266,0.246494,0.9254107,-1.047711,3.291797,Nothing
39.76672,13,1,0,2,0.6002759,0.9319059,0.1841416,1.352998,56.72068,229.8391,0.6425916,0.9287165,0.2462497,0.9376596,-0.9967949,3.309368,Nothing
39.77457,13,1,0,2,0.6002535,0.9325211,0.1836494,1.192559,56.42222,228.9262,0.6426578,0.9290988,0.2459649,0.9610534,-0.9600245,3.325421,Nothing
39.7832,13,1,0,2,0.6001328,0.9331041,0.183279,1.035733,56.10032,227.9919,0.6428143,0.929501,0.2456478,0.9734414,-0.9148208,3.345237,Nothing
39.79089,13,1,0,2,0.6004978,0.9333653,0.1822009,0.964692,55.98368,227.2253,0.6428583,0.9298902,0.2452628,1.00382,-0.9244885,3.353488,Nothing
39.79919,13,1,0,2,0.6006511,0.9337492,0.1815191,0.8701022,55.78679,226.459,0.6428812,0.9302798,0.2449422,1.024077,-0.9119335,3.362484,Nothing
39.80753,13,1,0,2,0.6008691,0.9341463,0.181067,0.7738857,55.55696,225.7401,0.6428323,0.9307003,0.2446632,1.03903,-0.8961993,3.361913,Nothing
39.81586,13,1,0,2,0.6009552,0.9345134,0.1806599,0.6926425,55.33828,225.1444,0.6426697,0.9310846,0.2443628,1.049747,-0.881183,3.360075,Nothing
39.82465,13,1,0,2,0.6011624,0.9349089,0.1803593,0.5704139,55.05848,224.4409,0.6425744,0.9314625,0.2440244,1.05925,-0.8557222,3.353606,Nothing
39.83258,13,1,0,2,0.6012595,0.9353588,0.1800398,0.4620537,54.84414,223.917,0.6421965,0.9318523,0.2437431,1.074896,-0.8406526,3.340977,Nothing
39.84128,13,1,0,2,0.6013469,0.935835,0.1797178,0.3814621,54.68521,223.5594,0.6418227,0.9322674,0.2434673,1.0892,-0.8319526,3.327904,Nothing
39.84909,13,1,0,2,0.601718,0.9364327,0.1788938,0.242522,54.35458,222.6534,0.6412088,0.9329422,0.2428814,1.118007,-0.8230529,3.303827,Nothing
39.85779,13,1,0,2,0.6018519,0.9367452,0.1785246,0.2055243,54.26162,222.3706,0.6407607,0.9334112,0.2426485,1.130401,-0.8322506,3.287236,Nothing
39.86664,13,1,0,2,0.6022148,0.9368868,0.1779598,0.1937763,54.18785,222.1301,0.6405171,0.9337564,0.2423203,1.144039,-0.8487741,3.272144,Nothing
39.87442,13,1,0,2,0.6024995,0.9370789,0.1774251,0.180681,54.16376,221.9557,0.6403884,0.934122,0.2419689,1.15442,-0.8623648,3.261837,Nothing
39.88254,13,1,0,2,0.6026317,0.9370232,0.1771137,0.182392,54.15951,221.7884,0.6402326,0.9344839,0.241632,1.148717,-0.8783885,3.250061,Nothing
39.89081,13,1,0,2,0.6029259,0.937216,0.1765156,0.1582932,54.16246,221.6068,0.6403049,0.9349029,0.2412573,1.156451,-0.8917104,3.247569,Nothing
39.89914,13,1,0,2,0.603322,0.9373278,0.17573,0.1605182,54.26858,221.5469,0.6403075,0.9351984,0.2409751,1.178758,-0.9212819,3.243636,Nothing
39.90735,13,1,0,2,0.6034468,0.9375836,0.1751076,0.1967337,54.44083,221.6593,0.6402729,0.935631,0.240695,1.190472,-0.9496307,3.24246,Nothing
39.91589,13,1,0,2,0.603779,0.9376689,0.17434,0.2180594,54.57528,221.6689,0.6401986,0.9360076,0.2403948,1.207911,-0.985641,3.235989,Nothing
39.92453,13,1,0,2,0.6041381,0.9380302,0.1738403,0.2144377,54.64656,221.7477,0.6401225,0.9362999,0.2401428,1.228032,-1.001725,3.22398,Nothing
39.93393,13,1,0,2,0.6042612,0.9383115,0.1734546,0.1922924,54.69621,221.8082,0.6399186,0.9367297,0.2398775,1.235392,-1.018316,3.213164,Nothing
39.94113,13,1,0,2,0.6044782,0.9383782,0.1731848,0.1712519,54.68864,221.868,0.6397352,0.9371551,0.2395821,1.230898,-1.037819,3.197042,Nothing
39.94946,13,1,0,2,0.6044323,0.938704,0.1732071,0.1224773,54.65235,221.958,0.6394351,0.9376315,0.2393644,1.223087,-1.040131,3.181519,Nothing
39.95746,13,1,0,2,0.604321,0.9389797,0.1734188,0.09050859,54.59232,222.0934,0.6391323,0.9381802,0.2390452,1.199281,-1.038815,3.161084,Nothing
39.96594,13,1,0,2,0.6043275,0.9390914,0.1737727,0.1167434,54.5434,222.2841,0.6388006,0.93884,0.2386686,1.161281,-1.04854,3.129103,Nothing
39.97427,13,1,0,2,0.6041648,0.9391284,0.1743636,0.1983935,54.474,222.6748,0.6382192,0.9401554,0.2379253,1.077671,-1.074569,3.077662,Nothing
39.98264,13,1,0,2,0.603994,0.9384608,0.1749089,0.3975253,54.45932,223.0369,0.6378994,0.9409062,0.2375456,0.9938613,-1.116194,3.045987,Nothing
39.99069,13,1,0,2,0.6040698,0.9373295,0.1757247,0.7272383,54.5004,223.5576,0.6376594,0.9419981,0.2369545,0.8675247,-1.184043,2.991604,Nothing
39.99942,13,1,0,2,0.6039594,0.9363124,0.1766174,1.013846,54.51852,224.0387,0.6373256,0.9431336,0.2364881,0.7437392,-1.24343,2.941784,Nothing
40.00745,13,1,0,2,0.6040503,0.9350384,0.1774617,1.371845,54.56692,224.5883,0.6371281,0.9444224,0.2359298,0.6028027,-1.318724,2.885381,Nothing
40.01617,13,1,0,2,0.6041136,0.9336243,0.1783938,1.762016,54.631,225.1891,0.6368045,0.9457225,0.2354918,0.4568804,-1.400794,2.823559,Nothing
40.0246,13,1,0,2,0.6041655,0.9319358,0.1795882,2.194622,54.698,225.8517,0.6364214,0.9473423,0.2350892,0.2815795,-1.495225,2.750108,Nothing
40.03217,13,1,0,2,0.6042684,0.9303796,0.1807064,2.593135,54.77868,226.5648,0.636018,0.9489548,0.2347177,0.1141064,-1.584287,2.675055,Nothing
40.04114,13,1,0,2,0.6044672,0.9289935,0.1820213,2.977763,54.85934,227.2979,0.635532,0.9507255,0.2343547,-0.05579866,-1.665548,2.586156,Nothing
40.04929,13,1,0,2,0.6046873,0.9271818,0.1832061,3.404469,55.03085,228.2029,0.6352334,0.9526703,0.2339461,-0.2532775,-1.763697,2.499592,Nothing
40.05753,13,1,0,2,0.6047593,0.9258441,0.1842755,3.75435,55.19116,229.0579,0.6347837,0.954519,0.2336761,-0.4227483,-1.842931,2.421398,Nothing
40.06583,13,1,0,2,0.604862,0.9238766,0.185314,4.181528,55.39994,229.9658,0.6345215,0.9566335,0.2333721,-0.6326349,-1.94398,2.341253,Nothing
40.07504,13,1,0,2,0.6046462,0.9227681,0.1866628,4.518457,55.63626,231.1427,0.6343541,0.9588615,0.2330628,-0.8388779,-1.992363,2.271506,Nothing
40.08267,13,1,0,2,0.604859,0.9207538,0.1877739,4.94401,55.8551,232.0865,0.6342999,0.9612665,0.2327032,-1.072128,-2.081738,2.185619,Nothing
40.09079,13,1,0,2,0.6051082,0.9189236,0.1886646,5.337599,56.1087,233.0018,0.6343625,0.9639524,0.2323545,-1.305064,-2.172857,2.10651,Nothing
40.09964,13,1,0,2,0.6057074,0.9153315,0.1904685,6.095313,56.64765,234.866,0.6341102,0.9686905,0.2316925,-1.741937,-2.321348,1.926302,Nothing
40.10779,13,1,0,2,0.6060835,0.9135408,0.1910441,6.452786,56.97067,235.7361,0.6342304,0.9715855,0.2313109,-1.977113,-2.407818,1.844086,Nothing
40.11591,13,1,0,2,0.6065312,0.9116697,0.1918368,6.842362,57.29065,236.6796,0.6342838,0.9746037,0.2309589,-2.228014,-2.485724,1.746169,Nothing
40.12411,13,1,0,2,0.6070021,0.909822,0.1922906,7.216582,57.64305,237.5574,0.6343865,0.9776684,0.230623,-2.471968,-2.571232,1.655772,Nothing
40.13297,13,1,0,2,0.6075009,0.9081877,0.1926556,7.53358,58.01367,238.4194,0.634423,0.9808598,0.230281,-2.709277,-2.651962,1.564818,Nothing
40.14084,13,1,0,2,0.6079448,0.9069798,0.193079,7.758723,58.36522,239.3173,0.6344251,0.9840775,0.2298421,-2.935967,-2.705919,1.477605,Nothing
40.14932,13,1,0,2,0.6083075,0.9059266,0.1935708,7.901018,58.66887,240.166,0.6344643,0.9874038,0.2293644,-3.163481,-2.745747,1.398055,Nothing
40.15784,13,1,0,2,0.60878,0.9048504,0.1940981,8.015123,58.93701,241.008,0.6343381,0.9909004,0.2288661,-3.39669,-2.785439,1.306621,Nothing
40.168,13,1,0,2,0.6090953,0.9038147,0.1946918,8.145743,59.212,241.875,0.6343102,0.9944938,0.2282605,-3.642482,-2.806955,1.218945,Nothing
40.17462,13,1,0,2,0.6095384,0.9027715,0.1950751,8.277376,59.50483,242.7375,0.6341777,0.9978785,0.2277222,-3.872484,-2.832506,1.128905,Nothing
40.18262,13,1,0,2,0.6103369,0.9018818,0.1948334,8.458672,59.89085,243.5996,0.6335504,1.001514,0.227019,-4.086795,-2.889686,1.008236,Nothing
40.19064,13,1,0,2,0.6110728,0.9007521,0.1946548,8.631006,60.2985,244.3936,0.6330336,1.005068,0.2264459,-4.307924,-2.948003,0.8940068,Nothing
40.19922,13,1,0,2,0.6116986,0.8997703,0.194571,8.774821,60.71176,245.1928,0.6323791,1.00865,0.2259345,-4.525937,-2.996031,0.7798052,Nothing
40.20731,13,1,0,2,0.6125863,0.8989974,0.1935288,8.844334,61.23284,245.7042,0.6314511,1.012151,0.225285,-4.69639,-3.099923,0.6685956,Nothing
40.21606,13,1,0,2,0.6132991,0.8984354,0.1928027,8.874983,61.69452,246.2407,0.630346,1.015742,0.224852,-4.867124,-3.189848,0.5592014,Nothing
40.224,13,1,0,2,0.6147415,0.8969969,0.1918264,8.973449,62.46292,247.2597,0.6285649,1.022538,0.2239126,-5.224288,-3.328475,0.3417588,Nothing
40.23254,13,1,0,2,0.6153529,0.8963923,0.1913845,8.993283,62.72244,247.5203,0.6273564,1.025912,0.2236423,-5.380935,-3.420384,0.2329584,Nothing
40.24069,13,1,0,2,0.6156536,0.8954949,0.1905883,9.075665,63.11503,247.7639,0.6259683,1.02915,0.2234006,-5.540023,-3.530257,0.126355,Nothing
40.24945,13,1,0,2,0.6159612,0.8942311,0.190906,9.27298,63.0871,247.7741,0.6249015,1.032464,0.2231626,-5.727674,-3.611597,0.0001362089,Nothing
40.25775,13,1,0,2,0.616457,0.8932024,0.1908197,9.414697,63.21917,247.9803,0.623857,1.035659,0.2228495,-5.903725,-3.684838,-0.1213075,Nothing
40.26666,13,1,0,2,0.6165667,0.8916799,0.1918294,9.687943,62.99342,247.9314,0.6231472,1.038934,0.2223751,-6.117441,-3.724701,-0.2536643,Nothing
40.27441,13,1,0,2,0.6167948,0.8904094,0.192417,9.896268,62.94603,248.0232,0.6226268,1.042162,0.2217333,-6.322734,-3.755768,-0.3727179,Nothing
40.28226,13,1,0,2,0.6167278,0.8890276,0.1932113,10.13427,62.80694,248.0487,0.6221172,1.045327,0.2212028,-6.531389,-3.783962,-0.4851577,Nothing
40.29196,13,1,0,2,0.6169088,0.8874983,0.1940271,10.42768,62.63665,248.0293,0.6214527,1.048425,0.2208008,-6.73198,-3.829355,-0.621534,Nothing
40.29895,13,1,0,2,0.6174535,0.8861854,0.1940889,10.66213,62.61439,248.0078,0.6208801,1.051373,0.2204899,-6.900378,-3.909538,-0.7445108,Nothing
40.30753,13,1,0,2,0.6178589,0.8851866,0.1941182,10.82477,62.64362,248.0095,0.6200016,1.054237,0.2205256,-7.045726,-3.998974,-0.8550783,Nothing
40.31693,13,1,0,2,0.6182494,0.8844905,0.1940545,10.91521,62.68948,247.9998,0.6191221,1.057171,0.2203763,-7.18195,-4.082071,-0.9558942,Nothing
40.3241,13,1,0,2,0.6186486,0.8839612,0.193812,10.9617,62.80489,248.0421,0.6182048,1.059934,0.2205104,-7.301063,-4.172974,-1.041202,Nothing
40.33249,13,1,0,2,0.6191418,0.8836823,0.1932189,10.96042,62.98174,248.0985,0.6171496,1.062602,0.2207773,-7.397321,-4.280114,-1.117363,Nothing
40.34082,13,1,0,2,0.6196156,0.8832636,0.1927296,10.97793,63.14004,248.1423,0.6160402,1.065144,0.2212437,-7.491572,-4.392884,-1.195911,Nothing
40.34903,13,1,0,2,0.6200799,0.8831244,0.1921317,10.95538,63.3181,248.2408,0.6147635,1.067593,0.2220347,-7.567098,-4.512375,-1.263437,Nothing
40.35718,13,1,0,2,0.6209939,0.8824636,0.1911804,10.98087,63.58325,248.388,0.6123874,1.072704,0.2232226,-7.751032,-4.73631,-1.419182,Nothing
40.36624,13,1,0,2,0.6213684,0.8822852,0.190822,10.98338,63.69491,248.5088,0.6112022,1.075154,0.2239572,-7.837619,-4.836269,-1.489085,Nothing
40.37445,13,1,0,2,0.6217157,0.8819443,0.1905793,11.02497,63.77187,248.603,0.6097888,1.077424,0.2251485,-7.913784,-4.956051,-1.565779,Nothing
40.38495,13,1,0,2,0.6219274,0.8812417,0.1906549,11.14011,63.75459,248.6415,0.6087218,1.07972,0.2260169,-8.01578,-5.054498,-1.648482,Nothing
40.39746,13,1,0,2,0.6224613,0.8801888,0.1905794,11.33732,63.7876,248.7652,0.6064792,1.084311,0.2274109,-8.206723,-5.237232,-1.820316,Nothing
40.40546,13,1,0,2,0.6227649,0.8794093,0.1906623,11.487,63.77017,248.8145,0.6055281,1.086504,0.2278611,-8.312442,-5.314502,-1.917797,Nothing
40.414,13,1,0,2,0.6231188,0.8785678,0.19062,11.6522,63.78293,248.8631,0.6043369,1.088747,0.2283779,-8.41528,-5.40593,-2.02887,Nothing
40.42157,13,1,0,2,0.6235447,0.8781617,0.1903313,11.78637,63.86743,248.9113,0.6032884,1.091003,0.2288505,-8.498769,-5.497292,-2.126664,Nothing
40.43051,13,1,0,2,0.6240041,0.8776769,0.1899023,11.86695,63.96431,248.9203,0.6021702,1.093161,0.2292281,-8.577101,-5.59801,-2.219443,Nothing
40.43805,13,1,0,2,0.6246551,0.8770677,0.1893904,11.94016,64.04421,248.9127,0.6011695,1.095382,0.2296692,-8.659292,-5.711574,-2.312779,Nothing
40.44748,13,1,0,2,0.6251214,0.877422,0.1881991,11.84792,64.24231,248.8494,0.600083,1.097495,0.2299984,-8.689755,-5.839092,-2.355508,Nothing
40.45486,13,1,0,2,0.625656,0.8772386,0.1875286,11.83494,64.34907,248.7903,0.5990449,1.099525,0.2302891,-8.74394,-5.950011,-2.425696,Nothing
40.46396,13,1,0,2,0.6260908,0.8768694,0.1872281,11.82261,64.43768,248.7525,0.5981731,1.101589,0.2305207,-8.818992,-6.039356,-2.49505,Nothing
40.47464,13,1,0,2,0.626457,0.8767288,0.1868288,11.80964,64.49509,248.7199,0.5971892,1.103432,0.2308799,-8.871877,-6.130661,-2.555964,Nothing
40.48022,13,1,0,2,0.6268156,0.8763274,0.1864502,11.84494,64.53489,248.6807,0.5963202,1.105305,0.2313153,-8.935945,-6.227637,-2.621691,Nothing
40.48978,13,1,0,2,0.6271266,0.8759248,0.1862414,11.90569,64.55569,248.6862,0.5953758,1.106996,0.2319765,-8.994792,-6.317072,-2.689784,Nothing
40.49698,13,1,0,2,0.627367,0.8753062,0.1860433,12.03171,64.58221,248.6585,0.594418,1.108785,0.2325819,-9.06215,-6.412091,-2.772662,Nothing
40.50546,13,1,0,2,0.6277559,0.8747709,0.1859484,12.12729,64.60773,248.6775,0.5937551,1.110294,0.2333525,-9.121689,-6.494291,-2.839197,Nothing
40.51395,13,1,0,2,0.6284178,0.8737833,0.1855494,12.29867,64.66744,248.6765,0.5921306,1.113696,0.2346,-9.247924,-6.66926,-2.982322,Nothing
40.52231,13,1,0,2,0.6290692,0.873247,0.1849782,12.36972,64.72839,248.7147,0.5916415,1.115172,0.2352624,-9.30322,-6.764136,-3.042966,Nothing
40.53006,13,1,0,2,0.6294364,0.8727933,0.1846003,12.43782,64.80447,248.7072,0.5914458,1.116537,0.2358023,-9.35759,-6.840738,-3.084138,Nothing
40.53857,13,1,0,2,0.6292124,0.8725264,0.18456,12.50121,64.85609,248.6761,0.5909267,1.117936,0.2363652,-9.410769,-6.901753,-3.116824,Nothing
40.54727,13,1,0,2,0.6295173,0.8721513,0.1841217,12.56113,64.9549,248.6747,0.5905026,1.119289,0.2369475,-9.458126,-6.982454,-3.162179,Nothing
40.55527,13,1,0,2,0.6297823,0.8719094,0.1837264,12.58874,65.04221,248.6689,0.5900047,1.120674,0.2375508,-9.501944,-7.062485,-3.201642,Nothing
40.564,13,1,0,2,0.6299886,0.872291,0.183265,12.51598,65.08702,248.6429,0.5894072,1.121796,0.2380651,-9.509965,-7.133217,-3.21194,Nothing
40.57275,13,1,0,2,0.6301415,0.8723099,0.1831209,12.48037,65.09727,248.6247,0.5888571,1.122946,0.2387849,-9.537124,-7.202824,-3.229751,Nothing
40.5813,13,1,0,2,0.6304089,0.8722093,0.1829668,12.45923,65.1264,248.6193,0.5881523,1.124003,0.2395145,-9.561535,-7.275069,-3.262717,Nothing
40.58954,13,1,0,2,0.6305672,0.8720974,0.1828452,12.46207,65.14855,248.6436,0.5875969,1.124954,0.2402851,-9.588503,-7.336793,-3.28813,Nothing
40.59818,13,1,0,2,0.6306735,0.8719082,0.1826161,12.48756,65.20557,248.6752,0.5869399,1.125853,0.2410769,-9.613758,-7.402745,-3.320046,Nothing
40.60611,13,1,0,2,0.630826,0.8715543,0.1823939,12.56305,65.27471,248.7001,0.5866392,1.126532,0.2420126,-9.63632,-7.468595,-3.346712,Nothing
40.61316,13,1,0,2,0.6309855,0.8712836,0.1821804,12.6123,65.32866,248.7101,0.5860063,1.12731,0.2428473,-9.655029,-7.538529,-3.383969,Nothing
40.62183,13,1,0,2,0.6311528,0.8708616,0.1820286,12.66692,65.3816,248.7099,0.585263,1.127621,0.2440034,-9.6534,-7.617343,-3.419115,Nothing
40.63074,13,1,0,2,0.631296,0.8703316,0.1819079,12.76649,65.41579,248.6815,0.5839188,1.128642,0.2460226,-9.661972,-7.757534,-3.479427,Nothing
40.64603,13,1,0,2,0.6314375,0.870325,0.1817116,12.77202,65.41506,248.6502,0.5833939,1.128958,0.247146,-9.64523,-7.833448,-3.486561,Undo
40.64627,13,1,0,2,0.6314375,0.870325,0.1817116,12.77202,65.41506,248.6502,0.5833939,1.128958,0.247146,-9.64523,-7.833448,-3.486561,Nothing
40.65863,13,1,0,2,0.6312006,0.870637,0.1819807,12.69043,65.31937,248.5357,0.5828155,1.128937,0.2482673,-9.605028,-7.891374,-3.457935,Nothing
40.67126,13,1,0,2,0.6309327,0.8711433,0.1823968,12.57564,65.20805,248.4322,0.5819688,1.128809,0.2500817,-9.544876,-7.969593,-3.417574,Nothing
40.67767,13,1,0,2,0.630827,0.8713034,0.1825853,12.53284,65.14218,248.4032,0.5813675,1.128847,0.2509503,-9.522457,-8.01036,-3.410716,Nothing
40.68958,13,1,0,2,0.6305496,0.8717659,0.1828019,12.46789,65.08311,248.4139,0.5802059,1.1285,0.2524624,-9.463528,-8.06475,-3.39695,Nothing
40.69727,13,1,0,2,0.6303316,0.8720224,0.1828052,12.44872,65.09459,248.4425,0.5794651,1.128408,0.2533414,-9.434697,-8.098797,-3.395125,Nothing
40.70667,13,1,0,2,0.630334,0.8721517,0.1825796,12.45126,65.17828,248.5201,0.5787073,1.128203,0.2539903,-9.40781,-8.12682,-3.413024,Nothing
40.71518,13,1,0,2,0.6304101,0.8721874,0.1825131,12.43648,65.24834,248.583,0.5779217,1.127986,0.2548787,-9.380941,-8.164194,-3.430116,Nothing
40.72388,13,1,0,2,0.6304258,0.8723319,0.1822833,12.42095,65.32786,248.6332,0.5771979,1.127659,0.2556896,-9.343795,-8.201528,-3.438814,Nothing
40.73199,13,1,0,2,0.6305226,0.8724706,0.1818467,12.40431,65.46379,248.6823,0.5765371,1.127156,0.2563603,-9.297605,-8.238151,-3.449328,Nothing
40.7413,13,1,0,2,0.6306145,0.8729028,0.1813571,12.34008,65.57015,248.6901,0.5761988,1.126735,0.2568937,-9.245461,-8.271064,-3.433909,Nothing
40.74881,13,1,0,2,0.6305485,0.8733663,0.1810058,12.24924,65.67097,248.6929,0.5755621,1.125696,0.2576078,-9.163234,-8.298356,-3.411554,Nothing
40.75735,13,1,0,2,0.6302353,0.8737194,0.1812437,12.17529,65.61015,248.6397,0.5757743,1.124981,0.2572876,-9.12878,-8.260335,-3.369798,Nothing
40.76511,13,1,0,2,0.6298692,0.8738744,0.1817177,12.14892,65.47993,248.5782,0.5762817,1.124075,0.2562788,-9.108034,-8.180046,-3.335816,Nothing
40.77271,13,1,0,2,0.6293164,0.8738945,0.1826811,12.16829,65.23218,248.5236,0.5772429,1.122826,0.2539725,-9.10941,-8.011872,-3.3086,Nothing
40.78235,13,1,0,2,0.6289389,0.8739504,0.183197,12.16972,65.09845,248.4943,0.5777158,1.121957,0.2525758,-9.10258,-7.910433,-3.291777,Nothing
40.79034,13,1,0,2,0.6284028,0.8740194,0.1840362,12.19032,64.89987,248.4735,0.5782701,1.120564,0.2500734,-9.093909,-7.735932,-3.287541,Nothing
40.79898,13,1,0,2,0.6278215,0.8741769,0.1845849,12.18669,64.78776,248.5022,0.5784751,1.119101,0.2481041,-9.070934,-7.588828,-3.279968,Nothing
40.80719,13,1,0,2,0.6273538,0.874557,0.1850544,12.14794,64.70926,248.5513,0.5785329,1.117578,0.2463724,-9.031865,-7.451102,-3.269957,Nothing
40.81519,13,1,0,2,0.6268854,0.8752501,0.1855636,12.06897,64.66078,248.6367,0.5784953,1.115922,0.2447927,-8.976899,-7.306618,-3.251721,Nothing
40.82346,13,1,0,2,0.6264068,0.8760436,0.1859093,11.94443,64.64032,248.7808,0.5784154,1.114036,0.2431459,-8.915029,-7.152534,-3.223086,Nothing
40.83209,13,1,0,2,0.6259403,0.8769112,0.1861885,11.79963,64.64246,248.9631,0.5783441,1.112018,0.2415457,-8.847629,-6.994184,-3.188427,Nothing
40.84088,13,1,0,2,0.6255969,0.8776051,0.1866139,11.69397,64.62709,249.1467,0.5780212,1.109906,0.2400138,-8.776018,-6.839728,-3.178843,Nothing
40.8486,13,1,0,2,0.6251007,0.8787201,0.1867173,11.52086,64.72847,249.5222,0.5778188,1.107607,0.2384791,-8.702831,-6.654591,-3.140126,Nothing
40.85742,13,1,0,2,0.6245649,0.8798243,0.1869753,11.36239,64.78884,249.8651,0.5779514,1.105445,0.2368936,-8.637642,-6.463824,-3.092214,Nothing
40.86526,13,1,0,2,0.6234219,0.8818671,0.1876258,11.04038,64.84792,250.4739,0.5778499,1.100928,0.2337029,-8.489356,-6.095825,-3.009638,Nothing
40.87341,13,1,0,2,0.6226288,0.8830972,0.1883748,10.82634,64.78796,250.8325,0.5780287,1.098404,0.2319797,-8.412261,-5.870117,-2.943688,Nothing
40.88339,13,1,0,2,0.6217434,0.8844182,0.1892973,10.58988,64.66774,251.1612,0.5781079,1.095732,0.2302689,-8.32148,-5.64114,-2.874161,Nothing
40.89276,13,1,0,2,0.6208029,0.885685,0.1903381,10.36435,64.50907,251.4632,0.5781368,1.093162,0.2286703,-8.23199,-5.419721,-2.808092,Nothing
40.89944,13,1,0,2,0.6197911,0.8869451,0.1913369,10.16096,64.3597,251.743,0.5781175,1.09039,0.2271976,-8.126844,-5.205702,-2.742104,Nothing
40.90793,13,1,0,2,0.618937,0.8879567,0.1921985,9.990246,64.23206,251.9557,0.5781781,1.087469,0.2256937,-8.014358,-5.008458,-2.686091,Nothing
40.91483,13,1,0,2,0.6180895,0.8890096,0.1929653,9.812677,64.13971,252.2095,0.5782332,1.084884,0.2241845,-7.916026,-4.813959,-2.632977,Nothing
40.92316,13,1,0,2,0.6172857,0.8898398,0.1937744,9.681778,64.0137,252.3803,0.5781333,1.082042,0.2227971,-7.802249,-4.63805,-2.593761,Nothing
40.93182,13,1,0,2,0.6165655,0.8904268,0.1945371,9.609303,63.90448,252.5428,0.5780451,1.079116,0.2214494,-7.689495,-4.470008,-2.567723,Nothing
40.94077,13,1,0,2,0.6159195,0.8911083,0.1951936,9.540768,63.80729,252.7407,0.5779699,1.076292,0.2201444,-7.576381,-4.305111,-2.543006,Nothing
40.94983,13,1,0,2,0.6152859,0.8916405,0.1957711,9.492629,63.74458,252.9322,0.5778341,1.073378,0.2188366,-7.461833,-4.146271,-2.524978,Nothing
40.95685,13,1,0,2,0.6148612,0.8919763,0.1964442,9.443804,63.67516,253.1313,0.577788,1.070349,0.2175913,-7.349254,-3.989339,-2.513482,Nothing
40.96533,13,1,0,2,0.6142806,0.8925741,0.1969402,9.370507,63.62183,253.2925,0.577657,1.067394,0.2164028,-7.224441,-3.843972,-2.490147,Nothing
40.97385,13,1,0,2,0.6132658,0.8935471,0.1977554,9.276496,63.5398,253.4193,0.5775573,1.064418,0.2153322,-7.087196,-3.682186,-2.445382,Nothing
40.98209,13,1,0,2,0.6120751,0.8949808,0.1988076,9.099945,63.38262,253.7234,0.577208,1.05857,0.2134054,-6.821348,-3.413704,-2.389671,Nothing
40.99103,13,1,0,2,0.6115208,0.8957034,0.1992844,8.98784,63.27761,253.8228,0.5770681,1.055539,0.2127083,-6.677264,-3.299378,-2.352015,Nothing
40.99905,13,1,0,2,0.6109334,0.8961889,0.1999676,8.893629,63.17295,253.9642,0.57673,1.052636,0.2121627,-6.549215,-3.186106,-2.328274,Nothing
41.0069,13,1,0,2,0.6103501,0.8969489,0.2005453,8.772304,63.05139,254.0934,0.5764904,1.049661,0.2118043,-6.403893,-3.081478,-2.288867,Nothing
41.01526,13,1,0,2,0.6099329,0.8976067,0.2010178,8.647697,62.93086,254.2282,0.5761569,1.046748,0.2116771,-6.259876,-2.997983,-2.25489,Nothing
41.02399,13,1,0,2,0.6096297,0.8982136,0.2011257,8.542783,62.89213,254.3253,0.5759387,1.043914,0.211614,-6.115313,-2.936775,-2.217351,Nothing
41.03305,13,1,0,2,0.6092277,0.8988919,0.2013848,8.433655,62.84354,254.4191,0.5757453,1.041124,0.2116247,-5.971228,-2.870684,-2.176018,Nothing
41.04099,13,1,0,2,0.6091096,0.8995554,0.2013311,8.338571,62.85835,254.4526,0.5756323,1.038291,0.2116961,-5.816758,-2.828814,-2.13844,Nothing
41.04901,13,1,0,2,0.6090307,0.900126,0.2010891,8.246589,62.91067,254.451,0.5754922,1.035565,0.2117699,-5.667098,-2.801486,-2.102552,Nothing
41.05795,13,1,0,2,0.6089186,0.9008162,0.2007414,8.150437,62.96616,254.4431,0.5754492,1.032885,0.2118921,-5.514105,-2.777716,-2.057547,Nothing
41.06558,13,1,0,2,0.609064,0.9011654,0.2002041,8.109775,63.06989,254.3698,0.5753055,1.030228,0.2121735,-5.365467,-2.784528,-2.029875,Nothing
41.07431,13,1,0,2,0.6090567,0.9015464,0.1999525,8.059647,63.11127,254.35,0.5752119,1.027505,0.2124508,-5.219917,-2.770247,-1.997214,Nothing
41.08255,13,1,0,2,0.6092526,0.9017379,0.1996926,8.045926,63.1721,254.2982,0.5750757,1.024813,0.2126986,-5.078968,-2.764574,-1.981106,Nothing
41.091,13,1,0,2,0.6093027,0.9021095,0.1994067,8.005185,63.20608,254.2451,0.5748384,1.022453,0.2133608,-4.942367,-2.779015,-1.951687,Nothing
41.09976,13,1,0,2,0.6093342,0.9025455,0.1991544,7.933818,63.20035,254.1379,0.5749174,1.019878,0.2140543,-4.795177,-2.788756,-1.902799,Nothing
41.108,13,1,0,2,0.6093759,0.903545,0.198663,7.772417,63.20807,253.9719,0.575094,1.015146,0.2155502,-4.516163,-2.809513,-1.802997,Nothing
41.11578,13,1,0,2,0.6093261,0.9042468,0.1983757,7.636543,63.18375,253.8376,0.5751947,1.012969,0.2163042,-4.375371,-2.824383,-1.743535,Nothing
41.12396,13,1,0,2,0.6093502,0.9048682,0.1980415,7.504396,63.16045,253.6693,0.5757614,1.010915,0.2172439,-4.244064,-2.845871,-1.66478,Nothing
41.13232,13,1,0,2,0.6093065,0.9053683,0.1978219,7.418928,63.1435,253.551,0.5764663,1.008914,0.2182484,-4.124338,-2.858752,-1.584054,Nothing
41.14066,13,1,0,2,0.6093884,0.9058288,0.1976348,7.346428,63.11747,253.4416,0.5774791,1.007027,0.2193882,-4.012498,-2.873323,-1.495487,Nothing
41.14886,13,1,0,2,0.6094566,0.9060771,0.1974037,7.313752,63.10284,253.3712,0.5783709,1.005125,0.2206421,-3.907639,-2.895513,-1.41297,Nothing
41.15732,13,1,0,2,0.609552,0.9063066,0.1970048,7.293923,63.11246,253.3294,0.5793694,1.003322,0.2222386,-3.805223,-2.936329,-1.31873,Nothing
41.16718,13,1,0,2,0.6097186,0.9063345,0.1966393,7.320232,63.16664,253.3524,0.580308,1.001523,0.2237227,-3.71427,-2.971226,-1.23937,Nothing
41.17361,13,1,0,2,0.609621,0.90646,0.1964649,7.297981,63.19358,253.3365,0.5812446,0.9997308,0.2252714,-3.62237,-2.997911,-1.146608,Nothing
41.18396,13,1,0,2,0.6098019,0.9064232,0.1960848,7.339034,63.27942,253.4033,0.5825193,0.998108,0.226933,-3.54615,-3.03518,-1.053307,Nothing
41.1908,13,1,0,2,0.6100384,0.9068419,0.1957607,7.319621,63.32517,253.4385,0.5836765,0.9963774,0.2284636,-3.44375,-3.063362,-0.9621602,Nothing
41.19907,13,1,0,2,0.6102071,0.9070665,0.1953171,7.298847,63.41547,253.4649,0.5851091,0.994822,0.2300083,-3.360015,-3.096012,-0.8575468,Nothing
41.20758,13,1,0,2,0.6103508,0.9074197,0.1948593,7.243119,63.50623,253.4872,0.5869284,0.9933284,0.2317399,-3.276005,-3.129079,-0.7286754,Nothing
41.21603,13,1,0,2,0.6103904,0.9077689,0.1945499,7.153683,63.58108,253.5364,0.5885184,0.9917478,0.2334071,-3.190434,-3.153518,-0.6064861,Nothing
41.22397,13,1,0,2,0.6104066,0.9083645,0.1942032,7.030537,63.64594,253.5916,0.5905029,0.9902484,0.2353661,-3.099059,-3.181683,-0.4564648,Nothing
41.23242,13,1,0,2,0.6106688,0.9091704,0.1934522,6.873142,63.76742,253.6617,0.5939856,0.98705,0.2389578,-2.915148,-3.245518,-0.2003218,Nothing
41.24036,13,1,0,2,0.6106395,0.9097133,0.1932838,6.756296,63.79712,253.7423,0.5964631,0.9854601,0.2411207,-2.827631,-3.263531,-0.02698462,Nothing
41.24911,13,1,0,2,0.6106212,0.9101395,0.1931366,6.663383,63.82753,253.8268,0.5985972,0.9839351,0.2430818,-2.746347,-3.28134,0.1237603,Nothing
41.25748,13,1,0,2,0.6107598,0.9103932,0.1927506,6.614192,63.87001,253.8788,0.6008478,0.9825752,0.2447905,-2.67789,-3.305715,0.267199,Nothing
41.26578,13,1,0,2,0.6108576,0.9103042,0.1925348,6.645135,63.9475,253.9905,0.602982,0.9812333,0.2464584,-2.630492,-3.325502,0.3945892,Nothing
41.27533,13,1,0,2,0.6108136,0.9101771,0.1924489,6.687378,64.0302,254.1234,0.6052653,0.9799287,0.2479189,-2.59415,-3.326414,0.5259811,Nothing
41.28391,13,1,0,2,0.6109393,0.9098187,0.1922778,6.78962,64.1124,254.2449,0.6072741,0.9787415,0.2493905,-2.568206,-3.345401,0.6350164,Nothing
41.29163,13,1,0,2,0.6110442,0.909556,0.1921117,6.867955,64.18764,254.3649,0.6094691,0.9776505,0.2506521,-2.546502,-3.351936,0.7501399,Nothing
41.29941,13,1,0,2,0.6112928,0.9092939,0.192114,6.996407,64.25414,254.5426,0.6113893,0.9767172,0.2519469,-2.533224,-3.360495,0.8412594,Nothing
41.30753,13,1,0,2,0.6114006,0.9088706,0.1921677,7.113503,64.31139,254.7045,0.6135625,0.9759085,0.2529554,-2.539541,-3.352022,0.9416489,Nothing
41.31555,13,1,0,2,0.6114851,0.9087027,0.1922159,7.134264,64.36006,254.8395,0.6157085,0.9747435,0.2541289,-2.513598,-3.344083,1.054975,Nothing
41.32474,13,1,0,2,0.6115009,0.9087726,0.1922077,7.112313,64.40836,254.9719,0.6177282,0.9737478,0.2553392,-2.482141,-3.340519,1.170612,Nothing
41.3334,13,1,0,2,0.6115266,0.9088197,0.1921778,7.099017,64.46285,255.1119,0.6196705,0.9727505,0.2564888,-2.451488,-3.337392,1.2808,Nothing
41.34109,13,1,0,2,0.6115939,0.9091455,0.1919806,7.013353,64.52529,255.2785,0.6213701,0.9717565,0.2576345,-2.403566,-3.342111,1.38741,Nothing
41.34921,13,1,0,2,0.6115963,0.9093595,0.1918751,6.952029,64.60818,255.4608,0.6228292,0.9707755,0.2587714,-2.361366,-3.347863,1.481297,Nothing
41.35715,13,1,0,2,0.611455,0.9099514,0.1919748,6.831041,64.75056,255.8802,0.6256431,0.9687498,0.2609217,-2.273473,-3.336117,1.663872,Nothing
41.3663,13,1,0,2,0.6114069,0.9101347,0.1919561,6.776473,64.82895,256.0888,0.6261754,0.9678449,0.2616407,-2.232806,-3.33822,1.708882,Nothing
41.37448,13,1,0,2,0.6116395,0.9098957,0.1916991,6.767765,64.8906,256.2076,0.6266084,0.9669713,0.2624718,-2.202757,-3.37091,1.740411,Nothing
41.38284,13,1,0,2,0.6115876,0.9098486,0.1918189,6.770382,64.93103,256.4193,0.6274732,0.9660237,0.2632593,-2.176983,-3.365622,1.796039,Nothing
41.39078,13,1,0,2,0.611506,0.9096519,0.1921477,6.815651,64.92442,256.6564,0.6278497,0.9652619,0.2635979,-2.170716,-3.342476,1.81706,Nothing
41.40018,13,1,0,2,0.6113914,0.9091871,0.1927353,6.905011,64.88866,256.9189,0.6284983,0.9642287,0.2638108,-2.173211,-3.295734,1.842659,Nothing
41.40714,13,1,0,2,0.6112988,0.9086915,0.193387,7.042331,64.85399,257.2965,0.6292764,0.9632359,0.2641266,-2.187485,-3.245422,1.870826,Nothing
41.41611,13,1,0,2,0.6111535,0.9082619,0.1939009,7.138704,64.88557,257.644,0.6300385,0.9622399,0.2645117,-2.193162,-3.205831,1.904149,Nothing
41.42444,13,1,0,2,0.6111608,0.9079632,0.1941833,7.223684,64.94807,258.0011,0.6307071,0.9611126,0.2649722,-2.181844,-3.182175,1.933886,Nothing
41.43219,13,1,0,2,0.6111477,0.907953,0.1944118,7.279667,65.03545,258.3466,0.6316829,0.9597252,0.2654177,-2.145906,-3.150409,1.982097,Nothing
41.44064,13,1,0,2,0.6111773,0.9079514,0.1944673,7.294301,65.14096,258.6826,0.6324073,0.9585701,0.2659512,-2.113591,-3.138826,2.022784,Nothing
41.44916,13,1,0,2,0.611196,0.9081577,0.1944471,7.256418,65.25156,258.9914,0.6327468,0.957128,0.2665844,-2.050397,-3.138693,2.056043,Nothing
41.4574,13,1,0,2,0.6113215,0.9085345,0.1942783,7.189435,65.35043,259.2541,0.6328672,0.9556401,0.267362,-1.969168,-3.157053,2.084027,Nothing
41.46558,13,1,0,2,0.6112894,0.909004,0.1941532,7.084754,65.45588,259.5294,0.6328,0.9540924,0.268191,-1.879907,-3.175445,2.112695,Nothing
41.47382,13,1,0,2,0.6112604,0.909574,0.1941457,6.955625,65.62911,260.1298,0.6326687,0.9523258,0.2691151,-1.791741,-3.184841,2.137036,Nothing
41.483,13,1,0,2,0.6110477,0.9099769,0.1943853,6.880884,65.63206,260.4692,0.6328225,0.9492505,0.2705961,-1.642691,-3.193404,2.199728,Nothing
41.49069,13,1,0,2,0.6108488,0.910252,0.1948303,6.872304,65.61594,260.858,0.6329458,0.9477708,0.2711819,-1.584326,-3.168383,2.22747,Nothing
41.50055,13,1,0,2,0.6106601,0.9102878,0.195337,6.897648,65.58604,261.2771,0.6331324,0.9462879,0.2714583,-1.541883,-3.12778,2.248387,Nothing
41.50797,13,1,0,2,0.6105249,0.9101164,0.1958222,6.976886,65.58053,261.719,0.6333324,0.9449905,0.2718198,-1.519622,-3.096722,2.264412,Nothing
41.51596,13,1,0,2,0.6104077,0.9097379,0.1961974,7.106292,65.60952,262.1757,0.6334074,0.9438772,0.2723525,-1.51557,-3.084916,2.274243,Nothing
41.52429,13,1,0,2,0.6103445,0.9091852,0.196665,7.276149,65.63179,262.6552,0.6334032,0.9428485,0.2726756,-1.526361,-3.063688,2.270023,Nothing
41.53235,13,1,0,2,0.6102686,0.9085948,0.1971073,7.456535,65.67156,263.1461,0.6334423,0.9415932,0.2731909,-1.528739,-3.050295,2.272538,Nothing
41.54062,13,1,0,2,0.6103004,0.9078479,0.1974908,7.672967,65.74116,263.63,0.6333542,0.9406617,0.2735227,-1.55268,-3.040227,2.256995,Nothing
41.54874,13,1,0,2,0.6103906,0.90719,0.1977051,7.86044,65.85052,264.0875,0.6332708,0.9398645,0.2737941,-1.574999,-3.038197,2.239974,Nothing
41.5578,13,1,0,2,0.6102045,0.9069631,0.198049,7.949628,65.97213,264.6013,0.6338067,0.9392742,0.2739148,-1.593214,-3.004572,2.26023,Nothing
41.56631,13,1,0,2,0.6103531,0.9068043,0.1977675,7.998651,66.22937,265.1701,0.6339625,0.9387159,0.2739904,-1.603102,-3.013628,2.255716,Nothing
41.57449,13,1,0,2,0.6107268,0.9066935,0.197592,8.029445,66.50069,265.8068,0.6343786,0.9382552,0.274121,-1.618647,-3.01871,2.251157,Nothing
41.58365,13,1,0,2,0.6108748,0.9067156,0.1973065,8.031106,66.76744,266.4015,0.6346649,0.9378401,0.2741785,-1.627746,-3.024349,2.253022,Nothing
41.59061,13,1,0,2,0.6110414,0.9073833,0.1966292,7.862851,67.1484,267.0621,0.6348316,0.9374232,0.2743482,-1.60154,-3.055929,2.261663,Nothing
41.59897,13,1,0,2,0.6112139,0.9090121,0.195353,7.386879,67.85125,268.3434,0.6353057,0.9366083,0.2745405,-1.53311,-3.104996,2.294144,Nothing
41.60715,13,1,0,2,0.6111221,0.9103739,0.1946774,7.014509,68.21176,269.0027,0.6354859,0.9363683,0.2745705,-1.478021,-3.127528,2.319107,Nothing
41.61591,13,1,0,2,0.6110779,0.9114251,0.1942877,6.725195,68.50327,269.6566,0.6355175,0.936174,0.2745998,-1.442224,-3.139889,2.328647,Nothing
41.62372,13,1,0,2,0.6108461,0.9122487,0.1940938,6.480461,68.74796,270.3087,0.6355174,0.9359961,0.2746282,-1.420701,-3.140026,2.340967,Nothing
41.63284,13,1,0,2,0.6107095,0.9127103,0.1942242,6.338171,68.93896,270.9673,0.635363,0.935845,0.2745012,-1.42011,-3.121238,2.332059,Nothing
41.64056,13,1,0,2,0.6104981,0.9128108,0.1944603,6.268897,69.10246,271.6102,0.6353387,0.9357027,0.2744493,-1.439882,-3.096579,2.329459,Nothing
41.6546,13,1,0,2,0.6102414,0.9127585,0.1946942,6.242445,69.27739,272.2213,0.6351623,0.9356261,0.2744101,-1.469217,-3.075171,2.319661,Nothing
41.66595,13,1,0,2,0.6098568,0.9125051,0.195055,6.20938,69.602,273.2381,0.6349325,0.9354305,0.2741814,-1.521869,-3.033659,2.299613,Nothing
41.67328,13,1,0,2,0.6096088,0.9127656,0.1952888,6.120145,69.78257,273.7513,0.6346984,0.9352964,0.2739448,-1.524076,-3.00791,2.286861,Nothing
41.68173,13,1,0,2,0.6094267,0.9132109,0.1952746,5.957575,69.93686,274.0659,0.634533,0.9352046,0.2737679,-1.507584,-3.000784,2.283051,Nothing
41.69006,13,1,0,2,0.609184,0.9136214,0.1953782,5.796587,70.10307,274.4787,0.6344796,0.9351014,0.2735845,-1.497288,-2.983362,2.283985,Nothing
41.69846,13,1,0,2,0.6088223,0.9140779,0.1951693,5.602928,70.31242,274.8048,0.6343355,0.9349983,0.2733379,-1.480207,-2.981233,2.288684,Nothing
41.70663,13,1,0,2,0.6085225,0.9146614,0.1951454,5.405631,70.45244,275.0655,0.6341469,0.9348313,0.2731116,-1.449482,-2.973364,2.290474,Nothing
41.71521,13,1,0,2,0.6084239,0.914977,0.1950187,5.265172,70.62665,275.3576,0.6338649,0.9347892,0.2728762,-1.440868,-2.973464,2.275646,Nothing
41.72452,13,1,0,2,0.6083072,0.9153457,0.1948631,5.113829,70.81289,275.6383,0.6336522,0.9345942,0.2726732,-1.422181,-2.976749,2.266014,Nothing
41.73303,13,1,0,2,0.6082897,0.9159467,0.194194,4.835589,71.24554,276.1896,0.6333429,0.9341884,0.2723251,-1.393612,-3.005986,2.243867,Nothing
41.74069,13,1,0,2,0.6083404,0.9160223,0.1936525,4.756094,71.53257,276.4494,0.6333113,0.9339568,0.2720893,-1.391423,-3.028249,2.231737,Nothing
41.74857,13,1,0,2,0.608268,0.9159634,0.1934174,4.713511,71.75328,276.7297,0.6332549,0.9337534,0.2718435,-1.39777,-3.030614,2.221474,Nothing
41.75702,13,1,0,2,0.6082512,0.9156973,0.1935307,4.718905,71.84628,276.9778,0.6334944,0.9334349,0.2714338,-1.40563,-3.001259,2.220267,Nothing
41.76532,13,1,0,2,0.6079507,0.9153099,0.1942165,4.756211,71.79173,277.2441,0.633803,0.9332027,0.2710557,-1.422027,-2.934541,2.233646,Nothing
41.77356,13,1,0,2,0.607607,0.9150155,0.1950724,4.787766,71.67829,277.4664,0.6339685,0.9330365,0.270743,-1.433169,-2.86346,2.244168,Nothing
41.78198,13,1,0,2,0.6072254,0.9146119,0.1960607,4.844068,71.50436,277.6438,0.634393,0.9328682,0.270362,-1.446576,-2.776603,2.266987,Nothing
41.79202,13,1,0,2,0.6069161,0.91448,0.1964774,4.833695,71.49456,277.8431,0.634744,0.9326553,0.2700772,-1.447915,-2.730253,2.287151,Nothing
41.79874,13,1,0,2,0.6067874,0.9143674,0.1965429,4.812258,71.53491,277.9554,0.6354746,0.9324548,0.2696204,-1.44586,-2.693231,2.316677,Nothing
41.80676,13,1,0,2,0.6067176,0.9145371,0.1964169,4.741777,71.61958,278.0473,0.6358439,0.9322156,0.2693133,-1.427625,-2.682752,2.33242,Nothing
41.81573,13,1,0,2,0.6067233,0.9148963,0.1960528,4.6371,71.74908,278.1363,0.6359166,0.9320433,0.2691727,-1.404654,-2.699108,2.33626,Nothing
41.82336,13,1,0,2,0.6068042,0.9155126,0.1955045,4.479293,71.91581,278.2094,0.6358251,0.9318293,0.2689874,-1.365596,-2.729688,2.331348,Nothing
41.83237,13,1,0,2,0.6068319,0.915823,0.1952488,4.367933,72.04307,278.298,0.6355326,0.9315049,0.2689328,-1.336915,-2.751704,2.317579,Nothing
41.84039,13,1,0,2,0.6068905,0.9163005,0.1947969,4.240181,72.20196,278.4106,0.635317,0.9311613,0.2688712,-1.301692,-2.783658,2.307723,Nothing
41.84872,13,1,0,2,0.6069633,0.9166771,0.194401,4.143039,72.35542,278.5325,0.6349341,0.9308946,0.2688246,-1.27612,-2.81468,2.287962,Nothing
41.85669,13,1,0,2,0.6072007,0.9170423,0.1939078,4.053216,72.50564,278.6447,0.6347944,0.9304981,0.2687919,-1.245914,-2.85042,2.273551,Nothing
41.86502,13,1,0,2,0.6073278,0.9176726,0.193249,3.885765,72.7545,278.8787,0.6349337,0.9298195,0.2683944,-1.192321,-2.877539,2.271305,Nothing
41.87332,13,1,0,2,0.607383,0.9179882,0.1932019,3.830388,72.76611,278.9519,0.6350581,0.9294664,0.268174,-1.161143,-2.873011,2.274227,Nothing
41.88223,13,1,0,2,0.6072537,0.9179335,0.1936686,3.850011,72.62797,278.9678,0.6354559,0.9290866,0.2678822,-1.141408,-2.827793,2.295419,Nothing
41.89035,13,1,0,2,0.607234,0.9179541,0.1939214,3.822398,72.5987,279.0119,0.6357257,0.9286076,0.2679056,-1.117332,-2.815144,2.308712,MinusStart
41.89047,13,1,0,2,0.607234,0.9179541,0.1939214,3.822398,72.5987,279.0119,0.6357257,0.9286076,0.2679056,-1.117332,-2.815144,2.308712,Minusing
41.91013,13,1,0,2,0.6071636,0.9176672,0.1943794,3.902123,72.42687,278.9182,0.635904,0.9273809,0.2681764,-1.070011,-2.804311,2.328243,Minusing
41.93021,13,1,0,2,0.607331,0.9178332,0.194115,3.896446,72.42142,278.7863,0.635652,0.9252062,0.2685697,-0.9582686,-2.859117,2.326595,Minusing
41.94946,13,1,0,2,0.6077065,0.9180862,0.1934032,3.864082,72.5418,278.67,0.6349906,0.9235505,0.268998,-0.8698506,-2.946011,2.296038,Minusing
41.97009,13,1,0,2,0.6082598,0.9185293,0.1923184,3.770658,72.76296,278.6202,0.6345787,0.9212962,0.2690668,-0.7455777,-3.041072,2.265866,Minusing
41.99231,13,1,0,2,0.6091524,0.9183124,0.191314,3.852342,72.95998,278.5756,0.6341708,0.9193375,0.2691359,-0.672102,-3.128051,2.216203,Minusing
42.01358,13,1,0,2,0.6093757,0.9177418,0.1915279,3.987892,72.8719,278.5156,0.6336899,0.9185504,0.268767,-0.6584329,-3.110019,2.18122,Minusing
42.03293,13,1,0,2,0.6094381,0.917641,0.1917389,4.014507,72.74786,278.3716,0.6325032,0.9169005,0.268542,-0.5739429,-3.115941,2.130353,Minusing
42.05304,13,1,0,2,0.6094836,0.9182127,0.1910566,3.843214,72.76311,278.163,0.6309679,0.9150591,0.2686868,-0.4473672,-3.195631,2.077466,Minusing
42.07404,13,1,0,2,0.6096456,0.9185702,0.1907497,3.766248,72.82011,278.1169,0.6298814,0.9138295,0.2688388,-0.3696224,-3.247612,2.028984,Minusing
42.12485,13,1,0,2,0.6102545,0.9183581,0.190176,3.875936,72.96813,278.1619,0.6258964,0.9105914,0.2692442,-0.2362561,-3.381809,1.83545,Minusing
42.20758,13,1,0,2,0.6092902,0.9194468,0.1905913,3.743208,72.55239,277.6019,0.6161688,0.9071438,0.2678134,0.03681011,-3.444232,1.449949,Minusing
42.31052,13,1,0,2,0.6091468,0.9198792,0.190452,3.752093,72.41586,277.2648,0.6081879,0.9086608,0.2649769,0.03247066,-3.427647,1.061106,Minusing
42.32953,13,1,0,2,0.6094772,0.9190331,0.1900201,4.108707,72.22697,276.6642,0.6063529,0.9115214,0.264124,-0.1074187,-3.415611,0.9584752,MinusEnd
42.34045,13,1,0,2,0.609567,0.9190661,0.1898942,4.135994,72.18345,276.4887,0.6064118,0.9120824,0.2641018,-0.1230083,-3.417427,0.9594911,Nothing
42.34891,13,1,0,2,0.6095868,0.9190757,0.18991,4.163438,72.09773,276.3037,0.6066052,0.9125946,0.2641153,-0.1366455,-3.411007,0.9707794,Nothing
42.35715,13,1,0,2,0.609556,0.9192715,0.1899102,4.189975,71.90211,275.9279,0.6068681,0.9136223,0.2642165,-0.155609,-3.404476,0.9943287,Nothing
42.36627,13,1,0,2,0.6094395,0.9194556,0.189997,4.210062,71.72511,275.6517,0.6074255,0.9139968,0.2644912,-0.1512837,-3.399368,1.037391,Nothing
42.37402,13,1,0,2,0.6094441,0.9195015,0.190008,4.268336,71.54709,275.2967,0.6080302,0.9143984,0.2648301,-0.151483,-3.400858,1.078792,Nothing
42.38275,13,1,0,2,0.6094161,0.9193892,0.190133,4.37345,71.30246,274.8315,0.6085414,0.914833,0.2649224,-0.1534134,-3.385149,1.115321,Nothing
42.39111,13,1,0,2,0.6094761,0.9190752,0.1901454,4.529373,71.02398,274.2439,0.6090482,0.9152138,0.2649786,-0.1567683,-3.37335,1.150189,Nothing
42.3989,13,1,0,2,0.6096653,0.9184737,0.1900833,4.803252,70.69659,273.3889,0.6095201,0.9157345,0.2648607,-0.1668471,-3.358189,1.177128,Nothing
42.4071,13,1,0,2,0.6096966,0.9181545,0.1900376,4.988152,70.43198,272.7185,0.6099116,0.9163648,0.264692,-0.1781148,-3.340791,1.202891,Nothing
42.41525,13,1,0,2,0.6102437,0.9175329,0.1898213,5.320659,70.0502,271.6031,0.6104863,0.9169208,0.2645699,-0.1780268,-3.337503,1.222487,Nothing
42.42386,13,1,0,2,0.6104477,0.9167619,0.1897243,5.61035,69.66908,270.5651,0.6110944,0.9174749,0.2644538,-0.1902395,-3.323704,1.255607,Nothing
42.43225,13,1,0,2,0.6106918,0.9161125,0.1896767,5.903157,69.25705,269.4736,0.6129277,0.9180623,0.263828,-0.2011703,-3.265682,1.333165,Nothing
42.44226,13,1,0,2,0.6109416,0.9154659,0.1896092,6.195038,68.82883,268.3184,0.613836,0.9186581,0.2636036,-0.2071819,-3.242703,1.376181,Nothing
42.45059,13,1,0,2,0.6112058,0.9147788,0.1895262,6.461947,68.42098,267.1928,0.6145471,0.9192202,0.2633388,-0.2145833,-3.22368,1.407412,Nothing
42.45844,13,1,0,2,0.6116303,0.9138401,0.188937,6.848516,68.03496,265.7725,0.6154541,0.919916,0.2629991,-0.2272969,-3.227486,1.442587,Nothing
42.46539,13,1,0,2,0.6118281,0.9128045,0.1888139,7.187883,67.62051,264.5362,0.6162196,0.9205733,0.2627869,-0.2538817,-3.215674,1.475858,Nothing
42.474,13,1,0,2,0.6121693,0.9116876,0.1884705,7.580384,67.214,263.1863,0.6169629,0.9212679,0.2624511,-0.2803914,-3.214814,1.500555,Nothing
42.48279,13,1,0,2,0.6126909,0.909546,0.1880719,8.296883,66.34351,260.5085,0.6185176,0.9227038,0.261776,-0.3362874,-3.202054,1.554269,Nothing
42.49026,13,1,0,2,0.6130593,0.9084817,0.1878087,8.681483,65.82864,258.969,0.6190349,0.9234892,0.26141,-0.3548771,-3.207502,1.567083,Nothing
42.49875,13,1,0,2,0.6132122,0.9072962,0.1877071,9.060099,65.30035,257.4495,0.6197767,0.924297,0.2610175,-0.3873438,-3.200945,1.593156,Nothing
42.5072,13,1,0,2,0.6132082,0.9060788,0.1876993,9.453811,64.69968,255.828,0.6203834,0.9251935,0.2605039,-0.4239471,-3.188496,1.616339,Nothing
42.51648,13,1,0,2,0.613049,0.9049989,0.1879919,9.786214,64.05801,254.2961,0.6211556,0.9260776,0.2600644,-0.4649601,-3.160506,1.650632,Nothing
42.52371,13,1,0,2,0.6127697,0.9039245,0.1883693,10.07298,63.34791,252.7352,0.6219843,0.9270416,0.2595723,-0.513469,-3.126141,1.690702,Nothing
42.53351,13,1,0,2,0.6124448,0.902998,0.1888753,10.3297,62.65999,251.2199,0.6228748,0.9281461,0.2590773,-0.5682449,-3.088171,1.729354,Nothing
42.54047,13,1,0,2,0.6117007,0.9024856,0.1897609,10.48893,61.84378,249.6899,0.6239487,0.9293055,0.2584556,-0.6233683,-3.011909,1.790535,Nothing
42.54947,13,1,0,2,0.6112828,0.9018029,0.1904071,10.68246,61.05247,248.1678,0.6249747,0.9303503,0.2578747,-0.6774659,-2.959429,1.836301,Nothing
42.55743,13,1,0,2,0.6106492,0.9012638,0.1910842,10.83771,60.32859,246.745,0.6260253,0.9314892,0.25728,-0.7398241,-2.903905,1.886368,Nothing
42.56546,13,1,0,2,0.609971,0.9008377,0.1915449,10.98205,59.67972,245.3336,0.627113,0.9326483,0.2566344,-0.7994375,-2.857305,1.938803,Nothing
42.57355,13,1,0,2,0.6095076,0.9004173,0.191709,11.1229,59.13844,244.0024,0.6281946,0.9337981,0.2560433,-0.8539927,-2.833915,1.984391,Nothing
42.5827,13,1,0,2,0.6091641,0.8999976,0.1915876,11.26509,58.68932,242.6804,0.6292659,0.934956,0.2554429,-0.9025093,-2.829811,2.026179,Nothing
42.59015,13,1,0,2,0.6089057,0.8995564,0.1911967,11.40419,58.30058,241.3328,0.6303657,0.936064,0.2548537,-0.9425803,-2.842216,2.069464,Nothing
42.59888,13,1,0,2,0.6089615,0.8992183,0.1900363,11.53778,58.15091,240.0116,0.631464,0.9371846,0.2542862,-0.9550356,-2.898356,2.111581,Nothing
42.6069,13,1,0,2,0.6087378,0.8983843,0.1889683,11.77532,57.5434,237.3455,0.6335746,0.9393806,0.2531602,-1.012909,-2.958269,2.184001,Nothing
42.61667,13,1,0,2,0.608668,0.8979432,0.1879792,11.90572,57.3662,236.0444,0.6345433,0.9403571,0.2527003,-1.022455,-3.015926,2.224403,Nothing
42.62393,13,1,0,2,0.6085784,0.8974205,0.1872913,12.04022,57.12666,234.7666,0.6355587,0.9413286,0.2522335,-1.043797,-3.062764,2.260286,Nothing
42.63202,13,1,0,2,0.6082599,0.8969538,0.1867804,12.15826,56.79784,233.4958,0.6362638,0.9422045,0.251853,-1.061106,-3.101977,2.295218,Nothing
42.64038,13,1,0,2,0.6076778,0.8966867,0.1866528,12.23097,56.39722,232.2516,0.6370509,0.9430231,0.2515273,-1.085102,-3.114716,2.341456,Nothing
42.65359,13,1,0,2,0.6070684,0.8965718,0.1869168,12.2119,55.87383,231.0031,0.6374385,0.9437133,0.251381,-1.096326,-3.112918,2.377903,Nothing
42.66843,13,1,0,2,0.6054702,0.8969892,0.1876324,12.04596,54.82075,228.5497,0.638642,0.9450906,0.250778,-1.12722,-3.059917,2.478349,Nothing
42.67374,13,1,0,2,0.6042944,0.8976219,0.1881847,11.85521,54.24439,227.421,0.6391074,0.9458825,0.2504749,-1.148304,-3.008201,2.540182,Nothing
42.68268,13,1,0,2,0.6034492,0.8979597,0.1885292,11.73989,53.74094,226.326,0.639529,0.9463261,0.2502512,-1.155534,-2.974633,2.589161,Nothing
42.6911,13,1,0,2,0.602632,0.8983358,0.188775,11.63141,53.26108,225.279,0.6399965,0.9467301,0.2499086,-1.164623,-2.938318,2.636945,Nothing
42.69836,13,1,0,2,0.6019408,0.8986148,0.1890052,11.53288,52.83582,224.3057,0.6404054,0.9472377,0.2495383,-1.179334,-2.912441,2.672861,Nothing
42.70651,13,1,0,2,0.6013398,0.8987589,0.1890607,11.47705,52.47121,223.3751,0.640695,0.947896,0.2490006,-1.199703,-2.903094,2.694276,Nothing
42.71561,13,1,0,2,0.6006887,0.8985655,0.1889364,11.47992,52.18469,222.4518,0.6410692,0.9485452,0.2483303,-1.232319,-2.910344,2.713772,Nothing
42.72351,13,1,0,2,0.6003778,0.8983009,0.1884248,11.51596,52.00076,221.5452,0.6412907,0.9492181,0.2475714,-1.244822,-2.942461,2.718758,Nothing
42.73196,13,1,0,2,0.6000909,0.8980211,0.1871528,11.54354,51.65402,219.748,0.6420118,0.9504779,0.2462897,-1.24264,-3.011036,2.745214,Nothing
42.74014,13,1,0,2,0.6000522,0.8979956,0.1866592,11.49521,51.52603,218.979,0.6420422,0.9511497,0.2455294,-1.235803,-3.038243,2.738122,Nothing
42.74915,13,1,0,2,0.5997018,0.8982289,0.1864979,11.4332,51.28719,218.1521,0.6420146,0.951702,0.244909,-1.231292,-3.040485,2.740714,Nothing
42.75671,13,1,0,2,0.5994294,0.898955,0.1864082,11.24655,51.05815,217.5955,0.6419489,0.9522384,0.244355,-1.219535,-3.015454,2.750153,Nothing
42.76605,13,1,0,2,0.5991392,0.899457,0.1864504,11.09245,50.80826,217.0025,0.6419608,0.9528055,0.2437435,-1.223136,-2.995018,2.753321,Nothing
42.77365,13,1,0,2,0.5987654,0.899997,0.18652,10.95429,50.53263,216.4271,0.6420742,0.9533234,0.2431149,-1.233821,-2.967645,2.761749,Nothing
42.78183,13,1,0,2,0.598604,0.9005201,0.1864552,10.80666,50.33233,215.9566,0.642278,0.9537085,0.2425162,-1.235595,-2.941867,2.770845,Nothing
42.78964,13,1,0,2,0.5979264,0.9017423,0.186553,10.61364,50.12127,215.6609,0.6423575,0.9541826,0.2418712,-1.246079,-2.876912,2.795368,Nothing
42.7984,13,1,0,2,0.5977855,0.9024727,0.1863354,10.44953,49.98249,215.3286,0.6423312,0.954581,0.2411869,-1.238145,-2.8471,2.79863,Nothing
42.80655,13,1,0,2,0.5977835,0.9030531,0.1860045,10.31093,49.91635,215.0544,0.6421769,0.9549354,0.2405467,-1.221581,-2.830706,2.793837,Nothing
42.81519,13,1,0,2,0.5973237,0.903805,0.1857822,10.20444,49.92527,214.9832,0.6419926,0.9553092,0.2398217,-1.225877,-2.797608,2.797251,Nothing
42.82324,13,1,0,2,0.5974406,0.9041949,0.185174,10.12951,49.96682,214.7983,0.641616,0.9558509,0.2388865,-1.211378,-2.803459,2.771901,Nothing
42.83224,13,1,0,2,0.5976057,0.9045057,0.1846593,10.04909,49.89595,214.5707,0.6413282,0.9563488,0.2380451,-1.202129,-2.80741,2.749168,Nothing
42.83994,13,1,0,2,0.5978583,0.9048676,0.183905,9.998016,49.98,214.4601,0.6409848,0.9569351,0.2371017,-1.185215,-2.821414,2.72201,Nothing
42.84894,13,1,0,2,0.5981395,0.9051252,0.1833947,9.934091,50.06096,214.4414,0.6406285,0.9575514,0.2361199,-1.182719,-2.831526,2.684422,Nothing
42.85696,13,1,0,2,0.5983421,0.9056168,0.1828459,9.83659,50.10599,214.3677,0.6404589,0.9581017,0.2351663,-1.176275,-2.827285,2.66299,Nothing
42.86493,13,1,0,2,0.5986348,0.9066251,0.1817262,9.634226,50.19938,214.1964,0.6398967,0.9592305,0.2332597,-1.158433,-2.821224,2.617123,Nothing
42.8735,13,1,0,2,0.5989742,0.9072623,0.1814306,9.525922,50.2266,214.1706,0.6399121,0.9596148,0.2324964,-1.150047,-2.800953,2.598718,Nothing
42.88202,13,1,0,2,0.5990745,0.9078789,0.1808819,9.412401,50.29128,214.1593,0.6396406,0.9599892,0.2317634,-1.13175,-2.789307,2.586812,Nothing
42.88977,13,1,0,2,0.5994491,0.9084787,0.1804935,9.318878,50.30338,214.1649,0.6396165,0.9603488,0.2312321,-1.115348,-2.778029,2.574633,Nothing
42.89853,13,1,0,2,0.5996318,0.9088649,0.1801672,9.235413,50.32388,214.1369,0.6393942,0.9606076,0.2306878,-1.102107,-2.77066,2.558451,Nothing
42.90726,13,1,0,2,0.5998023,0.9091452,0.1799085,9.163255,50.35024,214.1073,0.6391231,0.9608581,0.2301852,-1.091103,-2.767529,2.538759,Nothing
42.91559,13,1,0,2,0.5997546,0.9094235,0.1800011,9.110059,50.31196,214.0809,0.6390576,0.96111,0.2297739,-1.102913,-2.751863,2.526306,Nothing
42.92392,13,1,0,2,0.599803,0.9095858,0.1797857,9.078683,50.31612,214.0284,0.6389229,0.9613957,0.2291879,-1.107736,-2.749816,2.509169,Nothing
42.93173,13,1,0,2,0.5998948,0.9100064,0.1796523,9.039435,50.29706,214.0098,0.638786,0.9616191,0.2286474,-1.106287,-2.733389,2.492332,Nothing
42.94046,13,1,0,2,0.5999491,0.9098636,0.1796288,9.075718,50.25826,213.9444,0.6387162,0.9618823,0.2281528,-1.125894,-2.740752,2.469222,Nothing
42.94858,13,1,0,2,0.5998208,0.9097166,0.1796548,9.149459,50.24312,213.949,0.6387646,0.9620889,0.227739,-1.155022,-2.743771,2.456123,Nothing
42.95636,13,1,0,2,0.5998713,0.9095052,0.1796258,9.207718,50.22043,213.9078,0.6387707,0.9622185,0.2275201,-1.168333,-2.755253,2.443464,Nothing
42.96536,13,1,0,2,0.5996535,0.9093751,0.1797314,9.24655,50.2169,213.9165,0.6385721,0.9623214,0.2272797,-1.186038,-2.756744,2.430018,Nothing
42.97351,13,1,0,2,0.5996221,0.909174,0.1797901,9.289369,50.18369,213.8611,0.6385576,0.9623107,0.227186,-1.195477,-2.762011,2.422688,Nothing
42.98264,13,1,0,2,0.5996521,0.9087629,0.1799182,9.355173,50.14049,213.763,0.6384726,0.9624006,0.2268338,-1.217177,-2.774431,2.397211,Nothing
42.9902,13,1,0,2,0.5993719,0.909312,0.1801671,9.323682,50.0664,213.8248,0.6384022,0.9620241,0.2271209,-1.203316,-2.732331,2.415372,Nothing
42.99908,13,1,0,2,0.5993246,0.909303,0.180574,9.281263,50.00712,213.8312,0.6382871,0.9618875,0.2272643,-1.207102,-2.718551,2.408658,Nothing
43.00708,13,1,0,2,0.5991697,0.9094768,0.1808573,9.234969,49.93872,213.8504,0.6380744,0.9616287,0.2273939,-1.201062,-2.69479,2.408207,Nothing
43.01556,13,1,0,2,0.59925,0.9092902,0.1807528,9.225865,49.89848,213.8998,0.6377509,0.9613957,0.2274695,-1.187099,-2.699902,2.400308,Nothing
43.02295,13,1,0,2,0.5992523,0.9093265,0.1806918,9.229569,49.94072,213.991,0.6373333,0.9611768,0.2274835,-1.168909,-2.696299,2.388854,Nothing
43.03168,13,1,0,2,0.5991924,0.9092283,0.1806929,9.230021,49.93828,214.0448,0.6369082,0.9609627,0.2274739,-1.158329,-2.69487,2.376286,Nothing
43.03998,13,1,0,2,0.5992383,0.9093423,0.1805529,9.216509,49.98969,214.1283,0.6365501,0.9607616,0.2274695,-1.136225,-2.690119,2.368433,Nothing
43.04916,13,1,0,2,0.5992826,0.9094839,0.1803691,9.232783,50.06263,214.2366,0.6359645,0.9607137,0.2274272,-1.111801,-2.694325,2.349922,Nothing
43.05713,13,1,0,2,0.5993507,0.9094896,0.1801867,9.257882,50.12093,214.3226,0.6356049,0.9605209,0.2274623,-1.090619,-2.697959,2.34072,Nothing
43.06525,13,1,0,2,0.5995098,0.9093539,0.1799346,9.305392,50.21211,214.4082,0.6352419,0.9602878,0.2274774,-1.067245,-2.709564,2.327318,Nothing
43.07364,13,1,0,2,0.5992526,0.9098119,0.1800109,9.287554,50.271,214.5727,0.6350536,0.9601052,0.2274268,-1.060565,-2.678623,2.331143,Nothing
43.08304,13,1,0,2,0.599349,0.9099044,0.1794959,9.273025,50.40089,214.6107,0.6345692,0.9599534,0.2274916,-1.017861,-2.692931,2.328613,Nothing
43.09036,13,1,0,2,0.5992702,0.9101616,0.1794389,9.247758,50.44721,214.6985,0.6342086,0.9598403,0.2274294,-1.001791,-2.680775,2.321763,Nothing
43.09872,13,1,0,2,0.5992518,0.9103971,0.1792796,9.200786,50.48713,214.7173,0.6337171,0.959737,0.2274315,-0.9731175,-2.676714,2.313799,Nothing
43.10632,13,1,0,2,0.5991107,0.9107779,0.1792043,9.143673,50.49671,214.7396,0.6332034,0.9596608,0.2274138,-0.9481232,-2.663103,2.308094,Nothing
43.1153,13,1,0,2,0.598792,0.9116213,0.1794486,8.970819,50.43059,214.8066,0.6322121,0.9594486,0.2273156,-0.9120165,-2.613809,2.290351,MinusStart
43.11542,13,1,0,2,0.598792,0.9116213,0.1794486,8.970819,50.43059,214.8066,0.6322121,0.9594486,0.2273156,-0.9120165,-2.613809,2.290351,Minusing
43.13614,13,1,0,2,0.5987706,0.9119362,0.179595,8.891957,50.35222,214.7981,0.6309983,0.9595079,0.2270241,-0.8844696,-2.603793,2.240572,Minusing
43.1586,13,1,0,2,0.598726,0.912211,0.1793554,8.871369,50.37292,214.7771,0.6292477,0.9594174,0.2267936,-0.8241572,-2.611695,2.182394,Minusing
43.17892,13,1,0,2,0.5986565,0.9121694,0.1792279,8.878601,50.45352,214.7728,0.6275603,0.9593657,0.2269558,-0.7673128,-2.641122,2.131002,Minusing
43.19894,13,1,0,2,0.598626,0.9121733,0.1792624,8.897353,50.49637,214.8519,0.6263012,0.9591977,0.227138,-0.7265593,-2.654185,2.090596,Minusing
43.21988,13,1,0,2,0.5985815,0.9122167,0.1793466,8.897834,50.52873,214.9809,0.6242377,0.9589378,0.2274485,-0.6603277,-2.672866,2.025754,Minusing
43.24149,13,1,0,2,0.5986462,0.912334,0.1792258,8.867338,50.61444,215.0897,0.6226699,0.9589695,0.2277672,-0.6016629,-2.701048,1.980043,Minusing
43.26123,13,1,0,2,0.5990448,0.912275,0.1787715,8.868268,50.73557,215.1228,0.6223975,0.9590442,0.2282585,-0.5578943,-2.740602,1.980518,Minusing
43.28046,13,1,0,2,0.5993074,0.9119906,0.1785622,8.906015,50.82369,215.1593,0.6212247,0.9588888,0.2292314,-0.4882533,-2.795916,1.958964,Minusing
43.30136,13,1,0,2,0.599397,0.9116696,0.1785061,8.975165,50.81722,215.1196,0.6200901,0.9588217,0.2298269,-0.4426857,-2.839567,1.928844,Minusing
43.36786,13,1,0,2,0.6006835,0.9112815,0.1774394,9.00492,50.99066,215.0607,0.6150866,0.9570718,0.2341643,-0.07320911,-3.005999,1.863969,Minusing
43.3931,13,1,0,2,0.6014615,0.9114591,0.1762709,8.95405,51.25911,215.1365,0.6129301,0.9557779,0.2358128,0.1321287,-3.0603,1.844626,Minusing
43.41422,13,1,0,2,0.6018592,0.9111874,0.1758127,8.981001,51.37775,215.1105,0.6113754,0.9546962,0.2373648,0.2687746,-3.106645,1.832944,Minusing
43.4335,13,1,0,2,0.6014802,0.9113287,0.1763577,8.953387,51.22496,215.0696,0.6106471,0.9540357,0.2382041,0.3057497,-3.083919,1.841174,Minusing
43.45352,13,1,0,2,0.6011978,0.9113183,0.1768871,8.948078,51.05399,215.031,0.6092876,0.9527982,0.2393408,0.3819231,-3.061988,1.834988,Minusing
43.47427,13,1,0,2,0.6011273,0.9108223,0.1767797,9.067563,51.08461,215.012,0.6083289,0.9522235,0.2398519,0.4257355,-3.089013,1.815487,Minusing
43.49054,13,1,0,2,0.601287,0.9102265,0.1765625,9.234159,51.15399,215.0271,0.607078,0.9513857,0.2408225,0.502912,-3.132525,1.791524,Minusing
43.5069,13,1,0,2,0.6017727,0.9101251,0.1763339,9.258054,51.19756,215.0487,0.6064031,0.9506792,0.2414107,0.5739947,-3.145582,1.775099,Minusing
43.52316,13,1,0,2,0.6016107,0.9107778,0.1763166,9.094698,51.25577,215.1543,0.6057479,0.9501334,0.2420545,0.6374709,-3.120138,1.789602,Minusing
43.54449,13,1,0,2,0.6017183,0.9113461,0.1760429,8.931471,51.35833,215.2942,0.6050503,0.9497259,0.242608,0.7078994,-3.112642,1.793636,Minusing
43.56607,13,1,0,2,0.6017272,0.9112151,0.1760686,8.937869,51.41049,215.35,0.604249,0.949482,0.2427941,0.7363572,-3.124149,1.767021,Minusing
43.58118,13,1,0,2,0.6016463,0.9110141,0.1762069,8.999305,51.40865,215.4164,0.6040245,0.9496507,0.2424397,0.7118452,-3.12998,1.742339,Minusing
43.59561,13,1,0,2,0.6016837,0.910379,0.1763634,9.130535,51.35554,215.36,0.6038432,0.9500264,0.2421126,0.6760705,-3.160904,1.709765,MinusEnd
43.60843,13,1,0,2,0.6016157,0.9102762,0.1765192,9.166379,51.32532,215.3104,0.6038139,0.9504247,0.2419418,0.653501,-3.171192,1.697668,Nothing
43.61673,13,1,0,2,0.6015425,0.9099857,0.1765822,9.221523,51.29932,215.2629,0.6037623,0.9507579,0.2418101,0.6314465,-3.190324,1.68691,Nothing
43.62469,13,1,0,2,0.6014561,0.909815,0.1767663,9.238216,51.25866,215.2027,0.6037699,0.950909,0.2417993,0.6164763,-3.195716,1.683159,Nothing
43.63217,13,1,0,2,0.6014426,0.9097653,0.176852,9.240076,51.23284,215.1813,0.6039618,0.9510831,0.241866,0.6045055,-3.200734,1.689385,Nothing
43.64117,13,1,0,2,0.6014164,0.9096841,0.1769278,9.23149,51.20663,215.1725,0.604099,0.9511563,0.2419159,0.5948403,-3.203301,1.694824,Nothing
43.65204,13,1,0,2,0.6014338,0.9097626,0.1769712,9.2026,51.18916,215.1668,0.6041986,0.9514197,0.2419835,0.5884598,-3.208981,1.698987,Nothing
43.65753,13,1,0,2,0.6014159,0.9098411,0.1769484,9.19377,51.18472,215.1591,0.6043958,0.9515433,0.2420139,0.5831618,-3.209044,1.708623,Nothing
43.66486,13,1,0,2,0.6015283,0.909868,0.1769246,9.18224,51.18084,215.1395,0.6045928,0.9514924,0.2421276,0.5878724,-3.20794,1.716975,Nothing
43.67426,13,1,0,2,0.6016226,0.9099523,0.1768108,9.162956,51.20836,215.1382,0.6043815,0.9513872,0.2420861,0.6048063,-3.206183,1.709013,Nothing
43.68176,13,1,0,2,0.6016998,0.9099863,0.1765367,9.146358,51.26404,215.1373,0.6041379,0.9513524,0.2421724,0.627705,-3.217027,1.706779,Nothing
43.69003,13,1,0,2,0.6018748,0.9100337,0.1764128,9.117307,51.3023,215.156,0.6039196,0.9514363,0.2420989,0.6397198,-3.224629,1.693152,Nothing
43.6994,13,1,0,2,0.601965,0.9101239,0.1762863,9.096108,51.33431,215.1695,0.6037425,0.9516727,0.2418123,0.6393849,-3.229616,1.677063,Nothing
43.70816,13,1,0,2,0.6020291,0.9102588,0.176269,9.075722,51.34736,215.2016,0.6036202,0.9520223,0.2416239,0.6329547,-3.235912,1.663854,Nothing
43.71716,13,1,0,2,0.6020483,0.9103404,0.1760747,9.081941,51.38701,215.2411,0.6036246,0.9524081,0.2413078,0.6206846,-3.24586,1.655575,Nothing
43.72363,13,1,0,2,0.6021239,0.910232,0.1760058,9.125735,51.40891,215.2848,0.603747,0.9528403,0.2409617,0.5945438,-3.260829,1.642431,Nothing
43.73221,13,1,0,2,0.6020775,0.9100922,0.1759712,9.197288,51.43587,215.3237,0.6041251,0.9533308,0.2405575,0.5529348,-3.27286,1.638412,Nothing
43.74005,13,1,0,2,0.6022265,0.9098309,0.1758434,9.286062,51.47728,215.3693,0.6044658,0.95433,0.2398658,0.495046,-3.307566,1.613958,Nothing
43.74808,13,1,0,2,0.6022891,0.9096909,0.1758198,9.321372,51.48379,215.3533,0.6050934,0.9547764,0.239544,0.4558008,-3.316293,1.61973,Nothing
43.75638,13,1,0,2,0.6023118,0.9095612,0.1757015,9.341084,51.49669,215.3466,0.605355,0.9552876,0.2392319,0.4268961,-3.333588,1.616546,Nothing
43.76569,13,1,0,2,0.6020389,0.9093967,0.1760593,9.308643,51.45095,215.2968,0.6059684,0.9560777,0.2388899,0.3590698,-3.339753,1.624467,Nothing
43.77332,13,1,0,2,0.6020047,0.909338,0.1761674,9.304971,51.42282,215.271,0.6064126,0.956691,0.238582,0.3167471,-3.348441,1.625915,Nothing
43.78232,13,1,0,2,0.6019188,0.9096029,0.1762807,9.263365,51.35007,215.2435,0.6073729,0.9575705,0.2382632,0.2590711,-3.345997,1.651515,Nothing
43.79056,13,1,0,2,0.6018261,0.9096208,0.1764872,9.238103,51.29382,215.2124,0.608263,0.9585301,0.2379168,0.191415,-3.354446,1.66732,Nothing
43.79773,13,1,0,2,0.6016833,0.9096495,0.1766405,9.217712,51.24541,215.1885,0.6093917,0.959346,0.2375228,0.1198174,-3.353834,1.694491,Nothing
43.80722,13,1,0,2,0.6016539,0.9097092,0.1767513,9.21154,51.2114,215.1742,0.6107766,0.9603416,0.2370802,0.03970951,-3.357625,1.724351,Nothing
43.8147,13,1,0,2,0.6015816,0.9095438,0.1768708,9.23428,51.20888,215.1748,0.6122093,0.9615173,0.2366484,-0.05416539,-3.377186,1.752004,Nothing
43.82355,13,1,0,2,0.6015167,0.9094808,0.1770224,9.239155,51.19217,215.1759,0.6139845,0.9627523,0.2362232,-0.1571166,-3.38961,1.792787,Nothing
43.83215,13,1,0,2,0.6014189,0.9094883,0.1772302,9.245561,51.19245,215.2493,0.6160747,0.9638966,0.2357585,-0.2717478,-3.389143,1.844079,Nothing
43.84076,13,1,0,2,0.6013327,0.909394,0.1774841,9.294713,51.21722,215.4501,0.618192,0.9653926,0.2352392,-0.4094025,-3.403771,1.886545,Nothing
43.8486,13,1,0,2,0.601155,0.9094276,0.1778283,9.325852,51.23593,215.6442,0.6209262,0.96661,0.2345256,-0.5629426,-3.38538,1.950802,Nothing
43.85745,13,1,0,2,0.6008707,0.9096057,0.178403,9.355527,51.25299,216.0272,0.6257012,0.9691741,0.2335308,-0.8339828,-3.368974,2.069508,Nothing
43.8652,13,1,0,2,0.6007762,0.9097753,0.1786906,9.347585,51.27213,216.312,0.6284817,0.9700869,0.2331362,-0.9682294,-3.338745,2.149085,Nothing
43.87341,13,1,0,2,0.6003935,0.9101586,0.1789633,9.313672,51.29681,216.6902,0.6311823,0.9711454,0.2327963,-1.108647,-3.301368,2.240351,Nothing
43.88153,13,1,0,2,0.5999993,0.910902,0.1795087,9.212407,51.30297,217.1839,0.6341926,0.9720091,0.2324863,-1.253653,-3.225638,2.344908,Nothing
43.89001,13,1,0,2,0.5994578,0.9120239,0.1803532,9.040865,51.26673,217.7785,0.6374118,0.9726138,0.2321257,-1.403243,-3.103485,2.461794,Nothing
43.89841,13,1,0,2,0.5988336,0.9132997,0.1811556,8.835941,51.2419,218.4309,0.6406775,0.9733355,0.2318306,-1.551238,-2.975275,2.588397,Nothing
43.90652,13,1,0,2,0.5982013,0.9145777,0.182049,8.631041,51.24147,219.1054,0.6439589,0.9736255,0.2317234,-1.681265,-2.829948,2.721388,Nothing
43.91635,13,1,0,2,0.5977317,0.9156193,0.18251,8.450349,51.37081,219.8416,0.6473212,0.9739871,0.231781,-1.797098,-2.713548,2.86443,Nothing
43.92355,13,1,0,2,0.5974023,0.9163129,0.1828371,8.346147,51.53164,220.4884,0.6508443,0.9734581,0.2322531,-1.876281,-2.596992,3.024084,Nothing
43.93298,13,1,0,2,0.5971807,0.9169468,0.1829019,8.297565,51.77716,221.1304,0.6541106,0.9734275,0.2324391,-1.958419,-2.509886,3.162841,Nothing
43.94067,13,1,0,2,0.5971745,0.9174738,0.18272,8.250133,52.06583,221.7399,0.6573005,0.9732465,0.2329231,-2.011947,-2.4433,3.307446,Nothing
43.94858,13,1,0,2,0.5971669,0.9179198,0.1824247,8.211091,52.41829,222.3432,0.6601849,0.9722735,0.2336412,-2.02111,-2.370067,3.455529,Nothing
43.95648,13,1,0,2,0.5971597,0.9184362,0.1823227,8.154732,52.73463,222.9552,0.6631827,0.9719625,0.2340995,-2.062179,-2.300722,3.592256,Nothing
43.96542,13,1,0,2,0.5968384,0.9194625,0.1821818,8.080545,53.1135,223.7245,0.6656414,0.9708203,0.2348111,-2.046489,-2.194558,3.739222,Nothing
43.97382,13,1,0,2,0.5967258,0.9197409,0.1824456,8.055966,53.37632,224.4044,0.668248,0.9699471,0.235375,-2.077746,-2.108648,3.859289,Nothing
43.98242,13,1,0,2,0.5964457,0.9204741,0.1829608,7.997242,53.88432,225.7982,0.673383,0.9679261,0.2364947,-2.118503,-1.920696,4.103508,Nothing
43.99005,13,1,0,2,0.5960922,0.9206381,0.1839102,7.993014,54.03592,226.6296,0.6755301,0.9664936,0.237184,-2.147031,-1.796857,4.202759,Nothing
43.99869,13,1,0,2,0.5955348,0.9207881,0.1850649,7.989423,54.13606,227.5219,0.6777838,0.9650254,0.2377848,-2.189863,-1.652538,4.306031,Nothing
44.00723,13,1,0,2,0.5950075,0.9207402,0.1865001,8.018652,54.25195,228.4626,0.67983,0.9632155,0.2383487,-2.227634,-1.497991,4.391321,Nothing
44.01578,13,1,0,2,0.5943993,0.9201695,0.1881206,8.126368,54.32634,229.4614,0.6820706,0.9613966,0.2388758,-2.298505,-1.345849,4.474178,Nothing
44.02435,13,1,0,2,0.59343,0.9191457,0.1907748,8.4363,54.29102,230.7304,0.684294,0.959605,0.239376,-2.436385,-1.157459,4.527887,Nothing
44.03204,13,1,0,2,0.5927497,0.9183769,0.1927622,8.647355,54.32415,231.8494,0.6866573,0.9573705,0.2399138,-2.51167,-0.9762376,4.605648,Nothing
44.03995,13,1,0,2,0.5918156,0.9168411,0.195349,9.043904,54.27147,233.2128,0.6887009,0.954747,0.240511,-2.624485,-0.7786687,4.654147,Nothing
44.04831,13,1,0,2,0.5909773,0.9151548,0.1982855,9.535725,54.19679,234.7932,0.6910662,0.952309,0.2409704,-2.76627,-0.5573505,4.690591,Nothing
44.05661,13,1,0,2,0.5902694,0.9136084,0.2004982,9.917543,54.27179,236.2281,0.6932995,0.9495718,0.241741,-2.84238,-0.3725966,4.756989,Nothing
44.06516,13,1,0,2,0.5897272,0.9126559,0.2023059,10.20398,54.46487,237.7158,0.6952158,0.9467221,0.2423362,-2.858089,-0.1875097,4.824991,Nothing
44.07364,13,1,0,2,0.5894678,0.911302,0.2037628,10.5096,54.78687,239.133,0.6974444,0.9438228,0.2431354,-2.868512,-0.04540616,4.909804,Nothing
44.08331,13,1,0,2,0.5891854,0.91034,0.2048862,10.71708,55.18822,240.5808,0.6994197,0.940975,0.2436213,-2.844662,0.09721272,4.996881,Nothing
44.09048,13,1,0,2,0.5886673,0.909699,0.2063471,10.87634,55.61063,242.1538,0.7008978,0.9377628,0.2439838,-2.783606,0.2703062,5.071802,Nothing
44.099,13,1,0,2,0.5883002,0.9090762,0.207613,10.9678,56.0295,243.6953,0.7023271,0.9345083,0.2439383,-2.706893,0.4457227,5.138195,Nothing
44.10648,13,1,0,2,0.5878195,0.9085002,0.2091183,11.0217,56.41813,245.2657,0.7033752,0.9313272,0.2441108,-2.617211,0.616606,5.195396,Nothing
44.11526,13,1,0,2,0.5868885,0.9069302,0.2125342,11.15637,57.14916,248.4088,0.7058232,0.925307,0.2441673,-2.465616,0.9669062,5.299143,Nothing
44.12326,13,1,0,2,0.5859644,0.9065219,0.2147468,11.10919,57.48694,250.186,0.7064695,0.9222111,0.2440549,-2.348889,1.180705,5.339227,Nothing
44.13226,13,1,0,2,0.5851476,0.9056891,0.2168627,11.1218,57.82814,252.0064,0.7067868,0.9191465,0.2440731,-2.237551,1.362402,5.36304,Nothing
44.14014,13,1,0,2,0.5841319,0.9042081,0.2194926,11.27043,58.1215,254.1652,0.7069388,0.9157525,0.2434625,-2.14349,1.594298,5.35269,Nothing
44.14999,13,1,0,2,0.5829374,0.9028407,0.2221842,11.39443,58.48068,256.3834,0.707176,0.9122586,0.2433608,-2.022165,1.807477,5.37088,Nothing
44.15677,13,1,0,2,0.5819609,0.9012843,0.224707,11.54697,58.83182,258.4607,0.7074988,0.9090356,0.2434728,-1.913758,1.9861,5.38961,Nothing
44.16608,13,1,0,2,0.5809652,0.8996589,0.2272347,11.68261,59.26326,260.8385,0.7073333,0.9054536,0.2432712,-1.763542,2.16545,5.390202,Nothing
44.17532,13,1,0,2,0.5801083,0.8975945,0.2295758,11.84436,59.82592,263.3546,0.7071213,0.9018654,0.2428948,-1.616699,2.319661,5.386446,Nothing
44.18225,13,1,0,2,0.5793767,0.8955228,0.2317129,11.94507,60.44183,265.7843,0.7070505,0.8980542,0.2425674,-1.448954,2.449095,5.397261,Nothing
44.19043,13,1,0,2,0.5787048,0.8937655,0.2337903,11.9501,61.14646,268.3152,0.706784,0.8941472,0.2423562,-1.239872,2.550026,5.413699,Nothing
44.19836,13,1,0,2,0.5783454,0.8919804,0.2351465,11.87094,62.01315,270.8275,0.7062993,0.8903923,0.2418863,-1.026246,2.590382,5.427161,Nothing
44.20734,13,1,0,2,0.578567,0.8907785,0.2357384,11.63347,63.03452,273.3871,0.7058388,0.8866949,0.241397,-0.7734597,2.557631,5.448371,Nothing
44.21518,13,1,0,2,0.5788686,0.8894673,0.235838,11.30914,64.25517,275.8245,0.7051172,0.883127,0.2407033,-0.5375919,2.469413,5.466612,Nothing
44.224,13,1,0,2,0.5793654,0.888862,0.2351887,10.784,65.61914,278.1653,0.7043062,0.8795377,0.239828,-0.2684921,2.315872,5.49473,Nothing
44.23233,13,1,0,2,0.5795177,0.8876485,0.2351511,9.595555,68.07309,282.7724,0.7025447,0.8723656,0.2383095,0.2599361,2.040726,5.53406,Nothing
44.24088,13,1,0,2,0.5798001,0.8885223,0.2344508,8.631614,69.34827,284.9987,0.7010658,0.8687952,0.2370386,0.6045678,1.826644,5.525014,Nothing
44.24838,13,1,0,2,0.5793934,0.8894366,0.234583,7.585169,70.34235,287.1051,0.7001897,0.8651298,0.2360835,0.9592894,1.658545,5.544941,Nothing
44.25714,13,1,0,2,0.5787036,0.8898072,0.2351137,6.606481,71.16389,288.9973,0.6992176,0.8615731,0.2352909,1.271925,1.512782,5.551518,Nothing
44.26511,13,1,0,2,0.5778754,0.8893725,0.2361825,5.884559,71.75527,290.6572,0.6979992,0.8579255,0.2341214,1.539912,1.432505,5.525722,Nothing
44.27377,13,1,0,2,0.576952,0.8882377,0.2374246,5.214321,72.33936,292.3697,0.697055,0.8544068,0.2329187,1.768829,1.368939,5.507454,Nothing
44.28336,13,1,0,2,0.5760182,0.8866763,0.2389006,4.677616,72.90478,294.1274,0.6959561,0.8509079,0.2316144,1.971994,1.319261,5.476838,Nothing
44.29041,13,1,0,2,0.5750241,0.8849302,0.2403634,4.155991,73.41759,295.8965,0.6948726,0.8472874,0.2302127,2.173878,1.269619,5.446441,Nothing
44.29846,13,1,0,2,0.574116,0.8828877,0.2419694,3.702069,73.94655,297.7015,0.6938696,0.8439937,0.2287973,2.345781,1.229727,5.41403,Nothing
44.30728,13,1,0,2,0.5733488,0.8806654,0.2436692,3.278873,74.41164,299.5468,0.6930615,0.8406959,0.227355,2.514127,1.195316,5.381179,Nothing
44.31628,13,1,0,2,0.5724626,0.879166,0.2451841,2.647367,74.91259,301.3932,0.6921725,0.8375401,0.2257091,2.721466,1.125853,5.347336,Nothing
44.32401,13,1,0,2,0.5714279,0.8781266,0.2465656,1.880415,75.41214,303.2856,0.6914039,0.8344159,0.2241388,2.951022,1.019615,5.324273,Nothing
44.33231,13,1,0,2,0.5702152,0.8776821,0.248083,0.9698513,75.84801,305.1568,0.6908284,0.8313861,0.2225872,3.21494,0.892516,5.307717,Nothing
44.34094,13,1,0,2,0.568716,0.8773829,0.2498373,0.02422497,76.13116,306.8571,0.6902148,0.8283298,0.2209861,3.49833,0.7769432,5.287484,Nothing
44.34952,13,1,0,2,0.5654051,0.8756011,0.2542765,358.3925,76.31512,309.843,0.6888608,0.8222229,0.2177235,4.038723,0.6431199,5.225603,Nothing
44.35657,13,1,0,2,0.5652869,0.8751434,0.2547546,358.5613,76.12388,309.6726,0.6889142,0.8223104,0.217715,4.031697,0.7140812,5.226217,Nothing
44.36609,13,1,0,2,0.5624254,0.8703093,0.2602375,357.8624,75.8298,312.0103,0.6875864,0.8164277,0.2145302,4.438357,0.8049884,5.145385,Nothing
44.37399,13,1,0,2,0.5611785,0.867883,0.2620461,357.6023,75.79754,312.8319,0.6868261,0.8139535,0.2127101,4.587278,0.8536257,5.110789,Nothing
44.38251,13,1,0,2,0.5604763,0.8656572,0.2630602,357.3197,75.95464,313.5851,0.6861846,0.8115256,0.2109022,4.703098,0.8544319,5.077017,Nothing
44.39017,13,1,0,2,0.5595531,0.8634152,0.2639967,357.0322,76.15339,314.3427,0.6852757,0.809392,0.2091504,4.802216,0.8546627,5.046491,Nothing
44.39978,13,1,0,2,0.5589553,0.8611597,0.2647466,356.8271,76.36385,314.9259,0.6841211,0.8077374,0.2073379,4.867488,0.8807302,4.997968,Nothing
44.4072,13,1,0,2,0.5580704,0.8591729,0.2660131,356.4482,76.4811,315.7781,0.6831728,0.8056057,0.2056293,4.997295,0.8690972,4.95106,Nothing
44.41498,13,1,0,2,0.5570712,0.858353,0.2674031,355.8629,76.54209,316.6531,0.6822044,0.8038606,0.2040397,5.170018,0.8166683,4.891322,Nothing
44.42462,13,1,0,2,0.5556991,0.8579345,0.2688972,355.0519,76.45482,317.6139,0.6810154,0.8023025,0.2025401,5.373639,0.7410444,4.812958,Nothing
44.43155,13,1,0,2,0.5543722,0.8569906,0.2707556,354.3996,76.37866,318.5973,0.6800654,0.8007333,0.2010021,5.56564,0.6986511,4.748269,Nothing
44.44159,13,1,0,2,0.5524693,0.8563125,0.2731666,353.7516,76.05643,319.569,0.6792095,0.799306,0.1997733,5.791645,0.6732393,4.68897,Nothing
44.44855,13,1,0,2,0.5505493,0.8551323,0.2757853,353.2484,75.62698,320.5013,0.6783645,0.7977,0.1983072,6.02219,0.6866137,4.623008,Nothing
44.45709,13,1,0,2,0.5488368,0.8531702,0.2782085,352.9363,75.19505,321.3088,0.6777215,0.7963259,0.1970959,6.19695,0.7430379,4.575201,Nothing
44.46497,13,1,0,2,0.5476991,0.8506019,0.2803865,352.9634,74.87157,321.912,0.6769069,0.7947132,0.1960036,6.314387,0.8327442,4.526959,Nothing
44.47449,13,1,0,2,0.5467609,0.8479806,0.2819878,352.9195,74.70303,322.5355,0.6763232,0.7934201,0.1949636,6.395745,0.899486,4.499476,Nothing
44.48279,13,1,0,2,0.5449345,0.8430635,0.2850608,352.8149,74.41068,323.7917,0.6751335,0.7906144,0.1927896,6.57559,1.001171,4.440066,Nothing
44.49158,13,1,0,2,0.5447419,0.8404666,0.2860572,352.9778,74.43322,324.2514,0.6744297,0.7894315,0.1919304,6.596024,1.062123,4.412533,Nothing
44.49857,13,1,0,2,0.5446609,0.8377635,0.2864373,353.1123,74.50275,324.618,0.6739079,0.7884245,0.191389,6.573754,1.114014,4.40471,Nothing
44.50662,13,1,0,2,0.54458,0.835293,0.28651,353.1925,74.68629,324.9834,0.6730898,0.7874315,0.1907144,6.543574,1.14234,4.393229,Nothing
44.51532,13,1,0,2,0.5448083,0.8331758,0.2867753,353.2097,74.91621,325.3171,0.6722247,0.7865326,0.1900961,6.520814,1.160916,4.364084,Nothing
44.52338,13,1,0,2,0.5448403,0.8313075,0.2863558,353.148,75.17995,325.5435,0.6706184,0.7855411,0.1886783,6.504212,1.173871,4.306631,Nothing
44.53235,13,1,0,2,0.5446795,0.8297245,0.2865999,352.9955,75.35154,326.001,0.669718,0.7846487,0.1880122,6.515631,1.152927,4.276617,Nothing
44.5401,13,1,0,2,0.5444525,0.8282719,0.2865576,352.7536,75.52539,326.4724,0.6686603,0.7840285,0.1877421,6.500488,1.112063,4.247736,Nothing
44.54883,13,1,0,2,0.5439544,0.8273766,0.2866944,352.4015,75.67566,327.0548,0.6674363,0.7833424,0.1868089,6.542294,1.051407,4.202587,Nothing
44.55664,13,1,0,2,0.543197,0.8266542,0.2870983,351.9702,75.75943,327.7545,0.6663086,0.7828892,0.186525,6.581081,0.9685022,4.167994,Nothing
44.56564,13,1,0,2,0.5422569,0.8257846,0.2877198,351.5815,75.7881,328.4301,0.6650558,0.7823932,0.1861863,6.628591,0.9047025,4.129874,Nothing
44.57336,13,1,0,2,0.5412308,0.8247893,0.288684,351.1556,75.69735,329.1934,0.6639231,0.7819817,0.1859664,6.691355,0.8483486,4.085758,Nothing
44.58179,13,1,0,2,0.5402139,0.8239483,0.289836,350.8069,75.52943,329.9513,0.6627769,0.7817028,0.1858478,6.758692,0.8016481,4.03482,Nothing
44.59027,13,1,0,2,0.5390062,0.8226557,0.291037,350.5052,75.31567,330.7392,0.6616437,0.781492,0.1857056,6.820775,0.7783472,3.99346,Nothing
44.59891,13,1,0,2,0.5380535,0.821721,0.2921764,350.2204,75.16051,331.4813,0.6606233,0.7813448,0.1856626,6.876769,0.7414085,3.952393,Nothing
44.60648,13,1,0,2,0.5371999,0.8208783,0.2928504,349.9082,75.0985,332.1756,0.6597474,0.7812046,0.1856781,6.909309,0.6868144,3.928091,Nothing
44.61523,13,1,0,2,0.5360502,0.8195232,0.2931864,349.2337,75.26048,333.3254,0.6579171,0.781118,0.1856712,6.910081,0.5606644,3.891268,Nothing
44.62323,13,1,0,2,0.5354314,0.8194236,0.2931346,348.9106,75.40271,333.7399,0.6570244,0.7810771,0.1857107,6.90648,0.4846611,3.881404,Nothing
44.64536,13,1,0,2,0.5349559,0.8188567,0.2935406,348.6202,75.44079,334.2309,0.6561629,0.7813231,0.1858147,6.906741,0.4477875,3.858905,End
Supposed to be selected_Selected,36281,Not supposed to be selected_Not Selected,63647,Supposed to be selected_Not Selected,16,Not supposed to be selected_Selected,2056
